30	90
21 1	3 1	66 1	37 1	41 1	88 1	32 1	13 1	89 1	31 1	62 1	77 1	75 1	58 1	52 1	7 1	87 1	14 1	8 1	60 1	33 1	83 1	44 1	67 1	35 1	29 1	0 1	74 1	71 1	45 1	61 1	49 1	23 1	6 1	57 1	80 1	78 1	22 1	36 1	19 1	54 1	12 1	10 1	76 1	86 1	63 1	26 1	64 1	30 1	53 1	43 1	48 1	17 1	27 1	51 1	4 1	20 1	70 1	72 1	42 1	82 1	69 1	38 1	85 1	24 1	84 1	2 1	40 1	16 1	81 1	25 1	56 1	28 1	18 1	11 1	73 1	55 1	79 1	1 1	65 1	34 1	47 1	39 1	68 1	15 1	46 1	9 1	50 1	59 1	5 1
61 1	9 1	57 1	60 1	45 1	73 1	56 1	84 1	43 1	82 1	49 1	26 1	64 1	47 1	53 1	72 1	58 1	80 1	31 1	67 1	37 1	16 1	88 1	22 1	71 1	65 1	33 1	14 1	81 1	17 1	75 1	85 1	55 1	54 1	12 1	89 1	2 1	46 1	63 1	78 1	50 1	59 1	42 1	44 1	19 1	83 1	36 1	79 1	6 1	3 1	39 1	86 1	30 1	28 1	1 1	20 1	15 1	8 1	87 1	0 1	34 1	23 1	66 1	21 1	70 1	62 1	7 1	38 1	5 1	69 1	77 1	29 1	76 1	10 1	52 1	13 1	18 1	32 1	51 1	11 1	74 1	68 1	4 1	25 1	41 1	24 1	40 1	48 1	27 1	35 1
46 1	24 1	38 1	48 1	54 1	59 1	42 1	69 1	76 1	5 1	44 1	75 1	7 1	36 1	29 1	37 1	11 1	65 1	10 1	23 1	0 1	32 1	51 1	22 1	47 1	85 1	77 1	55 1	62 1	80 1	52 1	68 1	63 1	60 1	21 1	73 1	25 1	27 1	86 1	3 1	15 1	56 1	66 1	1 1	26 1	6 1	57 1	78 1	81 1	2 1	74 1	83 1	89 1	88 1	71 1	9 1	40 1	49 1	20 1	50 1	61 1	84 1	14 1	34 1	82 1	18 1	41 1	17 1	13 1	87 1	79 1	64 1	58 1	39 1	12 1	8 1	70 1	43 1	33 1	28 1	72 1	35 1	30 1	4 1	19 1	31 1	53 1	45 1	16 1	67 1
6 1	84 1	11 1	69 1	85 1	49 1	73 1	27 1	77 1	17 1	10 1	76 1	63 1	68 1	87 1	16 1	37 1	53 1	24 1	0 1	71 1	61 1	33 1	31 1	83 1	50 1	23 1	55 1	51 1	43 1	9 1	1 1	40 1	75 1	18 1	59 1	44 1	21 1	66 1	3 1	81 1	34 1	64 1	46 1	20 1	4 1	5 1	78 1	29 1	39 1	22 1	62 1	86 1	72 1	13 1	52 1	32 1	48 1	70 1	82 1	80 1	35 1	60 1	26 1	19 1	41 1	74 1	67 1	30 1	88 1	15 1	42 1	57 1	28 1	7 1	8 1	45 1	56 1	47 1	38 1	54 1	12 1	89 1	79 1	25 1	14 1	65 1	2 1	58 1	36 1
83 1	13 1	4 1	22 1	39 1	66 1	16 1	42 1	50 1	59 1	76 1	48 1	61 1	44 1	15 1	5 1	78 1	35 1	30 1	73 1	62 1	29 1	88 1	27 1	65 1	20 1	49 1	80 1	17 1	85 1	75 1	40 1	74 1	9 1	10 1	79 1	31 1	37 1	81 1	60 1	3 1	21 1	63 1	1 1	64 1	56 1	26 1	23 1	6 1	28 1	47 1	38 1	87 1	46 1	70 1	19 1	18 1	68 1	25 1	43 1	33 1	67 1	52 1	57 1	11 1	7 1	54 1	72 1	14 1	41 1	84 1	53 1	8 1	51 1	0 1	34 1	69 1	77 1	71 1	12 1	36 1	89 1	55 1	32 1	58 1	24 1	86 1	45 1	2 1	82 1
71 1	82 1	85 1	59 1	38 1	68 1	60 1	16 1	67 1	76 1	36 1	73 1	28 1	23 1	64 1	4 1	50 1	8 1	80 1	10 1	79 1	37 1	49 1	21 1	9 1	58 1	83 1	77 1	31 1	40 1	35 1	30 1	5 1	46 1	29 1	2 1	55 1	51 1	72 1	81 1	88 1	66 1	75 1	48 1	89 1	19 1	24 1	20 1	86 1	3 1	65 1	44 1	15 1	87 1	70 1	32 1	69 1	22 1	27 1	45 1	63 1	62 1	33 1	47 1	43 1	53 1	52 1	84 1	1 1	41 1	0 1	39 1	6 1	18 1	78 1	74 1	25 1	26 1	56 1	11 1	54 1	61 1	14 1	12 1	57 1	42 1	17 1	13 1	7 1	34 1
88 1	1 1	40 1	23 1	3 1	86 1	6 1	17 1	9 1	14 1	80 1	58 1	2 1	38 1	10 1	4 1	5 1	50 1	46 1	30 1	59 1	28 1	35 1	54 1	12 1	79 1	47 1	82 1	7 1	43 1	13 1	71 1	75 1	52 1	22 1	27 1	37 1	34 1	77 1	31 1	42 1	29 1	0 1	68 1	84 1	41 1	36 1	83 1	78 1	64 1	66 1	65 1	15 1	25 1	89 1	53 1	74 1	81 1	20 1	87 1	72 1	8 1	73 1	24 1	69 1	49 1	60 1	21 1	44 1	51 1	56 1	55 1	33 1	76 1	39 1	48 1	62 1	18 1	67 1	70 1	85 1	57 1	61 1	19 1	11 1	45 1	32 1	16 1	26 1	63 1
17 1	41 1	53 1	8 1	16 1	63 1	21 1	85 1	7 1	11 1	54 1	67 1	51 1	76 1	87 1	70 1	32 1	3 1	33 1	59 1	72 1	13 1	38 1	83 1	82 1	19 1	28 1	34 1	84 1	55 1	26 1	22 1	10 1	36 1	73 1	29 1	6 1	20 1	64 1	9 1	58 1	24 1	44 1	81 1	0 1	1 1	14 1	52 1	78 1	75 1	68 1	47 1	77 1	66 1	61 1	71 1	35 1	31 1	2 1	60 1	57 1	23 1	80 1	30 1	65 1	69 1	37 1	42 1	18 1	79 1	49 1	39 1	56 1	5 1	4 1	45 1	86 1	62 1	15 1	40 1	46 1	43 1	50 1	27 1	25 1	74 1	12 1	48 1	89 1	88 1
11 1	6 1	3 1	2 1	9 1	55 1	22 1	37 1	59 1	40 1	41 1	65 1	17 1	74 1	14 1	78 1	16 1	52 1	43 1	72 1	57 1	73 1	70 1	12 1	23 1	58 1	4 1	35 1	76 1	28 1	10 1	51 1	0 1	18 1	19 1	39 1	89 1	33 1	32 1	21 1	31 1	60 1	50 1	80 1	87 1	54 1	66 1	38 1	49 1	13 1	26 1	62 1	68 1	82 1	79 1	83 1	67 1	47 1	81 1	24 1	29 1	1 1	8 1	27 1	20 1	44 1	77 1	71 1	7 1	56 1	88 1	25 1	48 1	61 1	15 1	36 1	69 1	42 1	45 1	63 1	86 1	75 1	84 1	34 1	46 1	5 1	64 1	53 1	30 1	85 1
26 1	30 1	46 1	32 1	82 1	57 1	29 1	21 1	72 1	64 1	79 1	83 1	5 1	50 1	35 1	41 1	70 1	66 1	81 1	89 1	9 1	86 1	44 1	88 1	63 1	47 1	39 1	71 1	10 1	23 1	38 1	55 1	61 1	67 1	1 1	2 1	13 1	56 1	84 1	15 1	65 1	18 1	49 1	51 1	36 1	45 1	77 1	0 1	22 1	58 1	78 1	17 1	53 1	11 1	85 1	69 1	24 1	73 1	31 1	19 1	8 1	33 1	60 1	68 1	20 1	42 1	12 1	16 1	34 1	40 1	48 1	75 1	3 1	37 1	76 1	43 1	6 1	54 1	52 1	59 1	4 1	27 1	62 1	80 1	25 1	7 1	87 1	28 1	74 1	14 1
4 1	62 1	60 1	35 1	26 1	73 1	48 1	70 1	72 1	28 1	71 1	56 1	85 1	69 1	86 1	34 1	36 1	76 1	21 1	3 1	82 1	20 1	58 1	87 1	37 1	12 1	8 1	45 1	68 1	55 1	54 1	66 1	1 1	0 1	64 1	22 1	78 1	15 1	5 1	74 1	13 1	59 1	18 1	43 1	52 1	6 1	11 1	61 1	41 1	14 1	23 1	77 1	2 1	33 1	84 1	32 1	46 1	44 1	53 1	42 1	10 1	79 1	40 1	39 1	67 1	50 1	29 1	16 1	30 1	81 1	89 1	49 1	27 1	57 1	63 1	88 1	19 1	7 1	17 1	65 1	31 1	51 1	24 1	75 1	47 1	83 1	9 1	38 1	80 1	25 1
44 1	26 1	24 1	25 1	51 1	57 1	39 1	80 1	19 1	82 1	4 1	68 1	18 1	60 1	11 1	7 1	34 1	46 1	66 1	50 1	6 1	9 1	16 1	5 1	22 1	42 1	27 1	58 1	41 1	1 1	47 1	62 1	81 1	49 1	29 1	79 1	69 1	75 1	64 1	74 1	72 1	78 1	59 1	10 1	8 1	52 1	12 1	2 1	89 1	86 1	43 1	61 1	3 1	84 1	65 1	55 1	73 1	48 1	76 1	36 1	45 1	37 1	23 1	32 1	56 1	31 1	14 1	83 1	38 1	67 1	20 1	85 1	13 1	63 1	53 1	21 1	77 1	88 1	70 1	30 1	87 1	35 1	28 1	71 1	15 1	40 1	54 1	0 1	17 1	33 1
60 1	84 1	82 1	9 1	22 1	34 1	42 1	77 1	37 1	57 1	81 1	14 1	32 1	28 1	26 1	73 1	41 1	0 1	2 1	35 1	43 1	16 1	89 1	31 1	12 1	85 1	52 1	1 1	83 1	66 1	67 1	15 1	78 1	65 1	5 1	45 1	7 1	59 1	75 1	62 1	11 1	19 1	25 1	53 1	20 1	69 1	61 1	55 1	68 1	21 1	79 1	6 1	86 1	80 1	4 1	58 1	74 1	27 1	8 1	64 1	17 1	88 1	40 1	39 1	50 1	3 1	13 1	54 1	48 1	49 1	76 1	72 1	10 1	23 1	46 1	36 1	56 1	38 1	24 1	47 1	71 1	30 1	87 1	18 1	33 1	51 1	70 1	44 1	29 1	63 1
70 1	47 1	85 1	60 1	20 1	69 1	37 1	66 1	54 1	6 1	75 1	82 1	71 1	29 1	7 1	36 1	89 1	1 1	78 1	74 1	72 1	17 1	23 1	48 1	79 1	61 1	12 1	44 1	87 1	84 1	25 1	53 1	73 1	3 1	80 1	81 1	33 1	28 1	9 1	88 1	16 1	0 1	50 1	35 1	49 1	63 1	57 1	4 1	5 1	18 1	8 1	65 1	22 1	42 1	24 1	41 1	32 1	68 1	14 1	59 1	15 1	52 1	21 1	40 1	46 1	67 1	11 1	43 1	51 1	2 1	76 1	39 1	19 1	62 1	55 1	10 1	31 1	38 1	64 1	83 1	34 1	58 1	13 1	26 1	86 1	77 1	30 1	56 1	45 1	27 1
36 1	44 1	50 1	32 1	68 1	46 1	47 1	84 1	66 1	49 1	10 1	26 1	39 1	56 1	88 1	82 1	7 1	79 1	59 1	71 1	58 1	40 1	53 1	29 1	51 1	64 1	5 1	57 1	21 1	60 1	17 1	8 1	63 1	86 1	52 1	23 1	61 1	2 1	4 1	34 1	67 1	70 1	87 1	74 1	85 1	13 1	11 1	80 1	78 1	42 1	30 1	43 1	83 1	62 1	45 1	35 1	37 1	27 1	73 1	0 1	65 1	22 1	9 1	72 1	76 1	54 1	69 1	19 1	6 1	18 1	24 1	75 1	55 1	81 1	1 1	25 1	77 1	41 1	33 1	14 1	20 1	3 1	28 1	15 1	12 1	31 1	16 1	38 1	89 1	48 1
54 1	9 1	27 1	52 1	14 1	78 1	13 1	70 1	41 1	60 1	69 1	20 1	89 1	7 1	12 1	28 1	30 1	11 1	76 1	62 1	87 1	49 1	3 1	56 1	57 1	1 1	48 1	0 1	46 1	21 1	85 1	45 1	10 1	43 1	4 1	15 1	44 1	72 1	26 1	80 1	25 1	83 1	59 1	18 1	74 1	53 1	81 1	73 1	37 1	16 1	55 1	79 1	51 1	36 1	19 1	86 1	82 1	42 1	6 1	61 1	88 1	75 1	64 1	8 1	39 1	50 1	23 1	77 1	40 1	33 1	34 1	58 1	29 1	22 1	35 1	67 1	32 1	5 1	2 1	31 1	63 1	38 1	84 1	17 1	24 1	71 1	68 1	66 1	47 1	65 1
30 1	43 1	54 1	25 1	67 1	13 1	52 1	68 1	22 1	86 1	16 1	8 1	33 1	64 1	50 1	83 1	31 1	3 1	2 1	51 1	28 1	36 1	41 1	10 1	81 1	59 1	74 1	12 1	37 1	0 1	62 1	32 1	57 1	77 1	46 1	66 1	14 1	79 1	29 1	34 1	38 1	9 1	27 1	20 1	1 1	73 1	71 1	47 1	55 1	69 1	87 1	61 1	80 1	5 1	45 1	89 1	49 1	35 1	39 1	15 1	56 1	72 1	44 1	11 1	70 1	76 1	40 1	23 1	88 1	58 1	21 1	65 1	82 1	42 1	7 1	18 1	4 1	63 1	84 1	26 1	60 1	17 1	75 1	48 1	78 1	6 1	53 1	19 1	85 1	24 1
12 1	86 1	44 1	61 1	53 1	55 1	77 1	14 1	18 1	84 1	73 1	85 1	54 1	9 1	33 1	6 1	17 1	70 1	29 1	24 1	13 1	75 1	87 1	49 1	15 1	23 1	28 1	63 1	67 1	31 1	41 1	78 1	25 1	57 1	10 1	88 1	52 1	22 1	0 1	30 1	74 1	81 1	60 1	4 1	50 1	34 1	64 1	36 1	48 1	38 1	16 1	11 1	59 1	43 1	66 1	5 1	72 1	83 1	51 1	46 1	27 1	2 1	76 1	71 1	68 1	40 1	65 1	3 1	58 1	7 1	47 1	1 1	32 1	79 1	62 1	69 1	45 1	20 1	82 1	8 1	42 1	37 1	21 1	39 1	35 1	19 1	89 1	80 1	56 1	26 1
72 1	66 1	19 1	65 1	13 1	70 1	78 1	61 1	59 1	25 1	85 1	12 1	67 1	31 1	3 1	36 1	69 1	18 1	0 1	55 1	6 1	21 1	56 1	34 1	14 1	38 1	73 1	20 1	30 1	76 1	54 1	33 1	74 1	41 1	40 1	5 1	16 1	37 1	60 1	68 1	27 1	15 1	57 1	80 1	52 1	10 1	83 1	82 1	86 1	1 1	48 1	24 1	51 1	81 1	47 1	35 1	45 1	49 1	53 1	32 1	62 1	39 1	46 1	77 1	23 1	2 1	7 1	4 1	79 1	11 1	17 1	64 1	75 1	58 1	89 1	26 1	71 1	87 1	42 1	8 1	84 1	29 1	22 1	44 1	9 1	88 1	28 1	50 1	63 1	43 1
24 1	46 1	58 1	47 1	40 1	5 1	63 1	74 1	80 1	73 1	85 1	71 1	12 1	19 1	83 1	60 1	64 1	42 1	35 1	62 1	51 1	78 1	1 1	68 1	13 1	33 1	28 1	88 1	87 1	79 1	36 1	9 1	84 1	23 1	65 1	0 1	38 1	54 1	56 1	7 1	32 1	48 1	67 1	81 1	41 1	61 1	49 1	70 1	75 1	39 1	82 1	8 1	45 1	72 1	34 1	30 1	44 1	89 1	21 1	55 1	76 1	59 1	18 1	31 1	6 1	57 1	2 1	53 1	43 1	22 1	14 1	3 1	15 1	77 1	16 1	20 1	17 1	29 1	26 1	50 1	86 1	69 1	37 1	27 1	66 1	10 1	4 1	25 1	52 1	11 1
73 1	37 1	35 1	50 1	9 1	59 1	3 1	28 1	5 1	41 1	20 1	44 1	83 1	4 1	33 1	64 1	82 1	24 1	47 1	17 1	42 1	75 1	58 1	43 1	8 1	39 1	79 1	34 1	49 1	52 1	29 1	12 1	45 1	55 1	89 1	10 1	40 1	56 1	13 1	69 1	77 1	61 1	30 1	67 1	27 1	84 1	81 1	72 1	32 1	63 1	87 1	15 1	19 1	1 1	80 1	62 1	26 1	71 1	0 1	78 1	38 1	18 1	14 1	68 1	22 1	74 1	11 1	57 1	66 1	25 1	36 1	51 1	16 1	23 1	53 1	21 1	31 1	88 1	85 1	65 1	2 1	60 1	76 1	7 1	46 1	86 1	54 1	48 1	70 1	6 1
30 1	66 1	70 1	43 1	63 1	22 1	60 1	72 1	4 1	59 1	46 1	44 1	53 1	62 1	2 1	18 1	76 1	31 1	75 1	78 1	13 1	38 1	71 1	12 1	10 1	6 1	7 1	64 1	40 1	1 1	15 1	82 1	74 1	39 1	47 1	79 1	20 1	26 1	51 1	49 1	84 1	67 1	58 1	88 1	23 1	27 1	37 1	73 1	32 1	45 1	56 1	65 1	14 1	36 1	69 1	16 1	57 1	89 1	33 1	87 1	41 1	17 1	34 1	83 1	21 1	11 1	50 1	0 1	48 1	81 1	24 1	68 1	29 1	86 1	5 1	61 1	54 1	35 1	19 1	85 1	25 1	3 1	9 1	80 1	55 1	28 1	42 1	8 1	52 1	77 1
24 1	70 1	23 1	22 1	86 1	11 1	5 1	54 1	76 1	17 1	19 1	29 1	87 1	73 1	36 1	46 1	42 1	64 1	30 1	34 1	39 1	56 1	62 1	89 1	50 1	66 1	82 1	51 1	18 1	9 1	69 1	75 1	15 1	21 1	84 1	37 1	83 1	3 1	12 1	1 1	16 1	57 1	74 1	71 1	65 1	33 1	48 1	13 1	60 1	85 1	61 1	25 1	80 1	81 1	72 1	88 1	59 1	28 1	44 1	20 1	38 1	8 1	14 1	79 1	2 1	58 1	47 1	67 1	32 1	6 1	49 1	53 1	78 1	35 1	7 1	41 1	40 1	4 1	43 1	45 1	27 1	55 1	26 1	52 1	10 1	63 1	0 1	68 1	77 1	31 1
3 1	44 1	72 1	87 1	35 1	1 1	37 1	81 1	47 1	58 1	0 1	29 1	65 1	71 1	4 1	75 1	54 1	10 1	60 1	78 1	82 1	79 1	52 1	16 1	31 1	14 1	55 1	67 1	42 1	22 1	83 1	25 1	76 1	39 1	38 1	26 1	43 1	84 1	24 1	7 1	88 1	6 1	32 1	70 1	57 1	48 1	5 1	36 1	86 1	62 1	77 1	8 1	28 1	85 1	23 1	12 1	40 1	33 1	17 1	66 1	9 1	27 1	15 1	63 1	74 1	73 1	19 1	20 1	69 1	64 1	53 1	21 1	59 1	68 1	50 1	2 1	11 1	89 1	51 1	56 1	45 1	80 1	61 1	13 1	18 1	30 1	49 1	46 1	41 1	34 1
82 1	19 1	31 1	3 1	75 1	13 1	23 1	61 1	72 1	1 1	80 1	65 1	77 1	7 1	32 1	6 1	49 1	48 1	60 1	11 1	55 1	26 1	25 1	62 1	67 1	57 1	86 1	45 1	44 1	87 1	10 1	21 1	28 1	39 1	71 1	24 1	47 1	20 1	14 1	4 1	73 1	85 1	36 1	51 1	33 1	2 1	64 1	43 1	78 1	29 1	16 1	69 1	89 1	37 1	40 1	59 1	54 1	63 1	41 1	38 1	5 1	46 1	53 1	15 1	70 1	66 1	0 1	18 1	34 1	83 1	17 1	9 1	56 1	30 1	12 1	27 1	88 1	74 1	35 1	58 1	79 1	84 1	22 1	76 1	50 1	8 1	42 1	81 1	52 1	68 1
87 1	2 1	55 1	85 1	69 1	34 1	75 1	43 1	11 1	15 1	9 1	50 1	7 1	38 1	51 1	39 1	49 1	81 1	46 1	20 1	62 1	54 1	23 1	8 1	26 1	17 1	80 1	33 1	65 1	71 1	86 1	31 1	10 1	67 1	19 1	63 1	57 1	28 1	52 1	64 1	12 1	76 1	32 1	18 1	22 1	45 1	25 1	16 1	48 1	14 1	77 1	89 1	53 1	40 1	78 1	13 1	56 1	6 1	47 1	58 1	3 1	70 1	66 1	61 1	72 1	5 1	1 1	29 1	37 1	83 1	4 1	42 1	74 1	79 1	73 1	35 1	44 1	27 1	82 1	84 1	36 1	21 1	88 1	24 1	59 1	41 1	68 1	60 1	0 1	30 1
75 1	33 1	41 1	3 1	64 1	50 1	38 1	77 1	43 1	52 1	21 1	81 1	31 1	29 1	79 1	59 1	10 1	82 1	51 1	36 1	54 1	73 1	14 1	48 1	19 1	61 1	13 1	0 1	71 1	49 1	25 1	34 1	87 1	67 1	72 1	42 1	86 1	69 1	24 1	22 1	63 1	65 1	85 1	7 1	70 1	60 1	68 1	47 1	66 1	46 1	78 1	27 1	58 1	76 1	2 1	17 1	74 1	53 1	89 1	30 1	11 1	8 1	44 1	26 1	1 1	6 1	4 1	16 1	40 1	15 1	5 1	32 1	28 1	18 1	62 1	20 1	45 1	35 1	56 1	88 1	12 1	37 1	39 1	9 1	83 1	55 1	57 1	84 1	80 1	23 1
12 1	56 1	77 1	7 1	78 1	1 1	60 1	42 1	86 1	52 1	0 1	65 1	62 1	58 1	54 1	68 1	45 1	30 1	71 1	28 1	22 1	3 1	29 1	34 1	27 1	66 1	5 1	82 1	31 1	79 1	26 1	43 1	19 1	15 1	76 1	10 1	87 1	83 1	75 1	37 1	4 1	46 1	59 1	32 1	74 1	11 1	80 1	13 1	70 1	47 1	88 1	89 1	21 1	55 1	51 1	18 1	61 1	41 1	33 1	8 1	64 1	53 1	20 1	63 1	69 1	17 1	85 1	73 1	23 1	35 1	25 1	48 1	36 1	40 1	38 1	44 1	50 1	24 1	81 1	84 1	16 1	57 1	49 1	14 1	6 1	2 1	72 1	9 1	39 1	67 1
28 1	11 1	30 1	88 1	61 1	27 1	84 1	41 1	0 1	4 1	37 1	36 1	66 1	2 1	71 1	34 1	67 1	89 1	55 1	6 1	46 1	31 1	26 1	63 1	23 1	5 1	17 1	9 1	72 1	59 1	52 1	69 1	20 1	44 1	86 1	78 1	32 1	76 1	51 1	13 1	65 1	54 1	85 1	39 1	29 1	21 1	33 1	43 1	62 1	35 1	48 1	19 1	18 1	58 1	25 1	38 1	3 1	80 1	64 1	8 1	7 1	79 1	24 1	56 1	81 1	53 1	47 1	1 1	15 1	57 1	83 1	70 1	68 1	74 1	73 1	10 1	87 1	12 1	75 1	60 1	16 1	42 1	22 1	49 1	82 1	14 1	77 1	40 1	45 1	50 1
27 1	85 1	69 1	53 1	43 1	4 1	36 1	9 1	19 1	11 1	33 1	46 1	78 1	75 1	80 1	45 1	42 1	37 1	61 1	48 1	64 1	83 1	28 1	77 1	29 1	16 1	39 1	81 1	1 1	30 1	26 1	58 1	15 1	55 1	7 1	57 1	10 1	52 1	76 1	35 1	56 1	3 1	17 1	34 1	73 1	71 1	49 1	20 1	24 1	86 1	5 1	82 1	32 1	67 1	8 1	63 1	65 1	44 1	66 1	68 1	74 1	89 1	40 1	62 1	0 1	84 1	54 1	31 1	87 1	51 1	2 1	23 1	38 1	6 1	12 1	21 1	60 1	50 1	47 1	59 1	13 1	18 1	72 1	25 1	79 1	41 1	14 1	88 1	22 1	70 1
