15	100
90 1	36 1	88 1	3 1	14 1	12 1	9 1	26 1	75 1	48 1	7 1	0 1	1 1	29 1	57 1	68 1	91 1	39 1	56 1	43 1	45 1	25 1	83 1	21 1	30 1	44 1	97 1	32 1	28 1	23 1	4 1	98 1	95 1	77 1	69 1	38 1	72 1	5 1	2 1	78 1	27 1	81 1	10 1	79 1	18 1	55 1	61 1	63 1	70 1	85 1	53 1	34 1	92 1	59 1	93 1	65 1	40 1	22 1	54 1	94 1	84 1	82 1	33 1	31 1	99 1	89 1	8 1	49 1	37 1	60 1	96 1	51 1	52 1	87 1	16 1	73 1	86 1	6 1	13 1	74 1	47 1	15 1	20 1	71 1	66 1	11 1	24 1	19 1	80 1	50 1	35 1	62 1	58 1	41 1	17 1	42 1	67 1	46 1	64 1	76 1
62 1	92 1	85 1	29 1	81 1	73 1	71 1	15 1	1 1	63 1	46 1	34 1	7 1	5 1	99 1	38 1	49 1	45 1	78 1	40 1	28 1	51 1	18 1	88 1	82 1	41 1	19 1	32 1	59 1	30 1	58 1	13 1	8 1	86 1	23 1	2 1	26 1	54 1	93 1	67 1	95 1	79 1	43 1	56 1	87 1	0 1	61 1	70 1	89 1	12 1	48 1	75 1	68 1	17 1	83 1	39 1	24 1	91 1	90 1	27 1	4 1	14 1	94 1	31 1	47 1	9 1	57 1	53 1	80 1	72 1	16 1	3 1	44 1	97 1	55 1	69 1	42 1	37 1	6 1	52 1	50 1	20 1	65 1	98 1	60 1	84 1	11 1	66 1	74 1	22 1	33 1	35 1	77 1	21 1	76 1	96 1	10 1	36 1	64 1	25 1
39 1	5 1	32 1	84 1	80 1	35 1	58 1	8 1	31 1	43 1	95 1	23 1	89 1	57 1	82 1	71 1	7 1	81 1	90 1	33 1	18 1	77 1	16 1	87 1	4 1	42 1	65 1	26 1	51 1	37 1	29 1	92 1	60 1	15 1	41 1	10 1	79 1	27 1	97 1	63 1	21 1	28 1	93 1	30 1	14 1	19 1	20 1	45 1	3 1	11 1	36 1	69 1	98 1	75 1	99 1	56 1	78 1	40 1	2 1	66 1	70 1	24 1	49 1	38 1	86 1	22 1	50 1	54 1	88 1	96 1	44 1	53 1	67 1	91 1	61 1	1 1	13 1	34 1	83 1	85 1	12 1	48 1	64 1	59 1	72 1	73 1	74 1	6 1	25 1	62 1	52 1	0 1	76 1	55 1	47 1	46 1	68 1	94 1	17 1	9 1
89 1	61 1	91 1	36 1	74 1	47 1	59 1	93 1	42 1	78 1	94 1	1 1	58 1	69 1	92 1	75 1	12 1	11 1	18 1	43 1	55 1	44 1	72 1	21 1	31 1	98 1	84 1	87 1	88 1	77 1	10 1	5 1	24 1	82 1	80 1	97 1	95 1	23 1	96 1	14 1	83 1	60 1	81 1	53 1	45 1	9 1	52 1	22 1	67 1	56 1	34 1	68 1	26 1	73 1	37 1	7 1	64 1	6 1	4 1	38 1	79 1	30 1	0 1	70 1	15 1	63 1	16 1	86 1	8 1	13 1	51 1	85 1	28 1	66 1	3 1	48 1	54 1	25 1	71 1	27 1	99 1	49 1	35 1	40 1	76 1	20 1	32 1	29 1	50 1	90 1	62 1	46 1	2 1	65 1	39 1	17 1	33 1	19 1	41 1	57 1
99 1	35 1	81 1	60 1	84 1	29 1	34 1	68 1	97 1	69 1	61 1	50 1	6 1	59 1	33 1	85 1	2 1	27 1	37 1	95 1	16 1	7 1	91 1	55 1	25 1	36 1	14 1	30 1	49 1	10 1	42 1	0 1	71 1	66 1	40 1	15 1	21 1	17 1	77 1	57 1	47 1	19 1	98 1	11 1	93 1	80 1	64 1	48 1	53 1	63 1	31 1	65 1	92 1	88 1	86 1	23 1	67 1	83 1	44 1	90 1	41 1	58 1	38 1	9 1	82 1	24 1	5 1	45 1	39 1	74 1	76 1	3 1	8 1	32 1	1 1	72 1	26 1	22 1	87 1	78 1	18 1	52 1	54 1	43 1	96 1	70 1	13 1	75 1	73 1	62 1	56 1	20 1	12 1	28 1	51 1	4 1	94 1	46 1	89 1	79 1
95 1	27 1	26 1	48 1	11 1	15 1	6 1	81 1	54 1	42 1	91 1	89 1	63 1	65 1	78 1	58 1	61 1	60 1	94 1	7 1	22 1	36 1	68 1	17 1	92 1	56 1	97 1	57 1	37 1	31 1	25 1	14 1	82 1	33 1	49 1	20 1	44 1	52 1	16 1	73 1	84 1	69 1	28 1	21 1	87 1	66 1	74 1	86 1	53 1	83 1	77 1	85 1	99 1	59 1	32 1	55 1	18 1	34 1	70 1	2 1	88 1	35 1	8 1	64 1	50 1	23 1	96 1	72 1	0 1	51 1	9 1	13 1	3 1	67 1	46 1	12 1	29 1	40 1	62 1	45 1	79 1	5 1	39 1	47 1	80 1	38 1	4 1	41 1	98 1	93 1	71 1	75 1	1 1	19 1	10 1	24 1	43 1	90 1	30 1	76 1
18 1	4 1	37 1	5 1	0 1	43 1	62 1	24 1	84 1	51 1	74 1	69 1	14 1	47 1	79 1	48 1	65 1	89 1	97 1	63 1	93 1	38 1	1 1	68 1	75 1	39 1	78 1	32 1	7 1	88 1	29 1	19 1	61 1	2 1	91 1	16 1	35 1	49 1	22 1	27 1	34 1	28 1	77 1	44 1	15 1	6 1	31 1	94 1	85 1	82 1	42 1	96 1	71 1	76 1	56 1	26 1	20 1	25 1	54 1	83 1	86 1	45 1	95 1	40 1	50 1	57 1	66 1	87 1	41 1	53 1	10 1	3 1	33 1	64 1	46 1	17 1	90 1	99 1	92 1	30 1	55 1	58 1	80 1	70 1	98 1	72 1	60 1	9 1	12 1	36 1	67 1	52 1	11 1	73 1	23 1	8 1	59 1	81 1	21 1	13 1
80 1	21 1	5 1	40 1	42 1	78 1	65 1	73 1	61 1	23 1	85 1	32 1	30 1	57 1	29 1	72 1	55 1	12 1	13 1	90 1	6 1	1 1	22 1	63 1	51 1	14 1	83 1	47 1	17 1	94 1	27 1	56 1	98 1	34 1	43 1	82 1	44 1	86 1	89 1	99 1	60 1	15 1	92 1	84 1	2 1	97 1	16 1	26 1	77 1	66 1	49 1	3 1	70 1	31 1	36 1	68 1	93 1	18 1	28 1	54 1	81 1	62 1	79 1	38 1	64 1	53 1	10 1	74 1	45 1	96 1	52 1	19 1	20 1	24 1	41 1	37 1	0 1	58 1	25 1	4 1	71 1	87 1	69 1	7 1	50 1	33 1	59 1	46 1	67 1	9 1	76 1	35 1	8 1	48 1	95 1	11 1	88 1	75 1	39 1	91 1
29 1	37 1	70 1	89 1	19 1	25 1	0 1	38 1	63 1	15 1	53 1	76 1	61 1	17 1	48 1	56 1	91 1	14 1	11 1	77 1	46 1	8 1	42 1	36 1	96 1	69 1	27 1	43 1	64 1	39 1	67 1	5 1	55 1	7 1	65 1	2 1	32 1	87 1	94 1	23 1	93 1	24 1	33 1	9 1	12 1	57 1	90 1	22 1	50 1	74 1	59 1	40 1	60 1	44 1	18 1	20 1	30 1	13 1	81 1	82 1	75 1	62 1	52 1	4 1	58 1	92 1	83 1	86 1	10 1	95 1	35 1	6 1	41 1	3 1	73 1	66 1	78 1	79 1	16 1	34 1	49 1	1 1	28 1	72 1	21 1	97 1	51 1	84 1	88 1	85 1	26 1	54 1	99 1	71 1	31 1	98 1	68 1	45 1	47 1	80 1
54 1	6 1	84 1	23 1	17 1	75 1	99 1	59 1	49 1	1 1	74 1	24 1	25 1	27 1	63 1	80 1	83 1	9 1	89 1	39 1	65 1	26 1	44 1	61 1	70 1	37 1	53 1	64 1	14 1	2 1	32 1	10 1	82 1	78 1	11 1	50 1	3 1	46 1	38 1	48 1	0 1	98 1	60 1	31 1	34 1	94 1	91 1	51 1	86 1	57 1	7 1	13 1	35 1	93 1	21 1	8 1	69 1	4 1	19 1	42 1	76 1	88 1	79 1	22 1	66 1	20 1	81 1	87 1	28 1	41 1	62 1	43 1	45 1	92 1	97 1	18 1	40 1	67 1	29 1	55 1	96 1	30 1	68 1	72 1	95 1	16 1	58 1	36 1	33 1	85 1	56 1	47 1	71 1	73 1	52 1	5 1	90 1	12 1	77 1	15 1
10 1	5 1	52 1	37 1	26 1	96 1	20 1	60 1	95 1	11 1	55 1	2 1	47 1	81 1	33 1	65 1	72 1	49 1	66 1	56 1	62 1	42 1	57 1	9 1	97 1	73 1	24 1	8 1	51 1	25 1	64 1	79 1	78 1	22 1	63 1	68 1	3 1	71 1	23 1	36 1	0 1	40 1	18 1	12 1	74 1	46 1	35 1	30 1	39 1	53 1	16 1	61 1	76 1	93 1	54 1	83 1	45 1	43 1	38 1	84 1	28 1	89 1	85 1	91 1	98 1	94 1	21 1	92 1	19 1	77 1	14 1	82 1	70 1	41 1	4 1	50 1	99 1	75 1	44 1	80 1	13 1	32 1	86 1	15 1	31 1	48 1	58 1	69 1	17 1	27 1	34 1	87 1	7 1	6 1	88 1	1 1	90 1	67 1	29 1	59 1
85 1	18 1	91 1	90 1	69 1	13 1	3 1	66 1	76 1	87 1	83 1	9 1	39 1	62 1	59 1	32 1	23 1	30 1	37 1	89 1	53 1	92 1	29 1	55 1	86 1	54 1	98 1	50 1	25 1	74 1	22 1	45 1	11 1	71 1	51 1	63 1	99 1	65 1	41 1	35 1	10 1	72 1	34 1	40 1	4 1	48 1	17 1	0 1	7 1	28 1	80 1	94 1	77 1	49 1	67 1	52 1	26 1	61 1	56 1	47 1	6 1	82 1	43 1	5 1	36 1	60 1	93 1	8 1	88 1	24 1	12 1	96 1	38 1	2 1	16 1	58 1	42 1	97 1	70 1	79 1	84 1	33 1	81 1	68 1	21 1	75 1	1 1	14 1	95 1	46 1	20 1	57 1	31 1	15 1	19 1	64 1	27 1	78 1	73 1	44 1
15 1	93 1	42 1	59 1	24 1	86 1	37 1	4 1	80 1	13 1	85 1	74 1	79 1	39 1	88 1	43 1	16 1	46 1	19 1	7 1	78 1	90 1	41 1	94 1	75 1	18 1	22 1	69 1	84 1	66 1	32 1	77 1	9 1	31 1	71 1	95 1	26 1	73 1	97 1	55 1	58 1	61 1	30 1	2 1	47 1	21 1	14 1	35 1	29 1	45 1	52 1	48 1	63 1	34 1	5 1	33 1	57 1	25 1	44 1	17 1	81 1	12 1	92 1	6 1	50 1	82 1	87 1	8 1	91 1	76 1	99 1	83 1	54 1	0 1	89 1	70 1	72 1	60 1	67 1	3 1	28 1	36 1	23 1	53 1	65 1	1 1	20 1	11 1	96 1	51 1	27 1	38 1	10 1	56 1	40 1	62 1	98 1	68 1	49 1	64 1
38 1	20 1	26 1	5 1	7 1	86 1	8 1	28 1	59 1	3 1	43 1	89 1	80 1	68 1	54 1	15 1	94 1	92 1	37 1	0 1	17 1	95 1	21 1	48 1	76 1	96 1	99 1	39 1	24 1	53 1	81 1	1 1	98 1	41 1	22 1	57 1	75 1	78 1	77 1	63 1	6 1	83 1	44 1	13 1	97 1	16 1	19 1	55 1	42 1	30 1	66 1	85 1	36 1	82 1	27 1	56 1	10 1	50 1	61 1	11 1	60 1	88 1	47 1	87 1	25 1	46 1	91 1	73 1	69 1	67 1	2 1	4 1	29 1	32 1	23 1	64 1	51 1	31 1	40 1	71 1	9 1	72 1	90 1	74 1	62 1	45 1	52 1	14 1	33 1	12 1	49 1	84 1	70 1	18 1	65 1	79 1	58 1	35 1	93 1	34 1
69 1	23 1	52 1	95 1	3 1	97 1	77 1	19 1	54 1	17 1	57 1	76 1	1 1	86 1	65 1	30 1	38 1	68 1	25 1	41 1	15 1	82 1	79 1	11 1	84 1	34 1	90 1	87 1	10 1	43 1	24 1	39 1	31 1	2 1	42 1	13 1	48 1	20 1	51 1	46 1	88 1	74 1	18 1	47 1	94 1	89 1	56 1	36 1	58 1	40 1	7 1	66 1	70 1	33 1	55 1	37 1	9 1	6 1	61 1	8 1	28 1	63 1	83 1	81 1	92 1	64 1	44 1	78 1	45 1	75 1	67 1	16 1	49 1	21 1	4 1	60 1	93 1	99 1	71 1	85 1	73 1	53 1	12 1	62 1	35 1	98 1	14 1	80 1	0 1	27 1	91 1	72 1	96 1	50 1	26 1	5 1	29 1	59 1	22 1	32 1
