80	80
44 1	45 1	59 1	43 1	11 1	16 1	71 1	37 1	41 1	15 1	74 1	8 1	27 1	42 1	64 1	63 1	9 1	51 1	25 1	22 1	76 1	66 1	48 1	67 1	19 1	10 1	30 1	73 1	21 1	36 1	77 1	23 1	46 1	3 1	5 1	6 1	58 1	49 1	18 1	13 1	53 1	57 1	20 1	7 1	75 1	69 1	24 1	54 1	47 1	65 1	14 1	40 1	17 1	61 1	38 1	55 1	0 1	68 1	78 1	60 1	34 1	56 1	70 1	33 1	62 1	2 1	28 1	29 1	79 1	31 1	1 1	52 1	32 1	4 1	35 1	26 1	39 1	50 1	72 1	12 1
14 1	75 1	19 1	13 1	58 1	24 1	77 1	57 1	11 1	15 1	59 1	40 1	10 1	18 1	23 1	62 1	74 1	56 1	39 1	22 1	35 1	68 1	50 1	52 1	48 1	1 1	72 1	54 1	26 1	0 1	32 1	73 1	6 1	67 1	25 1	51 1	64 1	49 1	61 1	27 1	43 1	21 1	78 1	79 1	7 1	65 1	66 1	41 1	71 1	42 1	17 1	45 1	2 1	16 1	34 1	47 1	30 1	8 1	63 1	46 1	36 1	31 1	12 1	69 1	33 1	76 1	53 1	55 1	60 1	29 1	3 1	20 1	9 1	28 1	5 1	44 1	4 1	70 1	38 1	37 1
22 1	34 1	39 1	49 1	60 1	15 1	24 1	54 1	68 1	37 1	42 1	79 1	30 1	50 1	53 1	11 1	46 1	64 1	10 1	7 1	3 1	18 1	16 1	38 1	43 1	58 1	45 1	69 1	56 1	17 1	70 1	40 1	5 1	27 1	61 1	35 1	47 1	62 1	29 1	78 1	52 1	65 1	20 1	26 1	51 1	4 1	73 1	66 1	57 1	9 1	6 1	2 1	8 1	41 1	1 1	21 1	75 1	76 1	33 1	19 1	55 1	59 1	32 1	0 1	23 1	63 1	74 1	12 1	72 1	44 1	36 1	25 1	77 1	14 1	13 1	67 1	71 1	28 1	31 1	48 1
1 1	23 1	46 1	2 1	68 1	70 1	39 1	20 1	71 1	35 1	76 1	17 1	34 1	59 1	41 1	24 1	69 1	51 1	14 1	75 1	58 1	61 1	64 1	67 1	29 1	30 1	54 1	65 1	53 1	9 1	79 1	38 1	49 1	27 1	72 1	47 1	55 1	66 1	77 1	21 1	48 1	6 1	18 1	16 1	28 1	33 1	45 1	12 1	36 1	57 1	4 1	32 1	63 1	43 1	56 1	52 1	26 1	37 1	5 1	3 1	40 1	13 1	31 1	8 1	11 1	10 1	42 1	15 1	62 1	74 1	22 1	25 1	78 1	60 1	7 1	44 1	19 1	0 1	50 1	73 1
50 1	68 1	59 1	41 1	63 1	45 1	77 1	78 1	21 1	3 1	9 1	29 1	38 1	57 1	47 1	55 1	12 1	34 1	22 1	11 1	76 1	39 1	32 1	36 1	4 1	48 1	10 1	58 1	72 1	54 1	42 1	69 1	8 1	31 1	5 1	37 1	64 1	15 1	53 1	66 1	51 1	24 1	30 1	25 1	19 1	79 1	65 1	7 1	40 1	70 1	2 1	1 1	44 1	46 1	6 1	16 1	13 1	71 1	23 1	17 1	33 1	74 1	49 1	35 1	56 1	28 1	26 1	61 1	20 1	73 1	14 1	27 1	75 1	43 1	52 1	18 1	60 1	67 1	62 1	0 1
42 1	79 1	22 1	76 1	43 1	46 1	23 1	64 1	52 1	44 1	58 1	37 1	4 1	71 1	77 1	69 1	3 1	21 1	20 1	0 1	10 1	54 1	74 1	63 1	68 1	25 1	65 1	73 1	50 1	31 1	59 1	27 1	15 1	32 1	19 1	17 1	39 1	47 1	75 1	11 1	2 1	18 1	72 1	33 1	6 1	9 1	41 1	13 1	35 1	24 1	5 1	53 1	30 1	1 1	49 1	78 1	7 1	66 1	29 1	12 1	48 1	14 1	56 1	28 1	51 1	45 1	34 1	70 1	57 1	55 1	62 1	8 1	16 1	38 1	60 1	61 1	36 1	40 1	67 1	26 1
2 1	23 1	75 1	54 1	79 1	59 1	8 1	21 1	39 1	76 1	49 1	53 1	16 1	28 1	14 1	52 1	51 1	71 1	15 1	26 1	29 1	7 1	4 1	57 1	31 1	10 1	34 1	44 1	17 1	1 1	69 1	40 1	18 1	41 1	46 1	70 1	22 1	36 1	12 1	20 1	62 1	61 1	64 1	68 1	63 1	66 1	32 1	42 1	5 1	74 1	55 1	35 1	25 1	60 1	50 1	58 1	78 1	56 1	73 1	3 1	24 1	67 1	11 1	72 1	65 1	27 1	6 1	13 1	30 1	43 1	48 1	19 1	77 1	33 1	38 1	0 1	47 1	37 1	45 1	9 1
32 1	45 1	8 1	61 1	75 1	4 1	13 1	7 1	72 1	51 1	68 1	63 1	28 1	15 1	77 1	25 1	65 1	33 1	5 1	0 1	39 1	10 1	36 1	57 1	47 1	73 1	3 1	41 1	34 1	59 1	11 1	48 1	12 1	69 1	56 1	46 1	27 1	58 1	70 1	18 1	1 1	37 1	38 1	66 1	9 1	26 1	35 1	60 1	43 1	49 1	40 1	21 1	16 1	53 1	42 1	55 1	62 1	24 1	2 1	71 1	78 1	19 1	79 1	64 1	20 1	14 1	74 1	6 1	31 1	23 1	76 1	54 1	44 1	22 1	67 1	29 1	52 1	30 1	17 1	50 1
23 1	15 1	26 1	38 1	77 1	5 1	44 1	54 1	47 1	63 1	4 1	50 1	41 1	64 1	29 1	69 1	60 1	13 1	57 1	66 1	37 1	6 1	40 1	32 1	20 1	55 1	30 1	9 1	42 1	67 1	7 1	25 1	8 1	33 1	3 1	1 1	10 1	14 1	75 1	61 1	48 1	18 1	19 1	34 1	58 1	76 1	72 1	11 1	21 1	53 1	62 1	46 1	16 1	28 1	12 1	56 1	17 1	73 1	24 1	49 1	27 1	45 1	43 1	35 1	79 1	78 1	65 1	68 1	52 1	74 1	36 1	2 1	70 1	0 1	39 1	22 1	51 1	59 1	31 1	71 1
12 1	55 1	63 1	6 1	48 1	44 1	58 1	78 1	67 1	61 1	56 1	66 1	70 1	43 1	53 1	36 1	39 1	14 1	34 1	72 1	65 1	18 1	59 1	50 1	17 1	0 1	40 1	49 1	1 1	4 1	42 1	15 1	19 1	28 1	38 1	13 1	69 1	20 1	77 1	37 1	5 1	29 1	26 1	2 1	10 1	8 1	23 1	30 1	41 1	74 1	46 1	64 1	54 1	51 1	79 1	60 1	52 1	31 1	3 1	57 1	27 1	73 1	32 1	33 1	9 1	47 1	22 1	21 1	24 1	25 1	11 1	71 1	75 1	7 1	62 1	68 1	35 1	76 1	16 1	45 1
19 1	26 1	70 1	56 1	4 1	53 1	27 1	52 1	78 1	60 1	46 1	67 1	1 1	24 1	35 1	33 1	23 1	66 1	18 1	5 1	38 1	75 1	51 1	8 1	22 1	9 1	0 1	71 1	39 1	69 1	16 1	64 1	10 1	68 1	77 1	62 1	20 1	28 1	58 1	65 1	72 1	34 1	76 1	25 1	6 1	29 1	74 1	44 1	32 1	31 1	79 1	61 1	13 1	48 1	49 1	59 1	15 1	11 1	55 1	37 1	41 1	42 1	73 1	63 1	3 1	43 1	50 1	57 1	47 1	40 1	21 1	14 1	36 1	54 1	45 1	2 1	7 1	30 1	12 1	17 1
76 1	6 1	36 1	34 1	65 1	52 1	8 1	57 1	10 1	74 1	9 1	19 1	63 1	53 1	27 1	70 1	55 1	26 1	72 1	54 1	21 1	22 1	78 1	5 1	2 1	66 1	46 1	23 1	20 1	45 1	18 1	30 1	77 1	75 1	37 1	16 1	67 1	7 1	50 1	41 1	40 1	15 1	47 1	44 1	43 1	48 1	25 1	28 1	71 1	73 1	17 1	1 1	69 1	3 1	38 1	39 1	33 1	49 1	0 1	62 1	58 1	35 1	24 1	14 1	32 1	29 1	68 1	56 1	12 1	61 1	79 1	59 1	13 1	60 1	11 1	31 1	51 1	64 1	4 1	42 1
53 1	54 1	25 1	28 1	58 1	74 1	60 1	30 1	41 1	38 1	6 1	18 1	65 1	33 1	50 1	23 1	19 1	42 1	3 1	55 1	61 1	46 1	43 1	15 1	57 1	40 1	63 1	62 1	73 1	69 1	52 1	0 1	29 1	1 1	34 1	44 1	7 1	56 1	22 1	59 1	14 1	75 1	12 1	27 1	71 1	24 1	4 1	10 1	70 1	78 1	51 1	49 1	39 1	17 1	2 1	37 1	76 1	66 1	32 1	20 1	5 1	67 1	31 1	68 1	35 1	45 1	36 1	16 1	64 1	26 1	77 1	48 1	13 1	9 1	47 1	72 1	8 1	11 1	21 1	79 1
64 1	16 1	9 1	14 1	69 1	70 1	54 1	60 1	30 1	78 1	32 1	11 1	21 1	0 1	34 1	7 1	45 1	63 1	50 1	73 1	41 1	26 1	67 1	48 1	13 1	23 1	58 1	61 1	53 1	20 1	27 1	2 1	75 1	19 1	55 1	47 1	38 1	56 1	68 1	52 1	46 1	3 1	15 1	57 1	4 1	71 1	6 1	29 1	44 1	59 1	49 1	72 1	10 1	5 1	28 1	40 1	18 1	33 1	1 1	22 1	66 1	39 1	12 1	74 1	37 1	31 1	62 1	79 1	35 1	17 1	36 1	77 1	42 1	24 1	65 1	43 1	76 1	51 1	25 1	8 1
38 1	37 1	9 1	4 1	14 1	18 1	58 1	40 1	73 1	0 1	51 1	44 1	43 1	12 1	13 1	71 1	45 1	25 1	20 1	52 1	11 1	29 1	15 1	67 1	2 1	26 1	78 1	70 1	31 1	54 1	17 1	10 1	6 1	32 1	5 1	72 1	30 1	33 1	22 1	55 1	36 1	48 1	34 1	7 1	46 1	3 1	61 1	50 1	21 1	41 1	62 1	77 1	59 1	76 1	39 1	49 1	60 1	19 1	63 1	53 1	56 1	35 1	75 1	42 1	1 1	68 1	23 1	64 1	16 1	65 1	47 1	28 1	66 1	24 1	79 1	69 1	8 1	74 1	27 1	57 1
52 1	63 1	24 1	77 1	40 1	58 1	20 1	57 1	7 1	19 1	44 1	62 1	73 1	69 1	53 1	17 1	74 1	70 1	33 1	51 1	2 1	72 1	26 1	31 1	47 1	29 1	64 1	30 1	46 1	41 1	28 1	34 1	37 1	0 1	21 1	8 1	18 1	79 1	32 1	50 1	42 1	5 1	43 1	60 1	35 1	6 1	65 1	39 1	12 1	15 1	54 1	78 1	55 1	36 1	76 1	67 1	4 1	66 1	23 1	27 1	61 1	16 1	59 1	25 1	14 1	45 1	11 1	68 1	49 1	38 1	75 1	3 1	22 1	56 1	1 1	13 1	71 1	48 1	10 1	9 1
78 1	23 1	30 1	50 1	49 1	3 1	20 1	24 1	79 1	9 1	44 1	57 1	14 1	28 1	73 1	67 1	51 1	47 1	1 1	58 1	76 1	41 1	53 1	13 1	56 1	27 1	61 1	21 1	29 1	7 1	12 1	75 1	8 1	32 1	17 1	68 1	38 1	4 1	77 1	5 1	65 1	36 1	31 1	10 1	55 1	37 1	43 1	72 1	6 1	63 1	69 1	16 1	52 1	62 1	15 1	59 1	66 1	70 1	60 1	11 1	33 1	19 1	35 1	74 1	2 1	54 1	64 1	45 1	40 1	26 1	0 1	46 1	42 1	71 1	34 1	39 1	25 1	22 1	48 1	18 1
1 1	25 1	28 1	20 1	54 1	8 1	52 1	71 1	24 1	62 1	58 1	66 1	42 1	5 1	2 1	16 1	23 1	10 1	19 1	4 1	40 1	14 1	47 1	67 1	38 1	73 1	74 1	37 1	78 1	53 1	72 1	9 1	75 1	69 1	22 1	50 1	27 1	18 1	48 1	46 1	68 1	13 1	65 1	63 1	70 1	64 1	36 1	0 1	3 1	15 1	12 1	31 1	59 1	39 1	6 1	41 1	17 1	29 1	26 1	7 1	77 1	45 1	44 1	55 1	49 1	34 1	57 1	21 1	79 1	51 1	60 1	61 1	35 1	56 1	30 1	11 1	33 1	43 1	32 1	76 1
41 1	31 1	37 1	1 1	32 1	40 1	27 1	69 1	20 1	21 1	60 1	67 1	50 1	33 1	73 1	77 1	45 1	43 1	30 1	10 1	0 1	79 1	34 1	23 1	9 1	42 1	68 1	36 1	66 1	55 1	47 1	44 1	59 1	65 1	58 1	78 1	26 1	24 1	7 1	61 1	35 1	76 1	22 1	3 1	18 1	70 1	51 1	13 1	72 1	5 1	56 1	64 1	6 1	38 1	29 1	16 1	71 1	17 1	63 1	74 1	28 1	46 1	8 1	48 1	49 1	52 1	19 1	25 1	39 1	57 1	14 1	4 1	62 1	15 1	12 1	53 1	11 1	75 1	2 1	54 1
42 1	58 1	47 1	63 1	45 1	50 1	68 1	52 1	71 1	29 1	34 1	4 1	20 1	74 1	65 1	23 1	37 1	51 1	40 1	76 1	1 1	41 1	18 1	22 1	15 1	61 1	8 1	13 1	38 1	16 1	66 1	39 1	24 1	11 1	25 1	60 1	9 1	35 1	73 1	0 1	12 1	27 1	69 1	54 1	44 1	59 1	56 1	28 1	33 1	75 1	31 1	2 1	3 1	79 1	67 1	55 1	72 1	70 1	78 1	36 1	21 1	32 1	64 1	10 1	62 1	26 1	48 1	53 1	6 1	57 1	30 1	49 1	46 1	5 1	43 1	77 1	7 1	19 1	14 1	17 1
29 1	78 1	72 1	14 1	23 1	41 1	46 1	25 1	47 1	15 1	44 1	24 1	64 1	13 1	20 1	10 1	70 1	38 1	18 1	76 1	40 1	7 1	30 1	49 1	31 1	27 1	45 1	35 1	71 1	28 1	69 1	56 1	77 1	57 1	0 1	33 1	58 1	3 1	75 1	73 1	79 1	68 1	55 1	42 1	39 1	62 1	6 1	21 1	1 1	17 1	60 1	32 1	48 1	54 1	63 1	5 1	61 1	11 1	34 1	22 1	52 1	65 1	66 1	12 1	67 1	50 1	37 1	51 1	8 1	59 1	19 1	16 1	53 1	43 1	74 1	2 1	9 1	4 1	36 1	26 1
78 1	69 1	22 1	79 1	10 1	64 1	57 1	56 1	53 1	65 1	38 1	50 1	44 1	48 1	5 1	54 1	41 1	62 1	17 1	43 1	42 1	29 1	6 1	13 1	26 1	32 1	15 1	52 1	14 1	66 1	45 1	30 1	36 1	61 1	40 1	16 1	73 1	21 1	75 1	47 1	31 1	77 1	70 1	46 1	7 1	58 1	76 1	19 1	60 1	33 1	4 1	11 1	3 1	39 1	55 1	68 1	23 1	1 1	27 1	35 1	51 1	28 1	34 1	67 1	74 1	24 1	71 1	9 1	8 1	12 1	49 1	72 1	63 1	37 1	18 1	0 1	25 1	59 1	2 1	20 1
42 1	61 1	24 1	50 1	21 1	75 1	20 1	45 1	30 1	71 1	47 1	72 1	12 1	64 1	68 1	55 1	2 1	41 1	66 1	58 1	27 1	1 1	74 1	52 1	3 1	60 1	25 1	57 1	46 1	38 1	31 1	37 1	0 1	28 1	32 1	14 1	23 1	10 1	35 1	73 1	40 1	62 1	5 1	18 1	16 1	7 1	17 1	22 1	53 1	76 1	78 1	54 1	34 1	4 1	33 1	36 1	51 1	44 1	39 1	15 1	70 1	59 1	26 1	29 1	43 1	77 1	79 1	8 1	65 1	13 1	56 1	49 1	6 1	67 1	11 1	19 1	69 1	63 1	9 1	48 1
41 1	78 1	12 1	76 1	69 1	2 1	27 1	6 1	23 1	22 1	73 1	19 1	30 1	10 1	61 1	48 1	9 1	35 1	50 1	45 1	38 1	7 1	1 1	34 1	53 1	67 1	65 1	31 1	20 1	36 1	21 1	60 1	8 1	4 1	59 1	47 1	18 1	68 1	13 1	79 1	42 1	49 1	40 1	14 1	24 1	32 1	75 1	46 1	33 1	74 1	52 1	62 1	5 1	29 1	43 1	28 1	25 1	17 1	11 1	54 1	56 1	55 1	3 1	70 1	37 1	44 1	26 1	63 1	15 1	72 1	64 1	51 1	77 1	57 1	16 1	71 1	39 1	66 1	0 1	58 1
35 1	61 1	29 1	46 1	4 1	37 1	17 1	44 1	19 1	52 1	22 1	75 1	69 1	60 1	55 1	31 1	3 1	34 1	23 1	57 1	2 1	66 1	15 1	10 1	16 1	65 1	58 1	43 1	11 1	12 1	49 1	72 1	32 1	59 1	74 1	36 1	70 1	9 1	64 1	26 1	53 1	24 1	62 1	68 1	5 1	47 1	79 1	48 1	45 1	33 1	30 1	54 1	13 1	18 1	40 1	56 1	1 1	39 1	14 1	8 1	42 1	6 1	77 1	73 1	78 1	71 1	7 1	38 1	21 1	63 1	0 1	27 1	76 1	51 1	41 1	25 1	20 1	67 1	28 1	50 1
78 1	30 1	67 1	70 1	45 1	10 1	74 1	56 1	64 1	61 1	25 1	41 1	75 1	14 1	7 1	57 1	28 1	3 1	46 1	27 1	20 1	34 1	63 1	48 1	39 1	62 1	54 1	33 1	1 1	77 1	18 1	11 1	50 1	51 1	36 1	4 1	23 1	29 1	6 1	44 1	5 1	15 1	19 1	26 1	52 1	65 1	21 1	72 1	37 1	43 1	58 1	9 1	12 1	66 1	55 1	47 1	69 1	73 1	71 1	68 1	59 1	40 1	16 1	42 1	35 1	49 1	32 1	31 1	0 1	24 1	53 1	22 1	17 1	2 1	76 1	60 1	13 1	8 1	38 1	79 1
12 1	0 1	28 1	69 1	67 1	2 1	76 1	8 1	7 1	18 1	61 1	52 1	21 1	23 1	71 1	25 1	41 1	60 1	17 1	10 1	78 1	13 1	58 1	19 1	27 1	32 1	62 1	65 1	36 1	46 1	5 1	35 1	68 1	53 1	16 1	33 1	54 1	45 1	40 1	44 1	51 1	79 1	73 1	72 1	24 1	48 1	59 1	66 1	42 1	30 1	47 1	56 1	50 1	70 1	6 1	11 1	43 1	31 1	64 1	49 1	26 1	34 1	37 1	57 1	1 1	75 1	20 1	29 1	39 1	9 1	77 1	4 1	63 1	38 1	3 1	14 1	74 1	55 1	15 1	22 1
17 1	57 1	77 1	36 1	7 1	65 1	45 1	8 1	50 1	28 1	67 1	43 1	10 1	4 1	6 1	23 1	41 1	51 1	9 1	3 1	58 1	69 1	13 1	24 1	35 1	62 1	75 1	37 1	34 1	52 1	66 1	64 1	33 1	74 1	53 1	78 1	2 1	26 1	32 1	79 1	71 1	44 1	29 1	38 1	76 1	14 1	0 1	73 1	12 1	47 1	70 1	16 1	55 1	49 1	20 1	56 1	27 1	19 1	11 1	68 1	1 1	46 1	5 1	59 1	31 1	30 1	42 1	25 1	18 1	15 1	72 1	39 1	60 1	54 1	48 1	22 1	61 1	21 1	63 1	40 1
69 1	11 1	46 1	12 1	8 1	44 1	48 1	6 1	73 1	13 1	26 1	53 1	35 1	18 1	39 1	72 1	0 1	2 1	42 1	77 1	27 1	56 1	28 1	74 1	76 1	3 1	57 1	78 1	24 1	14 1	45 1	32 1	49 1	54 1	5 1	61 1	62 1	75 1	7 1	59 1	67 1	51 1	68 1	66 1	37 1	4 1	55 1	23 1	30 1	21 1	63 1	31 1	15 1	58 1	70 1	19 1	50 1	41 1	17 1	16 1	43 1	34 1	71 1	36 1	47 1	60 1	22 1	38 1	64 1	25 1	10 1	29 1	20 1	52 1	9 1	79 1	33 1	1 1	40 1	65 1
36 1	79 1	3 1	7 1	39 1	72 1	40 1	6 1	30 1	65 1	44 1	21 1	13 1	74 1	22 1	64 1	5 1	4 1	51 1	67 1	47 1	2 1	63 1	28 1	32 1	15 1	35 1	58 1	20 1	0 1	25 1	59 1	68 1	26 1	60 1	37 1	34 1	53 1	17 1	27 1	14 1	11 1	61 1	1 1	48 1	41 1	78 1	10 1	76 1	55 1	18 1	42 1	29 1	46 1	49 1	23 1	75 1	57 1	52 1	45 1	62 1	54 1	12 1	77 1	16 1	70 1	24 1	19 1	33 1	31 1	73 1	69 1	43 1	50 1	66 1	71 1	38 1	9 1	8 1	56 1
40 1	35 1	54 1	61 1	18 1	9 1	17 1	59 1	56 1	5 1	36 1	66 1	4 1	28 1	8 1	39 1	55 1	64 1	44 1	23 1	26 1	74 1	70 1	33 1	25 1	72 1	77 1	63 1	60 1	34 1	75 1	57 1	15 1	10 1	3 1	0 1	43 1	16 1	49 1	30 1	37 1	13 1	67 1	73 1	32 1	42 1	79 1	41 1	69 1	22 1	1 1	50 1	58 1	24 1	38 1	14 1	68 1	29 1	20 1	45 1	65 1	31 1	71 1	76 1	12 1	46 1	6 1	62 1	2 1	47 1	27 1	7 1	51 1	19 1	53 1	21 1	11 1	52 1	78 1	48 1
47 1	34 1	3 1	22 1	27 1	12 1	26 1	5 1	64 1	62 1	45 1	58 1	37 1	50 1	57 1	36 1	49 1	39 1	10 1	73 1	9 1	20 1	42 1	65 1	71 1	15 1	17 1	74 1	75 1	70 1	51 1	4 1	46 1	68 1	2 1	23 1	31 1	40 1	54 1	29 1	66 1	56 1	30 1	52 1	24 1	44 1	28 1	79 1	8 1	11 1	18 1	43 1	63 1	1 1	61 1	55 1	0 1	53 1	69 1	38 1	14 1	48 1	41 1	35 1	60 1	76 1	78 1	7 1	32 1	16 1	13 1	19 1	59 1	25 1	77 1	67 1	21 1	33 1	6 1	72 1
59 1	60 1	55 1	41 1	40 1	24 1	51 1	0 1	36 1	66 1	26 1	49 1	46 1	68 1	17 1	78 1	6 1	44 1	43 1	30 1	16 1	61 1	65 1	34 1	69 1	45 1	7 1	70 1	76 1	73 1	48 1	67 1	18 1	11 1	20 1	25 1	8 1	5 1	37 1	77 1	71 1	79 1	54 1	29 1	33 1	64 1	13 1	9 1	57 1	52 1	10 1	58 1	75 1	62 1	28 1	31 1	3 1	14 1	35 1	63 1	56 1	22 1	53 1	15 1	38 1	4 1	21 1	42 1	72 1	1 1	2 1	12 1	39 1	27 1	74 1	47 1	19 1	23 1	50 1	32 1
54 1	6 1	20 1	21 1	26 1	14 1	70 1	8 1	12 1	79 1	29 1	61 1	39 1	78 1	24 1	55 1	63 1	71 1	3 1	68 1	60 1	51 1	11 1	34 1	69 1	64 1	67 1	33 1	5 1	7 1	36 1	72 1	44 1	53 1	38 1	27 1	57 1	74 1	66 1	46 1	9 1	28 1	75 1	13 1	65 1	35 1	17 1	62 1	49 1	31 1	50 1	59 1	42 1	41 1	16 1	32 1	77 1	1 1	58 1	48 1	76 1	10 1	2 1	22 1	43 1	45 1	23 1	0 1	25 1	4 1	37 1	73 1	56 1	30 1	18 1	52 1	15 1	47 1	19 1	40 1
4 1	52 1	15 1	45 1	17 1	33 1	48 1	74 1	57 1	73 1	41 1	53 1	55 1	2 1	24 1	71 1	22 1	3 1	36 1	59 1	75 1	39 1	68 1	43 1	6 1	5 1	72 1	70 1	8 1	42 1	13 1	58 1	23 1	1 1	27 1	32 1	34 1	12 1	30 1	16 1	38 1	44 1	35 1	18 1	9 1	21 1	67 1	50 1	25 1	46 1	77 1	37 1	61 1	11 1	28 1	56 1	31 1	64 1	7 1	29 1	62 1	0 1	60 1	66 1	26 1	14 1	65 1	20 1	76 1	19 1	47 1	79 1	69 1	10 1	49 1	54 1	78 1	63 1	51 1	40 1
64 1	45 1	2 1	50 1	16 1	12 1	21 1	71 1	73 1	79 1	61 1	36 1	25 1	39 1	60 1	40 1	15 1	46 1	32 1	31 1	48 1	20 1	24 1	26 1	37 1	69 1	41 1	13 1	70 1	5 1	47 1	0 1	54 1	6 1	52 1	22 1	18 1	34 1	17 1	11 1	38 1	30 1	9 1	3 1	19 1	42 1	44 1	62 1	43 1	23 1	65 1	14 1	27 1	74 1	59 1	75 1	72 1	63 1	66 1	58 1	29 1	7 1	28 1	67 1	56 1	1 1	53 1	10 1	78 1	57 1	68 1	8 1	76 1	4 1	49 1	55 1	77 1	51 1	33 1	35 1
64 1	41 1	54 1	3 1	42 1	27 1	78 1	63 1	56 1	48 1	11 1	23 1	55 1	38 1	67 1	72 1	52 1	71 1	74 1	77 1	4 1	62 1	17 1	66 1	21 1	14 1	2 1	35 1	20 1	44 1	26 1	70 1	29 1	10 1	65 1	24 1	28 1	13 1	37 1	57 1	9 1	5 1	1 1	6 1	51 1	43 1	0 1	34 1	39 1	75 1	25 1	45 1	19 1	58 1	46 1	60 1	79 1	32 1	49 1	61 1	36 1	15 1	53 1	59 1	30 1	69 1	31 1	33 1	47 1	73 1	8 1	40 1	12 1	16 1	76 1	68 1	22 1	18 1	50 1	7 1
50 1	41 1	38 1	15 1	59 1	42 1	49 1	12 1	25 1	2 1	67 1	73 1	70 1	57 1	53 1	17 1	18 1	79 1	5 1	14 1	62 1	29 1	69 1	39 1	72 1	64 1	4 1	45 1	36 1	11 1	46 1	13 1	27 1	34 1	3 1	20 1	55 1	61 1	23 1	52 1	35 1	43 1	22 1	75 1	60 1	44 1	33 1	37 1	77 1	78 1	26 1	21 1	16 1	58 1	28 1	9 1	7 1	48 1	0 1	74 1	31 1	63 1	8 1	40 1	6 1	51 1	65 1	68 1	32 1	10 1	19 1	54 1	1 1	66 1	24 1	30 1	56 1	47 1	71 1	76 1
61 1	3 1	48 1	36 1	12 1	72 1	46 1	7 1	4 1	47 1	0 1	23 1	41 1	14 1	5 1	34 1	10 1	32 1	51 1	37 1	27 1	59 1	73 1	58 1	53 1	33 1	76 1	25 1	66 1	22 1	43 1	55 1	74 1	79 1	50 1	39 1	13 1	62 1	28 1	16 1	15 1	63 1	42 1	6 1	56 1	1 1	19 1	69 1	8 1	54 1	64 1	40 1	35 1	52 1	60 1	68 1	30 1	18 1	65 1	70 1	20 1	77 1	71 1	44 1	2 1	21 1	24 1	67 1	38 1	9 1	49 1	45 1	57 1	75 1	11 1	29 1	26 1	31 1	78 1	17 1
2 1	50 1	3 1	56 1	4 1	1 1	55 1	11 1	67 1	25 1	69 1	60 1	57 1	34 1	38 1	18 1	70 1	22 1	64 1	10 1	42 1	37 1	28 1	76 1	65 1	41 1	63 1	68 1	72 1	27 1	43 1	31 1	0 1	35 1	16 1	61 1	5 1	74 1	8 1	54 1	7 1	47 1	13 1	45 1	26 1	71 1	33 1	29 1	20 1	73 1	53 1	49 1	21 1	77 1	51 1	17 1	75 1	52 1	59 1	48 1	30 1	24 1	15 1	58 1	79 1	36 1	12 1	39 1	46 1	62 1	19 1	78 1	23 1	40 1	44 1	14 1	9 1	32 1	6 1	66 1
67 1	2 1	78 1	38 1	65 1	53 1	21 1	33 1	43 1	7 1	51 1	23 1	27 1	41 1	31 1	57 1	42 1	25 1	70 1	29 1	52 1	50 1	34 1	76 1	9 1	66 1	14 1	48 1	37 1	47 1	62 1	54 1	24 1	45 1	16 1	6 1	4 1	19 1	40 1	59 1	73 1	17 1	46 1	30 1	26 1	58 1	44 1	18 1	10 1	39 1	5 1	60 1	61 1	68 1	75 1	74 1	28 1	1 1	11 1	22 1	63 1	72 1	69 1	12 1	64 1	79 1	20 1	71 1	77 1	32 1	35 1	56 1	8 1	3 1	13 1	0 1	49 1	15 1	36 1	55 1
11 1	68 1	48 1	0 1	66 1	8 1	43 1	70 1	73 1	65 1	76 1	45 1	46 1	42 1	63 1	17 1	67 1	35 1	4 1	71 1	29 1	79 1	37 1	60 1	7 1	74 1	9 1	57 1	19 1	75 1	44 1	38 1	22 1	36 1	2 1	18 1	54 1	51 1	47 1	21 1	23 1	53 1	3 1	39 1	55 1	14 1	52 1	69 1	1 1	5 1	49 1	58 1	27 1	10 1	59 1	12 1	78 1	26 1	20 1	34 1	62 1	31 1	28 1	24 1	15 1	13 1	25 1	64 1	40 1	56 1	50 1	33 1	77 1	61 1	41 1	72 1	32 1	6 1	30 1	16 1
23 1	57 1	62 1	74 1	77 1	22 1	18 1	69 1	17 1	19 1	48 1	46 1	28 1	54 1	55 1	24 1	70 1	75 1	52 1	13 1	49 1	10 1	50 1	15 1	38 1	6 1	61 1	16 1	45 1	1 1	21 1	63 1	30 1	71 1	68 1	32 1	35 1	7 1	2 1	34 1	8 1	72 1	3 1	76 1	79 1	44 1	40 1	26 1	31 1	14 1	33 1	20 1	59 1	43 1	9 1	47 1	65 1	53 1	78 1	56 1	39 1	12 1	27 1	67 1	51 1	0 1	11 1	73 1	36 1	5 1	42 1	25 1	41 1	37 1	64 1	4 1	60 1	58 1	29 1	66 1
60 1	33 1	8 1	9 1	76 1	30 1	18 1	17 1	12 1	69 1	39 1	53 1	54 1	49 1	5 1	74 1	65 1	57 1	34 1	15 1	55 1	58 1	29 1	64 1	20 1	35 1	45 1	11 1	42 1	59 1	44 1	2 1	38 1	21 1	67 1	4 1	72 1	46 1	71 1	73 1	70 1	3 1	62 1	26 1	0 1	68 1	78 1	48 1	13 1	25 1	22 1	7 1	36 1	37 1	10 1	16 1	32 1	14 1	75 1	6 1	56 1	24 1	47 1	41 1	61 1	27 1	40 1	66 1	1 1	63 1	28 1	23 1	19 1	43 1	51 1	31 1	52 1	79 1	77 1	50 1
10 1	74 1	38 1	62 1	30 1	51 1	66 1	16 1	57 1	53 1	21 1	7 1	65 1	55 1	22 1	39 1	0 1	71 1	40 1	31 1	19 1	49 1	9 1	70 1	36 1	28 1	75 1	11 1	69 1	79 1	63 1	5 1	14 1	13 1	43 1	2 1	64 1	77 1	37 1	34 1	25 1	67 1	58 1	45 1	8 1	33 1	76 1	59 1	26 1	68 1	29 1	12 1	60 1	6 1	47 1	42 1	18 1	78 1	23 1	27 1	35 1	52 1	44 1	1 1	46 1	48 1	73 1	72 1	61 1	15 1	4 1	41 1	3 1	24 1	56 1	50 1	54 1	20 1	17 1	32 1
28 1	4 1	35 1	16 1	58 1	47 1	1 1	30 1	42 1	20 1	44 1	40 1	31 1	19 1	43 1	33 1	54 1	22 1	18 1	9 1	69 1	64 1	57 1	34 1	74 1	15 1	17 1	68 1	37 1	6 1	61 1	73 1	7 1	38 1	71 1	48 1	39 1	25 1	13 1	14 1	66 1	24 1	62 1	8 1	55 1	72 1	12 1	60 1	52 1	50 1	3 1	23 1	41 1	70 1	67 1	11 1	51 1	75 1	21 1	27 1	78 1	59 1	0 1	76 1	45 1	32 1	49 1	36 1	5 1	10 1	2 1	77 1	65 1	46 1	26 1	63 1	53 1	79 1	29 1	56 1
66 1	30 1	28 1	64 1	52 1	47 1	13 1	74 1	3 1	5 1	76 1	77 1	56 1	38 1	24 1	70 1	25 1	62 1	18 1	67 1	75 1	11 1	35 1	55 1	0 1	61 1	48 1	16 1	1 1	23 1	73 1	29 1	17 1	54 1	39 1	53 1	12 1	44 1	14 1	71 1	10 1	15 1	51 1	37 1	22 1	43 1	78 1	42 1	50 1	6 1	65 1	27 1	72 1	45 1	59 1	8 1	21 1	49 1	57 1	58 1	79 1	2 1	20 1	46 1	19 1	33 1	63 1	69 1	31 1	41 1	40 1	60 1	34 1	68 1	32 1	36 1	4 1	26 1	7 1	9 1
31 1	20 1	72 1	40 1	26 1	46 1	43 1	70 1	6 1	49 1	36 1	45 1	30 1	53 1	10 1	71 1	65 1	50 1	41 1	32 1	3 1	7 1	57 1	51 1	61 1	69 1	18 1	16 1	75 1	77 1	28 1	11 1	34 1	48 1	2 1	8 1	14 1	4 1	33 1	62 1	21 1	5 1	12 1	0 1	23 1	63 1	44 1	17 1	24 1	35 1	64 1	9 1	55 1	56 1	68 1	73 1	38 1	27 1	67 1	79 1	42 1	76 1	19 1	39 1	25 1	54 1	74 1	15 1	22 1	66 1	1 1	47 1	13 1	59 1	52 1	29 1	37 1	78 1	60 1	58 1
2 1	0 1	17 1	51 1	66 1	15 1	45 1	64 1	19 1	74 1	25 1	5 1	24 1	54 1	72 1	18 1	30 1	61 1	4 1	11 1	78 1	70 1	71 1	22 1	35 1	3 1	23 1	13 1	29 1	73 1	49 1	44 1	57 1	39 1	37 1	36 1	38 1	1 1	34 1	75 1	76 1	59 1	20 1	60 1	26 1	58 1	69 1	67 1	79 1	9 1	7 1	12 1	53 1	48 1	14 1	62 1	31 1	55 1	8 1	27 1	50 1	52 1	6 1	46 1	77 1	28 1	68 1	21 1	65 1	63 1	16 1	42 1	43 1	10 1	56 1	40 1	32 1	47 1	33 1	41 1
11 1	0 1	63 1	38 1	76 1	69 1	60 1	78 1	73 1	79 1	39 1	56 1	19 1	24 1	45 1	40 1	37 1	13 1	9 1	15 1	33 1	74 1	2 1	31 1	27 1	6 1	34 1	57 1	49 1	4 1	67 1	18 1	16 1	70 1	72 1	68 1	5 1	46 1	28 1	35 1	7 1	36 1	55 1	61 1	50 1	54 1	8 1	22 1	32 1	48 1	66 1	58 1	20 1	44 1	43 1	62 1	30 1	26 1	51 1	21 1	77 1	75 1	65 1	14 1	17 1	41 1	10 1	25 1	52 1	3 1	47 1	29 1	59 1	42 1	1 1	23 1	53 1	64 1	12 1	71 1
57 1	18 1	27 1	59 1	47 1	25 1	45 1	64 1	11 1	50 1	70 1	39 1	28 1	37 1	33 1	35 1	67 1	43 1	41 1	49 1	4 1	23 1	78 1	76 1	77 1	9 1	53 1	56 1	71 1	58 1	20 1	17 1	79 1	72 1	40 1	5 1	3 1	42 1	63 1	15 1	13 1	24 1	6 1	73 1	26 1	69 1	19 1	12 1	2 1	0 1	30 1	38 1	62 1	75 1	44 1	61 1	22 1	1 1	51 1	65 1	55 1	60 1	7 1	66 1	36 1	54 1	8 1	10 1	16 1	68 1	34 1	52 1	14 1	74 1	48 1	21 1	29 1	46 1	32 1	31 1
79 1	36 1	49 1	34 1	68 1	53 1	32 1	1 1	71 1	37 1	13 1	10 1	52 1	28 1	35 1	46 1	38 1	15 1	11 1	5 1	54 1	6 1	18 1	22 1	70 1	3 1	9 1	16 1	21 1	60 1	43 1	45 1	17 1	58 1	72 1	67 1	78 1	26 1	19 1	25 1	8 1	73 1	48 1	2 1	40 1	76 1	30 1	65 1	14 1	20 1	27 1	24 1	63 1	66 1	23 1	62 1	61 1	29 1	51 1	57 1	69 1	41 1	56 1	75 1	77 1	42 1	44 1	31 1	74 1	64 1	4 1	0 1	50 1	39 1	55 1	33 1	12 1	7 1	59 1	47 1
65 1	33 1	73 1	72 1	68 1	1 1	19 1	35 1	53 1	37 1	49 1	28 1	44 1	79 1	74 1	12 1	70 1	8 1	54 1	18 1	56 1	9 1	51 1	69 1	30 1	55 1	43 1	39 1	10 1	71 1	6 1	22 1	4 1	41 1	38 1	66 1	7 1	3 1	75 1	78 1	34 1	61 1	58 1	21 1	63 1	32 1	31 1	40 1	5 1	42 1	23 1	57 1	15 1	59 1	16 1	52 1	13 1	76 1	25 1	77 1	24 1	20 1	29 1	60 1	14 1	17 1	27 1	36 1	45 1	11 1	62 1	26 1	47 1	0 1	48 1	67 1	46 1	2 1	64 1	50 1
39 1	25 1	11 1	76 1	75 1	45 1	50 1	21 1	12 1	42 1	43 1	37 1	44 1	55 1	60 1	71 1	68 1	15 1	28 1	64 1	29 1	69 1	78 1	17 1	32 1	4 1	47 1	61 1	70 1	63 1	35 1	5 1	33 1	79 1	2 1	26 1	27 1	31 1	3 1	74 1	48 1	59 1	46 1	16 1	19 1	1 1	23 1	66 1	49 1	20 1	10 1	34 1	56 1	0 1	41 1	40 1	52 1	30 1	62 1	57 1	18 1	72 1	73 1	7 1	24 1	8 1	54 1	67 1	65 1	36 1	6 1	22 1	9 1	53 1	51 1	58 1	77 1	14 1	13 1	38 1
9 1	33 1	19 1	67 1	52 1	64 1	72 1	15 1	47 1	16 1	18 1	22 1	24 1	36 1	46 1	13 1	75 1	71 1	10 1	63 1	26 1	27 1	79 1	48 1	70 1	49 1	54 1	0 1	45 1	50 1	34 1	37 1	69 1	29 1	23 1	78 1	11 1	20 1	77 1	38 1	62 1	65 1	41 1	8 1	7 1	6 1	76 1	59 1	14 1	61 1	51 1	42 1	57 1	35 1	39 1	44 1	31 1	60 1	5 1	53 1	2 1	55 1	73 1	68 1	74 1	66 1	21 1	30 1	58 1	3 1	1 1	32 1	40 1	17 1	56 1	12 1	25 1	43 1	28 1	4 1
28 1	39 1	21 1	9 1	20 1	71 1	38 1	69 1	35 1	33 1	57 1	55 1	43 1	16 1	62 1	61 1	78 1	60 1	58 1	65 1	8 1	12 1	11 1	76 1	75 1	47 1	45 1	54 1	18 1	2 1	42 1	19 1	53 1	26 1	51 1	4 1	72 1	23 1	49 1	32 1	59 1	15 1	56 1	41 1	36 1	66 1	64 1	3 1	63 1	74 1	27 1	7 1	13 1	52 1	37 1	48 1	30 1	79 1	34 1	1 1	10 1	29 1	24 1	22 1	70 1	50 1	46 1	44 1	25 1	5 1	73 1	40 1	31 1	67 1	14 1	17 1	0 1	68 1	77 1	6 1
76 1	52 1	66 1	74 1	39 1	57 1	70 1	9 1	3 1	24 1	33 1	59 1	61 1	65 1	21 1	58 1	15 1	44 1	10 1	16 1	40 1	38 1	47 1	71 1	36 1	18 1	55 1	22 1	5 1	67 1	11 1	8 1	50 1	13 1	31 1	78 1	7 1	69 1	30 1	0 1	14 1	28 1	45 1	6 1	77 1	17 1	75 1	68 1	42 1	48 1	2 1	19 1	53 1	46 1	64 1	37 1	49 1	43 1	34 1	51 1	41 1	63 1	72 1	35 1	23 1	73 1	79 1	26 1	29 1	60 1	32 1	4 1	20 1	27 1	12 1	25 1	1 1	54 1	62 1	56 1
70 1	18 1	20 1	59 1	33 1	77 1	0 1	19 1	67 1	65 1	55 1	58 1	10 1	13 1	31 1	16 1	14 1	11 1	42 1	44 1	22 1	39 1	6 1	2 1	27 1	25 1	66 1	37 1	75 1	8 1	68 1	50 1	12 1	56 1	48 1	41 1	46 1	60 1	21 1	4 1	34 1	23 1	62 1	63 1	38 1	51 1	54 1	30 1	78 1	15 1	71 1	74 1	26 1	40 1	32 1	45 1	61 1	47 1	43 1	35 1	3 1	17 1	72 1	73 1	52 1	7 1	57 1	36 1	76 1	1 1	29 1	28 1	9 1	53 1	69 1	64 1	49 1	79 1	5 1	24 1
44 1	40 1	64 1	50 1	36 1	24 1	4 1	66 1	6 1	77 1	70 1	55 1	30 1	67 1	2 1	21 1	10 1	26 1	71 1	46 1	33 1	15 1	22 1	31 1	17 1	20 1	29 1	75 1	43 1	52 1	35 1	60 1	69 1	57 1	3 1	62 1	53 1	23 1	5 1	74 1	16 1	9 1	28 1	79 1	56 1	41 1	45 1	39 1	59 1	34 1	37 1	8 1	73 1	25 1	14 1	12 1	58 1	11 1	54 1	47 1	78 1	42 1	65 1	32 1	7 1	0 1	72 1	1 1	51 1	63 1	68 1	18 1	13 1	76 1	19 1	49 1	48 1	61 1	27 1	38 1
71 1	1 1	58 1	28 1	5 1	79 1	6 1	67 1	3 1	57 1	72 1	53 1	48 1	36 1	59 1	4 1	15 1	73 1	74 1	78 1	0 1	77 1	64 1	45 1	11 1	62 1	9 1	34 1	16 1	35 1	32 1	2 1	76 1	65 1	63 1	23 1	47 1	33 1	10 1	38 1	69 1	75 1	22 1	42 1	68 1	70 1	24 1	21 1	50 1	43 1	17 1	26 1	31 1	37 1	60 1	40 1	39 1	12 1	51 1	13 1	49 1	41 1	46 1	44 1	29 1	54 1	61 1	66 1	30 1	14 1	27 1	8 1	18 1	19 1	52 1	55 1	25 1	56 1	7 1	20 1
58 1	73 1	60 1	5 1	61 1	21 1	30 1	52 1	41 1	9 1	56 1	48 1	22 1	69 1	7 1	2 1	68 1	54 1	70 1	16 1	63 1	34 1	36 1	39 1	35 1	24 1	8 1	43 1	75 1	40 1	50 1	78 1	66 1	26 1	17 1	59 1	45 1	14 1	77 1	19 1	0 1	20 1	18 1	55 1	49 1	25 1	47 1	12 1	42 1	1 1	15 1	28 1	79 1	31 1	65 1	74 1	27 1	62 1	64 1	4 1	32 1	57 1	72 1	51 1	33 1	11 1	38 1	44 1	10 1	53 1	13 1	3 1	23 1	29 1	71 1	37 1	6 1	76 1	46 1	67 1
4 1	60 1	64 1	10 1	75 1	0 1	6 1	7 1	12 1	58 1	16 1	29 1	39 1	30 1	70 1	63 1	50 1	5 1	62 1	19 1	45 1	73 1	3 1	72 1	42 1	27 1	37 1	24 1	14 1	59 1	26 1	2 1	65 1	15 1	31 1	76 1	47 1	48 1	25 1	54 1	49 1	67 1	1 1	38 1	55 1	57 1	34 1	8 1	18 1	17 1	33 1	35 1	56 1	71 1	32 1	9 1	40 1	11 1	36 1	51 1	28 1	23 1	78 1	20 1	66 1	21 1	79 1	46 1	41 1	69 1	77 1	22 1	74 1	44 1	43 1	61 1	68 1	13 1	53 1	52 1
71 1	53 1	64 1	12 1	61 1	29 1	78 1	55 1	49 1	8 1	68 1	26 1	6 1	44 1	22 1	74 1	20 1	27 1	23 1	32 1	13 1	69 1	1 1	42 1	67 1	4 1	58 1	56 1	36 1	63 1	59 1	35 1	31 1	30 1	75 1	15 1	25 1	60 1	2 1	9 1	43 1	34 1	17 1	11 1	10 1	47 1	54 1	38 1	57 1	40 1	19 1	48 1	7 1	51 1	18 1	46 1	24 1	66 1	41 1	73 1	21 1	33 1	77 1	76 1	79 1	62 1	16 1	28 1	0 1	70 1	52 1	65 1	3 1	14 1	39 1	50 1	45 1	72 1	37 1	5 1
27 1	73 1	74 1	24 1	56 1	4 1	5 1	44 1	43 1	70 1	21 1	60 1	28 1	16 1	2 1	3 1	1 1	33 1	37 1	10 1	39 1	64 1	36 1	48 1	19 1	47 1	57 1	34 1	13 1	72 1	41 1	59 1	63 1	32 1	76 1	18 1	75 1	38 1	11 1	68 1	31 1	51 1	46 1	45 1	42 1	15 1	53 1	69 1	71 1	40 1	35 1	30 1	58 1	50 1	54 1	20 1	14 1	61 1	77 1	52 1	12 1	49 1	8 1	17 1	9 1	0 1	65 1	26 1	25 1	23 1	79 1	55 1	29 1	66 1	62 1	22 1	7 1	6 1	78 1	67 1
64 1	70 1	40 1	50 1	71 1	37 1	59 1	42 1	79 1	55 1	51 1	0 1	4 1	52 1	73 1	32 1	15 1	45 1	53 1	18 1	61 1	28 1	1 1	39 1	8 1	62 1	7 1	23 1	57 1	6 1	33 1	63 1	54 1	67 1	29 1	36 1	27 1	31 1	19 1	56 1	21 1	20 1	11 1	58 1	68 1	60 1	25 1	34 1	38 1	72 1	46 1	14 1	22 1	66 1	5 1	24 1	48 1	77 1	12 1	44 1	35 1	47 1	78 1	75 1	65 1	9 1	69 1	41 1	16 1	76 1	3 1	10 1	30 1	43 1	26 1	49 1	17 1	13 1	2 1	74 1
52 1	29 1	72 1	10 1	15 1	71 1	5 1	45 1	37 1	17 1	73 1	42 1	31 1	4 1	20 1	50 1	55 1	51 1	41 1	8 1	22 1	27 1	59 1	67 1	33 1	61 1	46 1	65 1	14 1	18 1	7 1	62 1	70 1	2 1	77 1	63 1	32 1	53 1	38 1	30 1	79 1	39 1	24 1	13 1	75 1	40 1	66 1	44 1	43 1	12 1	69 1	28 1	54 1	64 1	0 1	49 1	76 1	16 1	26 1	9 1	60 1	3 1	48 1	78 1	23 1	1 1	34 1	11 1	21 1	36 1	56 1	6 1	35 1	58 1	19 1	47 1	74 1	68 1	57 1	25 1
22 1	21 1	45 1	65 1	3 1	50 1	14 1	42 1	9 1	34 1	2 1	8 1	41 1	32 1	48 1	31 1	11 1	54 1	6 1	64 1	51 1	63 1	35 1	70 1	19 1	57 1	26 1	78 1	5 1	79 1	39 1	36 1	24 1	18 1	29 1	43 1	68 1	67 1	76 1	74 1	60 1	33 1	1 1	75 1	44 1	4 1	15 1	56 1	40 1	17 1	72 1	23 1	20 1	77 1	62 1	10 1	66 1	46 1	71 1	49 1	52 1	0 1	73 1	27 1	59 1	28 1	7 1	25 1	61 1	13 1	55 1	38 1	53 1	37 1	58 1	47 1	12 1	16 1	69 1	30 1
48 1	34 1	59 1	58 1	69 1	68 1	18 1	32 1	77 1	42 1	20 1	22 1	49 1	21 1	39 1	64 1	3 1	1 1	29 1	43 1	54 1	55 1	51 1	36 1	2 1	66 1	30 1	56 1	6 1	71 1	72 1	16 1	75 1	25 1	78 1	52 1	37 1	14 1	7 1	74 1	38 1	63 1	76 1	4 1	23 1	53 1	35 1	24 1	27 1	44 1	15 1	11 1	57 1	28 1	50 1	47 1	10 1	17 1	5 1	9 1	61 1	31 1	46 1	12 1	40 1	45 1	73 1	67 1	79 1	0 1	41 1	8 1	26 1	13 1	65 1	70 1	33 1	62 1	60 1	19 1
47 1	66 1	70 1	39 1	67 1	8 1	38 1	48 1	17 1	11 1	6 1	65 1	41 1	49 1	50 1	72 1	63 1	58 1	30 1	18 1	57 1	62 1	74 1	33 1	1 1	69 1	46 1	45 1	24 1	0 1	10 1	9 1	23 1	61 1	29 1	21 1	43 1	3 1	16 1	25 1	42 1	60 1	7 1	34 1	28 1	59 1	55 1	15 1	13 1	53 1	27 1	12 1	35 1	44 1	71 1	64 1	20 1	52 1	4 1	78 1	37 1	79 1	40 1	31 1	75 1	32 1	22 1	36 1	76 1	14 1	19 1	54 1	2 1	56 1	5 1	26 1	77 1	68 1	51 1	73 1
17 1	69 1	49 1	59 1	22 1	23 1	68 1	45 1	56 1	46 1	10 1	61 1	38 1	29 1	31 1	5 1	55 1	41 1	20 1	62 1	42 1	26 1	67 1	9 1	72 1	75 1	14 1	30 1	1 1	60 1	73 1	37 1	74 1	8 1	65 1	78 1	47 1	79 1	71 1	44 1	66 1	12 1	39 1	51 1	25 1	0 1	40 1	64 1	28 1	33 1	15 1	18 1	19 1	76 1	58 1	63 1	3 1	27 1	32 1	34 1	16 1	7 1	54 1	24 1	53 1	50 1	52 1	57 1	48 1	6 1	2 1	70 1	11 1	43 1	4 1	13 1	36 1	21 1	35 1	77 1
43 1	37 1	22 1	48 1	27 1	17 1	55 1	45 1	13 1	29 1	72 1	24 1	0 1	46 1	49 1	20 1	16 1	40 1	78 1	23 1	9 1	44 1	65 1	66 1	59 1	76 1	38 1	28 1	47 1	62 1	15 1	73 1	56 1	63 1	6 1	18 1	7 1	10 1	14 1	75 1	12 1	64 1	54 1	30 1	25 1	2 1	32 1	3 1	35 1	52 1	11 1	57 1	19 1	79 1	69 1	41 1	26 1	51 1	50 1	71 1	33 1	42 1	39 1	1 1	31 1	77 1	61 1	21 1	67 1	4 1	34 1	5 1	68 1	8 1	58 1	53 1	60 1	36 1	74 1	70 1
65 1	8 1	39 1	43 1	0 1	68 1	51 1	32 1	78 1	10 1	7 1	54 1	36 1	21 1	29 1	19 1	22 1	48 1	28 1	1 1	52 1	62 1	5 1	13 1	67 1	74 1	60 1	44 1	14 1	64 1	11 1	35 1	18 1	30 1	61 1	70 1	45 1	72 1	46 1	58 1	33 1	79 1	49 1	37 1	71 1	20 1	75 1	66 1	55 1	27 1	50 1	23 1	31 1	15 1	16 1	76 1	73 1	9 1	59 1	69 1	2 1	24 1	40 1	38 1	42 1	47 1	17 1	63 1	25 1	12 1	6 1	53 1	57 1	56 1	3 1	26 1	77 1	4 1	41 1	34 1
58 1	60 1	23 1	32 1	72 1	47 1	38 1	14 1	10 1	61 1	3 1	66 1	19 1	12 1	42 1	27 1	20 1	17 1	59 1	1 1	6 1	55 1	28 1	13 1	67 1	79 1	0 1	30 1	5 1	18 1	36 1	25 1	71 1	56 1	51 1	77 1	48 1	24 1	54 1	43 1	40 1	52 1	62 1	33 1	76 1	73 1	34 1	9 1	4 1	46 1	8 1	68 1	50 1	64 1	74 1	70 1	15 1	53 1	37 1	78 1	69 1	22 1	63 1	35 1	21 1	44 1	41 1	29 1	57 1	45 1	7 1	31 1	49 1	26 1	11 1	2 1	65 1	16 1	75 1	39 1
31 1	1 1	44 1	42 1	30 1	11 1	69 1	72 1	45 1	15 1	46 1	48 1	33 1	47 1	56 1	76 1	40 1	38 1	4 1	55 1	71 1	79 1	61 1	57 1	75 1	74 1	78 1	70 1	51 1	77 1	29 1	26 1	41 1	9 1	3 1	64 1	17 1	22 1	32 1	10 1	66 1	8 1	58 1	36 1	50 1	23 1	68 1	65 1	12 1	52 1	16 1	28 1	24 1	5 1	21 1	67 1	37 1	54 1	25 1	34 1	2 1	18 1	63 1	20 1	6 1	27 1	59 1	0 1	43 1	14 1	73 1	35 1	39 1	19 1	62 1	49 1	60 1	53 1	7 1	13 1
51 1	39 1	68 1	17 1	47 1	24 1	42 1	40 1	31 1	55 1	72 1	26 1	57 1	19 1	65 1	27 1	45 1	3 1	9 1	12 1	46 1	30 1	62 1	41 1	14 1	79 1	50 1	15 1	20 1	44 1	35 1	66 1	21 1	78 1	43 1	74 1	70 1	28 1	22 1	4 1	37 1	32 1	23 1	58 1	64 1	13 1	36 1	8 1	16 1	56 1	38 1	33 1	49 1	2 1	5 1	73 1	34 1	59 1	75 1	48 1	1 1	53 1	60 1	69 1	11 1	71 1	0 1	25 1	76 1	18 1	61 1	10 1	63 1	7 1	77 1	6 1	67 1	29 1	52 1	54 1
66 1	61 1	14 1	21 1	64 1	13 1	27 1	8 1	40 1	68 1	19 1	0 1	31 1	1 1	62 1	10 1	59 1	39 1	7 1	71 1	3 1	17 1	46 1	70 1	33 1	73 1	53 1	9 1	42 1	11 1	52 1	50 1	41 1	74 1	67 1	38 1	43 1	23 1	72 1	28 1	36 1	34 1	48 1	45 1	55 1	20 1	18 1	24 1	54 1	2 1	47 1	37 1	26 1	5 1	49 1	29 1	56 1	44 1	79 1	63 1	58 1	35 1	15 1	60 1	75 1	76 1	69 1	51 1	78 1	32 1	57 1	16 1	77 1	65 1	4 1	22 1	25 1	30 1	12 1	6 1
52 1	17 1	37 1	71 1	7 1	65 1	29 1	20 1	8 1	22 1	64 1	19 1	5 1	23 1	45 1	0 1	50 1	16 1	76 1	49 1	74 1	42 1	68 1	38 1	78 1	59 1	47 1	28 1	11 1	51 1	61 1	69 1	43 1	18 1	34 1	79 1	53 1	9 1	33 1	48 1	39 1	70 1	77 1	73 1	30 1	36 1	35 1	56 1	62 1	12 1	54 1	2 1	44 1	55 1	32 1	4 1	40 1	21 1	27 1	41 1	67 1	3 1	63 1	10 1	26 1	25 1	6 1	14 1	75 1	31 1	57 1	13 1	24 1	72 1	58 1	15 1	60 1	1 1	66 1	46 1
21 1	57 1	31 1	5 1	25 1	45 1	39 1	55 1	33 1	22 1	56 1	17 1	1 1	78 1	63 1	69 1	75 1	0 1	35 1	36 1	60 1	37 1	77 1	20 1	65 1	16 1	66 1	6 1	19 1	12 1	49 1	79 1	44 1	28 1	24 1	3 1	15 1	14 1	8 1	59 1	23 1	61 1	41 1	71 1	18 1	50 1	38 1	64 1	46 1	74 1	2 1	72 1	4 1	62 1	13 1	29 1	58 1	67 1	34 1	42 1	51 1	52 1	47 1	10 1	30 1	54 1	70 1	73 1	9 1	40 1	11 1	68 1	32 1	7 1	48 1	53 1	26 1	76 1	43 1	27 1
45 1	78 1	12 1	4 1	50 1	19 1	51 1	77 1	46 1	68 1	41 1	44 1	56 1	40 1	32 1	30 1	38 1	47 1	73 1	29 1	8 1	2 1	26 1	42 1	36 1	79 1	59 1	63 1	67 1	22 1	14 1	58 1	35 1	65 1	6 1	7 1	74 1	18 1	55 1	49 1	39 1	54 1	25 1	72 1	33 1	61 1	70 1	15 1	31 1	3 1	9 1	62 1	76 1	43 1	53 1	20 1	52 1	23 1	13 1	27 1	71 1	48 1	17 1	1 1	75 1	34 1	64 1	11 1	66 1	0 1	21 1	24 1	10 1	69 1	28 1	16 1	57 1	5 1	60 1	37 1
2 1	32 1	22 1	0 1	71 1	54 1	20 1	61 1	56 1	72 1	76 1	42 1	57 1	49 1	40 1	35 1	48 1	14 1	11 1	28 1	59 1	33 1	1 1	53 1	65 1	30 1	15 1	5 1	78 1	52 1	63 1	17 1	41 1	66 1	7 1	75 1	19 1	62 1	31 1	64 1	44 1	21 1	79 1	50 1	69 1	43 1	9 1	68 1	8 1	37 1	70 1	18 1	29 1	3 1	16 1	23 1	45 1	73 1	77 1	4 1	74 1	58 1	38 1	47 1	46 1	55 1	25 1	34 1	51 1	13 1	26 1	24 1	27 1	36 1	39 1	10 1	60 1	12 1	6 1	67 1
