30	50
42 1	8 1	44 1	25 1	24 1	5 1	46 1	12 1	33 1	3 1	14 1	21 1	43 1	22 1	0 1	47 1	37 1	48 1	39 1	31 1	7 1	4 1	30 1	10 1	16 1	40 1	45 1	26 1	11 1	9 1	34 1	32 1	17 1	35 1	38 1	6 1	36 1	29 1	1 1	20 1	27 1	28 1	15 1	49 1	41 1	2 1	18 1	23 1	13 1	19 1
11 1	10 1	8 1	25 1	37 1	21 1	1 1	0 1	33 1	26 1	23 1	12 1	27 1	30 1	42 1	44 1	41 1	40 1	20 1	13 1	6 1	24 1	36 1	39 1	4 1	49 1	48 1	22 1	28 1	7 1	31 1	47 1	34 1	19 1	5 1	45 1	2 1	14 1	35 1	15 1	9 1	29 1	43 1	18 1	17 1	46 1	32 1	3 1	38 1	16 1
8 1	42 1	36 1	30 1	13 1	17 1	22 1	14 1	23 1	20 1	39 1	49 1	34 1	16 1	5 1	37 1	35 1	33 1	7 1	41 1	12 1	31 1	45 1	25 1	6 1	40 1	3 1	1 1	28 1	9 1	32 1	46 1	26 1	29 1	47 1	4 1	11 1	44 1	24 1	18 1	10 1	15 1	38 1	0 1	19 1	21 1	2 1	48 1	43 1	27 1
5 1	46 1	17 1	6 1	33 1	14 1	28 1	3 1	34 1	1 1	0 1	43 1	8 1	27 1	23 1	31 1	10 1	26 1	41 1	35 1	39 1	42 1	40 1	38 1	44 1	15 1	49 1	12 1	47 1	16 1	29 1	45 1	21 1	13 1	19 1	36 1	4 1	7 1	2 1	9 1	25 1	11 1	22 1	18 1	48 1	30 1	37 1	32 1	20 1	24 1
35 1	18 1	16 1	4 1	5 1	29 1	23 1	30 1	10 1	26 1	7 1	39 1	11 1	24 1	9 1	34 1	14 1	17 1	46 1	8 1	48 1	15 1	40 1	42 1	0 1	22 1	3 1	2 1	13 1	32 1	20 1	28 1	49 1	41 1	27 1	21 1	33 1	12 1	31 1	45 1	37 1	38 1	36 1	19 1	6 1	47 1	44 1	1 1	43 1	25 1
10 1	2 1	19 1	9 1	48 1	46 1	24 1	49 1	3 1	21 1	4 1	38 1	0 1	47 1	45 1	44 1	12 1	32 1	26 1	42 1	5 1	18 1	43 1	6 1	23 1	15 1	22 1	14 1	16 1	1 1	17 1	28 1	39 1	34 1	37 1	27 1	8 1	36 1	13 1	30 1	29 1	20 1	41 1	25 1	33 1	7 1	11 1	35 1	40 1	31 1
43 1	21 1	16 1	13 1	30 1	1 1	27 1	19 1	46 1	26 1	39 1	49 1	18 1	0 1	31 1	37 1	6 1	40 1	36 1	3 1	8 1	5 1	9 1	24 1	4 1	29 1	44 1	20 1	28 1	34 1	48 1	25 1	47 1	11 1	12 1	7 1	10 1	35 1	38 1	33 1	23 1	45 1	41 1	42 1	15 1	2 1	17 1	32 1	22 1	14 1
34 1	28 1	33 1	19 1	38 1	5 1	46 1	26 1	1 1	27 1	43 1	9 1	39 1	41 1	3 1	44 1	29 1	40 1	15 1	8 1	49 1	0 1	10 1	24 1	17 1	31 1	42 1	14 1	35 1	30 1	12 1	4 1	20 1	21 1	36 1	47 1	6 1	45 1	16 1	48 1	7 1	11 1	18 1	23 1	37 1	2 1	13 1	22 1	32 1	25 1
24 1	33 1	38 1	34 1	31 1	23 1	47 1	21 1	35 1	3 1	14 1	27 1	40 1	5 1	18 1	39 1	37 1	29 1	10 1	19 1	6 1	2 1	30 1	11 1	48 1	26 1	12 1	25 1	49 1	4 1	46 1	16 1	1 1	28 1	9 1	42 1	13 1	7 1	41 1	45 1	44 1	32 1	36 1	17 1	0 1	8 1	15 1	22 1	43 1	20 1
12 1	33 1	42 1	17 1	18 1	38 1	34 1	5 1	21 1	19 1	35 1	26 1	28 1	23 1	29 1	9 1	10 1	2 1	24 1	30 1	4 1	48 1	16 1	25 1	11 1	49 1	41 1	39 1	20 1	47 1	44 1	15 1	7 1	3 1	1 1	43 1	14 1	0 1	40 1	13 1	46 1	8 1	32 1	45 1	36 1	6 1	37 1	31 1	22 1	27 1
47 1	19 1	21 1	9 1	15 1	1 1	39 1	30 1	16 1	42 1	26 1	33 1	49 1	44 1	41 1	29 1	23 1	5 1	20 1	17 1	36 1	24 1	22 1	8 1	35 1	38 1	13 1	34 1	37 1	4 1	31 1	46 1	43 1	12 1	6 1	25 1	32 1	2 1	45 1	48 1	28 1	7 1	3 1	0 1	11 1	27 1	18 1	40 1	10 1	14 1
3 1	20 1	2 1	40 1	29 1	17 1	39 1	9 1	44 1	41 1	46 1	10 1	30 1	26 1	21 1	13 1	27 1	49 1	19 1	25 1	38 1	6 1	45 1	5 1	37 1	23 1	31 1	34 1	22 1	48 1	24 1	7 1	33 1	42 1	0 1	14 1	11 1	8 1	36 1	47 1	32 1	16 1	18 1	15 1	4 1	12 1	28 1	1 1	43 1	35 1
34 1	31 1	39 1	11 1	22 1	7 1	15 1	13 1	19 1	26 1	30 1	24 1	10 1	35 1	14 1	3 1	29 1	42 1	48 1	25 1	40 1	17 1	36 1	41 1	43 1	28 1	2 1	8 1	27 1	16 1	46 1	0 1	38 1	6 1	47 1	32 1	1 1	44 1	49 1	23 1	9 1	20 1	4 1	21 1	45 1	37 1	12 1	18 1	5 1	33 1
22 1	2 1	0 1	20 1	16 1	15 1	10 1	36 1	45 1	43 1	3 1	34 1	8 1	6 1	41 1	28 1	12 1	23 1	29 1	19 1	5 1	38 1	42 1	49 1	31 1	4 1	48 1	25 1	47 1	33 1	9 1	14 1	1 1	18 1	30 1	44 1	7 1	46 1	17 1	27 1	13 1	37 1	32 1	21 1	11 1	26 1	24 1	39 1	35 1	40 1
22 1	2 1	16 1	18 1	15 1	32 1	20 1	41 1	47 1	26 1	3 1	1 1	9 1	17 1	45 1	14 1	11 1	44 1	7 1	38 1	42 1	35 1	27 1	31 1	24 1	28 1	30 1	6 1	12 1	25 1	8 1	29 1	49 1	46 1	21 1	33 1	5 1	43 1	40 1	36 1	34 1	37 1	4 1	0 1	48 1	13 1	23 1	39 1	19 1	10 1
3 1	48 1	31 1	18 1	24 1	28 1	21 1	44 1	49 1	14 1	27 1	19 1	26 1	2 1	32 1	17 1	33 1	22 1	1 1	40 1	4 1	46 1	10 1	16 1	7 1	11 1	29 1	39 1	13 1	25 1	37 1	20 1	35 1	15 1	47 1	42 1	34 1	6 1	41 1	5 1	23 1	43 1	12 1	0 1	9 1	8 1	38 1	36 1	45 1	30 1
16 1	5 1	30 1	43 1	21 1	32 1	10 1	18 1	0 1	42 1	44 1	13 1	20 1	17 1	9 1	39 1	8 1	40 1	37 1	4 1	22 1	26 1	33 1	1 1	23 1	29 1	36 1	34 1	6 1	46 1	25 1	49 1	28 1	2 1	24 1	41 1	12 1	19 1	11 1	45 1	38 1	7 1	27 1	14 1	31 1	15 1	35 1	3 1	47 1	48 1
0 1	8 1	5 1	41 1	40 1	13 1	27 1	44 1	24 1	31 1	19 1	30 1	29 1	11 1	23 1	22 1	32 1	34 1	14 1	15 1	2 1	36 1	37 1	48 1	20 1	21 1	47 1	1 1	33 1	38 1	4 1	17 1	3 1	42 1	26 1	9 1	10 1	46 1	49 1	12 1	43 1	25 1	6 1	18 1	35 1	7 1	28 1	45 1	16 1	39 1
36 1	31 1	43 1	14 1	19 1	47 1	37 1	11 1	7 1	0 1	48 1	13 1	49 1	9 1	15 1	21 1	1 1	38 1	30 1	32 1	27 1	35 1	29 1	6 1	16 1	23 1	25 1	46 1	20 1	39 1	3 1	26 1	42 1	17 1	44 1	12 1	10 1	41 1	2 1	24 1	18 1	33 1	40 1	4 1	22 1	45 1	8 1	34 1	28 1	5 1
10 1	30 1	5 1	25 1	23 1	34 1	35 1	40 1	49 1	7 1	18 1	8 1	36 1	22 1	42 1	43 1	4 1	9 1	17 1	21 1	1 1	12 1	0 1	19 1	3 1	29 1	11 1	13 1	26 1	14 1	46 1	16 1	45 1	2 1	37 1	28 1	44 1	48 1	39 1	20 1	6 1	15 1	41 1	33 1	38 1	32 1	27 1	47 1	24 1	31 1
24 1	14 1	22 1	11 1	6 1	44 1	25 1	32 1	27 1	41 1	45 1	0 1	35 1	46 1	5 1	10 1	8 1	13 1	47 1	29 1	16 1	43 1	12 1	21 1	30 1	33 1	39 1	49 1	20 1	3 1	1 1	34 1	37 1	36 1	31 1	28 1	9 1	17 1	23 1	4 1	26 1	48 1	38 1	40 1	18 1	15 1	7 1	2 1	42 1	19 1
11 1	21 1	1 1	27 1	17 1	42 1	7 1	25 1	40 1	26 1	10 1	20 1	9 1	13 1	6 1	15 1	49 1	30 1	2 1	41 1	39 1	8 1	24 1	44 1	37 1	47 1	38 1	46 1	4 1	35 1	3 1	22 1	23 1	34 1	0 1	48 1	45 1	5 1	36 1	43 1	18 1	19 1	32 1	12 1	31 1	33 1	14 1	28 1	16 1	29 1
34 1	39 1	5 1	32 1	26 1	43 1	30 1	48 1	6 1	27 1	3 1	29 1	22 1	12 1	18 1	19 1	37 1	20 1	9 1	16 1	17 1	2 1	42 1	14 1	8 1	25 1	33 1	7 1	21 1	0 1	46 1	31 1	11 1	23 1	38 1	15 1	40 1	49 1	10 1	28 1	1 1	36 1	44 1	35 1	4 1	45 1	47 1	13 1	24 1	41 1
46 1	11 1	24 1	13 1	4 1	18 1	0 1	7 1	17 1	14 1	36 1	5 1	6 1	32 1	23 1	41 1	2 1	37 1	28 1	26 1	20 1	47 1	21 1	39 1	16 1	34 1	10 1	12 1	38 1	30 1	15 1	25 1	27 1	44 1	40 1	29 1	42 1	48 1	49 1	8 1	19 1	22 1	1 1	31 1	35 1	9 1	45 1	33 1	43 1	3 1
15 1	48 1	8 1	4 1	34 1	45 1	21 1	35 1	30 1	25 1	13 1	32 1	49 1	11 1	22 1	1 1	6 1	37 1	24 1	42 1	14 1	3 1	36 1	33 1	40 1	5 1	9 1	41 1	17 1	29 1	26 1	7 1	39 1	10 1	46 1	23 1	38 1	12 1	0 1	47 1	27 1	2 1	28 1	20 1	31 1	43 1	18 1	16 1	19 1	44 1
22 1	9 1	45 1	18 1	42 1	12 1	7 1	37 1	41 1	20 1	35 1	23 1	2 1	39 1	43 1	47 1	44 1	6 1	24 1	17 1	3 1	26 1	28 1	29 1	40 1	38 1	10 1	34 1	21 1	31 1	48 1	16 1	25 1	33 1	19 1	30 1	4 1	5 1	36 1	46 1	8 1	13 1	0 1	27 1	1 1	32 1	14 1	15 1	11 1	49 1
42 1	0 1	17 1	4 1	49 1	47 1	34 1	28 1	6 1	26 1	8 1	32 1	38 1	10 1	37 1	48 1	3 1	40 1	29 1	12 1	39 1	16 1	31 1	23 1	30 1	27 1	35 1	13 1	18 1	11 1	45 1	20 1	46 1	19 1	15 1	7 1	41 1	21 1	24 1	9 1	36 1	14 1	2 1	22 1	43 1	25 1	44 1	1 1	5 1	33 1
6 1	13 1	37 1	18 1	11 1	9 1	3 1	31 1	16 1	19 1	41 1	28 1	20 1	38 1	40 1	5 1	7 1	12 1	15 1	25 1	49 1	36 1	1 1	46 1	22 1	24 1	47 1	35 1	17 1	43 1	30 1	23 1	0 1	48 1	32 1	42 1	21 1	8 1	45 1	29 1	14 1	34 1	39 1	26 1	10 1	44 1	2 1	27 1	4 1	33 1
37 1	30 1	21 1	18 1	19 1	48 1	4 1	46 1	9 1	0 1	41 1	16 1	8 1	13 1	40 1	29 1	20 1	49 1	25 1	23 1	31 1	28 1	42 1	45 1	33 1	24 1	7 1	43 1	47 1	15 1	12 1	2 1	32 1	35 1	39 1	3 1	36 1	1 1	22 1	10 1	38 1	14 1	17 1	44 1	11 1	34 1	6 1	26 1	5 1	27 1
42 1	29 1	45 1	30 1	8 1	15 1	36 1	26 1	14 1	33 1	11 1	0 1	23 1	49 1	19 1	7 1	21 1	18 1	4 1	10 1	31 1	27 1	1 1	37 1	3 1	2 1	41 1	16 1	34 1	35 1	25 1	48 1	46 1	12 1	38 1	24 1	20 1	32 1	5 1	39 1	40 1	6 1	13 1	43 1	17 1	9 1	44 1	47 1	22 1	28 1
