60	90
45 1	41 1	79 1	19 1	43 1	20 1	65 1	21 1	11 1	16 1	42 1	23 1	83 1	9 1	84 1	48 1	47 1	64 1	15 1	77 1	50 1	62 1	71 1	88 1	30 1	56 1	12 1	44 1	38 1	13 1	61 1	49 1	76 1	70 1	75 1	67 1	51 1	37 1	25 1	52 1	78 1	46 1	53 1	89 1	5 1	7 1	73 1	6 1	81 1	10 1	14 1	66 1	80 1	36 1	59 1	34 1	72 1	60 1	68 1	33 1	27 1	74 1	69 1	8 1	39 1	0 1	4 1	2 1	82 1	32 1	29 1	58 1	55 1	35 1	18 1	31 1	87 1	28 1	24 1	17 1	3 1	86 1	26 1	1 1	63 1	85 1	40 1	22 1	57 1	54 1
66 1	81 1	21 1	17 1	0 1	36 1	1 1	23 1	34 1	75 1	69 1	56 1	65 1	68 1	62 1	64 1	60 1	32 1	14 1	3 1	2 1	57 1	13 1	79 1	82 1	51 1	6 1	59 1	63 1	47 1	38 1	44 1	45 1	28 1	33 1	53 1	10 1	46 1	5 1	40 1	89 1	35 1	88 1	73 1	18 1	49 1	85 1	87 1	78 1	84 1	77 1	22 1	80 1	11 1	9 1	70 1	86 1	42 1	27 1	71 1	54 1	4 1	55 1	20 1	67 1	58 1	26 1	74 1	19 1	7 1	39 1	52 1	37 1	31 1	43 1	76 1	24 1	83 1	30 1	29 1	41 1	8 1	25 1	12 1	16 1	61 1	48 1	15 1	72 1	50 1
83 1	56 1	54 1	9 1	73 1	57 1	20 1	18 1	19 1	16 1	75 1	25 1	42 1	3 1	11 1	10 1	22 1	76 1	89 1	34 1	80 1	40 1	49 1	72 1	78 1	55 1	88 1	28 1	53 1	21 1	1 1	82 1	27 1	58 1	43 1	85 1	61 1	29 1	51 1	37 1	2 1	24 1	70 1	6 1	59 1	44 1	35 1	39 1	71 1	46 1	41 1	79 1	69 1	36 1	7 1	47 1	31 1	50 1	15 1	23 1	45 1	62 1	8 1	4 1	12 1	26 1	60 1	87 1	33 1	65 1	63 1	14 1	5 1	64 1	68 1	38 1	74 1	30 1	77 1	32 1	84 1	66 1	0 1	86 1	17 1	67 1	81 1	48 1	13 1	52 1
52 1	3 1	5 1	25 1	67 1	7 1	36 1	83 1	38 1	32 1	16 1	34 1	54 1	50 1	78 1	20 1	48 1	70 1	27 1	89 1	74 1	69 1	85 1	18 1	71 1	43 1	76 1	72 1	75 1	61 1	4 1	13 1	14 1	80 1	44 1	30 1	42 1	84 1	65 1	11 1	33 1	53 1	8 1	35 1	15 1	37 1	29 1	0 1	49 1	58 1	81 1	45 1	21 1	31 1	6 1	41 1	9 1	24 1	86 1	60 1	82 1	73 1	46 1	10 1	19 1	87 1	12 1	88 1	68 1	64 1	22 1	51 1	77 1	55 1	63 1	23 1	17 1	47 1	66 1	28 1	79 1	26 1	56 1	62 1	40 1	39 1	57 1	1 1	2 1	59 1
33 1	39 1	3 1	76 1	25 1	77 1	38 1	29 1	67 1	14 1	56 1	6 1	60 1	0 1	4 1	73 1	52 1	43 1	74 1	84 1	44 1	89 1	26 1	47 1	62 1	83 1	88 1	58 1	55 1	20 1	1 1	53 1	65 1	16 1	24 1	27 1	19 1	21 1	48 1	71 1	22 1	42 1	75 1	11 1	37 1	59 1	51 1	50 1	36 1	12 1	15 1	41 1	72 1	18 1	45 1	68 1	28 1	46 1	10 1	78 1	66 1	57 1	63 1	23 1	80 1	30 1	69 1	49 1	8 1	61 1	81 1	13 1	87 1	2 1	5 1	35 1	9 1	40 1	17 1	85 1	86 1	79 1	64 1	7 1	34 1	54 1	31 1	70 1	32 1	82 1
66 1	78 1	35 1	88 1	23 1	18 1	61 1	72 1	11 1	2 1	58 1	25 1	55 1	39 1	70 1	86 1	42 1	71 1	62 1	52 1	79 1	57 1	83 1	19 1	41 1	33 1	6 1	65 1	49 1	64 1	27 1	59 1	4 1	45 1	22 1	16 1	69 1	75 1	17 1	54 1	29 1	9 1	32 1	14 1	46 1	67 1	36 1	21 1	53 1	74 1	30 1	73 1	1 1	68 1	47 1	51 1	24 1	34 1	56 1	89 1	38 1	76 1	80 1	48 1	87 1	0 1	7 1	84 1	63 1	20 1	13 1	10 1	3 1	28 1	82 1	37 1	8 1	31 1	50 1	26 1	15 1	60 1	81 1	85 1	12 1	40 1	44 1	77 1	5 1	43 1
38 1	4 1	77 1	58 1	8 1	44 1	89 1	56 1	79 1	65 1	24 1	55 1	54 1	0 1	74 1	49 1	62 1	70 1	50 1	39 1	47 1	30 1	46 1	71 1	84 1	34 1	41 1	36 1	32 1	68 1	48 1	6 1	82 1	19 1	31 1	63 1	16 1	1 1	22 1	11 1	15 1	73 1	45 1	7 1	33 1	61 1	9 1	57 1	43 1	26 1	23 1	13 1	28 1	88 1	29 1	67 1	66 1	52 1	75 1	72 1	69 1	2 1	78 1	53 1	21 1	14 1	20 1	10 1	5 1	12 1	3 1	37 1	80 1	35 1	86 1	51 1	18 1	17 1	81 1	25 1	60 1	40 1	85 1	87 1	64 1	83 1	42 1	59 1	27 1	76 1
4 1	26 1	11 1	79 1	71 1	38 1	0 1	45 1	18 1	80 1	23 1	25 1	58 1	31 1	55 1	21 1	75 1	17 1	49 1	85 1	78 1	54 1	32 1	37 1	50 1	28 1	84 1	81 1	3 1	83 1	9 1	7 1	86 1	64 1	35 1	19 1	48 1	52 1	87 1	6 1	40 1	44 1	59 1	29 1	73 1	2 1	57 1	13 1	22 1	41 1	10 1	39 1	20 1	68 1	43 1	34 1	74 1	14 1	70 1	66 1	16 1	82 1	42 1	15 1	88 1	5 1	1 1	12 1	27 1	72 1	8 1	76 1	69 1	62 1	46 1	24 1	47 1	89 1	53 1	51 1	63 1	77 1	33 1	30 1	65 1	36 1	56 1	67 1	61 1	60 1
33 1	31 1	27 1	44 1	35 1	26 1	42 1	59 1	77 1	66 1	8 1	1 1	15 1	78 1	80 1	39 1	79 1	12 1	48 1	55 1	23 1	46 1	24 1	11 1	22 1	76 1	74 1	37 1	6 1	73 1	18 1	60 1	45 1	81 1	54 1	2 1	17 1	7 1	34 1	51 1	10 1	9 1	57 1	36 1	32 1	62 1	41 1	65 1	52 1	56 1	40 1	49 1	64 1	0 1	67 1	3 1	53 1	82 1	83 1	20 1	47 1	19 1	85 1	70 1	38 1	58 1	69 1	30 1	63 1	16 1	25 1	75 1	5 1	21 1	87 1	13 1	43 1	86 1	4 1	14 1	84 1	28 1	61 1	71 1	50 1	89 1	68 1	29 1	72 1	88 1
32 1	60 1	39 1	58 1	76 1	89 1	0 1	51 1	81 1	54 1	11 1	61 1	50 1	36 1	87 1	79 1	78 1	88 1	2 1	72 1	6 1	7 1	53 1	22 1	56 1	48 1	77 1	70 1	30 1	80 1	15 1	23 1	64 1	9 1	65 1	66 1	55 1	40 1	19 1	69 1	5 1	21 1	3 1	59 1	57 1	86 1	35 1	45 1	67 1	18 1	28 1	82 1	42 1	41 1	20 1	1 1	84 1	43 1	25 1	62 1	13 1	49 1	85 1	73 1	26 1	12 1	63 1	44 1	46 1	75 1	14 1	71 1	33 1	29 1	10 1	24 1	4 1	34 1	8 1	47 1	17 1	83 1	74 1	38 1	31 1	52 1	68 1	27 1	37 1	16 1
41 1	34 1	63 1	53 1	77 1	4 1	40 1	1 1	61 1	15 1	74 1	6 1	84 1	87 1	22 1	65 1	85 1	89 1	78 1	69 1	31 1	32 1	9 1	36 1	46 1	14 1	80 1	64 1	20 1	45 1	58 1	57 1	11 1	59 1	55 1	51 1	44 1	72 1	37 1	75 1	81 1	68 1	47 1	29 1	26 1	76 1	13 1	27 1	21 1	48 1	18 1	30 1	49 1	38 1	0 1	67 1	24 1	39 1	8 1	79 1	56 1	5 1	35 1	42 1	10 1	71 1	3 1	70 1	66 1	54 1	25 1	43 1	86 1	12 1	7 1	82 1	19 1	28 1	33 1	73 1	52 1	62 1	23 1	88 1	50 1	83 1	60 1	17 1	2 1	16 1
20 1	62 1	55 1	88 1	71 1	43 1	87 1	25 1	85 1	81 1	82 1	24 1	7 1	56 1	13 1	70 1	8 1	72 1	21 1	52 1	65 1	35 1	61 1	5 1	15 1	27 1	58 1	67 1	3 1	76 1	57 1	36 1	64 1	42 1	28 1	51 1	10 1	30 1	1 1	59 1	53 1	77 1	63 1	29 1	9 1	89 1	84 1	79 1	33 1	60 1	47 1	69 1	83 1	49 1	75 1	39 1	74 1	86 1	37 1	11 1	78 1	16 1	48 1	40 1	4 1	73 1	2 1	68 1	31 1	45 1	34 1	22 1	6 1	17 1	26 1	54 1	41 1	66 1	14 1	0 1	19 1	18 1	12 1	46 1	38 1	50 1	32 1	44 1	80 1	23 1
64 1	53 1	79 1	9 1	81 1	40 1	48 1	61 1	52 1	14 1	27 1	8 1	17 1	37 1	38 1	54 1	70 1	39 1	71 1	13 1	59 1	32 1	21 1	55 1	44 1	22 1	58 1	50 1	42 1	35 1	49 1	69 1	62 1	2 1	31 1	78 1	36 1	28 1	84 1	83 1	82 1	7 1	66 1	75 1	85 1	18 1	33 1	19 1	16 1	1 1	80 1	68 1	15 1	86 1	56 1	60 1	45 1	63 1	23 1	72 1	24 1	0 1	12 1	6 1	11 1	25 1	73 1	67 1	3 1	29 1	57 1	77 1	65 1	89 1	76 1	10 1	30 1	5 1	34 1	47 1	20 1	26 1	43 1	74 1	41 1	46 1	4 1	87 1	88 1	51 1
34 1	29 1	68 1	86 1	38 1	27 1	71 1	83 1	56 1	63 1	72 1	58 1	20 1	69 1	84 1	23 1	73 1	70 1	51 1	0 1	17 1	48 1	40 1	79 1	35 1	53 1	2 1	9 1	39 1	78 1	54 1	24 1	74 1	60 1	42 1	55 1	75 1	45 1	25 1	82 1	64 1	22 1	57 1	14 1	61 1	19 1	80 1	4 1	31 1	28 1	76 1	16 1	62 1	15 1	49 1	26 1	37 1	66 1	67 1	65 1	21 1	85 1	30 1	41 1	6 1	52 1	87 1	81 1	77 1	10 1	47 1	50 1	1 1	11 1	33 1	88 1	7 1	89 1	3 1	44 1	12 1	18 1	5 1	43 1	32 1	13 1	46 1	8 1	59 1	36 1
47 1	55 1	36 1	13 1	19 1	27 1	85 1	0 1	22 1	70 1	53 1	32 1	77 1	16 1	38 1	56 1	41 1	68 1	26 1	21 1	39 1	46 1	79 1	44 1	82 1	49 1	25 1	34 1	42 1	29 1	1 1	60 1	84 1	12 1	33 1	17 1	81 1	87 1	63 1	5 1	37 1	8 1	76 1	43 1	51 1	14 1	30 1	24 1	75 1	7 1	52 1	2 1	54 1	59 1	6 1	69 1	18 1	62 1	9 1	11 1	3 1	35 1	83 1	89 1	65 1	66 1	74 1	88 1	73 1	86 1	10 1	61 1	58 1	57 1	40 1	23 1	15 1	78 1	67 1	4 1	28 1	72 1	48 1	71 1	45 1	20 1	31 1	80 1	64 1	50 1
33 1	47 1	55 1	38 1	1 1	52 1	83 1	10 1	6 1	25 1	16 1	21 1	29 1	61 1	31 1	84 1	9 1	56 1	51 1	81 1	53 1	40 1	19 1	22 1	85 1	5 1	2 1	86 1	8 1	65 1	70 1	0 1	66 1	49 1	62 1	77 1	13 1	69 1	26 1	79 1	68 1	73 1	37 1	39 1	42 1	44 1	15 1	88 1	89 1	41 1	24 1	30 1	36 1	59 1	43 1	57 1	7 1	14 1	48 1	4 1	27 1	58 1	76 1	67 1	11 1	32 1	28 1	46 1	71 1	80 1	72 1	75 1	54 1	18 1	45 1	20 1	35 1	74 1	87 1	50 1	34 1	78 1	3 1	63 1	64 1	60 1	12 1	17 1	23 1	82 1
34 1	65 1	69 1	61 1	84 1	71 1	86 1	59 1	52 1	66 1	67 1	23 1	8 1	15 1	60 1	87 1	73 1	12 1	43 1	31 1	33 1	18 1	27 1	41 1	25 1	49 1	14 1	38 1	55 1	46 1	45 1	76 1	54 1	20 1	39 1	47 1	3 1	85 1	19 1	44 1	2 1	83 1	58 1	75 1	9 1	82 1	42 1	74 1	88 1	37 1	7 1	29 1	32 1	36 1	1 1	4 1	48 1	5 1	89 1	30 1	26 1	68 1	51 1	64 1	81 1	53 1	79 1	28 1	21 1	57 1	10 1	24 1	13 1	0 1	16 1	22 1	6 1	70 1	35 1	77 1	63 1	78 1	56 1	80 1	72 1	17 1	62 1	11 1	50 1	40 1
12 1	71 1	30 1	11 1	48 1	80 1	38 1	59 1	68 1	6 1	41 1	50 1	86 1	57 1	69 1	46 1	62 1	74 1	1 1	85 1	78 1	81 1	16 1	55 1	17 1	60 1	58 1	70 1	18 1	43 1	49 1	19 1	23 1	26 1	20 1	61 1	72 1	22 1	34 1	65 1	32 1	2 1	77 1	42 1	13 1	8 1	35 1	89 1	7 1	10 1	83 1	51 1	33 1	47 1	88 1	37 1	54 1	40 1	56 1	39 1	66 1	79 1	24 1	4 1	44 1	67 1	9 1	53 1	25 1	84 1	64 1	0 1	82 1	21 1	52 1	75 1	76 1	29 1	28 1	45 1	15 1	31 1	36 1	87 1	73 1	27 1	3 1	14 1	5 1	63 1
31 1	48 1	74 1	18 1	23 1	10 1	68 1	67 1	58 1	87 1	28 1	84 1	46 1	6 1	35 1	33 1	47 1	45 1	89 1	37 1	63 1	3 1	7 1	83 1	88 1	75 1	39 1	5 1	76 1	72 1	19 1	62 1	51 1	12 1	13 1	59 1	42 1	49 1	65 1	0 1	17 1	34 1	86 1	78 1	56 1	55 1	82 1	77 1	24 1	32 1	27 1	61 1	44 1	52 1	25 1	2 1	43 1	57 1	29 1	1 1	53 1	4 1	64 1	22 1	38 1	70 1	30 1	15 1	16 1	80 1	36 1	11 1	66 1	71 1	40 1	21 1	26 1	69 1	60 1	73 1	14 1	50 1	9 1	8 1	85 1	20 1	41 1	54 1	81 1	79 1
40 1	15 1	9 1	63 1	4 1	18 1	66 1	59 1	47 1	5 1	84 1	14 1	37 1	46 1	26 1	1 1	70 1	69 1	39 1	25 1	13 1	41 1	8 1	0 1	52 1	2 1	65 1	11 1	21 1	17 1	72 1	44 1	38 1	62 1	43 1	34 1	56 1	30 1	77 1	20 1	29 1	45 1	60 1	57 1	3 1	89 1	49 1	53 1	83 1	61 1	85 1	24 1	6 1	23 1	67 1	81 1	32 1	33 1	22 1	58 1	55 1	19 1	35 1	88 1	76 1	48 1	73 1	10 1	80 1	71 1	7 1	87 1	27 1	31 1	54 1	42 1	82 1	86 1	28 1	74 1	68 1	79 1	50 1	36 1	51 1	75 1	16 1	64 1	12 1	78 1
59 1	61 1	80 1	79 1	6 1	65 1	42 1	72 1	84 1	78 1	82 1	27 1	73 1	16 1	8 1	23 1	31 1	88 1	41 1	5 1	22 1	33 1	68 1	13 1	30 1	21 1	17 1	66 1	38 1	18 1	40 1	76 1	86 1	50 1	53 1	56 1	57 1	62 1	25 1	14 1	77 1	11 1	70 1	12 1	43 1	10 1	28 1	45 1	49 1	7 1	89 1	71 1	9 1	47 1	1 1	83 1	39 1	54 1	85 1	24 1	29 1	4 1	51 1	36 1	15 1	81 1	69 1	20 1	46 1	32 1	44 1	60 1	63 1	2 1	3 1	52 1	67 1	75 1	74 1	0 1	64 1	55 1	58 1	48 1	34 1	87 1	37 1	35 1	26 1	19 1
61 1	7 1	84 1	0 1	22 1	56 1	82 1	57 1	52 1	63 1	60 1	70 1	11 1	39 1	67 1	25 1	1 1	64 1	68 1	36 1	81 1	23 1	51 1	6 1	4 1	77 1	21 1	73 1	16 1	33 1	49 1	28 1	72 1	89 1	27 1	12 1	43 1	48 1	45 1	76 1	19 1	71 1	20 1	62 1	14 1	74 1	2 1	38 1	79 1	10 1	29 1	58 1	40 1	41 1	13 1	86 1	46 1	85 1	42 1	8 1	37 1	83 1	5 1	26 1	53 1	9 1	31 1	54 1	66 1	3 1	59 1	78 1	55 1	75 1	44 1	87 1	65 1	80 1	15 1	50 1	47 1	17 1	35 1	34 1	69 1	88 1	18 1	30 1	24 1	32 1
87 1	40 1	9 1	85 1	56 1	37 1	49 1	83 1	58 1	72 1	61 1	30 1	42 1	19 1	32 1	45 1	25 1	16 1	10 1	73 1	28 1	88 1	48 1	34 1	70 1	47 1	17 1	11 1	76 1	86 1	71 1	51 1	0 1	44 1	7 1	63 1	80 1	75 1	55 1	31 1	8 1	43 1	69 1	64 1	29 1	81 1	41 1	35 1	57 1	74 1	5 1	50 1	14 1	54 1	62 1	27 1	68 1	1 1	26 1	33 1	82 1	59 1	6 1	21 1	89 1	20 1	13 1	3 1	46 1	22 1	2 1	24 1	4 1	36 1	52 1	38 1	39 1	18 1	66 1	78 1	15 1	67 1	65 1	53 1	12 1	79 1	84 1	77 1	23 1	60 1
45 1	85 1	78 1	71 1	88 1	14 1	73 1	30 1	16 1	17 1	13 1	80 1	27 1	87 1	86 1	76 1	50 1	37 1	48 1	55 1	21 1	57 1	89 1	19 1	4 1	34 1	66 1	41 1	29 1	60 1	56 1	24 1	68 1	39 1	36 1	69 1	75 1	1 1	61 1	3 1	84 1	67 1	72 1	77 1	32 1	6 1	8 1	70 1	5 1	9 1	46 1	18 1	35 1	79 1	82 1	65 1	2 1	20 1	58 1	23 1	62 1	15 1	28 1	52 1	10 1	33 1	54 1	7 1	59 1	42 1	44 1	64 1	53 1	0 1	11 1	43 1	81 1	83 1	25 1	31 1	40 1	22 1	26 1	12 1	47 1	49 1	38 1	74 1	63 1	51 1
39 1	24 1	58 1	55 1	69 1	76 1	3 1	71 1	48 1	15 1	53 1	59 1	18 1	6 1	62 1	31 1	80 1	45 1	26 1	70 1	22 1	35 1	84 1	14 1	28 1	7 1	30 1	65 1	86 1	2 1	23 1	42 1	60 1	21 1	5 1	27 1	9 1	64 1	19 1	88 1	32 1	36 1	20 1	72 1	8 1	77 1	51 1	29 1	75 1	50 1	1 1	25 1	73 1	49 1	41 1	44 1	10 1	82 1	33 1	79 1	57 1	74 1	11 1	34 1	43 1	83 1	37 1	67 1	89 1	63 1	85 1	61 1	13 1	52 1	16 1	38 1	40 1	4 1	56 1	17 1	78 1	87 1	68 1	47 1	0 1	66 1	81 1	54 1	12 1	46 1
44 1	46 1	63 1	62 1	80 1	29 1	77 1	60 1	88 1	7 1	1 1	26 1	49 1	25 1	47 1	6 1	18 1	89 1	84 1	12 1	23 1	21 1	30 1	67 1	36 1	48 1	42 1	69 1	51 1	59 1	5 1	27 1	57 1	15 1	2 1	68 1	34 1	65 1	79 1	72 1	37 1	4 1	78 1	32 1	87 1	83 1	50 1	19 1	41 1	58 1	38 1	56 1	33 1	3 1	70 1	55 1	11 1	75 1	13 1	76 1	82 1	45 1	9 1	31 1	52 1	66 1	16 1	10 1	85 1	86 1	64 1	53 1	73 1	22 1	39 1	61 1	28 1	35 1	8 1	40 1	24 1	43 1	0 1	20 1	71 1	14 1	54 1	17 1	74 1	81 1
16 1	52 1	11 1	21 1	42 1	55 1	59 1	36 1	88 1	67 1	89 1	39 1	68 1	2 1	35 1	71 1	65 1	25 1	37 1	72 1	75 1	30 1	73 1	81 1	13 1	27 1	50 1	63 1	49 1	1 1	57 1	79 1	31 1	29 1	78 1	7 1	64 1	83 1	15 1	40 1	0 1	62 1	66 1	5 1	38 1	58 1	3 1	6 1	56 1	87 1	17 1	70 1	18 1	85 1	82 1	84 1	22 1	61 1	4 1	51 1	44 1	10 1	43 1	86 1	32 1	14 1	28 1	54 1	33 1	20 1	60 1	69 1	34 1	80 1	48 1	45 1	53 1	12 1	23 1	9 1	24 1	8 1	41 1	74 1	76 1	26 1	77 1	19 1	46 1	47 1
65 1	82 1	6 1	51 1	89 1	74 1	70 1	9 1	50 1	5 1	73 1	26 1	24 1	72 1	38 1	7 1	2 1	87 1	59 1	68 1	80 1	39 1	17 1	20 1	36 1	33 1	81 1	30 1	41 1	54 1	27 1	86 1	77 1	64 1	79 1	15 1	44 1	58 1	16 1	76 1	19 1	29 1	42 1	52 1	61 1	85 1	37 1	4 1	32 1	22 1	69 1	35 1	53 1	88 1	62 1	12 1	55 1	46 1	48 1	83 1	45 1	57 1	10 1	14 1	56 1	13 1	60 1	28 1	8 1	3 1	23 1	75 1	40 1	31 1	78 1	47 1	21 1	49 1	11 1	84 1	25 1	18 1	43 1	71 1	67 1	34 1	1 1	0 1	66 1	63 1
2 1	87 1	5 1	50 1	9 1	76 1	15 1	17 1	20 1	73 1	18 1	54 1	46 1	52 1	59 1	26 1	36 1	62 1	70 1	51 1	86 1	28 1	34 1	65 1	78 1	72 1	41 1	19 1	48 1	39 1	6 1	22 1	77 1	57 1	82 1	61 1	45 1	24 1	69 1	37 1	75 1	25 1	88 1	80 1	74 1	27 1	12 1	40 1	31 1	64 1	8 1	38 1	29 1	68 1	14 1	44 1	10 1	56 1	55 1	21 1	63 1	30 1	49 1	84 1	1 1	79 1	83 1	81 1	89 1	35 1	16 1	32 1	13 1	7 1	53 1	47 1	33 1	42 1	67 1	71 1	60 1	4 1	11 1	85 1	43 1	66 1	0 1	23 1	58 1	3 1
89 1	45 1	84 1	11 1	47 1	61 1	78 1	43 1	63 1	16 1	82 1	1 1	57 1	6 1	55 1	15 1	19 1	50 1	56 1	74 1	23 1	24 1	21 1	52 1	4 1	9 1	13 1	7 1	81 1	17 1	31 1	38 1	34 1	53 1	76 1	44 1	88 1	72 1	87 1	66 1	20 1	51 1	85 1	39 1	65 1	37 1	14 1	8 1	79 1	5 1	68 1	71 1	77 1	86 1	73 1	41 1	0 1	64 1	60 1	46 1	27 1	40 1	25 1	67 1	75 1	69 1	22 1	54 1	10 1	26 1	35 1	29 1	80 1	36 1	83 1	2 1	30 1	59 1	33 1	12 1	58 1	48 1	18 1	49 1	3 1	32 1	28 1	70 1	62 1	42 1
77 1	76 1	39 1	20 1	81 1	56 1	26 1	8 1	17 1	25 1	47 1	19 1	89 1	29 1	66 1	64 1	60 1	70 1	62 1	28 1	58 1	69 1	4 1	33 1	50 1	61 1	3 1	67 1	38 1	0 1	68 1	44 1	10 1	49 1	83 1	74 1	18 1	34 1	37 1	54 1	31 1	85 1	55 1	32 1	48 1	71 1	79 1	51 1	88 1	75 1	21 1	43 1	23 1	24 1	9 1	2 1	45 1	86 1	7 1	5 1	11 1	80 1	30 1	1 1	36 1	59 1	6 1	46 1	22 1	12 1	57 1	65 1	15 1	42 1	82 1	14 1	84 1	78 1	53 1	87 1	72 1	63 1	13 1	40 1	41 1	27 1	73 1	35 1	16 1	52 1
0 1	21 1	75 1	71 1	43 1	88 1	50 1	72 1	89 1	42 1	60 1	79 1	80 1	84 1	77 1	35 1	53 1	8 1	1 1	30 1	9 1	44 1	65 1	16 1	6 1	70 1	78 1	45 1	57 1	22 1	26 1	24 1	62 1	55 1	33 1	25 1	61 1	68 1	63 1	17 1	32 1	23 1	83 1	34 1	56 1	27 1	29 1	11 1	49 1	58 1	19 1	82 1	7 1	48 1	81 1	31 1	3 1	54 1	28 1	87 1	2 1	18 1	86 1	39 1	76 1	47 1	13 1	66 1	74 1	10 1	4 1	12 1	41 1	52 1	69 1	67 1	64 1	85 1	38 1	40 1	46 1	37 1	59 1	20 1	14 1	51 1	73 1	5 1	15 1	36 1
81 1	10 1	34 1	58 1	60 1	74 1	79 1	56 1	41 1	47 1	21 1	42 1	29 1	28 1	16 1	36 1	32 1	54 1	49 1	5 1	35 1	20 1	44 1	67 1	8 1	0 1	82 1	85 1	63 1	45 1	23 1	87 1	46 1	83 1	61 1	14 1	80 1	24 1	65 1	22 1	69 1	84 1	40 1	19 1	59 1	2 1	27 1	75 1	25 1	26 1	55 1	62 1	38 1	39 1	31 1	70 1	3 1	7 1	86 1	43 1	89 1	33 1	17 1	72 1	77 1	78 1	76 1	18 1	73 1	64 1	6 1	71 1	11 1	50 1	53 1	52 1	15 1	9 1	4 1	51 1	88 1	30 1	37 1	12 1	57 1	1 1	48 1	66 1	68 1	13 1
6 1	38 1	69 1	70 1	15 1	81 1	68 1	77 1	1 1	85 1	58 1	33 1	31 1	13 1	72 1	48 1	12 1	55 1	88 1	32 1	26 1	89 1	5 1	22 1	80 1	57 1	76 1	52 1	35 1	54 1	42 1	20 1	21 1	73 1	59 1	41 1	46 1	37 1	40 1	63 1	44 1	0 1	39 1	56 1	24 1	86 1	8 1	75 1	36 1	74 1	29 1	87 1	23 1	47 1	67 1	64 1	14 1	83 1	45 1	11 1	43 1	53 1	25 1	50 1	82 1	4 1	7 1	16 1	49 1	17 1	28 1	2 1	18 1	71 1	78 1	19 1	30 1	51 1	60 1	84 1	61 1	3 1	27 1	34 1	10 1	9 1	79 1	66 1	65 1	62 1
82 1	24 1	83 1	31 1	29 1	14 1	50 1	55 1	86 1	1 1	60 1	51 1	19 1	46 1	54 1	0 1	13 1	76 1	69 1	78 1	52 1	62 1	89 1	79 1	15 1	45 1	59 1	49 1	5 1	2 1	64 1	75 1	87 1	80 1	3 1	44 1	4 1	67 1	22 1	9 1	23 1	81 1	25 1	28 1	43 1	57 1	20 1	53 1	48 1	70 1	27 1	11 1	74 1	77 1	65 1	73 1	61 1	33 1	58 1	17 1	8 1	42 1	40 1	63 1	88 1	26 1	34 1	84 1	7 1	39 1	16 1	71 1	47 1	66 1	41 1	38 1	68 1	35 1	30 1	12 1	10 1	6 1	18 1	36 1	85 1	32 1	56 1	72 1	37 1	21 1
25 1	83 1	49 1	10 1	8 1	2 1	16 1	31 1	40 1	5 1	59 1	62 1	54 1	52 1	42 1	74 1	75 1	23 1	51 1	72 1	1 1	13 1	76 1	7 1	3 1	65 1	26 1	12 1	66 1	32 1	87 1	48 1	11 1	24 1	50 1	30 1	37 1	88 1	9 1	33 1	77 1	38 1	67 1	82 1	15 1	17 1	78 1	64 1	18 1	41 1	71 1	58 1	4 1	69 1	61 1	34 1	36 1	47 1	27 1	86 1	46 1	68 1	84 1	53 1	29 1	39 1	20 1	73 1	22 1	81 1	44 1	35 1	89 1	56 1	19 1	21 1	6 1	70 1	60 1	45 1	79 1	63 1	43 1	14 1	0 1	85 1	57 1	55 1	80 1	28 1
75 1	83 1	42 1	68 1	29 1	23 1	28 1	36 1	38 1	63 1	52 1	86 1	43 1	34 1	58 1	37 1	2 1	70 1	59 1	53 1	66 1	82 1	32 1	17 1	80 1	39 1	69 1	61 1	81 1	79 1	44 1	88 1	26 1	7 1	62 1	71 1	57 1	18 1	8 1	73 1	30 1	84 1	50 1	47 1	14 1	60 1	72 1	25 1	0 1	27 1	54 1	65 1	41 1	13 1	6 1	5 1	49 1	20 1	76 1	77 1	21 1	51 1	4 1	35 1	22 1	64 1	85 1	33 1	16 1	87 1	78 1	48 1	11 1	40 1	9 1	74 1	1 1	56 1	12 1	19 1	89 1	24 1	67 1	45 1	15 1	31 1	3 1	10 1	55 1	46 1
12 1	88 1	16 1	52 1	46 1	23 1	89 1	2 1	37 1	3 1	7 1	36 1	10 1	24 1	58 1	83 1	26 1	50 1	20 1	59 1	49 1	66 1	22 1	56 1	55 1	51 1	18 1	69 1	84 1	44 1	81 1	34 1	42 1	71 1	57 1	38 1	70 1	47 1	53 1	64 1	5 1	9 1	39 1	67 1	13 1	79 1	6 1	63 1	43 1	4 1	80 1	14 1	15 1	35 1	73 1	74 1	11 1	28 1	8 1	68 1	33 1	0 1	85 1	31 1	87 1	1 1	82 1	40 1	19 1	30 1	21 1	75 1	61 1	65 1	62 1	29 1	76 1	17 1	45 1	27 1	72 1	86 1	32 1	78 1	77 1	54 1	25 1	48 1	41 1	60 1
12 1	13 1	73 1	48 1	63 1	7 1	88 1	6 1	79 1	25 1	68 1	64 1	26 1	30 1	14 1	19 1	36 1	9 1	34 1	54 1	46 1	20 1	53 1	74 1	24 1	81 1	77 1	17 1	62 1	33 1	57 1	61 1	32 1	3 1	70 1	8 1	69 1	65 1	84 1	80 1	10 1	31 1	18 1	49 1	87 1	28 1	52 1	47 1	66 1	27 1	42 1	5 1	89 1	39 1	55 1	82 1	76 1	83 1	44 1	2 1	4 1	59 1	45 1	50 1	41 1	78 1	16 1	37 1	86 1	1 1	35 1	56 1	38 1	85 1	75 1	29 1	11 1	40 1	43 1	15 1	23 1	72 1	51 1	67 1	58 1	22 1	0 1	71 1	60 1	21 1
19 1	83 1	33 1	21 1	26 1	27 1	2 1	4 1	13 1	38 1	23 1	34 1	70 1	29 1	59 1	39 1	77 1	36 1	72 1	82 1	24 1	30 1	53 1	31 1	7 1	11 1	64 1	6 1	16 1	40 1	55 1	44 1	52 1	63 1	73 1	1 1	88 1	47 1	50 1	56 1	57 1	79 1	86 1	0 1	48 1	68 1	20 1	28 1	71 1	75 1	18 1	81 1	51 1	87 1	42 1	54 1	32 1	41 1	17 1	61 1	49 1	58 1	45 1	74 1	67 1	22 1	43 1	14 1	62 1	15 1	46 1	8 1	85 1	37 1	65 1	35 1	80 1	60 1	12 1	69 1	5 1	66 1	25 1	84 1	3 1	89 1	78 1	10 1	9 1	76 1
89 1	28 1	25 1	77 1	46 1	60 1	81 1	24 1	48 1	6 1	68 1	0 1	37 1	19 1	80 1	69 1	59 1	84 1	22 1	33 1	12 1	75 1	73 1	42 1	30 1	86 1	62 1	56 1	5 1	71 1	18 1	83 1	66 1	7 1	13 1	34 1	61 1	44 1	29 1	1 1	35 1	8 1	52 1	11 1	26 1	82 1	36 1	9 1	32 1	39 1	54 1	87 1	38 1	2 1	14 1	79 1	4 1	63 1	78 1	15 1	16 1	50 1	74 1	58 1	21 1	20 1	65 1	70 1	51 1	72 1	31 1	85 1	41 1	57 1	40 1	17 1	45 1	55 1	53 1	43 1	10 1	47 1	27 1	64 1	49 1	67 1	23 1	3 1	88 1	76 1
59 1	57 1	63 1	75 1	3 1	47 1	19 1	53 1	72 1	12 1	64 1	1 1	31 1	87 1	43 1	52 1	88 1	81 1	89 1	7 1	77 1	16 1	74 1	78 1	85 1	42 1	84 1	13 1	65 1	48 1	30 1	76 1	15 1	2 1	46 1	83 1	41 1	9 1	70 1	10 1	49 1	32 1	80 1	14 1	4 1	25 1	86 1	73 1	56 1	40 1	60 1	6 1	79 1	27 1	22 1	62 1	8 1	24 1	68 1	35 1	21 1	69 1	28 1	18 1	0 1	58 1	34 1	17 1	29 1	11 1	61 1	71 1	26 1	23 1	20 1	39 1	67 1	51 1	55 1	38 1	36 1	5 1	50 1	66 1	54 1	33 1	45 1	44 1	37 1	82 1
7 1	59 1	51 1	72 1	28 1	12 1	68 1	40 1	78 1	21 1	37 1	17 1	13 1	69 1	25 1	27 1	63 1	71 1	4 1	41 1	29 1	8 1	74 1	16 1	11 1	56 1	89 1	30 1	60 1	32 1	62 1	0 1	83 1	84 1	10 1	34 1	86 1	46 1	39 1	64 1	31 1	43 1	85 1	65 1	38 1	82 1	5 1	58 1	73 1	14 1	76 1	79 1	20 1	61 1	44 1	42 1	23 1	47 1	36 1	3 1	1 1	53 1	88 1	18 1	80 1	49 1	48 1	9 1	45 1	33 1	50 1	70 1	52 1	24 1	75 1	55 1	66 1	22 1	57 1	15 1	6 1	81 1	35 1	2 1	19 1	54 1	77 1	26 1	67 1	87 1
41 1	45 1	64 1	11 1	85 1	20 1	78 1	46 1	53 1	24 1	27 1	67 1	6 1	9 1	10 1	89 1	4 1	69 1	74 1	81 1	2 1	50 1	23 1	22 1	76 1	82 1	68 1	32 1	73 1	79 1	62 1	60 1	39 1	3 1	0 1	28 1	34 1	88 1	75 1	44 1	58 1	1 1	49 1	13 1	55 1	21 1	7 1	65 1	40 1	48 1	17 1	54 1	59 1	43 1	47 1	31 1	84 1	18 1	42 1	87 1	61 1	52 1	16 1	86 1	66 1	12 1	36 1	29 1	71 1	14 1	33 1	63 1	57 1	5 1	8 1	15 1	25 1	37 1	80 1	70 1	35 1	30 1	26 1	72 1	38 1	83 1	19 1	51 1	77 1	56 1
75 1	26 1	49 1	34 1	79 1	16 1	76 1	30 1	3 1	36 1	28 1	19 1	84 1	59 1	32 1	35 1	25 1	74 1	11 1	17 1	42 1	81 1	61 1	9 1	39 1	12 1	73 1	48 1	38 1	15 1	4 1	33 1	14 1	52 1	10 1	55 1	77 1	51 1	58 1	71 1	24 1	7 1	27 1	50 1	57 1	60 1	64 1	47 1	45 1	85 1	23 1	31 1	87 1	13 1	62 1	29 1	88 1	22 1	67 1	65 1	1 1	68 1	78 1	5 1	66 1	86 1	2 1	46 1	82 1	0 1	53 1	44 1	89 1	83 1	80 1	6 1	69 1	40 1	43 1	18 1	37 1	72 1	21 1	20 1	54 1	70 1	56 1	63 1	8 1	41 1
9 1	24 1	56 1	68 1	86 1	0 1	34 1	4 1	19 1	79 1	35 1	57 1	5 1	28 1	16 1	80 1	13 1	12 1	55 1	42 1	81 1	41 1	74 1	65 1	36 1	64 1	60 1	51 1	30 1	25 1	75 1	47 1	45 1	32 1	73 1	88 1	82 1	78 1	43 1	21 1	11 1	62 1	89 1	76 1	2 1	37 1	39 1	22 1	61 1	72 1	83 1	59 1	6 1	71 1	26 1	31 1	14 1	84 1	20 1	69 1	10 1	1 1	53 1	67 1	8 1	29 1	7 1	49 1	27 1	17 1	40 1	3 1	58 1	52 1	87 1	46 1	15 1	63 1	18 1	38 1	54 1	66 1	70 1	33 1	23 1	48 1	85 1	50 1	44 1	77 1
7 1	40 1	79 1	85 1	45 1	41 1	34 1	9 1	25 1	4 1	24 1	54 1	55 1	73 1	57 1	30 1	31 1	61 1	52 1	20 1	18 1	50 1	21 1	60 1	19 1	22 1	48 1	37 1	83 1	88 1	75 1	81 1	53 1	62 1	13 1	59 1	86 1	33 1	8 1	28 1	12 1	78 1	11 1	32 1	66 1	63 1	69 1	74 1	82 1	17 1	65 1	2 1	64 1	89 1	44 1	36 1	58 1	51 1	6 1	26 1	87 1	47 1	5 1	0 1	46 1	1 1	38 1	67 1	10 1	49 1	27 1	43 1	80 1	76 1	16 1	68 1	39 1	56 1	42 1	72 1	84 1	77 1	35 1	29 1	15 1	71 1	23 1	70 1	14 1	3 1
74 1	46 1	25 1	56 1	41 1	13 1	39 1	63 1	35 1	38 1	8 1	87 1	57 1	72 1	52 1	60 1	33 1	11 1	37 1	61 1	32 1	78 1	22 1	43 1	36 1	44 1	73 1	51 1	50 1	40 1	65 1	42 1	23 1	70 1	77 1	89 1	64 1	84 1	6 1	80 1	45 1	3 1	47 1	76 1	18 1	85 1	71 1	5 1	75 1	10 1	49 1	81 1	14 1	86 1	31 1	62 1	17 1	28 1	53 1	20 1	26 1	48 1	21 1	88 1	12 1	83 1	1 1	34 1	79 1	29 1	59 1	16 1	68 1	9 1	69 1	2 1	30 1	55 1	0 1	82 1	4 1	58 1	15 1	66 1	27 1	7 1	54 1	67 1	24 1	19 1
82 1	76 1	23 1	69 1	60 1	31 1	5 1	25 1	46 1	59 1	45 1	56 1	9 1	62 1	17 1	47 1	36 1	70 1	13 1	77 1	27 1	51 1	34 1	84 1	65 1	64 1	26 1	8 1	14 1	52 1	57 1	75 1	4 1	74 1	89 1	12 1	87 1	43 1	22 1	11 1	71 1	2 1	48 1	53 1	19 1	42 1	1 1	37 1	38 1	66 1	49 1	79 1	68 1	0 1	32 1	73 1	50 1	6 1	55 1	33 1	85 1	72 1	67 1	41 1	58 1	29 1	30 1	21 1	63 1	3 1	86 1	44 1	10 1	35 1	78 1	18 1	20 1	83 1	28 1	15 1	88 1	39 1	24 1	16 1	7 1	54 1	61 1	81 1	80 1	40 1
76 1	50 1	53 1	46 1	48 1	70 1	7 1	43 1	24 1	15 1	69 1	6 1	30 1	13 1	32 1	31 1	27 1	75 1	10 1	59 1	23 1	19 1	63 1	77 1	47 1	11 1	28 1	18 1	17 1	3 1	62 1	22 1	16 1	41 1	38 1	26 1	8 1	40 1	42 1	65 1	14 1	36 1	87 1	12 1	89 1	66 1	45 1	83 1	88 1	55 1	81 1	49 1	39 1	4 1	85 1	51 1	33 1	1 1	9 1	74 1	67 1	25 1	72 1	84 1	61 1	37 1	82 1	58 1	52 1	64 1	68 1	56 1	0 1	57 1	5 1	29 1	34 1	80 1	54 1	73 1	78 1	86 1	79 1	35 1	71 1	44 1	20 1	21 1	2 1	60 1
27 1	30 1	9 1	14 1	8 1	88 1	43 1	83 1	52 1	72 1	41 1	3 1	24 1	36 1	17 1	34 1	48 1	77 1	32 1	35 1	15 1	26 1	10 1	28 1	2 1	29 1	55 1	70 1	45 1	85 1	56 1	0 1	39 1	46 1	5 1	60 1	74 1	16 1	47 1	57 1	58 1	22 1	13 1	73 1	63 1	54 1	11 1	53 1	81 1	4 1	79 1	40 1	50 1	12 1	68 1	87 1	21 1	64 1	20 1	19 1	71 1	76 1	86 1	7 1	31 1	67 1	33 1	42 1	75 1	61 1	65 1	49 1	66 1	84 1	78 1	82 1	25 1	23 1	38 1	80 1	18 1	51 1	59 1	44 1	1 1	89 1	37 1	69 1	6 1	62 1
83 1	70 1	67 1	55 1	89 1	1 1	4 1	17 1	12 1	69 1	30 1	25 1	37 1	85 1	87 1	31 1	48 1	61 1	32 1	19 1	80 1	58 1	28 1	7 1	18 1	13 1	10 1	33 1	23 1	14 1	88 1	62 1	36 1	54 1	22 1	5 1	20 1	2 1	84 1	3 1	49 1	39 1	34 1	57 1	71 1	56 1	15 1	78 1	52 1	81 1	75 1	77 1	60 1	0 1	16 1	8 1	82 1	38 1	46 1	65 1	47 1	9 1	6 1	53 1	51 1	42 1	41 1	27 1	79 1	63 1	45 1	72 1	74 1	21 1	68 1	64 1	26 1	50 1	29 1	66 1	35 1	86 1	59 1	11 1	73 1	44 1	40 1	43 1	24 1	76 1
89 1	42 1	82 1	86 1	66 1	71 1	35 1	51 1	87 1	80 1	73 1	58 1	85 1	84 1	54 1	69 1	16 1	39 1	9 1	60 1	74 1	59 1	15 1	0 1	56 1	23 1	6 1	52 1	64 1	14 1	37 1	8 1	68 1	17 1	65 1	72 1	62 1	13 1	77 1	83 1	31 1	49 1	79 1	21 1	22 1	7 1	47 1	2 1	26 1	43 1	18 1	48 1	30 1	28 1	10 1	19 1	46 1	34 1	78 1	53 1	3 1	1 1	44 1	25 1	88 1	20 1	67 1	63 1	27 1	29 1	50 1	45 1	36 1	5 1	41 1	40 1	70 1	4 1	32 1	61 1	33 1	57 1	76 1	24 1	38 1	81 1	12 1	55 1	11 1	75 1
3 1	5 1	45 1	76 1	56 1	13 1	18 1	72 1	57 1	21 1	30 1	78 1	16 1	73 1	65 1	17 1	27 1	75 1	36 1	41 1	46 1	80 1	79 1	22 1	10 1	25 1	83 1	34 1	7 1	84 1	48 1	82 1	69 1	63 1	9 1	52 1	68 1	81 1	47 1	42 1	32 1	11 1	88 1	35 1	87 1	8 1	71 1	6 1	86 1	59 1	14 1	19 1	29 1	15 1	12 1	43 1	50 1	31 1	26 1	53 1	85 1	2 1	77 1	60 1	38 1	58 1	1 1	28 1	70 1	89 1	24 1	67 1	49 1	39 1	0 1	55 1	23 1	51 1	33 1	64 1	66 1	44 1	62 1	40 1	61 1	74 1	20 1	37 1	4 1	54 1
3 1	14 1	83 1	8 1	52 1	13 1	24 1	9 1	48 1	33 1	67 1	46 1	64 1	23 1	11 1	88 1	27 1	47 1	77 1	30 1	56 1	44 1	39 1	5 1	0 1	85 1	16 1	72 1	12 1	79 1	76 1	82 1	60 1	38 1	18 1	7 1	43 1	71 1	55 1	50 1	73 1	29 1	26 1	87 1	80 1	57 1	66 1	84 1	78 1	32 1	4 1	70 1	61 1	58 1	62 1	86 1	31 1	45 1	10 1	6 1	25 1	53 1	34 1	74 1	21 1	22 1	68 1	42 1	41 1	59 1	28 1	17 1	51 1	35 1	54 1	36 1	81 1	89 1	19 1	49 1	37 1	63 1	20 1	75 1	69 1	15 1	40 1	1 1	2 1	65 1
42 1	34 1	41 1	26 1	68 1	84 1	20 1	55 1	85 1	88 1	87 1	37 1	3 1	15 1	46 1	2 1	21 1	39 1	0 1	28 1	74 1	58 1	8 1	32 1	79 1	65 1	53 1	89 1	57 1	10 1	71 1	6 1	61 1	38 1	47 1	44 1	67 1	35 1	59 1	18 1	72 1	11 1	23 1	80 1	69 1	77 1	7 1	50 1	64 1	29 1	4 1	9 1	66 1	33 1	16 1	73 1	56 1	40 1	78 1	14 1	19 1	17 1	52 1	27 1	12 1	36 1	43 1	83 1	5 1	25 1	76 1	13 1	22 1	45 1	54 1	31 1	51 1	75 1	82 1	48 1	49 1	60 1	62 1	81 1	24 1	1 1	63 1	70 1	86 1	30 1
72 1	19 1	55 1	81 1	74 1	2 1	48 1	53 1	12 1	52 1	80 1	16 1	67 1	65 1	87 1	79 1	64 1	78 1	60 1	26 1	88 1	17 1	84 1	5 1	44 1	47 1	23 1	10 1	82 1	89 1	33 1	76 1	41 1	83 1	29 1	6 1	3 1	18 1	4 1	1 1	85 1	45 1	71 1	68 1	25 1	59 1	54 1	28 1	27 1	34 1	66 1	62 1	58 1	73 1	57 1	63 1	32 1	40 1	42 1	38 1	36 1	21 1	43 1	31 1	75 1	51 1	69 1	86 1	49 1	11 1	0 1	37 1	8 1	56 1	77 1	13 1	14 1	7 1	35 1	61 1	9 1	46 1	20 1	24 1	15 1	22 1	70 1	39 1	50 1	30 1
81 1	53 1	52 1	16 1	39 1	8 1	10 1	77 1	51 1	80 1	86 1	50 1	22 1	45 1	6 1	57 1	20 1	23 1	4 1	65 1	70 1	82 1	14 1	78 1	66 1	69 1	15 1	32 1	63 1	33 1	13 1	27 1	30 1	58 1	0 1	48 1	56 1	67 1	83 1	25 1	31 1	87 1	35 1	41 1	17 1	89 1	24 1	62 1	49 1	2 1	26 1	75 1	85 1	28 1	29 1	7 1	3 1	71 1	18 1	76 1	34 1	55 1	11 1	19 1	59 1	47 1	61 1	42 1	64 1	46 1	37 1	38 1	9 1	88 1	84 1	60 1	72 1	79 1	12 1	73 1	21 1	1 1	43 1	36 1	5 1	74 1	68 1	54 1	40 1	44 1
13 1	72 1	45 1	88 1	23 1	37 1	29 1	69 1	77 1	81 1	70 1	36 1	8 1	1 1	47 1	84 1	74 1	32 1	61 1	71 1	40 1	52 1	26 1	58 1	60 1	62 1	0 1	9 1	56 1	87 1	15 1	20 1	49 1	19 1	42 1	82 1	57 1	67 1	22 1	46 1	2 1	30 1	17 1	48 1	66 1	65 1	44 1	54 1	89 1	38 1	53 1	76 1	6 1	21 1	11 1	85 1	79 1	34 1	31 1	18 1	73 1	43 1	14 1	68 1	4 1	16 1	59 1	25 1	12 1	55 1	28 1	24 1	80 1	35 1	64 1	3 1	5 1	63 1	86 1	78 1	51 1	33 1	27 1	39 1	10 1	75 1	83 1	7 1	50 1	41 1
54 1	8 1	33 1	89 1	73 1	14 1	12 1	9 1	58 1	65 1	23 1	71 1	53 1	32 1	6 1	46 1	48 1	24 1	52 1	5 1	39 1	78 1	37 1	86 1	77 1	59 1	7 1	20 1	2 1	43 1	72 1	34 1	55 1	19 1	0 1	13 1	69 1	16 1	64 1	70 1	27 1	66 1	47 1	57 1	21 1	76 1	38 1	36 1	49 1	26 1	17 1	3 1	79 1	82 1	80 1	10 1	50 1	83 1	11 1	15 1	18 1	61 1	63 1	4 1	81 1	75 1	30 1	88 1	31 1	40 1	87 1	45 1	35 1	28 1	41 1	60 1	68 1	25 1	51 1	29 1	56 1	67 1	1 1	85 1	62 1	74 1	44 1	42 1	84 1	22 1
