40	50
44 1	39 1	26 1	13 1	33 1	41 1	42 1	15 1	40 1	22 1	14 1	23 1	17 1	12 1	24 1	48 1	3 1	49 1	11 1	38 1	6 1	25 1	5 1	8 1	31 1	9 1	18 1	29 1	37 1	46 1	27 1	2 1	0 1	21 1	47 1	4 1	19 1	43 1	16 1	45 1	20 1	28 1	30 1	7 1	1 1	10 1	36 1	32 1	35 1	34 1
5 1	40 1	12 1	31 1	7 1	46 1	48 1	22 1	41 1	6 1	11 1	17 1	13 1	30 1	19 1	9 1	34 1	43 1	28 1	3 1	42 1	14 1	33 1	32 1	2 1	26 1	37 1	35 1	25 1	1 1	44 1	20 1	4 1	36 1	38 1	24 1	18 1	15 1	27 1	16 1	49 1	47 1	0 1	8 1	10 1	45 1	29 1	39 1	23 1	21 1
23 1	24 1	39 1	34 1	8 1	16 1	49 1	33 1	28 1	37 1	7 1	17 1	11 1	45 1	42 1	40 1	9 1	47 1	3 1	20 1	18 1	15 1	4 1	19 1	2 1	0 1	27 1	22 1	38 1	32 1	6 1	46 1	36 1	25 1	5 1	10 1	44 1	29 1	31 1	14 1	35 1	26 1	48 1	43 1	21 1	41 1	30 1	1 1	13 1	12 1
16 1	6 1	20 1	11 1	33 1	39 1	35 1	30 1	42 1	46 1	49 1	4 1	0 1	10 1	22 1	9 1	27 1	15 1	23 1	38 1	41 1	1 1	13 1	2 1	21 1	32 1	25 1	26 1	47 1	12 1	31 1	17 1	8 1	7 1	43 1	24 1	28 1	29 1	14 1	19 1	36 1	40 1	48 1	44 1	34 1	37 1	5 1	3 1	45 1	18 1
13 1	34 1	5 1	29 1	2 1	6 1	19 1	25 1	12 1	10 1	45 1	22 1	24 1	33 1	49 1	21 1	0 1	3 1	44 1	18 1	46 1	28 1	27 1	17 1	41 1	20 1	8 1	47 1	35 1	15 1	30 1	23 1	4 1	37 1	36 1	32 1	16 1	40 1	11 1	14 1	42 1	26 1	39 1	48 1	38 1	7 1	43 1	31 1	9 1	1 1
27 1	9 1	39 1	20 1	4 1	48 1	7 1	12 1	43 1	32 1	11 1	36 1	22 1	45 1	10 1	17 1	35 1	19 1	2 1	41 1	16 1	24 1	42 1	25 1	23 1	44 1	47 1	46 1	40 1	38 1	13 1	30 1	21 1	0 1	6 1	34 1	33 1	15 1	31 1	37 1	28 1	1 1	26 1	8 1	18 1	3 1	49 1	29 1	5 1	14 1
46 1	40 1	23 1	2 1	47 1	13 1	11 1	48 1	3 1	44 1	24 1	5 1	0 1	14 1	36 1	37 1	7 1	6 1	12 1	43 1	49 1	25 1	27 1	22 1	33 1	21 1	28 1	1 1	41 1	34 1	39 1	18 1	4 1	15 1	9 1	38 1	29 1	31 1	17 1	10 1	20 1	8 1	45 1	16 1	30 1	19 1	42 1	35 1	26 1	32 1
48 1	23 1	44 1	46 1	12 1	24 1	9 1	14 1	31 1	13 1	20 1	27 1	39 1	37 1	25 1	15 1	40 1	34 1	28 1	3 1	17 1	7 1	30 1	16 1	4 1	8 1	18 1	41 1	5 1	0 1	42 1	1 1	26 1	6 1	47 1	2 1	49 1	36 1	35 1	32 1	22 1	10 1	43 1	45 1	21 1	33 1	19 1	38 1	29 1	11 1
40 1	25 1	8 1	35 1	22 1	42 1	6 1	19 1	28 1	48 1	18 1	20 1	10 1	31 1	36 1	13 1	17 1	27 1	44 1	32 1	12 1	15 1	37 1	21 1	39 1	14 1	41 1	30 1	3 1	45 1	43 1	47 1	9 1	11 1	33 1	38 1	2 1	49 1	26 1	29 1	7 1	0 1	1 1	16 1	4 1	46 1	24 1	34 1	5 1	23 1
27 1	8 1	7 1	23 1	30 1	9 1	44 1	28 1	11 1	12 1	29 1	35 1	14 1	42 1	18 1	10 1	24 1	38 1	43 1	25 1	41 1	20 1	34 1	16 1	6 1	37 1	19 1	40 1	33 1	36 1	13 1	0 1	46 1	47 1	5 1	45 1	39 1	1 1	26 1	49 1	21 1	22 1	2 1	15 1	3 1	17 1	4 1	32 1	48 1	31 1
38 1	14 1	39 1	32 1	28 1	27 1	2 1	11 1	9 1	22 1	29 1	17 1	42 1	40 1	24 1	16 1	19 1	21 1	41 1	37 1	48 1	26 1	12 1	10 1	7 1	20 1	3 1	31 1	25 1	43 1	46 1	13 1	34 1	30 1	36 1	18 1	23 1	0 1	1 1	6 1	8 1	35 1	44 1	15 1	33 1	45 1	4 1	47 1	49 1	5 1
42 1	13 1	25 1	6 1	45 1	24 1	38 1	1 1	40 1	0 1	12 1	33 1	14 1	11 1	16 1	27 1	48 1	7 1	39 1	32 1	36 1	8 1	4 1	19 1	18 1	41 1	34 1	3 1	23 1	22 1	46 1	9 1	21 1	26 1	28 1	47 1	5 1	17 1	49 1	2 1	43 1	44 1	35 1	31 1	20 1	15 1	30 1	29 1	37 1	10 1
37 1	12 1	5 1	3 1	42 1	22 1	20 1	13 1	23 1	0 1	18 1	39 1	35 1	36 1	41 1	27 1	33 1	7 1	38 1	2 1	32 1	10 1	43 1	45 1	11 1	1 1	48 1	46 1	31 1	15 1	17 1	9 1	6 1	24 1	14 1	21 1	28 1	30 1	16 1	49 1	34 1	44 1	4 1	19 1	47 1	29 1	40 1	26 1	8 1	25 1
36 1	30 1	10 1	13 1	16 1	39 1	20 1	45 1	42 1	22 1	9 1	47 1	17 1	12 1	3 1	14 1	24 1	34 1	15 1	37 1	31 1	21 1	41 1	26 1	5 1	19 1	32 1	6 1	0 1	27 1	11 1	18 1	23 1	25 1	4 1	46 1	29 1	44 1	33 1	7 1	43 1	48 1	35 1	1 1	40 1	28 1	2 1	8 1	38 1	49 1
4 1	2 1	9 1	16 1	31 1	11 1	1 1	43 1	18 1	14 1	6 1	46 1	49 1	22 1	13 1	24 1	35 1	34 1	33 1	5 1	3 1	10 1	29 1	47 1	42 1	25 1	38 1	17 1	36 1	26 1	37 1	12 1	48 1	30 1	23 1	15 1	21 1	8 1	32 1	19 1	39 1	0 1	40 1	20 1	45 1	7 1	28 1	44 1	41 1	27 1
22 1	10 1	12 1	4 1	46 1	16 1	15 1	39 1	8 1	28 1	14 1	25 1	38 1	5 1	2 1	34 1	27 1	32 1	48 1	9 1	49 1	17 1	36 1	19 1	23 1	7 1	20 1	26 1	37 1	43 1	47 1	0 1	45 1	24 1	21 1	6 1	41 1	33 1	13 1	44 1	35 1	1 1	29 1	31 1	42 1	30 1	11 1	18 1	40 1	3 1
49 1	21 1	30 1	39 1	36 1	47 1	2 1	4 1	3 1	44 1	40 1	16 1	8 1	26 1	13 1	11 1	46 1	7 1	42 1	9 1	31 1	20 1	22 1	19 1	15 1	38 1	29 1	33 1	1 1	6 1	5 1	0 1	28 1	10 1	34 1	32 1	25 1	24 1	41 1	37 1	18 1	17 1	14 1	43 1	12 1	45 1	27 1	35 1	23 1	48 1
37 1	8 1	47 1	49 1	17 1	43 1	38 1	20 1	18 1	14 1	32 1	22 1	7 1	39 1	11 1	28 1	34 1	15 1	29 1	2 1	0 1	4 1	41 1	36 1	10 1	24 1	40 1	19 1	26 1	23 1	44 1	3 1	42 1	33 1	48 1	35 1	21 1	5 1	46 1	9 1	30 1	1 1	27 1	6 1	13 1	12 1	16 1	25 1	45 1	31 1
20 1	30 1	22 1	10 1	12 1	23 1	6 1	1 1	11 1	27 1	43 1	45 1	14 1	9 1	36 1	32 1	41 1	42 1	29 1	44 1	38 1	26 1	24 1	39 1	47 1	46 1	21 1	3 1	16 1	18 1	5 1	13 1	40 1	7 1	19 1	48 1	34 1	49 1	33 1	2 1	25 1	35 1	28 1	8 1	15 1	0 1	4 1	37 1	31 1	17 1
30 1	13 1	7 1	42 1	32 1	49 1	38 1	2 1	48 1	24 1	3 1	43 1	31 1	18 1	15 1	29 1	14 1	11 1	41 1	21 1	17 1	8 1	23 1	46 1	40 1	33 1	5 1	28 1	39 1	20 1	25 1	6 1	12 1	45 1	36 1	26 1	27 1	37 1	10 1	1 1	22 1	9 1	35 1	47 1	4 1	16 1	19 1	44 1	34 1	0 1
27 1	13 1	2 1	29 1	26 1	49 1	40 1	11 1	33 1	30 1	18 1	32 1	0 1	19 1	15 1	5 1	45 1	48 1	1 1	21 1	39 1	41 1	28 1	17 1	37 1	23 1	3 1	8 1	14 1	47 1	34 1	20 1	22 1	7 1	9 1	6 1	46 1	24 1	12 1	38 1	16 1	44 1	31 1	25 1	43 1	35 1	36 1	42 1	4 1	10 1
36 1	15 1	7 1	5 1	34 1	11 1	17 1	39 1	10 1	6 1	1 1	47 1	44 1	43 1	33 1	27 1	21 1	12 1	40 1	45 1	35 1	23 1	24 1	46 1	32 1	25 1	38 1	8 1	13 1	2 1	4 1	48 1	30 1	22 1	3 1	16 1	9 1	41 1	37 1	42 1	18 1	28 1	29 1	19 1	49 1	31 1	26 1	14 1	0 1	20 1
15 1	37 1	25 1	29 1	36 1	1 1	40 1	34 1	13 1	6 1	7 1	18 1	42 1	30 1	48 1	26 1	14 1	22 1	20 1	24 1	46 1	19 1	17 1	28 1	44 1	16 1	8 1	41 1	21 1	32 1	23 1	33 1	45 1	5 1	49 1	38 1	2 1	27 1	31 1	9 1	39 1	4 1	12 1	11 1	43 1	3 1	10 1	0 1	35 1	47 1
1 1	46 1	44 1	37 1	21 1	30 1	27 1	39 1	33 1	14 1	38 1	6 1	28 1	32 1	13 1	24 1	11 1	8 1	41 1	18 1	2 1	49 1	10 1	20 1	9 1	12 1	15 1	34 1	31 1	3 1	23 1	17 1	45 1	40 1	29 1	48 1	7 1	47 1	42 1	5 1	26 1	19 1	35 1	0 1	16 1	36 1	25 1	4 1	22 1	43 1
4 1	16 1	42 1	48 1	33 1	34 1	49 1	14 1	40 1	3 1	7 1	18 1	35 1	6 1	1 1	25 1	29 1	5 1	22 1	26 1	47 1	15 1	43 1	41 1	38 1	9 1	27 1	32 1	8 1	13 1	44 1	23 1	19 1	0 1	21 1	20 1	11 1	17 1	24 1	37 1	12 1	36 1	31 1	10 1	39 1	2 1	46 1	28 1	45 1	30 1
27 1	23 1	48 1	46 1	13 1	18 1	3 1	38 1	6 1	10 1	20 1	26 1	5 1	32 1	17 1	1 1	25 1	21 1	19 1	8 1	30 1	7 1	36 1	2 1	28 1	39 1	49 1	41 1	44 1	12 1	45 1	15 1	37 1	0 1	24 1	47 1	29 1	33 1	9 1	14 1	35 1	40 1	34 1	16 1	43 1	11 1	31 1	4 1	42 1	22 1
36 1	24 1	6 1	19 1	18 1	13 1	20 1	29 1	8 1	25 1	40 1	5 1	28 1	12 1	34 1	0 1	44 1	32 1	17 1	42 1	9 1	41 1	31 1	1 1	48 1	14 1	37 1	3 1	2 1	23 1	21 1	35 1	46 1	22 1	45 1	38 1	49 1	26 1	27 1	47 1	43 1	16 1	11 1	4 1	33 1	15 1	10 1	30 1	7 1	39 1
13 1	45 1	38 1	23 1	35 1	44 1	42 1	18 1	49 1	10 1	36 1	32 1	30 1	40 1	34 1	37 1	22 1	12 1	4 1	43 1	21 1	14 1	27 1	46 1	26 1	17 1	25 1	11 1	16 1	8 1	3 1	47 1	15 1	2 1	31 1	9 1	19 1	1 1	33 1	5 1	48 1	6 1	39 1	7 1	20 1	0 1	24 1	41 1	29 1	28 1
1 1	33 1	4 1	46 1	31 1	17 1	30 1	42 1	22 1	11 1	44 1	5 1	3 1	26 1	14 1	19 1	18 1	23 1	15 1	32 1	34 1	6 1	12 1	39 1	48 1	10 1	24 1	27 1	8 1	40 1	25 1	9 1	49 1	47 1	29 1	36 1	38 1	0 1	35 1	20 1	43 1	45 1	13 1	21 1	37 1	41 1	28 1	2 1	7 1	16 1
44 1	33 1	46 1	31 1	40 1	27 1	47 1	17 1	19 1	43 1	38 1	20 1	36 1	2 1	10 1	48 1	9 1	15 1	7 1	8 1	24 1	22 1	49 1	30 1	0 1	21 1	28 1	13 1	25 1	4 1	42 1	3 1	37 1	18 1	23 1	12 1	32 1	5 1	6 1	45 1	29 1	34 1	35 1	11 1	26 1	39 1	41 1	14 1	16 1	1 1
34 1	39 1	10 1	7 1	42 1	38 1	29 1	45 1	11 1	28 1	13 1	20 1	31 1	5 1	16 1	30 1	23 1	48 1	46 1	4 1	19 1	17 1	47 1	44 1	43 1	41 1	24 1	1 1	14 1	3 1	8 1	22 1	26 1	33 1	12 1	32 1	15 1	37 1	2 1	35 1	49 1	27 1	9 1	0 1	36 1	25 1	40 1	18 1	21 1	6 1
39 1	13 1	16 1	12 1	38 1	17 1	11 1	0 1	10 1	8 1	9 1	30 1	28 1	26 1	18 1	21 1	42 1	6 1	5 1	20 1	44 1	45 1	22 1	47 1	3 1	19 1	14 1	23 1	15 1	34 1	37 1	2 1	46 1	41 1	7 1	43 1	31 1	40 1	27 1	49 1	1 1	35 1	36 1	32 1	48 1	25 1	4 1	24 1	29 1	33 1
2 1	43 1	46 1	12 1	47 1	35 1	16 1	31 1	49 1	21 1	45 1	20 1	26 1	4 1	48 1	41 1	5 1	32 1	28 1	10 1	37 1	3 1	8 1	27 1	25 1	1 1	38 1	24 1	18 1	14 1	44 1	17 1	42 1	23 1	39 1	15 1	19 1	11 1	29 1	7 1	9 1	13 1	34 1	6 1	33 1	30 1	22 1	0 1	40 1	36 1
24 1	5 1	33 1	16 1	6 1	19 1	9 1	17 1	14 1	28 1	41 1	1 1	12 1	11 1	34 1	46 1	8 1	42 1	3 1	27 1	45 1	37 1	2 1	22 1	32 1	36 1	29 1	0 1	23 1	49 1	4 1	20 1	13 1	31 1	47 1	38 1	25 1	18 1	35 1	44 1	43 1	7 1	39 1	30 1	26 1	40 1	10 1	15 1	48 1	21 1
1 1	29 1	8 1	18 1	45 1	30 1	13 1	46 1	47 1	48 1	7 1	4 1	32 1	28 1	31 1	2 1	10 1	39 1	17 1	5 1	44 1	6 1	9 1	27 1	25 1	21 1	11 1	26 1	49 1	35 1	20 1	16 1	38 1	22 1	41 1	42 1	37 1	23 1	14 1	33 1	40 1	0 1	19 1	24 1	36 1	43 1	12 1	3 1	15 1	34 1
32 1	40 1	19 1	8 1	49 1	18 1	4 1	15 1	36 1	23 1	9 1	30 1	31 1	39 1	1 1	17 1	14 1	21 1	11 1	42 1	45 1	35 1	27 1	10 1	47 1	20 1	13 1	33 1	38 1	0 1	2 1	48 1	5 1	7 1	26 1	41 1	16 1	44 1	3 1	6 1	37 1	29 1	25 1	46 1	12 1	34 1	22 1	43 1	28 1	24 1
11 1	41 1	47 1	36 1	17 1	40 1	35 1	2 1	19 1	14 1	37 1	20 1	6 1	31 1	49 1	8 1	3 1	15 1	7 1	39 1	25 1	38 1	13 1	33 1	21 1	16 1	23 1	32 1	28 1	1 1	4 1	42 1	5 1	24 1	45 1	9 1	12 1	10 1	48 1	27 1	26 1	34 1	43 1	0 1	18 1	44 1	30 1	22 1	29 1	46 1
43 1	27 1	44 1	24 1	28 1	15 1	40 1	29 1	22 1	32 1	39 1	42 1	17 1	47 1	20 1	4 1	0 1	8 1	38 1	7 1	18 1	2 1	11 1	5 1	35 1	31 1	3 1	16 1	37 1	46 1	26 1	49 1	48 1	33 1	1 1	36 1	12 1	19 1	45 1	25 1	6 1	9 1	41 1	30 1	14 1	10 1	13 1	23 1	34 1	21 1
42 1	31 1	21 1	18 1	47 1	23 1	34 1	20 1	25 1	48 1	36 1	0 1	12 1	3 1	7 1	35 1	46 1	44 1	39 1	2 1	16 1	38 1	30 1	22 1	10 1	13 1	29 1	4 1	9 1	40 1	41 1	8 1	17 1	27 1	33 1	32 1	26 1	1 1	5 1	19 1	15 1	14 1	45 1	28 1	11 1	24 1	49 1	37 1	43 1	6 1
7 1	26 1	13 1	16 1	18 1	42 1	28 1	11 1	48 1	8 1	43 1	1 1	32 1	49 1	46 1	21 1	5 1	12 1	24 1	36 1	41 1	22 1	47 1	25 1	4 1	38 1	40 1	2 1	44 1	15 1	33 1	27 1	3 1	35 1	19 1	0 1	14 1	17 1	6 1	29 1	9 1	20 1	30 1	45 1	37 1	39 1	10 1	31 1	23 1	34 1
