10	40
12 1	18 1	37 1	1 1	19 1	31 1	17 1	24 1	11 1	9 1	20 1	36 1	27 1	14 1	35 1	2 1	4 1	34 1	0 1	8 1	25 1	29 1	22 1	5 1	33 1	28 1	10 1	23 1	32 1	21 1	6 1	30 1	16 1	26 1	15 1	39 1	13 1	7 1	38 1	3 1
29 1	5 1	25 1	20 1	35 1	33 1	8 1	12 1	0 1	21 1	7 1	10 1	15 1	18 1	13 1	11 1	3 1	23 1	37 1	2 1	4 1	32 1	22 1	28 1	36 1	26 1	39 1	9 1	30 1	1 1	17 1	27 1	34 1	24 1	19 1	31 1	14 1	38 1	6 1	16 1
16 1	30 1	10 1	23 1	8 1	21 1	6 1	32 1	34 1	12 1	5 1	3 1	39 1	17 1	2 1	36 1	20 1	28 1	31 1	7 1	26 1	37 1	35 1	4 1	1 1	15 1	22 1	27 1	0 1	33 1	38 1	29 1	24 1	19 1	14 1	25 1	18 1	9 1	11 1	13 1
22 1	1 1	3 1	2 1	29 1	9 1	27 1	28 1	16 1	26 1	24 1	5 1	15 1	34 1	13 1	0 1	39 1	19 1	20 1	21 1	4 1	37 1	31 1	25 1	10 1	11 1	38 1	32 1	14 1	36 1	8 1	23 1	17 1	30 1	35 1	33 1	18 1	6 1	12 1	7 1
37 1	6 1	19 1	23 1	8 1	2 1	30 1	22 1	26 1	5 1	13 1	36 1	28 1	16 1	24 1	18 1	3 1	27 1	15 1	4 1	7 1	14 1	33 1	0 1	20 1	21 1	31 1	39 1	17 1	35 1	1 1	12 1	29 1	9 1	25 1	10 1	34 1	11 1	32 1	38 1
35 1	31 1	8 1	28 1	5 1	29 1	6 1	38 1	7 1	15 1	34 1	39 1	11 1	10 1	2 1	4 1	32 1	37 1	36 1	33 1	18 1	13 1	1 1	12 1	30 1	21 1	24 1	23 1	25 1	27 1	26 1	3 1	22 1	16 1	19 1	14 1	17 1	9 1	0 1	20 1
18 1	5 1	2 1	8 1	35 1	7 1	17 1	24 1	3 1	33 1	1 1	16 1	29 1	37 1	9 1	28 1	25 1	26 1	38 1	11 1	12 1	22 1	0 1	10 1	4 1	14 1	20 1	31 1	39 1	21 1	6 1	27 1	15 1	19 1	13 1	23 1	30 1	36 1	32 1	34 1
5 1	9 1	7 1	38 1	33 1	15 1	10 1	12 1	13 1	16 1	32 1	0 1	31 1	17 1	39 1	19 1	25 1	27 1	14 1	37 1	8 1	3 1	34 1	2 1	21 1	26 1	35 1	1 1	28 1	11 1	22 1	20 1	4 1	24 1	18 1	36 1	29 1	6 1	30 1	23 1
11 1	12 1	39 1	25 1	29 1	19 1	15 1	33 1	6 1	0 1	37 1	35 1	27 1	1 1	5 1	24 1	26 1	17 1	30 1	23 1	22 1	34 1	36 1	3 1	9 1	21 1	20 1	10 1	4 1	7 1	8 1	14 1	2 1	38 1	31 1	18 1	28 1	13 1	32 1	16 1
29 1	6 1	21 1	35 1	23 1	17 1	3 1	8 1	36 1	26 1	7 1	2 1	31 1	15 1	38 1	1 1	22 1	20 1	27 1	30 1	34 1	16 1	0 1	5 1	19 1	13 1	39 1	9 1	25 1	12 1	32 1	28 1	10 1	33 1	37 1	11 1	24 1	14 1	4 1	18 1
