90	90
51 1	58 1	77 1	6 1	57 1	23 1	3 1	68 1	71 1	74 1	63 1	82 1	89 1	45 1	2 1	12 1	20 1	33 1	61 1	37 1	7 1	9 1	18 1	39 1	32 1	72 1	0 1	14 1	47 1	5 1	49 1	44 1	34 1	46 1	87 1	80 1	19 1	59 1	79 1	17 1	70 1	75 1	10 1	56 1	65 1	29 1	24 1	53 1	1 1	42 1	84 1	30 1	60 1	35 1	66 1	62 1	41 1	8 1	73 1	38 1	83 1	81 1	52 1	31 1	54 1	16 1	67 1	36 1	15 1	43 1	26 1	28 1	11 1	40 1	64 1	22 1	76 1	13 1	27 1	50 1	78 1	55 1	85 1	86 1	48 1	21 1	88 1	4 1	69 1	25 1
82 1	52 1	13 1	4 1	34 1	17 1	29 1	31 1	3 1	21 1	57 1	0 1	46 1	54 1	60 1	77 1	64 1	24 1	32 1	41 1	75 1	23 1	86 1	39 1	47 1	62 1	11 1	87 1	73 1	88 1	45 1	61 1	37 1	44 1	66 1	69 1	85 1	67 1	51 1	84 1	65 1	49 1	20 1	27 1	80 1	81 1	12 1	76 1	2 1	22 1	48 1	7 1	8 1	70 1	79 1	71 1	38 1	58 1	78 1	43 1	89 1	14 1	36 1	40 1	28 1	1 1	72 1	33 1	50 1	59 1	53 1	19 1	55 1	74 1	35 1	30 1	10 1	9 1	63 1	6 1	25 1	5 1	26 1	68 1	56 1	16 1	18 1	15 1	83 1	42 1
23 1	77 1	57 1	24 1	27 1	52 1	37 1	53 1	71 1	12 1	63 1	16 1	69 1	74 1	26 1	50 1	5 1	28 1	13 1	0 1	54 1	1 1	66 1	7 1	11 1	3 1	39 1	9 1	58 1	51 1	33 1	42 1	47 1	64 1	73 1	81 1	48 1	14 1	60 1	55 1	56 1	41 1	45 1	31 1	29 1	18 1	83 1	35 1	10 1	19 1	20 1	43 1	80 1	6 1	65 1	70 1	59 1	72 1	84 1	34 1	38 1	2 1	86 1	25 1	68 1	36 1	32 1	44 1	76 1	79 1	46 1	62 1	88 1	78 1	21 1	85 1	89 1	8 1	22 1	30 1	67 1	17 1	15 1	75 1	40 1	4 1	87 1	49 1	82 1	61 1
25 1	47 1	46 1	54 1	18 1	81 1	7 1	58 1	34 1	82 1	33 1	28 1	21 1	72 1	36 1	15 1	80 1	45 1	42 1	24 1	71 1	84 1	57 1	73 1	8 1	16 1	9 1	31 1	22 1	6 1	75 1	48 1	12 1	10 1	40 1	29 1	2 1	52 1	41 1	38 1	4 1	60 1	27 1	62 1	14 1	5 1	51 1	30 1	76 1	55 1	37 1	68 1	26 1	49 1	35 1	44 1	65 1	1 1	50 1	13 1	19 1	87 1	0 1	77 1	86 1	20 1	63 1	32 1	56 1	67 1	39 1	70 1	64 1	61 1	78 1	79 1	11 1	23 1	83 1	66 1	85 1	69 1	53 1	89 1	88 1	43 1	59 1	17 1	3 1	74 1
16 1	14 1	51 1	20 1	57 1	5 1	33 1	66 1	73 1	41 1	59 1	78 1	31 1	42 1	13 1	76 1	87 1	32 1	64 1	43 1	39 1	74 1	9 1	72 1	50 1	24 1	69 1	2 1	0 1	47 1	25 1	60 1	54 1	61 1	1 1	28 1	75 1	38 1	30 1	44 1	71 1	18 1	62 1	52 1	84 1	89 1	80 1	15 1	7 1	40 1	81 1	27 1	67 1	29 1	86 1	23 1	68 1	82 1	85 1	19 1	35 1	53 1	37 1	56 1	45 1	21 1	8 1	10 1	3 1	4 1	70 1	58 1	22 1	34 1	77 1	26 1	63 1	12 1	17 1	79 1	11 1	6 1	46 1	48 1	83 1	55 1	65 1	36 1	88 1	49 1
72 1	19 1	5 1	32 1	13 1	77 1	12 1	36 1	1 1	68 1	83 1	69 1	0 1	73 1	15 1	65 1	29 1	6 1	28 1	47 1	66 1	49 1	21 1	60 1	51 1	45 1	33 1	2 1	57 1	85 1	44 1	87 1	30 1	40 1	4 1	34 1	18 1	24 1	55 1	78 1	35 1	84 1	37 1	54 1	52 1	43 1	63 1	59 1	26 1	70 1	58 1	71 1	38 1	31 1	88 1	75 1	16 1	3 1	41 1	62 1	74 1	86 1	67 1	14 1	64 1	22 1	53 1	20 1	8 1	82 1	27 1	81 1	23 1	76 1	89 1	42 1	79 1	17 1	48 1	7 1	50 1	11 1	46 1	61 1	56 1	39 1	10 1	80 1	9 1	25 1
40 1	65 1	64 1	11 1	14 1	1 1	33 1	13 1	75 1	52 1	16 1	19 1	31 1	87 1	43 1	12 1	82 1	5 1	35 1	55 1	34 1	0 1	71 1	15 1	72 1	10 1	23 1	42 1	69 1	18 1	54 1	51 1	74 1	37 1	80 1	32 1	30 1	50 1	61 1	44 1	81 1	77 1	28 1	46 1	41 1	17 1	21 1	78 1	48 1	8 1	20 1	67 1	6 1	47 1	2 1	26 1	86 1	27 1	85 1	79 1	68 1	53 1	57 1	66 1	58 1	3 1	73 1	89 1	38 1	83 1	60 1	36 1	49 1	84 1	39 1	56 1	29 1	9 1	88 1	45 1	59 1	62 1	70 1	25 1	22 1	24 1	4 1	76 1	63 1	7 1
65 1	8 1	16 1	52 1	28 1	45 1	23 1	56 1	81 1	46 1	26 1	4 1	51 1	32 1	31 1	0 1	29 1	9 1	74 1	30 1	17 1	53 1	47 1	76 1	38 1	1 1	41 1	83 1	18 1	77 1	19 1	27 1	67 1	5 1	33 1	82 1	42 1	11 1	49 1	43 1	70 1	79 1	57 1	84 1	21 1	15 1	86 1	14 1	50 1	87 1	60 1	88 1	39 1	59 1	40 1	25 1	80 1	73 1	66 1	36 1	75 1	48 1	89 1	3 1	2 1	55 1	20 1	58 1	71 1	13 1	62 1	72 1	68 1	34 1	6 1	7 1	12 1	54 1	64 1	10 1	78 1	61 1	22 1	85 1	24 1	63 1	37 1	69 1	44 1	35 1
71 1	44 1	50 1	57 1	0 1	45 1	31 1	54 1	65 1	72 1	22 1	49 1	79 1	35 1	86 1	80 1	64 1	21 1	18 1	83 1	41 1	63 1	89 1	69 1	16 1	47 1	25 1	40 1	56 1	53 1	11 1	37 1	15 1	59 1	88 1	20 1	77 1	87 1	17 1	85 1	28 1	26 1	75 1	13 1	6 1	58 1	61 1	14 1	8 1	70 1	39 1	82 1	42 1	68 1	27 1	66 1	67 1	74 1	19 1	33 1	3 1	46 1	84 1	43 1	10 1	9 1	73 1	36 1	62 1	48 1	52 1	81 1	5 1	78 1	30 1	24 1	32 1	51 1	7 1	76 1	38 1	12 1	2 1	29 1	55 1	60 1	4 1	34 1	23 1	1 1
39 1	61 1	3 1	33 1	13 1	26 1	64 1	8 1	42 1	23 1	75 1	68 1	44 1	45 1	15 1	38 1	21 1	4 1	76 1	17 1	86 1	32 1	89 1	37 1	31 1	85 1	34 1	43 1	47 1	50 1	28 1	52 1	10 1	19 1	69 1	24 1	57 1	78 1	27 1	81 1	16 1	60 1	66 1	11 1	14 1	54 1	63 1	41 1	40 1	36 1	7 1	6 1	82 1	83 1	87 1	25 1	46 1	0 1	71 1	20 1	18 1	1 1	70 1	56 1	73 1	35 1	12 1	55 1	58 1	79 1	77 1	74 1	53 1	2 1	49 1	5 1	48 1	51 1	88 1	30 1	65 1	9 1	80 1	72 1	29 1	62 1	59 1	67 1	84 1	22 1
13 1	89 1	57 1	27 1	7 1	66 1	71 1	55 1	60 1	4 1	56 1	39 1	68 1	23 1	21 1	46 1	12 1	48 1	63 1	17 1	14 1	6 1	70 1	85 1	29 1	38 1	42 1	31 1	88 1	81 1	20 1	86 1	40 1	50 1	78 1	82 1	5 1	8 1	0 1	53 1	41 1	11 1	16 1	10 1	76 1	2 1	51 1	72 1	67 1	22 1	34 1	44 1	3 1	83 1	87 1	1 1	18 1	52 1	26 1	65 1	80 1	61 1	49 1	24 1	25 1	75 1	15 1	73 1	47 1	58 1	69 1	43 1	74 1	37 1	84 1	30 1	54 1	19 1	62 1	45 1	79 1	35 1	28 1	33 1	32 1	59 1	77 1	36 1	9 1	64 1
43 1	4 1	6 1	2 1	58 1	48 1	20 1	42 1	16 1	7 1	54 1	61 1	49 1	57 1	79 1	10 1	50 1	15 1	83 1	21 1	47 1	69 1	28 1	70 1	46 1	66 1	0 1	36 1	41 1	85 1	75 1	29 1	87 1	33 1	52 1	39 1	68 1	17 1	37 1	76 1	8 1	89 1	22 1	86 1	62 1	84 1	11 1	30 1	82 1	25 1	31 1	77 1	1 1	78 1	80 1	74 1	71 1	73 1	18 1	40 1	13 1	55 1	60 1	23 1	63 1	53 1	35 1	64 1	24 1	12 1	56 1	5 1	9 1	59 1	81 1	34 1	51 1	32 1	88 1	3 1	14 1	44 1	67 1	27 1	45 1	26 1	19 1	38 1	72 1	65 1
10 1	9 1	32 1	67 1	19 1	89 1	4 1	87 1	14 1	60 1	44 1	31 1	76 1	64 1	51 1	55 1	53 1	61 1	79 1	46 1	20 1	11 1	21 1	48 1	28 1	47 1	85 1	77 1	30 1	63 1	1 1	3 1	81 1	33 1	82 1	83 1	35 1	66 1	15 1	24 1	68 1	69 1	17 1	13 1	29 1	27 1	12 1	40 1	50 1	18 1	84 1	22 1	65 1	80 1	59 1	71 1	25 1	38 1	62 1	74 1	2 1	78 1	34 1	8 1	56 1	42 1	23 1	0 1	26 1	88 1	86 1	41 1	39 1	72 1	43 1	54 1	37 1	6 1	58 1	70 1	7 1	45 1	52 1	49 1	5 1	36 1	16 1	73 1	75 1	57 1
17 1	87 1	69 1	56 1	71 1	31 1	44 1	76 1	18 1	2 1	60 1	38 1	57 1	65 1	89 1	49 1	54 1	61 1	43 1	39 1	42 1	21 1	64 1	74 1	20 1	78 1	0 1	25 1	50 1	27 1	58 1	37 1	23 1	5 1	19 1	16 1	75 1	40 1	28 1	55 1	41 1	32 1	85 1	46 1	7 1	72 1	81 1	52 1	8 1	84 1	66 1	10 1	70 1	47 1	30 1	83 1	80 1	34 1	26 1	53 1	67 1	13 1	86 1	82 1	59 1	62 1	6 1	35 1	24 1	73 1	33 1	45 1	48 1	4 1	29 1	3 1	77 1	22 1	51 1	11 1	63 1	12 1	88 1	15 1	68 1	9 1	1 1	36 1	14 1	79 1
66 1	67 1	11 1	46 1	1 1	50 1	89 1	60 1	85 1	41 1	76 1	17 1	18 1	57 1	5 1	38 1	54 1	24 1	31 1	34 1	78 1	68 1	48 1	69 1	80 1	70 1	25 1	26 1	2 1	33 1	13 1	10 1	81 1	72 1	15 1	3 1	73 1	77 1	83 1	74 1	64 1	16 1	62 1	37 1	82 1	35 1	0 1	14 1	49 1	88 1	7 1	47 1	86 1	28 1	42 1	43 1	30 1	75 1	53 1	9 1	58 1	32 1	44 1	27 1	36 1	20 1	87 1	23 1	40 1	39 1	4 1	21 1	19 1	51 1	29 1	55 1	8 1	12 1	71 1	22 1	56 1	65 1	79 1	52 1	84 1	59 1	63 1	61 1	6 1	45 1
18 1	85 1	75 1	33 1	49 1	81 1	87 1	59 1	30 1	20 1	65 1	1 1	44 1	3 1	28 1	13 1	79 1	11 1	51 1	50 1	6 1	16 1	74 1	83 1	31 1	34 1	84 1	27 1	19 1	67 1	5 1	68 1	2 1	38 1	66 1	80 1	14 1	15 1	24 1	8 1	64 1	17 1	62 1	73 1	58 1	39 1	12 1	55 1	61 1	45 1	36 1	21 1	76 1	78 1	52 1	37 1	48 1	9 1	40 1	47 1	26 1	70 1	56 1	32 1	69 1	60 1	82 1	10 1	63 1	43 1	4 1	46 1	89 1	72 1	23 1	57 1	77 1	29 1	35 1	71 1	22 1	0 1	7 1	42 1	88 1	54 1	25 1	86 1	41 1	53 1
21 1	33 1	75 1	61 1	35 1	4 1	78 1	29 1	42 1	36 1	19 1	9 1	77 1	17 1	0 1	46 1	60 1	86 1	45 1	73 1	1 1	53 1	49 1	6 1	83 1	58 1	59 1	25 1	47 1	79 1	57 1	70 1	87 1	34 1	31 1	43 1	2 1	18 1	24 1	28 1	64 1	13 1	72 1	56 1	48 1	65 1	89 1	81 1	27 1	55 1	5 1	76 1	67 1	50 1	37 1	38 1	62 1	39 1	30 1	54 1	22 1	10 1	15 1	40 1	7 1	23 1	11 1	51 1	12 1	44 1	63 1	20 1	3 1	26 1	41 1	52 1	14 1	74 1	32 1	85 1	8 1	71 1	88 1	66 1	69 1	16 1	68 1	80 1	84 1	82 1
21 1	25 1	35 1	73 1	27 1	66 1	63 1	71 1	58 1	86 1	84 1	70 1	36 1	37 1	78 1	22 1	80 1	33 1	42 1	82 1	69 1	76 1	68 1	67 1	79 1	55 1	15 1	74 1	3 1	87 1	77 1	13 1	24 1	57 1	19 1	54 1	75 1	44 1	11 1	4 1	65 1	18 1	29 1	50 1	17 1	52 1	85 1	88 1	32 1	26 1	61 1	40 1	48 1	30 1	8 1	9 1	6 1	47 1	12 1	56 1	89 1	46 1	0 1	81 1	1 1	20 1	45 1	28 1	49 1	72 1	64 1	51 1	5 1	10 1	16 1	7 1	2 1	62 1	38 1	43 1	59 1	53 1	41 1	34 1	31 1	14 1	83 1	23 1	39 1	60 1
7 1	87 1	63 1	3 1	78 1	13 1	33 1	8 1	24 1	21 1	45 1	41 1	20 1	86 1	2 1	40 1	31 1	70 1	26 1	5 1	61 1	83 1	35 1	66 1	84 1	51 1	38 1	81 1	79 1	47 1	53 1	58 1	17 1	55 1	14 1	57 1	6 1	18 1	25 1	72 1	43 1	37 1	30 1	64 1	67 1	85 1	16 1	23 1	80 1	11 1	75 1	49 1	4 1	65 1	32 1	15 1	50 1	52 1	10 1	77 1	22 1	82 1	29 1	46 1	89 1	74 1	56 1	34 1	62 1	42 1	68 1	69 1	48 1	71 1	39 1	76 1	28 1	60 1	36 1	9 1	59 1	73 1	44 1	12 1	88 1	27 1	19 1	1 1	0 1	54 1
55 1	37 1	62 1	81 1	24 1	61 1	83 1	54 1	2 1	17 1	26 1	75 1	63 1	28 1	86 1	38 1	11 1	76 1	58 1	50 1	41 1	82 1	48 1	44 1	8 1	25 1	9 1	34 1	35 1	39 1	65 1	13 1	16 1	71 1	43 1	52 1	32 1	66 1	0 1	4 1	59 1	42 1	70 1	19 1	18 1	68 1	6 1	72 1	20 1	80 1	31 1	79 1	10 1	1 1	78 1	74 1	27 1	57 1	77 1	5 1	36 1	60 1	85 1	64 1	89 1	21 1	69 1	15 1	87 1	84 1	49 1	56 1	12 1	22 1	30 1	67 1	88 1	53 1	40 1	51 1	73 1	29 1	3 1	7 1	14 1	47 1	23 1	33 1	45 1	46 1
44 1	56 1	35 1	71 1	41 1	11 1	19 1	88 1	49 1	13 1	80 1	4 1	61 1	55 1	7 1	17 1	62 1	16 1	42 1	85 1	87 1	82 1	47 1	74 1	39 1	81 1	51 1	52 1	75 1	6 1	26 1	72 1	76 1	45 1	79 1	73 1	12 1	37 1	48 1	0 1	38 1	65 1	5 1	31 1	29 1	54 1	64 1	2 1	28 1	21 1	1 1	84 1	8 1	77 1	36 1	78 1	18 1	9 1	40 1	27 1	60 1	25 1	34 1	68 1	23 1	33 1	86 1	63 1	14 1	59 1	67 1	89 1	70 1	58 1	32 1	20 1	24 1	30 1	3 1	69 1	57 1	22 1	66 1	10 1	50 1	43 1	46 1	15 1	83 1	53 1
8 1	66 1	43 1	62 1	11 1	60 1	69 1	63 1	71 1	75 1	0 1	68 1	86 1	3 1	45 1	65 1	2 1	84 1	39 1	6 1	25 1	26 1	52 1	35 1	19 1	83 1	77 1	74 1	55 1	78 1	89 1	31 1	40 1	88 1	18 1	76 1	28 1	87 1	27 1	10 1	23 1	1 1	12 1	50 1	79 1	58 1	20 1	16 1	53 1	24 1	44 1	51 1	72 1	37 1	36 1	32 1	5 1	80 1	21 1	81 1	15 1	38 1	54 1	34 1	42 1	47 1	7 1	30 1	29 1	49 1	22 1	82 1	57 1	41 1	9 1	4 1	48 1	14 1	61 1	56 1	70 1	85 1	13 1	67 1	46 1	17 1	73 1	59 1	64 1	33 1
30 1	2 1	69 1	73 1	3 1	78 1	11 1	20 1	89 1	1 1	9 1	17 1	80 1	26 1	0 1	88 1	33 1	44 1	75 1	16 1	43 1	85 1	58 1	7 1	51 1	23 1	38 1	60 1	42 1	15 1	74 1	47 1	79 1	27 1	13 1	19 1	41 1	53 1	70 1	66 1	5 1	10 1	24 1	77 1	31 1	12 1	71 1	14 1	48 1	4 1	8 1	67 1	68 1	32 1	72 1	37 1	64 1	62 1	87 1	56 1	36 1	52 1	83 1	34 1	63 1	76 1	6 1	18 1	54 1	57 1	25 1	21 1	22 1	46 1	55 1	35 1	65 1	86 1	59 1	49 1	82 1	29 1	39 1	45 1	40 1	50 1	81 1	61 1	28 1	84 1
66 1	44 1	84 1	13 1	65 1	68 1	4 1	19 1	86 1	41 1	56 1	73 1	18 1	6 1	20 1	71 1	58 1	83 1	45 1	52 1	1 1	22 1	38 1	72 1	50 1	67 1	46 1	21 1	63 1	42 1	8 1	37 1	30 1	17 1	51 1	78 1	59 1	23 1	81 1	25 1	26 1	77 1	54 1	85 1	49 1	87 1	12 1	33 1	79 1	62 1	16 1	53 1	11 1	34 1	89 1	47 1	64 1	14 1	31 1	35 1	10 1	88 1	28 1	48 1	5 1	82 1	29 1	9 1	2 1	55 1	32 1	15 1	7 1	24 1	57 1	3 1	74 1	39 1	70 1	40 1	75 1	43 1	0 1	27 1	36 1	60 1	76 1	80 1	69 1	61 1
30 1	17 1	51 1	41 1	7 1	73 1	28 1	8 1	2 1	12 1	63 1	1 1	31 1	33 1	61 1	9 1	5 1	20 1	55 1	88 1	36 1	54 1	27 1	71 1	79 1	3 1	37 1	57 1	86 1	26 1	56 1	65 1	25 1	6 1	52 1	48 1	23 1	85 1	24 1	68 1	14 1	10 1	69 1	76 1	16 1	67 1	45 1	46 1	83 1	0 1	58 1	82 1	32 1	89 1	72 1	29 1	77 1	62 1	64 1	42 1	53 1	11 1	80 1	47 1	39 1	15 1	43 1	81 1	78 1	50 1	21 1	35 1	74 1	44 1	38 1	70 1	60 1	40 1	66 1	75 1	84 1	87 1	18 1	19 1	4 1	49 1	13 1	34 1	22 1	59 1
38 1	62 1	26 1	70 1	7 1	53 1	35 1	13 1	68 1	39 1	5 1	1 1	79 1	4 1	86 1	47 1	27 1	80 1	50 1	21 1	66 1	57 1	49 1	33 1	6 1	23 1	78 1	25 1	17 1	64 1	18 1	83 1	16 1	84 1	76 1	59 1	32 1	11 1	89 1	14 1	88 1	51 1	8 1	69 1	0 1	30 1	74 1	58 1	46 1	73 1	71 1	45 1	87 1	85 1	55 1	42 1	72 1	61 1	12 1	54 1	48 1	34 1	2 1	28 1	29 1	22 1	19 1	37 1	36 1	67 1	56 1	43 1	24 1	10 1	20 1	82 1	41 1	44 1	77 1	63 1	81 1	60 1	52 1	31 1	15 1	9 1	3 1	40 1	75 1	65 1
67 1	60 1	86 1	2 1	44 1	4 1	21 1	81 1	76 1	32 1	63 1	15 1	51 1	70 1	75 1	38 1	17 1	59 1	13 1	3 1	1 1	78 1	85 1	10 1	52 1	54 1	27 1	8 1	74 1	64 1	9 1	12 1	37 1	39 1	49 1	41 1	29 1	56 1	6 1	47 1	11 1	36 1	68 1	7 1	84 1	57 1	40 1	28 1	19 1	82 1	31 1	45 1	35 1	22 1	62 1	23 1	33 1	88 1	46 1	66 1	89 1	14 1	50 1	77 1	24 1	48 1	69 1	53 1	65 1	20 1	16 1	30 1	34 1	73 1	71 1	55 1	5 1	25 1	87 1	72 1	83 1	80 1	58 1	43 1	79 1	18 1	42 1	0 1	26 1	61 1
43 1	23 1	3 1	74 1	25 1	89 1	20 1	13 1	38 1	64 1	60 1	58 1	1 1	37 1	61 1	12 1	80 1	42 1	46 1	69 1	54 1	72 1	78 1	33 1	26 1	81 1	71 1	24 1	44 1	41 1	19 1	88 1	50 1	39 1	83 1	5 1	77 1	79 1	2 1	57 1	52 1	14 1	8 1	4 1	18 1	49 1	76 1	27 1	73 1	53 1	35 1	40 1	47 1	36 1	85 1	32 1	0 1	65 1	59 1	6 1	9 1	55 1	66 1	29 1	30 1	21 1	17 1	34 1	84 1	70 1	68 1	56 1	31 1	86 1	62 1	51 1	15 1	75 1	67 1	16 1	11 1	63 1	48 1	45 1	7 1	82 1	87 1	22 1	28 1	10 1
54 1	56 1	18 1	46 1	80 1	36 1	8 1	48 1	20 1	40 1	88 1	39 1	63 1	24 1	41 1	62 1	58 1	49 1	43 1	60 1	4 1	53 1	55 1	28 1	14 1	5 1	73 1	81 1	45 1	84 1	50 1	47 1	1 1	6 1	86 1	37 1	77 1	38 1	35 1	67 1	59 1	0 1	65 1	64 1	33 1	74 1	23 1	70 1	76 1	87 1	66 1	26 1	71 1	7 1	57 1	2 1	42 1	79 1	83 1	29 1	17 1	30 1	27 1	72 1	12 1	3 1	10 1	75 1	52 1	22 1	61 1	68 1	25 1	19 1	16 1	9 1	89 1	31 1	82 1	11 1	44 1	13 1	78 1	32 1	69 1	34 1	15 1	21 1	51 1	85 1
16 1	40 1	60 1	56 1	88 1	79 1	64 1	55 1	49 1	3 1	76 1	2 1	48 1	12 1	21 1	69 1	84 1	30 1	1 1	9 1	37 1	44 1	11 1	41 1	5 1	65 1	19 1	57 1	0 1	24 1	73 1	18 1	53 1	29 1	28 1	26 1	39 1	77 1	82 1	51 1	85 1	81 1	31 1	74 1	50 1	4 1	63 1	47 1	14 1	67 1	71 1	36 1	80 1	52 1	10 1	72 1	89 1	15 1	70 1	38 1	75 1	13 1	25 1	8 1	33 1	43 1	78 1	54 1	66 1	34 1	46 1	45 1	23 1	58 1	32 1	35 1	59 1	22 1	87 1	6 1	61 1	17 1	86 1	62 1	20 1	68 1	42 1	83 1	27 1	7 1
61 1	65 1	15 1	38 1	70 1	24 1	29 1	27 1	83 1	42 1	62 1	40 1	1 1	14 1	78 1	48 1	63 1	25 1	82 1	76 1	75 1	2 1	17 1	19 1	64 1	87 1	36 1	89 1	49 1	80 1	23 1	73 1	30 1	85 1	21 1	77 1	22 1	0 1	44 1	11 1	3 1	39 1	50 1	33 1	68 1	51 1	53 1	8 1	60 1	71 1	57 1	72 1	67 1	18 1	56 1	35 1	16 1	58 1	45 1	28 1	32 1	88 1	74 1	13 1	55 1	4 1	10 1	34 1	52 1	59 1	84 1	26 1	41 1	54 1	86 1	31 1	20 1	43 1	6 1	79 1	12 1	66 1	37 1	69 1	5 1	46 1	9 1	81 1	47 1	7 1
68 1	13 1	75 1	34 1	10 1	84 1	60 1	88 1	82 1	4 1	50 1	17 1	16 1	62 1	69 1	57 1	18 1	59 1	23 1	24 1	72 1	49 1	65 1	36 1	32 1	67 1	12 1	14 1	44 1	40 1	30 1	70 1	87 1	8 1	55 1	53 1	71 1	2 1	21 1	22 1	41 1	43 1	7 1	27 1	42 1	64 1	83 1	66 1	15 1	77 1	80 1	54 1	0 1	20 1	74 1	52 1	86 1	58 1	81 1	45 1	48 1	33 1	38 1	25 1	73 1	29 1	11 1	39 1	3 1	79 1	51 1	85 1	5 1	9 1	6 1	78 1	63 1	61 1	56 1	37 1	1 1	31 1	76 1	19 1	47 1	26 1	28 1	89 1	46 1	35 1
38 1	44 1	81 1	48 1	3 1	56 1	80 1	52 1	5 1	9 1	18 1	61 1	31 1	11 1	6 1	75 1	88 1	63 1	24 1	67 1	23 1	54 1	49 1	82 1	21 1	4 1	74 1	58 1	69 1	27 1	35 1	50 1	10 1	77 1	43 1	40 1	53 1	73 1	47 1	78 1	83 1	16 1	33 1	22 1	2 1	87 1	89 1	86 1	28 1	30 1	68 1	32 1	37 1	46 1	14 1	42 1	25 1	60 1	29 1	45 1	62 1	1 1	65 1	0 1	20 1	41 1	51 1	55 1	57 1	36 1	17 1	15 1	66 1	64 1	59 1	85 1	26 1	76 1	71 1	7 1	19 1	34 1	84 1	72 1	13 1	70 1	12 1	79 1	8 1	39 1
79 1	21 1	80 1	55 1	12 1	16 1	64 1	11 1	82 1	18 1	36 1	89 1	25 1	19 1	20 1	67 1	42 1	60 1	59 1	86 1	33 1	61 1	44 1	65 1	6 1	3 1	9 1	15 1	5 1	29 1	13 1	54 1	57 1	26 1	39 1	69 1	2 1	28 1	23 1	53 1	73 1	40 1	70 1	32 1	48 1	35 1	14 1	37 1	74 1	85 1	63 1	46 1	7 1	83 1	45 1	66 1	75 1	24 1	71 1	68 1	22 1	0 1	62 1	47 1	10 1	88 1	52 1	49 1	77 1	78 1	41 1	87 1	76 1	8 1	17 1	43 1	1 1	58 1	30 1	34 1	27 1	31 1	51 1	81 1	84 1	4 1	50 1	38 1	56 1	72 1
18 1	67 1	14 1	12 1	74 1	79 1	42 1	40 1	25 1	48 1	55 1	32 1	15 1	56 1	27 1	85 1	23 1	75 1	19 1	34 1	30 1	43 1	88 1	4 1	53 1	35 1	52 1	24 1	61 1	57 1	3 1	26 1	54 1	64 1	58 1	73 1	81 1	31 1	89 1	44 1	0 1	36 1	17 1	33 1	28 1	11 1	84 1	10 1	47 1	6 1	80 1	38 1	16 1	20 1	22 1	21 1	68 1	77 1	76 1	69 1	1 1	29 1	63 1	39 1	50 1	7 1	87 1	72 1	65 1	49 1	45 1	66 1	62 1	37 1	70 1	83 1	41 1	13 1	71 1	82 1	2 1	9 1	78 1	8 1	86 1	46 1	5 1	60 1	51 1	59 1
79 1	64 1	43 1	34 1	7 1	36 1	0 1	61 1	89 1	15 1	67 1	26 1	1 1	88 1	29 1	44 1	46 1	12 1	21 1	22 1	75 1	5 1	33 1	28 1	32 1	86 1	42 1	85 1	8 1	2 1	17 1	38 1	57 1	14 1	56 1	59 1	60 1	81 1	65 1	9 1	53 1	54 1	71 1	80 1	87 1	39 1	24 1	82 1	52 1	84 1	23 1	18 1	16 1	4 1	50 1	74 1	49 1	31 1	72 1	78 1	11 1	30 1	19 1	35 1	20 1	25 1	27 1	40 1	37 1	83 1	6 1	76 1	69 1	41 1	47 1	58 1	48 1	77 1	13 1	66 1	55 1	63 1	45 1	51 1	3 1	73 1	68 1	10 1	70 1	62 1
58 1	15 1	52 1	5 1	13 1	72 1	34 1	8 1	14 1	70 1	12 1	89 1	49 1	51 1	2 1	23 1	86 1	36 1	3 1	25 1	54 1	77 1	30 1	33 1	87 1	44 1	31 1	10 1	1 1	37 1	64 1	21 1	6 1	63 1	57 1	4 1	29 1	46 1	53 1	62 1	19 1	40 1	9 1	65 1	17 1	27 1	83 1	55 1	48 1	81 1	67 1	74 1	59 1	68 1	0 1	43 1	42 1	61 1	41 1	69 1	56 1	11 1	7 1	60 1	32 1	20 1	79 1	75 1	28 1	45 1	35 1	76 1	47 1	71 1	26 1	80 1	39 1	50 1	84 1	82 1	73 1	22 1	88 1	18 1	66 1	16 1	38 1	24 1	85 1	78 1
62 1	41 1	64 1	74 1	15 1	39 1	56 1	73 1	81 1	71 1	10 1	68 1	75 1	38 1	66 1	6 1	72 1	87 1	31 1	82 1	65 1	42 1	79 1	53 1	59 1	52 1	19 1	20 1	21 1	45 1	34 1	27 1	22 1	28 1	25 1	0 1	85 1	8 1	11 1	40 1	29 1	54 1	48 1	77 1	63 1	5 1	24 1	35 1	60 1	2 1	50 1	37 1	83 1	76 1	57 1	32 1	1 1	7 1	23 1	14 1	84 1	43 1	30 1	80 1	9 1	46 1	69 1	3 1	47 1	61 1	36 1	16 1	70 1	44 1	17 1	55 1	89 1	33 1	18 1	26 1	12 1	13 1	58 1	67 1	88 1	49 1	86 1	51 1	4 1	78 1
50 1	27 1	17 1	29 1	83 1	66 1	23 1	79 1	8 1	55 1	88 1	56 1	24 1	46 1	25 1	42 1	22 1	7 1	13 1	63 1	39 1	60 1	68 1	61 1	75 1	12 1	1 1	14 1	45 1	44 1	33 1	86 1	58 1	0 1	21 1	19 1	71 1	20 1	34 1	48 1	64 1	53 1	37 1	65 1	2 1	16 1	47 1	57 1	3 1	70 1	30 1	49 1	84 1	69 1	41 1	52 1	11 1	18 1	85 1	40 1	35 1	87 1	76 1	10 1	72 1	62 1	80 1	9 1	89 1	6 1	77 1	74 1	82 1	81 1	4 1	67 1	31 1	28 1	38 1	43 1	36 1	26 1	32 1	15 1	78 1	51 1	54 1	59 1	5 1	73 1
89 1	44 1	68 1	60 1	27 1	82 1	5 1	31 1	3 1	24 1	37 1	28 1	59 1	42 1	48 1	16 1	43 1	77 1	30 1	14 1	6 1	52 1	69 1	23 1	70 1	8 1	62 1	84 1	29 1	40 1	21 1	18 1	58 1	87 1	81 1	22 1	50 1	7 1	4 1	41 1	51 1	0 1	25 1	32 1	26 1	34 1	76 1	36 1	88 1	1 1	19 1	78 1	71 1	80 1	2 1	39 1	86 1	46 1	12 1	66 1	64 1	54 1	83 1	20 1	61 1	17 1	47 1	9 1	75 1	35 1	53 1	67 1	57 1	56 1	13 1	11 1	65 1	73 1	63 1	33 1	85 1	10 1	45 1	15 1	55 1	49 1	38 1	79 1	72 1	74 1
8 1	76 1	11 1	41 1	26 1	58 1	81 1	73 1	67 1	39 1	9 1	30 1	61 1	89 1	34 1	49 1	43 1	74 1	70 1	32 1	24 1	48 1	2 1	64 1	45 1	50 1	78 1	44 1	10 1	29 1	3 1	59 1	71 1	84 1	75 1	5 1	62 1	85 1	22 1	25 1	14 1	38 1	37 1	87 1	72 1	65 1	42 1	82 1	51 1	47 1	80 1	86 1	1 1	55 1	4 1	19 1	56 1	21 1	23 1	17 1	77 1	15 1	33 1	69 1	20 1	7 1	35 1	31 1	66 1	54 1	88 1	36 1	16 1	52 1	18 1	53 1	40 1	13 1	63 1	6 1	0 1	27 1	83 1	79 1	68 1	28 1	57 1	46 1	60 1	12 1
79 1	24 1	69 1	39 1	12 1	52 1	62 1	88 1	38 1	10 1	77 1	48 1	29 1	18 1	19 1	33 1	82 1	4 1	45 1	0 1	80 1	41 1	37 1	3 1	68 1	58 1	64 1	22 1	32 1	46 1	47 1	11 1	71 1	55 1	73 1	65 1	78 1	60 1	43 1	6 1	51 1	23 1	67 1	15 1	57 1	34 1	14 1	40 1	89 1	35 1	20 1	72 1	81 1	25 1	44 1	84 1	85 1	17 1	27 1	83 1	7 1	75 1	61 1	28 1	63 1	26 1	53 1	86 1	66 1	8 1	42 1	31 1	9 1	30 1	74 1	5 1	49 1	50 1	2 1	21 1	76 1	59 1	36 1	70 1	13 1	16 1	54 1	56 1	87 1	1 1
28 1	59 1	11 1	57 1	26 1	50 1	68 1	71 1	52 1	65 1	86 1	42 1	36 1	30 1	66 1	1 1	62 1	46 1	80 1	10 1	31 1	5 1	16 1	40 1	82 1	88 1	85 1	13 1	61 1	75 1	20 1	55 1	23 1	60 1	78 1	4 1	79 1	51 1	44 1	72 1	53 1	19 1	64 1	29 1	89 1	84 1	34 1	41 1	9 1	2 1	58 1	27 1	7 1	17 1	48 1	8 1	33 1	77 1	56 1	25 1	49 1	87 1	39 1	83 1	67 1	0 1	74 1	70 1	3 1	43 1	47 1	22 1	69 1	6 1	76 1	24 1	14 1	18 1	63 1	21 1	38 1	73 1	12 1	54 1	15 1	35 1	81 1	45 1	32 1	37 1
83 1	77 1	24 1	55 1	43 1	42 1	28 1	35 1	9 1	72 1	50 1	20 1	79 1	73 1	37 1	70 1	68 1	34 1	58 1	22 1	54 1	61 1	1 1	29 1	11 1	27 1	67 1	30 1	59 1	32 1	8 1	69 1	65 1	15 1	62 1	46 1	38 1	88 1	0 1	82 1	89 1	84 1	17 1	12 1	71 1	51 1	41 1	18 1	7 1	48 1	57 1	80 1	64 1	23 1	63 1	25 1	66 1	56 1	74 1	36 1	49 1	31 1	10 1	78 1	76 1	21 1	39 1	40 1	33 1	47 1	13 1	45 1	4 1	3 1	75 1	44 1	2 1	60 1	14 1	81 1	16 1	6 1	5 1	53 1	19 1	52 1	87 1	85 1	86 1	26 1
30 1	17 1	41 1	25 1	4 1	82 1	24 1	73 1	11 1	35 1	19 1	70 1	0 1	48 1	3 1	78 1	59 1	53 1	37 1	38 1	22 1	88 1	72 1	81 1	8 1	26 1	40 1	21 1	54 1	89 1	36 1	85 1	55 1	14 1	28 1	43 1	52 1	12 1	79 1	33 1	49 1	77 1	32 1	51 1	18 1	67 1	31 1	39 1	5 1	61 1	20 1	47 1	83 1	62 1	29 1	86 1	42 1	6 1	9 1	13 1	76 1	74 1	68 1	44 1	75 1	65 1	16 1	23 1	87 1	27 1	10 1	56 1	50 1	80 1	71 1	60 1	58 1	7 1	69 1	15 1	63 1	57 1	1 1	84 1	46 1	2 1	66 1	34 1	64 1	45 1
1 1	50 1	6 1	87 1	3 1	32 1	72 1	74 1	19 1	14 1	22 1	24 1	11 1	68 1	83 1	71 1	88 1	27 1	28 1	48 1	7 1	31 1	20 1	58 1	13 1	54 1	86 1	49 1	26 1	85 1	82 1	60 1	57 1	52 1	17 1	63 1	59 1	81 1	77 1	4 1	44 1	43 1	29 1	51 1	65 1	12 1	36 1	53 1	35 1	56 1	64 1	16 1	55 1	40 1	39 1	41 1	18 1	70 1	10 1	34 1	30 1	38 1	9 1	69 1	46 1	37 1	66 1	80 1	47 1	45 1	84 1	76 1	62 1	21 1	5 1	0 1	42 1	73 1	2 1	25 1	15 1	33 1	78 1	8 1	23 1	67 1	75 1	89 1	79 1	61 1
36 1	12 1	50 1	47 1	51 1	8 1	42 1	74 1	28 1	9 1	61 1	38 1	54 1	53 1	20 1	13 1	67 1	39 1	3 1	7 1	35 1	48 1	78 1	45 1	70 1	18 1	59 1	69 1	1 1	75 1	32 1	21 1	37 1	80 1	55 1	62 1	73 1	68 1	89 1	63 1	44 1	79 1	71 1	72 1	46 1	27 1	60 1	66 1	58 1	5 1	4 1	0 1	49 1	30 1	26 1	65 1	56 1	14 1	29 1	6 1	31 1	2 1	40 1	87 1	25 1	23 1	10 1	22 1	81 1	34 1	57 1	84 1	41 1	11 1	76 1	24 1	33 1	19 1	83 1	15 1	77 1	17 1	16 1	52 1	86 1	82 1	88 1	85 1	43 1	64 1
19 1	50 1	33 1	0 1	48 1	51 1	57 1	69 1	29 1	35 1	75 1	67 1	25 1	10 1	58 1	45 1	2 1	76 1	32 1	73 1	55 1	4 1	24 1	12 1	6 1	40 1	18 1	15 1	87 1	42 1	64 1	56 1	20 1	13 1	54 1	27 1	21 1	1 1	23 1	11 1	38 1	39 1	8 1	63 1	34 1	3 1	80 1	81 1	86 1	71 1	82 1	17 1	60 1	78 1	53 1	62 1	31 1	79 1	26 1	28 1	44 1	65 1	84 1	7 1	36 1	22 1	61 1	52 1	41 1	72 1	16 1	14 1	49 1	88 1	47 1	37 1	43 1	30 1	59 1	68 1	85 1	77 1	9 1	70 1	66 1	83 1	46 1	5 1	74 1	89 1
50 1	1 1	87 1	80 1	59 1	19 1	53 1	62 1	76 1	26 1	52 1	72 1	65 1	24 1	44 1	35 1	61 1	8 1	58 1	33 1	84 1	57 1	54 1	11 1	89 1	23 1	81 1	3 1	64 1	30 1	20 1	82 1	34 1	13 1	42 1	37 1	32 1	51 1	45 1	10 1	41 1	48 1	5 1	12 1	2 1	79 1	74 1	68 1	78 1	4 1	88 1	66 1	28 1	70 1	7 1	77 1	67 1	6 1	71 1	36 1	75 1	18 1	16 1	38 1	49 1	47 1	56 1	31 1	40 1	69 1	85 1	55 1	22 1	15 1	39 1	63 1	27 1	17 1	60 1	9 1	83 1	14 1	29 1	25 1	0 1	46 1	43 1	73 1	86 1	21 1
67 1	6 1	18 1	83 1	4 1	15 1	58 1	20 1	44 1	42 1	40 1	16 1	69 1	28 1	66 1	29 1	53 1	74 1	54 1	10 1	51 1	7 1	82 1	30 1	50 1	56 1	84 1	61 1	52 1	72 1	81 1	80 1	21 1	33 1	75 1	26 1	2 1	38 1	63 1	1 1	8 1	27 1	87 1	0 1	3 1	35 1	62 1	34 1	22 1	19 1	86 1	24 1	17 1	43 1	55 1	23 1	85 1	76 1	39 1	49 1	37 1	32 1	41 1	59 1	45 1	65 1	36 1	31 1	47 1	79 1	78 1	89 1	13 1	71 1	48 1	68 1	25 1	73 1	57 1	64 1	60 1	11 1	46 1	88 1	70 1	77 1	5 1	9 1	14 1	12 1
47 1	53 1	44 1	31 1	81 1	50 1	41 1	40 1	17 1	85 1	84 1	48 1	89 1	79 1	5 1	59 1	21 1	22 1	8 1	57 1	54 1	73 1	66 1	38 1	0 1	83 1	74 1	19 1	60 1	86 1	69 1	29 1	32 1	56 1	49 1	18 1	6 1	65 1	24 1	51 1	2 1	20 1	61 1	27 1	25 1	68 1	63 1	23 1	80 1	58 1	33 1	15 1	55 1	7 1	71 1	43 1	10 1	76 1	3 1	9 1	39 1	45 1	26 1	64 1	87 1	28 1	16 1	78 1	11 1	67 1	37 1	72 1	30 1	46 1	36 1	42 1	52 1	75 1	14 1	82 1	77 1	70 1	35 1	62 1	12 1	4 1	13 1	34 1	88 1	1 1
61 1	6 1	18 1	56 1	53 1	48 1	10 1	31 1	37 1	26 1	19 1	39 1	16 1	80 1	28 1	20 1	71 1	88 1	32 1	11 1	78 1	15 1	74 1	44 1	17 1	34 1	67 1	40 1	5 1	86 1	47 1	76 1	84 1	75 1	13 1	42 1	29 1	82 1	50 1	51 1	12 1	72 1	14 1	38 1	22 1	45 1	59 1	49 1	41 1	79 1	23 1	70 1	4 1	62 1	30 1	57 1	58 1	73 1	89 1	2 1	64 1	24 1	60 1	65 1	35 1	7 1	66 1	69 1	54 1	36 1	46 1	0 1	85 1	83 1	27 1	87 1	68 1	33 1	25 1	77 1	1 1	8 1	52 1	63 1	43 1	9 1	81 1	3 1	21 1	55 1
55 1	54 1	13 1	39 1	83 1	75 1	27 1	53 1	88 1	57 1	89 1	3 1	32 1	74 1	66 1	82 1	60 1	68 1	14 1	2 1	28 1	18 1	65 1	12 1	30 1	77 1	47 1	51 1	5 1	15 1	34 1	45 1	38 1	52 1	49 1	62 1	61 1	71 1	69 1	17 1	16 1	78 1	25 1	85 1	9 1	48 1	64 1	23 1	37 1	87 1	29 1	76 1	6 1	24 1	59 1	33 1	81 1	73 1	19 1	42 1	43 1	41 1	35 1	0 1	10 1	86 1	72 1	46 1	44 1	70 1	58 1	67 1	21 1	22 1	84 1	4 1	36 1	1 1	50 1	20 1	80 1	79 1	26 1	7 1	8 1	31 1	63 1	40 1	56 1	11 1
59 1	84 1	34 1	6 1	82 1	69 1	5 1	24 1	47 1	12 1	85 1	49 1	26 1	27 1	23 1	15 1	2 1	57 1	32 1	58 1	10 1	33 1	53 1	13 1	17 1	73 1	11 1	20 1	0 1	72 1	55 1	87 1	7 1	25 1	38 1	16 1	28 1	52 1	14 1	63 1	36 1	1 1	31 1	8 1	18 1	51 1	54 1	19 1	65 1	61 1	86 1	67 1	60 1	46 1	22 1	30 1	21 1	44 1	40 1	77 1	76 1	68 1	37 1	45 1	74 1	39 1	42 1	71 1	70 1	48 1	43 1	35 1	75 1	41 1	83 1	50 1	79 1	3 1	78 1	81 1	29 1	9 1	66 1	89 1	80 1	88 1	62 1	56 1	64 1	4 1
66 1	23 1	39 1	7 1	50 1	45 1	70 1	16 1	74 1	78 1	71 1	77 1	20 1	43 1	38 1	80 1	21 1	86 1	34 1	89 1	3 1	56 1	87 1	85 1	42 1	61 1	54 1	82 1	49 1	24 1	59 1	33 1	41 1	84 1	32 1	69 1	73 1	62 1	76 1	25 1	5 1	75 1	47 1	57 1	15 1	65 1	58 1	27 1	13 1	9 1	35 1	60 1	8 1	0 1	19 1	72 1	26 1	44 1	4 1	10 1	68 1	18 1	22 1	52 1	31 1	46 1	64 1	1 1	53 1	55 1	63 1	17 1	88 1	36 1	67 1	28 1	48 1	2 1	37 1	79 1	30 1	81 1	6 1	51 1	11 1	40 1	14 1	29 1	12 1	83 1
44 1	82 1	50 1	4 1	6 1	65 1	39 1	66 1	12 1	86 1	76 1	80 1	15 1	63 1	46 1	54 1	49 1	21 1	26 1	70 1	67 1	60 1	5 1	68 1	32 1	79 1	0 1	47 1	36 1	22 1	17 1	9 1	77 1	48 1	78 1	2 1	81 1	87 1	10 1	7 1	64 1	58 1	83 1	29 1	42 1	61 1	51 1	34 1	43 1	3 1	37 1	8 1	53 1	20 1	89 1	11 1	72 1	52 1	27 1	40 1	38 1	85 1	25 1	23 1	56 1	55 1	88 1	33 1	18 1	73 1	71 1	69 1	31 1	75 1	1 1	28 1	74 1	62 1	41 1	13 1	30 1	24 1	59 1	14 1	19 1	16 1	35 1	45 1	57 1	84 1
13 1	41 1	35 1	8 1	47 1	64 1	84 1	69 1	52 1	74 1	33 1	7 1	38 1	60 1	16 1	6 1	79 1	0 1	81 1	49 1	65 1	51 1	67 1	72 1	46 1	3 1	89 1	48 1	34 1	22 1	37 1	29 1	12 1	87 1	54 1	55 1	31 1	11 1	23 1	66 1	73 1	2 1	21 1	62 1	32 1	59 1	10 1	42 1	36 1	77 1	71 1	27 1	76 1	30 1	25 1	88 1	53 1	86 1	45 1	39 1	78 1	61 1	43 1	85 1	75 1	4 1	28 1	17 1	57 1	80 1	15 1	9 1	5 1	1 1	14 1	50 1	20 1	83 1	70 1	18 1	24 1	82 1	26 1	19 1	56 1	44 1	58 1	63 1	68 1	40 1
76 1	60 1	61 1	81 1	31 1	80 1	57 1	23 1	26 1	8 1	5 1	59 1	69 1	44 1	72 1	56 1	45 1	62 1	40 1	78 1	0 1	10 1	73 1	70 1	87 1	2 1	30 1	20 1	38 1	48 1	37 1	64 1	89 1	25 1	75 1	58 1	51 1	79 1	12 1	47 1	35 1	28 1	77 1	88 1	66 1	18 1	13 1	9 1	34 1	32 1	67 1	74 1	4 1	36 1	68 1	39 1	15 1	55 1	85 1	11 1	29 1	83 1	63 1	43 1	1 1	22 1	14 1	21 1	27 1	84 1	54 1	17 1	53 1	33 1	3 1	16 1	52 1	24 1	7 1	82 1	46 1	71 1	86 1	65 1	42 1	49 1	41 1	19 1	50 1	6 1
18 1	31 1	59 1	21 1	83 1	48 1	43 1	61 1	82 1	27 1	26 1	54 1	16 1	62 1	68 1	69 1	11 1	13 1	38 1	53 1	63 1	0 1	67 1	74 1	45 1	51 1	73 1	20 1	85 1	34 1	2 1	79 1	77 1	55 1	46 1	10 1	89 1	5 1	22 1	57 1	75 1	88 1	23 1	14 1	28 1	15 1	58 1	50 1	44 1	30 1	81 1	87 1	37 1	1 1	32 1	52 1	17 1	76 1	40 1	71 1	64 1	86 1	47 1	56 1	6 1	25 1	19 1	70 1	24 1	84 1	66 1	60 1	49 1	35 1	4 1	8 1	42 1	78 1	9 1	7 1	39 1	65 1	80 1	36 1	3 1	12 1	72 1	33 1	41 1	29 1
40 1	44 1	5 1	87 1	30 1	6 1	4 1	47 1	25 1	15 1	53 1	60 1	77 1	21 1	59 1	57 1	61 1	51 1	19 1	11 1	31 1	22 1	88 1	64 1	29 1	65 1	54 1	52 1	39 1	58 1	8 1	2 1	1 1	46 1	63 1	70 1	76 1	23 1	14 1	89 1	7 1	26 1	32 1	56 1	13 1	83 1	81 1	38 1	66 1	85 1	45 1	84 1	16 1	78 1	34 1	55 1	73 1	50 1	68 1	41 1	12 1	20 1	27 1	0 1	33 1	67 1	86 1	42 1	72 1	18 1	49 1	69 1	36 1	71 1	43 1	3 1	80 1	48 1	62 1	24 1	74 1	35 1	79 1	10 1	82 1	17 1	28 1	37 1	9 1	75 1
13 1	36 1	16 1	63 1	66 1	50 1	12 1	21 1	27 1	29 1	85 1	84 1	35 1	75 1	86 1	45 1	77 1	56 1	64 1	42 1	28 1	40 1	18 1	15 1	19 1	81 1	17 1	72 1	46 1	44 1	89 1	30 1	53 1	23 1	88 1	39 1	82 1	73 1	34 1	2 1	83 1	55 1	1 1	47 1	49 1	32 1	5 1	33 1	58 1	26 1	4 1	0 1	59 1	24 1	10 1	54 1	31 1	74 1	14 1	38 1	87 1	22 1	43 1	78 1	70 1	67 1	11 1	48 1	68 1	41 1	65 1	60 1	62 1	69 1	80 1	57 1	51 1	9 1	61 1	71 1	25 1	8 1	3 1	7 1	79 1	52 1	76 1	37 1	6 1	20 1
43 1	62 1	9 1	41 1	89 1	39 1	73 1	42 1	5 1	17 1	84 1	21 1	2 1	31 1	29 1	8 1	19 1	34 1	47 1	63 1	25 1	11 1	71 1	49 1	52 1	45 1	88 1	69 1	77 1	1 1	26 1	83 1	12 1	37 1	36 1	79 1	56 1	3 1	82 1	85 1	54 1	78 1	50 1	86 1	87 1	75 1	7 1	30 1	66 1	0 1	48 1	68 1	27 1	65 1	70 1	59 1	51 1	18 1	64 1	67 1	6 1	13 1	53 1	40 1	22 1	28 1	10 1	57 1	46 1	58 1	35 1	32 1	44 1	14 1	20 1	81 1	61 1	4 1	76 1	60 1	74 1	33 1	55 1	72 1	16 1	38 1	80 1	15 1	23 1	24 1
88 1	21 1	61 1	37 1	13 1	52 1	86 1	72 1	63 1	36 1	40 1	27 1	12 1	46 1	10 1	81 1	18 1	9 1	69 1	5 1	60 1	2 1	77 1	20 1	6 1	76 1	15 1	0 1	34 1	4 1	85 1	53 1	32 1	19 1	22 1	78 1	17 1	49 1	44 1	84 1	45 1	87 1	38 1	23 1	70 1	89 1	7 1	26 1	75 1	62 1	51 1	11 1	3 1	39 1	54 1	66 1	83 1	1 1	42 1	73 1	79 1	43 1	64 1	33 1	48 1	65 1	30 1	8 1	80 1	35 1	67 1	47 1	25 1	57 1	14 1	50 1	58 1	16 1	74 1	82 1	31 1	55 1	56 1	71 1	41 1	28 1	29 1	59 1	24 1	68 1
70 1	30 1	34 1	31 1	27 1	83 1	26 1	66 1	12 1	40 1	86 1	82 1	65 1	72 1	51 1	28 1	75 1	54 1	61 1	43 1	9 1	7 1	20 1	24 1	10 1	29 1	74 1	63 1	19 1	76 1	62 1	89 1	81 1	88 1	14 1	13 1	1 1	37 1	58 1	5 1	0 1	21 1	18 1	6 1	57 1	56 1	50 1	64 1	42 1	73 1	71 1	69 1	22 1	35 1	77 1	68 1	38 1	16 1	60 1	84 1	47 1	45 1	2 1	55 1	4 1	8 1	79 1	23 1	49 1	17 1	3 1	32 1	41 1	39 1	36 1	80 1	78 1	15 1	25 1	11 1	59 1	46 1	33 1	48 1	67 1	53 1	44 1	87 1	85 1	52 1
86 1	84 1	35 1	1 1	6 1	66 1	7 1	14 1	0 1	43 1	72 1	65 1	37 1	79 1	49 1	26 1	77 1	70 1	40 1	69 1	60 1	57 1	54 1	89 1	39 1	63 1	82 1	34 1	87 1	11 1	83 1	51 1	29 1	21 1	32 1	46 1	48 1	5 1	16 1	42 1	45 1	8 1	15 1	53 1	85 1	18 1	75 1	3 1	41 1	88 1	10 1	19 1	27 1	33 1	80 1	62 1	23 1	28 1	47 1	31 1	13 1	55 1	64 1	50 1	58 1	81 1	30 1	68 1	4 1	74 1	56 1	17 1	61 1	24 1	22 1	73 1	36 1	2 1	12 1	71 1	67 1	38 1	59 1	76 1	52 1	20 1	9 1	25 1	44 1	78 1
48 1	64 1	41 1	31 1	77 1	18 1	17 1	42 1	29 1	76 1	87 1	65 1	62 1	21 1	43 1	11 1	85 1	36 1	28 1	38 1	81 1	8 1	59 1	70 1	45 1	60 1	34 1	78 1	37 1	49 1	68 1	44 1	79 1	56 1	86 1	40 1	55 1	67 1	9 1	32 1	75 1	71 1	6 1	39 1	3 1	52 1	61 1	46 1	19 1	20 1	50 1	13 1	63 1	14 1	72 1	25 1	80 1	53 1	30 1	33 1	26 1	12 1	4 1	0 1	10 1	89 1	73 1	23 1	5 1	83 1	51 1	15 1	66 1	84 1	22 1	74 1	57 1	1 1	16 1	69 1	88 1	24 1	35 1	7 1	54 1	2 1	58 1	82 1	47 1	27 1
19 1	49 1	39 1	83 1	82 1	53 1	47 1	59 1	46 1	68 1	17 1	10 1	63 1	43 1	48 1	79 1	40 1	41 1	57 1	33 1	8 1	64 1	6 1	89 1	20 1	0 1	26 1	15 1	4 1	77 1	7 1	30 1	54 1	88 1	55 1	81 1	18 1	36 1	50 1	23 1	78 1	87 1	67 1	85 1	45 1	42 1	65 1	74 1	84 1	29 1	35 1	13 1	62 1	9 1	52 1	44 1	38 1	1 1	32 1	60 1	28 1	86 1	56 1	31 1	66 1	12 1	80 1	73 1	34 1	69 1	61 1	11 1	21 1	71 1	3 1	76 1	22 1	58 1	14 1	75 1	27 1	24 1	16 1	70 1	5 1	25 1	2 1	51 1	37 1	72 1
27 1	65 1	51 1	30 1	14 1	18 1	52 1	64 1	85 1	22 1	62 1	75 1	42 1	2 1	74 1	69 1	41 1	60 1	6 1	19 1	87 1	57 1	40 1	50 1	33 1	32 1	35 1	13 1	38 1	66 1	83 1	71 1	0 1	16 1	68 1	86 1	70 1	59 1	37 1	81 1	44 1	20 1	46 1	36 1	45 1	26 1	76 1	80 1	43 1	63 1	48 1	77 1	72 1	15 1	54 1	78 1	84 1	31 1	88 1	5 1	23 1	61 1	8 1	29 1	10 1	12 1	21 1	4 1	25 1	73 1	79 1	58 1	82 1	47 1	34 1	49 1	11 1	55 1	67 1	39 1	9 1	3 1	17 1	56 1	24 1	7 1	53 1	28 1	89 1	1 1
32 1	24 1	37 1	20 1	12 1	1 1	5 1	86 1	38 1	84 1	56 1	21 1	80 1	9 1	67 1	58 1	71 1	4 1	64 1	83 1	47 1	85 1	89 1	2 1	19 1	57 1	43 1	36 1	77 1	45 1	48 1	11 1	69 1	60 1	26 1	3 1	46 1	7 1	62 1	35 1	65 1	75 1	66 1	14 1	33 1	51 1	54 1	82 1	10 1	74 1	73 1	78 1	25 1	68 1	0 1	42 1	23 1	17 1	55 1	15 1	16 1	22 1	18 1	63 1	79 1	50 1	76 1	8 1	40 1	87 1	30 1	88 1	52 1	39 1	61 1	31 1	44 1	6 1	41 1	29 1	13 1	49 1	34 1	53 1	81 1	28 1	59 1	72 1	70 1	27 1
32 1	41 1	66 1	71 1	7 1	13 1	70 1	10 1	15 1	39 1	89 1	30 1	19 1	46 1	44 1	75 1	38 1	76 1	72 1	57 1	51 1	22 1	54 1	24 1	88 1	23 1	40 1	9 1	43 1	67 1	84 1	36 1	56 1	47 1	20 1	77 1	37 1	69 1	25 1	34 1	18 1	83 1	16 1	12 1	35 1	52 1	31 1	0 1	85 1	58 1	61 1	6 1	65 1	11 1	8 1	63 1	64 1	50 1	74 1	55 1	17 1	59 1	45 1	82 1	62 1	53 1	33 1	80 1	2 1	28 1	1 1	4 1	81 1	87 1	26 1	14 1	3 1	86 1	42 1	78 1	21 1	60 1	49 1	29 1	5 1	48 1	68 1	27 1	73 1	79 1
8 1	39 1	18 1	20 1	3 1	71 1	78 1	16 1	7 1	76 1	21 1	12 1	58 1	77 1	26 1	36 1	73 1	28 1	2 1	27 1	43 1	53 1	4 1	34 1	10 1	5 1	69 1	55 1	87 1	50 1	19 1	56 1	41 1	11 1	44 1	15 1	6 1	29 1	68 1	31 1	23 1	63 1	59 1	48 1	1 1	86 1	40 1	38 1	47 1	42 1	83 1	84 1	14 1	65 1	22 1	72 1	67 1	24 1	45 1	85 1	35 1	61 1	62 1	80 1	25 1	46 1	89 1	13 1	33 1	52 1	17 1	64 1	30 1	0 1	70 1	75 1	51 1	66 1	57 1	9 1	82 1	88 1	81 1	49 1	60 1	74 1	32 1	54 1	37 1	79 1
22 1	58 1	82 1	63 1	41 1	44 1	35 1	71 1	43 1	70 1	8 1	36 1	28 1	60 1	34 1	18 1	57 1	51 1	20 1	39 1	53 1	54 1	80 1	69 1	42 1	26 1	76 1	0 1	49 1	81 1	25 1	14 1	55 1	61 1	10 1	77 1	65 1	24 1	74 1	27 1	68 1	47 1	89 1	72 1	19 1	75 1	5 1	48 1	30 1	15 1	88 1	12 1	32 1	9 1	66 1	11 1	84 1	87 1	79 1	67 1	85 1	78 1	7 1	59 1	46 1	40 1	16 1	31 1	50 1	86 1	52 1	56 1	29 1	45 1	37 1	62 1	3 1	23 1	2 1	13 1	64 1	73 1	33 1	17 1	83 1	38 1	21 1	4 1	1 1	6 1
5 1	23 1	62 1	80 1	86 1	53 1	15 1	52 1	40 1	16 1	89 1	12 1	22 1	76 1	60 1	35 1	55 1	43 1	25 1	29 1	75 1	31 1	14 1	46 1	10 1	4 1	2 1	17 1	39 1	32 1	78 1	67 1	72 1	48 1	87 1	45 1	59 1	70 1	88 1	33 1	26 1	34 1	27 1	1 1	61 1	85 1	73 1	28 1	47 1	20 1	81 1	38 1	64 1	19 1	18 1	69 1	68 1	58 1	41 1	6 1	66 1	24 1	71 1	21 1	13 1	83 1	77 1	37 1	49 1	0 1	8 1	57 1	54 1	82 1	56 1	42 1	84 1	9 1	36 1	74 1	44 1	7 1	51 1	3 1	30 1	50 1	11 1	79 1	63 1	65 1
80 1	65 1	84 1	6 1	31 1	23 1	77 1	2 1	85 1	75 1	3 1	83 1	13 1	10 1	26 1	76 1	40 1	62 1	38 1	47 1	58 1	57 1	8 1	68 1	4 1	37 1	0 1	30 1	1 1	81 1	55 1	72 1	89 1	15 1	28 1	60 1	29 1	70 1	78 1	21 1	67 1	34 1	56 1	7 1	20 1	74 1	33 1	73 1	24 1	5 1	35 1	22 1	32 1	69 1	82 1	87 1	44 1	43 1	50 1	63 1	59 1	51 1	39 1	14 1	53 1	86 1	17 1	42 1	41 1	11 1	36 1	88 1	9 1	79 1	19 1	66 1	18 1	27 1	61 1	45 1	49 1	52 1	54 1	46 1	64 1	48 1	12 1	16 1	71 1	25 1
0 1	6 1	42 1	67 1	45 1	41 1	77 1	43 1	26 1	63 1	15 1	74 1	51 1	28 1	16 1	68 1	82 1	81 1	10 1	2 1	84 1	60 1	47 1	3 1	79 1	5 1	24 1	37 1	33 1	30 1	9 1	14 1	52 1	69 1	4 1	78 1	73 1	87 1	62 1	11 1	29 1	55 1	39 1	22 1	76 1	40 1	25 1	88 1	57 1	17 1	7 1	64 1	36 1	53 1	1 1	8 1	21 1	35 1	12 1	80 1	56 1	85 1	70 1	71 1	50 1	86 1	59 1	54 1	23 1	75 1	61 1	31 1	34 1	32 1	58 1	49 1	89 1	83 1	65 1	48 1	20 1	27 1	13 1	66 1	72 1	44 1	18 1	19 1	46 1	38 1
58 1	51 1	20 1	30 1	2 1	63 1	13 1	42 1	10 1	59 1	15 1	64 1	71 1	52 1	24 1	86 1	77 1	22 1	8 1	87 1	1 1	29 1	82 1	34 1	43 1	70 1	23 1	47 1	41 1	88 1	45 1	65 1	84 1	32 1	60 1	56 1	62 1	44 1	18 1	75 1	53 1	35 1	49 1	46 1	14 1	21 1	61 1	27 1	50 1	11 1	76 1	7 1	66 1	74 1	38 1	89 1	5 1	55 1	48 1	67 1	85 1	12 1	36 1	4 1	33 1	31 1	6 1	79 1	83 1	17 1	54 1	16 1	68 1	73 1	69 1	81 1	0 1	28 1	57 1	78 1	25 1	26 1	80 1	9 1	39 1	40 1	3 1	72 1	19 1	37 1
78 1	59 1	10 1	40 1	30 1	22 1	16 1	86 1	0 1	6 1	64 1	13 1	23 1	87 1	45 1	44 1	53 1	46 1	83 1	38 1	41 1	47 1	5 1	33 1	74 1	63 1	60 1	56 1	81 1	29 1	75 1	35 1	9 1	28 1	85 1	70 1	11 1	21 1	8 1	2 1	55 1	31 1	12 1	73 1	17 1	72 1	32 1	89 1	84 1	71 1	14 1	7 1	42 1	66 1	61 1	80 1	24 1	26 1	48 1	20 1	88 1	43 1	68 1	49 1	1 1	57 1	77 1	82 1	65 1	76 1	52 1	25 1	50 1	37 1	39 1	51 1	54 1	67 1	79 1	19 1	27 1	18 1	69 1	34 1	36 1	62 1	58 1	3 1	4 1	15 1
55 1	53 1	87 1	4 1	41 1	49 1	1 1	38 1	28 1	30 1	42 1	80 1	45 1	62 1	68 1	6 1	31 1	44 1	0 1	11 1	34 1	69 1	14 1	58 1	40 1	52 1	63 1	76 1	17 1	59 1	56 1	82 1	32 1	9 1	77 1	25 1	26 1	73 1	86 1	61 1	43 1	21 1	19 1	12 1	5 1	75 1	10 1	57 1	50 1	81 1	35 1	22 1	2 1	13 1	67 1	27 1	24 1	83 1	65 1	3 1	70 1	16 1	15 1	74 1	8 1	71 1	20 1	48 1	84 1	64 1	66 1	60 1	23 1	29 1	7 1	78 1	85 1	79 1	39 1	18 1	37 1	51 1	36 1	72 1	89 1	88 1	46 1	33 1	47 1	54 1
19 1	47 1	73 1	34 1	28 1	46 1	16 1	45 1	35 1	0 1	8 1	70 1	6 1	9 1	88 1	79 1	66 1	86 1	39 1	50 1	24 1	75 1	12 1	11 1	81 1	77 1	83 1	23 1	22 1	2 1	18 1	1 1	87 1	61 1	72 1	49 1	60 1	14 1	27 1	21 1	59 1	54 1	4 1	52 1	44 1	17 1	25 1	42 1	29 1	30 1	26 1	10 1	33 1	62 1	58 1	84 1	69 1	37 1	85 1	13 1	80 1	57 1	78 1	68 1	31 1	43 1	51 1	76 1	41 1	71 1	3 1	53 1	20 1	15 1	65 1	38 1	55 1	64 1	67 1	89 1	32 1	63 1	7 1	36 1	48 1	74 1	5 1	82 1	40 1	56 1
73 1	44 1	71 1	35 1	2 1	40 1	25 1	65 1	49 1	47 1	4 1	18 1	46 1	7 1	19 1	74 1	55 1	10 1	9 1	23 1	77 1	51 1	32 1	60 1	0 1	67 1	64 1	15 1	79 1	81 1	52 1	33 1	43 1	62 1	89 1	83 1	66 1	29 1	42 1	6 1	63 1	3 1	8 1	56 1	84 1	31 1	34 1	57 1	5 1	11 1	78 1	28 1	48 1	58 1	70 1	45 1	76 1	72 1	36 1	12 1	80 1	30 1	20 1	53 1	21 1	17 1	85 1	38 1	1 1	13 1	37 1	68 1	50 1	54 1	86 1	14 1	69 1	59 1	41 1	75 1	39 1	22 1	61 1	27 1	88 1	24 1	16 1	82 1	26 1	87 1
5 1	58 1	61 1	39 1	10 1	67 1	74 1	38 1	52 1	22 1	34 1	18 1	19 1	3 1	35 1	21 1	84 1	69 1	27 1	53 1	65 1	51 1	29 1	26 1	60 1	86 1	71 1	17 1	88 1	15 1	72 1	6 1	1 1	13 1	4 1	49 1	45 1	44 1	78 1	2 1	12 1	37 1	66 1	85 1	25 1	11 1	89 1	8 1	33 1	70 1	47 1	7 1	40 1	75 1	83 1	24 1	30 1	28 1	54 1	64 1	76 1	57 1	73 1	82 1	46 1	87 1	59 1	63 1	23 1	36 1	41 1	42 1	68 1	14 1	31 1	55 1	50 1	43 1	62 1	0 1	77 1	79 1	56 1	16 1	80 1	48 1	9 1	81 1	20 1	32 1
35 1	2 1	49 1	61 1	33 1	6 1	41 1	85 1	0 1	39 1	70 1	26 1	44 1	9 1	17 1	52 1	29 1	8 1	56 1	66 1	36 1	24 1	31 1	59 1	5 1	46 1	12 1	65 1	20 1	45 1	80 1	4 1	84 1	42 1	32 1	7 1	43 1	69 1	83 1	11 1	62 1	10 1	18 1	40 1	19 1	81 1	77 1	3 1	72 1	25 1	79 1	57 1	30 1	64 1	51 1	88 1	54 1	47 1	22 1	1 1	87 1	71 1	21 1	55 1	89 1	34 1	37 1	28 1	14 1	67 1	60 1	82 1	53 1	15 1	27 1	63 1	74 1	23 1	78 1	68 1	75 1	86 1	38 1	13 1	76 1	50 1	73 1	16 1	58 1	48 1
70 1	0 1	10 1	49 1	25 1	6 1	45 1	20 1	83 1	46 1	58 1	32 1	3 1	16 1	29 1	44 1	36 1	54 1	72 1	40 1	15 1	67 1	85 1	62 1	34 1	75 1	33 1	5 1	68 1	42 1	57 1	81 1	60 1	1 1	80 1	89 1	30 1	51 1	9 1	66 1	55 1	41 1	61 1	76 1	56 1	53 1	65 1	47 1	23 1	26 1	4 1	17 1	48 1	77 1	71 1	69 1	79 1	82 1	18 1	63 1	14 1	2 1	37 1	59 1	52 1	38 1	28 1	22 1	64 1	74 1	7 1	12 1	19 1	31 1	35 1	50 1	27 1	73 1	24 1	39 1	43 1	84 1	78 1	13 1	21 1	8 1	86 1	11 1	88 1	87 1
57 1	83 1	62 1	1 1	17 1	64 1	9 1	8 1	47 1	11 1	49 1	66 1	45 1	20 1	10 1	14 1	76 1	56 1	36 1	67 1	6 1	34 1	37 1	46 1	19 1	81 1	40 1	51 1	39 1	55 1	0 1	25 1	16 1	38 1	80 1	26 1	42 1	33 1	68 1	73 1	71 1	53 1	69 1	77 1	41 1	44 1	48 1	65 1	72 1	70 1	89 1	13 1	15 1	59 1	63 1	61 1	78 1	23 1	43 1	30 1	52 1	85 1	27 1	60 1	31 1	54 1	82 1	35 1	3 1	86 1	7 1	21 1	75 1	84 1	22 1	5 1	28 1	58 1	32 1	50 1	88 1	29 1	18 1	4 1	74 1	2 1	12 1	87 1	24 1	79 1
88 1	25 1	5 1	32 1	18 1	49 1	84 1	27 1	17 1	12 1	28 1	20 1	44 1	21 1	57 1	22 1	64 1	66 1	70 1	45 1	48 1	67 1	55 1	74 1	71 1	34 1	81 1	3 1	72 1	87 1	86 1	41 1	63 1	7 1	85 1	26 1	68 1	58 1	23 1	31 1	52 1	16 1	46 1	6 1	29 1	56 1	24 1	42 1	43 1	69 1	15 1	39 1	38 1	33 1	73 1	2 1	47 1	82 1	4 1	53 1	30 1	89 1	60 1	59 1	75 1	83 1	36 1	78 1	8 1	54 1	77 1	19 1	76 1	9 1	62 1	1 1	35 1	0 1	14 1	50 1	10 1	13 1	61 1	40 1	37 1	51 1	79 1	65 1	80 1	11 1
61 1	77 1	75 1	42 1	26 1	3 1	87 1	84 1	41 1	21 1	68 1	50 1	83 1	51 1	67 1	33 1	1 1	59 1	38 1	64 1	88 1	35 1	63 1	45 1	19 1	80 1	53 1	8 1	49 1	57 1	2 1	58 1	36 1	56 1	28 1	85 1	4 1	14 1	20 1	81 1	82 1	66 1	32 1	9 1	10 1	12 1	22 1	40 1	18 1	74 1	27 1	60 1	65 1	79 1	52 1	6 1	34 1	31 1	76 1	54 1	17 1	11 1	71 1	23 1	48 1	0 1	69 1	44 1	15 1	16 1	25 1	47 1	7 1	55 1	29 1	73 1	24 1	70 1	86 1	30 1	46 1	37 1	5 1	72 1	89 1	39 1	13 1	62 1	43 1	78 1
59 1	27 1	13 1	30 1	46 1	84 1	16 1	37 1	2 1	85 1	56 1	17 1	28 1	78 1	71 1	74 1	86 1	58 1	23 1	10 1	67 1	57 1	53 1	31 1	77 1	49 1	35 1	42 1	73 1	52 1	60 1	1 1	66 1	15 1	48 1	81 1	19 1	89 1	68 1	33 1	44 1	29 1	79 1	32 1	62 1	9 1	25 1	76 1	75 1	80 1	64 1	82 1	72 1	14 1	6 1	83 1	21 1	36 1	69 1	70 1	8 1	55 1	43 1	18 1	87 1	4 1	88 1	51 1	63 1	39 1	61 1	40 1	20 1	34 1	54 1	47 1	5 1	26 1	50 1	45 1	38 1	22 1	0 1	41 1	12 1	11 1	24 1	3 1	7 1	65 1
74 1	45 1	10 1	66 1	46 1	62 1	52 1	22 1	19 1	24 1	56 1	14 1	33 1	47 1	61 1	77 1	30 1	79 1	51 1	2 1	84 1	38 1	53 1	35 1	83 1	15 1	21 1	60 1	71 1	68 1	80 1	8 1	29 1	43 1	36 1	70 1	39 1	85 1	9 1	88 1	40 1	67 1	87 1	73 1	65 1	1 1	20 1	27 1	26 1	64 1	4 1	72 1	78 1	0 1	42 1	32 1	50 1	3 1	48 1	12 1	57 1	25 1	81 1	59 1	55 1	44 1	16 1	31 1	82 1	23 1	28 1	34 1	63 1	5 1	49 1	69 1	58 1	75 1	18 1	7 1	11 1	6 1	86 1	76 1	89 1	17 1	41 1	54 1	37 1	13 1
67 1	14 1	12 1	30 1	29 1	72 1	64 1	10 1	39 1	17 1	63 1	58 1	50 1	89 1	54 1	37 1	25 1	78 1	87 1	15 1	9 1	6 1	41 1	1 1	77 1	8 1	57 1	5 1	59 1	3 1	56 1	33 1	86 1	48 1	40 1	75 1	11 1	23 1	74 1	20 1	34 1	2 1	19 1	71 1	69 1	85 1	45 1	88 1	42 1	65 1	21 1	22 1	24 1	60 1	52 1	27 1	55 1	13 1	26 1	18 1	35 1	43 1	47 1	46 1	66 1	82 1	4 1	44 1	0 1	51 1	76 1	83 1	61 1	31 1	81 1	70 1	79 1	7 1	49 1	36 1	38 1	28 1	73 1	53 1	16 1	84 1	32 1	68 1	62 1	80 1
18 1	10 1	40 1	20 1	39 1	70 1	60 1	30 1	86 1	53 1	42 1	35 1	65 1	21 1	37 1	73 1	47 1	82 1	79 1	41 1	33 1	16 1	68 1	46 1	50 1	28 1	27 1	8 1	69 1	58 1	9 1	55 1	11 1	44 1	75 1	87 1	36 1	19 1	29 1	3 1	48 1	51 1	1 1	34 1	13 1	22 1	72 1	26 1	66 1	81 1	25 1	76 1	17 1	45 1	88 1	49 1	4 1	2 1	7 1	23 1	63 1	67 1	14 1	32 1	56 1	54 1	15 1	74 1	24 1	57 1	61 1	12 1	83 1	43 1	71 1	89 1	0 1	59 1	85 1	31 1	84 1	78 1	5 1	6 1	80 1	38 1	52 1	64 1	62 1	77 1
