80	90
88 1	65 1	31 1	21 1	71 1	82 1	77 1	36 1	12 1	76 1	58 1	28 1	54 1	33 1	17 1	85 1	7 1	43 1	16 1	57 1	55 1	81 1	8 1	40 1	42 1	80 1	75 1	27 1	60 1	45 1	18 1	6 1	59 1	23 1	63 1	72 1	34 1	62 1	86 1	41 1	38 1	0 1	30 1	52 1	14 1	50 1	9 1	89 1	20 1	46 1	84 1	37 1	49 1	67 1	26 1	73 1	10 1	64 1	29 1	11 1	83 1	32 1	3 1	51 1	48 1	70 1	66 1	22 1	87 1	78 1	79 1	74 1	2 1	61 1	25 1	24 1	4 1	19 1	53 1	39 1	69 1	13 1	5 1	1 1	44 1	35 1	56 1	68 1	47 1	15 1
21 1	66 1	79 1	49 1	1 1	71 1	55 1	10 1	82 1	62 1	57 1	24 1	38 1	80 1	19 1	75 1	16 1	72 1	22 1	27 1	15 1	8 1	69 1	86 1	87 1	20 1	52 1	30 1	45 1	47 1	76 1	81 1	6 1	35 1	51 1	2 1	78 1	46 1	3 1	54 1	70 1	14 1	65 1	37 1	68 1	34 1	12 1	36 1	0 1	33 1	41 1	29 1	89 1	64 1	39 1	7 1	85 1	42 1	5 1	17 1	88 1	9 1	43 1	58 1	31 1	73 1	40 1	23 1	84 1	18 1	61 1	50 1	25 1	26 1	77 1	53 1	44 1	32 1	11 1	4 1	83 1	67 1	13 1	60 1	28 1	56 1	74 1	63 1	48 1	59 1
66 1	27 1	40 1	65 1	4 1	55 1	20 1	76 1	29 1	48 1	54 1	82 1	80 1	88 1	89 1	41 1	33 1	16 1	5 1	69 1	43 1	1 1	7 1	8 1	10 1	51 1	52 1	56 1	34 1	3 1	19 1	35 1	36 1	38 1	23 1	25 1	81 1	70 1	72 1	49 1	53 1	21 1	58 1	18 1	0 1	6 1	44 1	47 1	28 1	74 1	83 1	77 1	84 1	31 1	79 1	67 1	60 1	9 1	61 1	32 1	30 1	87 1	11 1	59 1	75 1	22 1	78 1	73 1	2 1	46 1	62 1	63 1	71 1	13 1	85 1	15 1	45 1	86 1	50 1	12 1	42 1	17 1	26 1	68 1	39 1	37 1	14 1	57 1	64 1	24 1
41 1	14 1	85 1	73 1	8 1	17 1	46 1	22 1	13 1	84 1	88 1	81 1	36 1	75 1	87 1	24 1	23 1	10 1	26 1	83 1	20 1	64 1	2 1	70 1	19 1	47 1	33 1	65 1	27 1	44 1	31 1	50 1	53 1	49 1	76 1	25 1	40 1	18 1	29 1	43 1	69 1	63 1	48 1	57 1	55 1	58 1	59 1	78 1	6 1	15 1	72 1	12 1	68 1	54 1	9 1	39 1	62 1	1 1	82 1	21 1	16 1	34 1	0 1	51 1	56 1	86 1	80 1	28 1	35 1	30 1	45 1	66 1	52 1	61 1	4 1	38 1	60 1	7 1	67 1	79 1	77 1	32 1	42 1	3 1	71 1	89 1	37 1	5 1	11 1	74 1
80 1	1 1	83 1	25 1	61 1	58 1	77 1	18 1	67 1	34 1	87 1	22 1	11 1	37 1	73 1	63 1	26 1	81 1	38 1	47 1	15 1	6 1	24 1	76 1	5 1	19 1	62 1	42 1	32 1	89 1	0 1	40 1	17 1	71 1	69 1	60 1	2 1	7 1	70 1	29 1	88 1	27 1	65 1	79 1	57 1	64 1	13 1	14 1	74 1	9 1	84 1	56 1	36 1	4 1	45 1	48 1	86 1	16 1	3 1	50 1	46 1	41 1	30 1	43 1	20 1	49 1	10 1	66 1	8 1	12 1	52 1	54 1	51 1	44 1	53 1	59 1	23 1	35 1	85 1	55 1	68 1	82 1	21 1	72 1	39 1	75 1	31 1	78 1	33 1	28 1
14 1	38 1	65 1	52 1	89 1	25 1	16 1	19 1	22 1	37 1	43 1	45 1	17 1	50 1	64 1	21 1	30 1	51 1	81 1	69 1	34 1	3 1	82 1	49 1	0 1	2 1	76 1	88 1	87 1	56 1	68 1	67 1	13 1	72 1	39 1	33 1	7 1	5 1	12 1	73 1	63 1	8 1	55 1	35 1	83 1	10 1	85 1	36 1	57 1	54 1	66 1	28 1	46 1	11 1	1 1	6 1	71 1	74 1	26 1	62 1	58 1	70 1	53 1	60 1	78 1	4 1	29 1	79 1	9 1	23 1	42 1	77 1	59 1	32 1	48 1	75 1	61 1	86 1	20 1	31 1	41 1	15 1	80 1	18 1	47 1	24 1	40 1	84 1	44 1	27 1
64 1	46 1	20 1	4 1	48 1	22 1	2 1	55 1	1 1	35 1	14 1	61 1	56 1	69 1	74 1	45 1	7 1	3 1	27 1	50 1	71 1	86 1	23 1	65 1	32 1	41 1	31 1	84 1	89 1	10 1	13 1	6 1	87 1	57 1	8 1	49 1	75 1	63 1	37 1	88 1	67 1	40 1	77 1	43 1	85 1	5 1	73 1	68 1	59 1	0 1	26 1	18 1	24 1	19 1	38 1	44 1	51 1	42 1	17 1	81 1	79 1	60 1	83 1	78 1	54 1	25 1	39 1	82 1	76 1	36 1	11 1	12 1	15 1	33 1	66 1	9 1	34 1	30 1	28 1	53 1	29 1	52 1	62 1	21 1	47 1	70 1	80 1	58 1	72 1	16 1
0 1	65 1	12 1	39 1	4 1	7 1	88 1	32 1	55 1	22 1	34 1	86 1	50 1	82 1	37 1	89 1	35 1	57 1	46 1	75 1	66 1	9 1	68 1	81 1	17 1	71 1	11 1	85 1	87 1	26 1	16 1	6 1	1 1	47 1	84 1	15 1	74 1	25 1	3 1	33 1	56 1	8 1	31 1	64 1	63 1	73 1	40 1	24 1	77 1	48 1	51 1	27 1	21 1	38 1	49 1	44 1	83 1	69 1	53 1	20 1	72 1	78 1	60 1	30 1	41 1	10 1	42 1	36 1	76 1	14 1	23 1	61 1	52 1	54 1	5 1	79 1	28 1	18 1	62 1	58 1	67 1	70 1	19 1	13 1	45 1	80 1	59 1	43 1	2 1	29 1
63 1	48 1	27 1	82 1	39 1	60 1	83 1	69 1	4 1	88 1	76 1	65 1	46 1	49 1	30 1	24 1	43 1	0 1	86 1	6 1	66 1	40 1	51 1	50 1	73 1	32 1	20 1	12 1	31 1	75 1	9 1	3 1	64 1	1 1	85 1	81 1	67 1	33 1	21 1	54 1	53 1	19 1	10 1	44 1	15 1	2 1	17 1	47 1	25 1	61 1	78 1	7 1	11 1	87 1	29 1	77 1	56 1	22 1	84 1	23 1	72 1	5 1	37 1	8 1	68 1	28 1	38 1	74 1	55 1	14 1	58 1	13 1	80 1	62 1	42 1	89 1	71 1	16 1	26 1	41 1	59 1	70 1	45 1	34 1	36 1	79 1	35 1	52 1	18 1	57 1
35 1	52 1	36 1	70 1	69 1	82 1	73 1	38 1	77 1	88 1	78 1	79 1	76 1	8 1	68 1	16 1	49 1	7 1	12 1	72 1	25 1	11 1	63 1	62 1	80 1	56 1	33 1	45 1	18 1	53 1	44 1	81 1	42 1	24 1	13 1	27 1	75 1	86 1	23 1	14 1	60 1	6 1	41 1	84 1	59 1	28 1	50 1	3 1	85 1	40 1	5 1	55 1	37 1	0 1	20 1	47 1	4 1	58 1	66 1	21 1	43 1	26 1	83 1	64 1	32 1	1 1	67 1	17 1	48 1	2 1	34 1	87 1	30 1	9 1	10 1	39 1	15 1	19 1	71 1	22 1	89 1	57 1	31 1	65 1	51 1	46 1	74 1	54 1	29 1	61 1
89 1	53 1	49 1	17 1	24 1	5 1	34 1	80 1	78 1	47 1	10 1	36 1	55 1	0 1	64 1	42 1	12 1	57 1	27 1	2 1	69 1	21 1	39 1	35 1	70 1	77 1	20 1	66 1	51 1	44 1	73 1	8 1	62 1	41 1	26 1	28 1	31 1	19 1	3 1	61 1	11 1	1 1	22 1	87 1	38 1	72 1	50 1	14 1	4 1	85 1	30 1	29 1	46 1	58 1	68 1	7 1	43 1	33 1	82 1	40 1	18 1	48 1	84 1	74 1	23 1	15 1	32 1	60 1	54 1	6 1	67 1	59 1	9 1	45 1	71 1	83 1	65 1	88 1	81 1	13 1	76 1	52 1	56 1	63 1	25 1	16 1	37 1	86 1	75 1	79 1
82 1	74 1	78 1	80 1	71 1	76 1	7 1	69 1	24 1	6 1	43 1	46 1	60 1	51 1	32 1	38 1	61 1	75 1	1 1	25 1	13 1	2 1	18 1	86 1	55 1	66 1	41 1	84 1	50 1	29 1	5 1	79 1	3 1	16 1	44 1	52 1	20 1	42 1	56 1	35 1	22 1	8 1	28 1	68 1	4 1	70 1	67 1	64 1	53 1	57 1	88 1	72 1	81 1	11 1	85 1	62 1	34 1	40 1	39 1	10 1	15 1	31 1	48 1	12 1	21 1	65 1	63 1	19 1	73 1	27 1	33 1	58 1	26 1	9 1	87 1	54 1	14 1	83 1	77 1	49 1	37 1	36 1	47 1	17 1	23 1	45 1	30 1	0 1	59 1	89 1
12 1	36 1	55 1	89 1	8 1	63 1	42 1	5 1	0 1	85 1	29 1	45 1	74 1	54 1	49 1	35 1	47 1	82 1	4 1	41 1	71 1	81 1	13 1	75 1	14 1	78 1	24 1	62 1	6 1	46 1	3 1	59 1	58 1	28 1	60 1	80 1	56 1	1 1	11 1	73 1	22 1	21 1	9 1	83 1	69 1	43 1	2 1	64 1	25 1	88 1	52 1	26 1	50 1	16 1	40 1	37 1	70 1	20 1	61 1	53 1	76 1	34 1	84 1	39 1	38 1	65 1	77 1	79 1	66 1	33 1	48 1	10 1	51 1	30 1	44 1	15 1	31 1	23 1	18 1	27 1	67 1	7 1	57 1	32 1	19 1	68 1	72 1	17 1	86 1	87 1
1 1	27 1	68 1	21 1	65 1	64 1	17 1	79 1	69 1	83 1	76 1	28 1	77 1	38 1	40 1	86 1	36 1	56 1	48 1	4 1	60 1	49 1	57 1	84 1	73 1	72 1	59 1	39 1	12 1	30 1	45 1	35 1	81 1	61 1	42 1	51 1	32 1	29 1	3 1	80 1	33 1	82 1	66 1	20 1	44 1	8 1	87 1	43 1	75 1	14 1	15 1	6 1	16 1	89 1	2 1	52 1	22 1	11 1	34 1	47 1	7 1	24 1	70 1	13 1	67 1	88 1	78 1	19 1	23 1	5 1	62 1	58 1	9 1	53 1	46 1	31 1	37 1	0 1	18 1	10 1	41 1	26 1	74 1	71 1	54 1	50 1	25 1	63 1	85 1	55 1
87 1	76 1	51 1	70 1	4 1	24 1	7 1	19 1	2 1	38 1	68 1	41 1	40 1	53 1	15 1	65 1	63 1	42 1	80 1	88 1	62 1	17 1	47 1	18 1	30 1	1 1	67 1	66 1	71 1	11 1	20 1	45 1	48 1	25 1	8 1	52 1	59 1	77 1	32 1	78 1	72 1	14 1	44 1	49 1	0 1	6 1	61 1	26 1	56 1	13 1	23 1	82 1	22 1	50 1	28 1	3 1	29 1	74 1	10 1	39 1	12 1	57 1	16 1	36 1	46 1	73 1	34 1	75 1	79 1	27 1	31 1	85 1	35 1	43 1	9 1	83 1	58 1	54 1	37 1	89 1	21 1	60 1	33 1	69 1	84 1	86 1	55 1	64 1	5 1	81 1
76 1	11 1	51 1	12 1	62 1	50 1	3 1	52 1	85 1	14 1	21 1	46 1	67 1	40 1	38 1	16 1	29 1	31 1	43 1	30 1	49 1	58 1	89 1	7 1	55 1	9 1	8 1	48 1	65 1	20 1	2 1	64 1	15 1	68 1	44 1	45 1	35 1	69 1	37 1	72 1	6 1	80 1	36 1	63 1	18 1	83 1	0 1	39 1	4 1	86 1	28 1	87 1	27 1	41 1	78 1	73 1	42 1	25 1	1 1	10 1	47 1	5 1	66 1	22 1	32 1	81 1	82 1	71 1	26 1	13 1	53 1	61 1	59 1	79 1	57 1	19 1	23 1	54 1	24 1	77 1	17 1	34 1	33 1	88 1	70 1	56 1	60 1	75 1	74 1	84 1
46 1	20 1	63 1	77 1	17 1	58 1	2 1	68 1	30 1	14 1	24 1	55 1	23 1	66 1	45 1	44 1	60 1	50 1	34 1	53 1	16 1	41 1	0 1	85 1	61 1	59 1	32 1	73 1	82 1	67 1	38 1	43 1	71 1	3 1	47 1	57 1	42 1	78 1	80 1	40 1	8 1	84 1	1 1	79 1	36 1	87 1	54 1	37 1	62 1	31 1	13 1	83 1	35 1	9 1	51 1	39 1	26 1	48 1	25 1	19 1	7 1	4 1	88 1	86 1	18 1	76 1	27 1	81 1	64 1	6 1	10 1	22 1	5 1	69 1	29 1	15 1	52 1	56 1	74 1	21 1	11 1	49 1	65 1	28 1	75 1	33 1	12 1	70 1	72 1	89 1
54 1	36 1	18 1	57 1	70 1	29 1	76 1	45 1	9 1	82 1	11 1	75 1	69 1	17 1	6 1	2 1	53 1	80 1	4 1	22 1	19 1	72 1	44 1	86 1	47 1	55 1	67 1	61 1	28 1	15 1	43 1	24 1	77 1	16 1	34 1	21 1	37 1	25 1	8 1	27 1	38 1	10 1	46 1	59 1	41 1	62 1	42 1	0 1	33 1	85 1	26 1	14 1	66 1	68 1	88 1	81 1	30 1	60 1	84 1	35 1	50 1	83 1	32 1	52 1	56 1	71 1	87 1	51 1	31 1	20 1	48 1	40 1	65 1	39 1	78 1	63 1	3 1	12 1	49 1	1 1	58 1	23 1	64 1	7 1	74 1	73 1	79 1	5 1	89 1	13 1
10 1	82 1	3 1	51 1	31 1	24 1	16 1	57 1	49 1	0 1	35 1	69 1	60 1	9 1	41 1	42 1	27 1	22 1	80 1	56 1	26 1	61 1	74 1	43 1	23 1	65 1	85 1	83 1	19 1	89 1	14 1	54 1	88 1	17 1	47 1	4 1	72 1	53 1	28 1	6 1	75 1	5 1	68 1	58 1	18 1	48 1	32 1	29 1	81 1	59 1	44 1	13 1	20 1	45 1	87 1	77 1	67 1	40 1	12 1	50 1	73 1	78 1	2 1	1 1	30 1	25 1	39 1	55 1	36 1	71 1	86 1	7 1	79 1	70 1	37 1	11 1	66 1	76 1	63 1	46 1	8 1	84 1	62 1	38 1	64 1	21 1	52 1	33 1	34 1	15 1
18 1	54 1	33 1	43 1	10 1	26 1	35 1	36 1	15 1	73 1	45 1	60 1	55 1	17 1	40 1	7 1	87 1	47 1	85 1	13 1	67 1	77 1	61 1	66 1	51 1	53 1	30 1	71 1	11 1	62 1	20 1	0 1	38 1	65 1	14 1	82 1	57 1	37 1	86 1	74 1	50 1	25 1	70 1	69 1	84 1	76 1	2 1	4 1	31 1	81 1	46 1	27 1	8 1	89 1	63 1	75 1	6 1	34 1	88 1	83 1	79 1	64 1	42 1	5 1	32 1	1 1	52 1	49 1	21 1	19 1	39 1	12 1	68 1	23 1	72 1	16 1	29 1	24 1	9 1	78 1	3 1	56 1	22 1	41 1	44 1	59 1	48 1	58 1	80 1	28 1
76 1	10 1	56 1	21 1	23 1	34 1	11 1	72 1	51 1	28 1	39 1	14 1	27 1	62 1	13 1	19 1	43 1	8 1	7 1	26 1	79 1	66 1	81 1	32 1	57 1	55 1	0 1	1 1	30 1	75 1	38 1	49 1	20 1	25 1	67 1	87 1	64 1	35 1	86 1	17 1	59 1	68 1	65 1	88 1	37 1	18 1	41 1	70 1	58 1	71 1	16 1	77 1	61 1	85 1	50 1	3 1	29 1	12 1	45 1	69 1	5 1	80 1	22 1	9 1	6 1	84 1	48 1	33 1	82 1	74 1	4 1	2 1	63 1	46 1	54 1	24 1	15 1	89 1	60 1	78 1	42 1	44 1	73 1	83 1	31 1	53 1	40 1	47 1	36 1	52 1
42 1	40 1	75 1	59 1	51 1	63 1	62 1	39 1	64 1	6 1	70 1	12 1	33 1	4 1	49 1	66 1	72 1	71 1	29 1	80 1	35 1	76 1	74 1	55 1	83 1	24 1	61 1	67 1	18 1	11 1	68 1	9 1	34 1	32 1	0 1	86 1	8 1	50 1	5 1	14 1	81 1	17 1	7 1	82 1	65 1	46 1	3 1	43 1	19 1	16 1	73 1	57 1	87 1	10 1	78 1	38 1	60 1	85 1	30 1	54 1	26 1	45 1	89 1	58 1	52 1	2 1	88 1	31 1	21 1	27 1	48 1	47 1	44 1	28 1	53 1	22 1	84 1	41 1	1 1	77 1	37 1	23 1	69 1	25 1	13 1	56 1	36 1	15 1	20 1	79 1
42 1	35 1	67 1	5 1	62 1	30 1	40 1	15 1	87 1	52 1	76 1	26 1	25 1	64 1	6 1	61 1	70 1	69 1	29 1	82 1	38 1	37 1	73 1	51 1	48 1	16 1	68 1	41 1	56 1	78 1	71 1	88 1	17 1	63 1	31 1	28 1	9 1	89 1	77 1	1 1	33 1	59 1	75 1	0 1	4 1	60 1	86 1	34 1	44 1	80 1	47 1	83 1	10 1	24 1	46 1	20 1	7 1	27 1	54 1	65 1	19 1	14 1	21 1	11 1	66 1	50 1	23 1	3 1	43 1	18 1	55 1	39 1	2 1	58 1	85 1	12 1	81 1	53 1	72 1	49 1	45 1	13 1	22 1	8 1	84 1	36 1	32 1	74 1	79 1	57 1
42 1	41 1	77 1	22 1	36 1	15 1	72 1	34 1	45 1	52 1	54 1	63 1	50 1	73 1	27 1	53 1	55 1	0 1	30 1	78 1	24 1	68 1	49 1	40 1	32 1	56 1	20 1	87 1	3 1	21 1	6 1	12 1	38 1	57 1	81 1	26 1	10 1	33 1	69 1	5 1	85 1	88 1	43 1	66 1	7 1	60 1	62 1	18 1	37 1	31 1	89 1	58 1	84 1	2 1	25 1	61 1	76 1	11 1	80 1	83 1	71 1	23 1	35 1	48 1	4 1	82 1	67 1	51 1	39 1	79 1	17 1	75 1	8 1	29 1	64 1	28 1	47 1	1 1	16 1	59 1	70 1	14 1	19 1	44 1	86 1	9 1	46 1	13 1	74 1	65 1
77 1	76 1	51 1	26 1	18 1	47 1	62 1	80 1	60 1	56 1	9 1	72 1	71 1	11 1	63 1	34 1	5 1	39 1	61 1	13 1	64 1	6 1	73 1	69 1	36 1	41 1	24 1	59 1	58 1	29 1	84 1	10 1	3 1	17 1	40 1	68 1	1 1	31 1	48 1	55 1	21 1	81 1	67 1	7 1	74 1	79 1	42 1	27 1	66 1	52 1	86 1	15 1	46 1	88 1	22 1	82 1	16 1	8 1	35 1	30 1	83 1	70 1	44 1	49 1	57 1	89 1	54 1	38 1	14 1	12 1	4 1	43 1	53 1	23 1	33 1	28 1	32 1	19 1	50 1	25 1	2 1	75 1	0 1	65 1	85 1	45 1	87 1	20 1	78 1	37 1
78 1	28 1	44 1	84 1	30 1	81 1	46 1	2 1	45 1	33 1	12 1	19 1	54 1	37 1	77 1	22 1	24 1	39 1	82 1	56 1	85 1	26 1	34 1	76 1	0 1	20 1	32 1	42 1	10 1	41 1	43 1	80 1	71 1	66 1	68 1	18 1	73 1	5 1	63 1	3 1	83 1	16 1	58 1	55 1	15 1	88 1	57 1	11 1	89 1	65 1	70 1	31 1	25 1	14 1	6 1	79 1	1 1	52 1	47 1	4 1	29 1	74 1	7 1	53 1	23 1	8 1	59 1	49 1	64 1	62 1	21 1	36 1	38 1	69 1	61 1	13 1	50 1	60 1	48 1	67 1	75 1	9 1	87 1	40 1	17 1	72 1	51 1	86 1	35 1	27 1
29 1	0 1	31 1	78 1	36 1	10 1	82 1	45 1	8 1	1 1	57 1	11 1	41 1	69 1	76 1	37 1	7 1	42 1	66 1	80 1	15 1	26 1	38 1	89 1	9 1	46 1	6 1	56 1	74 1	12 1	20 1	70 1	39 1	4 1	85 1	30 1	21 1	25 1	73 1	28 1	65 1	48 1	5 1	55 1	68 1	33 1	16 1	54 1	53 1	32 1	44 1	75 1	14 1	49 1	50 1	64 1	81 1	87 1	88 1	61 1	71 1	2 1	3 1	43 1	22 1	58 1	19 1	27 1	62 1	84 1	47 1	59 1	35 1	86 1	17 1	63 1	23 1	79 1	67 1	34 1	60 1	51 1	40 1	18 1	72 1	77 1	52 1	13 1	24 1	83 1
64 1	27 1	50 1	65 1	62 1	66 1	75 1	83 1	26 1	20 1	22 1	76 1	32 1	6 1	71 1	68 1	39 1	34 1	87 1	1 1	54 1	23 1	88 1	82 1	85 1	60 1	46 1	38 1	57 1	79 1	14 1	89 1	16 1	31 1	9 1	48 1	78 1	21 1	58 1	36 1	70 1	44 1	30 1	8 1	86 1	56 1	55 1	17 1	37 1	19 1	72 1	3 1	81 1	74 1	61 1	51 1	53 1	7 1	49 1	28 1	52 1	63 1	40 1	10 1	42 1	59 1	15 1	24 1	33 1	43 1	77 1	47 1	69 1	12 1	35 1	41 1	80 1	5 1	13 1	18 1	25 1	29 1	4 1	11 1	45 1	0 1	84 1	67 1	73 1	2 1
54 1	61 1	12 1	86 1	24 1	19 1	45 1	55 1	41 1	83 1	25 1	7 1	84 1	50 1	35 1	20 1	21 1	26 1	65 1	69 1	80 1	71 1	70 1	78 1	10 1	34 1	9 1	85 1	2 1	82 1	1 1	44 1	63 1	33 1	47 1	48 1	3 1	17 1	39 1	13 1	58 1	28 1	14 1	23 1	37 1	36 1	57 1	56 1	4 1	53 1	89 1	64 1	16 1	30 1	49 1	81 1	52 1	43 1	22 1	88 1	87 1	40 1	72 1	18 1	42 1	11 1	0 1	38 1	66 1	74 1	77 1	76 1	8 1	73 1	59 1	75 1	62 1	32 1	67 1	79 1	60 1	5 1	29 1	15 1	6 1	46 1	51 1	68 1	31 1	27 1
39 1	71 1	55 1	12 1	47 1	72 1	5 1	70 1	32 1	4 1	50 1	61 1	67 1	23 1	20 1	78 1	79 1	89 1	54 1	14 1	28 1	15 1	53 1	81 1	77 1	27 1	29 1	41 1	22 1	13 1	62 1	31 1	17 1	59 1	3 1	16 1	57 1	49 1	88 1	80 1	75 1	63 1	82 1	6 1	65 1	38 1	37 1	74 1	2 1	60 1	46 1	43 1	42 1	48 1	24 1	69 1	1 1	35 1	83 1	56 1	36 1	21 1	11 1	19 1	7 1	84 1	64 1	87 1	10 1	76 1	18 1	0 1	34 1	40 1	58 1	30 1	45 1	86 1	25 1	44 1	8 1	68 1	66 1	73 1	52 1	51 1	9 1	33 1	26 1	85 1
32 1	43 1	36 1	34 1	8 1	28 1	13 1	17 1	86 1	74 1	30 1	69 1	9 1	61 1	56 1	76 1	29 1	46 1	26 1	67 1	80 1	82 1	41 1	66 1	57 1	25 1	10 1	40 1	58 1	19 1	27 1	18 1	75 1	73 1	0 1	3 1	42 1	65 1	55 1	71 1	72 1	20 1	62 1	89 1	16 1	39 1	38 1	6 1	50 1	35 1	2 1	49 1	12 1	59 1	51 1	88 1	31 1	87 1	48 1	83 1	85 1	33 1	7 1	84 1	70 1	54 1	78 1	21 1	11 1	14 1	15 1	37 1	60 1	1 1	24 1	68 1	22 1	44 1	5 1	64 1	53 1	81 1	63 1	47 1	23 1	79 1	45 1	77 1	52 1	4 1
3 1	61 1	82 1	40 1	50 1	56 1	66 1	51 1	18 1	2 1	22 1	55 1	72 1	23 1	54 1	24 1	43 1	16 1	21 1	7 1	28 1	25 1	49 1	81 1	32 1	62 1	35 1	48 1	68 1	34 1	63 1	67 1	38 1	89 1	53 1	64 1	78 1	19 1	80 1	86 1	46 1	39 1	37 1	12 1	26 1	85 1	83 1	10 1	70 1	33 1	88 1	1 1	47 1	5 1	60 1	31 1	44 1	87 1	29 1	30 1	0 1	74 1	52 1	9 1	11 1	84 1	14 1	36 1	57 1	42 1	45 1	8 1	75 1	20 1	73 1	13 1	76 1	6 1	17 1	77 1	4 1	58 1	15 1	59 1	79 1	69 1	65 1	71 1	27 1	41 1
61 1	5 1	18 1	67 1	36 1	29 1	45 1	76 1	12 1	54 1	27 1	20 1	28 1	38 1	33 1	37 1	7 1	30 1	73 1	77 1	4 1	86 1	6 1	50 1	2 1	56 1	60 1	14 1	71 1	80 1	84 1	9 1	43 1	1 1	89 1	88 1	65 1	40 1	57 1	82 1	66 1	46 1	75 1	16 1	49 1	42 1	78 1	52 1	3 1	19 1	26 1	59 1	70 1	44 1	0 1	25 1	23 1	68 1	17 1	41 1	8 1	55 1	47 1	11 1	79 1	83 1	58 1	15 1	69 1	64 1	39 1	34 1	53 1	24 1	48 1	32 1	10 1	74 1	35 1	13 1	22 1	63 1	62 1	85 1	51 1	31 1	21 1	72 1	87 1	81 1
87 1	45 1	19 1	7 1	18 1	60 1	51 1	58 1	59 1	46 1	36 1	25 1	26 1	27 1	23 1	57 1	34 1	11 1	79 1	61 1	16 1	8 1	33 1	65 1	40 1	48 1	0 1	29 1	12 1	31 1	73 1	50 1	88 1	83 1	64 1	80 1	81 1	77 1	10 1	82 1	56 1	89 1	4 1	62 1	13 1	84 1	86 1	75 1	69 1	85 1	6 1	72 1	28 1	54 1	1 1	24 1	70 1	78 1	9 1	74 1	76 1	38 1	20 1	47 1	67 1	35 1	21 1	15 1	37 1	30 1	41 1	49 1	2 1	63 1	66 1	43 1	53 1	68 1	55 1	5 1	3 1	32 1	22 1	17 1	52 1	44 1	39 1	71 1	14 1	42 1
71 1	41 1	63 1	49 1	70 1	69 1	84 1	48 1	66 1	89 1	86 1	28 1	26 1	12 1	65 1	42 1	77 1	61 1	55 1	43 1	27 1	39 1	57 1	19 1	51 1	4 1	37 1	81 1	67 1	56 1	68 1	6 1	87 1	21 1	25 1	13 1	64 1	9 1	15 1	24 1	52 1	17 1	34 1	32 1	58 1	72 1	78 1	1 1	47 1	29 1	50 1	40 1	44 1	75 1	14 1	45 1	62 1	5 1	59 1	85 1	11 1	3 1	74 1	83 1	35 1	80 1	20 1	60 1	10 1	30 1	33 1	54 1	38 1	0 1	23 1	88 1	46 1	7 1	76 1	31 1	53 1	22 1	73 1	82 1	16 1	2 1	8 1	36 1	18 1	79 1
75 1	41 1	40 1	11 1	89 1	19 1	68 1	49 1	43 1	6 1	9 1	42 1	86 1	58 1	16 1	14 1	15 1	8 1	47 1	84 1	45 1	36 1	74 1	69 1	37 1	72 1	25 1	33 1	71 1	28 1	52 1	4 1	54 1	34 1	85 1	18 1	65 1	80 1	56 1	10 1	22 1	79 1	59 1	35 1	3 1	64 1	1 1	30 1	50 1	63 1	7 1	77 1	81 1	0 1	62 1	24 1	88 1	87 1	66 1	51 1	76 1	44 1	38 1	26 1	53 1	60 1	21 1	20 1	46 1	2 1	12 1	83 1	13 1	17 1	5 1	39 1	57 1	31 1	82 1	70 1	78 1	23 1	55 1	48 1	27 1	32 1	67 1	29 1	73 1	61 1
18 1	4 1	57 1	15 1	85 1	81 1	44 1	74 1	63 1	83 1	37 1	9 1	14 1	89 1	80 1	31 1	6 1	49 1	46 1	87 1	13 1	11 1	82 1	10 1	62 1	54 1	3 1	38 1	79 1	33 1	53 1	73 1	61 1	26 1	21 1	1 1	78 1	58 1	7 1	17 1	60 1	47 1	2 1	23 1	19 1	12 1	0 1	35 1	41 1	75 1	48 1	68 1	70 1	77 1	20 1	65 1	24 1	59 1	30 1	42 1	51 1	34 1	84 1	45 1	32 1	64 1	39 1	16 1	29 1	43 1	22 1	56 1	55 1	8 1	27 1	50 1	86 1	66 1	52 1	40 1	28 1	69 1	76 1	36 1	71 1	25 1	67 1	72 1	5 1	88 1
79 1	72 1	8 1	4 1	57 1	24 1	29 1	5 1	6 1	3 1	66 1	7 1	52 1	42 1	55 1	50 1	2 1	61 1	51 1	47 1	33 1	27 1	40 1	15 1	11 1	69 1	1 1	35 1	77 1	60 1	37 1	17 1	14 1	46 1	16 1	54 1	70 1	21 1	65 1	0 1	71 1	59 1	23 1	39 1	45 1	84 1	76 1	58 1	88 1	34 1	78 1	31 1	19 1	80 1	82 1	68 1	89 1	83 1	18 1	25 1	56 1	85 1	41 1	62 1	49 1	73 1	67 1	26 1	22 1	87 1	10 1	20 1	81 1	32 1	36 1	30 1	44 1	64 1	43 1	74 1	75 1	63 1	28 1	48 1	9 1	53 1	12 1	86 1	13 1	38 1
46 1	47 1	11 1	16 1	42 1	51 1	81 1	43 1	19 1	85 1	52 1	15 1	59 1	60 1	23 1	1 1	24 1	74 1	62 1	20 1	89 1	33 1	7 1	73 1	6 1	28 1	44 1	68 1	37 1	4 1	88 1	25 1	26 1	71 1	30 1	10 1	76 1	78 1	31 1	87 1	61 1	27 1	56 1	50 1	41 1	64 1	32 1	5 1	45 1	66 1	3 1	13 1	79 1	72 1	83 1	84 1	35 1	22 1	38 1	8 1	80 1	14 1	86 1	2 1	17 1	70 1	57 1	40 1	63 1	39 1	21 1	53 1	55 1	58 1	0 1	9 1	77 1	18 1	34 1	69 1	36 1	54 1	12 1	49 1	67 1	82 1	29 1	75 1	48 1	65 1
73 1	3 1	52 1	42 1	88 1	31 1	1 1	43 1	61 1	14 1	25 1	56 1	46 1	67 1	20 1	45 1	37 1	70 1	57 1	38 1	75 1	58 1	29 1	82 1	54 1	50 1	79 1	40 1	24 1	59 1	89 1	27 1	35 1	48 1	15 1	26 1	30 1	60 1	22 1	0 1	28 1	71 1	86 1	80 1	23 1	9 1	76 1	41 1	63 1	77 1	62 1	4 1	6 1	51 1	72 1	8 1	65 1	32 1	21 1	33 1	2 1	7 1	85 1	78 1	12 1	34 1	53 1	66 1	81 1	19 1	74 1	10 1	11 1	83 1	44 1	36 1	68 1	17 1	13 1	5 1	47 1	16 1	84 1	64 1	49 1	18 1	55 1	39 1	87 1	69 1
53 1	40 1	2 1	74 1	38 1	71 1	33 1	66 1	87 1	36 1	84 1	26 1	28 1	69 1	3 1	75 1	1 1	70 1	89 1	88 1	16 1	44 1	20 1	14 1	65 1	56 1	78 1	12 1	82 1	73 1	41 1	79 1	85 1	11 1	29 1	7 1	18 1	47 1	0 1	17 1	52 1	24 1	27 1	80 1	6 1	35 1	57 1	81 1	60 1	77 1	42 1	5 1	43 1	19 1	68 1	76 1	8 1	50 1	34 1	58 1	23 1	54 1	67 1	22 1	86 1	59 1	62 1	15 1	49 1	9 1	51 1	4 1	13 1	10 1	21 1	37 1	32 1	46 1	55 1	30 1	48 1	61 1	83 1	64 1	63 1	39 1	25 1	31 1	45 1	72 1
67 1	48 1	4 1	10 1	73 1	56 1	85 1	82 1	51 1	68 1	44 1	26 1	6 1	13 1	87 1	77 1	89 1	72 1	27 1	19 1	0 1	55 1	2 1	52 1	3 1	74 1	66 1	58 1	84 1	32 1	16 1	69 1	70 1	17 1	62 1	18 1	37 1	29 1	8 1	25 1	41 1	80 1	20 1	78 1	79 1	46 1	31 1	49 1	83 1	7 1	59 1	36 1	11 1	81 1	22 1	45 1	64 1	75 1	30 1	40 1	14 1	65 1	23 1	42 1	63 1	54 1	53 1	38 1	60 1	76 1	88 1	39 1	43 1	57 1	21 1	50 1	47 1	61 1	35 1	12 1	24 1	33 1	28 1	15 1	1 1	5 1	9 1	86 1	34 1	71 1
8 1	62 1	17 1	6 1	72 1	52 1	64 1	29 1	32 1	19 1	43 1	79 1	44 1	30 1	51 1	38 1	74 1	63 1	20 1	82 1	3 1	86 1	69 1	37 1	33 1	13 1	27 1	46 1	9 1	60 1	78 1	31 1	68 1	10 1	88 1	16 1	5 1	28 1	81 1	23 1	89 1	41 1	83 1	59 1	25 1	85 1	58 1	0 1	61 1	21 1	54 1	66 1	11 1	2 1	24 1	87 1	15 1	76 1	36 1	70 1	45 1	48 1	40 1	7 1	47 1	53 1	57 1	73 1	55 1	18 1	34 1	80 1	26 1	77 1	39 1	65 1	1 1	22 1	35 1	42 1	4 1	75 1	14 1	49 1	71 1	50 1	67 1	12 1	56 1	84 1
79 1	41 1	81 1	4 1	40 1	55 1	46 1	58 1	37 1	19 1	27 1	68 1	87 1	12 1	48 1	74 1	26 1	57 1	77 1	50 1	25 1	52 1	0 1	11 1	38 1	63 1	56 1	59 1	30 1	60 1	9 1	33 1	71 1	21 1	42 1	31 1	10 1	16 1	88 1	84 1	43 1	64 1	73 1	49 1	69 1	28 1	65 1	67 1	78 1	15 1	61 1	62 1	20 1	70 1	17 1	35 1	44 1	18 1	8 1	24 1	82 1	22 1	80 1	83 1	34 1	36 1	7 1	45 1	5 1	1 1	66 1	39 1	51 1	2 1	75 1	6 1	47 1	72 1	53 1	86 1	85 1	13 1	14 1	29 1	3 1	89 1	32 1	23 1	76 1	54 1
75 1	29 1	47 1	89 1	53 1	85 1	30 1	77 1	43 1	84 1	9 1	73 1	45 1	54 1	39 1	72 1	40 1	20 1	38 1	17 1	65 1	82 1	35 1	23 1	8 1	44 1	27 1	69 1	66 1	21 1	2 1	12 1	46 1	6 1	13 1	37 1	71 1	80 1	83 1	18 1	24 1	42 1	48 1	50 1	88 1	49 1	51 1	1 1	25 1	16 1	81 1	34 1	32 1	41 1	60 1	7 1	59 1	64 1	57 1	4 1	5 1	86 1	58 1	76 1	62 1	26 1	56 1	74 1	33 1	31 1	14 1	3 1	22 1	68 1	36 1	79 1	87 1	78 1	19 1	55 1	15 1	70 1	28 1	63 1	52 1	61 1	0 1	11 1	10 1	67 1
47 1	55 1	22 1	54 1	81 1	28 1	48 1	83 1	41 1	60 1	63 1	7 1	59 1	87 1	45 1	24 1	9 1	16 1	75 1	67 1	32 1	76 1	44 1	5 1	70 1	78 1	86 1	49 1	27 1	35 1	43 1	3 1	38 1	74 1	19 1	65 1	58 1	29 1	88 1	62 1	18 1	85 1	84 1	56 1	42 1	10 1	39 1	57 1	69 1	30 1	6 1	8 1	37 1	36 1	20 1	0 1	33 1	25 1	2 1	68 1	34 1	17 1	77 1	79 1	1 1	71 1	52 1	40 1	80 1	31 1	4 1	72 1	12 1	82 1	61 1	26 1	14 1	53 1	73 1	64 1	66 1	15 1	46 1	21 1	51 1	23 1	89 1	13 1	50 1	11 1
24 1	42 1	20 1	60 1	86 1	89 1	88 1	18 1	7 1	17 1	22 1	14 1	52 1	65 1	15 1	11 1	75 1	51 1	35 1	45 1	21 1	0 1	16 1	27 1	49 1	29 1	54 1	19 1	77 1	4 1	8 1	10 1	87 1	66 1	78 1	30 1	53 1	58 1	57 1	12 1	2 1	56 1	70 1	72 1	73 1	83 1	68 1	36 1	28 1	43 1	79 1	63 1	32 1	38 1	46 1	67 1	41 1	34 1	6 1	61 1	3 1	55 1	50 1	26 1	64 1	59 1	1 1	33 1	81 1	74 1	48 1	13 1	5 1	84 1	44 1	82 1	85 1	71 1	31 1	37 1	40 1	62 1	80 1	39 1	69 1	23 1	25 1	9 1	47 1	76 1
57 1	12 1	59 1	45 1	50 1	25 1	88 1	20 1	17 1	34 1	42 1	67 1	47 1	1 1	76 1	27 1	75 1	10 1	71 1	63 1	5 1	6 1	36 1	2 1	61 1	26 1	43 1	30 1	8 1	72 1	23 1	83 1	15 1	46 1	65 1	21 1	64 1	32 1	80 1	58 1	85 1	66 1	53 1	82 1	89 1	33 1	73 1	54 1	39 1	62 1	52 1	44 1	14 1	0 1	84 1	24 1	74 1	60 1	7 1	81 1	79 1	18 1	78 1	35 1	19 1	22 1	69 1	38 1	40 1	3 1	48 1	56 1	41 1	86 1	11 1	9 1	16 1	31 1	13 1	70 1	28 1	51 1	87 1	55 1	4 1	49 1	37 1	77 1	68 1	29 1
43 1	24 1	25 1	36 1	3 1	63 1	49 1	33 1	19 1	67 1	15 1	87 1	27 1	57 1	85 1	13 1	39 1	44 1	60 1	28 1	79 1	4 1	9 1	80 1	14 1	21 1	31 1	18 1	0 1	2 1	64 1	40 1	65 1	29 1	20 1	78 1	17 1	5 1	23 1	26 1	53 1	73 1	32 1	54 1	68 1	45 1	47 1	10 1	82 1	77 1	58 1	30 1	56 1	41 1	6 1	16 1	7 1	62 1	69 1	37 1	76 1	66 1	38 1	48 1	8 1	11 1	81 1	46 1	12 1	72 1	83 1	61 1	86 1	51 1	75 1	42 1	35 1	70 1	59 1	88 1	74 1	22 1	52 1	71 1	84 1	34 1	50 1	89 1	1 1	55 1
4 1	29 1	61 1	85 1	47 1	36 1	79 1	87 1	68 1	67 1	11 1	71 1	75 1	26 1	53 1	34 1	23 1	15 1	56 1	78 1	74 1	52 1	49 1	8 1	55 1	76 1	0 1	70 1	54 1	3 1	35 1	13 1	77 1	46 1	25 1	84 1	40 1	59 1	89 1	27 1	69 1	45 1	48 1	17 1	51 1	22 1	82 1	2 1	88 1	21 1	58 1	73 1	7 1	24 1	42 1	1 1	18 1	32 1	20 1	63 1	72 1	16 1	65 1	39 1	33 1	86 1	9 1	38 1	14 1	62 1	28 1	50 1	66 1	12 1	37 1	5 1	10 1	31 1	80 1	44 1	19 1	43 1	41 1	6 1	60 1	64 1	57 1	81 1	83 1	30 1
88 1	63 1	66 1	84 1	0 1	61 1	37 1	29 1	40 1	85 1	8 1	26 1	53 1	77 1	15 1	2 1	47 1	18 1	72 1	62 1	54 1	1 1	43 1	65 1	20 1	48 1	80 1	30 1	10 1	16 1	13 1	64 1	86 1	22 1	67 1	17 1	35 1	7 1	27 1	70 1	68 1	78 1	32 1	60 1	21 1	82 1	89 1	83 1	44 1	24 1	33 1	36 1	12 1	28 1	6 1	81 1	55 1	34 1	59 1	19 1	73 1	14 1	79 1	57 1	25 1	3 1	87 1	42 1	74 1	5 1	71 1	31 1	52 1	41 1	45 1	50 1	51 1	49 1	4 1	58 1	9 1	75 1	69 1	39 1	76 1	56 1	38 1	23 1	46 1	11 1
76 1	64 1	85 1	51 1	11 1	75 1	60 1	12 1	14 1	18 1	41 1	26 1	22 1	40 1	86 1	32 1	19 1	36 1	33 1	27 1	73 1	66 1	4 1	68 1	77 1	9 1	62 1	83 1	84 1	74 1	30 1	43 1	16 1	87 1	53 1	72 1	25 1	79 1	6 1	13 1	0 1	29 1	45 1	8 1	49 1	28 1	37 1	24 1	52 1	58 1	55 1	17 1	57 1	63 1	59 1	67 1	38 1	50 1	35 1	7 1	56 1	46 1	5 1	69 1	31 1	80 1	42 1	44 1	88 1	48 1	39 1	89 1	65 1	20 1	10 1	23 1	15 1	1 1	78 1	47 1	71 1	70 1	81 1	61 1	2 1	21 1	3 1	34 1	82 1	54 1
34 1	35 1	65 1	9 1	84 1	54 1	57 1	14 1	60 1	33 1	32 1	3 1	38 1	52 1	71 1	6 1	81 1	46 1	85 1	62 1	29 1	88 1	77 1	86 1	66 1	75 1	83 1	12 1	5 1	43 1	58 1	50 1	18 1	48 1	42 1	41 1	17 1	4 1	39 1	40 1	82 1	28 1	67 1	64 1	24 1	47 1	31 1	74 1	22 1	78 1	68 1	45 1	11 1	10 1	80 1	70 1	79 1	56 1	72 1	36 1	21 1	53 1	44 1	1 1	37 1	27 1	63 1	0 1	23 1	76 1	51 1	69 1	7 1	73 1	61 1	15 1	8 1	49 1	19 1	25 1	87 1	2 1	55 1	59 1	13 1	89 1	16 1	30 1	20 1	26 1
18 1	33 1	47 1	4 1	8 1	54 1	39 1	19 1	87 1	65 1	79 1	35 1	32 1	44 1	78 1	37 1	75 1	63 1	74 1	16 1	72 1	53 1	48 1	56 1	3 1	29 1	85 1	27 1	58 1	2 1	14 1	7 1	34 1	77 1	9 1	6 1	1 1	70 1	31 1	89 1	41 1	21 1	57 1	5 1	60 1	24 1	67 1	73 1	68 1	86 1	26 1	22 1	20 1	62 1	38 1	30 1	66 1	12 1	45 1	13 1	61 1	71 1	69 1	80 1	43 1	84 1	36 1	25 1	83 1	59 1	40 1	76 1	50 1	82 1	55 1	88 1	52 1	23 1	46 1	64 1	28 1	15 1	11 1	49 1	51 1	10 1	0 1	81 1	17 1	42 1
67 1	80 1	21 1	81 1	26 1	10 1	53 1	52 1	55 1	23 1	44 1	32 1	3 1	68 1	14 1	54 1	87 1	70 1	1 1	89 1	73 1	56 1	74 1	49 1	15 1	63 1	77 1	6 1	22 1	48 1	83 1	41 1	42 1	76 1	25 1	39 1	43 1	34 1	33 1	85 1	75 1	61 1	40 1	37 1	28 1	78 1	35 1	65 1	5 1	9 1	36 1	13 1	69 1	0 1	79 1	88 1	2 1	27 1	45 1	82 1	8 1	16 1	11 1	38 1	66 1	20 1	12 1	7 1	17 1	30 1	62 1	50 1	47 1	84 1	71 1	64 1	59 1	86 1	46 1	29 1	60 1	24 1	31 1	19 1	57 1	18 1	72 1	58 1	51 1	4 1
50 1	4 1	12 1	41 1	8 1	5 1	86 1	58 1	87 1	38 1	55 1	88 1	66 1	48 1	30 1	26 1	47 1	31 1	39 1	35 1	72 1	21 1	9 1	23 1	29 1	34 1	14 1	25 1	59 1	84 1	77 1	62 1	83 1	67 1	40 1	3 1	15 1	22 1	19 1	76 1	24 1	63 1	16 1	78 1	42 1	79 1	18 1	61 1	11 1	57 1	73 1	20 1	52 1	89 1	56 1	43 1	82 1	49 1	10 1	45 1	70 1	2 1	7 1	53 1	17 1	13 1	0 1	60 1	75 1	1 1	74 1	85 1	28 1	65 1	46 1	64 1	80 1	68 1	27 1	33 1	32 1	51 1	71 1	54 1	36 1	6 1	44 1	37 1	81 1	69 1
71 1	23 1	64 1	82 1	45 1	72 1	30 1	75 1	66 1	44 1	11 1	79 1	4 1	0 1	36 1	61 1	25 1	77 1	68 1	84 1	85 1	57 1	29 1	89 1	34 1	70 1	63 1	31 1	19 1	67 1	9 1	40 1	3 1	16 1	24 1	53 1	6 1	15 1	50 1	18 1	41 1	73 1	10 1	46 1	39 1	33 1	69 1	65 1	26 1	86 1	62 1	2 1	52 1	60 1	78 1	20 1	55 1	49 1	27 1	21 1	37 1	13 1	28 1	58 1	8 1	59 1	80 1	5 1	42 1	35 1	56 1	87 1	81 1	38 1	83 1	14 1	43 1	47 1	12 1	51 1	76 1	17 1	7 1	88 1	54 1	32 1	48 1	74 1	22 1	1 1
35 1	31 1	63 1	9 1	25 1	38 1	70 1	12 1	48 1	30 1	79 1	72 1	64 1	50 1	29 1	3 1	43 1	2 1	41 1	87 1	0 1	42 1	81 1	34 1	58 1	71 1	83 1	16 1	69 1	54 1	88 1	37 1	28 1	53 1	49 1	85 1	6 1	67 1	62 1	4 1	11 1	26 1	80 1	1 1	14 1	7 1	84 1	59 1	86 1	55 1	39 1	45 1	57 1	8 1	78 1	33 1	82 1	52 1	74 1	23 1	75 1	13 1	36 1	68 1	89 1	77 1	27 1	20 1	17 1	19 1	47 1	56 1	10 1	40 1	32 1	22 1	66 1	60 1	51 1	61 1	44 1	18 1	73 1	24 1	46 1	15 1	5 1	21 1	65 1	76 1
57 1	41 1	14 1	10 1	80 1	52 1	16 1	72 1	29 1	18 1	66 1	65 1	27 1	71 1	69 1	44 1	17 1	86 1	22 1	33 1	36 1	40 1	26 1	64 1	11 1	45 1	88 1	28 1	20 1	8 1	23 1	74 1	38 1	58 1	31 1	3 1	19 1	54 1	46 1	5 1	48 1	55 1	6 1	61 1	85 1	76 1	21 1	56 1	34 1	82 1	75 1	4 1	50 1	53 1	62 1	77 1	70 1	47 1	1 1	43 1	25 1	89 1	9 1	73 1	37 1	30 1	13 1	51 1	15 1	49 1	35 1	78 1	84 1	2 1	59 1	7 1	24 1	83 1	79 1	32 1	12 1	87 1	60 1	0 1	67 1	63 1	42 1	39 1	81 1	68 1
24 1	77 1	57 1	81 1	85 1	9 1	15 1	10 1	18 1	14 1	13 1	35 1	3 1	41 1	11 1	19 1	78 1	53 1	22 1	66 1	79 1	26 1	28 1	37 1	56 1	75 1	59 1	65 1	7 1	20 1	49 1	40 1	87 1	48 1	47 1	73 1	71 1	54 1	89 1	52 1	0 1	4 1	50 1	76 1	44 1	1 1	16 1	55 1	45 1	12 1	32 1	23 1	83 1	60 1	21 1	61 1	8 1	42 1	80 1	63 1	64 1	2 1	31 1	82 1	86 1	74 1	84 1	69 1	70 1	67 1	27 1	36 1	29 1	39 1	46 1	5 1	6 1	30 1	38 1	34 1	88 1	72 1	33 1	68 1	17 1	58 1	25 1	43 1	51 1	62 1
12 1	41 1	84 1	39 1	55 1	56 1	9 1	6 1	5 1	40 1	63 1	2 1	78 1	47 1	20 1	29 1	30 1	62 1	61 1	4 1	48 1	80 1	19 1	10 1	8 1	28 1	86 1	3 1	42 1	35 1	50 1	51 1	57 1	58 1	43 1	37 1	79 1	13 1	0 1	67 1	31 1	24 1	64 1	70 1	87 1	74 1	89 1	18 1	71 1	17 1	7 1	68 1	36 1	69 1	81 1	45 1	1 1	59 1	83 1	60 1	66 1	73 1	72 1	27 1	33 1	46 1	16 1	26 1	49 1	53 1	88 1	14 1	34 1	54 1	82 1	11 1	52 1	21 1	22 1	15 1	77 1	23 1	32 1	38 1	44 1	25 1	75 1	76 1	85 1	65 1
34 1	32 1	60 1	88 1	68 1	65 1	46 1	44 1	78 1	24 1	13 1	21 1	17 1	82 1	77 1	15 1	80 1	16 1	47 1	59 1	5 1	58 1	12 1	29 1	1 1	8 1	25 1	42 1	2 1	50 1	6 1	64 1	85 1	83 1	51 1	26 1	53 1	0 1	19 1	22 1	76 1	61 1	81 1	39 1	23 1	70 1	87 1	84 1	74 1	54 1	52 1	7 1	66 1	10 1	67 1	69 1	79 1	30 1	45 1	49 1	4 1	72 1	18 1	9 1	35 1	55 1	56 1	38 1	14 1	41 1	31 1	48 1	40 1	28 1	71 1	27 1	63 1	73 1	11 1	62 1	33 1	36 1	86 1	37 1	89 1	20 1	3 1	57 1	75 1	43 1
34 1	74 1	42 1	88 1	27 1	48 1	81 1	0 1	8 1	67 1	47 1	60 1	17 1	7 1	30 1	32 1	54 1	35 1	14 1	56 1	41 1	53 1	31 1	18 1	43 1	71 1	65 1	21 1	49 1	72 1	77 1	11 1	59 1	79 1	22 1	24 1	58 1	55 1	69 1	83 1	64 1	68 1	13 1	39 1	78 1	89 1	52 1	6 1	44 1	25 1	63 1	20 1	33 1	82 1	26 1	84 1	5 1	4 1	50 1	9 1	36 1	23 1	62 1	73 1	19 1	70 1	16 1	10 1	2 1	86 1	85 1	37 1	1 1	75 1	29 1	3 1	80 1	40 1	76 1	12 1	15 1	38 1	46 1	51 1	57 1	28 1	87 1	61 1	45 1	66 1
22 1	59 1	73 1	5 1	44 1	6 1	43 1	4 1	34 1	66 1	32 1	7 1	41 1	20 1	89 1	74 1	68 1	28 1	78 1	77 1	83 1	1 1	79 1	54 1	48 1	45 1	64 1	8 1	33 1	58 1	49 1	11 1	10 1	81 1	31 1	65 1	9 1	72 1	36 1	60 1	87 1	67 1	21 1	76 1	53 1	38 1	40 1	86 1	82 1	24 1	88 1	52 1	29 1	37 1	13 1	69 1	56 1	16 1	15 1	61 1	0 1	18 1	27 1	47 1	19 1	17 1	80 1	55 1	85 1	2 1	71 1	63 1	70 1	12 1	42 1	3 1	25 1	35 1	23 1	30 1	14 1	50 1	75 1	46 1	26 1	39 1	57 1	51 1	62 1	84 1
73 1	48 1	65 1	12 1	46 1	42 1	76 1	14 1	87 1	27 1	21 1	38 1	79 1	66 1	69 1	57 1	11 1	7 1	1 1	25 1	59 1	23 1	49 1	71 1	61 1	86 1	39 1	43 1	47 1	26 1	34 1	17 1	88 1	67 1	2 1	62 1	64 1	0 1	5 1	70 1	45 1	31 1	72 1	52 1	29 1	28 1	20 1	8 1	85 1	82 1	10 1	51 1	35 1	83 1	22 1	44 1	41 1	16 1	84 1	54 1	89 1	50 1	56 1	6 1	77 1	60 1	3 1	18 1	4 1	13 1	33 1	15 1	36 1	32 1	78 1	37 1	55 1	24 1	63 1	30 1	74 1	75 1	68 1	81 1	40 1	80 1	53 1	58 1	9 1	19 1
33 1	54 1	86 1	40 1	13 1	78 1	79 1	0 1	58 1	39 1	73 1	34 1	46 1	11 1	67 1	49 1	2 1	30 1	4 1	23 1	9 1	74 1	68 1	69 1	64 1	6 1	1 1	66 1	53 1	76 1	22 1	12 1	57 1	43 1	59 1	89 1	55 1	10 1	88 1	26 1	80 1	81 1	85 1	44 1	87 1	24 1	65 1	15 1	72 1	21 1	50 1	60 1	83 1	17 1	71 1	41 1	27 1	61 1	8 1	51 1	19 1	20 1	82 1	56 1	25 1	70 1	14 1	3 1	29 1	45 1	5 1	75 1	48 1	47 1	62 1	77 1	28 1	63 1	32 1	52 1	36 1	35 1	16 1	31 1	38 1	37 1	42 1	84 1	18 1	7 1
41 1	83 1	14 1	51 1	25 1	67 1	81 1	49 1	2 1	31 1	35 1	38 1	21 1	43 1	57 1	52 1	11 1	40 1	28 1	37 1	1 1	0 1	5 1	10 1	7 1	76 1	56 1	87 1	46 1	24 1	47 1	3 1	42 1	88 1	66 1	70 1	30 1	33 1	17 1	36 1	23 1	27 1	29 1	18 1	60 1	19 1	62 1	84 1	68 1	65 1	12 1	9 1	86 1	55 1	58 1	69 1	78 1	85 1	89 1	20 1	48 1	22 1	71 1	73 1	53 1	32 1	79 1	8 1	6 1	64 1	77 1	61 1	82 1	13 1	34 1	44 1	72 1	45 1	50 1	54 1	74 1	80 1	4 1	16 1	59 1	26 1	63 1	39 1	15 1	75 1
87 1	9 1	1 1	49 1	19 1	28 1	52 1	43 1	77 1	69 1	12 1	62 1	76 1	66 1	32 1	0 1	57 1	7 1	60 1	54 1	75 1	74 1	25 1	45 1	85 1	82 1	63 1	35 1	68 1	15 1	18 1	73 1	64 1	83 1	79 1	24 1	37 1	8 1	36 1	3 1	13 1	50 1	10 1	56 1	71 1	33 1	34 1	14 1	40 1	30 1	38 1	29 1	80 1	59 1	81 1	5 1	39 1	48 1	58 1	16 1	55 1	4 1	65 1	17 1	20 1	41 1	44 1	26 1	47 1	27 1	61 1	88 1	11 1	72 1	23 1	42 1	21 1	46 1	22 1	6 1	53 1	84 1	86 1	67 1	70 1	2 1	78 1	31 1	51 1	89 1
16 1	2 1	17 1	44 1	62 1	11 1	71 1	58 1	74 1	83 1	4 1	81 1	31 1	64 1	85 1	79 1	36 1	70 1	22 1	6 1	68 1	59 1	9 1	40 1	7 1	56 1	3 1	13 1	54 1	29 1	65 1	24 1	47 1	8 1	46 1	73 1	77 1	5 1	78 1	80 1	27 1	89 1	10 1	60 1	55 1	63 1	26 1	43 1	41 1	84 1	25 1	50 1	69 1	28 1	52 1	86 1	75 1	21 1	35 1	66 1	39 1	23 1	14 1	57 1	48 1	32 1	12 1	76 1	20 1	15 1	33 1	87 1	72 1	34 1	37 1	88 1	51 1	61 1	53 1	0 1	19 1	45 1	42 1	30 1	18 1	82 1	67 1	49 1	1 1	38 1
29 1	76 1	79 1	24 1	23 1	57 1	0 1	38 1	67 1	33 1	59 1	50 1	43 1	51 1	39 1	75 1	17 1	88 1	77 1	61 1	3 1	7 1	19 1	49 1	83 1	35 1	44 1	20 1	30 1	55 1	2 1	25 1	34 1	71 1	15 1	72 1	81 1	73 1	22 1	12 1	66 1	84 1	48 1	53 1	40 1	54 1	74 1	56 1	60 1	8 1	21 1	46 1	45 1	52 1	85 1	70 1	13 1	18 1	5 1	31 1	1 1	36 1	80 1	4 1	16 1	32 1	37 1	42 1	9 1	63 1	27 1	64 1	68 1	26 1	41 1	28 1	87 1	14 1	58 1	62 1	65 1	11 1	6 1	82 1	86 1	47 1	78 1	89 1	69 1	10 1
28 1	41 1	57 1	8 1	75 1	48 1	77 1	22 1	66 1	46 1	59 1	45 1	79 1	86 1	70 1	72 1	35 1	80 1	82 1	55 1	39 1	50 1	87 1	67 1	27 1	62 1	29 1	25 1	7 1	24 1	43 1	60 1	44 1	19 1	51 1	58 1	73 1	47 1	4 1	84 1	10 1	17 1	63 1	15 1	6 1	52 1	0 1	32 1	14 1	23 1	30 1	74 1	33 1	11 1	81 1	31 1	76 1	61 1	64 1	36 1	85 1	18 1	20 1	34 1	21 1	83 1	38 1	40 1	12 1	56 1	69 1	9 1	53 1	5 1	2 1	89 1	54 1	68 1	13 1	78 1	71 1	42 1	65 1	37 1	49 1	88 1	26 1	1 1	3 1	16 1
3 1	34 1	71 1	22 1	12 1	7 1	9 1	65 1	85 1	8 1	33 1	88 1	6 1	81 1	63 1	86 1	29 1	43 1	21 1	75 1	62 1	57 1	36 1	39 1	56 1	68 1	79 1	84 1	11 1	76 1	0 1	61 1	53 1	80 1	70 1	60 1	40 1	25 1	19 1	67 1	83 1	59 1	52 1	55 1	51 1	66 1	54 1	50 1	46 1	78 1	42 1	72 1	28 1	77 1	82 1	20 1	15 1	26 1	69 1	64 1	5 1	38 1	13 1	74 1	41 1	35 1	73 1	37 1	47 1	44 1	48 1	32 1	10 1	24 1	1 1	87 1	30 1	58 1	49 1	89 1	17 1	18 1	31 1	23 1	14 1	45 1	2 1	27 1	4 1	16 1
60 1	3 1	46 1	54 1	9 1	44 1	25 1	4 1	89 1	86 1	59 1	58 1	71 1	80 1	79 1	18 1	84 1	73 1	37 1	41 1	16 1	29 1	12 1	42 1	23 1	70 1	0 1	6 1	39 1	11 1	88 1	27 1	36 1	66 1	40 1	76 1	72 1	65 1	74 1	38 1	5 1	20 1	62 1	15 1	77 1	10 1	32 1	7 1	13 1	24 1	82 1	78 1	87 1	67 1	8 1	31 1	63 1	53 1	49 1	50 1	56 1	2 1	28 1	68 1	52 1	64 1	51 1	69 1	81 1	17 1	48 1	30 1	33 1	21 1	1 1	43 1	22 1	83 1	35 1	85 1	61 1	47 1	45 1	55 1	57 1	75 1	34 1	14 1	19 1	26 1
72 1	19 1	68 1	51 1	15 1	1 1	53 1	71 1	14 1	61 1	56 1	37 1	52 1	17 1	6 1	3 1	48 1	60 1	21 1	7 1	28 1	9 1	26 1	55 1	27 1	67 1	57 1	23 1	24 1	20 1	66 1	79 1	86 1	42 1	54 1	73 1	76 1	81 1	45 1	77 1	32 1	58 1	4 1	41 1	46 1	63 1	31 1	75 1	62 1	49 1	11 1	88 1	8 1	87 1	18 1	82 1	89 1	2 1	84 1	64 1	70 1	50 1	39 1	12 1	59 1	29 1	33 1	25 1	30 1	83 1	43 1	40 1	38 1	22 1	35 1	65 1	34 1	44 1	13 1	36 1	5 1	74 1	10 1	16 1	78 1	69 1	85 1	80 1	0 1	47 1
25 1	10 1	5 1	23 1	13 1	60 1	85 1	53 1	75 1	54 1	38 1	26 1	74 1	52 1	79 1	41 1	47 1	84 1	42 1	73 1	80 1	58 1	20 1	64 1	46 1	33 1	82 1	2 1	56 1	6 1	63 1	49 1	8 1	16 1	24 1	27 1	44 1	48 1	86 1	83 1	61 1	30 1	77 1	78 1	57 1	81 1	28 1	34 1	67 1	11 1	89 1	72 1	62 1	65 1	4 1	88 1	14 1	59 1	50 1	71 1	69 1	1 1	51 1	21 1	15 1	66 1	87 1	36 1	22 1	45 1	19 1	0 1	32 1	37 1	35 1	3 1	39 1	9 1	17 1	12 1	68 1	55 1	29 1	40 1	43 1	31 1	70 1	7 1	76 1	18 1
7 1	66 1	73 1	46 1	71 1	12 1	44 1	11 1	10 1	42 1	19 1	63 1	4 1	45 1	30 1	21 1	26 1	8 1	22 1	85 1	17 1	33 1	65 1	43 1	16 1	3 1	41 1	83 1	81 1	6 1	86 1	57 1	76 1	0 1	15 1	23 1	78 1	82 1	61 1	62 1	51 1	60 1	50 1	20 1	74 1	36 1	67 1	53 1	9 1	87 1	39 1	49 1	89 1	70 1	1 1	24 1	40 1	77 1	64 1	32 1	14 1	69 1	72 1	80 1	18 1	34 1	35 1	54 1	48 1	88 1	38 1	5 1	2 1	75 1	31 1	56 1	37 1	25 1	68 1	84 1	28 1	55 1	59 1	27 1	13 1	79 1	58 1	47 1	52 1	29 1
42 1	52 1	68 1	1 1	21 1	82 1	5 1	61 1	7 1	24 1	72 1	40 1	22 1	86 1	25 1	2 1	55 1	28 1	17 1	87 1	75 1	57 1	78 1	63 1	23 1	19 1	49 1	44 1	32 1	80 1	81 1	79 1	43 1	30 1	89 1	8 1	0 1	12 1	83 1	66 1	9 1	11 1	47 1	31 1	4 1	13 1	77 1	10 1	54 1	29 1	88 1	45 1	20 1	59 1	65 1	70 1	69 1	84 1	36 1	18 1	48 1	60 1	73 1	74 1	50 1	64 1	58 1	41 1	62 1	6 1	53 1	35 1	3 1	38 1	27 1	34 1	67 1	16 1	71 1	33 1	85 1	15 1	46 1	14 1	76 1	26 1	39 1	56 1	51 1	37 1
65 1	51 1	48 1	57 1	26 1	28 1	88 1	23 1	85 1	8 1	38 1	30 1	78 1	18 1	47 1	39 1	73 1	37 1	80 1	68 1	12 1	29 1	61 1	84 1	4 1	33 1	3 1	81 1	31 1	49 1	64 1	7 1	1 1	6 1	70 1	67 1	74 1	24 1	15 1	59 1	41 1	22 1	13 1	86 1	14 1	79 1	75 1	56 1	21 1	54 1	58 1	10 1	36 1	72 1	17 1	9 1	60 1	40 1	35 1	46 1	27 1	62 1	55 1	32 1	52 1	66 1	20 1	83 1	53 1	71 1	45 1	16 1	89 1	82 1	44 1	34 1	87 1	77 1	63 1	5 1	19 1	25 1	69 1	50 1	2 1	0 1	11 1	43 1	76 1	42 1
36 1	25 1	4 1	32 1	48 1	58 1	69 1	88 1	24 1	63 1	70 1	54 1	19 1	71 1	35 1	37 1	43 1	17 1	30 1	49 1	47 1	50 1	74 1	1 1	81 1	84 1	40 1	23 1	33 1	28 1	31 1	7 1	22 1	10 1	20 1	38 1	67 1	65 1	64 1	27 1	52 1	16 1	34 1	41 1	62 1	80 1	6 1	15 1	14 1	87 1	89 1	3 1	82 1	13 1	51 1	66 1	44 1	26 1	39 1	5 1	46 1	59 1	78 1	42 1	9 1	55 1	79 1	12 1	11 1	61 1	18 1	77 1	75 1	53 1	72 1	73 1	85 1	45 1	29 1	83 1	21 1	76 1	0 1	86 1	2 1	60 1	57 1	68 1	56 1	8 1
68 1	28 1	23 1	57 1	78 1	65 1	58 1	67 1	19 1	4 1	89 1	36 1	16 1	14 1	61 1	31 1	32 1	20 1	3 1	87 1	5 1	42 1	45 1	77 1	49 1	55 1	2 1	64 1	50 1	13 1	17 1	69 1	83 1	74 1	12 1	70 1	60 1	48 1	35 1	27 1	82 1	79 1	53 1	29 1	0 1	73 1	63 1	72 1	8 1	1 1	85 1	21 1	7 1	43 1	10 1	38 1	26 1	51 1	62 1	15 1	22 1	47 1	88 1	81 1	6 1	52 1	54 1	37 1	46 1	66 1	33 1	75 1	84 1	80 1	39 1	59 1	71 1	34 1	44 1	41 1	9 1	56 1	18 1	76 1	25 1	24 1	30 1	86 1	40 1	11 1
