60	100
63 1	64 1	19 1	7 1	40 1	51 1	43 1	52 1	65 1	20 1	39 1	0 1	22 1	2 1	24 1	28 1	45 1	23 1	33 1	47 1	53 1	75 1	41 1	12 1	56 1	60 1	94 1	34 1	97 1	70 1	42 1	6 1	54 1	13 1	18 1	1 1	57 1	32 1	90 1	77 1	86 1	26 1	38 1	79 1	4 1	21 1	25 1	17 1	72 1	93 1	67 1	15 1	29 1	92 1	83 1	14 1	84 1	66 1	5 1	44 1	98 1	85 1	61 1	27 1	35 1	91 1	80 1	50 1	62 1	48 1	8 1	11 1	71 1	96 1	89 1	95 1	36 1	3 1	82 1	74 1	55 1	76 1	78 1	88 1	46 1	58 1	68 1	87 1	31 1	37 1	69 1	16 1	73 1	9 1	81 1	59 1	30 1	99 1	49 1	10 1
38 1	96 1	3 1	65 1	99 1	60 1	88 1	19 1	66 1	26 1	16 1	28 1	42 1	73 1	9 1	97 1	45 1	10 1	52 1	93 1	0 1	40 1	84 1	56 1	4 1	59 1	98 1	37 1	47 1	43 1	92 1	77 1	32 1	83 1	50 1	69 1	25 1	94 1	27 1	74 1	22 1	11 1	18 1	51 1	58 1	75 1	80 1	86 1	63 1	90 1	62 1	76 1	68 1	1 1	15 1	7 1	89 1	35 1	64 1	85 1	95 1	8 1	54 1	72 1	2 1	5 1	17 1	61 1	82 1	6 1	14 1	53 1	20 1	41 1	46 1	21 1	48 1	55 1	81 1	31 1	67 1	49 1	44 1	23 1	39 1	70 1	33 1	87 1	78 1	12 1	34 1	30 1	29 1	91 1	24 1	36 1	13 1	71 1	79 1	57 1
29 1	63 1	66 1	80 1	98 1	40 1	89 1	50 1	27 1	26 1	76 1	64 1	7 1	49 1	19 1	56 1	18 1	45 1	58 1	15 1	31 1	83 1	41 1	86 1	96 1	24 1	16 1	79 1	88 1	81 1	52 1	94 1	67 1	30 1	10 1	60 1	62 1	99 1	75 1	92 1	82 1	1 1	14 1	91 1	25 1	38 1	23 1	37 1	68 1	13 1	70 1	32 1	2 1	55 1	74 1	47 1	57 1	34 1	54 1	0 1	43 1	77 1	59 1	85 1	20 1	39 1	5 1	87 1	22 1	78 1	35 1	65 1	61 1	51 1	8 1	21 1	72 1	95 1	33 1	48 1	90 1	9 1	84 1	6 1	69 1	44 1	71 1	36 1	42 1	53 1	4 1	17 1	12 1	73 1	3 1	97 1	11 1	93 1	46 1	28 1
24 1	83 1	25 1	63 1	73 1	48 1	81 1	39 1	90 1	68 1	49 1	84 1	52 1	21 1	97 1	41 1	34 1	1 1	77 1	17 1	87 1	88 1	51 1	54 1	19 1	79 1	47 1	96 1	94 1	72 1	91 1	43 1	35 1	58 1	95 1	46 1	13 1	80 1	36 1	22 1	20 1	15 1	30 1	76 1	16 1	3 1	71 1	56 1	28 1	33 1	14 1	78 1	86 1	75 1	59 1	92 1	9 1	98 1	74 1	4 1	5 1	70 1	40 1	38 1	67 1	50 1	37 1	89 1	55 1	93 1	8 1	45 1	32 1	60 1	0 1	82 1	26 1	12 1	23 1	99 1	29 1	10 1	7 1	64 1	57 1	6 1	42 1	31 1	66 1	2 1	11 1	61 1	53 1	44 1	85 1	62 1	27 1	69 1	65 1	18 1
76 1	98 1	48 1	64 1	90 1	23 1	68 1	66 1	31 1	80 1	0 1	60 1	17 1	12 1	29 1	38 1	86 1	51 1	44 1	82 1	27 1	58 1	26 1	71 1	78 1	13 1	61 1	8 1	40 1	49 1	87 1	11 1	55 1	33 1	74 1	18 1	88 1	97 1	69 1	72 1	99 1	70 1	79 1	25 1	39 1	77 1	37 1	19 1	47 1	83 1	96 1	7 1	84 1	92 1	53 1	36 1	85 1	6 1	4 1	35 1	75 1	20 1	91 1	1 1	42 1	62 1	2 1	14 1	30 1	21 1	94 1	56 1	54 1	67 1	28 1	10 1	57 1	52 1	43 1	59 1	3 1	50 1	73 1	93 1	65 1	34 1	9 1	45 1	16 1	41 1	5 1	63 1	15 1	81 1	95 1	46 1	24 1	32 1	89 1	22 1
31 1	53 1	65 1	23 1	58 1	17 1	28 1	55 1	99 1	50 1	79 1	13 1	43 1	22 1	83 1	33 1	93 1	56 1	78 1	19 1	8 1	29 1	60 1	6 1	46 1	41 1	98 1	91 1	4 1	38 1	0 1	66 1	44 1	73 1	71 1	34 1	18 1	40 1	97 1	69 1	63 1	14 1	52 1	15 1	27 1	89 1	5 1	49 1	10 1	37 1	62 1	67 1	20 1	24 1	68 1	12 1	96 1	32 1	26 1	11 1	9 1	64 1	25 1	45 1	75 1	54 1	72 1	57 1	51 1	7 1	86 1	59 1	77 1	36 1	70 1	35 1	3 1	16 1	48 1	90 1	74 1	87 1	61 1	95 1	94 1	92 1	85 1	76 1	42 1	30 1	82 1	47 1	84 1	1 1	21 1	88 1	81 1	2 1	39 1	80 1
88 1	79 1	98 1	44 1	50 1	1 1	90 1	48 1	72 1	21 1	71 1	38 1	5 1	92 1	15 1	40 1	95 1	28 1	54 1	8 1	24 1	10 1	52 1	18 1	25 1	12 1	69 1	51 1	37 1	89 1	67 1	13 1	60 1	26 1	46 1	22 1	49 1	33 1	42 1	70 1	30 1	29 1	58 1	36 1	65 1	76 1	81 1	16 1	47 1	43 1	17 1	53 1	64 1	56 1	39 1	62 1	0 1	68 1	45 1	78 1	57 1	20 1	9 1	7 1	59 1	86 1	55 1	83 1	6 1	63 1	27 1	84 1	75 1	14 1	66 1	77 1	85 1	91 1	32 1	74 1	99 1	34 1	23 1	97 1	4 1	35 1	94 1	61 1	31 1	19 1	3 1	2 1	93 1	96 1	80 1	41 1	82 1	73 1	11 1	87 1
63 1	20 1	39 1	29 1	17 1	7 1	68 1	55 1	54 1	21 1	70 1	50 1	60 1	87 1	14 1	9 1	3 1	47 1	93 1	45 1	90 1	88 1	69 1	56 1	36 1	10 1	81 1	46 1	66 1	51 1	24 1	27 1	83 1	11 1	67 1	53 1	18 1	74 1	77 1	38 1	5 1	91 1	62 1	1 1	73 1	79 1	2 1	57 1	89 1	44 1	96 1	61 1	28 1	23 1	98 1	59 1	30 1	92 1	49 1	34 1	86 1	26 1	65 1	6 1	37 1	8 1	78 1	33 1	16 1	35 1	80 1	84 1	42 1	19 1	85 1	48 1	58 1	76 1	82 1	94 1	75 1	25 1	72 1	4 1	22 1	12 1	97 1	13 1	32 1	40 1	95 1	99 1	0 1	64 1	52 1	31 1	15 1	43 1	41 1	71 1
96 1	71 1	1 1	11 1	38 1	42 1	9 1	23 1	31 1	4 1	68 1	13 1	0 1	24 1	26 1	58 1	25 1	7 1	28 1	41 1	5 1	88 1	77 1	72 1	50 1	16 1	51 1	48 1	94 1	64 1	95 1	29 1	45 1	15 1	84 1	76 1	33 1	92 1	61 1	53 1	36 1	49 1	3 1	20 1	39 1	47 1	79 1	8 1	6 1	22 1	10 1	74 1	78 1	57 1	90 1	35 1	34 1	66 1	56 1	89 1	93 1	69 1	32 1	27 1	97 1	18 1	2 1	55 1	52 1	70 1	12 1	54 1	17 1	40 1	21 1	37 1	60 1	85 1	87 1	73 1	14 1	19 1	86 1	30 1	80 1	46 1	82 1	98 1	67 1	44 1	63 1	91 1	65 1	59 1	83 1	99 1	62 1	75 1	43 1	81 1
95 1	91 1	99 1	81 1	30 1	21 1	76 1	62 1	98 1	46 1	67 1	96 1	4 1	52 1	16 1	37 1	80 1	47 1	25 1	59 1	28 1	34 1	15 1	44 1	56 1	86 1	14 1	92 1	27 1	10 1	66 1	55 1	87 1	22 1	13 1	0 1	90 1	38 1	26 1	33 1	70 1	18 1	71 1	89 1	40 1	82 1	72 1	73 1	19 1	51 1	88 1	29 1	42 1	20 1	1 1	93 1	39 1	74 1	85 1	36 1	23 1	63 1	77 1	84 1	5 1	31 1	69 1	78 1	7 1	17 1	45 1	65 1	12 1	6 1	53 1	24 1	8 1	3 1	2 1	97 1	49 1	48 1	11 1	50 1	94 1	43 1	75 1	41 1	32 1	35 1	79 1	58 1	83 1	57 1	64 1	54 1	9 1	61 1	68 1	60 1
14 1	5 1	28 1	43 1	80 1	59 1	42 1	11 1	51 1	7 1	74 1	45 1	81 1	37 1	36 1	82 1	60 1	17 1	29 1	1 1	49 1	93 1	0 1	2 1	22 1	95 1	65 1	33 1	54 1	12 1	76 1	86 1	26 1	48 1	23 1	79 1	94 1	4 1	91 1	39 1	6 1	56 1	41 1	72 1	31 1	67 1	57 1	89 1	34 1	99 1	68 1	9 1	83 1	87 1	20 1	47 1	18 1	24 1	13 1	75 1	53 1	63 1	71 1	40 1	78 1	25 1	32 1	70 1	15 1	96 1	19 1	98 1	77 1	50 1	90 1	69 1	97 1	3 1	21 1	52 1	58 1	44 1	16 1	88 1	84 1	92 1	27 1	46 1	55 1	38 1	62 1	61 1	73 1	8 1	64 1	30 1	85 1	35 1	66 1	10 1
23 1	47 1	48 1	88 1	87 1	51 1	5 1	91 1	64 1	18 1	28 1	90 1	86 1	72 1	31 1	8 1	95 1	15 1	41 1	92 1	9 1	4 1	12 1	54 1	93 1	40 1	13 1	32 1	20 1	1 1	16 1	94 1	59 1	78 1	74 1	49 1	37 1	52 1	25 1	14 1	44 1	21 1	19 1	43 1	85 1	70 1	6 1	55 1	29 1	62 1	83 1	42 1	58 1	34 1	3 1	26 1	73 1	50 1	24 1	35 1	96 1	11 1	39 1	56 1	33 1	98 1	82 1	0 1	17 1	80 1	65 1	81 1	84 1	57 1	77 1	99 1	60 1	2 1	67 1	53 1	69 1	75 1	71 1	97 1	45 1	46 1	7 1	36 1	66 1	27 1	89 1	10 1	76 1	22 1	63 1	38 1	79 1	68 1	30 1	61 1
27 1	72 1	0 1	3 1	38 1	67 1	75 1	37 1	95 1	5 1	96 1	40 1	18 1	19 1	7 1	56 1	10 1	50 1	79 1	11 1	32 1	91 1	13 1	29 1	16 1	44 1	15 1	77 1	98 1	66 1	86 1	51 1	39 1	83 1	25 1	84 1	68 1	80 1	82 1	2 1	88 1	99 1	21 1	45 1	63 1	33 1	64 1	94 1	49 1	17 1	1 1	92 1	61 1	20 1	87 1	97 1	47 1	81 1	12 1	22 1	93 1	69 1	59 1	62 1	41 1	36 1	90 1	8 1	58 1	48 1	6 1	31 1	73 1	53 1	46 1	60 1	30 1	65 1	70 1	9 1	26 1	76 1	71 1	34 1	54 1	55 1	78 1	23 1	42 1	89 1	35 1	43 1	24 1	57 1	4 1	28 1	74 1	52 1	85 1	14 1
59 1	44 1	79 1	50 1	23 1	38 1	72 1	89 1	90 1	92 1	48 1	46 1	17 1	15 1	11 1	58 1	81 1	97 1	88 1	96 1	35 1	45 1	9 1	47 1	57 1	95 1	69 1	82 1	27 1	24 1	28 1	67 1	19 1	4 1	34 1	51 1	3 1	0 1	36 1	74 1	43 1	86 1	84 1	16 1	80 1	20 1	68 1	78 1	98 1	31 1	13 1	55 1	29 1	39 1	53 1	42 1	49 1	61 1	12 1	62 1	91 1	54 1	65 1	56 1	32 1	83 1	6 1	87 1	40 1	25 1	60 1	85 1	33 1	30 1	63 1	73 1	71 1	21 1	64 1	76 1	70 1	41 1	5 1	99 1	94 1	2 1	22 1	26 1	77 1	14 1	52 1	10 1	75 1	66 1	7 1	1 1	18 1	93 1	8 1	37 1
6 1	80 1	57 1	62 1	65 1	58 1	53 1	69 1	75 1	72 1	89 1	18 1	48 1	91 1	14 1	87 1	67 1	76 1	4 1	31 1	90 1	50 1	37 1	32 1	86 1	34 1	83 1	56 1	12 1	19 1	29 1	3 1	27 1	26 1	71 1	95 1	73 1	21 1	16 1	74 1	8 1	61 1	99 1	51 1	55 1	46 1	25 1	5 1	42 1	44 1	94 1	30 1	0 1	38 1	10 1	92 1	52 1	79 1	20 1	7 1	22 1	41 1	82 1	23 1	98 1	35 1	13 1	47 1	93 1	39 1	24 1	36 1	9 1	78 1	64 1	85 1	33 1	60 1	81 1	40 1	15 1	77 1	45 1	97 1	63 1	59 1	17 1	96 1	68 1	2 1	28 1	1 1	43 1	66 1	49 1	70 1	84 1	88 1	54 1	11 1
35 1	64 1	98 1	85 1	95 1	75 1	26 1	52 1	69 1	72 1	84 1	23 1	73 1	30 1	76 1	65 1	19 1	79 1	18 1	38 1	94 1	27 1	34 1	31 1	4 1	78 1	43 1	60 1	12 1	33 1	20 1	62 1	74 1	70 1	80 1	1 1	21 1	93 1	54 1	68 1	24 1	44 1	37 1	8 1	29 1	61 1	58 1	57 1	46 1	77 1	48 1	56 1	9 1	11 1	99 1	22 1	71 1	28 1	14 1	32 1	92 1	49 1	83 1	40 1	81 1	2 1	90 1	59 1	63 1	7 1	91 1	13 1	55 1	82 1	15 1	53 1	47 1	25 1	50 1	36 1	42 1	96 1	6 1	88 1	97 1	86 1	39 1	3 1	5 1	87 1	67 1	16 1	45 1	17 1	51 1	0 1	66 1	89 1	10 1	41 1
81 1	70 1	41 1	93 1	18 1	89 1	64 1	14 1	16 1	99 1	1 1	79 1	23 1	92 1	40 1	63 1	36 1	39 1	58 1	56 1	85 1	55 1	5 1	80 1	78 1	35 1	94 1	67 1	32 1	27 1	73 1	43 1	52 1	60 1	91 1	7 1	11 1	68 1	77 1	25 1	97 1	96 1	62 1	12 1	90 1	28 1	30 1	76 1	33 1	75 1	26 1	66 1	8 1	83 1	10 1	72 1	3 1	84 1	54 1	53 1	88 1	74 1	15 1	87 1	47 1	34 1	49 1	38 1	6 1	44 1	29 1	13 1	2 1	42 1	69 1	46 1	82 1	24 1	4 1	9 1	37 1	50 1	51 1	31 1	48 1	98 1	20 1	21 1	17 1	22 1	59 1	86 1	45 1	19 1	95 1	65 1	71 1	61 1	0 1	57 1
46 1	44 1	91 1	39 1	51 1	48 1	96 1	2 1	13 1	67 1	34 1	55 1	93 1	33 1	37 1	26 1	52 1	41 1	95 1	45 1	97 1	49 1	62 1	69 1	85 1	98 1	59 1	29 1	32 1	21 1	47 1	94 1	4 1	8 1	60 1	66 1	79 1	14 1	73 1	1 1	58 1	78 1	15 1	27 1	72 1	53 1	77 1	63 1	75 1	40 1	99 1	30 1	18 1	16 1	38 1	83 1	90 1	22 1	68 1	80 1	7 1	23 1	56 1	50 1	28 1	25 1	6 1	64 1	71 1	86 1	76 1	20 1	81 1	31 1	36 1	35 1	88 1	10 1	0 1	57 1	82 1	17 1	19 1	74 1	84 1	92 1	70 1	12 1	65 1	61 1	87 1	24 1	43 1	3 1	9 1	89 1	54 1	42 1	11 1	5 1
4 1	89 1	45 1	97 1	16 1	55 1	46 1	64 1	65 1	68 1	87 1	38 1	90 1	19 1	37 1	32 1	23 1	57 1	49 1	17 1	9 1	36 1	20 1	69 1	41 1	26 1	25 1	94 1	95 1	96 1	2 1	52 1	72 1	73 1	5 1	93 1	27 1	3 1	31 1	34 1	35 1	15 1	80 1	92 1	66 1	12 1	59 1	28 1	10 1	43 1	44 1	85 1	56 1	63 1	53 1	77 1	88 1	76 1	29 1	86 1	78 1	71 1	6 1	60 1	0 1	22 1	81 1	82 1	24 1	91 1	98 1	30 1	51 1	33 1	14 1	18 1	7 1	61 1	75 1	50 1	79 1	54 1	40 1	83 1	99 1	21 1	67 1	70 1	11 1	74 1	62 1	1 1	47 1	8 1	48 1	13 1	84 1	39 1	58 1	42 1
17 1	54 1	25 1	34 1	47 1	77 1	66 1	93 1	19 1	0 1	55 1	62 1	87 1	58 1	65 1	78 1	11 1	51 1	99 1	72 1	35 1	98 1	15 1	2 1	69 1	85 1	90 1	1 1	86 1	96 1	23 1	59 1	5 1	31 1	73 1	12 1	7 1	33 1	13 1	81 1	60 1	88 1	52 1	14 1	49 1	32 1	92 1	74 1	36 1	22 1	82 1	43 1	44 1	89 1	42 1	70 1	39 1	28 1	46 1	21 1	41 1	79 1	76 1	56 1	57 1	27 1	50 1	71 1	30 1	91 1	63 1	84 1	64 1	80 1	83 1	6 1	16 1	3 1	95 1	97 1	68 1	38 1	37 1	8 1	94 1	67 1	61 1	24 1	40 1	20 1	18 1	75 1	9 1	26 1	29 1	53 1	10 1	4 1	45 1	48 1
47 1	59 1	39 1	0 1	41 1	90 1	26 1	70 1	87 1	74 1	17 1	20 1	63 1	12 1	84 1	77 1	78 1	82 1	18 1	75 1	38 1	37 1	94 1	51 1	40 1	55 1	42 1	31 1	49 1	72 1	96 1	1 1	14 1	66 1	27 1	85 1	50 1	64 1	21 1	65 1	10 1	32 1	13 1	28 1	52 1	56 1	98 1	86 1	58 1	6 1	92 1	54 1	88 1	93 1	69 1	29 1	19 1	57 1	80 1	35 1	67 1	95 1	8 1	44 1	30 1	48 1	7 1	97 1	68 1	34 1	91 1	9 1	81 1	79 1	25 1	62 1	15 1	36 1	46 1	33 1	43 1	4 1	61 1	99 1	71 1	2 1	83 1	24 1	5 1	89 1	76 1	45 1	3 1	23 1	53 1	73 1	60 1	16 1	22 1	11 1
15 1	61 1	23 1	44 1	66 1	3 1	59 1	76 1	83 1	79 1	68 1	19 1	37 1	78 1	4 1	81 1	49 1	86 1	50 1	12 1	18 1	8 1	65 1	25 1	85 1	2 1	53 1	29 1	31 1	22 1	7 1	16 1	26 1	9 1	41 1	90 1	96 1	34 1	97 1	0 1	48 1	10 1	62 1	84 1	74 1	67 1	72 1	14 1	99 1	95 1	38 1	28 1	98 1	77 1	39 1	17 1	35 1	52 1	6 1	71 1	54 1	27 1	60 1	73 1	51 1	36 1	87 1	92 1	13 1	47 1	45 1	32 1	93 1	33 1	82 1	75 1	58 1	91 1	88 1	89 1	46 1	70 1	80 1	24 1	43 1	57 1	55 1	21 1	64 1	69 1	40 1	11 1	42 1	63 1	5 1	94 1	30 1	20 1	1 1	56 1
84 1	98 1	47 1	88 1	40 1	93 1	13 1	67 1	73 1	12 1	59 1	61 1	54 1	1 1	50 1	16 1	11 1	15 1	39 1	33 1	46 1	94 1	35 1	82 1	7 1	70 1	3 1	34 1	9 1	85 1	23 1	65 1	14 1	22 1	27 1	51 1	75 1	0 1	38 1	95 1	74 1	30 1	72 1	80 1	64 1	77 1	4 1	96 1	41 1	60 1	52 1	25 1	20 1	87 1	69 1	48 1	2 1	37 1	26 1	49 1	31 1	43 1	21 1	32 1	68 1	18 1	97 1	99 1	92 1	63 1	24 1	55 1	17 1	29 1	44 1	53 1	86 1	19 1	79 1	8 1	36 1	91 1	78 1	5 1	90 1	56 1	89 1	10 1	66 1	62 1	81 1	57 1	76 1	71 1	42 1	83 1	58 1	45 1	28 1	6 1
36 1	76 1	45 1	65 1	27 1	39 1	67 1	2 1	34 1	87 1	48 1	13 1	43 1	49 1	29 1	11 1	66 1	56 1	70 1	47 1	32 1	91 1	59 1	24 1	20 1	75 1	97 1	74 1	57 1	90 1	85 1	98 1	99 1	95 1	28 1	50 1	4 1	64 1	73 1	38 1	82 1	40 1	88 1	92 1	8 1	33 1	12 1	63 1	58 1	60 1	54 1	37 1	52 1	35 1	5 1	0 1	7 1	96 1	3 1	21 1	86 1	79 1	22 1	61 1	44 1	19 1	72 1	69 1	1 1	26 1	30 1	23 1	94 1	46 1	31 1	77 1	62 1	14 1	93 1	78 1	84 1	41 1	81 1	15 1	53 1	80 1	10 1	71 1	68 1	9 1	18 1	51 1	16 1	6 1	17 1	89 1	25 1	83 1	55 1	42 1
62 1	83 1	24 1	38 1	58 1	55 1	70 1	98 1	84 1	10 1	8 1	43 1	74 1	33 1	96 1	44 1	59 1	41 1	86 1	11 1	4 1	39 1	20 1	64 1	99 1	0 1	65 1	7 1	25 1	95 1	28 1	16 1	66 1	76 1	21 1	22 1	32 1	50 1	67 1	97 1	42 1	14 1	77 1	29 1	9 1	15 1	45 1	79 1	71 1	85 1	13 1	3 1	18 1	75 1	30 1	89 1	1 1	88 1	2 1	53 1	12 1	63 1	54 1	81 1	56 1	92 1	17 1	35 1	72 1	87 1	80 1	40 1	34 1	94 1	46 1	69 1	19 1	5 1	47 1	68 1	60 1	37 1	23 1	27 1	26 1	78 1	51 1	90 1	49 1	61 1	6 1	93 1	36 1	52 1	91 1	31 1	73 1	82 1	48 1	57 1
40 1	31 1	78 1	79 1	25 1	62 1	83 1	20 1	1 1	81 1	66 1	55 1	87 1	2 1	6 1	11 1	4 1	17 1	61 1	59 1	30 1	65 1	76 1	23 1	32 1	9 1	90 1	48 1	18 1	84 1	27 1	89 1	38 1	85 1	44 1	82 1	75 1	71 1	88 1	86 1	69 1	72 1	96 1	28 1	94 1	47 1	36 1	92 1	60 1	52 1	99 1	80 1	91 1	64 1	42 1	74 1	97 1	67 1	7 1	15 1	73 1	8 1	45 1	21 1	57 1	35 1	41 1	98 1	49 1	56 1	58 1	14 1	29 1	24 1	46 1	34 1	50 1	19 1	51 1	93 1	43 1	3 1	13 1	95 1	10 1	5 1	12 1	37 1	53 1	70 1	33 1	0 1	26 1	54 1	77 1	39 1	16 1	63 1	22 1	68 1
8 1	49 1	62 1	92 1	71 1	72 1	66 1	94 1	90 1	95 1	75 1	18 1	29 1	85 1	61 1	24 1	26 1	20 1	27 1	87 1	25 1	81 1	44 1	73 1	78 1	97 1	39 1	77 1	35 1	89 1	21 1	99 1	65 1	40 1	51 1	83 1	60 1	1 1	54 1	37 1	63 1	52 1	28 1	82 1	7 1	31 1	57 1	43 1	68 1	88 1	14 1	5 1	56 1	10 1	70 1	15 1	76 1	33 1	3 1	32 1	91 1	36 1	9 1	23 1	67 1	22 1	86 1	17 1	58 1	41 1	2 1	53 1	47 1	48 1	96 1	38 1	46 1	50 1	64 1	55 1	45 1	30 1	13 1	42 1	79 1	6 1	69 1	12 1	93 1	59 1	98 1	80 1	84 1	74 1	34 1	11 1	0 1	19 1	16 1	4 1
14 1	31 1	80 1	83 1	72 1	22 1	99 1	67 1	48 1	26 1	61 1	29 1	28 1	55 1	17 1	71 1	49 1	8 1	96 1	18 1	54 1	41 1	88 1	68 1	81 1	64 1	95 1	39 1	20 1	98 1	73 1	6 1	0 1	10 1	85 1	40 1	84 1	59 1	50 1	21 1	4 1	1 1	2 1	42 1	60 1	66 1	24 1	57 1	37 1	9 1	30 1	11 1	16 1	76 1	53 1	79 1	56 1	89 1	65 1	7 1	44 1	93 1	75 1	32 1	82 1	51 1	47 1	97 1	78 1	15 1	46 1	63 1	45 1	77 1	87 1	23 1	92 1	94 1	91 1	58 1	69 1	38 1	90 1	43 1	70 1	52 1	33 1	74 1	86 1	5 1	34 1	12 1	25 1	19 1	13 1	27 1	62 1	35 1	3 1	36 1
33 1	25 1	24 1	98 1	53 1	47 1	90 1	44 1	62 1	79 1	60 1	81 1	18 1	46 1	1 1	52 1	77 1	49 1	0 1	11 1	61 1	54 1	3 1	55 1	95 1	74 1	17 1	73 1	88 1	94 1	32 1	36 1	56 1	78 1	14 1	69 1	82 1	59 1	15 1	34 1	97 1	22 1	12 1	89 1	58 1	80 1	45 1	85 1	70 1	26 1	93 1	51 1	48 1	35 1	19 1	86 1	7 1	37 1	40 1	64 1	43 1	23 1	92 1	72 1	68 1	71 1	41 1	21 1	91 1	65 1	9 1	67 1	38 1	2 1	99 1	76 1	27 1	96 1	42 1	8 1	83 1	75 1	16 1	31 1	4 1	84 1	57 1	13 1	87 1	6 1	5 1	39 1	10 1	63 1	29 1	28 1	50 1	20 1	66 1	30 1
8 1	23 1	38 1	42 1	30 1	20 1	16 1	83 1	90 1	52 1	18 1	17 1	36 1	47 1	91 1	97 1	35 1	63 1	41 1	61 1	49 1	43 1	31 1	77 1	3 1	12 1	51 1	1 1	86 1	69 1	21 1	57 1	33 1	14 1	22 1	87 1	80 1	92 1	46 1	45 1	89 1	32 1	96 1	94 1	25 1	85 1	95 1	58 1	71 1	54 1	99 1	79 1	40 1	59 1	50 1	19 1	27 1	26 1	6 1	93 1	78 1	82 1	66 1	39 1	55 1	68 1	74 1	65 1	73 1	24 1	4 1	98 1	11 1	76 1	7 1	56 1	44 1	9 1	70 1	37 1	67 1	75 1	88 1	29 1	0 1	48 1	2 1	5 1	72 1	34 1	84 1	62 1	15 1	28 1	13 1	64 1	60 1	81 1	53 1	10 1
6 1	28 1	23 1	5 1	48 1	17 1	47 1	61 1	14 1	64 1	63 1	21 1	7 1	73 1	66 1	29 1	9 1	83 1	37 1	82 1	41 1	52 1	62 1	58 1	81 1	70 1	49 1	12 1	92 1	32 1	71 1	4 1	20 1	87 1	96 1	95 1	72 1	22 1	36 1	75 1	89 1	50 1	94 1	99 1	38 1	76 1	43 1	90 1	77 1	69 1	18 1	53 1	27 1	54 1	40 1	42 1	68 1	1 1	13 1	0 1	91 1	98 1	16 1	97 1	79 1	45 1	55 1	8 1	60 1	88 1	74 1	85 1	34 1	51 1	46 1	86 1	30 1	78 1	33 1	31 1	2 1	67 1	39 1	11 1	44 1	56 1	35 1	59 1	26 1	65 1	10 1	3 1	15 1	84 1	80 1	19 1	57 1	25 1	93 1	24 1
53 1	60 1	92 1	70 1	52 1	27 1	80 1	78 1	75 1	98 1	42 1	63 1	26 1	10 1	88 1	16 1	97 1	82 1	40 1	47 1	86 1	61 1	6 1	0 1	9 1	89 1	35 1	39 1	28 1	34 1	95 1	18 1	4 1	23 1	65 1	67 1	58 1	13 1	8 1	7 1	84 1	22 1	68 1	31 1	81 1	15 1	72 1	96 1	50 1	21 1	62 1	51 1	38 1	57 1	48 1	44 1	49 1	41 1	24 1	3 1	37 1	43 1	85 1	94 1	14 1	69 1	30 1	17 1	90 1	87 1	91 1	64 1	36 1	19 1	11 1	83 1	71 1	55 1	25 1	93 1	99 1	77 1	79 1	2 1	12 1	20 1	76 1	29 1	5 1	32 1	46 1	1 1	33 1	56 1	54 1	45 1	59 1	66 1	74 1	73 1
33 1	65 1	29 1	20 1	19 1	99 1	10 1	27 1	44 1	7 1	96 1	75 1	14 1	13 1	72 1	90 1	37 1	24 1	69 1	56 1	86 1	38 1	53 1	48 1	87 1	52 1	60 1	30 1	57 1	8 1	31 1	83 1	51 1	36 1	97 1	25 1	2 1	88 1	41 1	49 1	55 1	81 1	40 1	3 1	94 1	45 1	50 1	46 1	42 1	43 1	84 1	9 1	11 1	15 1	28 1	47 1	91 1	5 1	1 1	61 1	0 1	92 1	62 1	6 1	76 1	77 1	85 1	74 1	89 1	34 1	66 1	98 1	78 1	16 1	23 1	54 1	58 1	26 1	71 1	18 1	59 1	64 1	68 1	21 1	95 1	35 1	39 1	17 1	82 1	4 1	22 1	67 1	80 1	63 1	73 1	79 1	12 1	70 1	93 1	32 1
64 1	99 1	1 1	68 1	53 1	93 1	43 1	46 1	59 1	91 1	38 1	29 1	67 1	88 1	36 1	25 1	76 1	42 1	75 1	22 1	84 1	9 1	15 1	14 1	6 1	50 1	30 1	81 1	39 1	80 1	49 1	74 1	82 1	96 1	17 1	54 1	48 1	23 1	47 1	41 1	95 1	62 1	77 1	44 1	83 1	40 1	45 1	19 1	57 1	12 1	7 1	13 1	78 1	31 1	33 1	0 1	11 1	56 1	73 1	61 1	8 1	92 1	98 1	21 1	3 1	2 1	63 1	79 1	70 1	66 1	90 1	32 1	86 1	58 1	5 1	35 1	89 1	34 1	26 1	85 1	55 1	52 1	60 1	97 1	51 1	16 1	71 1	4 1	87 1	94 1	69 1	28 1	65 1	20 1	27 1	72 1	24 1	18 1	10 1	37 1
72 1	3 1	52 1	89 1	92 1	45 1	36 1	62 1	67 1	26 1	34 1	65 1	31 1	78 1	90 1	40 1	55 1	21 1	30 1	39 1	59 1	24 1	19 1	47 1	86 1	41 1	50 1	32 1	80 1	37 1	48 1	5 1	54 1	9 1	43 1	64 1	83 1	51 1	1 1	42 1	16 1	74 1	56 1	12 1	77 1	44 1	98 1	91 1	69 1	79 1	6 1	81 1	82 1	33 1	35 1	87 1	7 1	18 1	84 1	17 1	15 1	97 1	53 1	2 1	23 1	70 1	4 1	96 1	88 1	25 1	63 1	95 1	66 1	46 1	49 1	60 1	57 1	20 1	27 1	94 1	29 1	58 1	13 1	11 1	73 1	68 1	71 1	8 1	75 1	61 1	85 1	93 1	10 1	38 1	22 1	99 1	76 1	14 1	0 1	28 1
82 1	49 1	51 1	21 1	69 1	79 1	27 1	63 1	77 1	55 1	87 1	36 1	37 1	89 1	6 1	7 1	4 1	17 1	15 1	13 1	81 1	48 1	56 1	75 1	52 1	29 1	2 1	53 1	25 1	59 1	18 1	71 1	57 1	66 1	24 1	11 1	43 1	97 1	78 1	10 1	47 1	44 1	86 1	38 1	22 1	65 1	72 1	73 1	1 1	94 1	54 1	76 1	67 1	34 1	26 1	45 1	62 1	95 1	19 1	5 1	99 1	64 1	98 1	3 1	68 1	61 1	8 1	23 1	28 1	42 1	91 1	70 1	83 1	35 1	31 1	90 1	14 1	41 1	20 1	32 1	0 1	60 1	30 1	74 1	88 1	16 1	40 1	92 1	96 1	84 1	50 1	93 1	85 1	12 1	39 1	46 1	58 1	33 1	9 1	80 1
3 1	10 1	5 1	33 1	64 1	35 1	52 1	31 1	13 1	0 1	39 1	50 1	16 1	90 1	34 1	41 1	82 1	25 1	72 1	77 1	65 1	23 1	87 1	36 1	67 1	32 1	9 1	40 1	48 1	4 1	93 1	58 1	17 1	80 1	46 1	79 1	61 1	66 1	63 1	71 1	47 1	84 1	98 1	45 1	2 1	28 1	60 1	8 1	75 1	49 1	30 1	68 1	55 1	76 1	69 1	43 1	92 1	57 1	38 1	37 1	95 1	26 1	44 1	62 1	99 1	11 1	54 1	12 1	19 1	21 1	27 1	70 1	81 1	18 1	85 1	94 1	73 1	97 1	29 1	59 1	14 1	96 1	6 1	74 1	42 1	24 1	53 1	91 1	1 1	22 1	86 1	20 1	56 1	83 1	15 1	78 1	51 1	89 1	7 1	88 1
18 1	42 1	77 1	81 1	92 1	27 1	23 1	14 1	30 1	47 1	74 1	99 1	55 1	3 1	68 1	96 1	91 1	88 1	64 1	79 1	67 1	59 1	11 1	37 1	16 1	36 1	70 1	38 1	32 1	45 1	83 1	12 1	29 1	1 1	90 1	60 1	75 1	46 1	24 1	86 1	31 1	85 1	69 1	26 1	82 1	15 1	50 1	33 1	17 1	61 1	51 1	40 1	76 1	80 1	58 1	25 1	87 1	21 1	20 1	93 1	98 1	10 1	53 1	9 1	19 1	22 1	49 1	28 1	44 1	73 1	13 1	4 1	41 1	63 1	34 1	95 1	54 1	71 1	6 1	0 1	89 1	72 1	97 1	94 1	65 1	62 1	52 1	43 1	57 1	5 1	8 1	84 1	56 1	35 1	48 1	2 1	78 1	7 1	66 1	39 1
92 1	39 1	49 1	88 1	98 1	33 1	30 1	55 1	36 1	23 1	12 1	3 1	82 1	13 1	86 1	64 1	74 1	24 1	90 1	34 1	15 1	35 1	59 1	2 1	47 1	53 1	68 1	73 1	11 1	89 1	54 1	72 1	46 1	45 1	51 1	69 1	28 1	71 1	29 1	21 1	63 1	25 1	83 1	97 1	5 1	60 1	32 1	17 1	41 1	27 1	37 1	67 1	43 1	57 1	20 1	38 1	66 1	58 1	48 1	76 1	1 1	19 1	65 1	52 1	87 1	81 1	50 1	62 1	31 1	14 1	94 1	93 1	95 1	80 1	22 1	91 1	0 1	7 1	42 1	8 1	16 1	44 1	61 1	99 1	84 1	26 1	40 1	77 1	79 1	4 1	9 1	78 1	6 1	18 1	56 1	70 1	96 1	85 1	10 1	75 1
79 1	43 1	92 1	74 1	33 1	38 1	87 1	58 1	84 1	14 1	64 1	85 1	44 1	93 1	22 1	72 1	36 1	46 1	80 1	94 1	31 1	9 1	63 1	81 1	6 1	67 1	60 1	42 1	26 1	41 1	15 1	77 1	75 1	37 1	88 1	29 1	53 1	96 1	56 1	21 1	78 1	17 1	99 1	69 1	50 1	47 1	4 1	10 1	35 1	40 1	90 1	57 1	39 1	68 1	45 1	11 1	3 1	20 1	91 1	32 1	30 1	97 1	8 1	23 1	48 1	1 1	89 1	5 1	16 1	25 1	18 1	62 1	49 1	19 1	0 1	70 1	54 1	59 1	7 1	24 1	95 1	55 1	65 1	34 1	61 1	66 1	71 1	51 1	12 1	2 1	28 1	76 1	13 1	83 1	73 1	86 1	52 1	82 1	98 1	27 1
53 1	52 1	16 1	51 1	68 1	55 1	19 1	32 1	9 1	87 1	61 1	59 1	30 1	63 1	18 1	41 1	35 1	49 1	85 1	25 1	67 1	71 1	47 1	34 1	4 1	31 1	93 1	14 1	43 1	70 1	99 1	0 1	54 1	60 1	15 1	17 1	92 1	39 1	21 1	66 1	36 1	81 1	90 1	7 1	13 1	40 1	33 1	75 1	58 1	97 1	48 1	73 1	44 1	91 1	27 1	62 1	57 1	10 1	28 1	98 1	1 1	79 1	22 1	46 1	3 1	76 1	23 1	8 1	74 1	77 1	42 1	64 1	11 1	50 1	82 1	20 1	24 1	38 1	12 1	84 1	88 1	45 1	78 1	2 1	94 1	29 1	80 1	5 1	86 1	65 1	83 1	6 1	95 1	69 1	56 1	37 1	96 1	72 1	89 1	26 1
86 1	88 1	61 1	77 1	52 1	70 1	6 1	5 1	85 1	87 1	92 1	43 1	79 1	28 1	49 1	54 1	64 1	8 1	26 1	93 1	0 1	60 1	51 1	18 1	39 1	45 1	80 1	75 1	94 1	16 1	46 1	23 1	4 1	15 1	98 1	69 1	19 1	72 1	47 1	78 1	99 1	84 1	11 1	22 1	21 1	76 1	40 1	7 1	81 1	31 1	1 1	89 1	57 1	56 1	83 1	42 1	32 1	55 1	48 1	41 1	44 1	30 1	25 1	90 1	10 1	95 1	17 1	96 1	74 1	20 1	24 1	71 1	68 1	13 1	53 1	66 1	29 1	58 1	34 1	12 1	63 1	50 1	65 1	67 1	62 1	2 1	37 1	36 1	82 1	59 1	91 1	35 1	3 1	97 1	38 1	73 1	33 1	9 1	27 1	14 1
9 1	42 1	49 1	46 1	87 1	38 1	8 1	22 1	3 1	91 1	45 1	92 1	43 1	28 1	41 1	36 1	73 1	81 1	52 1	2 1	23 1	93 1	72 1	27 1	58 1	34 1	16 1	62 1	65 1	67 1	47 1	68 1	64 1	88 1	31 1	70 1	99 1	55 1	79 1	74 1	30 1	84 1	69 1	37 1	5 1	29 1	90 1	48 1	50 1	80 1	7 1	94 1	40 1	97 1	66 1	0 1	13 1	89 1	54 1	71 1	63 1	17 1	86 1	10 1	6 1	95 1	21 1	39 1	75 1	33 1	32 1	20 1	98 1	56 1	57 1	60 1	4 1	11 1	25 1	78 1	12 1	82 1	26 1	14 1	15 1	19 1	59 1	51 1	44 1	35 1	85 1	18 1	77 1	24 1	61 1	53 1	76 1	96 1	83 1	1 1
1 1	31 1	91 1	66 1	87 1	6 1	83 1	55 1	96 1	58 1	63 1	12 1	80 1	37 1	32 1	33 1	86 1	23 1	51 1	44 1	42 1	64 1	19 1	67 1	9 1	8 1	17 1	4 1	25 1	77 1	29 1	95 1	59 1	56 1	28 1	90 1	70 1	52 1	47 1	45 1	94 1	93 1	49 1	35 1	3 1	97 1	21 1	89 1	30 1	41 1	10 1	18 1	75 1	39 1	81 1	71 1	20 1	40 1	84 1	73 1	27 1	69 1	7 1	43 1	72 1	38 1	15 1	82 1	53 1	99 1	5 1	57 1	88 1	76 1	60 1	62 1	0 1	13 1	68 1	74 1	2 1	98 1	16 1	46 1	50 1	78 1	54 1	61 1	34 1	11 1	92 1	22 1	79 1	48 1	65 1	14 1	36 1	85 1	26 1	24 1
91 1	31 1	79 1	51 1	85 1	23 1	76 1	87 1	26 1	50 1	39 1	37 1	30 1	67 1	62 1	27 1	34 1	21 1	3 1	89 1	65 1	58 1	73 1	24 1	49 1	70 1	2 1	54 1	13 1	71 1	10 1	90 1	4 1	5 1	84 1	83 1	8 1	45 1	17 1	92 1	20 1	56 1	78 1	75 1	6 1	0 1	14 1	19 1	46 1	86 1	74 1	59 1	25 1	94 1	7 1	81 1	43 1	80 1	12 1	98 1	44 1	16 1	97 1	1 1	15 1	35 1	32 1	88 1	9 1	36 1	55 1	82 1	41 1	53 1	60 1	42 1	18 1	47 1	38 1	69 1	33 1	48 1	96 1	57 1	28 1	11 1	29 1	99 1	61 1	40 1	77 1	64 1	22 1	52 1	68 1	95 1	63 1	66 1	93 1	72 1
71 1	5 1	84 1	0 1	22 1	80 1	78 1	91 1	7 1	64 1	26 1	44 1	21 1	66 1	32 1	30 1	79 1	93 1	13 1	15 1	59 1	83 1	52 1	17 1	11 1	50 1	34 1	1 1	53 1	8 1	74 1	38 1	36 1	65 1	31 1	20 1	47 1	24 1	16 1	27 1	85 1	9 1	72 1	94 1	45 1	62 1	41 1	48 1	39 1	99 1	61 1	58 1	82 1	19 1	35 1	81 1	37 1	18 1	43 1	63 1	68 1	4 1	69 1	89 1	90 1	3 1	33 1	23 1	87 1	95 1	57 1	92 1	96 1	49 1	25 1	98 1	28 1	40 1	86 1	73 1	76 1	6 1	46 1	67 1	10 1	88 1	77 1	14 1	51 1	60 1	2 1	56 1	42 1	75 1	70 1	54 1	55 1	29 1	97 1	12 1
41 1	91 1	74 1	77 1	62 1	30 1	15 1	89 1	71 1	24 1	85 1	55 1	60 1	19 1	58 1	99 1	39 1	11 1	98 1	56 1	75 1	73 1	68 1	0 1	88 1	94 1	13 1	96 1	53 1	65 1	61 1	36 1	28 1	45 1	42 1	16 1	51 1	18 1	20 1	37 1	44 1	47 1	67 1	31 1	52 1	70 1	81 1	66 1	59 1	3 1	35 1	33 1	8 1	2 1	72 1	10 1	23 1	17 1	14 1	64 1	84 1	4 1	80 1	26 1	76 1	79 1	38 1	46 1	82 1	92 1	21 1	40 1	43 1	95 1	48 1	12 1	22 1	27 1	78 1	5 1	63 1	32 1	29 1	49 1	7 1	9 1	86 1	90 1	83 1	50 1	54 1	97 1	93 1	25 1	1 1	87 1	6 1	34 1	57 1	69 1
4 1	1 1	46 1	60 1	5 1	93 1	2 1	24 1	80 1	81 1	35 1	48 1	38 1	28 1	70 1	55 1	15 1	78 1	68 1	52 1	37 1	14 1	50 1	99 1	79 1	18 1	9 1	45 1	25 1	26 1	44 1	82 1	69 1	32 1	49 1	63 1	61 1	11 1	39 1	20 1	59 1	62 1	96 1	77 1	0 1	73 1	85 1	13 1	74 1	12 1	33 1	76 1	56 1	41 1	34 1	3 1	23 1	97 1	88 1	54 1	91 1	40 1	21 1	47 1	83 1	17 1	57 1	64 1	31 1	27 1	67 1	90 1	75 1	94 1	42 1	71 1	29 1	36 1	66 1	58 1	53 1	6 1	43 1	30 1	19 1	72 1	86 1	22 1	10 1	92 1	51 1	98 1	8 1	87 1	65 1	16 1	89 1	84 1	95 1	7 1
18 1	62 1	86 1	0 1	27 1	4 1	21 1	40 1	9 1	67 1	74 1	15 1	69 1	22 1	28 1	82 1	50 1	59 1	84 1	43 1	54 1	1 1	79 1	10 1	93 1	52 1	12 1	3 1	37 1	48 1	30 1	34 1	35 1	70 1	60 1	68 1	94 1	16 1	63 1	23 1	20 1	64 1	51 1	55 1	33 1	2 1	31 1	53 1	71 1	85 1	47 1	38 1	58 1	83 1	13 1	46 1	76 1	42 1	77 1	41 1	36 1	96 1	26 1	7 1	78 1	66 1	29 1	44 1	95 1	75 1	98 1	24 1	39 1	80 1	90 1	87 1	92 1	45 1	57 1	99 1	97 1	72 1	61 1	19 1	8 1	49 1	89 1	65 1	17 1	5 1	91 1	73 1	56 1	81 1	14 1	11 1	88 1	6 1	32 1	25 1
35 1	46 1	36 1	34 1	47 1	64 1	48 1	82 1	76 1	40 1	45 1	31 1	89 1	72 1	73 1	43 1	18 1	49 1	99 1	10 1	14 1	83 1	0 1	95 1	19 1	24 1	28 1	50 1	3 1	5 1	39 1	6 1	92 1	8 1	60 1	57 1	86 1	90 1	33 1	81 1	15 1	52 1	61 1	51 1	44 1	69 1	13 1	29 1	30 1	70 1	42 1	74 1	75 1	62 1	77 1	41 1	32 1	16 1	85 1	78 1	27 1	80 1	88 1	21 1	96 1	25 1	79 1	84 1	17 1	91 1	58 1	1 1	12 1	38 1	65 1	2 1	20 1	9 1	23 1	87 1	26 1	71 1	55 1	66 1	7 1	98 1	59 1	4 1	11 1	22 1	68 1	56 1	54 1	67 1	93 1	97 1	63 1	53 1	37 1	94 1
49 1	95 1	13 1	11 1	88 1	97 1	23 1	77 1	15 1	62 1	94 1	44 1	68 1	76 1	30 1	57 1	8 1	83 1	61 1	36 1	46 1	98 1	21 1	25 1	65 1	22 1	14 1	63 1	45 1	73 1	64 1	0 1	52 1	66 1	20 1	79 1	29 1	71 1	78 1	69 1	18 1	67 1	7 1	26 1	19 1	2 1	89 1	55 1	31 1	27 1	75 1	93 1	80 1	85 1	43 1	90 1	58 1	41 1	34 1	6 1	56 1	47 1	4 1	9 1	39 1	40 1	81 1	3 1	17 1	70 1	35 1	96 1	92 1	51 1	5 1	16 1	86 1	50 1	84 1	60 1	10 1	12 1	72 1	33 1	38 1	24 1	53 1	28 1	42 1	87 1	74 1	54 1	1 1	82 1	32 1	91 1	48 1	99 1	59 1	37 1
81 1	15 1	70 1	92 1	45 1	32 1	18 1	46 1	75 1	66 1	37 1	62 1	6 1	48 1	24 1	59 1	95 1	28 1	1 1	8 1	91 1	4 1	29 1	5 1	13 1	72 1	54 1	98 1	16 1	89 1	60 1	61 1	41 1	99 1	55 1	7 1	40 1	87 1	56 1	3 1	64 1	21 1	93 1	74 1	19 1	77 1	27 1	97 1	35 1	71 1	96 1	43 1	9 1	94 1	84 1	65 1	44 1	50 1	10 1	63 1	57 1	17 1	51 1	88 1	82 1	33 1	23 1	85 1	68 1	90 1	58 1	12 1	34 1	76 1	80 1	25 1	20 1	22 1	0 1	2 1	83 1	36 1	79 1	26 1	53 1	78 1	47 1	86 1	69 1	11 1	39 1	73 1	30 1	14 1	38 1	31 1	49 1	42 1	52 1	67 1
43 1	50 1	36 1	22 1	52 1	40 1	39 1	85 1	20 1	6 1	46 1	88 1	1 1	9 1	57 1	30 1	32 1	77 1	56 1	60 1	73 1	87 1	42 1	63 1	38 1	65 1	70 1	67 1	16 1	53 1	25 1	0 1	15 1	23 1	61 1	69 1	11 1	71 1	21 1	45 1	68 1	14 1	24 1	83 1	49 1	79 1	17 1	90 1	98 1	76 1	91 1	2 1	18 1	5 1	74 1	8 1	64 1	44 1	96 1	34 1	62 1	72 1	66 1	58 1	31 1	86 1	89 1	94 1	33 1	97 1	54 1	81 1	7 1	78 1	47 1	27 1	48 1	28 1	4 1	93 1	10 1	84 1	82 1	80 1	35 1	12 1	51 1	95 1	26 1	3 1	13 1	99 1	59 1	41 1	37 1	92 1	75 1	19 1	55 1	29 1
6 1	44 1	45 1	35 1	29 1	84 1	66 1	89 1	63 1	59 1	98 1	53 1	50 1	43 1	72 1	60 1	75 1	58 1	69 1	36 1	91 1	37 1	20 1	2 1	19 1	76 1	14 1	81 1	64 1	34 1	42 1	31 1	65 1	5 1	85 1	10 1	40 1	92 1	55 1	16 1	3 1	80 1	99 1	73 1	83 1	86 1	77 1	30 1	74 1	0 1	23 1	39 1	1 1	38 1	15 1	18 1	94 1	88 1	12 1	11 1	21 1	49 1	93 1	46 1	48 1	52 1	9 1	90 1	57 1	33 1	97 1	47 1	71 1	28 1	8 1	32 1	56 1	82 1	13 1	26 1	51 1	96 1	95 1	24 1	7 1	22 1	4 1	79 1	61 1	17 1	25 1	41 1	54 1	70 1	67 1	87 1	27 1	68 1	62 1	78 1
33 1	36 1	95 1	13 1	54 1	29 1	92 1	62 1	21 1	15 1	27 1	35 1	53 1	77 1	66 1	93 1	1 1	30 1	45 1	3 1	5 1	88 1	68 1	87 1	6 1	80 1	8 1	25 1	18 1	89 1	52 1	24 1	70 1	97 1	26 1	57 1	16 1	34 1	85 1	82 1	74 1	43 1	44 1	11 1	76 1	84 1	79 1	51 1	98 1	90 1	63 1	28 1	60 1	10 1	42 1	83 1	58 1	50 1	72 1	7 1	71 1	9 1	75 1	41 1	55 1	96 1	20 1	17 1	47 1	56 1	23 1	19 1	65 1	48 1	40 1	81 1	0 1	49 1	31 1	14 1	64 1	32 1	99 1	22 1	2 1	39 1	12 1	61 1	73 1	59 1	4 1	46 1	37 1	78 1	91 1	94 1	67 1	86 1	69 1	38 1
73 1	7 1	21 1	31 1	89 1	43 1	62 1	26 1	91 1	49 1	13 1	64 1	94 1	41 1	88 1	12 1	29 1	3 1	68 1	9 1	59 1	95 1	97 1	27 1	81 1	11 1	92 1	47 1	39 1	83 1	63 1	99 1	66 1	69 1	96 1	42 1	93 1	16 1	46 1	14 1	1 1	36 1	18 1	87 1	72 1	79 1	34 1	86 1	32 1	58 1	22 1	4 1	55 1	61 1	6 1	53 1	10 1	5 1	70 1	23 1	40 1	52 1	8 1	28 1	20 1	24 1	51 1	67 1	77 1	76 1	0 1	25 1	54 1	15 1	84 1	48 1	44 1	90 1	2 1	30 1	17 1	98 1	85 1	37 1	45 1	50 1	19 1	82 1	33 1	56 1	65 1	57 1	71 1	60 1	78 1	75 1	80 1	35 1	74 1	38 1
11 1	33 1	1 1	36 1	75 1	39 1	95 1	23 1	15 1	68 1	3 1	44 1	12 1	9 1	55 1	58 1	7 1	77 1	74 1	37 1	71 1	10 1	40 1	96 1	63 1	83 1	67 1	46 1	61 1	53 1	54 1	91 1	24 1	45 1	56 1	82 1	87 1	59 1	88 1	98 1	43 1	80 1	26 1	70 1	5 1	49 1	78 1	22 1	52 1	6 1	73 1	60 1	86 1	64 1	50 1	79 1	35 1	2 1	72 1	29 1	89 1	30 1	8 1	92 1	47 1	84 1	14 1	97 1	18 1	94 1	38 1	57 1	21 1	19 1	85 1	41 1	31 1	90 1	65 1	28 1	62 1	93 1	0 1	17 1	13 1	27 1	32 1	99 1	16 1	69 1	48 1	51 1	42 1	76 1	4 1	66 1	20 1	34 1	25 1	81 1
25 1	5 1	11 1	86 1	42 1	24 1	99 1	83 1	37 1	76 1	74 1	8 1	4 1	2 1	77 1	96 1	54 1	30 1	9 1	82 1	36 1	28 1	81 1	61 1	55 1	69 1	26 1	75 1	16 1	12 1	56 1	92 1	66 1	20 1	31 1	18 1	98 1	46 1	88 1	15 1	68 1	32 1	63 1	60 1	79 1	50 1	59 1	89 1	71 1	90 1	35 1	48 1	1 1	57 1	34 1	47 1	7 1	13 1	84 1	33 1	80 1	95 1	14 1	62 1	43 1	44 1	40 1	67 1	29 1	93 1	72 1	3 1	45 1	85 1	65 1	22 1	91 1	87 1	73 1	10 1	38 1	17 1	64 1	70 1	19 1	6 1	21 1	53 1	94 1	97 1	23 1	78 1	41 1	58 1	0 1	52 1	27 1	39 1	49 1	51 1
57 1	60 1	65 1	15 1	99 1	74 1	98 1	26 1	73 1	52 1	24 1	59 1	21 1	95 1	29 1	53 1	91 1	58 1	82 1	89 1	13 1	85 1	90 1	63 1	31 1	28 1	34 1	88 1	19 1	23 1	3 1	87 1	20 1	81 1	47 1	66 1	6 1	69 1	14 1	33 1	0 1	10 1	9 1	84 1	35 1	76 1	2 1	48 1	64 1	1 1	68 1	37 1	50 1	39 1	25 1	80 1	30 1	72 1	45 1	41 1	51 1	94 1	18 1	71 1	55 1	4 1	46 1	86 1	78 1	16 1	22 1	38 1	5 1	12 1	67 1	96 1	61 1	27 1	40 1	97 1	11 1	7 1	56 1	42 1	32 1	79 1	83 1	43 1	75 1	70 1	77 1	8 1	93 1	54 1	17 1	49 1	44 1	92 1	36 1	62 1
72 1	92 1	60 1	26 1	30 1	59 1	31 1	57 1	71 1	1 1	83 1	50 1	10 1	29 1	95 1	68 1	13 1	25 1	20 1	2 1	99 1	69 1	93 1	47 1	63 1	21 1	53 1	4 1	77 1	88 1	81 1	9 1	51 1	73 1	96 1	90 1	37 1	86 1	58 1	67 1	54 1	8 1	85 1	65 1	5 1	66 1	15 1	97 1	3 1	6 1	56 1	79 1	76 1	33 1	52 1	35 1	0 1	40 1	98 1	28 1	48 1	61 1	42 1	14 1	41 1	23 1	18 1	34 1	80 1	91 1	78 1	55 1	36 1	38 1	27 1	89 1	87 1	64 1	17 1	70 1	74 1	12 1	45 1	62 1	39 1	11 1	16 1	43 1	82 1	46 1	32 1	84 1	49 1	7 1	19 1	94 1	44 1	22 1	24 1	75 1
