80	90
58 1	53 1	72 1	32 1	1 1	54 1	39 1	88 1	82 1	69 1	49 1	29 1	46 1	76 1	48 1	73 1	13 1	28 1	6 1	81 1	22 1	37 1	33 1	64 1	84 1	57 1	78 1	51 1	18 1	50 1	80 1	41 1	79 1	52 1	21 1	56 1	4 1	47 1	70 1	3 1	16 1	20 1	31 1	9 1	35 1	83 1	5 1	27 1	38 1	74 1	34 1	24 1	60 1	26 1	14 1	40 1	8 1	36 1	0 1	66 1	71 1	30 1	61 1	10 1	68 1	45 1	15 1	63 1	75 1	77 1	17 1	25 1	42 1	86 1	43 1	67 1	85 1	59 1	12 1	44 1	55 1	19 1	11 1	23 1	87 1	2 1	7 1	62 1	89 1	65 1
79 1	54 1	69 1	77 1	7 1	41 1	65 1	49 1	81 1	75 1	22 1	2 1	57 1	19 1	85 1	48 1	55 1	86 1	71 1	5 1	21 1	45 1	70 1	40 1	28 1	36 1	35 1	9 1	73 1	17 1	16 1	26 1	43 1	42 1	53 1	56 1	46 1	47 1	64 1	38 1	20 1	12 1	32 1	66 1	68 1	61 1	60 1	1 1	87 1	33 1	31 1	83 1	30 1	52 1	50 1	62 1	10 1	11 1	39 1	84 1	37 1	25 1	34 1	13 1	23 1	76 1	63 1	14 1	59 1	82 1	72 1	3 1	29 1	24 1	88 1	58 1	51 1	18 1	0 1	78 1	89 1	27 1	15 1	4 1	67 1	8 1	6 1	80 1	74 1	44 1
81 1	65 1	36 1	50 1	1 1	83 1	27 1	67 1	74 1	63 1	56 1	42 1	33 1	0 1	89 1	58 1	6 1	41 1	73 1	68 1	18 1	30 1	62 1	24 1	71 1	10 1	7 1	72 1	39 1	38 1	70 1	60 1	44 1	31 1	46 1	29 1	3 1	57 1	15 1	66 1	13 1	51 1	78 1	28 1	40 1	82 1	12 1	53 1	19 1	32 1	25 1	55 1	20 1	64 1	4 1	34 1	48 1	26 1	17 1	8 1	49 1	2 1	47 1	35 1	88 1	16 1	76 1	43 1	37 1	79 1	11 1	21 1	80 1	75 1	84 1	59 1	23 1	45 1	9 1	52 1	54 1	87 1	61 1	86 1	14 1	85 1	69 1	77 1	22 1	5 1
20 1	13 1	37 1	9 1	63 1	47 1	76 1	30 1	57 1	14 1	56 1	61 1	8 1	70 1	46 1	32 1	31 1	67 1	75 1	71 1	49 1	45 1	29 1	34 1	58 1	44 1	4 1	23 1	51 1	1 1	36 1	82 1	60 1	78 1	2 1	77 1	50 1	18 1	48 1	22 1	42 1	59 1	73 1	86 1	40 1	79 1	24 1	7 1	15 1	64 1	17 1	11 1	72 1	87 1	62 1	89 1	74 1	12 1	10 1	3 1	5 1	80 1	26 1	19 1	53 1	65 1	38 1	41 1	27 1	55 1	85 1	88 1	66 1	0 1	33 1	69 1	84 1	21 1	16 1	39 1	81 1	28 1	43 1	6 1	35 1	52 1	68 1	83 1	54 1	25 1
34 1	5 1	28 1	23 1	57 1	76 1	78 1	87 1	85 1	8 1	27 1	24 1	60 1	40 1	42 1	77 1	68 1	73 1	43 1	66 1	88 1	64 1	33 1	21 1	80 1	72 1	2 1	9 1	1 1	4 1	49 1	47 1	59 1	14 1	26 1	86 1	36 1	13 1	55 1	22 1	54 1	35 1	15 1	30 1	3 1	63 1	38 1	67 1	6 1	79 1	29 1	31 1	0 1	50 1	48 1	17 1	69 1	65 1	82 1	20 1	18 1	11 1	89 1	44 1	56 1	58 1	71 1	83 1	53 1	16 1	62 1	75 1	61 1	45 1	39 1	84 1	32 1	7 1	19 1	81 1	52 1	37 1	46 1	41 1	51 1	12 1	74 1	10 1	25 1	70 1
22 1	3 1	33 1	88 1	54 1	78 1	48 1	61 1	31 1	67 1	86 1	47 1	21 1	59 1	85 1	6 1	19 1	36 1	35 1	38 1	16 1	2 1	58 1	83 1	23 1	55 1	8 1	4 1	17 1	50 1	62 1	44 1	71 1	57 1	49 1	46 1	72 1	82 1	27 1	30 1	53 1	41 1	81 1	12 1	28 1	45 1	13 1	69 1	80 1	60 1	20 1	73 1	51 1	87 1	74 1	9 1	64 1	52 1	77 1	14 1	65 1	18 1	63 1	1 1	89 1	68 1	66 1	70 1	79 1	7 1	42 1	10 1	39 1	32 1	40 1	84 1	5 1	15 1	76 1	34 1	56 1	37 1	0 1	29 1	24 1	11 1	43 1	25 1	75 1	26 1
51 1	63 1	81 1	21 1	53 1	62 1	67 1	66 1	36 1	40 1	87 1	14 1	26 1	82 1	33 1	3 1	18 1	43 1	73 1	72 1	6 1	46 1	86 1	15 1	13 1	75 1	74 1	65 1	84 1	23 1	27 1	61 1	37 1	59 1	77 1	58 1	8 1	12 1	48 1	32 1	71 1	76 1	70 1	9 1	42 1	7 1	78 1	79 1	88 1	30 1	4 1	80 1	35 1	24 1	57 1	68 1	19 1	22 1	0 1	85 1	89 1	20 1	28 1	10 1	39 1	25 1	49 1	17 1	41 1	29 1	50 1	2 1	47 1	64 1	69 1	16 1	56 1	54 1	11 1	45 1	52 1	55 1	31 1	44 1	1 1	38 1	60 1	34 1	5 1	83 1
14 1	54 1	62 1	0 1	61 1	31 1	46 1	82 1	18 1	36 1	39 1	81 1	1 1	27 1	40 1	28 1	22 1	60 1	41 1	15 1	23 1	25 1	55 1	8 1	57 1	65 1	59 1	72 1	76 1	29 1	70 1	34 1	32 1	84 1	3 1	48 1	89 1	10 1	4 1	16 1	5 1	44 1	58 1	77 1	52 1	24 1	12 1	6 1	19 1	73 1	20 1	69 1	35 1	50 1	9 1	33 1	2 1	85 1	37 1	71 1	87 1	86 1	51 1	53 1	83 1	43 1	56 1	26 1	7 1	68 1	75 1	47 1	17 1	67 1	49 1	21 1	30 1	38 1	11 1	45 1	13 1	74 1	78 1	88 1	42 1	80 1	66 1	63 1	64 1	79 1
15 1	36 1	40 1	50 1	76 1	78 1	5 1	65 1	8 1	42 1	75 1	41 1	18 1	19 1	0 1	35 1	10 1	31 1	56 1	32 1	57 1	53 1	83 1	86 1	48 1	87 1	64 1	80 1	7 1	1 1	23 1	67 1	6 1	21 1	26 1	38 1	88 1	51 1	3 1	39 1	33 1	82 1	70 1	84 1	13 1	14 1	43 1	58 1	24 1	68 1	11 1	49 1	46 1	37 1	25 1	71 1	29 1	2 1	17 1	79 1	55 1	61 1	66 1	62 1	59 1	73 1	54 1	72 1	34 1	45 1	47 1	44 1	28 1	9 1	89 1	12 1	63 1	4 1	69 1	22 1	27 1	81 1	30 1	85 1	52 1	16 1	60 1	77 1	20 1	74 1
34 1	0 1	2 1	14 1	50 1	47 1	56 1	48 1	1 1	29 1	22 1	66 1	61 1	73 1	58 1	67 1	82 1	41 1	15 1	63 1	24 1	68 1	70 1	55 1	7 1	52 1	65 1	64 1	72 1	54 1	45 1	18 1	44 1	28 1	80 1	19 1	25 1	5 1	51 1	10 1	59 1	53 1	57 1	8 1	4 1	16 1	62 1	38 1	26 1	71 1	74 1	21 1	37 1	76 1	40 1	84 1	35 1	85 1	11 1	36 1	12 1	13 1	17 1	27 1	83 1	49 1	87 1	81 1	9 1	86 1	6 1	69 1	42 1	77 1	39 1	46 1	75 1	78 1	60 1	3 1	43 1	23 1	30 1	31 1	79 1	32 1	33 1	89 1	88 1	20 1
75 1	3 1	41 1	7 1	47 1	37 1	21 1	54 1	13 1	59 1	87 1	66 1	69 1	19 1	36 1	65 1	40 1	17 1	74 1	56 1	84 1	25 1	88 1	71 1	2 1	81 1	89 1	9 1	64 1	60 1	34 1	44 1	52 1	73 1	4 1	12 1	49 1	46 1	77 1	31 1	15 1	51 1	27 1	42 1	85 1	35 1	5 1	32 1	58 1	30 1	29 1	48 1	67 1	63 1	39 1	79 1	53 1	23 1	6 1	57 1	28 1	45 1	68 1	43 1	16 1	8 1	76 1	10 1	24 1	14 1	55 1	83 1	22 1	11 1	0 1	26 1	82 1	62 1	70 1	86 1	72 1	20 1	61 1	50 1	80 1	18 1	1 1	38 1	33 1	78 1
0 1	34 1	61 1	20 1	48 1	16 1	18 1	13 1	52 1	14 1	71 1	39 1	85 1	56 1	50 1	58 1	32 1	19 1	86 1	73 1	17 1	55 1	6 1	68 1	38 1	54 1	24 1	82 1	74 1	41 1	43 1	33 1	62 1	72 1	78 1	10 1	57 1	2 1	46 1	15 1	88 1	3 1	11 1	30 1	44 1	35 1	8 1	47 1	23 1	7 1	66 1	42 1	37 1	79 1	59 1	26 1	67 1	70 1	12 1	49 1	80 1	65 1	45 1	53 1	75 1	69 1	22 1	83 1	21 1	64 1	77 1	9 1	4 1	40 1	89 1	27 1	5 1	1 1	28 1	29 1	60 1	36 1	84 1	76 1	51 1	87 1	31 1	63 1	81 1	25 1
9 1	56 1	82 1	74 1	72 1	63 1	59 1	73 1	18 1	79 1	11 1	67 1	20 1	29 1	7 1	89 1	0 1	41 1	49 1	81 1	62 1	34 1	87 1	3 1	15 1	32 1	23 1	28 1	52 1	70 1	64 1	76 1	24 1	6 1	50 1	55 1	77 1	8 1	17 1	31 1	38 1	75 1	39 1	54 1	51 1	53 1	22 1	71 1	45 1	69 1	48 1	58 1	4 1	35 1	42 1	85 1	5 1	44 1	83 1	19 1	47 1	14 1	26 1	84 1	2 1	65 1	78 1	60 1	21 1	43 1	30 1	37 1	1 1	13 1	57 1	61 1	80 1	16 1	33 1	68 1	46 1	12 1	86 1	10 1	40 1	36 1	25 1	66 1	27 1	88 1
37 1	31 1	36 1	57 1	29 1	61 1	52 1	19 1	32 1	87 1	18 1	22 1	89 1	81 1	4 1	80 1	62 1	67 1	41 1	86 1	33 1	35 1	70 1	9 1	40 1	55 1	53 1	6 1	23 1	7 1	83 1	60 1	16 1	26 1	44 1	0 1	46 1	10 1	20 1	50 1	49 1	77 1	82 1	75 1	54 1	24 1	8 1	34 1	65 1	64 1	48 1	11 1	14 1	74 1	88 1	27 1	21 1	58 1	13 1	12 1	76 1	72 1	39 1	38 1	78 1	2 1	25 1	45 1	63 1	71 1	59 1	69 1	79 1	51 1	56 1	30 1	43 1	85 1	84 1	5 1	1 1	42 1	68 1	15 1	28 1	66 1	3 1	73 1	17 1	47 1
61 1	78 1	21 1	51 1	32 1	22 1	36 1	77 1	54 1	85 1	47 1	86 1	45 1	10 1	6 1	26 1	84 1	75 1	59 1	82 1	15 1	7 1	53 1	57 1	24 1	72 1	31 1	52 1	73 1	38 1	65 1	63 1	37 1	68 1	70 1	89 1	8 1	9 1	35 1	81 1	88 1	14 1	76 1	3 1	62 1	13 1	27 1	20 1	60 1	4 1	33 1	74 1	19 1	67 1	69 1	58 1	79 1	40 1	41 1	83 1	55 1	49 1	28 1	12 1	64 1	30 1	16 1	42 1	50 1	48 1	2 1	29 1	11 1	0 1	44 1	46 1	66 1	17 1	34 1	5 1	1 1	87 1	23 1	56 1	25 1	71 1	80 1	39 1	18 1	43 1
24 1	64 1	10 1	86 1	84 1	14 1	4 1	60 1	45 1	63 1	44 1	82 1	53 1	18 1	9 1	46 1	52 1	83 1	59 1	40 1	88 1	42 1	34 1	37 1	57 1	6 1	85 1	71 1	61 1	29 1	67 1	38 1	36 1	49 1	58 1	27 1	26 1	15 1	75 1	48 1	16 1	20 1	13 1	2 1	69 1	51 1	0 1	23 1	89 1	62 1	87 1	56 1	47 1	54 1	25 1	1 1	65 1	80 1	32 1	8 1	50 1	12 1	17 1	19 1	72 1	30 1	73 1	74 1	21 1	35 1	77 1	39 1	28 1	3 1	79 1	43 1	11 1	70 1	78 1	22 1	55 1	41 1	81 1	76 1	68 1	31 1	7 1	33 1	5 1	66 1
39 1	53 1	71 1	55 1	59 1	5 1	82 1	76 1	60 1	54 1	70 1	78 1	74 1	57 1	3 1	51 1	2 1	84 1	40 1	10 1	38 1	31 1	16 1	7 1	52 1	28 1	33 1	75 1	4 1	88 1	13 1	83 1	32 1	64 1	26 1	0 1	69 1	46 1	9 1	30 1	58 1	1 1	44 1	42 1	49 1	89 1	6 1	22 1	65 1	34 1	81 1	29 1	18 1	14 1	72 1	56 1	86 1	48 1	35 1	66 1	85 1	25 1	79 1	24 1	73 1	21 1	8 1	43 1	63 1	50 1	36 1	45 1	19 1	27 1	11 1	80 1	87 1	67 1	41 1	62 1	37 1	47 1	17 1	20 1	15 1	23 1	12 1	77 1	68 1	61 1
66 1	58 1	24 1	42 1	88 1	77 1	87 1	81 1	11 1	65 1	17 1	25 1	80 1	9 1	48 1	70 1	63 1	32 1	37 1	31 1	14 1	6 1	49 1	59 1	18 1	1 1	53 1	57 1	44 1	4 1	36 1	39 1	61 1	76 1	34 1	15 1	62 1	75 1	82 1	84 1	21 1	19 1	60 1	0 1	35 1	38 1	50 1	3 1	85 1	33 1	46 1	22 1	89 1	23 1	52 1	55 1	67 1	30 1	8 1	69 1	10 1	79 1	71 1	51 1	16 1	45 1	68 1	72 1	20 1	29 1	73 1	27 1	26 1	83 1	7 1	13 1	86 1	12 1	43 1	74 1	54 1	78 1	47 1	56 1	2 1	41 1	5 1	40 1	64 1	28 1
89 1	23 1	59 1	64 1	79 1	52 1	46 1	33 1	55 1	42 1	26 1	5 1	63 1	11 1	31 1	13 1	4 1	62 1	12 1	9 1	60 1	24 1	8 1	67 1	83 1	0 1	45 1	69 1	65 1	32 1	61 1	18 1	68 1	41 1	48 1	58 1	27 1	81 1	22 1	35 1	84 1	2 1	34 1	76 1	3 1	17 1	85 1	30 1	72 1	6 1	77 1	73 1	70 1	71 1	82 1	36 1	75 1	80 1	51 1	25 1	49 1	7 1	44 1	39 1	86 1	1 1	43 1	50 1	19 1	14 1	38 1	15 1	78 1	87 1	16 1	40 1	54 1	57 1	88 1	20 1	47 1	53 1	10 1	21 1	74 1	28 1	66 1	29 1	37 1	56 1
89 1	71 1	44 1	51 1	56 1	85 1	26 1	83 1	49 1	35 1	8 1	31 1	3 1	42 1	22 1	74 1	36 1	38 1	37 1	72 1	5 1	11 1	65 1	73 1	41 1	34 1	17 1	75 1	62 1	59 1	60 1	68 1	47 1	63 1	80 1	30 1	50 1	12 1	82 1	84 1	39 1	52 1	24 1	7 1	86 1	15 1	81 1	10 1	23 1	70 1	45 1	19 1	55 1	2 1	16 1	88 1	40 1	29 1	66 1	14 1	0 1	18 1	4 1	20 1	28 1	69 1	64 1	9 1	13 1	25 1	33 1	61 1	67 1	21 1	6 1	1 1	32 1	79 1	53 1	27 1	77 1	76 1	78 1	87 1	46 1	58 1	43 1	57 1	54 1	48 1
26 1	14 1	13 1	46 1	89 1	51 1	80 1	37 1	73 1	0 1	58 1	88 1	8 1	1 1	2 1	83 1	36 1	61 1	79 1	76 1	24 1	41 1	72 1	42 1	6 1	4 1	31 1	63 1	87 1	69 1	62 1	17 1	60 1	40 1	59 1	12 1	32 1	56 1	78 1	9 1	44 1	11 1	68 1	5 1	7 1	55 1	74 1	70 1	47 1	28 1	52 1	77 1	49 1	30 1	82 1	34 1	84 1	19 1	71 1	25 1	33 1	86 1	20 1	35 1	3 1	21 1	53 1	29 1	15 1	57 1	81 1	27 1	65 1	54 1	38 1	48 1	16 1	85 1	39 1	23 1	43 1	67 1	10 1	18 1	75 1	66 1	64 1	45 1	22 1	50 1
77 1	80 1	74 1	88 1	16 1	34 1	23 1	8 1	28 1	78 1	33 1	68 1	69 1	82 1	84 1	9 1	5 1	19 1	85 1	36 1	87 1	0 1	43 1	3 1	86 1	58 1	48 1	65 1	38 1	71 1	4 1	64 1	53 1	13 1	17 1	35 1	59 1	44 1	72 1	89 1	22 1	11 1	27 1	63 1	31 1	37 1	42 1	50 1	83 1	54 1	46 1	51 1	12 1	29 1	47 1	66 1	2 1	7 1	81 1	79 1	6 1	24 1	40 1	45 1	56 1	55 1	25 1	52 1	18 1	1 1	70 1	26 1	41 1	75 1	39 1	32 1	67 1	30 1	57 1	76 1	14 1	62 1	49 1	10 1	60 1	73 1	61 1	15 1	21 1	20 1
5 1	65 1	16 1	43 1	15 1	44 1	40 1	78 1	51 1	14 1	31 1	35 1	55 1	77 1	12 1	17 1	18 1	28 1	0 1	45 1	74 1	10 1	25 1	32 1	88 1	53 1	54 1	42 1	22 1	70 1	80 1	23 1	57 1	9 1	3 1	73 1	85 1	66 1	86 1	59 1	71 1	21 1	69 1	62 1	38 1	84 1	6 1	56 1	8 1	48 1	68 1	46 1	60 1	2 1	29 1	52 1	82 1	50 1	26 1	30 1	75 1	63 1	79 1	1 1	72 1	33 1	67 1	89 1	19 1	49 1	81 1	58 1	34 1	20 1	47 1	87 1	37 1	13 1	83 1	7 1	4 1	41 1	64 1	39 1	24 1	11 1	27 1	36 1	61 1	76 1
13 1	85 1	18 1	31 1	12 1	27 1	79 1	68 1	57 1	23 1	51 1	17 1	22 1	49 1	11 1	36 1	62 1	9 1	46 1	69 1	64 1	8 1	70 1	66 1	50 1	37 1	28 1	52 1	3 1	75 1	10 1	33 1	45 1	19 1	67 1	59 1	73 1	76 1	71 1	61 1	41 1	54 1	77 1	47 1	30 1	15 1	78 1	72 1	34 1	6 1	5 1	55 1	53 1	65 1	89 1	83 1	2 1	86 1	14 1	16 1	38 1	32 1	7 1	43 1	25 1	21 1	84 1	39 1	88 1	20 1	4 1	81 1	48 1	40 1	87 1	60 1	29 1	80 1	24 1	35 1	63 1	0 1	58 1	1 1	56 1	42 1	74 1	26 1	44 1	82 1
40 1	74 1	78 1	47 1	72 1	68 1	13 1	28 1	43 1	44 1	2 1	75 1	88 1	31 1	14 1	67 1	85 1	1 1	76 1	63 1	81 1	62 1	9 1	56 1	64 1	69 1	39 1	6 1	11 1	8 1	84 1	70 1	53 1	87 1	38 1	50 1	80 1	60 1	57 1	18 1	66 1	22 1	29 1	24 1	65 1	77 1	59 1	46 1	35 1	37 1	0 1	86 1	61 1	12 1	16 1	10 1	5 1	71 1	42 1	54 1	49 1	20 1	27 1	34 1	25 1	73 1	17 1	52 1	83 1	36 1	4 1	82 1	7 1	89 1	23 1	30 1	33 1	79 1	51 1	15 1	45 1	32 1	58 1	26 1	48 1	19 1	41 1	55 1	3 1	21 1
53 1	37 1	63 1	24 1	48 1	69 1	61 1	52 1	7 1	6 1	60 1	9 1	29 1	42 1	74 1	39 1	81 1	79 1	59 1	14 1	1 1	89 1	31 1	10 1	3 1	8 1	87 1	20 1	25 1	54 1	88 1	66 1	51 1	56 1	82 1	84 1	83 1	30 1	55 1	38 1	13 1	57 1	50 1	67 1	58 1	73 1	2 1	16 1	27 1	21 1	70 1	19 1	28 1	64 1	71 1	18 1	40 1	72 1	35 1	43 1	85 1	49 1	22 1	86 1	65 1	26 1	76 1	78 1	44 1	80 1	46 1	23 1	5 1	68 1	4 1	77 1	36 1	75 1	62 1	34 1	0 1	32 1	33 1	15 1	47 1	11 1	45 1	17 1	12 1	41 1
47 1	77 1	1 1	5 1	24 1	28 1	70 1	42 1	18 1	69 1	76 1	68 1	46 1	49 1	51 1	29 1	17 1	21 1	41 1	3 1	66 1	63 1	83 1	53 1	37 1	80 1	45 1	52 1	27 1	79 1	89 1	35 1	0 1	72 1	20 1	13 1	67 1	15 1	64 1	14 1	32 1	73 1	39 1	31 1	36 1	7 1	75 1	71 1	88 1	6 1	34 1	85 1	19 1	74 1	26 1	82 1	44 1	61 1	60 1	25 1	65 1	87 1	40 1	12 1	30 1	48 1	62 1	55 1	54 1	4 1	11 1	9 1	23 1	50 1	43 1	78 1	57 1	59 1	16 1	81 1	84 1	56 1	8 1	22 1	38 1	58 1	2 1	10 1	33 1	86 1
77 1	9 1	82 1	21 1	39 1	55 1	41 1	18 1	89 1	74 1	73 1	40 1	8 1	63 1	29 1	85 1	72 1	2 1	58 1	51 1	60 1	19 1	7 1	80 1	57 1	37 1	17 1	65 1	66 1	0 1	52 1	14 1	50 1	71 1	56 1	20 1	3 1	43 1	78 1	13 1	10 1	23 1	35 1	48 1	44 1	53 1	27 1	24 1	54 1	84 1	28 1	36 1	79 1	49 1	42 1	67 1	47 1	6 1	86 1	88 1	76 1	32 1	30 1	26 1	69 1	64 1	25 1	61 1	45 1	46 1	16 1	70 1	68 1	12 1	34 1	11 1	1 1	59 1	4 1	33 1	5 1	83 1	38 1	62 1	15 1	75 1	31 1	81 1	22 1	87 1
0 1	43 1	20 1	30 1	28 1	7 1	17 1	76 1	51 1	18 1	19 1	15 1	45 1	70 1	77 1	34 1	44 1	11 1	72 1	40 1	50 1	66 1	31 1	83 1	52 1	58 1	75 1	6 1	47 1	56 1	12 1	86 1	16 1	79 1	8 1	29 1	71 1	74 1	3 1	46 1	26 1	57 1	41 1	10 1	39 1	37 1	61 1	80 1	32 1	60 1	64 1	78 1	42 1	54 1	85 1	59 1	38 1	27 1	33 1	36 1	48 1	1 1	62 1	63 1	55 1	69 1	25 1	68 1	65 1	73 1	89 1	49 1	35 1	2 1	53 1	22 1	23 1	9 1	82 1	13 1	14 1	84 1	88 1	81 1	21 1	5 1	87 1	4 1	67 1	24 1
60 1	35 1	63 1	70 1	22 1	67 1	85 1	49 1	27 1	36 1	32 1	89 1	73 1	15 1	83 1	55 1	39 1	56 1	23 1	46 1	33 1	40 1	30 1	43 1	42 1	7 1	0 1	29 1	13 1	16 1	6 1	14 1	41 1	1 1	88 1	20 1	37 1	68 1	11 1	26 1	81 1	51 1	61 1	78 1	50 1	5 1	77 1	80 1	12 1	64 1	48 1	62 1	66 1	47 1	72 1	84 1	9 1	45 1	86 1	58 1	28 1	53 1	82 1	52 1	76 1	10 1	34 1	59 1	18 1	3 1	17 1	44 1	8 1	4 1	57 1	54 1	38 1	21 1	79 1	24 1	69 1	65 1	74 1	71 1	19 1	2 1	25 1	75 1	31 1	87 1
44 1	8 1	58 1	80 1	87 1	85 1	68 1	83 1	18 1	35 1	71 1	36 1	6 1	23 1	77 1	41 1	81 1	69 1	59 1	20 1	51 1	2 1	38 1	65 1	26 1	78 1	73 1	14 1	25 1	34 1	75 1	16 1	29 1	3 1	19 1	4 1	88 1	53 1	54 1	27 1	76 1	0 1	17 1	13 1	61 1	40 1	63 1	55 1	64 1	1 1	74 1	21 1	12 1	46 1	45 1	32 1	50 1	67 1	15 1	7 1	62 1	10 1	52 1	72 1	84 1	11 1	70 1	89 1	37 1	30 1	39 1	24 1	22 1	43 1	66 1	82 1	47 1	5 1	60 1	33 1	28 1	9 1	79 1	57 1	86 1	48 1	31 1	49 1	56 1	42 1
74 1	54 1	71 1	47 1	30 1	49 1	75 1	64 1	14 1	11 1	41 1	84 1	88 1	81 1	38 1	10 1	28 1	73 1	68 1	23 1	67 1	22 1	7 1	52 1	76 1	61 1	37 1	48 1	39 1	66 1	86 1	12 1	35 1	79 1	50 1	77 1	26 1	19 1	15 1	31 1	44 1	83 1	80 1	59 1	1 1	42 1	29 1	40 1	56 1	33 1	9 1	32 1	85 1	3 1	0 1	46 1	78 1	5 1	57 1	43 1	62 1	6 1	21 1	63 1	53 1	72 1	36 1	24 1	20 1	87 1	34 1	17 1	60 1	18 1	13 1	4 1	16 1	65 1	89 1	27 1	82 1	25 1	69 1	55 1	51 1	70 1	58 1	2 1	8 1	45 1
80 1	81 1	45 1	65 1	67 1	88 1	74 1	72 1	42 1	1 1	39 1	33 1	24 1	10 1	57 1	37 1	44 1	9 1	77 1	79 1	73 1	40 1	6 1	19 1	21 1	64 1	34 1	86 1	55 1	53 1	63 1	2 1	35 1	16 1	50 1	4 1	18 1	38 1	59 1	29 1	82 1	27 1	0 1	66 1	36 1	14 1	15 1	3 1	51 1	89 1	62 1	20 1	11 1	8 1	78 1	83 1	54 1	31 1	41 1	52 1	22 1	23 1	48 1	61 1	32 1	28 1	12 1	70 1	69 1	25 1	58 1	13 1	56 1	17 1	87 1	49 1	85 1	47 1	76 1	30 1	46 1	5 1	75 1	71 1	26 1	60 1	84 1	68 1	7 1	43 1
17 1	43 1	63 1	31 1	61 1	52 1	5 1	24 1	34 1	16 1	28 1	3 1	69 1	6 1	82 1	2 1	70 1	33 1	1 1	45 1	57 1	76 1	75 1	80 1	71 1	50 1	20 1	41 1	85 1	73 1	83 1	59 1	39 1	8 1	84 1	53 1	32 1	51 1	78 1	58 1	19 1	36 1	25 1	11 1	79 1	26 1	48 1	47 1	23 1	54 1	68 1	12 1	10 1	88 1	77 1	89 1	9 1	4 1	56 1	66 1	7 1	14 1	86 1	0 1	60 1	42 1	64 1	40 1	30 1	49 1	44 1	65 1	72 1	81 1	87 1	74 1	22 1	29 1	55 1	37 1	18 1	38 1	13 1	15 1	67 1	46 1	27 1	62 1	21 1	35 1
15 1	68 1	18 1	7 1	51 1	5 1	30 1	52 1	85 1	11 1	88 1	38 1	56 1	53 1	76 1	87 1	14 1	1 1	27 1	73 1	23 1	0 1	50 1	55 1	84 1	89 1	78 1	19 1	4 1	2 1	17 1	40 1	9 1	20 1	86 1	44 1	45 1	8 1	3 1	16 1	62 1	47 1	35 1	58 1	72 1	37 1	42 1	36 1	26 1	74 1	67 1	57 1	34 1	60 1	22 1	13 1	70 1	32 1	6 1	41 1	66 1	49 1	61 1	71 1	77 1	80 1	24 1	81 1	28 1	79 1	33 1	21 1	46 1	75 1	43 1	48 1	12 1	64 1	39 1	10 1	65 1	63 1	69 1	59 1	31 1	83 1	54 1	25 1	29 1	82 1
83 1	17 1	62 1	46 1	16 1	31 1	0 1	30 1	10 1	59 1	26 1	25 1	77 1	29 1	74 1	13 1	28 1	58 1	81 1	63 1	45 1	4 1	68 1	37 1	7 1	3 1	6 1	75 1	41 1	67 1	54 1	11 1	84 1	2 1	85 1	71 1	56 1	12 1	52 1	44 1	38 1	70 1	72 1	40 1	32 1	69 1	49 1	34 1	65 1	39 1	48 1	79 1	35 1	76 1	18 1	55 1	61 1	78 1	9 1	15 1	33 1	8 1	1 1	51 1	80 1	27 1	43 1	57 1	22 1	21 1	14 1	66 1	36 1	42 1	19 1	60 1	20 1	87 1	23 1	5 1	82 1	73 1	64 1	86 1	53 1	50 1	89 1	88 1	24 1	47 1
49 1	18 1	89 1	47 1	66 1	63 1	76 1	34 1	27 1	48 1	56 1	4 1	62 1	40 1	43 1	86 1	38 1	65 1	77 1	2 1	70 1	46 1	35 1	17 1	54 1	53 1	57 1	60 1	59 1	42 1	44 1	25 1	33 1	41 1	11 1	87 1	55 1	50 1	75 1	68 1	69 1	3 1	88 1	78 1	84 1	80 1	85 1	9 1	22 1	15 1	21 1	5 1	36 1	28 1	20 1	81 1	29 1	45 1	23 1	79 1	64 1	24 1	31 1	32 1	52 1	82 1	73 1	8 1	72 1	10 1	12 1	19 1	71 1	51 1	26 1	30 1	37 1	83 1	16 1	67 1	74 1	7 1	14 1	58 1	61 1	6 1	1 1	39 1	0 1	13 1
67 1	70 1	25 1	54 1	31 1	12 1	6 1	11 1	48 1	56 1	14 1	73 1	4 1	13 1	16 1	20 1	74 1	24 1	49 1	43 1	69 1	75 1	62 1	58 1	71 1	41 1	29 1	76 1	89 1	26 1	37 1	55 1	36 1	83 1	63 1	8 1	18 1	19 1	77 1	7 1	84 1	40 1	0 1	39 1	87 1	86 1	30 1	42 1	82 1	35 1	65 1	57 1	27 1	85 1	59 1	21 1	34 1	64 1	9 1	23 1	10 1	80 1	46 1	33 1	1 1	28 1	44 1	60 1	68 1	47 1	2 1	3 1	17 1	78 1	53 1	50 1	45 1	61 1	79 1	5 1	81 1	51 1	15 1	32 1	38 1	52 1	66 1	72 1	88 1	22 1
31 1	44 1	26 1	58 1	65 1	83 1	15 1	20 1	77 1	32 1	74 1	85 1	70 1	69 1	14 1	36 1	49 1	41 1	56 1	52 1	23 1	28 1	19 1	54 1	51 1	84 1	72 1	12 1	55 1	87 1	71 1	68 1	27 1	2 1	45 1	76 1	8 1	48 1	47 1	11 1	34 1	33 1	38 1	22 1	25 1	3 1	43 1	78 1	6 1	21 1	86 1	40 1	63 1	24 1	67 1	16 1	80 1	9 1	0 1	35 1	66 1	39 1	59 1	37 1	57 1	29 1	61 1	75 1	5 1	60 1	62 1	50 1	64 1	88 1	30 1	10 1	79 1	81 1	73 1	7 1	4 1	1 1	82 1	13 1	18 1	46 1	89 1	17 1	42 1	53 1
46 1	53 1	50 1	88 1	20 1	58 1	71 1	44 1	16 1	11 1	48 1	33 1	84 1	45 1	40 1	36 1	31 1	23 1	62 1	39 1	7 1	52 1	42 1	81 1	17 1	38 1	70 1	51 1	19 1	24 1	86 1	74 1	60 1	89 1	73 1	68 1	34 1	1 1	87 1	35 1	18 1	82 1	28 1	65 1	14 1	10 1	75 1	25 1	49 1	37 1	76 1	6 1	27 1	29 1	3 1	5 1	8 1	85 1	55 1	21 1	4 1	56 1	78 1	15 1	69 1	32 1	64 1	80 1	54 1	67 1	59 1	26 1	43 1	22 1	63 1	41 1	9 1	83 1	61 1	2 1	79 1	13 1	57 1	66 1	47 1	72 1	30 1	0 1	12 1	77 1
53 1	54 1	26 1	21 1	65 1	79 1	76 1	58 1	37 1	33 1	27 1	43 1	7 1	38 1	40 1	64 1	83 1	20 1	67 1	23 1	68 1	61 1	14 1	56 1	9 1	85 1	55 1	42 1	1 1	36 1	29 1	18 1	45 1	30 1	4 1	6 1	82 1	77 1	48 1	15 1	2 1	88 1	8 1	84 1	31 1	34 1	81 1	73 1	47 1	87 1	44 1	46 1	22 1	5 1	86 1	74 1	39 1	28 1	78 1	60 1	50 1	10 1	16 1	25 1	24 1	63 1	89 1	35 1	72 1	19 1	80 1	13 1	71 1	0 1	59 1	69 1	12 1	49 1	62 1	66 1	57 1	32 1	52 1	41 1	75 1	3 1	11 1	51 1	70 1	17 1
15 1	69 1	5 1	70 1	25 1	85 1	54 1	81 1	32 1	61 1	49 1	68 1	71 1	12 1	10 1	53 1	23 1	11 1	6 1	56 1	83 1	75 1	48 1	46 1	35 1	65 1	8 1	30 1	64 1	76 1	26 1	82 1	40 1	1 1	17 1	27 1	59 1	52 1	33 1	88 1	31 1	62 1	9 1	80 1	41 1	16 1	72 1	87 1	55 1	44 1	89 1	79 1	13 1	74 1	14 1	63 1	3 1	20 1	39 1	4 1	60 1	51 1	37 1	2 1	34 1	38 1	78 1	42 1	28 1	47 1	73 1	50 1	0 1	86 1	57 1	19 1	21 1	84 1	18 1	29 1	45 1	66 1	22 1	36 1	24 1	58 1	7 1	43 1	67 1	77 1
1 1	30 1	73 1	29 1	22 1	49 1	4 1	14 1	76 1	51 1	26 1	77 1	55 1	75 1	36 1	46 1	79 1	35 1	17 1	34 1	40 1	70 1	39 1	32 1	83 1	10 1	6 1	3 1	71 1	0 1	27 1	67 1	61 1	13 1	9 1	33 1	47 1	20 1	85 1	2 1	65 1	23 1	38 1	19 1	37 1	7 1	81 1	41 1	78 1	24 1	86 1	43 1	58 1	72 1	12 1	68 1	64 1	11 1	48 1	52 1	80 1	44 1	63 1	42 1	45 1	18 1	59 1	15 1	56 1	5 1	84 1	53 1	60 1	69 1	21 1	82 1	57 1	88 1	28 1	16 1	89 1	50 1	25 1	8 1	74 1	66 1	31 1	62 1	87 1	54 1
27 1	45 1	15 1	51 1	4 1	35 1	52 1	21 1	56 1	68 1	75 1	59 1	67 1	73 1	10 1	43 1	71 1	1 1	83 1	87 1	81 1	13 1	80 1	24 1	30 1	14 1	49 1	11 1	40 1	26 1	3 1	88 1	63 1	32 1	47 1	77 1	29 1	58 1	18 1	5 1	31 1	69 1	61 1	6 1	46 1	9 1	85 1	37 1	42 1	33 1	84 1	39 1	41 1	82 1	0 1	74 1	50 1	66 1	8 1	62 1	34 1	7 1	23 1	48 1	78 1	2 1	20 1	19 1	86 1	55 1	53 1	28 1	22 1	76 1	25 1	57 1	72 1	54 1	70 1	36 1	17 1	64 1	12 1	44 1	65 1	16 1	38 1	60 1	79 1	89 1
31 1	70 1	81 1	33 1	7 1	62 1	56 1	3 1	77 1	72 1	41 1	29 1	79 1	73 1	44 1	18 1	34 1	22 1	37 1	60 1	68 1	40 1	25 1	45 1	12 1	47 1	8 1	50 1	46 1	16 1	63 1	86 1	65 1	75 1	17 1	35 1	11 1	52 1	1 1	49 1	78 1	85 1	19 1	21 1	84 1	42 1	2 1	69 1	6 1	58 1	26 1	88 1	64 1	74 1	23 1	67 1	9 1	39 1	32 1	83 1	4 1	76 1	36 1	0 1	28 1	14 1	66 1	53 1	57 1	15 1	48 1	80 1	59 1	55 1	30 1	87 1	24 1	20 1	89 1	54 1	51 1	71 1	27 1	13 1	38 1	61 1	5 1	82 1	43 1	10 1
52 1	85 1	82 1	21 1	77 1	42 1	62 1	4 1	33 1	88 1	75 1	87 1	73 1	53 1	81 1	89 1	31 1	28 1	83 1	3 1	22 1	45 1	7 1	57 1	29 1	76 1	32 1	63 1	59 1	44 1	19 1	15 1	68 1	9 1	8 1	17 1	26 1	16 1	27 1	5 1	12 1	34 1	54 1	49 1	71 1	79 1	55 1	66 1	48 1	40 1	43 1	23 1	60 1	20 1	36 1	80 1	46 1	25 1	69 1	86 1	38 1	41 1	18 1	37 1	65 1	24 1	39 1	2 1	58 1	50 1	84 1	51 1	30 1	13 1	72 1	64 1	78 1	67 1	47 1	70 1	10 1	74 1	0 1	11 1	6 1	14 1	35 1	61 1	1 1	56 1
3 1	39 1	13 1	53 1	23 1	20 1	67 1	48 1	58 1	47 1	6 1	71 1	64 1	30 1	77 1	69 1	76 1	49 1	15 1	83 1	14 1	44 1	89 1	22 1	12 1	62 1	41 1	1 1	25 1	33 1	4 1	34 1	35 1	32 1	24 1	43 1	37 1	82 1	46 1	70 1	29 1	51 1	50 1	8 1	66 1	9 1	80 1	75 1	78 1	72 1	65 1	81 1	10 1	86 1	74 1	85 1	28 1	16 1	2 1	27 1	42 1	63 1	18 1	40 1	87 1	73 1	26 1	31 1	54 1	17 1	60 1	5 1	38 1	57 1	45 1	0 1	7 1	56 1	79 1	61 1	19 1	84 1	55 1	52 1	59 1	11 1	21 1	68 1	88 1	36 1
6 1	62 1	4 1	26 1	22 1	75 1	55 1	40 1	42 1	49 1	59 1	83 1	80 1	79 1	9 1	88 1	82 1	84 1	37 1	12 1	70 1	60 1	68 1	24 1	63 1	30 1	85 1	41 1	61 1	8 1	23 1	81 1	35 1	54 1	78 1	5 1	7 1	56 1	66 1	69 1	50 1	1 1	13 1	45 1	36 1	58 1	72 1	47 1	53 1	44 1	34 1	27 1	15 1	65 1	29 1	21 1	20 1	38 1	57 1	89 1	0 1	25 1	86 1	74 1	39 1	10 1	32 1	71 1	28 1	64 1	33 1	19 1	43 1	87 1	14 1	73 1	76 1	3 1	67 1	17 1	31 1	16 1	52 1	2 1	18 1	77 1	11 1	46 1	51 1	48 1
77 1	85 1	63 1	61 1	65 1	88 1	25 1	86 1	38 1	64 1	62 1	52 1	19 1	31 1	80 1	55 1	56 1	0 1	67 1	59 1	44 1	81 1	71 1	37 1	84 1	18 1	4 1	46 1	13 1	87 1	66 1	57 1	69 1	3 1	36 1	49 1	26 1	28 1	83 1	42 1	29 1	7 1	48 1	16 1	53 1	40 1	24 1	70 1	79 1	75 1	17 1	23 1	32 1	68 1	33 1	74 1	58 1	60 1	1 1	50 1	2 1	22 1	78 1	9 1	76 1	11 1	8 1	51 1	21 1	35 1	10 1	27 1	15 1	30 1	45 1	12 1	72 1	14 1	73 1	41 1	34 1	82 1	43 1	89 1	6 1	39 1	54 1	5 1	47 1	20 1
61 1	87 1	67 1	56 1	2 1	18 1	14 1	88 1	69 1	63 1	15 1	65 1	16 1	76 1	23 1	75 1	47 1	86 1	13 1	42 1	25 1	17 1	8 1	79 1	36 1	66 1	22 1	5 1	83 1	33 1	40 1	50 1	68 1	80 1	81 1	45 1	62 1	55 1	24 1	78 1	74 1	48 1	11 1	77 1	29 1	32 1	89 1	12 1	44 1	0 1	10 1	9 1	20 1	43 1	30 1	31 1	6 1	53 1	35 1	60 1	37 1	71 1	3 1	84 1	57 1	28 1	41 1	52 1	59 1	27 1	70 1	21 1	73 1	64 1	7 1	51 1	39 1	38 1	49 1	82 1	1 1	19 1	34 1	4 1	85 1	26 1	46 1	58 1	54 1	72 1
8 1	75 1	48 1	70 1	46 1	4 1	36 1	0 1	79 1	45 1	27 1	37 1	62 1	58 1	69 1	41 1	19 1	26 1	55 1	47 1	39 1	3 1	89 1	72 1	13 1	63 1	52 1	51 1	35 1	44 1	10 1	17 1	31 1	29 1	38 1	65 1	71 1	86 1	43 1	32 1	76 1	11 1	21 1	14 1	40 1	22 1	16 1	81 1	42 1	1 1	9 1	64 1	83 1	56 1	28 1	77 1	34 1	59 1	87 1	57 1	73 1	6 1	23 1	5 1	85 1	74 1	60 1	67 1	54 1	20 1	66 1	18 1	2 1	50 1	78 1	25 1	24 1	88 1	84 1	7 1	80 1	82 1	33 1	15 1	61 1	68 1	49 1	12 1	53 1	30 1
30 1	77 1	75 1	79 1	83 1	49 1	41 1	22 1	13 1	68 1	63 1	82 1	55 1	57 1	53 1	18 1	36 1	42 1	17 1	43 1	59 1	48 1	39 1	44 1	31 1	80 1	7 1	14 1	0 1	26 1	76 1	74 1	40 1	9 1	58 1	54 1	16 1	64 1	45 1	1 1	69 1	89 1	47 1	61 1	85 1	34 1	11 1	2 1	37 1	6 1	52 1	56 1	19 1	87 1	25 1	62 1	24 1	66 1	65 1	35 1	84 1	8 1	32 1	81 1	70 1	3 1	23 1	50 1	28 1	60 1	33 1	67 1	15 1	86 1	27 1	4 1	88 1	46 1	5 1	10 1	73 1	72 1	51 1	29 1	20 1	12 1	38 1	71 1	78 1	21 1
8 1	2 1	35 1	25 1	58 1	10 1	37 1	50 1	62 1	82 1	11 1	28 1	13 1	77 1	41 1	79 1	66 1	78 1	40 1	52 1	42 1	48 1	29 1	49 1	87 1	88 1	15 1	23 1	17 1	14 1	0 1	26 1	36 1	89 1	34 1	76 1	70 1	3 1	33 1	16 1	55 1	9 1	56 1	72 1	51 1	83 1	30 1	63 1	12 1	86 1	61 1	81 1	27 1	59 1	4 1	84 1	43 1	65 1	60 1	20 1	53 1	80 1	38 1	46 1	71 1	31 1	74 1	44 1	57 1	21 1	22 1	18 1	67 1	1 1	39 1	45 1	24 1	47 1	64 1	6 1	32 1	7 1	54 1	73 1	5 1	19 1	85 1	69 1	75 1	68 1
15 1	24 1	69 1	55 1	6 1	28 1	50 1	39 1	0 1	21 1	53 1	11 1	58 1	76 1	44 1	89 1	45 1	10 1	3 1	74 1	27 1	12 1	41 1	88 1	61 1	34 1	30 1	79 1	51 1	65 1	59 1	35 1	17 1	9 1	60 1	82 1	84 1	56 1	5 1	14 1	54 1	71 1	66 1	31 1	25 1	72 1	67 1	68 1	18 1	38 1	86 1	23 1	29 1	20 1	37 1	52 1	64 1	77 1	73 1	47 1	70 1	80 1	13 1	46 1	49 1	43 1	16 1	85 1	75 1	7 1	42 1	8 1	26 1	19 1	78 1	32 1	62 1	33 1	4 1	87 1	83 1	63 1	81 1	57 1	48 1	2 1	1 1	40 1	36 1	22 1
5 1	25 1	73 1	36 1	7 1	35 1	15 1	52 1	62 1	26 1	8 1	4 1	55 1	87 1	83 1	79 1	21 1	0 1	65 1	3 1	53 1	64 1	20 1	1 1	47 1	75 1	60 1	72 1	49 1	48 1	37 1	40 1	17 1	54 1	9 1	45 1	12 1	69 1	78 1	42 1	27 1	76 1	34 1	86 1	11 1	58 1	70 1	68 1	59 1	84 1	63 1	66 1	88 1	14 1	85 1	46 1	24 1	39 1	13 1	71 1	32 1	6 1	22 1	2 1	43 1	77 1	38 1	56 1	67 1	19 1	23 1	51 1	57 1	16 1	61 1	30 1	81 1	33 1	80 1	28 1	31 1	41 1	89 1	74 1	10 1	29 1	44 1	82 1	50 1	18 1
29 1	25 1	34 1	18 1	65 1	71 1	76 1	32 1	80 1	75 1	81 1	58 1	77 1	16 1	54 1	3 1	44 1	6 1	39 1	68 1	13 1	21 1	17 1	56 1	73 1	37 1	62 1	11 1	64 1	10 1	28 1	26 1	57 1	35 1	70 1	15 1	88 1	0 1	5 1	12 1	42 1	8 1	63 1	83 1	43 1	59 1	82 1	14 1	22 1	4 1	48 1	46 1	40 1	38 1	49 1	67 1	61 1	85 1	47 1	23 1	2 1	84 1	78 1	69 1	66 1	87 1	50 1	30 1	27 1	45 1	19 1	52 1	1 1	55 1	86 1	7 1	9 1	24 1	60 1	53 1	51 1	41 1	72 1	79 1	36 1	89 1	31 1	74 1	33 1	20 1
61 1	30 1	69 1	31 1	6 1	57 1	51 1	89 1	85 1	77 1	58 1	34 1	59 1	39 1	36 1	7 1	49 1	35 1	9 1	12 1	26 1	47 1	60 1	21 1	73 1	46 1	4 1	71 1	78 1	28 1	54 1	19 1	38 1	25 1	44 1	67 1	3 1	82 1	37 1	66 1	65 1	68 1	2 1	42 1	17 1	74 1	84 1	20 1	50 1	52 1	63 1	40 1	15 1	33 1	53 1	16 1	32 1	22 1	10 1	72 1	45 1	55 1	11 1	18 1	43 1	8 1	64 1	76 1	56 1	0 1	23 1	75 1	80 1	81 1	13 1	1 1	14 1	29 1	79 1	48 1	27 1	88 1	70 1	86 1	41 1	83 1	62 1	87 1	24 1	5 1
7 1	38 1	33 1	0 1	53 1	51 1	11 1	41 1	37 1	66 1	25 1	6 1	35 1	77 1	8 1	65 1	88 1	24 1	43 1	59 1	26 1	39 1	9 1	85 1	58 1	29 1	28 1	56 1	75 1	62 1	70 1	86 1	10 1	84 1	80 1	5 1	32 1	36 1	34 1	31 1	30 1	1 1	69 1	76 1	79 1	27 1	78 1	74 1	21 1	44 1	87 1	50 1	12 1	14 1	64 1	89 1	22 1	72 1	63 1	19 1	48 1	55 1	18 1	45 1	49 1	83 1	60 1	73 1	54 1	23 1	82 1	46 1	13 1	67 1	3 1	4 1	47 1	20 1	52 1	61 1	68 1	40 1	71 1	42 1	2 1	15 1	57 1	16 1	17 1	81 1
6 1	85 1	73 1	18 1	59 1	67 1	82 1	15 1	12 1	64 1	45 1	54 1	78 1	22 1	40 1	29 1	19 1	53 1	30 1	27 1	31 1	68 1	26 1	65 1	63 1	8 1	84 1	66 1	39 1	28 1	49 1	81 1	23 1	3 1	71 1	87 1	44 1	20 1	10 1	74 1	9 1	80 1	0 1	43 1	7 1	52 1	38 1	89 1	83 1	61 1	79 1	1 1	4 1	56 1	33 1	62 1	72 1	17 1	55 1	58 1	42 1	46 1	25 1	57 1	2 1	13 1	69 1	60 1	14 1	35 1	11 1	70 1	86 1	77 1	47 1	41 1	88 1	36 1	5 1	21 1	75 1	24 1	51 1	32 1	16 1	48 1	34 1	76 1	50 1	37 1
24 1	61 1	13 1	44 1	79 1	11 1	14 1	72 1	89 1	67 1	65 1	76 1	74 1	45 1	82 1	51 1	42 1	84 1	17 1	53 1	57 1	2 1	60 1	70 1	59 1	56 1	50 1	25 1	10 1	66 1	33 1	22 1	6 1	26 1	83 1	36 1	77 1	20 1	7 1	18 1	49 1	55 1	19 1	29 1	43 1	88 1	34 1	87 1	21 1	40 1	30 1	81 1	86 1	63 1	15 1	32 1	80 1	38 1	52 1	23 1	64 1	75 1	41 1	85 1	73 1	58 1	39 1	62 1	0 1	46 1	1 1	47 1	16 1	5 1	78 1	69 1	12 1	4 1	37 1	48 1	31 1	28 1	3 1	71 1	27 1	9 1	35 1	68 1	8 1	54 1
22 1	37 1	65 1	59 1	39 1	45 1	81 1	30 1	9 1	57 1	84 1	77 1	15 1	43 1	8 1	82 1	34 1	51 1	83 1	17 1	0 1	27 1	70 1	62 1	19 1	47 1	72 1	29 1	75 1	54 1	1 1	88 1	85 1	4 1	24 1	73 1	87 1	55 1	16 1	5 1	89 1	6 1	44 1	68 1	7 1	36 1	20 1	42 1	28 1	25 1	79 1	14 1	35 1	78 1	61 1	71 1	23 1	3 1	26 1	10 1	60 1	33 1	41 1	67 1	48 1	74 1	2 1	52 1	86 1	58 1	63 1	32 1	49 1	80 1	53 1	13 1	64 1	21 1	66 1	50 1	12 1	11 1	31 1	18 1	38 1	56 1	76 1	46 1	69 1	40 1
8 1	0 1	17 1	1 1	10 1	52 1	73 1	57 1	72 1	58 1	37 1	86 1	64 1	46 1	45 1	70 1	21 1	5 1	28 1	66 1	12 1	69 1	48 1	50 1	35 1	7 1	75 1	47 1	65 1	83 1	15 1	26 1	82 1	24 1	88 1	40 1	44 1	16 1	51 1	2 1	76 1	14 1	60 1	78 1	3 1	80 1	32 1	53 1	81 1	9 1	59 1	29 1	71 1	33 1	4 1	77 1	23 1	56 1	74 1	89 1	39 1	31 1	62 1	79 1	42 1	25 1	84 1	87 1	18 1	61 1	41 1	85 1	67 1	49 1	13 1	68 1	11 1	54 1	27 1	38 1	30 1	19 1	36 1	63 1	22 1	20 1	34 1	55 1	6 1	43 1
56 1	64 1	9 1	52 1	39 1	38 1	30 1	10 1	51 1	74 1	25 1	62 1	69 1	67 1	12 1	66 1	70 1	5 1	84 1	89 1	16 1	77 1	87 1	41 1	6 1	81 1	15 1	79 1	23 1	14 1	85 1	59 1	31 1	71 1	88 1	61 1	32 1	1 1	35 1	48 1	40 1	83 1	43 1	4 1	36 1	53 1	55 1	44 1	54 1	78 1	17 1	37 1	11 1	73 1	49 1	46 1	86 1	82 1	24 1	22 1	72 1	34 1	2 1	29 1	45 1	3 1	42 1	26 1	47 1	8 1	13 1	0 1	57 1	18 1	65 1	75 1	50 1	19 1	7 1	58 1	21 1	68 1	27 1	76 1	33 1	28 1	80 1	60 1	63 1	20 1
20 1	78 1	16 1	40 1	58 1	12 1	6 1	18 1	7 1	23 1	2 1	29 1	89 1	4 1	52 1	80 1	25 1	51 1	21 1	28 1	38 1	68 1	1 1	57 1	36 1	84 1	43 1	82 1	19 1	45 1	31 1	54 1	64 1	71 1	86 1	9 1	5 1	33 1	44 1	77 1	88 1	85 1	22 1	65 1	17 1	75 1	37 1	72 1	66 1	50 1	74 1	60 1	48 1	30 1	27 1	59 1	83 1	32 1	0 1	14 1	41 1	55 1	15 1	26 1	49 1	11 1	53 1	73 1	70 1	56 1	10 1	34 1	39 1	61 1	62 1	69 1	8 1	42 1	79 1	81 1	46 1	47 1	3 1	24 1	35 1	87 1	76 1	63 1	13 1	67 1
76 1	32 1	1 1	87 1	73 1	49 1	71 1	56 1	21 1	51 1	24 1	33 1	64 1	31 1	67 1	72 1	65 1	18 1	19 1	79 1	83 1	30 1	78 1	77 1	41 1	14 1	9 1	74 1	75 1	38 1	62 1	16 1	81 1	36 1	88 1	50 1	54 1	17 1	61 1	22 1	42 1	11 1	85 1	20 1	57 1	44 1	46 1	3 1	7 1	13 1	80 1	0 1	40 1	84 1	23 1	59 1	89 1	45 1	55 1	69 1	68 1	43 1	5 1	35 1	4 1	53 1	8 1	39 1	86 1	26 1	66 1	25 1	15 1	6 1	12 1	28 1	48 1	52 1	2 1	70 1	34 1	60 1	58 1	27 1	82 1	47 1	29 1	63 1	10 1	37 1
7 1	37 1	17 1	22 1	50 1	1 1	34 1	28 1	76 1	51 1	54 1	5 1	16 1	43 1	0 1	31 1	20 1	12 1	74 1	75 1	53 1	56 1	57 1	87 1	36 1	89 1	46 1	41 1	40 1	49 1	77 1	23 1	86 1	85 1	15 1	59 1	64 1	82 1	8 1	18 1	25 1	71 1	14 1	2 1	79 1	48 1	27 1	69 1	11 1	3 1	68 1	10 1	47 1	26 1	39 1	83 1	78 1	81 1	33 1	66 1	9 1	70 1	32 1	35 1	19 1	6 1	45 1	61 1	30 1	80 1	44 1	72 1	73 1	62 1	55 1	29 1	84 1	63 1	13 1	58 1	24 1	67 1	4 1	60 1	88 1	42 1	21 1	52 1	38 1	65 1
74 1	16 1	37 1	6 1	32 1	86 1	54 1	39 1	52 1	60 1	56 1	81 1	71 1	19 1	11 1	5 1	23 1	12 1	48 1	25 1	82 1	13 1	84 1	4 1	83 1	41 1	69 1	28 1	18 1	34 1	78 1	29 1	89 1	45 1	65 1	50 1	77 1	67 1	62 1	66 1	75 1	73 1	20 1	46 1	68 1	30 1	76 1	64 1	63 1	36 1	70 1	15 1	24 1	43 1	58 1	31 1	49 1	10 1	87 1	35 1	8 1	61 1	27 1	7 1	53 1	0 1	14 1	1 1	17 1	26 1	72 1	79 1	38 1	3 1	47 1	22 1	42 1	44 1	80 1	55 1	21 1	88 1	57 1	2 1	59 1	9 1	33 1	40 1	85 1	51 1
71 1	38 1	55 1	34 1	33 1	60 1	46 1	31 1	56 1	51 1	16 1	50 1	25 1	37 1	9 1	36 1	45 1	57 1	78 1	62 1	3 1	10 1	69 1	52 1	64 1	32 1	86 1	14 1	6 1	41 1	53 1	12 1	47 1	59 1	35 1	85 1	81 1	8 1	87 1	21 1	2 1	5 1	23 1	40 1	11 1	26 1	54 1	63 1	13 1	48 1	82 1	88 1	17 1	30 1	20 1	75 1	61 1	74 1	1 1	28 1	0 1	4 1	43 1	39 1	42 1	65 1	89 1	67 1	83 1	77 1	58 1	80 1	44 1	49 1	70 1	66 1	76 1	84 1	7 1	19 1	79 1	27 1	73 1	22 1	72 1	68 1	29 1	24 1	15 1	18 1
57 1	33 1	24 1	2 1	49 1	52 1	75 1	72 1	82 1	11 1	32 1	12 1	46 1	27 1	38 1	5 1	23 1	13 1	50 1	20 1	39 1	42 1	59 1	29 1	76 1	1 1	8 1	83 1	66 1	64 1	17 1	62 1	40 1	69 1	36 1	60 1	22 1	89 1	88 1	7 1	45 1	44 1	43 1	80 1	73 1	18 1	65 1	10 1	37 1	61 1	84 1	79 1	19 1	25 1	87 1	15 1	56 1	78 1	31 1	9 1	34 1	35 1	0 1	86 1	3 1	55 1	53 1	48 1	26 1	30 1	47 1	16 1	77 1	4 1	70 1	6 1	68 1	58 1	67 1	21 1	41 1	54 1	85 1	74 1	51 1	63 1	81 1	71 1	28 1	14 1
39 1	83 1	35 1	69 1	81 1	33 1	21 1	13 1	24 1	53 1	87 1	48 1	57 1	47 1	76 1	11 1	52 1	28 1	10 1	59 1	15 1	31 1	14 1	7 1	66 1	17 1	60 1	1 1	58 1	19 1	22 1	77 1	67 1	86 1	40 1	63 1	42 1	45 1	44 1	84 1	16 1	23 1	6 1	43 1	32 1	9 1	12 1	8 1	30 1	65 1	5 1	74 1	46 1	71 1	88 1	73 1	25 1	4 1	72 1	29 1	75 1	51 1	18 1	38 1	34 1	70 1	54 1	82 1	78 1	26 1	55 1	3 1	56 1	2 1	27 1	20 1	68 1	89 1	0 1	85 1	41 1	36 1	37 1	62 1	80 1	64 1	50 1	79 1	49 1	61 1
54 1	41 1	24 1	78 1	60 1	42 1	82 1	69 1	80 1	48 1	14 1	63 1	36 1	13 1	39 1	32 1	31 1	85 1	23 1	77 1	68 1	50 1	45 1	76 1	67 1	20 1	30 1	46 1	55 1	5 1	74 1	58 1	28 1	27 1	33 1	22 1	71 1	17 1	52 1	25 1	7 1	15 1	3 1	34 1	75 1	12 1	8 1	88 1	0 1	18 1	73 1	44 1	21 1	81 1	53 1	49 1	87 1	37 1	2 1	62 1	57 1	26 1	1 1	43 1	70 1	86 1	89 1	84 1	72 1	56 1	79 1	51 1	19 1	40 1	83 1	65 1	66 1	35 1	11 1	29 1	61 1	38 1	9 1	59 1	16 1	4 1	64 1	10 1	47 1	6 1
36 1	46 1	29 1	75 1	35 1	48 1	3 1	1 1	25 1	28 1	55 1	56 1	88 1	71 1	16 1	15 1	0 1	50 1	79 1	2 1	58 1	18 1	34 1	49 1	66 1	19 1	23 1	87 1	76 1	9 1	32 1	11 1	40 1	24 1	83 1	68 1	85 1	73 1	7 1	62 1	12 1	51 1	86 1	44 1	5 1	4 1	65 1	72 1	53 1	8 1	82 1	63 1	6 1	43 1	26 1	59 1	13 1	45 1	57 1	84 1	27 1	78 1	42 1	81 1	14 1	67 1	37 1	80 1	31 1	41 1	20 1	22 1	52 1	60 1	70 1	39 1	47 1	77 1	30 1	21 1	17 1	69 1	54 1	89 1	64 1	10 1	38 1	33 1	61 1	74 1
4 1	74 1	28 1	53 1	23 1	86 1	67 1	60 1	0 1	1 1	20 1	52 1	55 1	26 1	48 1	73 1	71 1	68 1	64 1	7 1	35 1	54 1	58 1	13 1	11 1	30 1	42 1	88 1	46 1	79 1	83 1	33 1	76 1	69 1	32 1	61 1	75 1	85 1	3 1	84 1	57 1	6 1	38 1	66 1	89 1	21 1	29 1	82 1	36 1	87 1	77 1	14 1	59 1	15 1	40 1	12 1	72 1	9 1	5 1	70 1	81 1	43 1	17 1	41 1	45 1	19 1	47 1	24 1	18 1	49 1	10 1	31 1	39 1	37 1	22 1	44 1	63 1	2 1	27 1	78 1	16 1	80 1	51 1	25 1	62 1	56 1	50 1	8 1	34 1	65 1
78 1	11 1	5 1	84 1	76 1	60 1	2 1	30 1	85 1	44 1	53 1	69 1	40 1	13 1	27 1	18 1	71 1	4 1	35 1	52 1	21 1	29 1	56 1	68 1	47 1	20 1	57 1	80 1	70 1	46 1	66 1	31 1	1 1	77 1	33 1	58 1	73 1	88 1	16 1	15 1	86 1	50 1	26 1	12 1	54 1	19 1	83 1	6 1	65 1	72 1	23 1	3 1	62 1	45 1	74 1	63 1	79 1	10 1	17 1	32 1	22 1	48 1	25 1	41 1	61 1	8 1	0 1	64 1	36 1	43 1	87 1	42 1	55 1	7 1	75 1	34 1	14 1	49 1	28 1	37 1	89 1	24 1	59 1	67 1	39 1	82 1	38 1	81 1	9 1	51 1
13 1	89 1	4 1	85 1	77 1	72 1	7 1	47 1	64 1	15 1	22 1	63 1	45 1	2 1	23 1	10 1	8 1	86 1	34 1	69 1	57 1	84 1	41 1	56 1	43 1	16 1	70 1	83 1	17 1	50 1	26 1	3 1	29 1	30 1	71 1	44 1	62 1	88 1	66 1	60 1	27 1	75 1	42 1	79 1	48 1	76 1	58 1	18 1	32 1	14 1	40 1	80 1	35 1	73 1	31 1	61 1	49 1	78 1	82 1	54 1	81 1	52 1	11 1	65 1	59 1	39 1	51 1	28 1	25 1	74 1	0 1	67 1	24 1	33 1	6 1	37 1	12 1	9 1	87 1	46 1	68 1	36 1	53 1	21 1	19 1	38 1	5 1	20 1	1 1	55 1
43 1	45 1	54 1	13 1	22 1	24 1	60 1	36 1	19 1	15 1	12 1	52 1	72 1	80 1	70 1	57 1	68 1	64 1	17 1	4 1	86 1	42 1	81 1	39 1	35 1	73 1	89 1	29 1	83 1	18 1	2 1	8 1	59 1	62 1	28 1	77 1	71 1	48 1	31 1	5 1	44 1	16 1	51 1	30 1	21 1	27 1	65 1	84 1	25 1	66 1	49 1	1 1	34 1	11 1	55 1	61 1	76 1	46 1	33 1	47 1	6 1	3 1	0 1	38 1	88 1	14 1	78 1	56 1	7 1	63 1	74 1	41 1	32 1	20 1	79 1	40 1	53 1	9 1	26 1	50 1	10 1	75 1	58 1	69 1	37 1	85 1	67 1	87 1	23 1	82 1
49 1	61 1	17 1	25 1	22 1	88 1	53 1	82 1	47 1	87 1	9 1	1 1	28 1	79 1	5 1	39 1	36 1	71 1	57 1	75 1	3 1	26 1	73 1	23 1	48 1	89 1	84 1	29 1	21 1	20 1	80 1	59 1	51 1	44 1	4 1	34 1	69 1	10 1	31 1	43 1	27 1	50 1	33 1	60 1	86 1	83 1	67 1	37 1	35 1	78 1	12 1	65 1	76 1	85 1	16 1	77 1	81 1	42 1	62 1	19 1	13 1	54 1	14 1	64 1	63 1	66 1	68 1	30 1	70 1	58 1	24 1	46 1	52 1	0 1	6 1	7 1	18 1	32 1	38 1	2 1	55 1	8 1	15 1	45 1	40 1	41 1	74 1	56 1	11 1	72 1
4 1	81 1	89 1	10 1	78 1	73 1	38 1	45 1	76 1	28 1	19 1	24 1	83 1	15 1	61 1	65 1	41 1	0 1	59 1	66 1	25 1	34 1	6 1	39 1	22 1	62 1	60 1	54 1	36 1	43 1	51 1	3 1	53 1	32 1	47 1	88 1	20 1	82 1	26 1	55 1	50 1	35 1	27 1	52 1	31 1	14 1	13 1	58 1	71 1	84 1	11 1	79 1	7 1	44 1	16 1	48 1	42 1	12 1	56 1	77 1	70 1	29 1	86 1	23 1	1 1	18 1	64 1	9 1	40 1	80 1	74 1	67 1	33 1	8 1	21 1	63 1	17 1	85 1	68 1	37 1	57 1	72 1	69 1	49 1	5 1	2 1	75 1	87 1	30 1	46 1
81 1	3 1	38 1	14 1	6 1	85 1	89 1	46 1	50 1	56 1	80 1	87 1	9 1	22 1	74 1	37 1	76 1	11 1	35 1	0 1	48 1	2 1	17 1	24 1	33 1	7 1	1 1	79 1	49 1	78 1	61 1	36 1	51 1	32 1	82 1	44 1	34 1	13 1	30 1	23 1	42 1	39 1	66 1	71 1	16 1	88 1	68 1	64 1	73 1	65 1	72 1	5 1	27 1	45 1	53 1	12 1	84 1	86 1	40 1	58 1	47 1	43 1	62 1	26 1	59 1	70 1	20 1	29 1	75 1	8 1	21 1	19 1	41 1	63 1	25 1	28 1	4 1	60 1	15 1	69 1	10 1	83 1	18 1	77 1	52 1	31 1	67 1	55 1	57 1	54 1
14 1	54 1	7 1	38 1	76 1	77 1	6 1	42 1	35 1	89 1	80 1	12 1	81 1	78 1	2 1	16 1	24 1	68 1	61 1	64 1	50 1	82 1	45 1	31 1	19 1	56 1	23 1	40 1	22 1	83 1	1 1	67 1	52 1	60 1	5 1	51 1	3 1	57 1	55 1	88 1	17 1	11 1	85 1	13 1	27 1	62 1	72 1	41 1	71 1	74 1	84 1	86 1	10 1	46 1	25 1	73 1	20 1	79 1	0 1	87 1	18 1	30 1	59 1	43 1	36 1	70 1	26 1	69 1	53 1	65 1	4 1	49 1	8 1	28 1	33 1	47 1	44 1	9 1	15 1	32 1	75 1	39 1	34 1	29 1	21 1	66 1	48 1	58 1	63 1	37 1
