30	60
45 1	57 1	21 1	31 1	51 1	8 1	28 1	41 1	47 1	53 1	30 1	35 1	29 1	34 1	50 1	40 1	22 1	44 1	24 1	27 1	5 1	25 1	33 1	54 1	38 1	1 1	15 1	4 1	7 1	20 1	56 1	58 1	3 1	37 1	43 1	36 1	32 1	55 1	9 1	10 1	26 1	52 1	46 1	14 1	0 1	18 1	6 1	42 1	17 1	13 1	12 1	11 1	49 1	19 1	2 1	59 1	39 1	48 1	16 1	23 1
19 1	22 1	13 1	44 1	26 1	7 1	31 1	57 1	2 1	28 1	21 1	56 1	54 1	30 1	33 1	32 1	17 1	4 1	16 1	25 1	51 1	29 1	8 1	1 1	39 1	58 1	10 1	35 1	52 1	48 1	14 1	20 1	34 1	3 1	12 1	36 1	37 1	18 1	59 1	0 1	5 1	40 1	6 1	55 1	38 1	46 1	43 1	27 1	41 1	49 1	23 1	47 1	53 1	50 1	45 1	15 1	9 1	11 1	42 1	24 1
34 1	22 1	8 1	5 1	54 1	37 1	23 1	46 1	31 1	50 1	36 1	47 1	29 1	53 1	14 1	51 1	33 1	17 1	49 1	16 1	35 1	41 1	9 1	13 1	25 1	4 1	55 1	21 1	15 1	26 1	0 1	12 1	19 1	43 1	1 1	48 1	52 1	30 1	28 1	6 1	39 1	3 1	32 1	58 1	7 1	45 1	11 1	56 1	2 1	18 1	42 1	24 1	57 1	27 1	59 1	40 1	38 1	44 1	20 1	10 1
41 1	28 1	27 1	8 1	50 1	40 1	37 1	10 1	14 1	15 1	1 1	11 1	30 1	56 1	57 1	33 1	25 1	39 1	9 1	35 1	13 1	49 1	45 1	24 1	46 1	44 1	55 1	51 1	42 1	31 1	48 1	2 1	21 1	34 1	12 1	5 1	19 1	16 1	59 1	29 1	43 1	36 1	3 1	0 1	32 1	54 1	53 1	26 1	38 1	6 1	7 1	20 1	23 1	18 1	22 1	17 1	47 1	58 1	4 1	52 1
2 1	40 1	30 1	8 1	37 1	10 1	22 1	26 1	17 1	18 1	20 1	19 1	5 1	57 1	50 1	53 1	51 1	21 1	48 1	29 1	33 1	52 1	38 1	36 1	9 1	43 1	24 1	1 1	35 1	25 1	0 1	56 1	42 1	54 1	34 1	16 1	23 1	41 1	27 1	28 1	14 1	44 1	39 1	59 1	11 1	7 1	31 1	45 1	12 1	13 1	55 1	46 1	49 1	4 1	6 1	58 1	47 1	32 1	15 1	3 1
55 1	42 1	7 1	17 1	44 1	28 1	5 1	52 1	54 1	18 1	47 1	35 1	15 1	13 1	56 1	30 1	40 1	37 1	3 1	6 1	4 1	32 1	1 1	48 1	0 1	31 1	22 1	36 1	33 1	16 1	53 1	23 1	58 1	9 1	21 1	25 1	12 1	38 1	46 1	29 1	19 1	45 1	43 1	11 1	59 1	39 1	57 1	14 1	8 1	41 1	20 1	50 1	26 1	34 1	27 1	51 1	10 1	2 1	49 1	24 1
28 1	12 1	45 1	18 1	19 1	33 1	29 1	41 1	26 1	40 1	32 1	5 1	22 1	4 1	30 1	50 1	21 1	11 1	42 1	27 1	51 1	3 1	57 1	6 1	46 1	37 1	7 1	0 1	24 1	53 1	34 1	16 1	49 1	52 1	56 1	58 1	8 1	47 1	55 1	15 1	54 1	25 1	23 1	31 1	9 1	20 1	2 1	38 1	17 1	44 1	35 1	39 1	10 1	1 1	48 1	36 1	43 1	59 1	14 1	13 1
14 1	57 1	39 1	6 1	22 1	8 1	56 1	25 1	52 1	0 1	54 1	48 1	12 1	30 1	17 1	29 1	26 1	18 1	1 1	42 1	35 1	41 1	20 1	45 1	38 1	40 1	16 1	34 1	36 1	11 1	7 1	2 1	5 1	49 1	32 1	23 1	46 1	47 1	13 1	9 1	55 1	43 1	19 1	28 1	51 1	58 1	4 1	33 1	15 1	59 1	31 1	3 1	21 1	24 1	44 1	53 1	27 1	50 1	37 1	10 1
50 1	40 1	33 1	21 1	26 1	5 1	58 1	31 1	6 1	3 1	48 1	46 1	28 1	35 1	19 1	8 1	52 1	37 1	57 1	29 1	56 1	59 1	4 1	17 1	36 1	15 1	44 1	27 1	47 1	30 1	0 1	1 1	18 1	23 1	10 1	12 1	53 1	24 1	55 1	54 1	7 1	20 1	43 1	34 1	39 1	11 1	49 1	42 1	25 1	45 1	14 1	22 1	32 1	16 1	38 1	13 1	41 1	51 1	9 1	2 1
12 1	49 1	37 1	28 1	36 1	45 1	42 1	46 1	4 1	56 1	16 1	29 1	41 1	39 1	5 1	40 1	35 1	25 1	38 1	3 1	53 1	22 1	14 1	27 1	43 1	8 1	59 1	33 1	18 1	23 1	32 1	19 1	26 1	31 1	15 1	51 1	54 1	48 1	47 1	55 1	24 1	17 1	50 1	30 1	6 1	7 1	1 1	2 1	11 1	52 1	0 1	57 1	34 1	20 1	21 1	9 1	13 1	58 1	44 1	10 1
49 1	29 1	4 1	10 1	38 1	35 1	48 1	9 1	6 1	0 1	21 1	18 1	43 1	2 1	40 1	12 1	42 1	3 1	11 1	54 1	51 1	23 1	13 1	7 1	34 1	1 1	36 1	19 1	24 1	45 1	55 1	17 1	22 1	16 1	37 1	47 1	14 1	28 1	59 1	53 1	39 1	20 1	56 1	44 1	32 1	25 1	41 1	26 1	58 1	57 1	27 1	30 1	8 1	15 1	46 1	52 1	50 1	31 1	5 1	33 1
34 1	21 1	23 1	38 1	10 1	9 1	35 1	53 1	32 1	56 1	27 1	8 1	11 1	55 1	16 1	59 1	39 1	44 1	36 1	52 1	58 1	7 1	1 1	20 1	17 1	46 1	48 1	15 1	41 1	3 1	19 1	14 1	37 1	49 1	29 1	6 1	25 1	12 1	47 1	26 1	54 1	28 1	18 1	50 1	40 1	5 1	31 1	42 1	45 1	51 1	13 1	2 1	4 1	22 1	57 1	43 1	30 1	33 1	24 1	0 1
58 1	41 1	33 1	34 1	5 1	13 1	55 1	12 1	9 1	16 1	17 1	30 1	2 1	28 1	40 1	39 1	19 1	7 1	53 1	47 1	3 1	49 1	52 1	36 1	32 1	0 1	54 1	20 1	14 1	4 1	23 1	45 1	59 1	11 1	26 1	38 1	44 1	56 1	37 1	18 1	29 1	27 1	46 1	10 1	24 1	15 1	21 1	42 1	8 1	25 1	43 1	51 1	22 1	35 1	1 1	6 1	48 1	57 1	31 1	50 1
49 1	44 1	57 1	21 1	0 1	20 1	36 1	23 1	2 1	11 1	43 1	47 1	31 1	45 1	4 1	7 1	12 1	50 1	38 1	37 1	3 1	27 1	9 1	33 1	6 1	22 1	16 1	30 1	24 1	10 1	28 1	32 1	46 1	19 1	25 1	41 1	51 1	56 1	59 1	40 1	42 1	26 1	5 1	52 1	18 1	15 1	35 1	34 1	1 1	17 1	58 1	14 1	29 1	13 1	48 1	8 1	39 1	53 1	55 1	54 1
25 1	58 1	43 1	30 1	8 1	12 1	55 1	52 1	49 1	0 1	53 1	34 1	17 1	13 1	36 1	24 1	11 1	38 1	57 1	4 1	10 1	28 1	45 1	37 1	23 1	14 1	5 1	19 1	26 1	31 1	59 1	44 1	20 1	6 1	46 1	41 1	16 1	32 1	15 1	40 1	54 1	50 1	3 1	51 1	1 1	27 1	9 1	22 1	42 1	21 1	2 1	18 1	48 1	47 1	33 1	39 1	56 1	29 1	7 1	35 1
52 1	6 1	33 1	50 1	8 1	54 1	26 1	9 1	55 1	42 1	53 1	47 1	24 1	5 1	0 1	58 1	23 1	27 1	19 1	37 1	32 1	3 1	1 1	44 1	16 1	15 1	45 1	13 1	43 1	18 1	48 1	2 1	25 1	41 1	57 1	7 1	35 1	30 1	56 1	51 1	49 1	38 1	10 1	46 1	21 1	22 1	59 1	4 1	14 1	17 1	28 1	11 1	34 1	12 1	29 1	40 1	20 1	39 1	36 1	31 1
42 1	30 1	56 1	23 1	51 1	52 1	47 1	59 1	33 1	22 1	57 1	3 1	46 1	28 1	43 1	6 1	8 1	15 1	38 1	48 1	29 1	49 1	45 1	40 1	34 1	12 1	17 1	11 1	9 1	4 1	1 1	5 1	18 1	37 1	41 1	16 1	27 1	0 1	26 1	7 1	53 1	21 1	54 1	58 1	13 1	35 1	39 1	10 1	14 1	25 1	50 1	31 1	55 1	36 1	24 1	20 1	2 1	32 1	44 1	19 1
51 1	18 1	42 1	37 1	6 1	29 1	28 1	46 1	49 1	5 1	44 1	13 1	41 1	1 1	55 1	27 1	4 1	3 1	56 1	26 1	32 1	19 1	24 1	39 1	53 1	15 1	10 1	31 1	9 1	50 1	14 1	43 1	45 1	52 1	36 1	7 1	16 1	33 1	21 1	22 1	17 1	20 1	11 1	12 1	47 1	57 1	40 1	23 1	35 1	25 1	0 1	8 1	48 1	54 1	2 1	38 1	59 1	34 1	30 1	58 1
5 1	11 1	50 1	15 1	26 1	33 1	4 1	58 1	2 1	25 1	59 1	0 1	48 1	19 1	20 1	45 1	16 1	23 1	6 1	41 1	37 1	43 1	35 1	14 1	8 1	31 1	17 1	18 1	9 1	13 1	54 1	40 1	3 1	52 1	36 1	27 1	34 1	38 1	12 1	7 1	21 1	53 1	51 1	46 1	1 1	57 1	24 1	47 1	39 1	22 1	32 1	28 1	29 1	56 1	10 1	49 1	44 1	55 1	42 1	30 1
38 1	43 1	3 1	25 1	59 1	11 1	24 1	2 1	29 1	50 1	46 1	21 1	47 1	15 1	22 1	6 1	35 1	49 1	58 1	40 1	41 1	45 1	36 1	20 1	39 1	13 1	53 1	52 1	44 1	9 1	7 1	17 1	23 1	55 1	5 1	16 1	54 1	30 1	27 1	34 1	57 1	48 1	33 1	19 1	28 1	0 1	42 1	4 1	8 1	10 1	12 1	18 1	51 1	31 1	1 1	56 1	26 1	37 1	14 1	32 1
26 1	28 1	45 1	27 1	24 1	1 1	39 1	18 1	58 1	53 1	42 1	19 1	13 1	55 1	21 1	25 1	20 1	8 1	44 1	23 1	49 1	32 1	22 1	17 1	54 1	43 1	10 1	48 1	6 1	7 1	56 1	47 1	9 1	35 1	38 1	36 1	0 1	16 1	37 1	30 1	33 1	34 1	52 1	11 1	40 1	3 1	59 1	14 1	51 1	5 1	31 1	2 1	12 1	50 1	57 1	15 1	4 1	41 1	46 1	29 1
31 1	15 1	52 1	41 1	46 1	36 1	12 1	28 1	26 1	25 1	20 1	5 1	23 1	35 1	37 1	56 1	45 1	17 1	8 1	27 1	22 1	13 1	14 1	47 1	7 1	3 1	10 1	1 1	33 1	51 1	59 1	57 1	58 1	18 1	34 1	21 1	4 1	32 1	19 1	6 1	44 1	55 1	9 1	2 1	53 1	40 1	16 1	30 1	48 1	38 1	39 1	24 1	0 1	29 1	54 1	11 1	49 1	43 1	42 1	50 1
16 1	45 1	8 1	3 1	24 1	30 1	18 1	51 1	35 1	27 1	15 1	41 1	25 1	49 1	50 1	29 1	32 1	58 1	13 1	57 1	14 1	54 1	9 1	33 1	10 1	52 1	47 1	34 1	55 1	42 1	17 1	38 1	37 1	5 1	31 1	4 1	59 1	48 1	2 1	36 1	7 1	56 1	46 1	11 1	40 1	26 1	23 1	53 1	43 1	0 1	1 1	20 1	28 1	12 1	19 1	6 1	22 1	21 1	44 1	39 1
5 1	33 1	7 1	8 1	14 1	43 1	46 1	31 1	45 1	42 1	32 1	41 1	28 1	12 1	9 1	2 1	27 1	52 1	22 1	0 1	55 1	4 1	39 1	47 1	25 1	58 1	11 1	34 1	17 1	18 1	50 1	35 1	3 1	48 1	23 1	37 1	44 1	56 1	59 1	26 1	21 1	1 1	16 1	36 1	29 1	10 1	13 1	53 1	20 1	24 1	57 1	38 1	15 1	49 1	54 1	19 1	51 1	40 1	30 1	6 1
31 1	50 1	5 1	8 1	21 1	6 1	33 1	7 1	12 1	1 1	42 1	35 1	25 1	54 1	48 1	52 1	16 1	55 1	46 1	39 1	38 1	30 1	23 1	0 1	40 1	9 1	57 1	32 1	44 1	14 1	10 1	34 1	36 1	59 1	24 1	17 1	37 1	4 1	45 1	18 1	11 1	15 1	22 1	26 1	51 1	19 1	27 1	47 1	56 1	43 1	20 1	58 1	29 1	2 1	28 1	3 1	13 1	49 1	41 1	53 1
47 1	55 1	52 1	43 1	32 1	37 1	57 1	30 1	22 1	56 1	27 1	38 1	11 1	44 1	21 1	45 1	0 1	17 1	20 1	48 1	51 1	54 1	10 1	12 1	16 1	9 1	2 1	34 1	25 1	13 1	8 1	59 1	24 1	49 1	29 1	18 1	6 1	40 1	28 1	5 1	4 1	53 1	42 1	50 1	19 1	7 1	3 1	35 1	23 1	36 1	26 1	58 1	41 1	33 1	46 1	15 1	31 1	14 1	1 1	39 1
40 1	29 1	13 1	37 1	15 1	43 1	36 1	4 1	6 1	25 1	27 1	54 1	55 1	39 1	51 1	46 1	24 1	47 1	35 1	28 1	53 1	16 1	5 1	31 1	26 1	33 1	19 1	38 1	59 1	52 1	48 1	8 1	3 1	9 1	58 1	32 1	20 1	18 1	0 1	22 1	57 1	49 1	10 1	23 1	17 1	45 1	41 1	56 1	11 1	44 1	14 1	21 1	42 1	7 1	34 1	1 1	50 1	30 1	2 1	12 1
7 1	14 1	23 1	43 1	33 1	42 1	11 1	8 1	5 1	3 1	27 1	4 1	26 1	38 1	32 1	20 1	10 1	52 1	55 1	39 1	51 1	46 1	17 1	24 1	35 1	36 1	59 1	31 1	19 1	45 1	29 1	30 1	54 1	49 1	50 1	28 1	48 1	22 1	13 1	25 1	9 1	12 1	6 1	44 1	34 1	1 1	58 1	40 1	57 1	21 1	15 1	56 1	53 1	18 1	37 1	0 1	16 1	41 1	47 1	2 1
2 1	47 1	18 1	58 1	32 1	17 1	4 1	31 1	21 1	38 1	57 1	0 1	53 1	24 1	41 1	28 1	22 1	13 1	48 1	46 1	9 1	5 1	10 1	14 1	35 1	43 1	8 1	37 1	34 1	56 1	23 1	30 1	36 1	16 1	3 1	6 1	45 1	42 1	20 1	52 1	26 1	40 1	1 1	7 1	49 1	19 1	15 1	54 1	33 1	27 1	50 1	44 1	55 1	29 1	39 1	12 1	59 1	51 1	25 1	11 1
33 1	10 1	22 1	5 1	50 1	21 1	1 1	11 1	55 1	52 1	59 1	34 1	36 1	58 1	46 1	47 1	0 1	17 1	39 1	25 1	27 1	40 1	26 1	56 1	38 1	4 1	43 1	9 1	12 1	30 1	44 1	42 1	20 1	45 1	18 1	8 1	19 1	6 1	49 1	51 1	31 1	23 1	57 1	14 1	7 1	2 1	16 1	24 1	32 1	29 1	35 1	3 1	28 1	13 1	41 1	48 1	53 1	37 1	54 1	15 1
