30	100
21 1	37 1	83 1	68 1	12 1	58 1	46 1	97 1	6 1	81 1	5 1	42 1	22 1	94 1	30 1	16 1	72 1	74 1	24 1	59 1	35 1	15 1	63 1	43 1	29 1	86 1	26 1	89 1	79 1	1 1	84 1	13 1	76 1	73 1	0 1	93 1	8 1	38 1	88 1	71 1	65 1	23 1	34 1	78 1	40 1	96 1	70 1	28 1	85 1	57 1	19 1	51 1	69 1	49 1	54 1	3 1	45 1	98 1	91 1	56 1	27 1	95 1	17 1	99 1	60 1	39 1	82 1	80 1	61 1	4 1	9 1	52 1	55 1	20 1	10 1	33 1	11 1	32 1	75 1	53 1	64 1	44 1	62 1	18 1	2 1	87 1	77 1	31 1	66 1	92 1	50 1	36 1	25 1	7 1	47 1	41 1	48 1	67 1	90 1	14 1
18 1	3 1	98 1	51 1	22 1	5 1	72 1	21 1	6 1	91 1	94 1	52 1	57 1	14 1	82 1	34 1	73 1	15 1	67 1	95 1	62 1	54 1	0 1	28 1	10 1	12 1	49 1	90 1	58 1	37 1	27 1	81 1	30 1	96 1	46 1	70 1	61 1	63 1	13 1	41 1	69 1	38 1	97 1	93 1	19 1	11 1	76 1	24 1	64 1	32 1	36 1	83 1	53 1	71 1	78 1	45 1	74 1	86 1	2 1	66 1	43 1	92 1	8 1	42 1	84 1	47 1	26 1	99 1	56 1	23 1	25 1	68 1	55 1	80 1	35 1	16 1	59 1	87 1	89 1	9 1	4 1	60 1	17 1	20 1	85 1	44 1	65 1	29 1	75 1	39 1	50 1	40 1	88 1	31 1	1 1	33 1	77 1	7 1	79 1	48 1
36 1	31 1	76 1	55 1	48 1	67 1	33 1	89 1	87 1	57 1	38 1	88 1	46 1	14 1	84 1	37 1	58 1	80 1	26 1	61 1	99 1	79 1	11 1	85 1	2 1	81 1	3 1	75 1	53 1	62 1	96 1	41 1	77 1	73 1	13 1	17 1	94 1	97 1	16 1	50 1	8 1	49 1	5 1	22 1	47 1	60 1	7 1	65 1	91 1	40 1	44 1	34 1	63 1	51 1	64 1	42 1	72 1	70 1	56 1	21 1	71 1	6 1	9 1	15 1	10 1	35 1	82 1	1 1	43 1	98 1	69 1	39 1	52 1	0 1	4 1	23 1	59 1	18 1	32 1	95 1	19 1	93 1	24 1	68 1	45 1	83 1	12 1	86 1	27 1	30 1	66 1	20 1	28 1	90 1	74 1	92 1	29 1	54 1	78 1	25 1
65 1	66 1	71 1	62 1	17 1	34 1	49 1	6 1	55 1	32 1	10 1	3 1	94 1	14 1	39 1	1 1	84 1	87 1	83 1	81 1	29 1	73 1	33 1	70 1	22 1	67 1	63 1	85 1	76 1	59 1	98 1	78 1	9 1	47 1	97 1	95 1	58 1	26 1	56 1	50 1	38 1	31 1	19 1	18 1	48 1	8 1	54 1	42 1	93 1	86 1	21 1	96 1	12 1	36 1	99 1	37 1	61 1	43 1	82 1	25 1	46 1	64 1	79 1	15 1	68 1	41 1	16 1	69 1	4 1	89 1	28 1	13 1	11 1	23 1	75 1	20 1	90 1	7 1	88 1	2 1	72 1	51 1	91 1	52 1	35 1	60 1	27 1	30 1	74 1	24 1	53 1	5 1	92 1	57 1	80 1	0 1	44 1	45 1	40 1	77 1
89 1	0 1	92 1	52 1	51 1	71 1	93 1	5 1	19 1	68 1	66 1	79 1	42 1	65 1	4 1	60 1	80 1	23 1	41 1	13 1	86 1	9 1	74 1	29 1	75 1	83 1	22 1	59 1	39 1	30 1	67 1	32 1	73 1	17 1	46 1	3 1	40 1	88 1	94 1	47 1	97 1	56 1	45 1	38 1	12 1	27 1	16 1	8 1	48 1	1 1	90 1	36 1	98 1	14 1	49 1	91 1	99 1	77 1	15 1	21 1	33 1	10 1	58 1	20 1	7 1	61 1	82 1	64 1	76 1	70 1	95 1	35 1	18 1	50 1	34 1	55 1	28 1	72 1	26 1	81 1	43 1	2 1	6 1	31 1	62 1	11 1	78 1	84 1	54 1	44 1	37 1	85 1	87 1	24 1	63 1	57 1	96 1	53 1	25 1	69 1
44 1	76 1	81 1	47 1	0 1	10 1	1 1	90 1	26 1	85 1	37 1	52 1	63 1	91 1	77 1	17 1	7 1	71 1	93 1	2 1	3 1	6 1	50 1	46 1	23 1	61 1	38 1	14 1	83 1	89 1	35 1	78 1	41 1	27 1	22 1	5 1	97 1	8 1	42 1	87 1	56 1	4 1	12 1	65 1	16 1	59 1	75 1	74 1	69 1	45 1	57 1	18 1	66 1	95 1	80 1	99 1	79 1	11 1	88 1	43 1	92 1	40 1	72 1	34 1	62 1	48 1	20 1	94 1	73 1	86 1	96 1	98 1	53 1	29 1	31 1	25 1	32 1	55 1	58 1	60 1	21 1	84 1	36 1	68 1	24 1	39 1	9 1	64 1	67 1	51 1	28 1	33 1	82 1	54 1	19 1	70 1	13 1	15 1	49 1	30 1
89 1	76 1	90 1	28 1	69 1	62 1	64 1	67 1	19 1	32 1	35 1	15 1	85 1	50 1	91 1	61 1	52 1	22 1	18 1	41 1	39 1	37 1	31 1	46 1	65 1	25 1	43 1	5 1	11 1	44 1	71 1	94 1	27 1	9 1	81 1	36 1	7 1	30 1	21 1	97 1	80 1	56 1	8 1	40 1	60 1	93 1	16 1	24 1	87 1	38 1	45 1	34 1	20 1	29 1	78 1	84 1	47 1	63 1	6 1	66 1	0 1	70 1	17 1	48 1	3 1	79 1	59 1	58 1	77 1	12 1	10 1	54 1	57 1	4 1	53 1	51 1	72 1	82 1	98 1	88 1	74 1	75 1	83 1	99 1	95 1	26 1	86 1	1 1	33 1	73 1	42 1	49 1	14 1	2 1	13 1	96 1	68 1	23 1	55 1	92 1
85 1	37 1	18 1	44 1	5 1	77 1	86 1	90 1	6 1	49 1	88 1	91 1	39 1	81 1	87 1	98 1	79 1	19 1	32 1	24 1	47 1	82 1	66 1	42 1	72 1	67 1	83 1	58 1	62 1	50 1	76 1	13 1	99 1	11 1	80 1	15 1	23 1	89 1	61 1	70 1	95 1	38 1	74 1	46 1	22 1	16 1	21 1	4 1	73 1	20 1	92 1	3 1	71 1	57 1	59 1	51 1	54 1	9 1	64 1	97 1	35 1	8 1	55 1	65 1	0 1	45 1	31 1	60 1	41 1	34 1	33 1	17 1	28 1	2 1	26 1	10 1	40 1	25 1	75 1	69 1	43 1	27 1	29 1	94 1	56 1	48 1	63 1	7 1	96 1	68 1	53 1	84 1	36 1	1 1	14 1	93 1	30 1	52 1	12 1	78 1
11 1	18 1	99 1	9 1	29 1	71 1	34 1	97 1	50 1	77 1	45 1	46 1	42 1	35 1	91 1	52 1	57 1	84 1	13 1	8 1	75 1	31 1	70 1	67 1	33 1	47 1	39 1	64 1	89 1	49 1	65 1	62 1	20 1	4 1	21 1	74 1	1 1	19 1	5 1	51 1	16 1	69 1	24 1	14 1	41 1	30 1	32 1	6 1	80 1	83 1	61 1	54 1	40 1	53 1	26 1	86 1	92 1	63 1	73 1	94 1	79 1	76 1	58 1	68 1	93 1	25 1	98 1	48 1	60 1	66 1	15 1	10 1	28 1	88 1	23 1	56 1	27 1	87 1	43 1	81 1	17 1	90 1	12 1	78 1	85 1	72 1	95 1	2 1	96 1	3 1	36 1	55 1	22 1	7 1	82 1	37 1	44 1	0 1	38 1	59 1
69 1	20 1	15 1	0 1	86 1	35 1	78 1	93 1	10 1	94 1	67 1	44 1	12 1	22 1	97 1	77 1	65 1	49 1	14 1	39 1	68 1	4 1	42 1	21 1	85 1	6 1	1 1	76 1	40 1	92 1	3 1	84 1	2 1	52 1	27 1	28 1	53 1	5 1	36 1	80 1	19 1	89 1	82 1	87 1	61 1	7 1	45 1	34 1	32 1	81 1	83 1	13 1	41 1	71 1	62 1	37 1	59 1	90 1	18 1	16 1	70 1	29 1	72 1	57 1	51 1	60 1	56 1	26 1	50 1	38 1	24 1	91 1	33 1	58 1	23 1	66 1	96 1	8 1	98 1	48 1	55 1	73 1	31 1	74 1	43 1	11 1	63 1	9 1	46 1	54 1	47 1	25 1	17 1	95 1	30 1	79 1	88 1	64 1	99 1	75 1
69 1	23 1	76 1	44 1	61 1	22 1	87 1	43 1	29 1	6 1	82 1	52 1	56 1	71 1	66 1	65 1	48 1	31 1	17 1	30 1	12 1	60 1	46 1	81 1	64 1	18 1	90 1	96 1	53 1	40 1	24 1	34 1	41 1	50 1	92 1	75 1	3 1	8 1	25 1	74 1	32 1	37 1	42 1	86 1	89 1	28 1	0 1	2 1	39 1	88 1	58 1	14 1	16 1	19 1	84 1	99 1	83 1	68 1	79 1	36 1	62 1	1 1	38 1	51 1	77 1	54 1	97 1	35 1	26 1	33 1	72 1	13 1	10 1	59 1	11 1	63 1	93 1	67 1	85 1	78 1	20 1	7 1	70 1	57 1	4 1	15 1	21 1	47 1	91 1	27 1	95 1	5 1	94 1	9 1	98 1	73 1	49 1	55 1	80 1	45 1
4 1	76 1	19 1	52 1	1 1	54 1	72 1	33 1	68 1	87 1	58 1	28 1	17 1	94 1	31 1	77 1	62 1	9 1	80 1	24 1	84 1	15 1	98 1	50 1	3 1	91 1	45 1	86 1	96 1	26 1	39 1	51 1	88 1	23 1	81 1	10 1	70 1	67 1	5 1	43 1	83 1	64 1	40 1	34 1	29 1	36 1	49 1	14 1	85 1	95 1	73 1	27 1	66 1	97 1	46 1	82 1	89 1	92 1	12 1	6 1	78 1	41 1	57 1	37 1	32 1	69 1	90 1	11 1	61 1	60 1	20 1	0 1	44 1	47 1	65 1	79 1	56 1	18 1	38 1	21 1	25 1	75 1	53 1	59 1	16 1	30 1	2 1	55 1	99 1	35 1	74 1	42 1	22 1	71 1	13 1	7 1	48 1	8 1	93 1	63 1
63 1	64 1	11 1	38 1	7 1	1 1	16 1	68 1	88 1	32 1	74 1	10 1	44 1	50 1	20 1	81 1	77 1	58 1	22 1	21 1	13 1	52 1	41 1	18 1	34 1	71 1	62 1	6 1	42 1	48 1	94 1	4 1	45 1	15 1	35 1	92 1	25 1	37 1	40 1	66 1	26 1	69 1	79 1	31 1	43 1	27 1	80 1	90 1	8 1	60 1	65 1	23 1	3 1	47 1	91 1	86 1	51 1	75 1	89 1	82 1	5 1	93 1	0 1	99 1	24 1	33 1	54 1	30 1	49 1	29 1	70 1	97 1	59 1	73 1	96 1	39 1	67 1	17 1	46 1	57 1	61 1	98 1	14 1	53 1	2 1	85 1	76 1	78 1	95 1	84 1	28 1	55 1	12 1	19 1	56 1	72 1	83 1	87 1	9 1	36 1
56 1	91 1	22 1	53 1	39 1	27 1	23 1	20 1	8 1	49 1	32 1	97 1	94 1	34 1	60 1	71 1	83 1	81 1	96 1	61 1	78 1	13 1	55 1	10 1	87 1	90 1	31 1	57 1	18 1	40 1	86 1	79 1	30 1	29 1	82 1	48 1	38 1	43 1	11 1	54 1	9 1	0 1	47 1	63 1	58 1	33 1	50 1	44 1	76 1	62 1	46 1	52 1	64 1	16 1	2 1	14 1	42 1	70 1	80 1	93 1	92 1	98 1	67 1	75 1	1 1	36 1	37 1	74 1	4 1	72 1	59 1	17 1	69 1	26 1	95 1	84 1	25 1	15 1	85 1	21 1	66 1	68 1	99 1	65 1	88 1	24 1	35 1	45 1	19 1	28 1	3 1	73 1	5 1	12 1	7 1	77 1	51 1	41 1	89 1	6 1
47 1	99 1	54 1	43 1	38 1	94 1	42 1	50 1	89 1	33 1	45 1	92 1	66 1	6 1	21 1	91 1	68 1	39 1	84 1	97 1	0 1	2 1	82 1	17 1	64 1	48 1	80 1	72 1	7 1	62 1	30 1	18 1	12 1	86 1	65 1	19 1	46 1	53 1	37 1	15 1	69 1	61 1	34 1	51 1	31 1	87 1	4 1	20 1	1 1	81 1	32 1	88 1	25 1	67 1	59 1	22 1	44 1	5 1	26 1	3 1	85 1	9 1	79 1	14 1	74 1	58 1	36 1	63 1	75 1	35 1	60 1	56 1	40 1	95 1	76 1	23 1	90 1	8 1	77 1	96 1	24 1	55 1	49 1	57 1	16 1	29 1	52 1	83 1	27 1	93 1	28 1	98 1	71 1	41 1	78 1	73 1	10 1	11 1	13 1	70 1
48 1	21 1	49 1	60 1	43 1	70 1	46 1	8 1	9 1	3 1	37 1	17 1	73 1	59 1	42 1	88 1	20 1	79 1	97 1	24 1	36 1	61 1	98 1	27 1	39 1	41 1	89 1	62 1	38 1	93 1	58 1	34 1	25 1	63 1	19 1	29 1	87 1	12 1	47 1	56 1	23 1	84 1	28 1	5 1	78 1	66 1	82 1	51 1	81 1	32 1	69 1	86 1	0 1	44 1	15 1	52 1	1 1	4 1	55 1	53 1	99 1	80 1	68 1	16 1	50 1	11 1	7 1	74 1	91 1	75 1	14 1	90 1	64 1	94 1	26 1	85 1	18 1	76 1	71 1	35 1	33 1	40 1	83 1	72 1	77 1	31 1	45 1	96 1	2 1	95 1	92 1	67 1	54 1	57 1	10 1	65 1	22 1	13 1	6 1	30 1
34 1	26 1	76 1	79 1	32 1	8 1	42 1	37 1	40 1	27 1	70 1	58 1	63 1	74 1	30 1	38 1	62 1	96 1	10 1	61 1	93 1	97 1	25 1	65 1	71 1	72 1	6 1	20 1	64 1	18 1	31 1	55 1	66 1	83 1	92 1	57 1	39 1	89 1	77 1	86 1	29 1	11 1	90 1	19 1	28 1	16 1	67 1	17 1	73 1	80 1	88 1	51 1	91 1	98 1	5 1	60 1	95 1	9 1	84 1	52 1	82 1	22 1	13 1	41 1	78 1	46 1	43 1	0 1	7 1	68 1	4 1	53 1	94 1	33 1	59 1	15 1	47 1	56 1	50 1	12 1	23 1	2 1	3 1	69 1	21 1	14 1	35 1	87 1	85 1	99 1	75 1	49 1	44 1	36 1	81 1	24 1	1 1	45 1	54 1	48 1
65 1	58 1	28 1	56 1	16 1	95 1	12 1	2 1	72 1	76 1	43 1	51 1	73 1	34 1	13 1	42 1	74 1	55 1	52 1	5 1	17 1	57 1	97 1	84 1	46 1	22 1	81 1	69 1	3 1	85 1	77 1	61 1	60 1	83 1	49 1	20 1	70 1	8 1	38 1	1 1	79 1	26 1	82 1	89 1	93 1	27 1	15 1	45 1	7 1	78 1	40 1	37 1	67 1	54 1	24 1	10 1	94 1	92 1	9 1	88 1	86 1	11 1	80 1	87 1	18 1	35 1	21 1	96 1	29 1	25 1	71 1	33 1	30 1	66 1	36 1	19 1	75 1	53 1	4 1	68 1	47 1	31 1	62 1	64 1	91 1	14 1	59 1	48 1	44 1	98 1	41 1	39 1	63 1	32 1	99 1	0 1	50 1	23 1	90 1	6 1
70 1	55 1	50 1	49 1	97 1	62 1	24 1	41 1	81 1	95 1	63 1	90 1	37 1	89 1	53 1	93 1	1 1	68 1	25 1	31 1	35 1	40 1	52 1	36 1	43 1	33 1	96 1	51 1	65 1	87 1	5 1	28 1	27 1	99 1	94 1	78 1	10 1	47 1	75 1	82 1	66 1	2 1	44 1	71 1	64 1	73 1	98 1	72 1	19 1	45 1	26 1	92 1	15 1	59 1	12 1	21 1	32 1	83 1	79 1	8 1	11 1	91 1	86 1	14 1	56 1	29 1	6 1	7 1	38 1	3 1	57 1	69 1	4 1	54 1	34 1	0 1	23 1	42 1	17 1	84 1	77 1	67 1	48 1	74 1	88 1	60 1	80 1	18 1	39 1	13 1	46 1	61 1	20 1	30 1	58 1	85 1	22 1	16 1	9 1	76 1
47 1	21 1	73 1	58 1	46 1	49 1	22 1	55 1	94 1	39 1	38 1	96 1	72 1	69 1	23 1	5 1	83 1	64 1	54 1	68 1	40 1	86 1	90 1	67 1	59 1	35 1	45 1	87 1	0 1	8 1	30 1	98 1	12 1	60 1	88 1	3 1	26 1	56 1	17 1	84 1	28 1	18 1	75 1	52 1	63 1	36 1	79 1	29 1	33 1	92 1	13 1	32 1	81 1	15 1	61 1	2 1	14 1	91 1	31 1	27 1	89 1	78 1	7 1	57 1	51 1	24 1	99 1	53 1	19 1	42 1	37 1	80 1	93 1	97 1	62 1	85 1	16 1	74 1	76 1	66 1	11 1	20 1	65 1	1 1	50 1	9 1	4 1	82 1	95 1	70 1	71 1	43 1	48 1	6 1	25 1	44 1	41 1	77 1	10 1	34 1
7 1	98 1	8 1	77 1	50 1	33 1	37 1	89 1	19 1	93 1	14 1	81 1	29 1	79 1	12 1	38 1	35 1	74 1	1 1	85 1	17 1	9 1	31 1	24 1	3 1	63 1	55 1	66 1	2 1	62 1	28 1	45 1	87 1	58 1	25 1	94 1	51 1	99 1	5 1	97 1	13 1	20 1	43 1	65 1	75 1	16 1	92 1	30 1	95 1	76 1	36 1	21 1	15 1	80 1	60 1	44 1	59 1	69 1	56 1	27 1	67 1	40 1	57 1	47 1	53 1	54 1	78 1	49 1	6 1	18 1	88 1	48 1	73 1	70 1	22 1	96 1	90 1	0 1	61 1	11 1	86 1	52 1	34 1	32 1	26 1	4 1	46 1	83 1	39 1	82 1	68 1	71 1	23 1	72 1	42 1	91 1	10 1	84 1	64 1	41 1
83 1	37 1	85 1	27 1	4 1	82 1	10 1	91 1	42 1	28 1	21 1	92 1	62 1	34 1	35 1	66 1	49 1	47 1	75 1	22 1	20 1	76 1	52 1	44 1	70 1	14 1	96 1	50 1	84 1	65 1	94 1	80 1	29 1	63 1	25 1	64 1	16 1	24 1	0 1	68 1	61 1	59 1	8 1	36 1	74 1	6 1	11 1	99 1	7 1	81 1	54 1	5 1	86 1	46 1	58 1	32 1	26 1	73 1	41 1	23 1	67 1	17 1	88 1	33 1	56 1	18 1	3 1	39 1	53 1	45 1	89 1	43 1	95 1	40 1	31 1	60 1	78 1	2 1	48 1	9 1	77 1	69 1	79 1	93 1	12 1	55 1	30 1	98 1	15 1	87 1	13 1	38 1	1 1	57 1	19 1	97 1	72 1	51 1	90 1	71 1
43 1	38 1	74 1	68 1	10 1	88 1	72 1	53 1	63 1	83 1	52 1	94 1	5 1	79 1	91 1	39 1	31 1	97 1	0 1	92 1	48 1	86 1	32 1	17 1	61 1	69 1	11 1	23 1	6 1	51 1	99 1	29 1	85 1	8 1	19 1	55 1	46 1	18 1	16 1	30 1	25 1	67 1	12 1	58 1	3 1	1 1	2 1	60 1	47 1	9 1	89 1	28 1	78 1	70 1	40 1	82 1	77 1	41 1	66 1	20 1	7 1	93 1	84 1	22 1	21 1	64 1	62 1	4 1	80 1	90 1	34 1	75 1	71 1	49 1	15 1	81 1	96 1	95 1	56 1	44 1	27 1	36 1	14 1	65 1	45 1	26 1	37 1	50 1	24 1	35 1	76 1	73 1	13 1	87 1	57 1	59 1	98 1	33 1	54 1	42 1
55 1	91 1	8 1	16 1	58 1	26 1	93 1	45 1	64 1	69 1	66 1	14 1	80 1	67 1	13 1	50 1	81 1	85 1	95 1	94 1	31 1	39 1	34 1	78 1	30 1	68 1	72 1	54 1	63 1	2 1	9 1	4 1	44 1	56 1	10 1	3 1	51 1	6 1	96 1	49 1	90 1	59 1	23 1	79 1	17 1	86 1	7 1	77 1	60 1	48 1	36 1	40 1	88 1	0 1	92 1	32 1	99 1	11 1	29 1	89 1	84 1	53 1	47 1	28 1	70 1	75 1	83 1	37 1	76 1	82 1	18 1	71 1	98 1	43 1	46 1	12 1	24 1	97 1	73 1	42 1	15 1	87 1	61 1	33 1	19 1	35 1	25 1	1 1	57 1	21 1	74 1	22 1	41 1	27 1	38 1	20 1	5 1	65 1	62 1	52 1
75 1	40 1	2 1	58 1	52 1	82 1	44 1	86 1	20 1	74 1	7 1	99 1	54 1	95 1	80 1	50 1	48 1	78 1	45 1	0 1	31 1	70 1	41 1	83 1	79 1	72 1	63 1	90 1	9 1	12 1	37 1	43 1	47 1	1 1	39 1	33 1	26 1	35 1	87 1	94 1	84 1	96 1	56 1	15 1	38 1	81 1	59 1	49 1	27 1	8 1	3 1	17 1	34 1	93 1	68 1	21 1	92 1	61 1	64 1	76 1	89 1	51 1	69 1	97 1	32 1	73 1	71 1	24 1	65 1	25 1	77 1	46 1	60 1	98 1	14 1	28 1	66 1	13 1	11 1	4 1	5 1	42 1	22 1	53 1	18 1	29 1	91 1	88 1	67 1	62 1	36 1	55 1	23 1	30 1	16 1	57 1	85 1	19 1	6 1	10 1
40 1	97 1	28 1	78 1	55 1	23 1	94 1	25 1	70 1	18 1	14 1	89 1	6 1	52 1	45 1	19 1	13 1	69 1	39 1	54 1	12 1	26 1	73 1	10 1	84 1	46 1	32 1	11 1	15 1	33 1	67 1	48 1	1 1	16 1	24 1	57 1	87 1	2 1	59 1	93 1	99 1	76 1	44 1	85 1	98 1	64 1	41 1	36 1	90 1	91 1	68 1	53 1	60 1	81 1	31 1	34 1	56 1	0 1	88 1	79 1	61 1	75 1	82 1	51 1	96 1	49 1	29 1	95 1	38 1	80 1	66 1	83 1	72 1	74 1	65 1	8 1	42 1	47 1	77 1	30 1	35 1	21 1	43 1	3 1	86 1	62 1	92 1	9 1	50 1	22 1	63 1	71 1	7 1	37 1	58 1	27 1	17 1	20 1	4 1	5 1
16 1	32 1	83 1	7 1	39 1	6 1	64 1	17 1	11 1	99 1	51 1	63 1	72 1	13 1	86 1	46 1	89 1	57 1	33 1	47 1	38 1	55 1	62 1	79 1	12 1	2 1	54 1	44 1	8 1	9 1	23 1	25 1	92 1	56 1	60 1	18 1	48 1	27 1	84 1	75 1	31 1	26 1	78 1	42 1	96 1	30 1	90 1	98 1	4 1	20 1	85 1	95 1	28 1	41 1	66 1	61 1	36 1	21 1	77 1	70 1	1 1	68 1	40 1	94 1	22 1	37 1	97 1	73 1	5 1	93 1	14 1	15 1	50 1	91 1	3 1	10 1	0 1	34 1	82 1	19 1	52 1	45 1	59 1	74 1	87 1	81 1	35 1	53 1	71 1	76 1	65 1	29 1	80 1	88 1	24 1	43 1	49 1	69 1	58 1	67 1
70 1	44 1	24 1	50 1	6 1	3 1	16 1	64 1	61 1	31 1	93 1	66 1	15 1	54 1	74 1	80 1	57 1	99 1	4 1	84 1	96 1	7 1	40 1	87 1	37 1	68 1	90 1	62 1	81 1	49 1	39 1	32 1	11 1	67 1	10 1	42 1	71 1	97 1	86 1	5 1	72 1	33 1	21 1	46 1	43 1	28 1	17 1	0 1	85 1	55 1	59 1	26 1	29 1	47 1	88 1	48 1	23 1	35 1	34 1	27 1	36 1	53 1	38 1	89 1	25 1	83 1	60 1	52 1	19 1	41 1	12 1	73 1	76 1	9 1	77 1	91 1	1 1	18 1	8 1	58 1	45 1	69 1	82 1	13 1	78 1	22 1	98 1	75 1	92 1	94 1	30 1	56 1	2 1	51 1	65 1	95 1	20 1	79 1	63 1	14 1
65 1	11 1	89 1	62 1	86 1	22 1	43 1	47 1	21 1	53 1	7 1	99 1	50 1	67 1	94 1	51 1	72 1	31 1	80 1	1 1	29 1	42 1	28 1	82 1	20 1	49 1	70 1	48 1	24 1	17 1	45 1	32 1	95 1	19 1	81 1	64 1	30 1	74 1	69 1	8 1	9 1	71 1	46 1	92 1	59 1	54 1	90 1	34 1	77 1	60 1	61 1	66 1	6 1	40 1	16 1	39 1	3 1	91 1	36 1	18 1	5 1	25 1	83 1	4 1	41 1	78 1	10 1	37 1	55 1	26 1	33 1	12 1	97 1	27 1	14 1	56 1	57 1	38 1	88 1	44 1	23 1	35 1	87 1	68 1	84 1	63 1	76 1	13 1	98 1	96 1	52 1	2 1	79 1	15 1	58 1	85 1	0 1	73 1	93 1	75 1
65 1	75 1	61 1	21 1	97 1	38 1	89 1	11 1	63 1	67 1	82 1	74 1	68 1	2 1	13 1	69 1	34 1	46 1	70 1	5 1	47 1	32 1	90 1	28 1	55 1	4 1	42 1	83 1	50 1	26 1	35 1	0 1	8 1	52 1	19 1	17 1	91 1	10 1	36 1	80 1	73 1	44 1	33 1	77 1	53 1	37 1	85 1	92 1	48 1	16 1	30 1	56 1	6 1	15 1	43 1	1 1	41 1	86 1	45 1	7 1	87 1	22 1	76 1	31 1	51 1	96 1	57 1	27 1	62 1	93 1	99 1	9 1	98 1	79 1	12 1	23 1	24 1	58 1	54 1	25 1	71 1	49 1	20 1	88 1	66 1	81 1	59 1	64 1	60 1	95 1	40 1	78 1	94 1	14 1	72 1	84 1	18 1	29 1	39 1	3 1
