15	30
27 1	26 1	8 1	2 1	9 1	3 1	12 1	6 1	23 1	19 1	28 1	16 1	11 1	1 1	20 1	10 1	17 1	14 1	5 1	0 1	22 1	18 1	25 1	15 1	24 1	29 1	7 1	21 1	4 1	13 1
16 1	29 1	12 1	6 1	8 1	23 1	21 1	20 1	9 1	25 1	1 1	18 1	17 1	15 1	4 1	26 1	27 1	11 1	3 1	14 1	2 1	10 1	24 1	13 1	22 1	0 1	28 1	5 1	7 1	19 1
10 1	27 1	9 1	19 1	22 1	5 1	13 1	17 1	12 1	3 1	6 1	21 1	2 1	8 1	29 1	1 1	24 1	14 1	0 1	23 1	11 1	15 1	25 1	20 1	16 1	4 1	28 1	18 1	26 1	7 1
12 1	28 1	0 1	18 1	20 1	14 1	10 1	9 1	5 1	7 1	15 1	13 1	21 1	22 1	25 1	27 1	3 1	29 1	24 1	2 1	23 1	4 1	11 1	8 1	17 1	26 1	19 1	1 1	16 1	6 1
17 1	12 1	3 1	28 1	27 1	7 1	9 1	26 1	23 1	21 1	20 1	4 1	1 1	11 1	19 1	18 1	6 1	29 1	0 1	14 1	24 1	15 1	2 1	13 1	22 1	10 1	25 1	5 1	8 1	16 1
22 1	21 1	29 1	17 1	7 1	16 1	6 1	26 1	4 1	8 1	10 1	5 1	13 1	23 1	0 1	14 1	2 1	25 1	11 1	9 1	27 1	19 1	1 1	28 1	18 1	15 1	3 1	20 1	24 1	12 1
29 1	2 1	10 1	19 1	1 1	21 1	27 1	16 1	6 1	9 1	15 1	28 1	22 1	18 1	8 1	11 1	26 1	24 1	23 1	3 1	0 1	20 1	14 1	25 1	13 1	4 1	17 1	5 1	12 1	7 1
19 1	1 1	16 1	29 1	17 1	6 1	23 1	26 1	20 1	4 1	3 1	0 1	18 1	8 1	27 1	11 1	10 1	7 1	28 1	21 1	2 1	22 1	13 1	15 1	5 1	25 1	14 1	24 1	12 1	9 1
9 1	27 1	11 1	23 1	13 1	10 1	8 1	19 1	20 1	18 1	16 1	15 1	4 1	24 1	25 1	22 1	0 1	3 1	14 1	29 1	26 1	2 1	28 1	1 1	7 1	12 1	5 1	17 1	6 1	21 1
15 1	17 1	0 1	16 1	28 1	11 1	20 1	12 1	29 1	10 1	14 1	4 1	2 1	25 1	5 1	9 1	3 1	26 1	19 1	22 1	21 1	27 1	6 1	8 1	24 1	1 1	13 1	18 1	7 1	23 1
23 1	2 1	22 1	3 1	16 1	0 1	12 1	25 1	1 1	18 1	4 1	29 1	26 1	6 1	24 1	7 1	8 1	13 1	19 1	9 1	10 1	14 1	17 1	15 1	21 1	27 1	20 1	11 1	5 1	28 1
23 1	22 1	6 1	25 1	8 1	3 1	21 1	10 1	17 1	13 1	19 1	26 1	11 1	24 1	27 1	16 1	5 1	12 1	29 1	28 1	9 1	0 1	20 1	15 1	7 1	1 1	14 1	4 1	2 1	18 1
5 1	7 1	26 1	9 1	25 1	27 1	29 1	6 1	2 1	19 1	12 1	22 1	14 1	23 1	10 1	17 1	21 1	8 1	0 1	11 1	20 1	1 1	28 1	16 1	4 1	15 1	18 1	24 1	3 1	13 1
9 1	20 1	6 1	13 1	26 1	1 1	29 1	21 1	10 1	5 1	25 1	15 1	0 1	12 1	16 1	18 1	22 1	17 1	28 1	8 1	2 1	23 1	24 1	3 1	19 1	11 1	14 1	27 1	4 1	7 1
28 1	9 1	6 1	15 1	7 1	8 1	12 1	10 1	25 1	1 1	13 1	21 1	23 1	18 1	24 1	5 1	14 1	20 1	27 1	2 1	22 1	19 1	11 1	4 1	17 1	0 1	3 1	26 1	29 1	16 1
