40	100
75 1	29 1	68 1	7 1	67 1	36 1	43 1	65 1	37 1	94 1	95 1	73 1	23 1	81 1	14 1	85 1	97 1	99 1	10 1	71 1	47 1	5 1	8 1	41 1	74 1	58 1	72 1	34 1	51 1	86 1	3 1	98 1	60 1	21 1	69 1	48 1	57 1	12 1	61 1	55 1	45 1	54 1	42 1	91 1	83 1	96 1	4 1	19 1	93 1	52 1	0 1	39 1	13 1	92 1	64 1	18 1	22 1	53 1	15 1	35 1	2 1	79 1	20 1	40 1	17 1	59 1	82 1	62 1	80 1	50 1	16 1	38 1	87 1	76 1	28 1	46 1	24 1	84 1	88 1	56 1	6 1	44 1	90 1	33 1	66 1	70 1	77 1	31 1	25 1	49 1	9 1	11 1	26 1	63 1	30 1	32 1	1 1	27 1	89 1	78 1
27 1	99 1	45 1	84 1	28 1	39 1	94 1	1 1	89 1	75 1	91 1	48 1	7 1	38 1	81 1	63 1	76 1	96 1	20 1	88 1	43 1	47 1	50 1	68 1	74 1	56 1	19 1	85 1	40 1	33 1	34 1	15 1	6 1	25 1	71 1	32 1	17 1	67 1	3 1	90 1	72 1	51 1	73 1	36 1	8 1	26 1	11 1	93 1	65 1	78 1	10 1	9 1	87 1	59 1	42 1	54 1	66 1	35 1	57 1	22 1	49 1	97 1	31 1	29 1	5 1	64 1	37 1	62 1	52 1	18 1	95 1	4 1	24 1	46 1	41 1	60 1	77 1	2 1	44 1	12 1	70 1	92 1	83 1	30 1	79 1	21 1	69 1	23 1	82 1	0 1	61 1	98 1	86 1	53 1	16 1	13 1	58 1	55 1	80 1	14 1
12 1	11 1	10 1	20 1	30 1	1 1	92 1	63 1	53 1	37 1	4 1	17 1	79 1	7 1	65 1	3 1	29 1	33 1	64 1	84 1	57 1	31 1	40 1	93 1	43 1	45 1	80 1	70 1	0 1	21 1	91 1	14 1	76 1	86 1	52 1	19 1	58 1	44 1	18 1	97 1	46 1	55 1	96 1	85 1	60 1	49 1	75 1	89 1	68 1	90 1	56 1	81 1	73 1	47 1	6 1	38 1	77 1	82 1	88 1	41 1	13 1	8 1	66 1	83 1	67 1	16 1	51 1	87 1	42 1	5 1	2 1	36 1	25 1	98 1	24 1	32 1	54 1	34 1	99 1	69 1	39 1	22 1	48 1	27 1	59 1	74 1	26 1	35 1	71 1	78 1	23 1	95 1	15 1	72 1	28 1	9 1	50 1	94 1	62 1	61 1
15 1	83 1	26 1	24 1	40 1	28 1	53 1	30 1	11 1	62 1	82 1	36 1	52 1	98 1	41 1	6 1	47 1	33 1	42 1	78 1	77 1	16 1	54 1	4 1	37 1	81 1	38 1	92 1	75 1	48 1	70 1	73 1	34 1	27 1	57 1	23 1	51 1	31 1	0 1	66 1	59 1	14 1	95 1	74 1	22 1	18 1	89 1	94 1	63 1	13 1	32 1	55 1	90 1	84 1	69 1	79 1	7 1	35 1	43 1	93 1	96 1	17 1	56 1	85 1	39 1	91 1	12 1	86 1	20 1	61 1	58 1	99 1	46 1	71 1	10 1	8 1	19 1	60 1	88 1	80 1	9 1	44 1	65 1	1 1	2 1	64 1	25 1	49 1	67 1	29 1	76 1	87 1	21 1	68 1	5 1	50 1	97 1	72 1	3 1	45 1
95 1	8 1	57 1	29 1	37 1	76 1	26 1	4 1	0 1	46 1	93 1	62 1	44 1	65 1	66 1	24 1	73 1	96 1	27 1	40 1	81 1	97 1	54 1	20 1	91 1	30 1	32 1	41 1	5 1	22 1	2 1	23 1	59 1	38 1	82 1	68 1	52 1	21 1	98 1	50 1	53 1	72 1	61 1	56 1	88 1	31 1	19 1	45 1	64 1	87 1	60 1	92 1	11 1	28 1	17 1	34 1	16 1	58 1	70 1	7 1	79 1	13 1	3 1	94 1	6 1	80 1	86 1	69 1	1 1	89 1	75 1	85 1	83 1	18 1	74 1	48 1	47 1	99 1	14 1	12 1	25 1	71 1	43 1	49 1	39 1	78 1	33 1	35 1	42 1	51 1	90 1	9 1	77 1	63 1	84 1	36 1	67 1	55 1	10 1	15 1
31 1	90 1	83 1	75 1	52 1	63 1	13 1	88 1	17 1	89 1	7 1	56 1	43 1	50 1	80 1	34 1	6 1	70 1	97 1	66 1	51 1	15 1	29 1	14 1	41 1	93 1	67 1	73 1	87 1	95 1	68 1	16 1	32 1	22 1	45 1	85 1	2 1	92 1	64 1	9 1	71 1	4 1	62 1	5 1	27 1	11 1	60 1	81 1	72 1	19 1	54 1	77 1	21 1	10 1	37 1	26 1	65 1	84 1	39 1	46 1	55 1	57 1	96 1	18 1	25 1	42 1	23 1	59 1	49 1	94 1	58 1	28 1	76 1	98 1	8 1	79 1	35 1	47 1	53 1	86 1	12 1	99 1	1 1	20 1	61 1	38 1	48 1	24 1	44 1	0 1	40 1	74 1	91 1	30 1	82 1	36 1	78 1	69 1	3 1	33 1
23 1	4 1	52 1	7 1	67 1	49 1	84 1	19 1	32 1	71 1	24 1	27 1	44 1	13 1	10 1	30 1	72 1	37 1	57 1	86 1	65 1	26 1	83 1	46 1	64 1	51 1	97 1	96 1	8 1	73 1	20 1	87 1	45 1	15 1	80 1	56 1	53 1	74 1	68 1	14 1	18 1	91 1	38 1	2 1	21 1	12 1	69 1	93 1	99 1	82 1	39 1	0 1	33 1	55 1	16 1	29 1	63 1	36 1	77 1	28 1	42 1	70 1	59 1	81 1	41 1	60 1	92 1	1 1	22 1	34 1	75 1	9 1	61 1	11 1	85 1	25 1	76 1	98 1	58 1	40 1	6 1	5 1	54 1	88 1	48 1	62 1	31 1	79 1	35 1	17 1	89 1	78 1	47 1	90 1	50 1	94 1	43 1	66 1	3 1	95 1
37 1	98 1	16 1	12 1	54 1	42 1	89 1	67 1	30 1	82 1	18 1	79 1	85 1	23 1	65 1	70 1	51 1	61 1	26 1	17 1	9 1	10 1	80 1	20 1	84 1	62 1	71 1	6 1	46 1	47 1	64 1	91 1	97 1	58 1	1 1	43 1	99 1	38 1	3 1	39 1	32 1	7 1	87 1	50 1	88 1	5 1	25 1	81 1	33 1	28 1	96 1	24 1	36 1	63 1	40 1	56 1	69 1	92 1	29 1	83 1	68 1	48 1	34 1	35 1	44 1	57 1	76 1	14 1	93 1	60 1	75 1	74 1	45 1	41 1	73 1	78 1	66 1	90 1	94 1	49 1	19 1	0 1	77 1	2 1	72 1	22 1	59 1	4 1	52 1	86 1	27 1	11 1	95 1	13 1	21 1	15 1	55 1	53 1	31 1	8 1
44 1	56 1	33 1	9 1	84 1	29 1	68 1	23 1	32 1	80 1	37 1	4 1	40 1	67 1	10 1	78 1	90 1	6 1	26 1	19 1	95 1	12 1	39 1	22 1	83 1	14 1	59 1	30 1	54 1	13 1	86 1	27 1	36 1	58 1	8 1	50 1	75 1	15 1	28 1	55 1	62 1	82 1	31 1	47 1	2 1	18 1	89 1	25 1	11 1	57 1	93 1	64 1	99 1	71 1	60 1	48 1	61 1	92 1	20 1	70 1	38 1	73 1	35 1	76 1	69 1	51 1	43 1	72 1	63 1	21 1	74 1	77 1	85 1	3 1	45 1	65 1	66 1	96 1	24 1	5 1	94 1	46 1	87 1	49 1	97 1	0 1	79 1	34 1	42 1	16 1	1 1	81 1	7 1	88 1	91 1	98 1	52 1	41 1	17 1	53 1
66 1	88 1	96 1	55 1	87 1	57 1	12 1	21 1	30 1	33 1	77 1	65 1	82 1	23 1	52 1	26 1	27 1	84 1	53 1	8 1	3 1	9 1	86 1	40 1	10 1	49 1	48 1	68 1	73 1	37 1	46 1	7 1	63 1	11 1	59 1	99 1	67 1	74 1	2 1	98 1	97 1	45 1	31 1	28 1	43 1	47 1	15 1	60 1	14 1	54 1	4 1	1 1	90 1	0 1	29 1	36 1	39 1	58 1	51 1	61 1	62 1	44 1	94 1	76 1	69 1	71 1	93 1	19 1	91 1	83 1	18 1	20 1	25 1	72 1	79 1	5 1	50 1	85 1	32 1	56 1	34 1	78 1	16 1	24 1	70 1	64 1	89 1	42 1	41 1	38 1	80 1	75 1	17 1	22 1	35 1	92 1	6 1	95 1	81 1	13 1
72 1	57 1	67 1	12 1	31 1	18 1	76 1	5 1	16 1	83 1	97 1	49 1	94 1	14 1	0 1	85 1	32 1	11 1	50 1	53 1	35 1	26 1	34 1	87 1	43 1	73 1	25 1	79 1	92 1	45 1	44 1	77 1	41 1	75 1	48 1	1 1	61 1	59 1	10 1	27 1	65 1	86 1	63 1	54 1	55 1	91 1	28 1	20 1	8 1	9 1	33 1	15 1	78 1	64 1	7 1	4 1	99 1	6 1	23 1	56 1	3 1	88 1	95 1	69 1	37 1	46 1	24 1	13 1	68 1	74 1	19 1	40 1	30 1	22 1	36 1	81 1	89 1	80 1	51 1	60 1	66 1	58 1	84 1	82 1	96 1	47 1	98 1	52 1	39 1	38 1	29 1	17 1	21 1	42 1	90 1	93 1	70 1	62 1	71 1	2 1
65 1	91 1	83 1	10 1	32 1	27 1	97 1	77 1	88 1	19 1	9 1	28 1	23 1	92 1	37 1	39 1	1 1	26 1	67 1	96 1	47 1	78 1	38 1	29 1	43 1	5 1	50 1	87 1	99 1	48 1	84 1	74 1	6 1	18 1	81 1	62 1	66 1	21 1	45 1	57 1	3 1	58 1	41 1	31 1	35 1	49 1	8 1	2 1	7 1	24 1	22 1	15 1	63 1	86 1	70 1	90 1	69 1	40 1	80 1	56 1	33 1	54 1	94 1	89 1	61 1	17 1	46 1	20 1	53 1	82 1	76 1	98 1	42 1	64 1	0 1	71 1	95 1	12 1	30 1	4 1	68 1	51 1	75 1	34 1	72 1	25 1	73 1	55 1	14 1	85 1	16 1	79 1	60 1	13 1	44 1	36 1	93 1	59 1	11 1	52 1
67 1	1 1	87 1	72 1	54 1	65 1	42 1	11 1	63 1	93 1	89 1	80 1	97 1	82 1	70 1	36 1	12 1	38 1	62 1	17 1	25 1	49 1	90 1	96 1	27 1	9 1	15 1	95 1	55 1	35 1	59 1	53 1	84 1	3 1	4 1	60 1	28 1	71 1	77 1	30 1	48 1	18 1	26 1	64 1	20 1	47 1	91 1	98 1	78 1	52 1	74 1	5 1	13 1	23 1	81 1	16 1	40 1	24 1	19 1	85 1	66 1	94 1	92 1	99 1	75 1	68 1	14 1	21 1	39 1	34 1	22 1	88 1	58 1	41 1	56 1	51 1	32 1	73 1	7 1	86 1	83 1	37 1	69 1	10 1	0 1	43 1	6 1	79 1	2 1	50 1	46 1	45 1	33 1	61 1	57 1	29 1	76 1	31 1	8 1	44 1
6 1	13 1	22 1	87 1	93 1	1 1	68 1	97 1	60 1	63 1	64 1	55 1	38 1	3 1	82 1	7 1	41 1	43 1	26 1	70 1	40 1	91 1	75 1	28 1	36 1	81 1	72 1	25 1	57 1	37 1	54 1	89 1	74 1	61 1	33 1	15 1	27 1	0 1	50 1	83 1	94 1	73 1	5 1	53 1	9 1	99 1	35 1	78 1	98 1	59 1	34 1	46 1	90 1	45 1	66 1	85 1	4 1	51 1	86 1	21 1	20 1	92 1	62 1	16 1	58 1	67 1	47 1	96 1	65 1	49 1	76 1	14 1	31 1	2 1	79 1	12 1	11 1	44 1	17 1	24 1	39 1	69 1	48 1	52 1	30 1	19 1	84 1	71 1	80 1	42 1	32 1	23 1	56 1	88 1	77 1	10 1	18 1	29 1	95 1	8 1
68 1	8 1	50 1	84 1	75 1	29 1	74 1	72 1	16 1	71 1	39 1	73 1	63 1	87 1	98 1	32 1	85 1	56 1	65 1	54 1	91 1	15 1	5 1	41 1	43 1	82 1	57 1	66 1	88 1	95 1	22 1	11 1	62 1	78 1	25 1	33 1	7 1	92 1	35 1	46 1	31 1	19 1	37 1	99 1	70 1	2 1	42 1	47 1	97 1	1 1	6 1	93 1	80 1	27 1	3 1	49 1	67 1	83 1	13 1	81 1	89 1	79 1	59 1	86 1	44 1	30 1	53 1	52 1	26 1	69 1	34 1	12 1	58 1	17 1	60 1	96 1	9 1	61 1	28 1	4 1	45 1	77 1	48 1	24 1	51 1	0 1	23 1	21 1	94 1	38 1	14 1	20 1	76 1	36 1	64 1	90 1	55 1	40 1	10 1	18 1
48 1	95 1	31 1	49 1	30 1	88 1	2 1	94 1	64 1	78 1	11 1	92 1	52 1	32 1	71 1	76 1	25 1	81 1	44 1	56 1	74 1	26 1	36 1	33 1	55 1	61 1	82 1	17 1	47 1	73 1	16 1	4 1	39 1	69 1	22 1	80 1	75 1	40 1	18 1	24 1	97 1	83 1	5 1	9 1	8 1	93 1	60 1	91 1	77 1	87 1	42 1	68 1	10 1	57 1	38 1	72 1	12 1	15 1	54 1	7 1	70 1	3 1	46 1	27 1	28 1	51 1	50 1	14 1	45 1	20 1	85 1	23 1	86 1	58 1	1 1	53 1	62 1	41 1	99 1	89 1	37 1	90 1	19 1	66 1	59 1	29 1	79 1	98 1	67 1	21 1	63 1	6 1	43 1	35 1	84 1	13 1	96 1	0 1	65 1	34 1
99 1	93 1	86 1	43 1	90 1	67 1	85 1	78 1	39 1	44 1	80 1	72 1	6 1	61 1	81 1	34 1	71 1	66 1	60 1	62 1	91 1	8 1	37 1	76 1	52 1	16 1	7 1	11 1	9 1	65 1	14 1	22 1	5 1	38 1	32 1	53 1	70 1	74 1	15 1	46 1	50 1	40 1	19 1	49 1	42 1	20 1	56 1	2 1	92 1	82 1	35 1	12 1	84 1	83 1	41 1	29 1	0 1	25 1	36 1	98 1	31 1	77 1	23 1	54 1	24 1	26 1	17 1	64 1	57 1	30 1	27 1	87 1	89 1	48 1	96 1	58 1	75 1	59 1	4 1	95 1	55 1	63 1	88 1	13 1	69 1	28 1	18 1	1 1	3 1	47 1	21 1	68 1	45 1	97 1	51 1	33 1	79 1	94 1	10 1	73 1
94 1	67 1	59 1	19 1	38 1	26 1	21 1	71 1	47 1	4 1	58 1	95 1	11 1	91 1	44 1	35 1	0 1	76 1	54 1	42 1	36 1	29 1	33 1	18 1	77 1	48 1	46 1	40 1	31 1	70 1	85 1	68 1	43 1	97 1	65 1	84 1	74 1	92 1	69 1	55 1	53 1	14 1	6 1	17 1	13 1	87 1	66 1	50 1	32 1	73 1	9 1	30 1	27 1	49 1	39 1	12 1	2 1	82 1	83 1	3 1	89 1	98 1	75 1	56 1	86 1	52 1	7 1	15 1	1 1	37 1	79 1	90 1	80 1	57 1	93 1	63 1	41 1	99 1	60 1	25 1	72 1	45 1	10 1	22 1	61 1	96 1	20 1	51 1	8 1	34 1	88 1	78 1	62 1	28 1	5 1	64 1	16 1	24 1	23 1	81 1
51 1	74 1	19 1	83 1	93 1	21 1	24 1	94 1	72 1	49 1	92 1	73 1	71 1	46 1	3 1	23 1	79 1	82 1	36 1	89 1	33 1	61 1	67 1	34 1	22 1	18 1	62 1	99 1	57 1	10 1	59 1	98 1	31 1	56 1	45 1	54 1	43 1	81 1	96 1	60 1	47 1	70 1	84 1	90 1	75 1	16 1	25 1	91 1	9 1	87 1	0 1	63 1	69 1	66 1	6 1	80 1	42 1	5 1	41 1	64 1	55 1	68 1	48 1	20 1	29 1	53 1	88 1	30 1	1 1	8 1	35 1	65 1	97 1	26 1	7 1	77 1	12 1	28 1	44 1	58 1	52 1	40 1	14 1	86 1	15 1	85 1	76 1	27 1	37 1	4 1	2 1	39 1	17 1	13 1	11 1	38 1	78 1	50 1	32 1	95 1
12 1	90 1	91 1	44 1	48 1	89 1	93 1	17 1	83 1	19 1	20 1	68 1	88 1	16 1	5 1	23 1	73 1	2 1	70 1	46 1	31 1	4 1	14 1	81 1	95 1	71 1	40 1	92 1	36 1	8 1	32 1	15 1	74 1	9 1	50 1	29 1	80 1	25 1	58 1	30 1	24 1	59 1	54 1	72 1	27 1	77 1	55 1	52 1	60 1	34 1	1 1	41 1	0 1	75 1	51 1	62 1	3 1	78 1	47 1	63 1	57 1	79 1	97 1	67 1	86 1	56 1	21 1	6 1	61 1	69 1	98 1	10 1	28 1	94 1	35 1	33 1	37 1	49 1	43 1	13 1	11 1	53 1	76 1	64 1	65 1	84 1	96 1	18 1	26 1	99 1	42 1	82 1	87 1	38 1	85 1	7 1	66 1	39 1	22 1	45 1
36 1	67 1	39 1	37 1	22 1	72 1	0 1	86 1	91 1	27 1	9 1	63 1	38 1	50 1	83 1	5 1	93 1	96 1	29 1	15 1	94 1	75 1	1 1	74 1	89 1	73 1	59 1	49 1	24 1	70 1	10 1	84 1	2 1	79 1	7 1	43 1	65 1	61 1	98 1	25 1	33 1	44 1	88 1	92 1	87 1	66 1	34 1	46 1	56 1	31 1	16 1	99 1	21 1	6 1	82 1	71 1	64 1	76 1	81 1	55 1	35 1	51 1	3 1	60 1	14 1	53 1	90 1	97 1	11 1	17 1	85 1	23 1	19 1	41 1	45 1	18 1	95 1	78 1	40 1	48 1	47 1	12 1	42 1	69 1	52 1	20 1	26 1	80 1	8 1	4 1	57 1	62 1	30 1	77 1	68 1	54 1	28 1	32 1	58 1	13 1
70 1	87 1	75 1	40 1	53 1	78 1	91 1	61 1	28 1	66 1	84 1	49 1	83 1	15 1	97 1	77 1	90 1	6 1	71 1	48 1	19 1	54 1	62 1	0 1	94 1	45 1	31 1	65 1	8 1	60 1	47 1	24 1	41 1	55 1	36 1	33 1	17 1	13 1	1 1	2 1	68 1	82 1	29 1	34 1	89 1	11 1	56 1	72 1	10 1	4 1	22 1	20 1	9 1	37 1	3 1	86 1	21 1	16 1	39 1	57 1	50 1	92 1	93 1	76 1	51 1	23 1	80 1	67 1	44 1	98 1	63 1	7 1	79 1	59 1	42 1	96 1	27 1	35 1	99 1	73 1	30 1	69 1	26 1	74 1	12 1	52 1	81 1	85 1	5 1	18 1	46 1	14 1	32 1	25 1	88 1	95 1	43 1	38 1	64 1	58 1
75 1	41 1	72 1	91 1	64 1	28 1	23 1	74 1	80 1	16 1	26 1	63 1	88 1	49 1	35 1	93 1	99 1	73 1	40 1	53 1	9 1	12 1	67 1	55 1	31 1	17 1	58 1	86 1	7 1	90 1	57 1	14 1	52 1	43 1	76 1	87 1	61 1	4 1	10 1	48 1	19 1	46 1	15 1	95 1	20 1	6 1	39 1	79 1	78 1	33 1	65 1	3 1	44 1	37 1	25 1	60 1	36 1	62 1	85 1	8 1	98 1	82 1	21 1	59 1	69 1	81 1	54 1	77 1	97 1	11 1	32 1	56 1	0 1	38 1	51 1	66 1	70 1	71 1	34 1	45 1	2 1	1 1	68 1	47 1	5 1	83 1	24 1	84 1	18 1	50 1	94 1	29 1	22 1	89 1	96 1	42 1	30 1	27 1	13 1	92 1
82 1	19 1	89 1	42 1	12 1	75 1	98 1	24 1	86 1	11 1	56 1	79 1	53 1	69 1	96 1	67 1	17 1	65 1	81 1	25 1	23 1	6 1	5 1	51 1	60 1	13 1	93 1	57 1	84 1	58 1	8 1	40 1	97 1	91 1	73 1	61 1	38 1	18 1	34 1	59 1	20 1	28 1	16 1	52 1	88 1	21 1	9 1	55 1	43 1	37 1	29 1	85 1	80 1	36 1	99 1	39 1	10 1	7 1	74 1	27 1	90 1	71 1	78 1	1 1	2 1	63 1	32 1	49 1	48 1	3 1	95 1	83 1	41 1	30 1	4 1	31 1	94 1	62 1	77 1	0 1	14 1	33 1	47 1	35 1	26 1	22 1	45 1	92 1	87 1	44 1	76 1	46 1	15 1	54 1	70 1	66 1	64 1	50 1	68 1	72 1
33 1	91 1	7 1	86 1	10 1	2 1	85 1	36 1	90 1	58 1	60 1	96 1	82 1	81 1	95 1	76 1	27 1	78 1	87 1	32 1	88 1	6 1	92 1	22 1	71 1	42 1	70 1	80 1	34 1	75 1	64 1	20 1	25 1	30 1	44 1	56 1	12 1	24 1	13 1	39 1	84 1	57 1	97 1	89 1	50 1	68 1	66 1	3 1	67 1	98 1	73 1	99 1	28 1	9 1	31 1	38 1	77 1	51 1	52 1	4 1	43 1	61 1	16 1	94 1	8 1	35 1	62 1	54 1	14 1	21 1	49 1	72 1	65 1	74 1	48 1	29 1	59 1	69 1	23 1	26 1	93 1	55 1	83 1	47 1	1 1	15 1	45 1	79 1	46 1	53 1	5 1	40 1	63 1	41 1	19 1	37 1	11 1	18 1	17 1	0 1
42 1	74 1	34 1	67 1	5 1	9 1	1 1	18 1	98 1	86 1	53 1	16 1	69 1	78 1	66 1	45 1	90 1	50 1	3 1	92 1	15 1	21 1	52 1	80 1	57 1	12 1	68 1	96 1	35 1	43 1	62 1	19 1	70 1	61 1	38 1	6 1	13 1	2 1	51 1	83 1	89 1	64 1	73 1	20 1	17 1	28 1	72 1	65 1	97 1	44 1	94 1	46 1	4 1	48 1	55 1	40 1	27 1	7 1	26 1	85 1	54 1	58 1	87 1	88 1	24 1	60 1	29 1	63 1	84 1	33 1	25 1	77 1	22 1	95 1	36 1	99 1	37 1	59 1	32 1	75 1	11 1	10 1	79 1	30 1	56 1	14 1	82 1	71 1	93 1	31 1	8 1	91 1	47 1	39 1	76 1	23 1	41 1	49 1	0 1	81 1
59 1	85 1	70 1	15 1	21 1	38 1	10 1	65 1	66 1	60 1	88 1	53 1	92 1	44 1	7 1	3 1	78 1	37 1	97 1	19 1	64 1	34 1	94 1	84 1	56 1	72 1	63 1	96 1	91 1	76 1	9 1	77 1	42 1	45 1	29 1	22 1	8 1	67 1	51 1	48 1	87 1	46 1	39 1	55 1	95 1	82 1	0 1	90 1	71 1	1 1	75 1	83 1	17 1	62 1	81 1	27 1	32 1	57 1	86 1	2 1	58 1	26 1	80 1	35 1	13 1	74 1	68 1	18 1	36 1	25 1	89 1	23 1	73 1	98 1	99 1	20 1	52 1	11 1	93 1	5 1	12 1	50 1	69 1	49 1	79 1	43 1	33 1	40 1	16 1	4 1	14 1	24 1	28 1	47 1	41 1	30 1	54 1	31 1	61 1	6 1
29 1	47 1	23 1	58 1	9 1	16 1	69 1	11 1	82 1	96 1	3 1	26 1	21 1	54 1	77 1	57 1	32 1	6 1	7 1	25 1	42 1	89 1	59 1	49 1	44 1	48 1	66 1	80 1	85 1	12 1	17 1	33 1	83 1	68 1	90 1	97 1	18 1	50 1	67 1	43 1	99 1	91 1	28 1	41 1	63 1	4 1	64 1	72 1	75 1	79 1	78 1	74 1	30 1	87 1	40 1	46 1	8 1	2 1	65 1	5 1	71 1	88 1	84 1	81 1	0 1	38 1	93 1	51 1	35 1	60 1	95 1	10 1	39 1	13 1	34 1	94 1	1 1	98 1	86 1	20 1	70 1	31 1	22 1	37 1	62 1	52 1	24 1	92 1	36 1	19 1	45 1	27 1	14 1	55 1	73 1	56 1	53 1	15 1	61 1	76 1
14 1	9 1	90 1	47 1	1 1	7 1	32 1	20 1	61 1	59 1	18 1	6 1	86 1	60 1	36 1	98 1	72 1	75 1	76 1	74 1	49 1	23 1	50 1	15 1	82 1	56 1	24 1	30 1	42 1	0 1	37 1	68 1	41 1	10 1	16 1	83 1	39 1	69 1	66 1	26 1	94 1	5 1	31 1	71 1	21 1	53 1	99 1	3 1	88 1	27 1	65 1	19 1	92 1	8 1	13 1	52 1	93 1	84 1	38 1	80 1	43 1	44 1	11 1	97 1	78 1	67 1	4 1	96 1	22 1	17 1	35 1	28 1	77 1	62 1	54 1	57 1	25 1	95 1	85 1	40 1	51 1	48 1	70 1	73 1	46 1	81 1	55 1	89 1	87 1	12 1	64 1	63 1	33 1	2 1	58 1	34 1	91 1	45 1	29 1	79 1
89 1	54 1	35 1	36 1	94 1	44 1	48 1	38 1	17 1	40 1	62 1	26 1	29 1	95 1	60 1	16 1	55 1	49 1	88 1	3 1	19 1	42 1	93 1	65 1	58 1	57 1	86 1	87 1	82 1	85 1	25 1	80 1	34 1	39 1	91 1	69 1	13 1	28 1	4 1	21 1	78 1	98 1	45 1	41 1	20 1	11 1	72 1	52 1	37 1	22 1	53 1	51 1	2 1	63 1	66 1	76 1	77 1	46 1	97 1	27 1	67 1	83 1	81 1	23 1	5 1	64 1	47 1	12 1	9 1	30 1	43 1	56 1	84 1	73 1	99 1	33 1	92 1	59 1	74 1	6 1	31 1	32 1	75 1	70 1	18 1	90 1	8 1	61 1	50 1	14 1	15 1	68 1	71 1	0 1	1 1	24 1	79 1	96 1	7 1	10 1
24 1	32 1	31 1	39 1	28 1	1 1	18 1	77 1	10 1	64 1	83 1	35 1	34 1	19 1	85 1	66 1	89 1	0 1	99 1	63 1	76 1	57 1	13 1	62 1	70 1	65 1	42 1	48 1	95 1	49 1	55 1	3 1	75 1	4 1	47 1	60 1	20 1	38 1	94 1	96 1	2 1	90 1	51 1	71 1	92 1	8 1	43 1	82 1	54 1	46 1	25 1	53 1	41 1	37 1	5 1	6 1	79 1	87 1	91 1	81 1	50 1	97 1	27 1	58 1	36 1	40 1	72 1	98 1	84 1	16 1	73 1	44 1	22 1	15 1	9 1	52 1	30 1	74 1	14 1	7 1	88 1	11 1	67 1	26 1	78 1	56 1	80 1	17 1	68 1	69 1	23 1	45 1	93 1	86 1	12 1	33 1	59 1	21 1	29 1	61 1
76 1	51 1	80 1	42 1	7 1	12 1	45 1	40 1	10 1	88 1	2 1	83 1	14 1	92 1	16 1	32 1	64 1	53 1	97 1	71 1	61 1	24 1	50 1	60 1	15 1	26 1	43 1	72 1	63 1	79 1	3 1	8 1	65 1	36 1	31 1	84 1	6 1	13 1	85 1	41 1	59 1	62 1	58 1	91 1	34 1	69 1	98 1	47 1	38 1	82 1	5 1	96 1	54 1	39 1	0 1	25 1	74 1	17 1	28 1	44 1	35 1	78 1	90 1	19 1	95 1	18 1	66 1	48 1	77 1	75 1	29 1	89 1	81 1	99 1	27 1	67 1	68 1	22 1	37 1	30 1	56 1	21 1	52 1	57 1	4 1	70 1	23 1	20 1	93 1	73 1	1 1	46 1	55 1	87 1	33 1	9 1	11 1	94 1	49 1	86 1
14 1	85 1	76 1	36 1	12 1	70 1	44 1	11 1	67 1	71 1	64 1	4 1	45 1	32 1	37 1	41 1	57 1	60 1	33 1	98 1	8 1	20 1	79 1	95 1	40 1	25 1	9 1	92 1	31 1	54 1	88 1	74 1	30 1	39 1	23 1	96 1	3 1	6 1	69 1	58 1	87 1	65 1	78 1	2 1	19 1	1 1	66 1	63 1	52 1	75 1	27 1	55 1	94 1	99 1	48 1	93 1	22 1	15 1	61 1	80 1	17 1	83 1	10 1	89 1	7 1	86 1	29 1	82 1	59 1	51 1	35 1	77 1	46 1	28 1	5 1	13 1	42 1	97 1	50 1	16 1	21 1	90 1	49 1	43 1	18 1	0 1	81 1	47 1	24 1	62 1	84 1	53 1	26 1	56 1	91 1	68 1	38 1	72 1	73 1	34 1
44 1	36 1	12 1	92 1	29 1	30 1	27 1	75 1	24 1	70 1	58 1	51 1	65 1	49 1	9 1	18 1	46 1	21 1	34 1	55 1	45 1	80 1	86 1	90 1	19 1	76 1	20 1	25 1	31 1	32 1	33 1	82 1	61 1	11 1	71 1	63 1	59 1	57 1	73 1	87 1	14 1	17 1	53 1	3 1	50 1	0 1	48 1	6 1	67 1	74 1	66 1	95 1	79 1	22 1	85 1	15 1	72 1	64 1	98 1	5 1	8 1	99 1	26 1	13 1	35 1	10 1	78 1	62 1	77 1	23 1	93 1	39 1	38 1	2 1	68 1	28 1	54 1	60 1	16 1	7 1	83 1	89 1	40 1	37 1	84 1	43 1	47 1	1 1	56 1	52 1	94 1	41 1	81 1	69 1	91 1	97 1	42 1	96 1	4 1	88 1
86 1	22 1	69 1	91 1	84 1	65 1	67 1	77 1	96 1	9 1	23 1	57 1	51 1	6 1	55 1	26 1	97 1	81 1	62 1	68 1	64 1	25 1	37 1	99 1	44 1	89 1	21 1	16 1	50 1	17 1	59 1	43 1	71 1	19 1	12 1	11 1	8 1	32 1	66 1	53 1	79 1	80 1	5 1	90 1	94 1	35 1	39 1	52 1	73 1	1 1	29 1	42 1	36 1	70 1	33 1	10 1	76 1	31 1	48 1	45 1	61 1	78 1	18 1	41 1	54 1	14 1	75 1	56 1	49 1	92 1	95 1	74 1	82 1	60 1	3 1	24 1	63 1	98 1	0 1	87 1	46 1	88 1	58 1	27 1	2 1	38 1	47 1	85 1	13 1	83 1	30 1	93 1	40 1	72 1	7 1	15 1	28 1	34 1	4 1	20 1
94 1	3 1	72 1	88 1	86 1	41 1	5 1	2 1	54 1	96 1	65 1	56 1	25 1	27 1	53 1	36 1	9 1	93 1	51 1	38 1	42 1	90 1	73 1	26 1	44 1	70 1	4 1	24 1	61 1	66 1	30 1	62 1	8 1	80 1	91 1	11 1	67 1	75 1	18 1	76 1	21 1	15 1	83 1	45 1	60 1	57 1	87 1	89 1	85 1	19 1	10 1	23 1	97 1	43 1	7 1	0 1	28 1	71 1	37 1	34 1	59 1	12 1	99 1	58 1	63 1	17 1	16 1	92 1	31 1	48 1	32 1	22 1	6 1	95 1	29 1	1 1	84 1	47 1	69 1	40 1	77 1	78 1	46 1	64 1	52 1	79 1	55 1	35 1	39 1	13 1	74 1	68 1	98 1	20 1	49 1	14 1	81 1	82 1	50 1	33 1
46 1	59 1	66 1	49 1	50 1	27 1	20 1	86 1	99 1	55 1	78 1	57 1	2 1	98 1	7 1	29 1	75 1	15 1	68 1	12 1	16 1	41 1	4 1	6 1	60 1	76 1	93 1	61 1	43 1	3 1	95 1	91 1	45 1	11 1	72 1	33 1	51 1	73 1	38 1	90 1	58 1	47 1	9 1	39 1	34 1	82 1	8 1	30 1	52 1	26 1	0 1	74 1	71 1	24 1	28 1	92 1	69 1	18 1	81 1	96 1	48 1	63 1	79 1	31 1	37 1	14 1	83 1	19 1	5 1	42 1	89 1	88 1	40 1	64 1	84 1	21 1	80 1	54 1	70 1	85 1	36 1	23 1	10 1	65 1	87 1	44 1	17 1	56 1	94 1	97 1	53 1	35 1	13 1	32 1	67 1	25 1	22 1	1 1	62 1	77 1
86 1	3 1	50 1	66 1	83 1	98 1	97 1	38 1	46 1	96 1	52 1	47 1	33 1	36 1	32 1	11 1	89 1	9 1	48 1	27 1	44 1	24 1	95 1	75 1	53 1	81 1	28 1	71 1	57 1	25 1	22 1	43 1	35 1	54 1	69 1	60 1	65 1	18 1	51 1	30 1	7 1	34 1	2 1	31 1	70 1	74 1	99 1	82 1	15 1	76 1	26 1	12 1	59 1	29 1	4 1	49 1	88 1	37 1	67 1	14 1	62 1	55 1	23 1	8 1	56 1	63 1	42 1	58 1	79 1	10 1	90 1	16 1	73 1	77 1	68 1	80 1	40 1	1 1	92 1	85 1	87 1	61 1	21 1	84 1	64 1	0 1	13 1	41 1	20 1	93 1	78 1	72 1	17 1	6 1	45 1	94 1	39 1	19 1	5 1	91 1
41 1	22 1	36 1	35 1	0 1	8 1	91 1	39 1	56 1	33 1	1 1	94 1	4 1	60 1	51 1	43 1	6 1	5 1	48 1	52 1	66 1	44 1	98 1	30 1	24 1	90 1	93 1	23 1	75 1	87 1	92 1	68 1	49 1	19 1	69 1	18 1	45 1	88 1	21 1	55 1	50 1	15 1	16 1	31 1	84 1	27 1	63 1	99 1	13 1	89 1	34 1	74 1	53 1	64 1	40 1	71 1	20 1	2 1	32 1	95 1	38 1	77 1	26 1	54 1	10 1	97 1	37 1	76 1	57 1	61 1	3 1	78 1	7 1	65 1	81 1	12 1	72 1	42 1	47 1	11 1	25 1	28 1	17 1	59 1	79 1	9 1	67 1	85 1	62 1	96 1	70 1	86 1	82 1	80 1	83 1	73 1	58 1	29 1	14 1	46 1
98 1	55 1	57 1	29 1	91 1	45 1	95 1	48 1	82 1	93 1	31 1	49 1	58 1	2 1	85 1	54 1	4 1	19 1	28 1	87 1	35 1	18 1	65 1	53 1	79 1	15 1	14 1	69 1	78 1	11 1	13 1	73 1	9 1	75 1	30 1	39 1	5 1	67 1	63 1	6 1	44 1	66 1	71 1	10 1	68 1	56 1	7 1	50 1	21 1	90 1	74 1	81 1	99 1	84 1	64 1	33 1	1 1	3 1	34 1	88 1	8 1	38 1	37 1	97 1	89 1	72 1	26 1	76 1	96 1	43 1	60 1	36 1	25 1	59 1	70 1	24 1	83 1	92 1	62 1	51 1	80 1	27 1	42 1	40 1	47 1	86 1	41 1	20 1	0 1	17 1	32 1	12 1	61 1	77 1	22 1	46 1	23 1	16 1	94 1	52 1
