50	80
46 1	6 1	67 1	9 1	62 1	18 1	60 1	3 1	25 1	51 1	52 1	14 1	4 1	79 1	66 1	29 1	20 1	5 1	7 1	40 1	56 1	27 1	58 1	50 1	8 1	64 1	69 1	61 1	19 1	0 1	71 1	45 1	48 1	30 1	33 1	15 1	36 1	77 1	23 1	74 1	17 1	73 1	43 1	54 1	22 1	24 1	41 1	76 1	72 1	32 1	13 1	2 1	28 1	65 1	75 1	47 1	10 1	59 1	68 1	55 1	16 1	21 1	26 1	34 1	44 1	11 1	1 1	38 1	42 1	57 1	12 1	63 1	53 1	49 1	39 1	70 1	31 1	78 1	35 1	37 1
11 1	51 1	71 1	41 1	15 1	33 1	63 1	49 1	20 1	17 1	4 1	68 1	16 1	48 1	26 1	65 1	5 1	3 1	43 1	2 1	76 1	36 1	70 1	58 1	32 1	50 1	22 1	1 1	46 1	6 1	24 1	45 1	66 1	21 1	57 1	18 1	59 1	42 1	44 1	60 1	53 1	75 1	30 1	9 1	13 1	28 1	69 1	62 1	77 1	55 1	14 1	67 1	38 1	31 1	25 1	7 1	29 1	35 1	78 1	23 1	37 1	34 1	10 1	19 1	52 1	27 1	40 1	12 1	79 1	56 1	73 1	47 1	72 1	64 1	8 1	0 1	74 1	61 1	54 1	39 1
45 1	51 1	1 1	9 1	53 1	59 1	68 1	55 1	38 1	8 1	10 1	79 1	14 1	64 1	21 1	20 1	7 1	27 1	11 1	23 1	54 1	63 1	44 1	22 1	42 1	72 1	31 1	12 1	73 1	35 1	49 1	58 1	25 1	18 1	33 1	52 1	15 1	13 1	78 1	56 1	43 1	39 1	16 1	46 1	61 1	70 1	41 1	65 1	3 1	40 1	28 1	30 1	71 1	47 1	17 1	48 1	50 1	76 1	0 1	24 1	66 1	34 1	37 1	5 1	77 1	19 1	29 1	6 1	32 1	57 1	26 1	75 1	69 1	74 1	4 1	36 1	60 1	67 1	62 1	2 1
6 1	54 1	52 1	64 1	79 1	4 1	20 1	5 1	32 1	72 1	46 1	7 1	17 1	16 1	12 1	38 1	71 1	58 1	10 1	45 1	21 1	40 1	19 1	61 1	28 1	70 1	22 1	51 1	57 1	14 1	77 1	78 1	75 1	68 1	66 1	62 1	36 1	63 1	76 1	42 1	37 1	59 1	15 1	53 1	56 1	31 1	41 1	33 1	11 1	8 1	47 1	26 1	25 1	49 1	18 1	0 1	73 1	69 1	29 1	9 1	74 1	27 1	1 1	65 1	13 1	34 1	48 1	67 1	44 1	55 1	35 1	24 1	30 1	50 1	39 1	43 1	3 1	23 1	2 1	60 1
28 1	2 1	55 1	70 1	79 1	58 1	20 1	52 1	32 1	43 1	48 1	45 1	21 1	24 1	37 1	10 1	19 1	39 1	44 1	59 1	12 1	5 1	33 1	65 1	57 1	14 1	77 1	66 1	35 1	13 1	18 1	41 1	47 1	67 1	38 1	46 1	56 1	27 1	26 1	64 1	53 1	0 1	36 1	4 1	78 1	74 1	17 1	15 1	68 1	61 1	71 1	34 1	73 1	76 1	25 1	40 1	31 1	3 1	9 1	72 1	63 1	7 1	29 1	50 1	11 1	30 1	23 1	62 1	51 1	54 1	42 1	8 1	16 1	22 1	6 1	49 1	75 1	1 1	69 1	60 1
50 1	27 1	78 1	64 1	45 1	53 1	68 1	47 1	24 1	18 1	57 1	69 1	26 1	37 1	0 1	9 1	65 1	66 1	12 1	19 1	1 1	61 1	55 1	13 1	17 1	70 1	79 1	25 1	35 1	16 1	73 1	71 1	54 1	33 1	36 1	63 1	72 1	42 1	76 1	10 1	60 1	28 1	4 1	23 1	44 1	39 1	38 1	20 1	52 1	31 1	29 1	11 1	49 1	46 1	75 1	3 1	5 1	51 1	41 1	2 1	48 1	32 1	67 1	8 1	40 1	7 1	14 1	62 1	43 1	58 1	21 1	15 1	77 1	56 1	34 1	74 1	6 1	30 1	22 1	59 1
21 1	78 1	61 1	75 1	12 1	74 1	65 1	3 1	33 1	28 1	30 1	4 1	49 1	48 1	34 1	40 1	55 1	22 1	16 1	32 1	42 1	76 1	44 1	79 1	18 1	35 1	36 1	58 1	27 1	51 1	26 1	39 1	15 1	53 1	73 1	41 1	63 1	13 1	2 1	52 1	62 1	43 1	29 1	50 1	60 1	6 1	1 1	54 1	69 1	72 1	68 1	38 1	67 1	17 1	66 1	0 1	9 1	7 1	25 1	77 1	31 1	64 1	19 1	11 1	5 1	8 1	70 1	37 1	47 1	24 1	71 1	14 1	57 1	59 1	10 1	20 1	45 1	56 1	23 1	46 1
50 1	59 1	6 1	0 1	5 1	12 1	4 1	70 1	2 1	29 1	35 1	7 1	66 1	32 1	18 1	54 1	64 1	62 1	55 1	44 1	52 1	60 1	8 1	68 1	23 1	53 1	20 1	33 1	41 1	15 1	77 1	14 1	24 1	42 1	47 1	67 1	79 1	65 1	40 1	61 1	74 1	75 1	39 1	48 1	43 1	17 1	45 1	78 1	51 1	13 1	46 1	21 1	25 1	19 1	9 1	16 1	22 1	36 1	57 1	27 1	3 1	58 1	38 1	1 1	10 1	28 1	34 1	63 1	76 1	71 1	49 1	37 1	11 1	56 1	26 1	72 1	31 1	69 1	73 1	30 1
78 1	51 1	11 1	13 1	4 1	20 1	35 1	38 1	33 1	26 1	31 1	0 1	76 1	25 1	44 1	62 1	59 1	17 1	73 1	12 1	1 1	57 1	22 1	30 1	36 1	42 1	21 1	8 1	5 1	65 1	14 1	50 1	79 1	32 1	18 1	28 1	67 1	77 1	63 1	48 1	24 1	72 1	10 1	3 1	41 1	45 1	47 1	53 1	66 1	39 1	34 1	60 1	15 1	54 1	43 1	16 1	6 1	29 1	75 1	23 1	61 1	55 1	64 1	71 1	2 1	49 1	46 1	68 1	40 1	70 1	9 1	52 1	74 1	56 1	37 1	69 1	19 1	7 1	58 1	27 1
66 1	17 1	73 1	21 1	65 1	77 1	2 1	56 1	40 1	51 1	78 1	69 1	37 1	22 1	39 1	59 1	5 1	11 1	42 1	50 1	27 1	34 1	18 1	38 1	8 1	12 1	6 1	70 1	33 1	25 1	35 1	55 1	24 1	43 1	57 1	7 1	48 1	75 1	32 1	74 1	3 1	15 1	61 1	20 1	1 1	49 1	14 1	68 1	45 1	10 1	54 1	29 1	36 1	26 1	31 1	4 1	60 1	64 1	19 1	52 1	67 1	9 1	23 1	41 1	0 1	58 1	76 1	63 1	79 1	44 1	16 1	71 1	28 1	13 1	30 1	47 1	46 1	53 1	72 1	62 1
31 1	17 1	43 1	75 1	56 1	39 1	47 1	48 1	78 1	33 1	37 1	72 1	5 1	30 1	49 1	57 1	16 1	71 1	44 1	23 1	58 1	76 1	66 1	35 1	64 1	65 1	2 1	10 1	70 1	24 1	1 1	51 1	15 1	20 1	55 1	45 1	50 1	0 1	21 1	29 1	36 1	60 1	53 1	32 1	14 1	11 1	22 1	6 1	79 1	67 1	62 1	77 1	25 1	46 1	59 1	3 1	18 1	41 1	4 1	63 1	61 1	28 1	40 1	12 1	42 1	34 1	54 1	52 1	13 1	38 1	74 1	9 1	26 1	8 1	68 1	73 1	27 1	19 1	69 1	7 1
31 1	61 1	43 1	51 1	40 1	22 1	28 1	63 1	78 1	48 1	9 1	25 1	27 1	55 1	72 1	74 1	47 1	7 1	44 1	66 1	37 1	56 1	20 1	52 1	2 1	36 1	14 1	16 1	77 1	8 1	79 1	29 1	6 1	62 1	57 1	42 1	18 1	15 1	39 1	11 1	24 1	73 1	19 1	33 1	68 1	54 1	67 1	12 1	69 1	26 1	3 1	30 1	64 1	23 1	21 1	49 1	38 1	70 1	34 1	32 1	13 1	5 1	71 1	76 1	41 1	45 1	60 1	46 1	53 1	1 1	75 1	10 1	0 1	17 1	65 1	50 1	4 1	58 1	35 1	59 1
0 1	26 1	46 1	37 1	6 1	19 1	31 1	55 1	33 1	17 1	48 1	44 1	41 1	3 1	68 1	16 1	54 1	2 1	15 1	30 1	27 1	21 1	60 1	32 1	45 1	9 1	62 1	75 1	5 1	65 1	18 1	34 1	57 1	76 1	38 1	67 1	63 1	70 1	36 1	22 1	79 1	43 1	42 1	51 1	25 1	56 1	23 1	58 1	29 1	49 1	12 1	64 1	53 1	66 1	52 1	14 1	13 1	39 1	50 1	4 1	73 1	78 1	11 1	7 1	35 1	72 1	1 1	20 1	61 1	69 1	71 1	8 1	40 1	47 1	10 1	24 1	28 1	59 1	74 1	77 1
63 1	55 1	50 1	24 1	36 1	6 1	42 1	74 1	40 1	4 1	47 1	3 1	46 1	13 1	57 1	61 1	1 1	22 1	19 1	72 1	44 1	7 1	27 1	32 1	9 1	11 1	67 1	56 1	12 1	14 1	17 1	51 1	2 1	30 1	45 1	79 1	21 1	60 1	5 1	10 1	69 1	65 1	43 1	29 1	73 1	26 1	49 1	41 1	25 1	16 1	75 1	71 1	31 1	48 1	33 1	76 1	58 1	77 1	35 1	0 1	15 1	59 1	54 1	23 1	34 1	78 1	66 1	18 1	53 1	28 1	8 1	37 1	62 1	39 1	68 1	38 1	52 1	70 1	20 1	64 1
79 1	61 1	69 1	71 1	40 1	1 1	17 1	42 1	47 1	29 1	31 1	65 1	7 1	55 1	34 1	62 1	72 1	20 1	5 1	32 1	25 1	60 1	36 1	52 1	24 1	78 1	43 1	28 1	63 1	66 1	13 1	33 1	41 1	58 1	26 1	16 1	39 1	54 1	44 1	2 1	76 1	14 1	59 1	46 1	10 1	53 1	19 1	15 1	73 1	51 1	3 1	23 1	56 1	8 1	6 1	30 1	50 1	11 1	64 1	38 1	27 1	37 1	68 1	0 1	77 1	57 1	67 1	18 1	21 1	75 1	12 1	4 1	9 1	22 1	70 1	48 1	45 1	35 1	49 1	74 1
65 1	19 1	34 1	14 1	52 1	79 1	11 1	64 1	78 1	68 1	20 1	37 1	15 1	38 1	36 1	40 1	54 1	71 1	6 1	72 1	49 1	10 1	8 1	33 1	47 1	30 1	29 1	62 1	13 1	46 1	3 1	66 1	39 1	43 1	58 1	35 1	0 1	31 1	25 1	17 1	53 1	75 1	1 1	22 1	70 1	48 1	56 1	76 1	23 1	9 1	45 1	24 1	28 1	74 1	44 1	41 1	16 1	55 1	67 1	2 1	4 1	21 1	18 1	27 1	50 1	5 1	63 1	73 1	59 1	7 1	77 1	12 1	32 1	61 1	26 1	42 1	57 1	60 1	51 1	69 1
30 1	65 1	67 1	55 1	70 1	57 1	21 1	38 1	49 1	9 1	44 1	68 1	59 1	79 1	51 1	35 1	78 1	28 1	69 1	58 1	11 1	72 1	54 1	42 1	39 1	31 1	74 1	32 1	18 1	53 1	24 1	17 1	10 1	37 1	66 1	23 1	61 1	45 1	22 1	48 1	50 1	43 1	2 1	19 1	62 1	63 1	12 1	3 1	47 1	46 1	40 1	60 1	13 1	6 1	26 1	7 1	27 1	71 1	0 1	73 1	75 1	56 1	25 1	64 1	33 1	20 1	52 1	16 1	36 1	76 1	8 1	77 1	29 1	4 1	15 1	41 1	14 1	5 1	1 1	34 1
19 1	52 1	18 1	16 1	45 1	62 1	13 1	70 1	74 1	65 1	25 1	60 1	41 1	44 1	40 1	72 1	9 1	1 1	71 1	61 1	78 1	28 1	8 1	24 1	50 1	67 1	5 1	39 1	34 1	73 1	76 1	33 1	68 1	64 1	56 1	6 1	36 1	49 1	79 1	47 1	0 1	29 1	69 1	10 1	48 1	63 1	12 1	2 1	46 1	4 1	15 1	75 1	21 1	30 1	26 1	11 1	31 1	23 1	58 1	3 1	38 1	37 1	51 1	14 1	35 1	55 1	66 1	7 1	59 1	22 1	42 1	43 1	32 1	20 1	53 1	17 1	57 1	54 1	77 1	27 1
60 1	69 1	2 1	23 1	16 1	61 1	46 1	47 1	9 1	51 1	11 1	75 1	68 1	48 1	45 1	14 1	21 1	71 1	7 1	13 1	44 1	72 1	12 1	30 1	38 1	78 1	64 1	52 1	39 1	79 1	10 1	0 1	19 1	32 1	76 1	65 1	36 1	37 1	43 1	63 1	24 1	27 1	34 1	6 1	50 1	25 1	1 1	62 1	17 1	53 1	8 1	41 1	74 1	77 1	55 1	29 1	15 1	58 1	59 1	70 1	33 1	18 1	4 1	31 1	67 1	35 1	57 1	49 1	73 1	5 1	28 1	20 1	3 1	56 1	22 1	40 1	66 1	42 1	54 1	26 1
51 1	19 1	10 1	5 1	61 1	70 1	41 1	78 1	22 1	17 1	50 1	26 1	16 1	6 1	2 1	77 1	3 1	4 1	71 1	55 1	65 1	24 1	75 1	39 1	33 1	43 1	32 1	11 1	30 1	18 1	62 1	7 1	58 1	49 1	37 1	59 1	63 1	9 1	34 1	44 1	42 1	53 1	25 1	68 1	13 1	20 1	0 1	27 1	40 1	28 1	73 1	54 1	35 1	57 1	14 1	67 1	8 1	66 1	29 1	21 1	64 1	52 1	36 1	23 1	12 1	38 1	1 1	56 1	15 1	60 1	72 1	69 1	47 1	74 1	45 1	76 1	79 1	46 1	48 1	31 1
70 1	68 1	71 1	45 1	50 1	35 1	27 1	77 1	30 1	74 1	38 1	43 1	4 1	60 1	42 1	28 1	79 1	12 1	33 1	9 1	37 1	19 1	53 1	1 1	57 1	75 1	64 1	22 1	76 1	78 1	11 1	41 1	55 1	48 1	13 1	8 1	2 1	25 1	54 1	69 1	5 1	34 1	72 1	29 1	44 1	26 1	62 1	58 1	24 1	51 1	31 1	66 1	46 1	32 1	47 1	18 1	17 1	59 1	65 1	73 1	63 1	49 1	21 1	14 1	0 1	20 1	39 1	40 1	6 1	7 1	56 1	67 1	10 1	61 1	16 1	3 1	15 1	23 1	52 1	36 1
1 1	6 1	71 1	69 1	40 1	41 1	79 1	54 1	34 1	16 1	60 1	51 1	35 1	37 1	31 1	14 1	15 1	72 1	59 1	61 1	20 1	57 1	12 1	78 1	25 1	70 1	64 1	49 1	65 1	18 1	24 1	27 1	47 1	76 1	63 1	45 1	46 1	39 1	62 1	55 1	30 1	28 1	38 1	53 1	22 1	29 1	50 1	67 1	17 1	4 1	2 1	26 1	33 1	21 1	48 1	77 1	32 1	13 1	44 1	56 1	68 1	0 1	74 1	36 1	5 1	73 1	19 1	10 1	75 1	66 1	52 1	43 1	23 1	11 1	9 1	3 1	7 1	58 1	42 1	8 1
69 1	1 1	35 1	17 1	14 1	5 1	24 1	58 1	63 1	48 1	34 1	70 1	39 1	32 1	2 1	79 1	59 1	51 1	13 1	22 1	0 1	71 1	11 1	53 1	64 1	72 1	9 1	76 1	4 1	47 1	21 1	67 1	50 1	30 1	16 1	75 1	6 1	43 1	62 1	77 1	60 1	12 1	26 1	7 1	19 1	61 1	15 1	3 1	78 1	46 1	25 1	73 1	42 1	10 1	41 1	56 1	65 1	23 1	31 1	40 1	33 1	8 1	44 1	57 1	18 1	20 1	66 1	28 1	45 1	38 1	27 1	37 1	74 1	52 1	36 1	49 1	55 1	29 1	68 1	54 1
47 1	37 1	67 1	28 1	31 1	6 1	13 1	71 1	27 1	5 1	38 1	1 1	16 1	15 1	25 1	21 1	49 1	62 1	40 1	58 1	79 1	20 1	73 1	29 1	77 1	50 1	65 1	30 1	55 1	32 1	39 1	35 1	53 1	76 1	66 1	56 1	72 1	7 1	74 1	46 1	19 1	0 1	9 1	68 1	41 1	34 1	2 1	51 1	70 1	33 1	69 1	22 1	75 1	14 1	24 1	57 1	60 1	48 1	17 1	11 1	45 1	26 1	23 1	3 1	12 1	54 1	8 1	61 1	78 1	42 1	52 1	64 1	59 1	4 1	63 1	10 1	18 1	36 1	43 1	44 1
14 1	27 1	13 1	32 1	36 1	54 1	73 1	58 1	2 1	71 1	25 1	29 1	56 1	19 1	72 1	79 1	28 1	37 1	16 1	43 1	22 1	76 1	39 1	5 1	60 1	23 1	65 1	57 1	66 1	61 1	0 1	52 1	78 1	6 1	45 1	18 1	67 1	70 1	55 1	59 1	62 1	1 1	40 1	47 1	42 1	50 1	74 1	69 1	8 1	20 1	33 1	68 1	64 1	15 1	30 1	17 1	75 1	26 1	24 1	41 1	34 1	31 1	35 1	53 1	9 1	7 1	77 1	12 1	63 1	38 1	49 1	10 1	48 1	4 1	3 1	46 1	21 1	51 1	11 1	44 1
39 1	17 1	38 1	11 1	72 1	55 1	19 1	3 1	1 1	74 1	42 1	63 1	34 1	47 1	29 1	69 1	23 1	22 1	78 1	57 1	18 1	56 1	64 1	27 1	73 1	53 1	76 1	7 1	49 1	6 1	79 1	37 1	58 1	50 1	66 1	75 1	36 1	10 1	35 1	32 1	60 1	28 1	62 1	44 1	2 1	54 1	48 1	52 1	45 1	25 1	4 1	61 1	71 1	51 1	43 1	59 1	24 1	31 1	8 1	41 1	68 1	65 1	9 1	40 1	70 1	0 1	33 1	12 1	13 1	77 1	5 1	21 1	67 1	20 1	26 1	16 1	15 1	46 1	30 1	14 1
21 1	35 1	43 1	74 1	47 1	38 1	65 1	29 1	14 1	30 1	71 1	52 1	25 1	27 1	4 1	7 1	73 1	72 1	17 1	3 1	11 1	24 1	19 1	20 1	53 1	18 1	59 1	34 1	41 1	26 1	62 1	55 1	10 1	48 1	13 1	8 1	2 1	44 1	50 1	78 1	46 1	51 1	23 1	32 1	12 1	76 1	61 1	68 1	58 1	64 1	67 1	66 1	37 1	9 1	79 1	22 1	15 1	77 1	6 1	54 1	70 1	1 1	0 1	40 1	36 1	57 1	69 1	42 1	45 1	39 1	31 1	16 1	33 1	75 1	63 1	28 1	56 1	49 1	5 1	60 1
49 1	36 1	21 1	19 1	78 1	25 1	76 1	20 1	22 1	0 1	32 1	41 1	40 1	72 1	24 1	48 1	10 1	63 1	1 1	34 1	30 1	55 1	5 1	70 1	38 1	17 1	26 1	9 1	56 1	37 1	11 1	71 1	8 1	60 1	2 1	57 1	14 1	53 1	3 1	27 1	28 1	4 1	31 1	73 1	46 1	59 1	68 1	15 1	54 1	7 1	12 1	52 1	62 1	79 1	77 1	51 1	35 1	18 1	39 1	44 1	50 1	69 1	47 1	45 1	65 1	67 1	66 1	74 1	29 1	13 1	75 1	64 1	42 1	33 1	43 1	58 1	16 1	6 1	61 1	23 1
20 1	75 1	14 1	51 1	79 1	6 1	77 1	9 1	7 1	35 1	63 1	27 1	62 1	15 1	13 1	74 1	73 1	21 1	72 1	66 1	71 1	65 1	3 1	78 1	28 1	55 1	22 1	45 1	46 1	70 1	32 1	41 1	11 1	34 1	4 1	59 1	39 1	26 1	61 1	44 1	50 1	18 1	1 1	48 1	0 1	29 1	57 1	31 1	5 1	58 1	42 1	33 1	43 1	8 1	16 1	68 1	69 1	40 1	54 1	52 1	17 1	25 1	47 1	60 1	67 1	49 1	36 1	64 1	56 1	12 1	10 1	30 1	2 1	76 1	23 1	38 1	19 1	53 1	24 1	37 1
29 1	11 1	54 1	17 1	72 1	61 1	60 1	22 1	65 1	55 1	77 1	10 1	20 1	63 1	50 1	76 1	3 1	53 1	32 1	8 1	79 1	26 1	21 1	23 1	73 1	68 1	78 1	43 1	52 1	45 1	30 1	62 1	69 1	27 1	7 1	37 1	5 1	75 1	38 1	46 1	57 1	71 1	14 1	40 1	51 1	74 1	39 1	18 1	49 1	34 1	66 1	13 1	47 1	25 1	31 1	4 1	0 1	58 1	6 1	35 1	1 1	48 1	59 1	12 1	9 1	15 1	16 1	64 1	42 1	67 1	41 1	33 1	56 1	24 1	28 1	36 1	19 1	44 1	70 1	2 1
73 1	51 1	14 1	56 1	2 1	71 1	16 1	24 1	31 1	47 1	39 1	22 1	61 1	38 1	3 1	49 1	68 1	27 1	69 1	23 1	74 1	60 1	32 1	52 1	43 1	66 1	59 1	75 1	25 1	20 1	30 1	72 1	50 1	62 1	34 1	37 1	48 1	45 1	12 1	6 1	15 1	54 1	5 1	7 1	67 1	35 1	9 1	33 1	17 1	8 1	40 1	77 1	42 1	13 1	29 1	46 1	41 1	36 1	19 1	11 1	26 1	57 1	79 1	63 1	55 1	76 1	10 1	65 1	53 1	44 1	1 1	64 1	21 1	18 1	4 1	0 1	78 1	70 1	28 1	58 1
66 1	16 1	67 1	4 1	56 1	38 1	19 1	50 1	48 1	12 1	79 1	54 1	8 1	55 1	75 1	44 1	68 1	41 1	52 1	28 1	72 1	40 1	76 1	6 1	18 1	23 1	73 1	33 1	5 1	45 1	24 1	74 1	53 1	14 1	63 1	17 1	71 1	29 1	62 1	61 1	77 1	13 1	22 1	2 1	42 1	70 1	60 1	34 1	46 1	31 1	43 1	20 1	15 1	30 1	32 1	36 1	64 1	1 1	35 1	21 1	69 1	47 1	51 1	59 1	27 1	78 1	9 1	37 1	7 1	3 1	10 1	58 1	26 1	11 1	49 1	57 1	39 1	25 1	65 1	0 1
21 1	64 1	78 1	27 1	60 1	63 1	5 1	34 1	76 1	4 1	51 1	67 1	33 1	41 1	20 1	71 1	30 1	56 1	22 1	35 1	55 1	72 1	50 1	62 1	24 1	14 1	68 1	48 1	46 1	65 1	36 1	1 1	19 1	29 1	15 1	77 1	28 1	16 1	43 1	39 1	8 1	17 1	26 1	73 1	0 1	37 1	32 1	52 1	45 1	53 1	12 1	3 1	23 1	11 1	70 1	74 1	49 1	6 1	66 1	75 1	58 1	10 1	42 1	79 1	38 1	13 1	69 1	59 1	57 1	47 1	2 1	25 1	18 1	31 1	40 1	7 1	44 1	61 1	9 1	54 1
22 1	39 1	21 1	36 1	27 1	0 1	77 1	3 1	8 1	50 1	33 1	53 1	29 1	9 1	4 1	26 1	14 1	16 1	48 1	59 1	28 1	17 1	63 1	31 1	47 1	23 1	72 1	44 1	70 1	54 1	58 1	49 1	15 1	65 1	40 1	43 1	2 1	7 1	62 1	5 1	11 1	57 1	60 1	75 1	6 1	61 1	12 1	74 1	71 1	73 1	19 1	76 1	69 1	37 1	78 1	1 1	38 1	30 1	51 1	41 1	45 1	67 1	79 1	18 1	42 1	25 1	66 1	56 1	64 1	24 1	55 1	46 1	52 1	34 1	13 1	68 1	32 1	10 1	20 1	35 1
10 1	6 1	5 1	54 1	29 1	73 1	36 1	17 1	13 1	65 1	12 1	43 1	50 1	51 1	71 1	39 1	35 1	14 1	28 1	44 1	47 1	55 1	26 1	46 1	8 1	68 1	64 1	32 1	57 1	40 1	45 1	22 1	66 1	78 1	69 1	2 1	4 1	79 1	3 1	0 1	52 1	70 1	19 1	25 1	53 1	38 1	49 1	63 1	62 1	77 1	34 1	30 1	74 1	42 1	58 1	27 1	76 1	9 1	59 1	60 1	33 1	72 1	7 1	48 1	20 1	18 1	37 1	15 1	41 1	67 1	21 1	56 1	61 1	75 1	1 1	31 1	16 1	11 1	24 1	23 1
2 1	73 1	45 1	9 1	7 1	16 1	24 1	56 1	47 1	32 1	54 1	18 1	23 1	33 1	4 1	6 1	50 1	34 1	66 1	59 1	15 1	1 1	26 1	14 1	74 1	63 1	42 1	57 1	13 1	38 1	77 1	48 1	69 1	75 1	21 1	25 1	55 1	29 1	46 1	44 1	60 1	22 1	39 1	62 1	8 1	3 1	41 1	36 1	19 1	37 1	76 1	28 1	51 1	72 1	11 1	49 1	65 1	31 1	70 1	79 1	67 1	27 1	12 1	53 1	71 1	68 1	10 1	64 1	52 1	78 1	58 1	20 1	61 1	30 1	5 1	35 1	17 1	0 1	40 1	43 1
11 1	13 1	71 1	79 1	18 1	52 1	12 1	8 1	14 1	78 1	45 1	23 1	54 1	29 1	39 1	63 1	77 1	43 1	20 1	58 1	1 1	76 1	40 1	5 1	62 1	7 1	31 1	6 1	0 1	50 1	26 1	28 1	65 1	70 1	27 1	49 1	60 1	67 1	74 1	35 1	72 1	47 1	36 1	59 1	66 1	4 1	61 1	51 1	19 1	75 1	73 1	64 1	48 1	53 1	25 1	2 1	37 1	56 1	69 1	68 1	41 1	9 1	34 1	33 1	21 1	30 1	32 1	17 1	22 1	42 1	38 1	15 1	46 1	57 1	44 1	24 1	10 1	16 1	55 1	3 1
65 1	71 1	2 1	17 1	57 1	42 1	12 1	11 1	23 1	60 1	79 1	73 1	46 1	25 1	14 1	51 1	58 1	31 1	55 1	16 1	38 1	49 1	63 1	75 1	7 1	22 1	9 1	6 1	21 1	15 1	26 1	64 1	13 1	76 1	74 1	34 1	69 1	35 1	29 1	43 1	18 1	1 1	3 1	52 1	78 1	66 1	70 1	10 1	72 1	37 1	40 1	48 1	44 1	27 1	41 1	30 1	62 1	32 1	59 1	54 1	0 1	24 1	33 1	67 1	36 1	56 1	19 1	77 1	5 1	28 1	47 1	39 1	53 1	8 1	4 1	61 1	68 1	20 1	50 1	45 1
15 1	21 1	69 1	58 1	55 1	33 1	39 1	44 1	74 1	36 1	32 1	3 1	4 1	57 1	14 1	49 1	56 1	25 1	37 1	59 1	52 1	45 1	22 1	23 1	9 1	29 1	34 1	40 1	7 1	42 1	27 1	77 1	47 1	54 1	61 1	63 1	48 1	28 1	46 1	12 1	67 1	51 1	20 1	66 1	78 1	17 1	31 1	6 1	5 1	75 1	60 1	0 1	16 1	35 1	10 1	24 1	13 1	72 1	53 1	76 1	71 1	73 1	18 1	64 1	19 1	26 1	70 1	68 1	79 1	65 1	50 1	62 1	8 1	38 1	1 1	30 1	43 1	11 1	2 1	41 1
57 1	48 1	33 1	15 1	54 1	61 1	42 1	69 1	63 1	43 1	58 1	24 1	25 1	62 1	67 1	10 1	36 1	41 1	66 1	30 1	71 1	4 1	16 1	18 1	38 1	60 1	35 1	26 1	21 1	68 1	51 1	28 1	6 1	77 1	37 1	52 1	12 1	14 1	47 1	76 1	75 1	22 1	17 1	64 1	0 1	11 1	49 1	13 1	20 1	53 1	55 1	46 1	74 1	23 1	78 1	39 1	5 1	72 1	73 1	8 1	32 1	3 1	27 1	45 1	34 1	56 1	44 1	65 1	7 1	59 1	1 1	31 1	19 1	2 1	70 1	50 1	29 1	9 1	79 1	40 1
24 1	58 1	71 1	67 1	13 1	34 1	12 1	30 1	22 1	35 1	20 1	10 1	46 1	49 1	53 1	66 1	21 1	15 1	32 1	56 1	6 1	38 1	33 1	78 1	18 1	0 1	61 1	51 1	11 1	39 1	52 1	26 1	47 1	29 1	37 1	3 1	64 1	31 1	40 1	74 1	76 1	27 1	45 1	14 1	73 1	50 1	59 1	65 1	44 1	48 1	41 1	69 1	9 1	23 1	72 1	54 1	43 1	16 1	28 1	7 1	55 1	68 1	77 1	1 1	2 1	79 1	25 1	19 1	63 1	8 1	57 1	4 1	75 1	5 1	62 1	60 1	42 1	36 1	70 1	17 1
71 1	79 1	32 1	50 1	27 1	3 1	70 1	25 1	20 1	0 1	44 1	35 1	36 1	31 1	64 1	24 1	62 1	60 1	57 1	58 1	18 1	55 1	75 1	37 1	78 1	61 1	13 1	77 1	33 1	42 1	21 1	46 1	29 1	53 1	65 1	40 1	23 1	17 1	68 1	52 1	63 1	2 1	22 1	69 1	51 1	49 1	4 1	6 1	74 1	67 1	30 1	16 1	76 1	12 1	1 1	48 1	43 1	39 1	8 1	73 1	7 1	66 1	59 1	14 1	72 1	10 1	15 1	11 1	28 1	54 1	5 1	45 1	56 1	38 1	41 1	9 1	19 1	34 1	47 1	26 1
7 1	78 1	53 1	14 1	28 1	54 1	48 1	25 1	13 1	47 1	58 1	34 1	46 1	3 1	38 1	23 1	0 1	67 1	59 1	57 1	66 1	40 1	50 1	32 1	55 1	26 1	22 1	71 1	62 1	76 1	11 1	42 1	69 1	51 1	33 1	12 1	63 1	73 1	27 1	41 1	43 1	49 1	37 1	56 1	44 1	79 1	64 1	72 1	77 1	20 1	61 1	8 1	52 1	68 1	15 1	9 1	65 1	1 1	16 1	70 1	31 1	45 1	2 1	4 1	39 1	10 1	18 1	5 1	36 1	29 1	24 1	6 1	75 1	17 1	60 1	74 1	30 1	35 1	19 1	21 1
72 1	21 1	41 1	65 1	14 1	78 1	71 1	26 1	52 1	29 1	49 1	42 1	30 1	37 1	47 1	4 1	1 1	2 1	11 1	45 1	31 1	12 1	8 1	38 1	27 1	73 1	9 1	0 1	16 1	35 1	22 1	70 1	58 1	18 1	51 1	68 1	25 1	43 1	32 1	23 1	54 1	40 1	44 1	3 1	15 1	36 1	75 1	53 1	46 1	20 1	50 1	64 1	33 1	79 1	67 1	56 1	59 1	62 1	66 1	48 1	55 1	63 1	39 1	19 1	74 1	10 1	57 1	60 1	6 1	69 1	76 1	61 1	28 1	34 1	7 1	77 1	5 1	24 1	13 1	17 1
22 1	43 1	12 1	3 1	16 1	39 1	23 1	24 1	76 1	47 1	61 1	73 1	62 1	51 1	15 1	44 1	64 1	30 1	38 1	65 1	37 1	70 1	6 1	75 1	63 1	10 1	14 1	42 1	78 1	71 1	34 1	5 1	8 1	4 1	31 1	36 1	46 1	48 1	32 1	2 1	28 1	26 1	79 1	1 1	68 1	21 1	45 1	20 1	60 1	49 1	7 1	55 1	54 1	41 1	13 1	77 1	25 1	18 1	19 1	17 1	27 1	33 1	58 1	69 1	0 1	56 1	35 1	57 1	52 1	59 1	53 1	72 1	11 1	67 1	9 1	74 1	66 1	50 1	29 1	40 1
54 1	62 1	38 1	9 1	22 1	35 1	13 1	8 1	10 1	74 1	0 1	73 1	7 1	31 1	76 1	37 1	57 1	17 1	41 1	71 1	32 1	47 1	12 1	26 1	2 1	1 1	67 1	59 1	30 1	53 1	49 1	40 1	27 1	78 1	4 1	61 1	5 1	3 1	14 1	11 1	42 1	70 1	36 1	33 1	16 1	6 1	45 1	44 1	43 1	75 1	66 1	65 1	52 1	48 1	18 1	34 1	15 1	56 1	64 1	25 1	28 1	20 1	24 1	21 1	46 1	60 1	55 1	39 1	69 1	72 1	68 1	29 1	51 1	79 1	50 1	77 1	58 1	23 1	19 1	63 1
75 1	26 1	42 1	22 1	54 1	25 1	66 1	12 1	74 1	55 1	65 1	45 1	4 1	46 1	18 1	15 1	31 1	64 1	6 1	59 1	44 1	20 1	24 1	34 1	1 1	57 1	30 1	71 1	28 1	70 1	2 1	0 1	78 1	47 1	67 1	50 1	13 1	38 1	79 1	19 1	11 1	17 1	62 1	61 1	43 1	68 1	72 1	63 1	52 1	9 1	41 1	36 1	51 1	37 1	39 1	60 1	76 1	7 1	33 1	16 1	73 1	14 1	77 1	56 1	3 1	48 1	40 1	69 1	29 1	53 1	5 1	49 1	10 1	23 1	8 1	35 1	27 1	32 1	21 1	58 1
9 1	32 1	20 1	70 1	11 1	55 1	77 1	24 1	51 1	3 1	29 1	41 1	19 1	64 1	66 1	1 1	57 1	31 1	68 1	43 1	48 1	38 1	4 1	35 1	36 1	54 1	47 1	17 1	61 1	76 1	42 1	58 1	59 1	40 1	53 1	7 1	30 1	22 1	37 1	15 1	14 1	73 1	28 1	50 1	49 1	12 1	26 1	8 1	6 1	46 1	34 1	16 1	63 1	33 1	71 1	78 1	65 1	18 1	45 1	2 1	5 1	25 1	23 1	60 1	13 1	44 1	27 1	75 1	0 1	69 1	39 1	67 1	72 1	56 1	21 1	79 1	74 1	10 1	52 1	62 1
68 1	14 1	43 1	11 1	32 1	67 1	48 1	6 1	39 1	18 1	51 1	13 1	27 1	38 1	47 1	10 1	34 1	40 1	58 1	33 1	8 1	64 1	36 1	21 1	15 1	1 1	42 1	5 1	55 1	74 1	61 1	73 1	41 1	16 1	60 1	44 1	52 1	17 1	70 1	49 1	75 1	29 1	30 1	66 1	3 1	4 1	56 1	76 1	62 1	7 1	9 1	54 1	53 1	59 1	31 1	57 1	65 1	50 1	28 1	46 1	25 1	12 1	72 1	71 1	23 1	20 1	37 1	24 1	26 1	78 1	69 1	19 1	2 1	79 1	22 1	35 1	63 1	45 1	0 1	77 1
40 1	70 1	68 1	45 1	56 1	4 1	27 1	42 1	28 1	5 1	78 1	16 1	3 1	60 1	71 1	35 1	6 1	31 1	74 1	79 1	48 1	9 1	62 1	12 1	8 1	37 1	10 1	0 1	63 1	67 1	44 1	77 1	25 1	51 1	20 1	43 1	65 1	22 1	53 1	23 1	76 1	75 1	47 1	1 1	30 1	73 1	58 1	34 1	61 1	18 1	24 1	29 1	15 1	49 1	13 1	19 1	72 1	52 1	59 1	64 1	66 1	7 1	41 1	46 1	39 1	11 1	26 1	21 1	55 1	14 1	69 1	2 1	17 1	57 1	38 1	36 1	32 1	33 1	50 1	54 1
