40	90
5 1	8 1	87 1	11 1	69 1	52 1	13 1	64 1	77 1	32 1	55 1	36 1	86 1	35 1	37 1	82 1	59 1	85 1	31 1	14 1	49 1	19 1	7 1	3 1	18 1	34 1	62 1	54 1	84 1	42 1	2 1	61 1	79 1	15 1	57 1	66 1	16 1	89 1	47 1	39 1	40 1	1 1	75 1	58 1	43 1	80 1	22 1	4 1	76 1	24 1	50 1	26 1	46 1	53 1	83 1	38 1	21 1	33 1	88 1	51 1	44 1	73 1	28 1	23 1	71 1	70 1	56 1	10 1	12 1	63 1	74 1	29 1	41 1	20 1	9 1	78 1	27 1	30 1	60 1	72 1	48 1	67 1	65 1	17 1	81 1	25 1	68 1	6 1	0 1	45 1
48 1	75 1	39 1	86 1	26 1	20 1	89 1	1 1	8 1	84 1	76 1	36 1	70 1	18 1	2 1	54 1	30 1	37 1	25 1	50 1	56 1	10 1	69 1	64 1	4 1	32 1	85 1	0 1	63 1	46 1	88 1	68 1	12 1	38 1	44 1	62 1	73 1	24 1	77 1	7 1	19 1	13 1	22 1	78 1	41 1	66 1	67 1	87 1	11 1	6 1	15 1	17 1	61 1	28 1	57 1	42 1	31 1	43 1	71 1	58 1	51 1	14 1	83 1	9 1	81 1	29 1	59 1	82 1	52 1	33 1	72 1	49 1	47 1	3 1	35 1	16 1	23 1	45 1	34 1	40 1	74 1	80 1	21 1	65 1	27 1	53 1	60 1	55 1	79 1	5 1
64 1	47 1	8 1	85 1	20 1	22 1	25 1	49 1	48 1	84 1	28 1	21 1	31 1	58 1	72 1	6 1	41 1	69 1	13 1	55 1	2 1	83 1	39 1	35 1	70 1	79 1	74 1	50 1	24 1	67 1	0 1	1 1	59 1	75 1	11 1	89 1	42 1	66 1	19 1	15 1	73 1	30 1	9 1	61 1	86 1	60 1	29 1	87 1	71 1	33 1	44 1	88 1	4 1	76 1	82 1	17 1	53 1	5 1	68 1	56 1	23 1	45 1	14 1	81 1	34 1	57 1	77 1	43 1	27 1	16 1	54 1	62 1	51 1	37 1	12 1	46 1	32 1	65 1	10 1	40 1	18 1	38 1	78 1	26 1	80 1	7 1	52 1	3 1	63 1	36 1
5 1	72 1	19 1	51 1	88 1	87 1	3 1	42 1	17 1	75 1	23 1	41 1	11 1	15 1	9 1	69 1	63 1	22 1	16 1	84 1	44 1	83 1	13 1	45 1	8 1	89 1	79 1	76 1	55 1	10 1	34 1	14 1	0 1	68 1	60 1	35 1	29 1	31 1	58 1	4 1	59 1	82 1	12 1	36 1	50 1	86 1	32 1	43 1	48 1	71 1	78 1	27 1	38 1	33 1	77 1	28 1	53 1	25 1	62 1	6 1	24 1	54 1	80 1	37 1	81 1	64 1	7 1	70 1	49 1	21 1	56 1	20 1	1 1	74 1	30 1	26 1	73 1	2 1	40 1	39 1	85 1	52 1	18 1	66 1	61 1	46 1	47 1	67 1	57 1	65 1
60 1	5 1	0 1	16 1	71 1	56 1	14 1	37 1	63 1	48 1	55 1	18 1	43 1	46 1	20 1	65 1	45 1	39 1	11 1	59 1	28 1	19 1	12 1	78 1	86 1	22 1	3 1	82 1	23 1	70 1	7 1	53 1	36 1	73 1	24 1	6 1	38 1	21 1	69 1	57 1	27 1	47 1	79 1	41 1	52 1	30 1	2 1	88 1	17 1	66 1	1 1	83 1	84 1	76 1	54 1	34 1	35 1	32 1	61 1	40 1	15 1	8 1	58 1	77 1	89 1	33 1	87 1	67 1	64 1	75 1	51 1	68 1	10 1	31 1	42 1	62 1	29 1	4 1	85 1	50 1	26 1	74 1	25 1	80 1	44 1	13 1	72 1	9 1	49 1	81 1
30 1	27 1	5 1	46 1	32 1	4 1	82 1	24 1	57 1	37 1	43 1	67 1	34 1	64 1	15 1	83 1	38 1	21 1	58 1	80 1	77 1	0 1	49 1	66 1	63 1	13 1	39 1	68 1	52 1	45 1	78 1	56 1	50 1	11 1	29 1	14 1	85 1	61 1	76 1	8 1	28 1	23 1	48 1	84 1	25 1	2 1	40 1	65 1	55 1	74 1	12 1	1 1	59 1	6 1	42 1	36 1	73 1	86 1	19 1	44 1	72 1	69 1	79 1	16 1	53 1	20 1	26 1	89 1	33 1	41 1	9 1	70 1	81 1	35 1	60 1	7 1	87 1	17 1	75 1	31 1	47 1	10 1	54 1	71 1	3 1	88 1	22 1	51 1	18 1	62 1
1 1	10 1	28 1	2 1	50 1	83 1	59 1	69 1	42 1	44 1	14 1	29 1	23 1	88 1	47 1	17 1	52 1	40 1	76 1	33 1	84 1	81 1	15 1	89 1	72 1	36 1	54 1	0 1	63 1	6 1	11 1	61 1	26 1	49 1	77 1	20 1	43 1	74 1	18 1	71 1	70 1	79 1	30 1	55 1	31 1	25 1	73 1	8 1	38 1	82 1	7 1	27 1	35 1	86 1	39 1	4 1	53 1	46 1	65 1	87 1	32 1	13 1	78 1	51 1	67 1	60 1	5 1	9 1	22 1	3 1	80 1	19 1	57 1	45 1	37 1	68 1	56 1	64 1	21 1	48 1	75 1	41 1	58 1	34 1	85 1	12 1	16 1	24 1	62 1	66 1
10 1	86 1	87 1	13 1	46 1	41 1	49 1	17 1	53 1	68 1	45 1	52 1	83 1	11 1	79 1	33 1	54 1	69 1	67 1	1 1	3 1	20 1	42 1	22 1	31 1	28 1	44 1	60 1	23 1	4 1	30 1	18 1	38 1	2 1	37 1	62 1	76 1	14 1	70 1	57 1	43 1	39 1	85 1	63 1	35 1	32 1	34 1	72 1	40 1	88 1	36 1	47 1	56 1	48 1	50 1	71 1	24 1	78 1	25 1	65 1	19 1	16 1	7 1	82 1	15 1	81 1	75 1	55 1	61 1	21 1	84 1	0 1	12 1	89 1	80 1	77 1	74 1	73 1	26 1	66 1	59 1	6 1	51 1	9 1	29 1	8 1	27 1	64 1	5 1	58 1
71 1	17 1	2 1	1 1	61 1	69 1	23 1	7 1	25 1	8 1	35 1	50 1	4 1	38 1	81 1	83 1	76 1	87 1	84 1	6 1	44 1	28 1	40 1	46 1	18 1	22 1	10 1	86 1	3 1	75 1	19 1	39 1	66 1	67 1	80 1	79 1	21 1	48 1	27 1	54 1	0 1	9 1	41 1	29 1	64 1	56 1	65 1	55 1	15 1	60 1	78 1	26 1	16 1	58 1	13 1	12 1	59 1	36 1	82 1	68 1	5 1	51 1	14 1	43 1	85 1	52 1	89 1	73 1	32 1	70 1	45 1	63 1	77 1	20 1	11 1	33 1	62 1	72 1	24 1	37 1	53 1	30 1	47 1	74 1	42 1	31 1	34 1	88 1	49 1	57 1
68 1	42 1	63 1	89 1	5 1	82 1	1 1	40 1	43 1	38 1	16 1	6 1	86 1	23 1	48 1	29 1	31 1	56 1	78 1	65 1	58 1	25 1	47 1	57 1	39 1	32 1	60 1	59 1	49 1	22 1	2 1	17 1	10 1	54 1	24 1	4 1	87 1	74 1	36 1	53 1	75 1	30 1	13 1	79 1	18 1	55 1	66 1	69 1	14 1	72 1	33 1	7 1	27 1	88 1	26 1	85 1	20 1	19 1	51 1	12 1	45 1	28 1	76 1	81 1	21 1	73 1	77 1	67 1	71 1	0 1	15 1	3 1	37 1	83 1	61 1	35 1	44 1	70 1	84 1	64 1	9 1	11 1	8 1	50 1	46 1	62 1	34 1	52 1	41 1	80 1
9 1	65 1	16 1	10 1	46 1	25 1	77 1	36 1	86 1	62 1	1 1	56 1	66 1	76 1	20 1	52 1	53 1	61 1	82 1	19 1	11 1	74 1	50 1	88 1	43 1	80 1	51 1	33 1	63 1	47 1	64 1	38 1	58 1	48 1	2 1	14 1	7 1	49 1	28 1	0 1	70 1	4 1	42 1	44 1	57 1	26 1	73 1	17 1	12 1	15 1	34 1	18 1	6 1	89 1	71 1	45 1	5 1	27 1	24 1	30 1	40 1	41 1	68 1	22 1	13 1	72 1	75 1	32 1	35 1	78 1	85 1	29 1	67 1	3 1	87 1	55 1	81 1	79 1	54 1	21 1	23 1	31 1	39 1	84 1	59 1	37 1	60 1	8 1	69 1	83 1
7 1	33 1	89 1	71 1	77 1	68 1	67 1	11 1	88 1	36 1	79 1	78 1	75 1	82 1	2 1	84 1	19 1	18 1	58 1	50 1	39 1	4 1	22 1	86 1	15 1	37 1	74 1	72 1	48 1	31 1	47 1	83 1	49 1	57 1	54 1	46 1	34 1	13 1	23 1	24 1	52 1	29 1	30 1	63 1	20 1	9 1	38 1	8 1	27 1	69 1	51 1	80 1	0 1	6 1	16 1	17 1	59 1	41 1	10 1	32 1	3 1	26 1	1 1	43 1	53 1	76 1	25 1	14 1	60 1	70 1	81 1	44 1	40 1	45 1	65 1	66 1	73 1	12 1	55 1	35 1	64 1	56 1	62 1	85 1	28 1	61 1	5 1	87 1	42 1	21 1
46 1	42 1	11 1	64 1	53 1	6 1	36 1	43 1	56 1	59 1	66 1	68 1	85 1	30 1	23 1	8 1	40 1	89 1	12 1	20 1	29 1	25 1	58 1	47 1	84 1	79 1	62 1	41 1	14 1	86 1	61 1	50 1	4 1	70 1	16 1	22 1	77 1	21 1	39 1	1 1	32 1	63 1	49 1	78 1	52 1	71 1	48 1	15 1	28 1	18 1	45 1	19 1	83 1	24 1	74 1	13 1	51 1	73 1	26 1	88 1	60 1	65 1	38 1	54 1	35 1	72 1	9 1	3 1	10 1	80 1	5 1	27 1	17 1	55 1	34 1	2 1	82 1	57 1	37 1	33 1	0 1	44 1	67 1	75 1	69 1	31 1	7 1	76 1	87 1	81 1
57 1	8 1	51 1	34 1	89 1	43 1	39 1	24 1	76 1	85 1	4 1	50 1	22 1	88 1	9 1	68 1	40 1	38 1	30 1	37 1	25 1	80 1	13 1	61 1	47 1	42 1	65 1	16 1	71 1	41 1	62 1	81 1	12 1	79 1	64 1	28 1	33 1	17 1	19 1	26 1	74 1	10 1	83 1	21 1	36 1	6 1	56 1	69 1	87 1	29 1	15 1	82 1	32 1	75 1	77 1	48 1	3 1	60 1	27 1	72 1	23 1	0 1	18 1	7 1	1 1	58 1	5 1	49 1	63 1	78 1	67 1	31 1	44 1	54 1	35 1	20 1	52 1	2 1	70 1	46 1	53 1	73 1	11 1	14 1	45 1	84 1	59 1	86 1	66 1	55 1
64 1	58 1	8 1	0 1	86 1	65 1	4 1	22 1	9 1	10 1	69 1	23 1	81 1	54 1	47 1	15 1	18 1	75 1	78 1	37 1	42 1	1 1	77 1	34 1	48 1	27 1	66 1	20 1	50 1	82 1	49 1	51 1	26 1	89 1	55 1	17 1	63 1	52 1	45 1	33 1	70 1	87 1	72 1	44 1	28 1	61 1	56 1	79 1	76 1	12 1	71 1	13 1	32 1	19 1	41 1	36 1	73 1	39 1	40 1	88 1	5 1	84 1	46 1	59 1	68 1	7 1	53 1	43 1	25 1	80 1	14 1	31 1	24 1	2 1	16 1	35 1	29 1	60 1	67 1	11 1	21 1	74 1	57 1	3 1	85 1	62 1	83 1	30 1	38 1	6 1
5 1	37 1	34 1	45 1	12 1	46 1	1 1	70 1	54 1	43 1	89 1	51 1	63 1	28 1	29 1	69 1	59 1	68 1	88 1	8 1	77 1	66 1	9 1	30 1	60 1	24 1	32 1	26 1	52 1	48 1	55 1	22 1	67 1	58 1	65 1	17 1	21 1	42 1	47 1	7 1	10 1	87 1	49 1	41 1	85 1	71 1	82 1	53 1	25 1	78 1	15 1	19 1	18 1	2 1	86 1	31 1	50 1	0 1	56 1	84 1	13 1	81 1	79 1	38 1	14 1	33 1	74 1	20 1	64 1	44 1	83 1	11 1	3 1	40 1	73 1	80 1	76 1	35 1	39 1	6 1	61 1	75 1	36 1	16 1	72 1	4 1	23 1	27 1	57 1	62 1
55 1	27 1	6 1	24 1	67 1	44 1	20 1	84 1	72 1	50 1	86 1	39 1	12 1	25 1	60 1	80 1	64 1	77 1	40 1	78 1	15 1	35 1	23 1	82 1	11 1	43 1	69 1	36 1	34 1	74 1	81 1	41 1	10 1	48 1	7 1	54 1	59 1	57 1	53 1	46 1	62 1	13 1	68 1	32 1	63 1	65 1	42 1	16 1	85 1	17 1	31 1	56 1	79 1	88 1	89 1	5 1	8 1	30 1	4 1	71 1	0 1	37 1	18 1	66 1	87 1	47 1	19 1	1 1	52 1	83 1	9 1	61 1	22 1	38 1	14 1	28 1	21 1	73 1	2 1	3 1	76 1	49 1	26 1	70 1	45 1	29 1	33 1	51 1	58 1	75 1
48 1	14 1	57 1	89 1	11 1	42 1	4 1	17 1	40 1	83 1	30 1	75 1	24 1	51 1	71 1	64 1	85 1	20 1	68 1	84 1	0 1	67 1	33 1	16 1	63 1	35 1	74 1	61 1	77 1	39 1	25 1	69 1	62 1	87 1	45 1	41 1	50 1	66 1	43 1	26 1	81 1	47 1	46 1	88 1	56 1	27 1	10 1	2 1	49 1	44 1	23 1	60 1	18 1	31 1	38 1	86 1	59 1	55 1	36 1	9 1	6 1	28 1	8 1	15 1	76 1	3 1	12 1	22 1	54 1	13 1	5 1	80 1	32 1	82 1	72 1	21 1	52 1	65 1	78 1	70 1	79 1	29 1	53 1	19 1	58 1	37 1	73 1	34 1	7 1	1 1
6 1	40 1	78 1	25 1	31 1	86 1	75 1	76 1	64 1	5 1	66 1	85 1	50 1	55 1	21 1	53 1	57 1	34 1	52 1	14 1	19 1	84 1	77 1	22 1	71 1	23 1	56 1	37 1	9 1	65 1	16 1	81 1	46 1	33 1	24 1	29 1	12 1	74 1	30 1	59 1	79 1	41 1	80 1	15 1	82 1	11 1	51 1	44 1	58 1	48 1	42 1	2 1	87 1	27 1	67 1	1 1	38 1	3 1	72 1	54 1	0 1	61 1	62 1	73 1	60 1	7 1	43 1	10 1	18 1	89 1	13 1	36 1	83 1	26 1	45 1	39 1	69 1	68 1	32 1	88 1	8 1	20 1	4 1	63 1	35 1	17 1	70 1	49 1	47 1	28 1
70 1	78 1	19 1	34 1	66 1	28 1	9 1	24 1	46 1	7 1	83 1	79 1	2 1	75 1	36 1	62 1	40 1	31 1	38 1	17 1	18 1	32 1	76 1	54 1	43 1	59 1	52 1	39 1	49 1	1 1	8 1	85 1	77 1	57 1	35 1	33 1	6 1	87 1	27 1	5 1	42 1	69 1	65 1	20 1	81 1	15 1	11 1	58 1	51 1	12 1	44 1	16 1	63 1	50 1	23 1	30 1	89 1	3 1	10 1	82 1	64 1	13 1	84 1	25 1	61 1	60 1	48 1	29 1	80 1	71 1	72 1	88 1	45 1	4 1	68 1	53 1	86 1	0 1	37 1	55 1	14 1	22 1	41 1	67 1	74 1	73 1	26 1	47 1	56 1	21 1
27 1	11 1	45 1	54 1	83 1	88 1	37 1	85 1	47 1	74 1	18 1	35 1	66 1	20 1	50 1	41 1	13 1	86 1	44 1	24 1	3 1	55 1	71 1	59 1	17 1	2 1	68 1	52 1	29 1	51 1	65 1	67 1	38 1	33 1	16 1	15 1	76 1	28 1	10 1	73 1	7 1	43 1	80 1	25 1	57 1	46 1	8 1	22 1	6 1	53 1	62 1	48 1	58 1	26 1	36 1	32 1	42 1	77 1	61 1	72 1	63 1	9 1	75 1	70 1	64 1	19 1	0 1	30 1	40 1	34 1	69 1	1 1	87 1	78 1	4 1	84 1	81 1	56 1	12 1	82 1	31 1	23 1	21 1	39 1	5 1	14 1	49 1	89 1	79 1	60 1
55 1	89 1	5 1	1 1	87 1	80 1	13 1	51 1	4 1	30 1	85 1	49 1	88 1	42 1	62 1	58 1	52 1	34 1	0 1	78 1	38 1	31 1	65 1	74 1	82 1	9 1	50 1	40 1	68 1	44 1	7 1	39 1	47 1	16 1	28 1	64 1	66 1	67 1	73 1	18 1	3 1	81 1	86 1	72 1	46 1	71 1	24 1	63 1	45 1	70 1	19 1	32 1	59 1	36 1	25 1	53 1	20 1	61 1	8 1	69 1	23 1	35 1	6 1	21 1	75 1	26 1	27 1	33 1	48 1	17 1	15 1	41 1	60 1	77 1	57 1	11 1	14 1	83 1	29 1	2 1	56 1	22 1	84 1	37 1	79 1	76 1	12 1	43 1	54 1	10 1
14 1	43 1	48 1	38 1	62 1	27 1	72 1	7 1	50 1	53 1	39 1	80 1	34 1	89 1	77 1	20 1	45 1	58 1	6 1	83 1	54 1	87 1	52 1	29 1	17 1	23 1	13 1	41 1	1 1	65 1	84 1	42 1	21 1	47 1	76 1	88 1	9 1	69 1	71 1	86 1	81 1	40 1	64 1	10 1	82 1	46 1	28 1	11 1	32 1	61 1	24 1	85 1	2 1	12 1	51 1	31 1	19 1	16 1	8 1	70 1	56 1	63 1	59 1	78 1	26 1	30 1	37 1	4 1	22 1	0 1	55 1	67 1	75 1	25 1	60 1	3 1	18 1	36 1	44 1	33 1	68 1	79 1	73 1	35 1	5 1	74 1	49 1	15 1	57 1	66 1
43 1	63 1	49 1	19 1	83 1	13 1	27 1	75 1	47 1	8 1	1 1	53 1	29 1	17 1	31 1	14 1	68 1	11 1	28 1	69 1	20 1	15 1	21 1	79 1	56 1	76 1	2 1	40 1	66 1	7 1	81 1	59 1	62 1	30 1	86 1	72 1	88 1	48 1	37 1	3 1	70 1	39 1	9 1	5 1	58 1	64 1	87 1	4 1	36 1	78 1	41 1	77 1	25 1	24 1	50 1	6 1	44 1	51 1	73 1	26 1	38 1	57 1	82 1	23 1	45 1	33 1	89 1	22 1	65 1	84 1	54 1	60 1	85 1	0 1	80 1	32 1	71 1	35 1	10 1	18 1	55 1	12 1	67 1	16 1	52 1	46 1	42 1	74 1	34 1	61 1
15 1	35 1	71 1	39 1	8 1	56 1	5 1	79 1	2 1	67 1	20 1	16 1	47 1	18 1	29 1	43 1	12 1	83 1	68 1	50 1	52 1	77 1	86 1	62 1	36 1	48 1	51 1	14 1	75 1	13 1	21 1	59 1	42 1	4 1	30 1	38 1	3 1	44 1	7 1	84 1	37 1	73 1	54 1	58 1	19 1	53 1	66 1	26 1	87 1	80 1	31 1	45 1	57 1	82 1	60 1	89 1	76 1	55 1	49 1	25 1	24 1	74 1	78 1	6 1	10 1	85 1	32 1	65 1	1 1	27 1	72 1	33 1	28 1	69 1	9 1	88 1	46 1	41 1	61 1	40 1	22 1	81 1	63 1	64 1	34 1	0 1	17 1	23 1	70 1	11 1
5 1	80 1	48 1	8 1	49 1	55 1	40 1	24 1	66 1	9 1	81 1	44 1	7 1	63 1	69 1	87 1	56 1	17 1	58 1	89 1	75 1	60 1	0 1	23 1	85 1	88 1	50 1	86 1	79 1	29 1	67 1	61 1	70 1	65 1	30 1	3 1	42 1	68 1	4 1	45 1	46 1	57 1	34 1	18 1	83 1	71 1	76 1	84 1	51 1	22 1	13 1	72 1	82 1	33 1	73 1	2 1	32 1	16 1	43 1	74 1	20 1	26 1	59 1	54 1	10 1	47 1	64 1	28 1	12 1	77 1	37 1	41 1	39 1	35 1	6 1	38 1	36 1	19 1	27 1	1 1	25 1	15 1	11 1	21 1	52 1	62 1	14 1	78 1	53 1	31 1
84 1	47 1	63 1	66 1	40 1	51 1	62 1	5 1	1 1	46 1	42 1	29 1	85 1	0 1	48 1	89 1	77 1	31 1	12 1	52 1	15 1	87 1	32 1	38 1	6 1	18 1	74 1	44 1	50 1	70 1	21 1	56 1	9 1	57 1	55 1	24 1	67 1	78 1	49 1	27 1	61 1	69 1	58 1	20 1	54 1	68 1	33 1	82 1	36 1	26 1	7 1	53 1	16 1	86 1	8 1	59 1	14 1	83 1	35 1	34 1	10 1	72 1	13 1	88 1	11 1	65 1	80 1	73 1	25 1	43 1	22 1	45 1	17 1	41 1	71 1	23 1	37 1	4 1	3 1	28 1	39 1	81 1	30 1	19 1	76 1	75 1	2 1	79 1	64 1	60 1
54 1	42 1	79 1	68 1	12 1	46 1	69 1	9 1	32 1	37 1	25 1	20 1	33 1	82 1	0 1	73 1	86 1	67 1	43 1	28 1	60 1	41 1	70 1	36 1	27 1	44 1	6 1	64 1	51 1	87 1	81 1	19 1	5 1	10 1	76 1	30 1	11 1	29 1	16 1	62 1	48 1	14 1	23 1	49 1	40 1	75 1	57 1	58 1	88 1	18 1	45 1	77 1	59 1	61 1	15 1	39 1	26 1	38 1	31 1	84 1	78 1	83 1	7 1	63 1	13 1	50 1	35 1	2 1	8 1	1 1	34 1	17 1	53 1	52 1	80 1	24 1	55 1	85 1	4 1	47 1	56 1	89 1	22 1	74 1	21 1	65 1	3 1	66 1	72 1	71 1
15 1	23 1	64 1	77 1	36 1	44 1	42 1	78 1	43 1	26 1	53 1	82 1	58 1	70 1	62 1	24 1	32 1	31 1	50 1	41 1	75 1	28 1	34 1	59 1	89 1	83 1	45 1	6 1	39 1	29 1	49 1	72 1	22 1	56 1	74 1	52 1	63 1	2 1	27 1	66 1	17 1	51 1	87 1	88 1	67 1	20 1	19 1	8 1	14 1	4 1	46 1	79 1	48 1	40 1	71 1	65 1	9 1	10 1	21 1	5 1	60 1	13 1	38 1	11 1	30 1	18 1	37 1	57 1	68 1	16 1	85 1	80 1	35 1	76 1	12 1	81 1	55 1	86 1	1 1	0 1	25 1	69 1	84 1	47 1	33 1	3 1	7 1	61 1	73 1	54 1
73 1	34 1	76 1	75 1	52 1	31 1	59 1	33 1	12 1	22 1	10 1	84 1	23 1	82 1	28 1	6 1	78 1	11 1	50 1	3 1	24 1	42 1	74 1	44 1	60 1	64 1	67 1	14 1	19 1	36 1	68 1	38 1	45 1	79 1	83 1	87 1	65 1	77 1	1 1	35 1	61 1	66 1	5 1	29 1	26 1	56 1	43 1	4 1	89 1	13 1	15 1	63 1	27 1	58 1	48 1	53 1	85 1	55 1	86 1	88 1	16 1	41 1	62 1	7 1	18 1	54 1	2 1	9 1	25 1	57 1	17 1	21 1	47 1	69 1	49 1	39 1	80 1	72 1	8 1	51 1	71 1	81 1	46 1	0 1	40 1	20 1	37 1	30 1	70 1	32 1
0 1	5 1	3 1	17 1	49 1	86 1	34 1	89 1	7 1	78 1	54 1	71 1	61 1	55 1	38 1	65 1	79 1	1 1	25 1	11 1	39 1	48 1	26 1	56 1	21 1	74 1	4 1	31 1	46 1	73 1	72 1	58 1	68 1	16 1	57 1	2 1	59 1	82 1	43 1	37 1	44 1	77 1	75 1	80 1	50 1	88 1	8 1	40 1	67 1	42 1	62 1	27 1	35 1	9 1	30 1	64 1	66 1	69 1	36 1	76 1	52 1	19 1	84 1	53 1	23 1	45 1	32 1	85 1	83 1	10 1	6 1	12 1	24 1	13 1	33 1	14 1	18 1	63 1	51 1	87 1	28 1	60 1	47 1	20 1	41 1	70 1	15 1	22 1	29 1	81 1
87 1	39 1	23 1	49 1	33 1	40 1	82 1	31 1	25 1	16 1	57 1	18 1	8 1	1 1	29 1	34 1	67 1	85 1	71 1	52 1	12 1	70 1	9 1	6 1	44 1	50 1	5 1	88 1	62 1	21 1	7 1	3 1	2 1	43 1	64 1	51 1	68 1	65 1	61 1	37 1	0 1	42 1	41 1	89 1	13 1	75 1	15 1	77 1	26 1	55 1	14 1	72 1	74 1	80 1	38 1	53 1	59 1	76 1	28 1	47 1	79 1	73 1	32 1	78 1	10 1	66 1	86 1	54 1	20 1	83 1	30 1	56 1	46 1	84 1	63 1	48 1	17 1	22 1	45 1	19 1	81 1	69 1	35 1	24 1	58 1	36 1	27 1	60 1	11 1	4 1
76 1	75 1	43 1	72 1	36 1	35 1	19 1	52 1	6 1	41 1	1 1	50 1	67 1	15 1	59 1	81 1	39 1	3 1	26 1	44 1	63 1	49 1	31 1	62 1	7 1	74 1	16 1	51 1	71 1	78 1	10 1	83 1	58 1	29 1	70 1	68 1	27 1	55 1	37 1	84 1	17 1	61 1	4 1	42 1	56 1	32 1	33 1	73 1	24 1	64 1	88 1	53 1	57 1	86 1	60 1	28 1	54 1	87 1	38 1	89 1	66 1	40 1	20 1	46 1	8 1	5 1	85 1	12 1	80 1	30 1	2 1	0 1	82 1	79 1	11 1	21 1	14 1	18 1	23 1	47 1	9 1	34 1	25 1	45 1	77 1	65 1	13 1	69 1	48 1	22 1
20 1	63 1	60 1	84 1	27 1	83 1	44 1	81 1	24 1	33 1	76 1	5 1	30 1	17 1	8 1	32 1	66 1	43 1	67 1	34 1	69 1	77 1	68 1	73 1	13 1	82 1	37 1	89 1	7 1	46 1	61 1	41 1	1 1	47 1	72 1	14 1	31 1	23 1	25 1	87 1	80 1	64 1	51 1	15 1	35 1	50 1	65 1	58 1	55 1	42 1	85 1	48 1	39 1	52 1	78 1	29 1	56 1	54 1	22 1	16 1	3 1	62 1	53 1	9 1	45 1	2 1	70 1	75 1	4 1	26 1	28 1	40 1	71 1	79 1	49 1	57 1	0 1	11 1	86 1	21 1	88 1	18 1	36 1	74 1	19 1	59 1	10 1	12 1	38 1	6 1
48 1	24 1	51 1	88 1	73 1	0 1	39 1	49 1	12 1	74 1	37 1	3 1	9 1	35 1	22 1	14 1	5 1	77 1	89 1	44 1	60 1	33 1	32 1	50 1	42 1	21 1	19 1	20 1	30 1	6 1	31 1	75 1	27 1	45 1	28 1	41 1	8 1	47 1	56 1	81 1	66 1	61 1	40 1	10 1	82 1	55 1	13 1	29 1	87 1	85 1	38 1	2 1	76 1	17 1	26 1	52 1	80 1	63 1	67 1	4 1	68 1	86 1	36 1	79 1	62 1	84 1	65 1	58 1	72 1	15 1	83 1	69 1	64 1	57 1	25 1	70 1	78 1	71 1	11 1	7 1	23 1	46 1	1 1	18 1	53 1	59 1	16 1	54 1	34 1	43 1
16 1	9 1	61 1	68 1	35 1	8 1	46 1	30 1	21 1	41 1	54 1	48 1	51 1	60 1	5 1	79 1	38 1	6 1	34 1	65 1	3 1	85 1	32 1	62 1	18 1	40 1	73 1	55 1	49 1	89 1	87 1	11 1	56 1	71 1	26 1	57 1	76 1	88 1	27 1	14 1	4 1	74 1	31 1	29 1	69 1	70 1	77 1	72 1	84 1	63 1	28 1	39 1	33 1	10 1	23 1	82 1	78 1	15 1	45 1	75 1	2 1	20 1	44 1	59 1	0 1	66 1	36 1	50 1	25 1	53 1	81 1	47 1	80 1	19 1	86 1	42 1	43 1	37 1	83 1	52 1	64 1	12 1	58 1	17 1	67 1	22 1	24 1	1 1	13 1	7 1
26 1	49 1	79 1	47 1	33 1	3 1	87 1	51 1	34 1	12 1	61 1	85 1	32 1	84 1	1 1	41 1	54 1	64 1	5 1	83 1	19 1	65 1	57 1	89 1	43 1	29 1	72 1	16 1	80 1	78 1	74 1	22 1	68 1	25 1	81 1	37 1	20 1	24 1	70 1	86 1	53 1	15 1	27 1	59 1	21 1	6 1	30 1	45 1	0 1	23 1	14 1	60 1	10 1	46 1	56 1	28 1	88 1	50 1	40 1	69 1	63 1	13 1	7 1	66 1	42 1	44 1	82 1	71 1	62 1	77 1	17 1	35 1	8 1	39 1	48 1	52 1	18 1	55 1	36 1	73 1	2 1	76 1	75 1	9 1	38 1	4 1	11 1	31 1	67 1	58 1
12 1	52 1	22 1	26 1	0 1	23 1	61 1	87 1	37 1	88 1	18 1	48 1	56 1	10 1	70 1	27 1	83 1	33 1	49 1	38 1	71 1	9 1	41 1	14 1	86 1	42 1	8 1	20 1	62 1	40 1	74 1	89 1	28 1	82 1	36 1	76 1	15 1	54 1	45 1	60 1	7 1	39 1	25 1	63 1	69 1	5 1	84 1	30 1	58 1	79 1	4 1	17 1	59 1	53 1	11 1	81 1	51 1	78 1	3 1	6 1	44 1	64 1	50 1	47 1	21 1	34 1	65 1	16 1	68 1	35 1	57 1	55 1	1 1	72 1	46 1	2 1	80 1	85 1	66 1	29 1	73 1	19 1	31 1	24 1	32 1	75 1	13 1	43 1	77 1	67 1
29 1	78 1	79 1	75 1	16 1	9 1	11 1	34 1	37 1	13 1	45 1	83 1	38 1	85 1	65 1	49 1	73 1	39 1	71 1	43 1	70 1	12 1	60 1	19 1	21 1	32 1	10 1	2 1	87 1	68 1	30 1	0 1	72 1	17 1	69 1	50 1	47 1	67 1	35 1	24 1	88 1	18 1	82 1	89 1	57 1	80 1	3 1	55 1	25 1	4 1	20 1	64 1	59 1	52 1	8 1	40 1	46 1	23 1	41 1	44 1	27 1	6 1	51 1	74 1	76 1	48 1	81 1	26 1	84 1	1 1	15 1	22 1	28 1	63 1	42 1	56 1	66 1	31 1	58 1	36 1	54 1	62 1	61 1	7 1	53 1	14 1	77 1	86 1	33 1	5 1
22 1	40 1	76 1	50 1	9 1	38 1	28 1	36 1	24 1	30 1	72 1	75 1	88 1	57 1	1 1	89 1	33 1	19 1	10 1	0 1	14 1	32 1	15 1	64 1	69 1	8 1	41 1	39 1	65 1	18 1	60 1	26 1	53 1	2 1	77 1	35 1	67 1	16 1	51 1	11 1	7 1	27 1	55 1	46 1	17 1	48 1	80 1	31 1	3 1	34 1	86 1	61 1	68 1	84 1	78 1	56 1	54 1	5 1	37 1	20 1	73 1	13 1	87 1	49 1	83 1	43 1	58 1	82 1	21 1	29 1	62 1	6 1	12 1	74 1	85 1	42 1	25 1	66 1	47 1	44 1	59 1	63 1	4 1	45 1	71 1	79 1	23 1	70 1	81 1	52 1
