10	20
12 1	13 1	8 1	7 1	3 1	6 1	15 1	16 1	17 1	5 1	2 1	18 1	4 1	14 1	11 1	19 1	0 1	10 1	9 1	1 1
1 1	9 1	11 1	8 1	5 1	0 1	3 1	13 1	6 1	16 1	14 1	19 1	15 1	4 1	12 1	10 1	7 1	2 1	17 1	18 1
0 1	17 1	18 1	2 1	19 1	14 1	8 1	4 1	1 1	16 1	13 1	10 1	5 1	11 1	15 1	7 1	12 1	6 1	3 1	9 1
11 1	13 1	19 1	7 1	5 1	8 1	9 1	12 1	3 1	18 1	14 1	4 1	0 1	1 1	15 1	6 1	17 1	10 1	2 1	16 1
8 1	3 1	1 1	0 1	13 1	2 1	12 1	15 1	17 1	7 1	5 1	14 1	16 1	11 1	10 1	6 1	18 1	19 1	9 1	4 1
6 1	0 1	12 1	9 1	18 1	1 1	15 1	10 1	4 1	14 1	7 1	2 1	19 1	13 1	5 1	16 1	11 1	8 1	3 1	17 1
6 1	12 1	13 1	17 1	9 1	15 1	19 1	1 1	16 1	11 1	10 1	3 1	18 1	8 1	4 1	5 1	2 1	0 1	14 1	7 1
18 1	4 1	13 1	16 1	9 1	8 1	15 1	11 1	19 1	17 1	2 1	7 1	0 1	6 1	5 1	12 1	14 1	10 1	1 1	3 1
9 1	17 1	1 1	11 1	14 1	2 1	19 1	15 1	16 1	8 1	13 1	12 1	7 1	10 1	5 1	0 1	4 1	6 1	18 1	3 1
7 1	13 1	3 1	14 1	4 1	9 1	8 1	12 1	15 1	1 1	2 1	6 1	19 1	18 1	11 1	16 1	5 1	0 1	10 1	17 1
