70	100
85 1	45 1	74 1	91 1	15 1	90 1	72 1	89 1	24 1	86 1	67 1	59 1	83 1	13 1	93 1	31 1	27 1	3 1	6 1	96 1	81 1	61 1	43 1	32 1	38 1	98 1	75 1	71 1	52 1	30 1	55 1	33 1	95 1	84 1	77 1	51 1	49 1	5 1	35 1	62 1	28 1	14 1	57 1	20 1	7 1	19 1	66 1	37 1	99 1	36 1	68 1	40 1	79 1	4 1	17 1	34 1	70 1	78 1	88 1	47 1	39 1	82 1	92 1	87 1	12 1	1 1	0 1	48 1	2 1	23 1	26 1	44 1	97 1	21 1	80 1	22 1	16 1	58 1	76 1	73 1	56 1	8 1	42 1	11 1	46 1	69 1	50 1	53 1	18 1	54 1	10 1	9 1	94 1	63 1	65 1	29 1	60 1	25 1	64 1	41 1
93 1	63 1	44 1	61 1	88 1	71 1	86 1	95 1	70 1	14 1	23 1	15 1	2 1	58 1	85 1	46 1	87 1	82 1	56 1	0 1	38 1	57 1	98 1	1 1	67 1	55 1	76 1	65 1	60 1	34 1	37 1	20 1	52 1	74 1	42 1	48 1	22 1	51 1	90 1	36 1	9 1	49 1	26 1	62 1	31 1	45 1	41 1	91 1	39 1	84 1	3 1	6 1	19 1	92 1	80 1	72 1	69 1	59 1	17 1	8 1	40 1	29 1	75 1	89 1	97 1	30 1	96 1	24 1	99 1	21 1	5 1	18 1	81 1	35 1	54 1	43 1	83 1	25 1	28 1	66 1	94 1	78 1	50 1	13 1	11 1	4 1	47 1	12 1	27 1	32 1	53 1	79 1	64 1	16 1	33 1	77 1	73 1	10 1	7 1	68 1
39 1	50 1	34 1	95 1	45 1	80 1	32 1	78 1	54 1	62 1	7 1	82 1	3 1	4 1	43 1	77 1	88 1	33 1	38 1	0 1	68 1	24 1	99 1	12 1	83 1	92 1	94 1	9 1	49 1	47 1	5 1	58 1	85 1	20 1	23 1	19 1	13 1	42 1	97 1	14 1	73 1	57 1	79 1	64 1	37 1	56 1	17 1	90 1	11 1	74 1	6 1	51 1	41 1	52 1	26 1	29 1	67 1	93 1	48 1	86 1	59 1	44 1	18 1	25 1	46 1	10 1	40 1	63 1	89 1	65 1	75 1	53 1	22 1	96 1	36 1	16 1	70 1	84 1	31 1	66 1	15 1	21 1	1 1	61 1	69 1	30 1	87 1	76 1	55 1	81 1	72 1	27 1	35 1	28 1	60 1	98 1	91 1	8 1	71 1	2 1
28 1	61 1	25 1	46 1	98 1	85 1	59 1	96 1	15 1	20 1	47 1	14 1	64 1	73 1	87 1	60 1	82 1	62 1	18 1	57 1	0 1	76 1	26 1	79 1	11 1	80 1	83 1	54 1	51 1	77 1	33 1	31 1	94 1	99 1	93 1	49 1	50 1	24 1	10 1	13 1	90 1	7 1	29 1	34 1	44 1	97 1	43 1	89 1	1 1	48 1	68 1	84 1	8 1	53 1	81 1	91 1	56 1	32 1	4 1	39 1	38 1	40 1	71 1	55 1	36 1	41 1	66 1	19 1	27 1	74 1	63 1	22 1	92 1	16 1	30 1	2 1	45 1	88 1	69 1	70 1	67 1	23 1	65 1	86 1	75 1	35 1	42 1	78 1	72 1	3 1	9 1	58 1	17 1	52 1	21 1	5 1	12 1	37 1	6 1	95 1
21 1	16 1	15 1	5 1	19 1	23 1	61 1	77 1	56 1	11 1	94 1	28 1	26 1	42 1	25 1	72 1	66 1	69 1	20 1	73 1	64 1	54 1	52 1	18 1	62 1	90 1	95 1	47 1	46 1	96 1	79 1	37 1	31 1	87 1	41 1	98 1	7 1	68 1	3 1	24 1	30 1	75 1	80 1	43 1	38 1	60 1	57 1	97 1	83 1	65 1	89 1	22 1	12 1	55 1	86 1	1 1	2 1	93 1	17 1	6 1	88 1	53 1	14 1	59 1	63 1	27 1	50 1	84 1	91 1	35 1	32 1	33 1	70 1	71 1	39 1	85 1	58 1	44 1	9 1	4 1	99 1	36 1	29 1	45 1	78 1	67 1	8 1	10 1	34 1	51 1	0 1	13 1	92 1	48 1	82 1	40 1	74 1	76 1	49 1	81 1
63 1	7 1	95 1	97 1	89 1	5 1	54 1	91 1	47 1	74 1	43 1	35 1	75 1	70 1	26 1	37 1	38 1	64 1	88 1	90 1	29 1	41 1	48 1	65 1	31 1	58 1	9 1	83 1	10 1	45 1	68 1	19 1	18 1	82 1	87 1	92 1	21 1	34 1	72 1	79 1	40 1	86 1	39 1	67 1	6 1	1 1	11 1	46 1	84 1	93 1	23 1	42 1	69 1	98 1	66 1	14 1	51 1	53 1	8 1	13 1	99 1	50 1	71 1	56 1	25 1	77 1	52 1	16 1	62 1	17 1	15 1	0 1	78 1	57 1	96 1	24 1	32 1	81 1	20 1	55 1	60 1	3 1	73 1	33 1	59 1	2 1	85 1	4 1	49 1	36 1	94 1	27 1	12 1	44 1	28 1	30 1	61 1	22 1	76 1	80 1
46 1	16 1	69 1	4 1	9 1	95 1	24 1	86 1	67 1	20 1	56 1	12 1	47 1	98 1	22 1	48 1	53 1	78 1	59 1	38 1	64 1	84 1	15 1	18 1	99 1	14 1	57 1	7 1	42 1	66 1	65 1	13 1	83 1	32 1	58 1	28 1	88 1	43 1	91 1	62 1	80 1	89 1	82 1	17 1	5 1	96 1	35 1	21 1	37 1	73 1	30 1	51 1	60 1	92 1	25 1	11 1	81 1	3 1	40 1	36 1	8 1	34 1	77 1	63 1	76 1	29 1	68 1	2 1	45 1	44 1	49 1	87 1	61 1	70 1	31 1	33 1	79 1	27 1	1 1	19 1	54 1	97 1	39 1	52 1	23 1	74 1	94 1	75 1	85 1	50 1	55 1	6 1	26 1	93 1	41 1	71 1	72 1	90 1	0 1	10 1
5 1	30 1	88 1	4 1	23 1	49 1	13 1	83 1	40 1	57 1	21 1	31 1	94 1	86 1	61 1	62 1	70 1	56 1	71 1	73 1	38 1	75 1	33 1	46 1	2 1	12 1	76 1	97 1	43 1	68 1	22 1	64 1	79 1	3 1	93 1	98 1	29 1	50 1	42 1	9 1	85 1	17 1	54 1	44 1	39 1	36 1	16 1	37 1	6 1	18 1	34 1	69 1	84 1	74 1	99 1	47 1	20 1	92 1	90 1	51 1	24 1	26 1	82 1	80 1	53 1	19 1	66 1	25 1	59 1	65 1	10 1	58 1	14 1	8 1	55 1	60 1	28 1	89 1	41 1	96 1	45 1	11 1	27 1	1 1	48 1	52 1	7 1	32 1	72 1	63 1	67 1	0 1	15 1	91 1	95 1	78 1	77 1	81 1	87 1	35 1
21 1	63 1	89 1	45 1	18 1	66 1	34 1	69 1	93 1	64 1	53 1	48 1	27 1	81 1	85 1	92 1	78 1	43 1	40 1	6 1	56 1	29 1	5 1	67 1	38 1	22 1	35 1	80 1	94 1	0 1	96 1	61 1	75 1	11 1	99 1	10 1	74 1	36 1	98 1	97 1	72 1	12 1	55 1	20 1	33 1	32 1	30 1	31 1	60 1	65 1	62 1	58 1	86 1	9 1	83 1	87 1	13 1	46 1	54 1	73 1	7 1	37 1	50 1	77 1	91 1	39 1	71 1	26 1	79 1	84 1	14 1	44 1	47 1	42 1	23 1	88 1	95 1	16 1	3 1	49 1	59 1	24 1	8 1	76 1	52 1	19 1	68 1	4 1	70 1	15 1	90 1	82 1	2 1	51 1	1 1	41 1	17 1	57 1	25 1	28 1
2 1	86 1	84 1	16 1	45 1	74 1	49 1	77 1	25 1	56 1	43 1	73 1	91 1	36 1	51 1	11 1	78 1	98 1	26 1	85 1	6 1	47 1	31 1	72 1	4 1	28 1	82 1	10 1	22 1	32 1	63 1	69 1	27 1	5 1	60 1	30 1	42 1	19 1	0 1	59 1	40 1	15 1	97 1	66 1	24 1	79 1	93 1	13 1	68 1	50 1	37 1	94 1	55 1	21 1	41 1	39 1	96 1	34 1	12 1	14 1	99 1	52 1	62 1	92 1	3 1	33 1	57 1	8 1	18 1	38 1	23 1	67 1	46 1	54 1	80 1	64 1	44 1	1 1	70 1	65 1	95 1	48 1	88 1	58 1	61 1	81 1	35 1	87 1	71 1	17 1	53 1	75 1	83 1	20 1	76 1	7 1	9 1	90 1	29 1	89 1
79 1	28 1	81 1	52 1	25 1	65 1	75 1	83 1	42 1	8 1	48 1	78 1	55 1	1 1	5 1	96 1	50 1	32 1	60 1	84 1	58 1	27 1	2 1	41 1	46 1	70 1	97 1	14 1	34 1	19 1	98 1	90 1	92 1	16 1	87 1	13 1	85 1	59 1	26 1	15 1	40 1	6 1	66 1	38 1	24 1	10 1	88 1	73 1	39 1	62 1	18 1	53 1	86 1	44 1	3 1	82 1	20 1	71 1	30 1	68 1	54 1	47 1	51 1	0 1	91 1	63 1	36 1	49 1	74 1	43 1	17 1	9 1	57 1	64 1	80 1	23 1	61 1	7 1	99 1	94 1	45 1	72 1	29 1	77 1	56 1	67 1	93 1	21 1	69 1	4 1	12 1	31 1	95 1	35 1	11 1	89 1	22 1	33 1	37 1	76 1
89 1	37 1	40 1	43 1	63 1	15 1	99 1	56 1	87 1	64 1	58 1	9 1	19 1	16 1	20 1	48 1	25 1	97 1	35 1	1 1	13 1	5 1	8 1	0 1	82 1	98 1	66 1	29 1	2 1	46 1	55 1	27 1	10 1	76 1	4 1	67 1	95 1	21 1	49 1	53 1	70 1	78 1	86 1	26 1	50 1	59 1	73 1	84 1	75 1	94 1	38 1	47 1	41 1	62 1	39 1	93 1	72 1	52 1	28 1	7 1	91 1	92 1	57 1	32 1	71 1	11 1	88 1	17 1	85 1	42 1	77 1	69 1	81 1	22 1	68 1	80 1	60 1	36 1	90 1	83 1	12 1	54 1	14 1	45 1	24 1	96 1	44 1	65 1	30 1	6 1	34 1	33 1	18 1	79 1	31 1	51 1	3 1	74 1	23 1	61 1
77 1	42 1	8 1	73 1	18 1	21 1	45 1	24 1	23 1	26 1	49 1	83 1	67 1	80 1	95 1	55 1	63 1	19 1	50 1	22 1	48 1	25 1	57 1	11 1	93 1	39 1	92 1	43 1	5 1	29 1	91 1	99 1	65 1	6 1	59 1	38 1	32 1	78 1	14 1	44 1	37 1	64 1	0 1	13 1	16 1	54 1	36 1	86 1	70 1	76 1	62 1	35 1	84 1	4 1	7 1	66 1	98 1	33 1	28 1	79 1	71 1	17 1	82 1	75 1	15 1	3 1	31 1	81 1	88 1	74 1	9 1	60 1	1 1	27 1	97 1	47 1	69 1	94 1	52 1	68 1	30 1	87 1	53 1	89 1	34 1	40 1	85 1	58 1	10 1	72 1	96 1	41 1	12 1	56 1	61 1	90 1	20 1	51 1	2 1	46 1
36 1	42 1	41 1	7 1	82 1	39 1	16 1	64 1	90 1	68 1	47 1	4 1	28 1	65 1	74 1	99 1	88 1	27 1	54 1	66 1	23 1	10 1	37 1	80 1	97 1	53 1	30 1	69 1	50 1	48 1	49 1	84 1	44 1	55 1	18 1	59 1	24 1	52 1	57 1	40 1	76 1	81 1	56 1	22 1	86 1	29 1	2 1	92 1	3 1	31 1	1 1	89 1	98 1	58 1	17 1	79 1	11 1	94 1	6 1	19 1	21 1	78 1	35 1	45 1	38 1	33 1	9 1	5 1	60 1	61 1	46 1	70 1	83 1	25 1	72 1	95 1	75 1	26 1	63 1	77 1	0 1	34 1	14 1	32 1	20 1	15 1	12 1	13 1	87 1	51 1	71 1	8 1	67 1	43 1	73 1	96 1	93 1	91 1	85 1	62 1
98 1	83 1	34 1	71 1	4 1	68 1	92 1	11 1	10 1	81 1	87 1	56 1	44 1	55 1	30 1	26 1	15 1	64 1	46 1	41 1	99 1	70 1	16 1	13 1	58 1	43 1	9 1	25 1	50 1	39 1	90 1	19 1	35 1	86 1	74 1	79 1	40 1	45 1	23 1	89 1	24 1	72 1	17 1	53 1	33 1	18 1	0 1	60 1	51 1	57 1	80 1	94 1	8 1	29 1	1 1	67 1	42 1	20 1	73 1	65 1	63 1	37 1	3 1	93 1	85 1	32 1	66 1	2 1	47 1	28 1	88 1	91 1	76 1	48 1	54 1	21 1	22 1	59 1	31 1	82 1	6 1	97 1	14 1	49 1	75 1	95 1	38 1	52 1	12 1	69 1	5 1	61 1	27 1	36 1	62 1	84 1	78 1	96 1	7 1	77 1
88 1	33 1	38 1	80 1	14 1	82 1	23 1	69 1	43 1	97 1	79 1	2 1	71 1	30 1	18 1	17 1	76 1	46 1	34 1	10 1	58 1	51 1	85 1	84 1	86 1	67 1	59 1	66 1	55 1	50 1	53 1	0 1	62 1	78 1	7 1	25 1	32 1	37 1	41 1	68 1	44 1	98 1	47 1	70 1	4 1	83 1	52 1	95 1	56 1	24 1	94 1	57 1	72 1	60 1	64 1	45 1	31 1	93 1	19 1	12 1	22 1	48 1	5 1	28 1	6 1	96 1	77 1	11 1	54 1	27 1	39 1	90 1	49 1	73 1	87 1	63 1	91 1	21 1	81 1	8 1	1 1	36 1	20 1	42 1	99 1	61 1	13 1	89 1	92 1	16 1	74 1	26 1	35 1	3 1	29 1	40 1	75 1	65 1	15 1	9 1
69 1	19 1	95 1	38 1	26 1	99 1	56 1	14 1	71 1	60 1	74 1	31 1	84 1	5 1	78 1	4 1	48 1	16 1	1 1	50 1	40 1	61 1	29 1	79 1	36 1	68 1	49 1	85 1	13 1	2 1	66 1	64 1	30 1	24 1	11 1	35 1	53 1	81 1	72 1	17 1	67 1	73 1	65 1	10 1	47 1	80 1	34 1	58 1	37 1	59 1	96 1	0 1	98 1	6 1	94 1	97 1	75 1	83 1	7 1	9 1	43 1	77 1	12 1	76 1	70 1	18 1	33 1	52 1	41 1	44 1	54 1	62 1	88 1	23 1	27 1	90 1	32 1	8 1	82 1	91 1	21 1	51 1	87 1	57 1	28 1	93 1	15 1	25 1	45 1	42 1	20 1	86 1	92 1	46 1	89 1	55 1	63 1	22 1	39 1	3 1
71 1	90 1	99 1	63 1	0 1	3 1	4 1	37 1	19 1	29 1	24 1	68 1	51 1	62 1	20 1	1 1	45 1	97 1	82 1	77 1	61 1	33 1	89 1	35 1	34 1	44 1	56 1	86 1	85 1	31 1	40 1	50 1	41 1	11 1	96 1	67 1	93 1	83 1	53 1	81 1	47 1	80 1	17 1	38 1	48 1	84 1	21 1	18 1	49 1	74 1	76 1	26 1	54 1	43 1	14 1	98 1	66 1	7 1	55 1	73 1	25 1	39 1	9 1	16 1	10 1	57 1	12 1	58 1	23 1	32 1	52 1	59 1	87 1	88 1	28 1	79 1	92 1	2 1	5 1	70 1	78 1	8 1	13 1	27 1	94 1	22 1	36 1	69 1	64 1	15 1	95 1	75 1	46 1	6 1	72 1	91 1	60 1	42 1	65 1	30 1
58 1	76 1	93 1	91 1	8 1	4 1	5 1	13 1	57 1	55 1	73 1	32 1	74 1	62 1	31 1	25 1	49 1	20 1	21 1	53 1	28 1	35 1	18 1	16 1	51 1	71 1	88 1	17 1	56 1	99 1	50 1	11 1	86 1	79 1	63 1	52 1	9 1	67 1	92 1	22 1	85 1	48 1	47 1	19 1	66 1	78 1	95 1	45 1	2 1	37 1	83 1	69 1	64 1	12 1	26 1	59 1	30 1	97 1	38 1	54 1	70 1	60 1	80 1	36 1	65 1	75 1	98 1	44 1	46 1	68 1	1 1	81 1	33 1	82 1	94 1	6 1	96 1	10 1	3 1	34 1	14 1	27 1	42 1	84 1	7 1	89 1	23 1	90 1	24 1	72 1	43 1	29 1	39 1	77 1	41 1	15 1	0 1	87 1	61 1	40 1
99 1	9 1	46 1	73 1	65 1	64 1	54 1	97 1	55 1	2 1	79 1	41 1	29 1	80 1	38 1	51 1	70 1	1 1	33 1	25 1	3 1	98 1	56 1	13 1	62 1	45 1	34 1	78 1	44 1	17 1	71 1	39 1	47 1	67 1	16 1	10 1	11 1	43 1	35 1	0 1	37 1	26 1	21 1	75 1	50 1	12 1	52 1	24 1	66 1	89 1	18 1	57 1	72 1	7 1	32 1	74 1	91 1	76 1	8 1	36 1	86 1	49 1	23 1	27 1	93 1	69 1	15 1	84 1	77 1	83 1	4 1	92 1	59 1	68 1	61 1	31 1	94 1	85 1	88 1	53 1	81 1	14 1	5 1	20 1	42 1	60 1	95 1	63 1	96 1	48 1	28 1	58 1	82 1	19 1	6 1	22 1	40 1	87 1	90 1	30 1
11 1	61 1	86 1	93 1	54 1	5 1	8 1	91 1	74 1	47 1	48 1	96 1	60 1	4 1	34 1	79 1	9 1	97 1	87 1	77 1	38 1	45 1	49 1	59 1	84 1	12 1	31 1	68 1	19 1	41 1	10 1	14 1	23 1	63 1	3 1	17 1	33 1	81 1	13 1	94 1	70 1	6 1	28 1	55 1	90 1	25 1	64 1	43 1	37 1	7 1	71 1	53 1	73 1	1 1	57 1	78 1	15 1	62 1	20 1	98 1	82 1	51 1	22 1	26 1	85 1	89 1	2 1	30 1	29 1	18 1	44 1	65 1	83 1	0 1	35 1	56 1	24 1	27 1	52 1	75 1	39 1	32 1	40 1	95 1	66 1	46 1	67 1	99 1	80 1	36 1	16 1	50 1	76 1	21 1	88 1	42 1	58 1	92 1	72 1	69 1
70 1	75 1	36 1	10 1	89 1	93 1	83 1	56 1	37 1	43 1	15 1	91 1	95 1	92 1	49 1	82 1	48 1	2 1	18 1	46 1	0 1	29 1	64 1	20 1	99 1	12 1	98 1	58 1	87 1	67 1	19 1	14 1	72 1	55 1	1 1	60 1	96 1	57 1	62 1	16 1	80 1	79 1	73 1	5 1	42 1	85 1	23 1	33 1	11 1	8 1	69 1	26 1	86 1	63 1	74 1	39 1	38 1	22 1	17 1	47 1	6 1	77 1	35 1	53 1	13 1	44 1	31 1	71 1	88 1	32 1	84 1	41 1	51 1	40 1	21 1	9 1	30 1	66 1	25 1	7 1	81 1	50 1	52 1	90 1	4 1	97 1	24 1	68 1	94 1	76 1	27 1	3 1	28 1	78 1	65 1	59 1	34 1	45 1	54 1	61 1
60 1	80 1	39 1	71 1	72 1	54 1	42 1	21 1	76 1	31 1	34 1	14 1	9 1	19 1	8 1	1 1	50 1	27 1	55 1	78 1	24 1	62 1	32 1	93 1	30 1	74 1	66 1	20 1	68 1	95 1	43 1	92 1	5 1	3 1	33 1	38 1	40 1	79 1	59 1	88 1	28 1	53 1	90 1	6 1	57 1	23 1	67 1	51 1	26 1	96 1	45 1	17 1	18 1	58 1	77 1	98 1	29 1	35 1	89 1	87 1	99 1	22 1	10 1	0 1	16 1	11 1	82 1	12 1	86 1	63 1	69 1	52 1	37 1	81 1	70 1	94 1	56 1	41 1	47 1	49 1	75 1	65 1	85 1	36 1	83 1	61 1	2 1	15 1	4 1	64 1	91 1	13 1	25 1	84 1	46 1	73 1	97 1	44 1	7 1	48 1
86 1	28 1	47 1	79 1	63 1	18 1	83 1	99 1	3 1	50 1	12 1	78 1	48 1	49 1	14 1	26 1	38 1	36 1	39 1	2 1	64 1	84 1	21 1	96 1	56 1	67 1	59 1	15 1	10 1	80 1	93 1	75 1	4 1	94 1	45 1	91 1	61 1	43 1	37 1	66 1	52 1	31 1	90 1	35 1	16 1	7 1	44 1	54 1	29 1	95 1	82 1	98 1	0 1	5 1	97 1	25 1	85 1	13 1	65 1	20 1	57 1	68 1	11 1	40 1	17 1	81 1	88 1	27 1	33 1	51 1	24 1	69 1	87 1	53 1	19 1	89 1	22 1	32 1	70 1	1 1	62 1	72 1	60 1	41 1	6 1	74 1	55 1	77 1	58 1	73 1	34 1	23 1	9 1	42 1	30 1	8 1	46 1	76 1	92 1	71 1
50 1	40 1	9 1	89 1	39 1	14 1	10 1	25 1	20 1	71 1	26 1	68 1	69 1	64 1	73 1	51 1	49 1	7 1	91 1	23 1	29 1	56 1	63 1	35 1	85 1	44 1	5 1	78 1	48 1	76 1	93 1	13 1	98 1	34 1	16 1	32 1	42 1	15 1	79 1	87 1	90 1	33 1	52 1	45 1	92 1	2 1	83 1	97 1	67 1	60 1	86 1	21 1	80 1	30 1	24 1	84 1	8 1	1 1	55 1	27 1	58 1	31 1	6 1	54 1	75 1	41 1	46 1	72 1	82 1	96 1	99 1	81 1	47 1	3 1	4 1	57 1	19 1	88 1	0 1	77 1	70 1	28 1	11 1	43 1	53 1	62 1	36 1	65 1	18 1	22 1	66 1	61 1	12 1	74 1	59 1	95 1	17 1	38 1	37 1	94 1
74 1	45 1	6 1	99 1	27 1	37 1	31 1	47 1	44 1	82 1	72 1	64 1	36 1	22 1	10 1	29 1	95 1	40 1	92 1	28 1	52 1	49 1	81 1	30 1	93 1	62 1	91 1	65 1	17 1	18 1	24 1	73 1	59 1	90 1	56 1	76 1	16 1	77 1	84 1	87 1	38 1	57 1	35 1	9 1	12 1	20 1	50 1	25 1	0 1	1 1	66 1	75 1	2 1	68 1	3 1	34 1	51 1	19 1	15 1	43 1	26 1	33 1	89 1	69 1	79 1	86 1	58 1	71 1	4 1	55 1	41 1	94 1	53 1	7 1	42 1	70 1	39 1	98 1	60 1	83 1	96 1	5 1	67 1	11 1	88 1	13 1	46 1	14 1	48 1	54 1	32 1	8 1	61 1	97 1	78 1	63 1	80 1	23 1	21 1	85 1
65 1	24 1	13 1	97 1	1 1	16 1	29 1	61 1	44 1	30 1	41 1	70 1	88 1	54 1	27 1	12 1	37 1	57 1	22 1	14 1	91 1	58 1	71 1	19 1	53 1	62 1	82 1	7 1	23 1	11 1	9 1	86 1	43 1	50 1	10 1	59 1	90 1	31 1	39 1	89 1	73 1	76 1	83 1	55 1	33 1	32 1	64 1	95 1	99 1	25 1	84 1	98 1	87 1	80 1	21 1	56 1	8 1	0 1	38 1	77 1	81 1	15 1	20 1	69 1	74 1	96 1	46 1	34 1	92 1	51 1	60 1	18 1	66 1	45 1	5 1	48 1	78 1	94 1	75 1	52 1	2 1	26 1	72 1	4 1	17 1	3 1	67 1	47 1	36 1	49 1	93 1	40 1	85 1	42 1	68 1	79 1	6 1	35 1	28 1	63 1
25 1	27 1	80 1	42 1	16 1	37 1	34 1	66 1	51 1	46 1	49 1	24 1	64 1	96 1	67 1	41 1	75 1	58 1	17 1	26 1	47 1	14 1	31 1	10 1	86 1	87 1	20 1	1 1	29 1	83 1	39 1	73 1	52 1	74 1	40 1	57 1	21 1	15 1	63 1	85 1	55 1	99 1	48 1	7 1	53 1	90 1	59 1	5 1	84 1	91 1	97 1	60 1	44 1	18 1	78 1	38 1	72 1	43 1	71 1	32 1	95 1	36 1	92 1	79 1	30 1	4 1	98 1	50 1	45 1	28 1	88 1	9 1	0 1	6 1	19 1	76 1	33 1	69 1	35 1	65 1	3 1	94 1	77 1	56 1	22 1	8 1	13 1	93 1	70 1	12 1	81 1	62 1	11 1	68 1	89 1	82 1	23 1	2 1	54 1	61 1
84 1	89 1	66 1	65 1	49 1	35 1	97 1	45 1	32 1	88 1	8 1	12 1	95 1	76 1	75 1	40 1	87 1	91 1	74 1	79 1	96 1	62 1	13 1	72 1	33 1	25 1	92 1	78 1	47 1	6 1	60 1	37 1	16 1	94 1	81 1	52 1	28 1	63 1	55 1	34 1	29 1	56 1	0 1	86 1	15 1	50 1	77 1	71 1	54 1	44 1	39 1	59 1	99 1	26 1	3 1	61 1	36 1	68 1	58 1	9 1	70 1	7 1	5 1	30 1	43 1	1 1	98 1	73 1	19 1	17 1	83 1	46 1	80 1	48 1	42 1	85 1	23 1	2 1	10 1	90 1	22 1	51 1	27 1	4 1	14 1	69 1	93 1	57 1	82 1	24 1	11 1	21 1	67 1	31 1	64 1	18 1	38 1	53 1	20 1	41 1
21 1	2 1	8 1	33 1	1 1	58 1	35 1	32 1	6 1	45 1	59 1	40 1	79 1	92 1	77 1	95 1	82 1	28 1	16 1	29 1	7 1	52 1	89 1	44 1	62 1	10 1	60 1	46 1	17 1	84 1	54 1	74 1	80 1	91 1	49 1	70 1	97 1	71 1	73 1	83 1	65 1	78 1	0 1	24 1	61 1	39 1	26 1	14 1	99 1	19 1	25 1	9 1	11 1	94 1	51 1	98 1	3 1	72 1	22 1	34 1	36 1	50 1	96 1	30 1	76 1	67 1	57 1	42 1	85 1	87 1	93 1	56 1	31 1	68 1	41 1	27 1	12 1	55 1	13 1	38 1	75 1	69 1	63 1	48 1	53 1	64 1	4 1	23 1	86 1	15 1	88 1	37 1	5 1	43 1	18 1	90 1	66 1	20 1	81 1	47 1
14 1	39 1	4 1	49 1	65 1	13 1	84 1	42 1	33 1	63 1	95 1	79 1	61 1	71 1	1 1	47 1	29 1	32 1	45 1	81 1	74 1	40 1	19 1	52 1	37 1	82 1	12 1	83 1	88 1	38 1	21 1	44 1	5 1	97 1	50 1	35 1	51 1	62 1	23 1	99 1	68 1	31 1	24 1	6 1	73 1	58 1	34 1	92 1	78 1	0 1	59 1	22 1	7 1	53 1	54 1	10 1	15 1	77 1	70 1	56 1	20 1	57 1	11 1	36 1	96 1	76 1	67 1	46 1	89 1	98 1	41 1	91 1	66 1	30 1	3 1	27 1	2 1	16 1	72 1	26 1	17 1	86 1	90 1	28 1	64 1	93 1	75 1	25 1	8 1	87 1	85 1	55 1	69 1	48 1	43 1	18 1	60 1	80 1	9 1	94 1
9 1	92 1	7 1	56 1	24 1	13 1	64 1	73 1	31 1	50 1	91 1	66 1	87 1	42 1	40 1	10 1	29 1	89 1	63 1	60 1	21 1	19 1	27 1	82 1	52 1	67 1	46 1	93 1	57 1	68 1	38 1	75 1	81 1	83 1	84 1	99 1	12 1	30 1	14 1	59 1	33 1	85 1	70 1	95 1	2 1	98 1	80 1	94 1	78 1	44 1	88 1	96 1	36 1	35 1	53 1	5 1	74 1	34 1	15 1	45 1	28 1	48 1	69 1	1 1	76 1	62 1	37 1	6 1	20 1	32 1	58 1	65 1	25 1	17 1	4 1	51 1	54 1	11 1	16 1	71 1	86 1	90 1	26 1	41 1	8 1	61 1	3 1	79 1	55 1	22 1	49 1	39 1	72 1	97 1	23 1	43 1	47 1	18 1	0 1	77 1
1 1	71 1	43 1	5 1	83 1	38 1	35 1	62 1	39 1	65 1	7 1	84 1	85 1	20 1	52 1	99 1	33 1	97 1	95 1	57 1	68 1	24 1	63 1	40 1	58 1	14 1	55 1	26 1	17 1	54 1	45 1	28 1	41 1	67 1	30 1	23 1	27 1	74 1	49 1	94 1	87 1	3 1	86 1	78 1	66 1	37 1	51 1	0 1	91 1	53 1	19 1	13 1	29 1	6 1	88 1	18 1	48 1	93 1	61 1	89 1	96 1	4 1	82 1	50 1	64 1	15 1	72 1	81 1	8 1	47 1	75 1	98 1	11 1	32 1	46 1	2 1	59 1	16 1	34 1	21 1	25 1	70 1	56 1	36 1	69 1	42 1	76 1	77 1	9 1	79 1	44 1	31 1	92 1	73 1	80 1	12 1	10 1	22 1	60 1	90 1
28 1	48 1	9 1	3 1	81 1	92 1	94 1	26 1	57 1	90 1	95 1	55 1	34 1	30 1	29 1	60 1	2 1	99 1	53 1	93 1	74 1	21 1	0 1	10 1	51 1	37 1	82 1	35 1	70 1	85 1	44 1	19 1	98 1	58 1	16 1	32 1	69 1	68 1	22 1	66 1	52 1	12 1	88 1	1 1	18 1	45 1	7 1	96 1	59 1	84 1	25 1	87 1	77 1	71 1	15 1	83 1	41 1	86 1	36 1	67 1	8 1	46 1	62 1	39 1	38 1	89 1	79 1	61 1	5 1	56 1	80 1	11 1	76 1	91 1	14 1	47 1	31 1	27 1	64 1	75 1	97 1	33 1	63 1	65 1	54 1	24 1	78 1	6 1	72 1	73 1	20 1	50 1	42 1	23 1	13 1	40 1	43 1	4 1	17 1	49 1
68 1	59 1	86 1	35 1	43 1	14 1	93 1	55 1	28 1	76 1	29 1	19 1	39 1	65 1	50 1	99 1	53 1	33 1	56 1	97 1	91 1	81 1	23 1	30 1	61 1	44 1	17 1	12 1	31 1	71 1	41 1	78 1	62 1	18 1	52 1	95 1	51 1	47 1	27 1	1 1	87 1	88 1	6 1	42 1	54 1	80 1	64 1	0 1	24 1	45 1	26 1	69 1	13 1	5 1	85 1	48 1	72 1	21 1	37 1	66 1	84 1	60 1	4 1	67 1	90 1	7 1	40 1	20 1	70 1	73 1	92 1	89 1	9 1	8 1	82 1	74 1	63 1	25 1	98 1	3 1	22 1	57 1	77 1	75 1	96 1	94 1	15 1	49 1	16 1	58 1	2 1	38 1	46 1	34 1	32 1	83 1	11 1	79 1	36 1	10 1
60 1	52 1	40 1	46 1	16 1	43 1	35 1	0 1	76 1	85 1	37 1	19 1	57 1	14 1	95 1	78 1	3 1	92 1	77 1	27 1	59 1	31 1	11 1	70 1	93 1	80 1	51 1	39 1	41 1	90 1	7 1	2 1	63 1	6 1	61 1	89 1	67 1	49 1	20 1	54 1	24 1	10 1	68 1	53 1	99 1	64 1	28 1	74 1	38 1	26 1	55 1	8 1	66 1	1 1	73 1	94 1	18 1	50 1	42 1	96 1	47 1	62 1	81 1	15 1	91 1	83 1	12 1	97 1	4 1	17 1	5 1	75 1	33 1	34 1	65 1	44 1	48 1	13 1	29 1	86 1	25 1	72 1	30 1	98 1	21 1	45 1	87 1	9 1	23 1	58 1	88 1	22 1	36 1	56 1	32 1	69 1	82 1	84 1	71 1	79 1
19 1	75 1	31 1	10 1	94 1	28 1	25 1	39 1	29 1	95 1	35 1	33 1	26 1	96 1	3 1	45 1	57 1	40 1	82 1	21 1	66 1	98 1	69 1	0 1	68 1	16 1	37 1	14 1	36 1	4 1	15 1	32 1	30 1	7 1	73 1	22 1	83 1	79 1	88 1	17 1	58 1	97 1	55 1	44 1	60 1	80 1	20 1	91 1	18 1	81 1	62 1	72 1	23 1	93 1	59 1	8 1	42 1	5 1	9 1	38 1	49 1	52 1	54 1	2 1	92 1	53 1	65 1	12 1	74 1	46 1	86 1	67 1	71 1	64 1	87 1	27 1	77 1	50 1	34 1	84 1	11 1	13 1	70 1	24 1	51 1	99 1	41 1	47 1	43 1	61 1	85 1	78 1	48 1	63 1	1 1	76 1	90 1	56 1	89 1	6 1
76 1	85 1	56 1	38 1	83 1	81 1	20 1	1 1	64 1	25 1	45 1	66 1	28 1	80 1	91 1	98 1	43 1	17 1	89 1	16 1	60 1	26 1	3 1	71 1	94 1	50 1	86 1	77 1	92 1	8 1	78 1	52 1	79 1	5 1	10 1	19 1	40 1	37 1	96 1	59 1	2 1	70 1	58 1	6 1	15 1	44 1	68 1	47 1	69 1	67 1	11 1	13 1	84 1	33 1	18 1	41 1	9 1	24 1	53 1	34 1	73 1	90 1	29 1	63 1	51 1	12 1	7 1	30 1	27 1	88 1	93 1	57 1	14 1	4 1	97 1	74 1	36 1	99 1	39 1	61 1	54 1	62 1	23 1	75 1	21 1	65 1	72 1	22 1	82 1	0 1	35 1	31 1	46 1	87 1	55 1	49 1	95 1	48 1	42 1	32 1
9 1	14 1	82 1	80 1	66 1	98 1	40 1	45 1	19 1	69 1	3 1	89 1	17 1	10 1	4 1	77 1	84 1	52 1	41 1	21 1	95 1	1 1	85 1	50 1	29 1	51 1	28 1	79 1	22 1	32 1	56 1	8 1	58 1	35 1	94 1	43 1	61 1	54 1	60 1	88 1	70 1	53 1	97 1	5 1	62 1	63 1	68 1	87 1	33 1	81 1	99 1	64 1	0 1	90 1	24 1	47 1	78 1	91 1	6 1	93 1	92 1	16 1	31 1	23 1	83 1	44 1	20 1	76 1	11 1	12 1	18 1	74 1	25 1	38 1	73 1	72 1	37 1	59 1	26 1	65 1	30 1	55 1	96 1	7 1	49 1	71 1	46 1	34 1	57 1	86 1	67 1	48 1	15 1	36 1	27 1	2 1	75 1	42 1	39 1	13 1
41 1	20 1	36 1	62 1	59 1	49 1	65 1	5 1	82 1	17 1	96 1	27 1	80 1	99 1	42 1	21 1	53 1	51 1	61 1	89 1	12 1	66 1	10 1	3 1	92 1	6 1	63 1	52 1	35 1	24 1	28 1	47 1	25 1	38 1	72 1	60 1	50 1	69 1	83 1	98 1	14 1	44 1	2 1	68 1	30 1	40 1	55 1	87 1	0 1	11 1	71 1	76 1	93 1	13 1	91 1	26 1	7 1	8 1	1 1	34 1	19 1	67 1	23 1	37 1	56 1	97 1	54 1	77 1	15 1	33 1	64 1	90 1	86 1	57 1	43 1	39 1	78 1	70 1	94 1	9 1	84 1	74 1	79 1	58 1	81 1	75 1	95 1	48 1	4 1	22 1	45 1	18 1	32 1	46 1	16 1	73 1	29 1	85 1	31 1	88 1
76 1	30 1	32 1	7 1	9 1	67 1	14 1	18 1	16 1	72 1	71 1	23 1	92 1	57 1	70 1	10 1	39 1	88 1	45 1	1 1	65 1	78 1	12 1	56 1	19 1	28 1	98 1	60 1	0 1	86 1	49 1	66 1	74 1	79 1	52 1	15 1	17 1	53 1	48 1	6 1	95 1	93 1	27 1	85 1	25 1	5 1	81 1	63 1	22 1	21 1	50 1	89 1	38 1	75 1	80 1	4 1	36 1	82 1	33 1	29 1	2 1	34 1	58 1	87 1	90 1	83 1	62 1	91 1	94 1	26 1	41 1	64 1	51 1	61 1	47 1	68 1	46 1	20 1	99 1	73 1	97 1	69 1	24 1	40 1	13 1	43 1	3 1	54 1	59 1	96 1	11 1	8 1	84 1	77 1	35 1	37 1	44 1	42 1	55 1	31 1
98 1	4 1	85 1	3 1	17 1	67 1	63 1	18 1	35 1	62 1	41 1	39 1	97 1	96 1	58 1	84 1	50 1	20 1	68 1	2 1	44 1	45 1	48 1	37 1	76 1	94 1	8 1	31 1	61 1	12 1	89 1	57 1	40 1	36 1	53 1	99 1	19 1	70 1	7 1	21 1	55 1	66 1	1 1	34 1	73 1	29 1	91 1	28 1	27 1	56 1	65 1	25 1	71 1	60 1	86 1	75 1	11 1	38 1	43 1	10 1	24 1	83 1	87 1	72 1	15 1	6 1	30 1	13 1	79 1	90 1	46 1	82 1	92 1	16 1	52 1	51 1	80 1	42 1	49 1	32 1	59 1	88 1	69 1	95 1	33 1	78 1	26 1	23 1	0 1	14 1	64 1	81 1	77 1	22 1	74 1	93 1	54 1	5 1	47 1	9 1
92 1	16 1	50 1	79 1	66 1	8 1	77 1	47 1	60 1	68 1	59 1	76 1	17 1	4 1	30 1	12 1	11 1	41 1	70 1	74 1	6 1	40 1	28 1	56 1	87 1	98 1	82 1	42 1	94 1	53 1	1 1	23 1	89 1	57 1	48 1	0 1	3 1	72 1	55 1	39 1	37 1	35 1	5 1	15 1	46 1	32 1	19 1	18 1	7 1	84 1	67 1	34 1	90 1	69 1	24 1	62 1	85 1	38 1	91 1	71 1	80 1	99 1	25 1	2 1	65 1	81 1	95 1	51 1	43 1	26 1	45 1	97 1	22 1	75 1	63 1	78 1	21 1	29 1	20 1	31 1	86 1	14 1	83 1	13 1	44 1	58 1	61 1	27 1	64 1	36 1	10 1	33 1	52 1	49 1	93 1	88 1	73 1	54 1	96 1	9 1
15 1	65 1	92 1	79 1	73 1	62 1	57 1	95 1	16 1	26 1	30 1	6 1	46 1	33 1	64 1	5 1	9 1	49 1	31 1	85 1	66 1	47 1	14 1	98 1	43 1	75 1	2 1	32 1	58 1	10 1	60 1	29 1	0 1	90 1	17 1	50 1	42 1	97 1	56 1	7 1	35 1	93 1	53 1	27 1	8 1	76 1	34 1	78 1	99 1	77 1	44 1	11 1	23 1	89 1	72 1	12 1	94 1	96 1	59 1	40 1	51 1	67 1	1 1	36 1	24 1	80 1	63 1	39 1	28 1	48 1	84 1	82 1	68 1	21 1	41 1	81 1	87 1	74 1	20 1	69 1	38 1	83 1	54 1	25 1	61 1	22 1	37 1	19 1	88 1	45 1	70 1	3 1	86 1	52 1	18 1	4 1	13 1	55 1	91 1	71 1
42 1	73 1	8 1	65 1	81 1	86 1	35 1	99 1	83 1	26 1	25 1	84 1	58 1	3 1	1 1	87 1	29 1	75 1	51 1	98 1	4 1	33 1	2 1	16 1	21 1	0 1	24 1	23 1	74 1	7 1	34 1	14 1	15 1	59 1	95 1	46 1	10 1	93 1	57 1	90 1	49 1	12 1	52 1	17 1	9 1	70 1	69 1	47 1	64 1	32 1	37 1	55 1	80 1	36 1	27 1	89 1	92 1	5 1	68 1	63 1	30 1	71 1	54 1	22 1	88 1	97 1	77 1	72 1	91 1	41 1	44 1	94 1	6 1	50 1	28 1	48 1	11 1	96 1	82 1	53 1	13 1	62 1	78 1	85 1	45 1	66 1	38 1	56 1	31 1	67 1	20 1	40 1	19 1	79 1	61 1	43 1	76 1	60 1	39 1	18 1
96 1	37 1	17 1	9 1	79 1	11 1	65 1	57 1	36 1	38 1	48 1	60 1	2 1	46 1	47 1	53 1	22 1	26 1	99 1	33 1	69 1	63 1	15 1	80 1	41 1	70 1	87 1	40 1	72 1	23 1	74 1	91 1	76 1	45 1	55 1	78 1	42 1	59 1	5 1	73 1	18 1	6 1	88 1	10 1	3 1	31 1	82 1	32 1	89 1	85 1	12 1	54 1	8 1	25 1	30 1	93 1	90 1	44 1	92 1	21 1	61 1	49 1	24 1	29 1	4 1	20 1	34 1	51 1	95 1	50 1	64 1	84 1	97 1	19 1	27 1	13 1	67 1	94 1	52 1	39 1	86 1	7 1	28 1	35 1	81 1	1 1	56 1	77 1	0 1	83 1	58 1	14 1	75 1	62 1	71 1	98 1	68 1	43 1	66 1	16 1
60 1	46 1	15 1	42 1	97 1	81 1	40 1	72 1	36 1	59 1	90 1	84 1	44 1	39 1	73 1	18 1	82 1	7 1	48 1	31 1	70 1	91 1	11 1	74 1	67 1	99 1	83 1	69 1	5 1	85 1	8 1	19 1	1 1	56 1	9 1	3 1	29 1	76 1	34 1	21 1	98 1	55 1	61 1	37 1	13 1	35 1	32 1	87 1	26 1	95 1	62 1	63 1	43 1	33 1	14 1	2 1	49 1	22 1	23 1	94 1	47 1	38 1	10 1	6 1	17 1	12 1	0 1	86 1	75 1	28 1	54 1	51 1	30 1	57 1	58 1	89 1	53 1	45 1	77 1	20 1	80 1	88 1	24 1	96 1	16 1	92 1	4 1	71 1	27 1	64 1	25 1	68 1	52 1	78 1	93 1	41 1	50 1	65 1	79 1	66 1
32 1	69 1	12 1	59 1	53 1	85 1	49 1	66 1	8 1	47 1	82 1	71 1	98 1	63 1	70 1	26 1	97 1	77 1	35 1	57 1	41 1	34 1	23 1	3 1	87 1	96 1	29 1	21 1	74 1	58 1	62 1	80 1	1 1	38 1	81 1	14 1	91 1	64 1	16 1	67 1	4 1	30 1	25 1	45 1	7 1	22 1	60 1	76 1	48 1	72 1	10 1	28 1	24 1	50 1	79 1	84 1	73 1	75 1	46 1	15 1	9 1	61 1	27 1	86 1	95 1	51 1	90 1	6 1	39 1	99 1	65 1	43 1	42 1	13 1	52 1	31 1	20 1	33 1	78 1	88 1	93 1	92 1	5 1	68 1	55 1	11 1	89 1	0 1	94 1	44 1	37 1	18 1	36 1	2 1	19 1	83 1	54 1	56 1	17 1	40 1
17 1	56 1	66 1	8 1	12 1	65 1	91 1	73 1	92 1	85 1	19 1	10 1	54 1	83 1	67 1	51 1	88 1	82 1	95 1	32 1	69 1	27 1	79 1	72 1	50 1	48 1	64 1	76 1	89 1	7 1	4 1	71 1	33 1	52 1	45 1	40 1	28 1	55 1	96 1	47 1	13 1	43 1	81 1	80 1	25 1	90 1	9 1	74 1	93 1	2 1	46 1	31 1	97 1	78 1	41 1	18 1	94 1	70 1	3 1	99 1	14 1	68 1	22 1	98 1	87 1	58 1	35 1	53 1	5 1	39 1	42 1	60 1	20 1	75 1	63 1	15 1	86 1	26 1	38 1	6 1	11 1	77 1	30 1	0 1	24 1	84 1	23 1	1 1	59 1	36 1	44 1	49 1	61 1	37 1	21 1	29 1	16 1	34 1	62 1	57 1
34 1	84 1	30 1	89 1	71 1	94 1	40 1	66 1	68 1	23 1	56 1	32 1	55 1	76 1	20 1	69 1	17 1	92 1	85 1	25 1	5 1	83 1	48 1	44 1	24 1	52 1	43 1	41 1	61 1	10 1	59 1	99 1	11 1	80 1	50 1	98 1	4 1	96 1	79 1	14 1	29 1	90 1	15 1	37 1	47 1	8 1	49 1	16 1	62 1	26 1	3 1	45 1	57 1	75 1	78 1	82 1	65 1	95 1	72 1	36 1	27 1	58 1	73 1	31 1	60 1	12 1	88 1	39 1	13 1	54 1	28 1	64 1	70 1	97 1	86 1	7 1	9 1	81 1	1 1	35 1	22 1	6 1	33 1	21 1	51 1	87 1	93 1	18 1	46 1	0 1	63 1	74 1	38 1	91 1	77 1	67 1	53 1	19 1	2 1	42 1
62 1	13 1	35 1	4 1	15 1	48 1	68 1	14 1	36 1	0 1	6 1	97 1	22 1	38 1	51 1	27 1	23 1	50 1	89 1	92 1	19 1	46 1	10 1	49 1	74 1	45 1	53 1	96 1	61 1	52 1	63 1	80 1	24 1	17 1	91 1	60 1	33 1	31 1	82 1	64 1	88 1	47 1	86 1	57 1	28 1	75 1	78 1	16 1	43 1	67 1	32 1	98 1	30 1	87 1	76 1	83 1	71 1	12 1	85 1	40 1	54 1	59 1	58 1	39 1	69 1	25 1	5 1	79 1	21 1	8 1	34 1	90 1	84 1	66 1	7 1	56 1	11 1	93 1	44 1	18 1	3 1	41 1	73 1	72 1	29 1	81 1	99 1	26 1	94 1	55 1	95 1	42 1	37 1	20 1	70 1	2 1	77 1	9 1	65 1	1 1
54 1	35 1	56 1	53 1	39 1	60 1	3 1	48 1	70 1	51 1	62 1	96 1	82 1	75 1	29 1	17 1	76 1	27 1	81 1	42 1	99 1	64 1	43 1	10 1	14 1	28 1	65 1	83 1	11 1	37 1	25 1	72 1	30 1	61 1	45 1	46 1	98 1	32 1	68 1	31 1	21 1	95 1	33 1	97 1	59 1	15 1	67 1	7 1	26 1	12 1	91 1	80 1	49 1	0 1	24 1	34 1	55 1	79 1	69 1	94 1	74 1	77 1	47 1	50 1	22 1	16 1	78 1	6 1	41 1	40 1	20 1	73 1	71 1	84 1	5 1	58 1	4 1	23 1	52 1	88 1	93 1	57 1	86 1	1 1	19 1	18 1	89 1	13 1	87 1	85 1	2 1	92 1	38 1	8 1	90 1	66 1	36 1	44 1	9 1	63 1
85 1	62 1	13 1	39 1	79 1	68 1	96 1	76 1	12 1	59 1	9 1	74 1	25 1	49 1	55 1	50 1	64 1	34 1	1 1	97 1	70 1	23 1	87 1	31 1	11 1	65 1	83 1	15 1	47 1	28 1	42 1	67 1	36 1	54 1	84 1	40 1	89 1	30 1	43 1	60 1	91 1	2 1	90 1	6 1	75 1	61 1	46 1	22 1	95 1	3 1	19 1	77 1	73 1	44 1	35 1	33 1	69 1	20 1	4 1	0 1	53 1	93 1	8 1	66 1	58 1	37 1	24 1	99 1	63 1	80 1	14 1	51 1	71 1	29 1	45 1	72 1	16 1	41 1	17 1	7 1	5 1	86 1	48 1	78 1	81 1	10 1	94 1	27 1	82 1	26 1	88 1	32 1	92 1	98 1	52 1	38 1	57 1	56 1	21 1	18 1
69 1	1 1	43 1	99 1	72 1	20 1	53 1	10 1	12 1	90 1	24 1	38 1	63 1	61 1	70 1	58 1	5 1	30 1	35 1	55 1	32 1	8 1	93 1	50 1	4 1	66 1	85 1	2 1	44 1	13 1	62 1	45 1	47 1	94 1	33 1	16 1	41 1	31 1	36 1	83 1	75 1	51 1	79 1	64 1	68 1	87 1	76 1	11 1	14 1	7 1	89 1	28 1	26 1	48 1	95 1	17 1	23 1	0 1	49 1	59 1	98 1	15 1	80 1	88 1	97 1	84 1	67 1	37 1	3 1	74 1	21 1	42 1	27 1	22 1	29 1	19 1	96 1	39 1	9 1	82 1	25 1	77 1	86 1	92 1	54 1	91 1	81 1	56 1	57 1	78 1	46 1	34 1	65 1	71 1	73 1	18 1	6 1	52 1	40 1	60 1
32 1	21 1	59 1	71 1	16 1	85 1	93 1	83 1	74 1	44 1	37 1	91 1	68 1	45 1	11 1	98 1	95 1	73 1	14 1	78 1	6 1	55 1	22 1	86 1	13 1	30 1	82 1	25 1	92 1	96 1	2 1	80 1	19 1	87 1	38 1	18 1	50 1	81 1	84 1	58 1	35 1	51 1	77 1	15 1	90 1	97 1	24 1	88 1	40 1	12 1	46 1	61 1	26 1	64 1	34 1	72 1	66 1	65 1	0 1	67 1	9 1	42 1	75 1	57 1	62 1	39 1	56 1	8 1	60 1	27 1	20 1	47 1	28 1	41 1	29 1	31 1	63 1	5 1	33 1	43 1	53 1	48 1	52 1	54 1	94 1	1 1	3 1	49 1	99 1	23 1	79 1	70 1	76 1	89 1	10 1	17 1	4 1	36 1	69 1	7 1
87 1	77 1	48 1	55 1	80 1	24 1	9 1	93 1	21 1	52 1	41 1	76 1	49 1	42 1	66 1	57 1	11 1	33 1	59 1	7 1	51 1	40 1	61 1	50 1	63 1	68 1	17 1	70 1	37 1	62 1	84 1	6 1	97 1	31 1	79 1	19 1	67 1	58 1	90 1	98 1	15 1	54 1	65 1	27 1	96 1	13 1	89 1	8 1	4 1	53 1	16 1	83 1	30 1	82 1	92 1	39 1	22 1	14 1	25 1	3 1	95 1	23 1	34 1	88 1	47 1	38 1	91 1	72 1	56 1	81 1	64 1	0 1	35 1	2 1	28 1	94 1	32 1	86 1	43 1	18 1	10 1	5 1	75 1	46 1	36 1	45 1	20 1	74 1	12 1	99 1	44 1	29 1	71 1	60 1	73 1	78 1	85 1	26 1	69 1	1 1
38 1	12 1	45 1	13 1	10 1	80 1	62 1	29 1	14 1	32 1	43 1	70 1	89 1	26 1	59 1	42 1	75 1	83 1	67 1	17 1	91 1	33 1	76 1	31 1	64 1	93 1	27 1	15 1	4 1	87 1	66 1	74 1	60 1	3 1	11 1	16 1	61 1	53 1	98 1	24 1	5 1	25 1	71 1	51 1	84 1	96 1	48 1	2 1	69 1	9 1	41 1	55 1	94 1	65 1	95 1	78 1	39 1	86 1	18 1	50 1	0 1	1 1	73 1	34 1	6 1	77 1	82 1	8 1	79 1	7 1	46 1	57 1	72 1	85 1	35 1	49 1	20 1	58 1	63 1	54 1	30 1	19 1	23 1	28 1	97 1	92 1	22 1	47 1	40 1	99 1	44 1	68 1	36 1	56 1	88 1	52 1	21 1	90 1	81 1	37 1
29 1	52 1	30 1	99 1	8 1	60 1	33 1	83 1	92 1	25 1	66 1	85 1	82 1	98 1	24 1	37 1	69 1	5 1	15 1	27 1	54 1	46 1	89 1	68 1	65 1	48 1	62 1	81 1	18 1	14 1	67 1	42 1	97 1	41 1	32 1	78 1	43 1	39 1	56 1	28 1	93 1	79 1	86 1	40 1	0 1	1 1	73 1	22 1	13 1	71 1	44 1	11 1	20 1	55 1	95 1	21 1	94 1	23 1	16 1	3 1	31 1	96 1	74 1	36 1	26 1	70 1	38 1	35 1	88 1	17 1	77 1	80 1	49 1	76 1	87 1	47 1	50 1	4 1	2 1	58 1	10 1	72 1	64 1	12 1	57 1	53 1	7 1	6 1	84 1	19 1	61 1	9 1	75 1	51 1	45 1	91 1	59 1	63 1	34 1	90 1
91 1	20 1	51 1	35 1	65 1	56 1	45 1	22 1	53 1	93 1	76 1	23 1	57 1	38 1	40 1	30 1	86 1	87 1	97 1	16 1	26 1	19 1	12 1	81 1	61 1	42 1	92 1	37 1	80 1	4 1	59 1	43 1	10 1	77 1	46 1	73 1	60 1	50 1	64 1	74 1	58 1	72 1	7 1	6 1	88 1	31 1	63 1	83 1	82 1	13 1	24 1	71 1	28 1	39 1	44 1	11 1	47 1	15 1	95 1	90 1	0 1	79 1	62 1	25 1	17 1	84 1	33 1	78 1	99 1	32 1	9 1	29 1	68 1	48 1	94 1	89 1	69 1	67 1	66 1	49 1	70 1	75 1	96 1	52 1	14 1	1 1	3 1	36 1	55 1	41 1	18 1	5 1	85 1	2 1	54 1	98 1	34 1	8 1	21 1	27 1
3 1	75 1	96 1	84 1	27 1	54 1	62 1	92 1	18 1	7 1	20 1	1 1	35 1	36 1	30 1	69 1	64 1	2 1	55 1	79 1	87 1	0 1	34 1	57 1	99 1	32 1	51 1	72 1	15 1	61 1	56 1	31 1	95 1	88 1	85 1	68 1	12 1	37 1	9 1	33 1	52 1	67 1	73 1	40 1	63 1	97 1	91 1	43 1	60 1	39 1	38 1	59 1	11 1	58 1	89 1	49 1	29 1	4 1	17 1	50 1	70 1	71 1	83 1	25 1	93 1	10 1	74 1	48 1	14 1	65 1	16 1	77 1	45 1	44 1	94 1	41 1	90 1	66 1	28 1	26 1	23 1	53 1	46 1	19 1	5 1	76 1	42 1	80 1	21 1	8 1	24 1	98 1	82 1	81 1	6 1	13 1	78 1	86 1	47 1	22 1
12 1	91 1	58 1	43 1	16 1	64 1	78 1	4 1	69 1	22 1	60 1	36 1	70 1	90 1	62 1	52 1	80 1	26 1	93 1	56 1	89 1	97 1	63 1	73 1	30 1	17 1	86 1	23 1	31 1	5 1	88 1	10 1	59 1	77 1	35 1	2 1	82 1	61 1	25 1	39 1	79 1	99 1	19 1	54 1	49 1	32 1	75 1	57 1	65 1	74 1	37 1	42 1	33 1	53 1	38 1	48 1	98 1	76 1	9 1	41 1	44 1	7 1	15 1	14 1	3 1	8 1	0 1	96 1	51 1	94 1	71 1	81 1	21 1	47 1	28 1	6 1	40 1	84 1	24 1	72 1	55 1	46 1	34 1	66 1	29 1	83 1	85 1	68 1	45 1	92 1	67 1	95 1	50 1	87 1	11 1	27 1	1 1	18 1	20 1	13 1
85 1	13 1	92 1	32 1	17 1	81 1	38 1	51 1	22 1	89 1	79 1	62 1	80 1	63 1	26 1	34 1	65 1	6 1	82 1	90 1	88 1	61 1	49 1	19 1	86 1	28 1	7 1	39 1	59 1	78 1	9 1	72 1	96 1	11 1	35 1	75 1	46 1	20 1	68 1	83 1	12 1	50 1	41 1	74 1	98 1	56 1	3 1	94 1	37 1	43 1	45 1	16 1	21 1	60 1	70 1	97 1	36 1	52 1	8 1	99 1	48 1	10 1	24 1	2 1	73 1	54 1	91 1	29 1	30 1	4 1	55 1	71 1	0 1	15 1	40 1	1 1	57 1	14 1	67 1	23 1	84 1	64 1	69 1	25 1	53 1	93 1	66 1	44 1	87 1	47 1	58 1	77 1	42 1	27 1	5 1	31 1	76 1	95 1	18 1	33 1
33 1	70 1	56 1	26 1	76 1	60 1	90 1	3 1	85 1	74 1	24 1	32 1	14 1	21 1	1 1	55 1	23 1	39 1	49 1	94 1	10 1	84 1	37 1	89 1	78 1	69 1	51 1	15 1	61 1	43 1	77 1	8 1	88 1	54 1	13 1	82 1	19 1	27 1	96 1	91 1	38 1	2 1	62 1	68 1	93 1	66 1	29 1	25 1	47 1	6 1	86 1	0 1	75 1	48 1	81 1	83 1	97 1	80 1	5 1	42 1	18 1	12 1	9 1	73 1	34 1	36 1	41 1	92 1	67 1	28 1	4 1	95 1	57 1	71 1	22 1	44 1	50 1	64 1	65 1	63 1	7 1	20 1	72 1	87 1	99 1	52 1	40 1	59 1	17 1	35 1	79 1	31 1	11 1	30 1	58 1	16 1	53 1	45 1	46 1	98 1
5 1	46 1	48 1	73 1	1 1	13 1	4 1	20 1	72 1	43 1	18 1	67 1	58 1	60 1	7 1	26 1	45 1	10 1	41 1	80 1	24 1	8 1	75 1	76 1	96 1	68 1	32 1	85 1	91 1	64 1	37 1	47 1	2 1	57 1	93 1	42 1	62 1	66 1	55 1	29 1	84 1	6 1	77 1	27 1	61 1	30 1	86 1	99 1	14 1	40 1	0 1	69 1	19 1	21 1	16 1	83 1	9 1	78 1	35 1	98 1	50 1	70 1	90 1	97 1	3 1	59 1	51 1	39 1	36 1	65 1	54 1	71 1	22 1	33 1	15 1	74 1	87 1	49 1	88 1	25 1	92 1	34 1	52 1	11 1	31 1	89 1	63 1	94 1	17 1	53 1	44 1	56 1	23 1	82 1	95 1	81 1	12 1	28 1	79 1	38 1
50 1	56 1	93 1	76 1	80 1	15 1	73 1	67 1	62 1	0 1	86 1	59 1	35 1	53 1	95 1	6 1	41 1	20 1	57 1	58 1	87 1	48 1	69 1	49 1	27 1	74 1	38 1	43 1	1 1	3 1	68 1	60 1	29 1	12 1	91 1	13 1	82 1	14 1	55 1	84 1	34 1	22 1	54 1	37 1	40 1	77 1	11 1	31 1	39 1	75 1	30 1	32 1	61 1	24 1	96 1	4 1	5 1	65 1	78 1	47 1	26 1	71 1	63 1	97 1	42 1	36 1	70 1	16 1	33 1	64 1	7 1	25 1	17 1	99 1	90 1	10 1	46 1	19 1	45 1	72 1	89 1	94 1	2 1	98 1	18 1	21 1	8 1	52 1	85 1	66 1	81 1	28 1	9 1	44 1	51 1	92 1	79 1	88 1	83 1	23 1
68 1	30 1	83 1	46 1	88 1	65 1	33 1	4 1	52 1	21 1	80 1	57 1	61 1	40 1	49 1	55 1	67 1	38 1	14 1	50 1	43 1	75 1	0 1	44 1	10 1	71 1	59 1	8 1	72 1	82 1	95 1	29 1	20 1	2 1	31 1	7 1	32 1	90 1	66 1	28 1	15 1	97 1	79 1	6 1	70 1	48 1	74 1	19 1	11 1	58 1	53 1	41 1	73 1	69 1	92 1	5 1	51 1	89 1	93 1	45 1	42 1	78 1	94 1	12 1	9 1	39 1	24 1	77 1	13 1	98 1	35 1	96 1	76 1	47 1	18 1	26 1	37 1	85 1	56 1	27 1	86 1	91 1	87 1	81 1	22 1	17 1	64 1	3 1	16 1	1 1	34 1	36 1	99 1	84 1	63 1	54 1	60 1	23 1	62 1	25 1
90 1	67 1	73 1	39 1	71 1	13 1	33 1	70 1	85 1	38 1	75 1	34 1	35 1	11 1	96 1	53 1	74 1	4 1	65 1	83 1	76 1	56 1	50 1	99 1	26 1	81 1	16 1	60 1	64 1	37 1	22 1	95 1	30 1	55 1	44 1	59 1	94 1	58 1	32 1	27 1	66 1	24 1	91 1	19 1	82 1	41 1	79 1	52 1	69 1	68 1	28 1	40 1	77 1	25 1	6 1	98 1	57 1	7 1	78 1	80 1	89 1	12 1	29 1	43 1	23 1	72 1	45 1	36 1	61 1	14 1	1 1	3 1	51 1	86 1	88 1	18 1	47 1	87 1	49 1	15 1	46 1	8 1	97 1	21 1	31 1	54 1	48 1	93 1	62 1	10 1	5 1	63 1	20 1	84 1	9 1	42 1	0 1	2 1	92 1	17 1
22 1	28 1	94 1	87 1	46 1	27 1	62 1	84 1	30 1	59 1	75 1	81 1	32 1	12 1	53 1	70 1	17 1	56 1	29 1	43 1	57 1	68 1	66 1	76 1	55 1	39 1	20 1	33 1	93 1	99 1	34 1	45 1	74 1	2 1	3 1	49 1	5 1	83 1	58 1	1 1	91 1	79 1	15 1	35 1	88 1	92 1	24 1	42 1	86 1	67 1	69 1	73 1	23 1	40 1	65 1	77 1	18 1	37 1	63 1	19 1	21 1	72 1	96 1	89 1	0 1	90 1	98 1	10 1	44 1	9 1	85 1	82 1	6 1	26 1	95 1	31 1	52 1	48 1	41 1	14 1	97 1	64 1	47 1	16 1	11 1	61 1	8 1	80 1	7 1	4 1	60 1	25 1	38 1	36 1	71 1	51 1	13 1	54 1	50 1	78 1
64 1	22 1	13 1	65 1	25 1	60 1	33 1	40 1	50 1	71 1	74 1	14 1	93 1	56 1	41 1	0 1	36 1	37 1	9 1	53 1	83 1	72 1	75 1	5 1	86 1	35 1	16 1	69 1	88 1	21 1	2 1	98 1	28 1	43 1	54 1	55 1	48 1	62 1	96 1	3 1	92 1	58 1	89 1	49 1	67 1	26 1	80 1	87 1	27 1	51 1	32 1	18 1	23 1	12 1	46 1	84 1	82 1	66 1	68 1	10 1	47 1	52 1	91 1	61 1	95 1	44 1	31 1	59 1	39 1	63 1	94 1	8 1	73 1	30 1	81 1	97 1	85 1	70 1	29 1	24 1	99 1	77 1	38 1	34 1	76 1	45 1	79 1	6 1	90 1	78 1	57 1	19 1	7 1	11 1	42 1	1 1	20 1	15 1	4 1	17 1
72 1	67 1	26 1	13 1	82 1	58 1	90 1	52 1	45 1	7 1	51 1	22 1	74 1	92 1	16 1	3 1	31 1	77 1	81 1	60 1	23 1	1 1	61 1	85 1	5 1	49 1	6 1	46 1	24 1	29 1	42 1	48 1	96 1	53 1	27 1	11 1	4 1	8 1	44 1	50 1	84 1	9 1	10 1	59 1	36 1	37 1	87 1	15 1	12 1	62 1	2 1	25 1	17 1	14 1	55 1	71 1	0 1	66 1	88 1	89 1	19 1	98 1	75 1	79 1	93 1	94 1	40 1	21 1	78 1	63 1	32 1	99 1	39 1	83 1	65 1	80 1	41 1	54 1	57 1	18 1	95 1	69 1	86 1	97 1	47 1	56 1	33 1	28 1	43 1	76 1	20 1	35 1	91 1	38 1	70 1	30 1	73 1	34 1	68 1	64 1
