40	60
56 1	15 1	37 1	29 1	35 1	46 1	7 1	26 1	53 1	45 1	47 1	57 1	13 1	20 1	51 1	9 1	55 1	19 1	32 1	33 1	24 1	39 1	11 1	54 1	34 1	25 1	30 1	36 1	10 1	6 1	1 1	16 1	3 1	43 1	27 1	12 1	38 1	18 1	5 1	22 1	14 1	23 1	42 1	28 1	31 1	49 1	50 1	2 1	58 1	0 1	59 1	21 1	40 1	41 1	4 1	44 1	8 1	48 1	17 1	52 1
27 1	56 1	26 1	47 1	8 1	52 1	32 1	34 1	15 1	46 1	24 1	13 1	42 1	11 1	4 1	58 1	1 1	50 1	33 1	49 1	53 1	10 1	41 1	36 1	55 1	6 1	48 1	45 1	51 1	21 1	39 1	38 1	3 1	40 1	59 1	17 1	44 1	23 1	28 1	0 1	7 1	9 1	22 1	12 1	14 1	30 1	29 1	25 1	57 1	31 1	20 1	19 1	37 1	2 1	54 1	5 1	16 1	35 1	18 1	43 1
9 1	34 1	29 1	26 1	35 1	36 1	15 1	53 1	40 1	11 1	46 1	19 1	3 1	2 1	33 1	50 1	56 1	39 1	52 1	8 1	13 1	12 1	30 1	25 1	10 1	18 1	24 1	23 1	54 1	41 1	7 1	0 1	31 1	1 1	48 1	45 1	59 1	27 1	14 1	28 1	57 1	55 1	22 1	6 1	43 1	44 1	17 1	37 1	21 1	51 1	5 1	49 1	38 1	20 1	16 1	42 1	47 1	4 1	32 1	58 1
13 1	0 1	45 1	12 1	36 1	16 1	14 1	42 1	37 1	29 1	41 1	2 1	58 1	44 1	5 1	30 1	15 1	39 1	47 1	19 1	51 1	32 1	53 1	38 1	59 1	50 1	21 1	43 1	1 1	6 1	3 1	28 1	18 1	27 1	55 1	33 1	26 1	4 1	54 1	31 1	34 1	57 1	46 1	20 1	35 1	9 1	25 1	10 1	52 1	49 1	24 1	17 1	22 1	48 1	56 1	40 1	7 1	11 1	23 1	8 1
7 1	46 1	43 1	32 1	30 1	5 1	4 1	11 1	6 1	10 1	52 1	21 1	16 1	47 1	12 1	9 1	34 1	45 1	15 1	17 1	22 1	35 1	56 1	57 1	24 1	37 1	8 1	20 1	54 1	42 1	44 1	25 1	27 1	59 1	23 1	0 1	26 1	2 1	3 1	33 1	28 1	36 1	51 1	13 1	14 1	38 1	53 1	1 1	41 1	39 1	31 1	50 1	40 1	18 1	19 1	58 1	48 1	29 1	55 1	49 1
27 1	55 1	20 1	2 1	30 1	1 1	45 1	7 1	49 1	52 1	47 1	43 1	12 1	57 1	0 1	36 1	51 1	42 1	33 1	38 1	18 1	59 1	35 1	48 1	24 1	58 1	41 1	23 1	19 1	34 1	4 1	8 1	21 1	44 1	5 1	40 1	22 1	9 1	15 1	6 1	50 1	53 1	11 1	32 1	10 1	16 1	25 1	54 1	46 1	3 1	28 1	56 1	26 1	17 1	39 1	29 1	31 1	14 1	37 1	13 1
18 1	9 1	54 1	3 1	43 1	48 1	57 1	20 1	27 1	39 1	15 1	41 1	24 1	2 1	52 1	10 1	26 1	11 1	14 1	19 1	5 1	45 1	55 1	7 1	35 1	12 1	1 1	32 1	33 1	36 1	56 1	42 1	38 1	49 1	8 1	44 1	25 1	28 1	4 1	23 1	37 1	46 1	50 1	53 1	16 1	29 1	21 1	22 1	58 1	51 1	6 1	40 1	30 1	59 1	17 1	0 1	47 1	31 1	13 1	34 1
36 1	8 1	9 1	2 1	4 1	59 1	46 1	45 1	22 1	47 1	51 1	21 1	44 1	13 1	3 1	34 1	32 1	55 1	12 1	37 1	10 1	57 1	39 1	20 1	5 1	50 1	19 1	26 1	0 1	15 1	33 1	43 1	16 1	31 1	23 1	6 1	17 1	38 1	29 1	28 1	54 1	24 1	25 1	18 1	42 1	14 1	58 1	53 1	35 1	1 1	11 1	41 1	49 1	7 1	52 1	27 1	30 1	56 1	48 1	40 1
11 1	37 1	40 1	43 1	48 1	15 1	14 1	31 1	57 1	54 1	53 1	47 1	34 1	24 1	52 1	27 1	12 1	51 1	42 1	30 1	20 1	0 1	17 1	6 1	45 1	21 1	7 1	44 1	23 1	38 1	13 1	33 1	26 1	5 1	50 1	35 1	46 1	16 1	18 1	56 1	22 1	49 1	58 1	36 1	2 1	39 1	3 1	19 1	29 1	32 1	1 1	55 1	59 1	25 1	41 1	28 1	8 1	4 1	10 1	9 1
48 1	22 1	57 1	28 1	40 1	45 1	46 1	49 1	34 1	26 1	41 1	12 1	35 1	58 1	11 1	4 1	53 1	19 1	27 1	37 1	0 1	38 1	2 1	30 1	18 1	51 1	43 1	23 1	6 1	44 1	21 1	5 1	3 1	24 1	52 1	50 1	10 1	32 1	15 1	31 1	8 1	16 1	17 1	1 1	7 1	29 1	59 1	47 1	33 1	42 1	25 1	14 1	36 1	54 1	9 1	55 1	20 1	13 1	39 1	56 1
51 1	22 1	12 1	1 1	4 1	57 1	41 1	47 1	34 1	6 1	42 1	50 1	21 1	59 1	38 1	20 1	53 1	45 1	58 1	44 1	31 1	3 1	55 1	23 1	35 1	56 1	5 1	40 1	32 1	39 1	37 1	19 1	24 1	26 1	14 1	11 1	10 1	48 1	17 1	7 1	25 1	43 1	33 1	29 1	2 1	46 1	15 1	9 1	36 1	16 1	13 1	18 1	30 1	28 1	8 1	52 1	27 1	49 1	54 1	0 1
13 1	23 1	44 1	51 1	18 1	26 1	41 1	27 1	33 1	25 1	54 1	45 1	8 1	28 1	11 1	10 1	21 1	43 1	32 1	4 1	46 1	1 1	58 1	35 1	50 1	16 1	42 1	30 1	52 1	24 1	40 1	2 1	15 1	6 1	9 1	48 1	19 1	14 1	55 1	31 1	59 1	0 1	17 1	5 1	39 1	38 1	53 1	37 1	20 1	7 1	12 1	3 1	29 1	49 1	47 1	36 1	57 1	56 1	22 1	34 1
6 1	41 1	28 1	56 1	26 1	16 1	3 1	45 1	17 1	31 1	54 1	44 1	51 1	1 1	55 1	13 1	33 1	49 1	43 1	53 1	38 1	27 1	21 1	2 1	8 1	0 1	9 1	10 1	22 1	37 1	50 1	52 1	32 1	14 1	11 1	42 1	46 1	7 1	19 1	18 1	39 1	30 1	23 1	4 1	25 1	24 1	35 1	48 1	40 1	58 1	59 1	36 1	34 1	47 1	57 1	29 1	5 1	12 1	15 1	20 1
48 1	51 1	24 1	0 1	25 1	47 1	11 1	38 1	59 1	16 1	21 1	28 1	8 1	1 1	46 1	3 1	4 1	7 1	45 1	49 1	43 1	22 1	5 1	58 1	23 1	33 1	9 1	32 1	42 1	54 1	34 1	52 1	44 1	13 1	31 1	50 1	14 1	57 1	6 1	56 1	40 1	55 1	15 1	10 1	36 1	41 1	2 1	53 1	27 1	17 1	26 1	37 1	18 1	19 1	39 1	12 1	35 1	30 1	20 1	29 1
24 1	35 1	48 1	36 1	9 1	49 1	58 1	2 1	20 1	0 1	51 1	52 1	11 1	26 1	5 1	19 1	14 1	4 1	27 1	16 1	15 1	23 1	17 1	18 1	34 1	40 1	31 1	47 1	8 1	54 1	28 1	29 1	12 1	45 1	6 1	25 1	50 1	33 1	30 1	59 1	1 1	39 1	10 1	37 1	53 1	44 1	43 1	7 1	13 1	21 1	57 1	32 1	46 1	22 1	42 1	41 1	56 1	3 1	55 1	38 1
55 1	16 1	39 1	59 1	29 1	2 1	31 1	30 1	47 1	24 1	50 1	1 1	0 1	34 1	48 1	8 1	54 1	36 1	18 1	14 1	23 1	22 1	15 1	41 1	20 1	28 1	37 1	4 1	21 1	44 1	6 1	58 1	40 1	33 1	25 1	11 1	9 1	53 1	27 1	26 1	49 1	32 1	46 1	45 1	52 1	17 1	19 1	57 1	51 1	7 1	13 1	43 1	3 1	42 1	35 1	38 1	5 1	10 1	56 1	12 1
44 1	36 1	22 1	18 1	25 1	41 1	54 1	37 1	11 1	5 1	34 1	39 1	0 1	15 1	14 1	29 1	3 1	38 1	9 1	48 1	50 1	24 1	57 1	13 1	17 1	26 1	55 1	46 1	28 1	2 1	58 1	4 1	40 1	56 1	16 1	12 1	47 1	49 1	43 1	35 1	42 1	33 1	27 1	32 1	23 1	52 1	6 1	59 1	51 1	20 1	21 1	30 1	45 1	10 1	19 1	7 1	31 1	8 1	53 1	1 1
23 1	46 1	2 1	15 1	55 1	7 1	13 1	43 1	30 1	25 1	41 1	24 1	33 1	57 1	17 1	48 1	3 1	53 1	28 1	56 1	22 1	6 1	0 1	31 1	29 1	36 1	14 1	58 1	40 1	38 1	20 1	27 1	49 1	59 1	21 1	47 1	35 1	11 1	4 1	54 1	5 1	8 1	9 1	34 1	50 1	26 1	10 1	16 1	1 1	12 1	45 1	32 1	19 1	37 1	18 1	39 1	51 1	42 1	52 1	44 1
26 1	6 1	38 1	10 1	20 1	55 1	58 1	37 1	42 1	2 1	1 1	24 1	12 1	56 1	44 1	31 1	23 1	40 1	4 1	53 1	43 1	0 1	17 1	15 1	27 1	47 1	29 1	11 1	5 1	8 1	30 1	36 1	7 1	25 1	35 1	51 1	13 1	16 1	21 1	49 1	14 1	32 1	45 1	19 1	46 1	59 1	41 1	39 1	52 1	9 1	28 1	3 1	18 1	50 1	57 1	22 1	33 1	48 1	54 1	34 1
57 1	19 1	27 1	4 1	59 1	1 1	29 1	23 1	52 1	55 1	10 1	58 1	7 1	20 1	50 1	28 1	12 1	21 1	0 1	48 1	35 1	16 1	22 1	41 1	45 1	14 1	36 1	32 1	40 1	9 1	56 1	17 1	53 1	54 1	26 1	15 1	8 1	11 1	31 1	2 1	33 1	25 1	43 1	30 1	38 1	44 1	6 1	39 1	3 1	24 1	5 1	13 1	42 1	18 1	46 1	37 1	47 1	49 1	51 1	34 1
5 1	43 1	1 1	24 1	18 1	38 1	20 1	53 1	36 1	35 1	15 1	23 1	14 1	34 1	39 1	26 1	58 1	13 1	21 1	11 1	54 1	30 1	22 1	25 1	17 1	0 1	12 1	27 1	40 1	44 1	42 1	45 1	7 1	48 1	50 1	8 1	57 1	3 1	9 1	37 1	49 1	33 1	31 1	29 1	41 1	59 1	19 1	2 1	6 1	47 1	46 1	55 1	10 1	4 1	51 1	56 1	32 1	28 1	16 1	52 1
50 1	39 1	9 1	29 1	27 1	48 1	6 1	19 1	36 1	38 1	13 1	47 1	40 1	17 1	4 1	53 1	43 1	30 1	20 1	34 1	15 1	0 1	32 1	46 1	55 1	24 1	33 1	35 1	45 1	26 1	2 1	12 1	42 1	1 1	59 1	21 1	44 1	41 1	8 1	54 1	11 1	5 1	10 1	7 1	49 1	22 1	58 1	16 1	56 1	52 1	3 1	51 1	31 1	37 1	57 1	18 1	28 1	14 1	23 1	25 1
13 1	6 1	50 1	46 1	11 1	8 1	7 1	14 1	31 1	48 1	23 1	32 1	35 1	42 1	45 1	30 1	55 1	36 1	24 1	43 1	5 1	19 1	21 1	1 1	38 1	49 1	4 1	3 1	12 1	26 1	39 1	20 1	56 1	34 1	27 1	15 1	54 1	52 1	51 1	44 1	58 1	57 1	29 1	22 1	40 1	41 1	2 1	33 1	25 1	16 1	53 1	37 1	0 1	47 1	59 1	17 1	18 1	10 1	28 1	9 1
23 1	9 1	20 1	33 1	27 1	11 1	1 1	52 1	35 1	44 1	59 1	14 1	31 1	5 1	57 1	56 1	12 1	39 1	15 1	49 1	21 1	10 1	18 1	53 1	38 1	41 1	43 1	30 1	17 1	0 1	34 1	37 1	24 1	28 1	51 1	2 1	48 1	3 1	13 1	25 1	55 1	42 1	29 1	4 1	7 1	16 1	36 1	47 1	32 1	58 1	45 1	54 1	8 1	26 1	6 1	22 1	40 1	19 1	46 1	50 1
9 1	6 1	41 1	30 1	2 1	54 1	8 1	55 1	3 1	35 1	46 1	15 1	34 1	4 1	5 1	31 1	20 1	28 1	44 1	37 1	13 1	18 1	39 1	32 1	25 1	27 1	14 1	38 1	11 1	40 1	17 1	50 1	57 1	10 1	26 1	48 1	43 1	24 1	33 1	56 1	1 1	19 1	53 1	21 1	51 1	52 1	0 1	22 1	12 1	7 1	36 1	23 1	47 1	49 1	16 1	59 1	29 1	42 1	45 1	58 1
35 1	30 1	26 1	1 1	59 1	50 1	11 1	36 1	8 1	0 1	24 1	10 1	31 1	41 1	51 1	25 1	28 1	48 1	9 1	6 1	15 1	16 1	38 1	34 1	33 1	23 1	45 1	22 1	56 1	49 1	13 1	20 1	37 1	46 1	14 1	19 1	40 1	52 1	58 1	29 1	17 1	2 1	44 1	54 1	47 1	42 1	5 1	55 1	4 1	18 1	43 1	39 1	7 1	32 1	21 1	53 1	57 1	12 1	3 1	27 1
45 1	3 1	40 1	50 1	11 1	15 1	30 1	47 1	2 1	38 1	31 1	32 1	18 1	54 1	59 1	13 1	12 1	1 1	39 1	33 1	57 1	35 1	46 1	25 1	27 1	16 1	20 1	42 1	48 1	41 1	7 1	0 1	22 1	51 1	44 1	17 1	24 1	5 1	43 1	49 1	34 1	14 1	37 1	9 1	26 1	10 1	4 1	23 1	58 1	21 1	36 1	8 1	52 1	56 1	6 1	19 1	29 1	55 1	28 1	53 1
29 1	41 1	15 1	53 1	7 1	56 1	34 1	49 1	24 1	42 1	23 1	40 1	35 1	4 1	52 1	3 1	54 1	55 1	14 1	44 1	0 1	30 1	25 1	50 1	36 1	20 1	11 1	10 1	37 1	16 1	8 1	13 1	1 1	12 1	45 1	43 1	17 1	32 1	38 1	28 1	58 1	26 1	59 1	46 1	18 1	5 1	47 1	21 1	31 1	9 1	2 1	27 1	22 1	6 1	48 1	19 1	39 1	33 1	57 1	51 1
41 1	48 1	37 1	50 1	18 1	24 1	36 1	26 1	3 1	0 1	2 1	20 1	59 1	13 1	35 1	32 1	57 1	34 1	31 1	40 1	43 1	11 1	12 1	5 1	42 1	53 1	54 1	38 1	22 1	46 1	1 1	55 1	21 1	39 1	23 1	9 1	16 1	29 1	30 1	15 1	17 1	56 1	51 1	44 1	6 1	58 1	28 1	19 1	14 1	27 1	45 1	49 1	7 1	25 1	47 1	52 1	4 1	8 1	10 1	33 1
48 1	9 1	27 1	6 1	51 1	12 1	11 1	21 1	31 1	20 1	52 1	17 1	41 1	29 1	18 1	55 1	33 1	16 1	44 1	26 1	56 1	24 1	0 1	1 1	53 1	14 1	43 1	47 1	19 1	58 1	40 1	54 1	22 1	10 1	57 1	50 1	4 1	5 1	28 1	46 1	36 1	15 1	7 1	38 1	35 1	59 1	34 1	23 1	45 1	32 1	39 1	3 1	25 1	30 1	13 1	8 1	37 1	42 1	49 1	2 1
21 1	37 1	36 1	43 1	38 1	18 1	45 1	4 1	52 1	44 1	16 1	24 1	0 1	51 1	46 1	3 1	10 1	48 1	58 1	40 1	22 1	30 1	29 1	26 1	19 1	39 1	50 1	53 1	34 1	13 1	54 1	41 1	27 1	2 1	1 1	31 1	33 1	7 1	20 1	23 1	49 1	28 1	32 1	59 1	14 1	9 1	42 1	25 1	15 1	55 1	17 1	5 1	35 1	57 1	11 1	56 1	47 1	8 1	12 1	6 1
27 1	51 1	57 1	34 1	46 1	9 1	2 1	26 1	47 1	54 1	50 1	15 1	21 1	10 1	19 1	17 1	56 1	18 1	49 1	55 1	25 1	0 1	13 1	5 1	3 1	48 1	33 1	32 1	30 1	59 1	20 1	36 1	4 1	37 1	52 1	8 1	31 1	28 1	43 1	45 1	58 1	40 1	23 1	6 1	42 1	11 1	39 1	7 1	1 1	12 1	41 1	24 1	16 1	35 1	29 1	38 1	14 1	53 1	22 1	44 1
28 1	26 1	43 1	17 1	13 1	35 1	37 1	53 1	10 1	1 1	29 1	16 1	56 1	0 1	58 1	42 1	31 1	33 1	24 1	50 1	11 1	22 1	25 1	5 1	34 1	19 1	44 1	14 1	38 1	49 1	48 1	41 1	9 1	2 1	54 1	39 1	47 1	51 1	7 1	18 1	12 1	59 1	52 1	30 1	6 1	3 1	57 1	8 1	36 1	46 1	55 1	45 1	20 1	21 1	15 1	32 1	40 1	23 1	4 1	27 1
27 1	32 1	18 1	23 1	16 1	19 1	6 1	9 1	29 1	28 1	44 1	24 1	59 1	4 1	49 1	41 1	54 1	56 1	52 1	2 1	55 1	57 1	46 1	3 1	45 1	40 1	17 1	31 1	33 1	38 1	39 1	51 1	25 1	37 1	1 1	30 1	48 1	10 1	36 1	20 1	26 1	13 1	7 1	42 1	14 1	21 1	50 1	34 1	22 1	0 1	35 1	58 1	53 1	5 1	43 1	47 1	15 1	8 1	11 1	12 1
56 1	29 1	23 1	26 1	40 1	32 1	54 1	19 1	3 1	1 1	6 1	34 1	35 1	45 1	44 1	5 1	33 1	30 1	28 1	50 1	41 1	9 1	11 1	58 1	59 1	8 1	38 1	4 1	10 1	16 1	20 1	15 1	14 1	18 1	21 1	22 1	48 1	46 1	51 1	37 1	24 1	7 1	42 1	12 1	31 1	13 1	17 1	43 1	52 1	2 1	25 1	57 1	39 1	53 1	27 1	0 1	55 1	47 1	49 1	36 1
43 1	20 1	35 1	53 1	22 1	28 1	31 1	41 1	15 1	16 1	37 1	58 1	51 1	46 1	45 1	14 1	8 1	56 1	9 1	6 1	25 1	24 1	4 1	38 1	32 1	30 1	19 1	21 1	42 1	17 1	5 1	13 1	34 1	47 1	52 1	59 1	57 1	27 1	33 1	36 1	1 1	10 1	26 1	44 1	50 1	0 1	54 1	2 1	55 1	49 1	11 1	40 1	48 1	29 1	12 1	3 1	18 1	39 1	23 1	7 1
24 1	37 1	57 1	18 1	26 1	8 1	34 1	16 1	12 1	31 1	13 1	10 1	46 1	42 1	29 1	5 1	35 1	56 1	54 1	51 1	4 1	6 1	59 1	32 1	41 1	1 1	49 1	39 1	36 1	33 1	9 1	44 1	20 1	45 1	43 1	23 1	15 1	3 1	0 1	55 1	22 1	7 1	17 1	48 1	2 1	40 1	50 1	47 1	58 1	27 1	21 1	38 1	52 1	19 1	14 1	25 1	28 1	11 1	30 1	53 1
4 1	29 1	33 1	14 1	25 1	9 1	38 1	30 1	31 1	43 1	41 1	5 1	24 1	45 1	37 1	1 1	15 1	23 1	50 1	13 1	36 1	59 1	56 1	57 1	0 1	16 1	51 1	52 1	8 1	18 1	11 1	28 1	46 1	53 1	32 1	49 1	39 1	7 1	2 1	22 1	58 1	48 1	54 1	21 1	42 1	12 1	26 1	17 1	40 1	6 1	20 1	27 1	34 1	55 1	10 1	35 1	3 1	47 1	19 1	44 1
43 1	27 1	58 1	34 1	13 1	53 1	38 1	14 1	45 1	20 1	5 1	19 1	23 1	33 1	51 1	56 1	52 1	0 1	18 1	29 1	32 1	28 1	11 1	48 1	40 1	26 1	6 1	50 1	2 1	12 1	16 1	24 1	15 1	39 1	49 1	35 1	37 1	57 1	4 1	30 1	7 1	1 1	55 1	17 1	41 1	9 1	54 1	59 1	47 1	3 1	31 1	44 1	22 1	42 1	25 1	46 1	8 1	10 1	21 1	36 1
7 1	52 1	55 1	28 1	14 1	21 1	9 1	31 1	22 1	47 1	53 1	42 1	32 1	44 1	57 1	26 1	49 1	34 1	0 1	16 1	20 1	54 1	33 1	35 1	45 1	39 1	36 1	24 1	27 1	58 1	3 1	59 1	50 1	19 1	51 1	15 1	1 1	30 1	46 1	8 1	12 1	10 1	23 1	13 1	18 1	29 1	38 1	40 1	37 1	41 1	4 1	6 1	5 1	48 1	56 1	17 1	2 1	43 1	11 1	25 1
