30	60
51 1	2 1	21 1	14 1	43 1	11 1	57 1	31 1	47 1	58 1	35 1	9 1	38 1	44 1	16 1	23 1	56 1	53 1	22 1	54 1	29 1	27 1	28 1	3 1	4 1	30 1	33 1	42 1	55 1	20 1	45 1	40 1	50 1	19 1	26 1	36 1	8 1	52 1	0 1	12 1	5 1	10 1	49 1	39 1	15 1	34 1	6 1	1 1	25 1	46 1	41 1	32 1	59 1	48 1	37 1	13 1	7 1	18 1	17 1	24 1
2 1	7 1	41 1	42 1	25 1	12 1	14 1	21 1	9 1	59 1	16 1	54 1	11 1	52 1	33 1	28 1	38 1	6 1	50 1	15 1	19 1	1 1	43 1	49 1	24 1	22 1	13 1	47 1	56 1	34 1	39 1	37 1	32 1	36 1	3 1	51 1	35 1	10 1	8 1	0 1	31 1	44 1	18 1	23 1	27 1	48 1	30 1	53 1	4 1	57 1	40 1	58 1	55 1	5 1	45 1	29 1	26 1	20 1	46 1	17 1
18 1	39 1	51 1	21 1	11 1	52 1	4 1	58 1	34 1	2 1	0 1	15 1	37 1	30 1	8 1	12 1	6 1	1 1	19 1	50 1	9 1	46 1	32 1	36 1	16 1	57 1	31 1	23 1	53 1	42 1	14 1	45 1	44 1	22 1	59 1	10 1	38 1	28 1	35 1	49 1	3 1	25 1	29 1	40 1	48 1	24 1	55 1	7 1	33 1	41 1	43 1	5 1	13 1	54 1	56 1	27 1	17 1	26 1	20 1	47 1
49 1	5 1	19 1	17 1	37 1	3 1	36 1	1 1	34 1	24 1	22 1	12 1	31 1	33 1	55 1	56 1	46 1	6 1	44 1	26 1	7 1	51 1	29 1	42 1	21 1	25 1	10 1	52 1	59 1	28 1	54 1	30 1	47 1	14 1	48 1	20 1	23 1	9 1	2 1	57 1	32 1	4 1	27 1	50 1	0 1	11 1	35 1	45 1	41 1	43 1	58 1	40 1	18 1	15 1	38 1	16 1	53 1	13 1	39 1	8 1
22 1	56 1	47 1	14 1	35 1	41 1	16 1	37 1	9 1	40 1	18 1	34 1	46 1	0 1	11 1	38 1	10 1	44 1	2 1	28 1	48 1	59 1	54 1	49 1	27 1	52 1	33 1	58 1	8 1	1 1	50 1	26 1	29 1	20 1	53 1	25 1	57 1	13 1	32 1	24 1	55 1	12 1	42 1	15 1	5 1	36 1	51 1	7 1	19 1	43 1	31 1	30 1	4 1	6 1	45 1	23 1	3 1	21 1	17 1	39 1
50 1	39 1	14 1	28 1	10 1	45 1	22 1	8 1	5 1	23 1	13 1	33 1	37 1	44 1	43 1	49 1	55 1	59 1	46 1	25 1	17 1	0 1	41 1	57 1	34 1	18 1	47 1	3 1	56 1	7 1	6 1	4 1	21 1	19 1	42 1	32 1	9 1	35 1	15 1	30 1	54 1	27 1	29 1	36 1	31 1	26 1	24 1	38 1	53 1	58 1	52 1	11 1	40 1	20 1	12 1	2 1	1 1	51 1	48 1	16 1
0 1	6 1	43 1	4 1	56 1	42 1	3 1	14 1	27 1	11 1	47 1	58 1	41 1	40 1	44 1	13 1	55 1	32 1	17 1	5 1	9 1	20 1	57 1	2 1	52 1	51 1	29 1	18 1	1 1	48 1	49 1	7 1	8 1	36 1	59 1	45 1	22 1	53 1	10 1	34 1	28 1	50 1	15 1	23 1	26 1	33 1	21 1	12 1	38 1	30 1	16 1	46 1	39 1	19 1	24 1	54 1	31 1	37 1	25 1	35 1
32 1	21 1	49 1	3 1	13 1	43 1	54 1	50 1	39 1	9 1	35 1	26 1	33 1	42 1	31 1	8 1	17 1	40 1	47 1	44 1	5 1	11 1	10 1	14 1	57 1	52 1	2 1	36 1	53 1	45 1	27 1	41 1	1 1	59 1	55 1	25 1	29 1	20 1	7 1	4 1	19 1	51 1	48 1	34 1	6 1	46 1	24 1	15 1	56 1	30 1	18 1	22 1	58 1	37 1	23 1	0 1	38 1	12 1	16 1	28 1
33 1	8 1	12 1	29 1	26 1	25 1	18 1	22 1	58 1	1 1	41 1	52 1	16 1	20 1	39 1	4 1	53 1	34 1	45 1	21 1	15 1	30 1	38 1	59 1	9 1	28 1	56 1	23 1	3 1	55 1	43 1	24 1	27 1	44 1	7 1	35 1	57 1	50 1	6 1	13 1	40 1	48 1	10 1	42 1	17 1	2 1	32 1	49 1	37 1	51 1	11 1	5 1	54 1	47 1	31 1	19 1	0 1	46 1	14 1	36 1
47 1	24 1	54 1	41 1	6 1	49 1	2 1	0 1	9 1	48 1	50 1	32 1	22 1	40 1	51 1	20 1	31 1	4 1	14 1	34 1	16 1	18 1	53 1	28 1	57 1	38 1	13 1	21 1	12 1	5 1	23 1	1 1	44 1	15 1	46 1	36 1	11 1	42 1	43 1	10 1	45 1	27 1	59 1	55 1	58 1	8 1	52 1	7 1	25 1	3 1	35 1	37 1	39 1	17 1	29 1	19 1	33 1	26 1	56 1	30 1
23 1	11 1	16 1	41 1	55 1	37 1	52 1	20 1	2 1	32 1	30 1	51 1	47 1	25 1	38 1	29 1	50 1	12 1	13 1	28 1	15 1	56 1	19 1	57 1	10 1	40 1	18 1	46 1	4 1	34 1	33 1	36 1	53 1	26 1	42 1	9 1	8 1	3 1	45 1	59 1	31 1	17 1	22 1	48 1	39 1	35 1	7 1	21 1	43 1	5 1	44 1	49 1	1 1	58 1	27 1	6 1	0 1	24 1	54 1	14 1
3 1	18 1	14 1	33 1	35 1	38 1	9 1	48 1	24 1	7 1	22 1	56 1	51 1	40 1	4 1	32 1	8 1	1 1	45 1	59 1	15 1	27 1	6 1	41 1	31 1	49 1	21 1	43 1	17 1	11 1	16 1	53 1	0 1	54 1	2 1	58 1	25 1	37 1	10 1	44 1	55 1	30 1	23 1	20 1	13 1	52 1	39 1	42 1	12 1	47 1	5 1	34 1	28 1	36 1	50 1	46 1	29 1	26 1	57 1	19 1
56 1	48 1	37 1	26 1	30 1	40 1	8 1	0 1	25 1	12 1	15 1	6 1	38 1	45 1	52 1	17 1	11 1	28 1	33 1	59 1	18 1	20 1	4 1	46 1	2 1	39 1	42 1	43 1	34 1	31 1	14 1	36 1	21 1	58 1	44 1	35 1	54 1	47 1	29 1	19 1	50 1	22 1	53 1	3 1	49 1	41 1	57 1	16 1	9 1	13 1	1 1	27 1	5 1	55 1	7 1	10 1	32 1	24 1	23 1	51 1
26 1	37 1	34 1	7 1	0 1	3 1	53 1	11 1	9 1	28 1	55 1	59 1	40 1	8 1	17 1	23 1	31 1	12 1	44 1	19 1	4 1	41 1	5 1	42 1	27 1	52 1	56 1	14 1	43 1	16 1	6 1	21 1	58 1	18 1	46 1	32 1	24 1	29 1	57 1	33 1	54 1	38 1	15 1	47 1	13 1	1 1	35 1	48 1	30 1	2 1	20 1	10 1	45 1	25 1	51 1	39 1	50 1	36 1	49 1	22 1
24 1	49 1	12 1	1 1	56 1	42 1	55 1	18 1	10 1	21 1	4 1	34 1	41 1	8 1	30 1	38 1	37 1	15 1	14 1	58 1	32 1	22 1	40 1	47 1	25 1	46 1	29 1	53 1	26 1	48 1	51 1	45 1	59 1	36 1	27 1	39 1	11 1	7 1	2 1	20 1	28 1	6 1	44 1	16 1	31 1	19 1	35 1	5 1	9 1	50 1	0 1	43 1	17 1	13 1	33 1	23 1	52 1	54 1	3 1	57 1
40 1	27 1	8 1	59 1	35 1	39 1	53 1	15 1	22 1	6 1	36 1	50 1	47 1	58 1	34 1	19 1	52 1	3 1	38 1	11 1	2 1	26 1	17 1	54 1	20 1	14 1	4 1	29 1	7 1	5 1	55 1	31 1	30 1	42 1	21 1	48 1	25 1	49 1	13 1	0 1	51 1	9 1	18 1	41 1	10 1	32 1	12 1	45 1	37 1	56 1	1 1	33 1	43 1	24 1	23 1	16 1	44 1	46 1	28 1	57 1
12 1	40 1	34 1	43 1	28 1	35 1	53 1	26 1	21 1	31 1	11 1	54 1	23 1	7 1	15 1	36 1	1 1	58 1	45 1	0 1	14 1	25 1	19 1	46 1	29 1	3 1	32 1	27 1	4 1	47 1	55 1	6 1	51 1	16 1	13 1	38 1	59 1	48 1	49 1	17 1	57 1	22 1	52 1	18 1	5 1	37 1	24 1	2 1	30 1	10 1	41 1	50 1	9 1	20 1	33 1	42 1	44 1	39 1	8 1	56 1
52 1	26 1	42 1	0 1	56 1	46 1	38 1	45 1	49 1	51 1	7 1	14 1	53 1	47 1	22 1	48 1	20 1	17 1	36 1	54 1	39 1	44 1	28 1	57 1	40 1	12 1	30 1	1 1	3 1	6 1	43 1	10 1	9 1	13 1	32 1	8 1	5 1	34 1	55 1	16 1	58 1	25 1	19 1	15 1	11 1	23 1	35 1	29 1	24 1	2 1	41 1	50 1	37 1	4 1	59 1	31 1	18 1	27 1	21 1	33 1
44 1	10 1	6 1	27 1	24 1	0 1	26 1	28 1	38 1	17 1	59 1	16 1	54 1	43 1	45 1	55 1	41 1	14 1	50 1	1 1	51 1	40 1	39 1	29 1	5 1	4 1	47 1	8 1	33 1	18 1	35 1	32 1	49 1	31 1	58 1	23 1	12 1	37 1	22 1	11 1	42 1	53 1	3 1	36 1	7 1	30 1	52 1	9 1	57 1	34 1	2 1	25 1	20 1	19 1	15 1	13 1	21 1	48 1	46 1	56 1
52 1	39 1	37 1	3 1	31 1	16 1	12 1	44 1	54 1	50 1	28 1	43 1	32 1	41 1	48 1	29 1	40 1	23 1	53 1	10 1	13 1	11 1	6 1	24 1	58 1	14 1	0 1	36 1	17 1	25 1	51 1	56 1	4 1	46 1	7 1	15 1	35 1	1 1	55 1	2 1	38 1	45 1	34 1	22 1	59 1	33 1	49 1	47 1	5 1	26 1	42 1	18 1	19 1	20 1	9 1	8 1	21 1	30 1	57 1	27 1
42 1	8 1	4 1	54 1	3 1	1 1	41 1	38 1	52 1	48 1	39 1	50 1	0 1	35 1	28 1	45 1	43 1	15 1	59 1	30 1	34 1	55 1	26 1	16 1	44 1	7 1	56 1	46 1	36 1	17 1	19 1	11 1	20 1	21 1	31 1	53 1	2 1	29 1	49 1	33 1	40 1	22 1	37 1	27 1	5 1	14 1	12 1	13 1	51 1	32 1	25 1	6 1	9 1	58 1	10 1	18 1	47 1	57 1	23 1	24 1
15 1	11 1	32 1	1 1	17 1	42 1	56 1	41 1	45 1	21 1	10 1	33 1	58 1	7 1	22 1	26 1	30 1	6 1	8 1	14 1	53 1	54 1	23 1	52 1	19 1	34 1	24 1	36 1	5 1	51 1	57 1	9 1	25 1	48 1	38 1	16 1	28 1	46 1	13 1	59 1	27 1	3 1	18 1	29 1	0 1	47 1	55 1	44 1	43 1	40 1	31 1	37 1	2 1	35 1	20 1	4 1	39 1	12 1	49 1	50 1
26 1	31 1	3 1	52 1	53 1	19 1	2 1	34 1	42 1	14 1	37 1	30 1	28 1	8 1	50 1	29 1	54 1	22 1	41 1	33 1	57 1	9 1	0 1	40 1	56 1	24 1	17 1	39 1	16 1	51 1	5 1	59 1	38 1	47 1	32 1	27 1	35 1	1 1	15 1	21 1	20 1	36 1	43 1	10 1	6 1	23 1	46 1	55 1	11 1	25 1	44 1	18 1	12 1	4 1	45 1	49 1	13 1	58 1	7 1	48 1
52 1	30 1	42 1	56 1	20 1	6 1	11 1	5 1	51 1	2 1	50 1	49 1	23 1	21 1	17 1	29 1	43 1	46 1	19 1	7 1	45 1	58 1	0 1	40 1	24 1	37 1	38 1	55 1	47 1	57 1	28 1	18 1	1 1	44 1	39 1	25 1	14 1	48 1	59 1	34 1	4 1	26 1	41 1	10 1	13 1	31 1	12 1	22 1	36 1	9 1	8 1	16 1	32 1	35 1	15 1	33 1	3 1	54 1	27 1	53 1
48 1	49 1	51 1	2 1	32 1	13 1	5 1	41 1	36 1	15 1	43 1	30 1	39 1	26 1	31 1	40 1	9 1	16 1	23 1	4 1	6 1	12 1	20 1	18 1	24 1	50 1	14 1	8 1	1 1	53 1	19 1	7 1	17 1	55 1	38 1	11 1	21 1	47 1	45 1	42 1	3 1	46 1	57 1	28 1	56 1	44 1	10 1	59 1	54 1	25 1	22 1	33 1	37 1	29 1	27 1	58 1	52 1	0 1	34 1	35 1
30 1	8 1	48 1	57 1	45 1	59 1	12 1	54 1	3 1	46 1	40 1	7 1	38 1	56 1	55 1	52 1	2 1	19 1	32 1	0 1	58 1	14 1	10 1	53 1	9 1	26 1	29 1	41 1	36 1	13 1	6 1	22 1	42 1	17 1	20 1	18 1	24 1	23 1	28 1	11 1	15 1	25 1	33 1	35 1	21 1	27 1	44 1	16 1	39 1	49 1	5 1	51 1	1 1	4 1	34 1	47 1	50 1	43 1	37 1	31 1
25 1	51 1	53 1	21 1	38 1	11 1	30 1	56 1	58 1	12 1	54 1	5 1	28 1	45 1	57 1	36 1	50 1	32 1	10 1	31 1	46 1	43 1	59 1	49 1	4 1	2 1	48 1	20 1	14 1	37 1	44 1	7 1	18 1	27 1	42 1	13 1	26 1	55 1	47 1	35 1	0 1	23 1	40 1	24 1	1 1	39 1	29 1	22 1	8 1	19 1	3 1	52 1	6 1	41 1	15 1	9 1	34 1	16 1	33 1	17 1
16 1	39 1	28 1	4 1	15 1	7 1	43 1	36 1	32 1	1 1	14 1	55 1	6 1	27 1	12 1	47 1	53 1	50 1	18 1	41 1	33 1	44 1	49 1	46 1	51 1	56 1	5 1	10 1	58 1	31 1	26 1	30 1	23 1	37 1	40 1	54 1	59 1	57 1	20 1	29 1	34 1	45 1	11 1	13 1	24 1	42 1	0 1	52 1	19 1	25 1	9 1	8 1	17 1	21 1	35 1	22 1	2 1	3 1	48 1	38 1
4 1	31 1	18 1	43 1	36 1	0 1	1 1	58 1	48 1	33 1	26 1	20 1	13 1	51 1	25 1	5 1	41 1	2 1	42 1	29 1	59 1	7 1	19 1	16 1	49 1	11 1	45 1	3 1	14 1	28 1	57 1	44 1	35 1	39 1	53 1	15 1	30 1	12 1	27 1	32 1	37 1	50 1	23 1	34 1	46 1	8 1	47 1	10 1	40 1	54 1	22 1	21 1	52 1	38 1	55 1	24 1	17 1	6 1	9 1	56 1
6 1	22 1	53 1	21 1	38 1	32 1	24 1	44 1	26 1	36 1	56 1	25 1	9 1	27 1	31 1	37 1	10 1	0 1	40 1	2 1	51 1	39 1	23 1	33 1	3 1	58 1	42 1	8 1	12 1	20 1	43 1	13 1	29 1	48 1	52 1	4 1	55 1	46 1	34 1	14 1	49 1	59 1	16 1	45 1	5 1	50 1	41 1	18 1	28 1	17 1	7 1	54 1	1 1	15 1	11 1	47 1	19 1	57 1	35 1	30 1
