60	100
2 1	24 1	76 1	0 1	34 1	19 1	18 1	86 1	50 1	99 1	70 1	97 1	39 1	13 1	41 1	6 1	5 1	15 1	21 1	54 1	51 1	22 1	7 1	57 1	63 1	28 1	92 1	27 1	37 1	82 1	55 1	77 1	49 1	73 1	90 1	11 1	60 1	46 1	47 1	38 1	96 1	26 1	80 1	42 1	78 1	89 1	20 1	43 1	95 1	40 1	66 1	75 1	1 1	58 1	79 1	67 1	10 1	88 1	61 1	3 1	62 1	8 1	84 1	32 1	64 1	29 1	33 1	72 1	35 1	4 1	23 1	14 1	30 1	74 1	68 1	98 1	52 1	91 1	12 1	9 1	53 1	48 1	65 1	17 1	25 1	71 1	45 1	31 1	69 1	59 1	56 1	16 1	94 1	36 1	87 1	85 1	81 1	93 1	83 1	44 1
44 1	35 1	1 1	40 1	11 1	68 1	85 1	4 1	16 1	74 1	50 1	20 1	9 1	48 1	72 1	67 1	55 1	26 1	71 1	12 1	60 1	42 1	77 1	66 1	86 1	61 1	96 1	30 1	15 1	32 1	62 1	59 1	98 1	87 1	49 1	51 1	73 1	36 1	41 1	92 1	63 1	78 1	95 1	64 1	83 1	23 1	6 1	43 1	70 1	80 1	2 1	25 1	46 1	81 1	94 1	52 1	37 1	3 1	22 1	13 1	47 1	5 1	39 1	24 1	19 1	21 1	33 1	57 1	97 1	88 1	38 1	18 1	93 1	7 1	90 1	65 1	79 1	17 1	28 1	27 1	76 1	10 1	54 1	8 1	31 1	56 1	89 1	75 1	82 1	14 1	69 1	45 1	29 1	91 1	0 1	58 1	53 1	84 1	34 1	99 1
65 1	36 1	89 1	66 1	85 1	49 1	44 1	84 1	15 1	35 1	37 1	42 1	73 1	91 1	75 1	29 1	50 1	67 1	14 1	51 1	94 1	98 1	82 1	41 1	68 1	78 1	87 1	90 1	43 1	47 1	61 1	24 1	95 1	11 1	25 1	97 1	62 1	12 1	46 1	19 1	8 1	28 1	93 1	3 1	57 1	32 1	22 1	64 1	38 1	17 1	45 1	74 1	56 1	63 1	30 1	16 1	39 1	26 1	99 1	0 1	71 1	58 1	31 1	83 1	55 1	88 1	77 1	1 1	2 1	18 1	33 1	40 1	54 1	92 1	13 1	59 1	72 1	52 1	10 1	80 1	48 1	34 1	21 1	6 1	5 1	79 1	96 1	70 1	4 1	23 1	9 1	27 1	20 1	7 1	60 1	81 1	69 1	86 1	53 1	76 1
26 1	4 1	74 1	93 1	1 1	59 1	29 1	64 1	45 1	41 1	0 1	24 1	78 1	92 1	49 1	19 1	52 1	8 1	43 1	67 1	27 1	20 1	40 1	85 1	88 1	90 1	3 1	97 1	62 1	51 1	82 1	16 1	71 1	50 1	77 1	32 1	21 1	47 1	54 1	76 1	35 1	37 1	46 1	79 1	9 1	42 1	13 1	87 1	81 1	80 1	18 1	70 1	69 1	38 1	10 1	34 1	55 1	58 1	91 1	68 1	99 1	7 1	25 1	84 1	83 1	66 1	98 1	5 1	22 1	14 1	30 1	23 1	65 1	17 1	95 1	6 1	53 1	86 1	96 1	89 1	44 1	39 1	2 1	60 1	12 1	75 1	57 1	63 1	56 1	36 1	73 1	72 1	48 1	11 1	15 1	31 1	28 1	61 1	94 1	33 1
48 1	0 1	8 1	19 1	10 1	94 1	16 1	6 1	18 1	79 1	76 1	55 1	44 1	46 1	30 1	66 1	59 1	31 1	86 1	33 1	25 1	92 1	24 1	13 1	60 1	43 1	95 1	69 1	2 1	57 1	45 1	75 1	64 1	36 1	9 1	82 1	53 1	56 1	3 1	47 1	87 1	7 1	84 1	50 1	71 1	14 1	41 1	23 1	39 1	77 1	49 1	91 1	83 1	52 1	20 1	70 1	35 1	97 1	89 1	81 1	93 1	85 1	21 1	12 1	67 1	15 1	62 1	80 1	73 1	28 1	61 1	32 1	4 1	72 1	98 1	65 1	29 1	68 1	58 1	1 1	74 1	88 1	26 1	99 1	78 1	90 1	38 1	42 1	63 1	5 1	37 1	22 1	17 1	40 1	54 1	96 1	51 1	27 1	11 1	34 1
93 1	61 1	7 1	16 1	90 1	25 1	98 1	44 1	41 1	23 1	14 1	9 1	17 1	64 1	49 1	28 1	70 1	87 1	26 1	34 1	15 1	48 1	59 1	12 1	43 1	52 1	94 1	29 1	65 1	99 1	66 1	36 1	67 1	89 1	80 1	46 1	33 1	24 1	2 1	6 1	35 1	95 1	88 1	11 1	21 1	10 1	55 1	20 1	37 1	60 1	69 1	81 1	79 1	92 1	47 1	0 1	40 1	27 1	84 1	77 1	58 1	62 1	72 1	63 1	53 1	54 1	3 1	13 1	51 1	32 1	39 1	68 1	4 1	18 1	45 1	1 1	75 1	71 1	74 1	8 1	56 1	19 1	83 1	73 1	22 1	96 1	57 1	76 1	42 1	38 1	31 1	91 1	50 1	86 1	97 1	85 1	82 1	78 1	30 1	5 1
21 1	5 1	24 1	90 1	74 1	40 1	2 1	82 1	60 1	94 1	33 1	72 1	4 1	67 1	97 1	35 1	39 1	34 1	57 1	95 1	50 1	9 1	37 1	29 1	78 1	38 1	80 1	59 1	54 1	92 1	3 1	42 1	56 1	18 1	43 1	87 1	63 1	25 1	55 1	77 1	81 1	79 1	70 1	86 1	23 1	62 1	22 1	46 1	65 1	27 1	96 1	91 1	99 1	12 1	19 1	6 1	10 1	7 1	8 1	48 1	83 1	88 1	75 1	84 1	16 1	51 1	36 1	93 1	31 1	41 1	17 1	13 1	45 1	52 1	73 1	44 1	28 1	15 1	68 1	30 1	0 1	49 1	61 1	64 1	47 1	26 1	85 1	98 1	71 1	69 1	11 1	89 1	14 1	76 1	53 1	1 1	58 1	66 1	20 1	32 1
23 1	99 1	52 1	79 1	48 1	81 1	74 1	65 1	27 1	60 1	50 1	33 1	92 1	9 1	14 1	80 1	61 1	66 1	62 1	16 1	15 1	90 1	73 1	49 1	45 1	7 1	58 1	0 1	89 1	38 1	56 1	82 1	30 1	31 1	95 1	51 1	32 1	70 1	37 1	77 1	43 1	5 1	86 1	55 1	63 1	20 1	97 1	54 1	98 1	93 1	64 1	83 1	18 1	17 1	68 1	44 1	29 1	3 1	22 1	57 1	71 1	8 1	35 1	53 1	25 1	6 1	87 1	46 1	59 1	75 1	10 1	47 1	76 1	12 1	36 1	19 1	85 1	40 1	84 1	91 1	11 1	41 1	67 1	88 1	2 1	28 1	24 1	72 1	4 1	13 1	42 1	1 1	39 1	94 1	78 1	21 1	96 1	69 1	26 1	34 1
57 1	32 1	3 1	65 1	0 1	96 1	54 1	80 1	20 1	34 1	69 1	98 1	91 1	25 1	39 1	22 1	16 1	72 1	59 1	9 1	73 1	84 1	15 1	82 1	77 1	63 1	62 1	28 1	5 1	95 1	56 1	42 1	53 1	37 1	48 1	36 1	11 1	7 1	97 1	10 1	46 1	90 1	44 1	49 1	43 1	88 1	26 1	30 1	8 1	50 1	52 1	19 1	68 1	51 1	13 1	31 1	76 1	29 1	58 1	4 1	41 1	14 1	83 1	1 1	64 1	94 1	21 1	2 1	67 1	93 1	71 1	81 1	38 1	33 1	74 1	66 1	85 1	35 1	24 1	27 1	61 1	70 1	92 1	47 1	40 1	99 1	17 1	78 1	18 1	86 1	55 1	45 1	87 1	6 1	79 1	23 1	12 1	89 1	75 1	60 1
52 1	77 1	31 1	86 1	1 1	47 1	40 1	96 1	44 1	51 1	57 1	74 1	66 1	41 1	36 1	91 1	4 1	81 1	61 1	65 1	25 1	82 1	76 1	9 1	6 1	85 1	48 1	71 1	38 1	95 1	92 1	22 1	32 1	50 1	3 1	88 1	5 1	20 1	70 1	35 1	58 1	83 1	67 1	18 1	8 1	43 1	49 1	73 1	16 1	59 1	68 1	87 1	26 1	55 1	17 1	45 1	90 1	10 1	75 1	64 1	0 1	93 1	62 1	89 1	79 1	84 1	15 1	63 1	27 1	33 1	13 1	80 1	11 1	39 1	42 1	98 1	19 1	29 1	56 1	23 1	37 1	46 1	12 1	60 1	99 1	72 1	2 1	7 1	94 1	24 1	78 1	97 1	69 1	14 1	34 1	53 1	54 1	21 1	30 1	28 1
16 1	63 1	88 1	91 1	72 1	49 1	26 1	50 1	19 1	65 1	95 1	36 1	14 1	96 1	59 1	35 1	2 1	87 1	3 1	62 1	55 1	37 1	58 1	83 1	78 1	7 1	75 1	66 1	68 1	9 1	81 1	90 1	51 1	47 1	30 1	4 1	93 1	32 1	25 1	39 1	43 1	97 1	10 1	77 1	21 1	74 1	23 1	79 1	6 1	52 1	17 1	18 1	45 1	28 1	13 1	56 1	54 1	86 1	69 1	40 1	71 1	94 1	1 1	0 1	42 1	33 1	61 1	53 1	22 1	11 1	38 1	70 1	24 1	48 1	99 1	15 1	41 1	8 1	89 1	85 1	64 1	76 1	12 1	29 1	5 1	46 1	31 1	67 1	98 1	84 1	92 1	44 1	80 1	60 1	82 1	27 1	34 1	73 1	20 1	57 1
77 1	53 1	55 1	96 1	24 1	82 1	99 1	29 1	85 1	17 1	49 1	39 1	93 1	56 1	69 1	76 1	33 1	64 1	9 1	52 1	89 1	61 1	84 1	50 1	25 1	38 1	81 1	60 1	62 1	15 1	19 1	41 1	63 1	10 1	48 1	18 1	57 1	28 1	12 1	3 1	0 1	32 1	79 1	87 1	95 1	97 1	44 1	7 1	2 1	16 1	6 1	22 1	8 1	86 1	75 1	27 1	11 1	13 1	31 1	65 1	42 1	88 1	30 1	78 1	71 1	23 1	70 1	20 1	80 1	67 1	58 1	94 1	35 1	73 1	59 1	37 1	51 1	66 1	45 1	54 1	14 1	91 1	34 1	5 1	4 1	72 1	74 1	46 1	47 1	43 1	92 1	90 1	98 1	40 1	1 1	26 1	83 1	68 1	36 1	21 1
22 1	69 1	43 1	13 1	39 1	77 1	48 1	52 1	83 1	36 1	21 1	28 1	99 1	67 1	33 1	30 1	46 1	78 1	71 1	32 1	81 1	80 1	98 1	26 1	1 1	27 1	55 1	41 1	54 1	56 1	42 1	31 1	49 1	7 1	35 1	60 1	87 1	18 1	24 1	50 1	29 1	58 1	91 1	12 1	79 1	38 1	75 1	74 1	65 1	2 1	66 1	23 1	6 1	61 1	90 1	97 1	0 1	25 1	37 1	4 1	84 1	45 1	89 1	62 1	94 1	57 1	15 1	34 1	44 1	3 1	17 1	5 1	14 1	10 1	20 1	70 1	9 1	93 1	88 1	53 1	76 1	82 1	72 1	64 1	86 1	47 1	16 1	40 1	8 1	96 1	51 1	92 1	63 1	68 1	73 1	85 1	95 1	59 1	19 1	11 1
34 1	2 1	84 1	41 1	4 1	91 1	70 1	17 1	68 1	97 1	16 1	72 1	28 1	32 1	9 1	87 1	29 1	81 1	6 1	99 1	56 1	95 1	54 1	19 1	76 1	13 1	37 1	14 1	66 1	26 1	11 1	57 1	64 1	30 1	15 1	93 1	7 1	22 1	27 1	77 1	53 1	78 1	8 1	60 1	21 1	98 1	25 1	36 1	62 1	50 1	92 1	42 1	43 1	75 1	40 1	51 1	65 1	52 1	35 1	5 1	69 1	46 1	48 1	3 1	79 1	33 1	49 1	38 1	58 1	39 1	47 1	67 1	63 1	73 1	89 1	85 1	0 1	45 1	31 1	96 1	82 1	20 1	10 1	1 1	80 1	90 1	23 1	12 1	94 1	59 1	88 1	71 1	55 1	61 1	86 1	24 1	74 1	83 1	44 1	18 1
67 1	83 1	10 1	98 1	88 1	23 1	43 1	28 1	59 1	63 1	93 1	35 1	66 1	45 1	21 1	76 1	72 1	30 1	33 1	97 1	79 1	71 1	5 1	47 1	1 1	52 1	87 1	58 1	44 1	48 1	89 1	7 1	95 1	31 1	68 1	94 1	81 1	73 1	57 1	82 1	19 1	62 1	99 1	70 1	75 1	65 1	91 1	17 1	36 1	74 1	39 1	4 1	90 1	54 1	51 1	50 1	40 1	77 1	49 1	92 1	53 1	25 1	69 1	11 1	26 1	64 1	32 1	60 1	0 1	85 1	61 1	41 1	56 1	84 1	80 1	46 1	55 1	38 1	37 1	27 1	13 1	29 1	15 1	78 1	8 1	22 1	42 1	24 1	14 1	9 1	34 1	2 1	18 1	16 1	20 1	12 1	86 1	3 1	6 1	96 1
13 1	9 1	18 1	45 1	56 1	48 1	14 1	2 1	84 1	44 1	64 1	79 1	39 1	28 1	26 1	21 1	60 1	40 1	30 1	59 1	78 1	65 1	8 1	52 1	76 1	5 1	85 1	22 1	29 1	53 1	62 1	3 1	27 1	70 1	90 1	31 1	7 1	67 1	19 1	17 1	71 1	69 1	89 1	82 1	51 1	41 1	35 1	98 1	58 1	81 1	4 1	77 1	20 1	94 1	49 1	16 1	66 1	23 1	36 1	46 1	37 1	55 1	11 1	10 1	72 1	75 1	92 1	83 1	12 1	6 1	32 1	74 1	88 1	25 1	47 1	43 1	73 1	99 1	33 1	63 1	24 1	50 1	34 1	93 1	97 1	61 1	0 1	96 1	80 1	87 1	15 1	57 1	68 1	42 1	38 1	1 1	54 1	95 1	86 1	91 1
14 1	78 1	10 1	63 1	65 1	49 1	40 1	61 1	60 1	69 1	7 1	44 1	91 1	84 1	11 1	39 1	20 1	90 1	45 1	6 1	92 1	48 1	85 1	19 1	74 1	70 1	80 1	34 1	31 1	23 1	12 1	81 1	36 1	56 1	50 1	89 1	62 1	27 1	13 1	72 1	38 1	24 1	99 1	18 1	73 1	97 1	47 1	16 1	5 1	30 1	77 1	96 1	53 1	41 1	15 1	51 1	94 1	52 1	82 1	21 1	58 1	54 1	57 1	46 1	93 1	9 1	55 1	17 1	67 1	33 1	3 1	68 1	22 1	0 1	28 1	83 1	64 1	4 1	37 1	26 1	25 1	79 1	8 1	71 1	59 1	35 1	75 1	29 1	1 1	43 1	2 1	88 1	76 1	87 1	86 1	42 1	98 1	32 1	66 1	95 1
85 1	11 1	44 1	30 1	98 1	54 1	89 1	48 1	18 1	58 1	87 1	63 1	24 1	70 1	13 1	55 1	96 1	34 1	47 1	68 1	2 1	80 1	65 1	81 1	19 1	93 1	52 1	78 1	91 1	84 1	8 1	21 1	49 1	12 1	46 1	40 1	73 1	26 1	16 1	61 1	1 1	38 1	39 1	51 1	6 1	4 1	64 1	53 1	88 1	56 1	36 1	99 1	0 1	17 1	35 1	77 1	79 1	10 1	41 1	50 1	28 1	57 1	23 1	9 1	76 1	32 1	90 1	20 1	42 1	3 1	25 1	86 1	5 1	95 1	43 1	62 1	97 1	45 1	33 1	37 1	92 1	31 1	60 1	94 1	15 1	82 1	29 1	83 1	72 1	75 1	66 1	59 1	14 1	71 1	22 1	7 1	69 1	27 1	67 1	74 1
94 1	14 1	55 1	90 1	2 1	57 1	97 1	11 1	30 1	28 1	12 1	65 1	35 1	44 1	86 1	38 1	37 1	16 1	32 1	1 1	56 1	24 1	43 1	91 1	93 1	39 1	78 1	99 1	10 1	98 1	85 1	70 1	36 1	23 1	5 1	59 1	79 1	92 1	20 1	96 1	88 1	19 1	7 1	67 1	45 1	13 1	82 1	29 1	63 1	73 1	18 1	49 1	3 1	58 1	9 1	46 1	87 1	47 1	74 1	62 1	15 1	60 1	61 1	71 1	34 1	41 1	95 1	0 1	17 1	69 1	68 1	25 1	50 1	22 1	33 1	48 1	31 1	6 1	52 1	89 1	51 1	42 1	54 1	84 1	66 1	53 1	81 1	72 1	76 1	26 1	21 1	64 1	27 1	4 1	40 1	75 1	8 1	77 1	80 1	83 1
87 1	82 1	21 1	77 1	79 1	17 1	41 1	64 1	8 1	36 1	57 1	14 1	98 1	89 1	35 1	43 1	84 1	86 1	55 1	76 1	97 1	10 1	11 1	9 1	67 1	72 1	32 1	30 1	73 1	31 1	18 1	16 1	52 1	51 1	83 1	27 1	50 1	88 1	95 1	22 1	47 1	54 1	61 1	62 1	59 1	66 1	7 1	12 1	91 1	15 1	33 1	28 1	53 1	40 1	75 1	94 1	24 1	2 1	71 1	19 1	93 1	99 1	0 1	48 1	5 1	23 1	90 1	1 1	25 1	44 1	39 1	46 1	20 1	60 1	34 1	13 1	3 1	69 1	81 1	58 1	65 1	6 1	29 1	74 1	68 1	85 1	49 1	96 1	78 1	45 1	42 1	92 1	56 1	4 1	80 1	37 1	38 1	70 1	63 1	26 1
65 1	78 1	86 1	81 1	10 1	60 1	2 1	85 1	30 1	8 1	91 1	64 1	29 1	98 1	52 1	34 1	3 1	95 1	80 1	57 1	77 1	55 1	67 1	47 1	94 1	61 1	93 1	31 1	18 1	42 1	40 1	5 1	59 1	72 1	54 1	92 1	88 1	43 1	27 1	23 1	48 1	20 1	11 1	7 1	12 1	13 1	16 1	74 1	83 1	24 1	4 1	71 1	25 1	66 1	44 1	99 1	49 1	17 1	9 1	21 1	35 1	14 1	6 1	39 1	73 1	90 1	56 1	62 1	84 1	63 1	79 1	28 1	82 1	26 1	96 1	33 1	45 1	1 1	68 1	15 1	37 1	41 1	50 1	19 1	75 1	51 1	46 1	87 1	22 1	0 1	70 1	97 1	32 1	53 1	58 1	89 1	36 1	38 1	69 1	76 1
61 1	75 1	67 1	14 1	82 1	52 1	13 1	71 1	77 1	36 1	28 1	81 1	30 1	66 1	31 1	84 1	94 1	63 1	60 1	21 1	37 1	7 1	57 1	8 1	18 1	69 1	33 1	10 1	72 1	55 1	19 1	40 1	45 1	24 1	23 1	50 1	9 1	41 1	35 1	90 1	96 1	27 1	17 1	99 1	70 1	22 1	5 1	29 1	1 1	83 1	49 1	88 1	80 1	92 1	42 1	0 1	65 1	56 1	47 1	32 1	15 1	76 1	44 1	3 1	78 1	11 1	68 1	59 1	91 1	16 1	85 1	38 1	2 1	97 1	39 1	46 1	51 1	86 1	98 1	12 1	73 1	87 1	89 1	74 1	4 1	79 1	6 1	62 1	48 1	64 1	93 1	54 1	95 1	34 1	20 1	43 1	26 1	53 1	58 1	25 1
6 1	85 1	75 1	50 1	33 1	27 1	53 1	7 1	76 1	36 1	48 1	8 1	82 1	57 1	62 1	72 1	58 1	20 1	59 1	66 1	43 1	92 1	10 1	98 1	44 1	55 1	56 1	22 1	63 1	97 1	19 1	52 1	77 1	37 1	24 1	71 1	69 1	65 1	74 1	60 1	79 1	86 1	35 1	83 1	18 1	38 1	0 1	17 1	93 1	95 1	64 1	2 1	32 1	23 1	12 1	4 1	30 1	70 1	80 1	94 1	84 1	11 1	3 1	96 1	46 1	67 1	28 1	90 1	1 1	14 1	39 1	21 1	40 1	41 1	54 1	61 1	42 1	99 1	81 1	25 1	26 1	91 1	87 1	89 1	15 1	13 1	68 1	34 1	88 1	45 1	16 1	31 1	51 1	29 1	5 1	78 1	73 1	49 1	9 1	47 1
67 1	46 1	10 1	29 1	9 1	19 1	89 1	3 1	64 1	38 1	13 1	70 1	45 1	14 1	90 1	33 1	88 1	39 1	24 1	87 1	60 1	78 1	95 1	62 1	80 1	4 1	76 1	68 1	6 1	73 1	61 1	26 1	15 1	92 1	1 1	36 1	69 1	25 1	37 1	51 1	81 1	93 1	41 1	65 1	32 1	12 1	48 1	43 1	91 1	82 1	17 1	75 1	58 1	97 1	77 1	50 1	31 1	86 1	7 1	55 1	21 1	16 1	71 1	53 1	47 1	52 1	56 1	84 1	2 1	5 1	27 1	28 1	44 1	83 1	74 1	57 1	42 1	94 1	18 1	11 1	96 1	20 1	72 1	0 1	22 1	99 1	54 1	85 1	34 1	8 1	66 1	49 1	98 1	40 1	79 1	63 1	30 1	59 1	35 1	23 1
35 1	47 1	44 1	77 1	59 1	23 1	50 1	17 1	94 1	70 1	57 1	68 1	60 1	64 1	56 1	28 1	74 1	38 1	58 1	39 1	19 1	82 1	78 1	96 1	62 1	33 1	20 1	84 1	72 1	37 1	91 1	87 1	48 1	12 1	2 1	43 1	45 1	55 1	69 1	92 1	25 1	71 1	75 1	16 1	36 1	27 1	83 1	63 1	52 1	89 1	1 1	41 1	31 1	21 1	61 1	95 1	54 1	80 1	88 1	8 1	49 1	85 1	0 1	34 1	42 1	14 1	93 1	13 1	6 1	53 1	90 1	51 1	86 1	5 1	29 1	46 1	4 1	15 1	66 1	22 1	73 1	32 1	99 1	7 1	24 1	76 1	18 1	40 1	98 1	11 1	3 1	9 1	97 1	81 1	26 1	30 1	79 1	65 1	67 1	10 1
62 1	52 1	91 1	90 1	88 1	98 1	77 1	44 1	58 1	85 1	18 1	89 1	96 1	34 1	2 1	68 1	25 1	83 1	73 1	27 1	66 1	40 1	95 1	50 1	64 1	12 1	37 1	6 1	8 1	63 1	0 1	94 1	65 1	9 1	11 1	76 1	49 1	31 1	71 1	48 1	10 1	59 1	87 1	78 1	57 1	53 1	14 1	7 1	1 1	13 1	43 1	19 1	56 1	17 1	3 1	21 1	84 1	92 1	82 1	51 1	70 1	81 1	72 1	24 1	16 1	79 1	39 1	5 1	45 1	22 1	42 1	93 1	29 1	67 1	60 1	28 1	35 1	97 1	32 1	46 1	20 1	61 1	69 1	26 1	99 1	74 1	15 1	4 1	54 1	47 1	33 1	41 1	38 1	30 1	75 1	86 1	55 1	23 1	36 1	80 1
43 1	7 1	36 1	66 1	59 1	90 1	0 1	34 1	92 1	12 1	39 1	68 1	54 1	58 1	51 1	47 1	73 1	60 1	6 1	50 1	62 1	3 1	61 1	98 1	23 1	97 1	40 1	84 1	94 1	52 1	88 1	24 1	8 1	77 1	15 1	57 1	48 1	9 1	14 1	41 1	30 1	70 1	74 1	86 1	95 1	42 1	13 1	85 1	87 1	4 1	22 1	63 1	37 1	31 1	29 1	69 1	71 1	81 1	46 1	2 1	20 1	93 1	78 1	49 1	18 1	55 1	89 1	82 1	21 1	53 1	25 1	96 1	91 1	19 1	16 1	72 1	32 1	26 1	1 1	99 1	79 1	65 1	45 1	35 1	44 1	17 1	5 1	56 1	83 1	28 1	64 1	67 1	38 1	80 1	75 1	33 1	11 1	27 1	10 1	76 1
88 1	69 1	45 1	74 1	19 1	46 1	58 1	91 1	99 1	7 1	82 1	25 1	47 1	12 1	38 1	61 1	70 1	49 1	57 1	23 1	67 1	64 1	63 1	54 1	41 1	31 1	85 1	89 1	94 1	84 1	59 1	14 1	75 1	24 1	48 1	79 1	62 1	18 1	96 1	81 1	30 1	51 1	1 1	87 1	10 1	6 1	26 1	95 1	2 1	22 1	98 1	9 1	77 1	86 1	35 1	21 1	40 1	29 1	17 1	0 1	37 1	92 1	80 1	55 1	13 1	71 1	90 1	43 1	3 1	56 1	72 1	32 1	97 1	8 1	93 1	60 1	28 1	65 1	50 1	36 1	42 1	68 1	15 1	33 1	11 1	5 1	20 1	39 1	34 1	76 1	16 1	73 1	4 1	52 1	78 1	53 1	66 1	44 1	83 1	27 1
47 1	31 1	99 1	55 1	93 1	64 1	29 1	42 1	6 1	60 1	98 1	21 1	32 1	48 1	1 1	67 1	52 1	5 1	58 1	12 1	92 1	61 1	97 1	30 1	2 1	34 1	16 1	39 1	95 1	44 1	26 1	33 1	8 1	81 1	73 1	78 1	15 1	24 1	38 1	40 1	18 1	90 1	28 1	88 1	96 1	25 1	35 1	37 1	7 1	13 1	70 1	85 1	80 1	0 1	69 1	62 1	84 1	4 1	54 1	27 1	43 1	74 1	68 1	46 1	65 1	77 1	51 1	57 1	20 1	83 1	76 1	10 1	87 1	14 1	41 1	63 1	45 1	36 1	49 1	19 1	75 1	17 1	23 1	91 1	56 1	59 1	94 1	3 1	71 1	66 1	50 1	82 1	72 1	22 1	11 1	79 1	9 1	89 1	86 1	53 1
44 1	27 1	69 1	54 1	5 1	42 1	35 1	95 1	67 1	88 1	28 1	49 1	78 1	57 1	33 1	87 1	94 1	17 1	61 1	92 1	11 1	32 1	9 1	14 1	84 1	56 1	37 1	98 1	34 1	68 1	31 1	8 1	86 1	85 1	6 1	76 1	15 1	66 1	23 1	52 1	75 1	29 1	16 1	12 1	99 1	39 1	45 1	59 1	40 1	51 1	93 1	38 1	21 1	13 1	50 1	91 1	90 1	79 1	55 1	7 1	41 1	0 1	3 1	65 1	70 1	97 1	24 1	48 1	82 1	4 1	22 1	2 1	72 1	63 1	36 1	30 1	62 1	1 1	64 1	20 1	25 1	10 1	19 1	77 1	73 1	46 1	26 1	47 1	89 1	71 1	58 1	81 1	80 1	83 1	60 1	18 1	43 1	96 1	74 1	53 1
53 1	28 1	3 1	92 1	54 1	77 1	15 1	85 1	27 1	95 1	76 1	48 1	24 1	32 1	51 1	47 1	45 1	68 1	87 1	82 1	36 1	21 1	55 1	63 1	6 1	23 1	4 1	35 1	41 1	52 1	86 1	7 1	34 1	65 1	39 1	89 1	72 1	99 1	44 1	25 1	69 1	83 1	46 1	81 1	97 1	5 1	70 1	10 1	94 1	0 1	17 1	26 1	20 1	33 1	84 1	16 1	56 1	80 1	31 1	9 1	29 1	91 1	71 1	61 1	93 1	62 1	74 1	88 1	57 1	12 1	18 1	66 1	37 1	11 1	60 1	1 1	42 1	58 1	98 1	19 1	64 1	8 1	50 1	13 1	22 1	96 1	90 1	38 1	2 1	30 1	78 1	79 1	49 1	67 1	40 1	14 1	59 1	43 1	75 1	73 1
33 1	29 1	44 1	62 1	76 1	43 1	23 1	4 1	63 1	38 1	55 1	5 1	31 1	50 1	88 1	11 1	57 1	74 1	16 1	22 1	71 1	65 1	85 1	17 1	0 1	47 1	51 1	60 1	36 1	82 1	94 1	39 1	98 1	26 1	87 1	52 1	72 1	6 1	41 1	2 1	83 1	10 1	25 1	93 1	97 1	90 1	7 1	59 1	54 1	86 1	66 1	37 1	78 1	24 1	80 1	14 1	13 1	21 1	9 1	68 1	81 1	69 1	64 1	91 1	46 1	48 1	49 1	35 1	32 1	58 1	27 1	19 1	30 1	40 1	12 1	79 1	3 1	89 1	61 1	1 1	20 1	18 1	15 1	96 1	45 1	75 1	28 1	70 1	77 1	92 1	67 1	56 1	84 1	34 1	99 1	95 1	42 1	73 1	8 1	53 1
6 1	12 1	87 1	73 1	11 1	33 1	81 1	60 1	3 1	37 1	68 1	98 1	48 1	85 1	72 1	59 1	9 1	15 1	76 1	97 1	1 1	55 1	23 1	17 1	50 1	99 1	32 1	53 1	8 1	24 1	82 1	52 1	39 1	47 1	95 1	41 1	34 1	16 1	96 1	21 1	30 1	61 1	44 1	93 1	62 1	84 1	66 1	29 1	86 1	18 1	69 1	7 1	58 1	36 1	77 1	89 1	19 1	35 1	63 1	10 1	67 1	42 1	22 1	75 1	91 1	80 1	49 1	2 1	92 1	56 1	43 1	70 1	5 1	64 1	78 1	79 1	28 1	90 1	88 1	31 1	13 1	26 1	14 1	40 1	27 1	38 1	57 1	54 1	0 1	4 1	45 1	46 1	94 1	71 1	20 1	74 1	25 1	65 1	83 1	51 1
93 1	18 1	30 1	61 1	52 1	76 1	45 1	94 1	39 1	73 1	81 1	43 1	80 1	27 1	46 1	91 1	40 1	63 1	55 1	58 1	59 1	5 1	50 1	37 1	3 1	53 1	83 1	85 1	97 1	88 1	29 1	69 1	34 1	96 1	17 1	56 1	19 1	48 1	11 1	24 1	51 1	79 1	1 1	66 1	75 1	90 1	15 1	57 1	78 1	49 1	10 1	20 1	7 1	9 1	16 1	8 1	41 1	54 1	36 1	87 1	60 1	72 1	28 1	23 1	99 1	33 1	42 1	12 1	65 1	35 1	82 1	4 1	31 1	71 1	13 1	38 1	64 1	62 1	21 1	70 1	95 1	47 1	84 1	98 1	89 1	32 1	86 1	67 1	14 1	6 1	68 1	22 1	44 1	26 1	77 1	74 1	92 1	2 1	25 1	0 1
67 1	98 1	2 1	22 1	48 1	89 1	7 1	79 1	69 1	94 1	40 1	14 1	16 1	26 1	35 1	58 1	43 1	73 1	63 1	55 1	56 1	95 1	23 1	66 1	87 1	76 1	59 1	84 1	80 1	37 1	41 1	83 1	53 1	44 1	96 1	45 1	34 1	77 1	52 1	30 1	42 1	27 1	54 1	68 1	72 1	50 1	97 1	81 1	75 1	17 1	78 1	91 1	36 1	86 1	57 1	88 1	10 1	21 1	65 1	25 1	32 1	8 1	18 1	70 1	19 1	92 1	62 1	74 1	39 1	47 1	4 1	5 1	12 1	64 1	82 1	90 1	29 1	33 1	13 1	46 1	6 1	61 1	85 1	0 1	60 1	93 1	28 1	1 1	71 1	31 1	3 1	38 1	15 1	51 1	20 1	9 1	99 1	11 1	24 1	49 1
56 1	45 1	42 1	90 1	20 1	13 1	1 1	29 1	30 1	70 1	63 1	64 1	51 1	38 1	91 1	0 1	6 1	76 1	24 1	35 1	72 1	61 1	47 1	85 1	2 1	77 1	55 1	33 1	4 1	65 1	49 1	88 1	86 1	81 1	39 1	60 1	89 1	80 1	62 1	44 1	52 1	27 1	28 1	95 1	3 1	54 1	26 1	23 1	93 1	66 1	10 1	48 1	37 1	15 1	19 1	83 1	97 1	32 1	79 1	78 1	67 1	36 1	82 1	59 1	22 1	84 1	92 1	25 1	12 1	94 1	43 1	9 1	74 1	73 1	11 1	34 1	21 1	14 1	16 1	98 1	8 1	68 1	57 1	5 1	7 1	99 1	46 1	50 1	58 1	87 1	75 1	69 1	41 1	18 1	17 1	53 1	31 1	71 1	96 1	40 1
73 1	96 1	55 1	72 1	10 1	28 1	86 1	12 1	76 1	35 1	20 1	4 1	83 1	67 1	22 1	32 1	17 1	37 1	33 1	44 1	53 1	68 1	16 1	94 1	56 1	69 1	65 1	85 1	42 1	48 1	99 1	39 1	40 1	66 1	34 1	51 1	81 1	9 1	7 1	49 1	0 1	24 1	70 1	62 1	80 1	29 1	5 1	74 1	8 1	23 1	58 1	98 1	93 1	36 1	75 1	78 1	77 1	43 1	61 1	14 1	2 1	71 1	50 1	25 1	47 1	46 1	92 1	1 1	41 1	26 1	79 1	63 1	27 1	54 1	15 1	87 1	19 1	3 1	60 1	84 1	45 1	82 1	91 1	88 1	31 1	97 1	89 1	95 1	64 1	21 1	52 1	59 1	90 1	38 1	13 1	11 1	6 1	30 1	18 1	57 1
19 1	35 1	8 1	46 1	40 1	39 1	37 1	79 1	7 1	10 1	2 1	56 1	84 1	91 1	54 1	76 1	38 1	58 1	47 1	71 1	75 1	69 1	13 1	41 1	21 1	49 1	80 1	67 1	99 1	92 1	48 1	24 1	30 1	31 1	72 1	29 1	96 1	63 1	22 1	88 1	51 1	86 1	44 1	64 1	14 1	57 1	55 1	94 1	68 1	83 1	43 1	23 1	98 1	20 1	93 1	5 1	26 1	78 1	9 1	33 1	66 1	42 1	18 1	4 1	50 1	6 1	12 1	15 1	61 1	95 1	62 1	87 1	32 1	28 1	73 1	59 1	81 1	16 1	52 1	74 1	3 1	97 1	0 1	11 1	82 1	85 1	17 1	89 1	34 1	36 1	70 1	45 1	53 1	65 1	25 1	60 1	1 1	90 1	77 1	27 1
86 1	93 1	77 1	25 1	96 1	59 1	24 1	36 1	56 1	40 1	11 1	83 1	12 1	88 1	22 1	7 1	21 1	20 1	35 1	50 1	29 1	92 1	61 1	44 1	58 1	71 1	13 1	10 1	76 1	98 1	55 1	84 1	87 1	67 1	90 1	30 1	64 1	26 1	18 1	68 1	46 1	14 1	53 1	31 1	97 1	41 1	6 1	75 1	16 1	0 1	94 1	47 1	51 1	73 1	33 1	5 1	54 1	43 1	27 1	2 1	74 1	80 1	19 1	63 1	23 1	70 1	91 1	39 1	66 1	78 1	28 1	15 1	79 1	4 1	45 1	42 1	72 1	62 1	57 1	82 1	89 1	32 1	1 1	95 1	69 1	52 1	48 1	60 1	65 1	81 1	8 1	99 1	49 1	3 1	9 1	85 1	34 1	17 1	37 1	38 1
1 1	33 1	87 1	38 1	16 1	48 1	88 1	91 1	73 1	45 1	4 1	84 1	5 1	86 1	29 1	70 1	64 1	6 1	8 1	41 1	95 1	22 1	44 1	99 1	75 1	7 1	61 1	97 1	66 1	23 1	67 1	83 1	27 1	11 1	93 1	65 1	42 1	71 1	17 1	30 1	90 1	36 1	0 1	56 1	76 1	15 1	60 1	34 1	21 1	78 1	37 1	81 1	92 1	19 1	58 1	28 1	46 1	85 1	47 1	20 1	96 1	68 1	80 1	14 1	82 1	54 1	13 1	9 1	25 1	62 1	18 1	77 1	69 1	55 1	26 1	52 1	53 1	63 1	50 1	59 1	51 1	31 1	12 1	79 1	89 1	2 1	3 1	98 1	40 1	43 1	74 1	49 1	35 1	32 1	72 1	39 1	57 1	10 1	94 1	24 1
85 1	18 1	87 1	95 1	8 1	43 1	77 1	66 1	24 1	91 1	79 1	46 1	74 1	11 1	73 1	98 1	34 1	84 1	57 1	63 1	38 1	39 1	97 1	19 1	23 1	60 1	83 1	53 1	89 1	6 1	50 1	82 1	72 1	54 1	0 1	16 1	75 1	92 1	52 1	42 1	14 1	93 1	88 1	47 1	94 1	32 1	48 1	51 1	86 1	69 1	22 1	41 1	61 1	81 1	33 1	15 1	59 1	7 1	2 1	80 1	99 1	70 1	44 1	17 1	30 1	37 1	21 1	28 1	45 1	35 1	76 1	20 1	3 1	71 1	65 1	25 1	68 1	78 1	55 1	40 1	62 1	56 1	5 1	49 1	90 1	96 1	9 1	58 1	36 1	13 1	26 1	1 1	29 1	27 1	64 1	10 1	12 1	4 1	31 1	67 1
82 1	67 1	84 1	15 1	2 1	56 1	89 1	83 1	50 1	12 1	98 1	29 1	70 1	42 1	73 1	92 1	76 1	64 1	23 1	69 1	79 1	46 1	97 1	44 1	11 1	61 1	5 1	10 1	20 1	75 1	65 1	17 1	88 1	4 1	40 1	62 1	30 1	86 1	94 1	3 1	21 1	55 1	38 1	45 1	91 1	77 1	37 1	0 1	14 1	57 1	78 1	80 1	74 1	59 1	31 1	93 1	6 1	87 1	66 1	8 1	58 1	25 1	9 1	99 1	33 1	19 1	27 1	68 1	49 1	54 1	47 1	53 1	13 1	26 1	1 1	96 1	63 1	32 1	60 1	90 1	34 1	85 1	95 1	51 1	24 1	48 1	41 1	18 1	28 1	72 1	7 1	22 1	52 1	81 1	39 1	16 1	35 1	43 1	71 1	36 1
58 1	41 1	84 1	16 1	69 1	76 1	22 1	86 1	74 1	29 1	15 1	3 1	25 1	39 1	21 1	33 1	71 1	73 1	78 1	81 1	20 1	90 1	66 1	0 1	61 1	67 1	14 1	37 1	49 1	98 1	63 1	55 1	19 1	83 1	94 1	6 1	62 1	87 1	92 1	9 1	26 1	31 1	17 1	57 1	42 1	36 1	28 1	47 1	4 1	27 1	60 1	2 1	56 1	8 1	50 1	43 1	44 1	70 1	77 1	95 1	68 1	64 1	45 1	18 1	12 1	35 1	30 1	65 1	24 1	89 1	96 1	40 1	75 1	1 1	93 1	97 1	72 1	85 1	32 1	13 1	5 1	52 1	7 1	91 1	48 1	80 1	11 1	79 1	99 1	53 1	38 1	10 1	82 1	88 1	51 1	46 1	34 1	59 1	54 1	23 1
51 1	20 1	43 1	42 1	62 1	26 1	64 1	3 1	60 1	91 1	95 1	81 1	49 1	58 1	6 1	84 1	34 1	56 1	10 1	73 1	2 1	75 1	57 1	11 1	16 1	52 1	9 1	0 1	88 1	98 1	59 1	48 1	12 1	55 1	35 1	7 1	78 1	40 1	23 1	37 1	69 1	4 1	17 1	31 1	61 1	28 1	92 1	99 1	71 1	89 1	53 1	13 1	72 1	67 1	41 1	79 1	96 1	85 1	94 1	24 1	21 1	38 1	5 1	32 1	65 1	80 1	18 1	25 1	77 1	63 1	50 1	97 1	87 1	90 1	14 1	46 1	44 1	8 1	70 1	76 1	86 1	54 1	82 1	29 1	33 1	93 1	83 1	1 1	47 1	68 1	66 1	39 1	15 1	22 1	19 1	30 1	36 1	27 1	74 1	45 1
41 1	6 1	10 1	98 1	5 1	38 1	88 1	48 1	44 1	72 1	37 1	21 1	52 1	50 1	80 1	28 1	55 1	93 1	12 1	8 1	7 1	4 1	62 1	14 1	20 1	33 1	82 1	13 1	54 1	29 1	35 1	2 1	61 1	34 1	27 1	24 1	30 1	15 1	57 1	81 1	40 1	22 1	94 1	66 1	36 1	69 1	71 1	73 1	74 1	87 1	9 1	47 1	86 1	99 1	17 1	95 1	63 1	49 1	84 1	53 1	85 1	91 1	11 1	67 1	39 1	25 1	79 1	56 1	45 1	23 1	77 1	68 1	65 1	89 1	64 1	60 1	59 1	90 1	70 1	32 1	18 1	83 1	75 1	97 1	26 1	31 1	58 1	96 1	78 1	76 1	51 1	1 1	46 1	43 1	42 1	0 1	3 1	16 1	19 1	92 1
76 1	2 1	33 1	65 1	1 1	21 1	71 1	58 1	60 1	32 1	40 1	46 1	79 1	53 1	77 1	69 1	19 1	22 1	26 1	30 1	55 1	41 1	5 1	31 1	28 1	4 1	95 1	90 1	54 1	7 1	48 1	94 1	88 1	51 1	42 1	14 1	50 1	81 1	11 1	23 1	0 1	24 1	45 1	49 1	34 1	38 1	66 1	16 1	82 1	89 1	86 1	44 1	20 1	91 1	63 1	75 1	83 1	52 1	3 1	78 1	93 1	99 1	37 1	15 1	29 1	87 1	84 1	57 1	43 1	97 1	96 1	98 1	8 1	64 1	61 1	80 1	68 1	72 1	12 1	35 1	27 1	74 1	9 1	13 1	56 1	6 1	17 1	47 1	70 1	25 1	59 1	85 1	92 1	10 1	67 1	62 1	18 1	39 1	36 1	73 1
64 1	18 1	59 1	17 1	58 1	87 1	44 1	72 1	61 1	14 1	20 1	9 1	38 1	92 1	27 1	21 1	46 1	10 1	19 1	74 1	89 1	5 1	95 1	73 1	12 1	83 1	30 1	29 1	26 1	6 1	4 1	99 1	84 1	45 1	36 1	3 1	8 1	34 1	41 1	76 1	86 1	69 1	90 1	62 1	65 1	94 1	56 1	53 1	88 1	91 1	57 1	7 1	32 1	97 1	11 1	81 1	43 1	96 1	80 1	2 1	49 1	40 1	78 1	52 1	33 1	24 1	28 1	37 1	54 1	82 1	79 1	31 1	42 1	16 1	85 1	70 1	0 1	63 1	77 1	47 1	48 1	25 1	13 1	22 1	93 1	23 1	55 1	60 1	51 1	66 1	35 1	15 1	67 1	68 1	71 1	50 1	98 1	39 1	75 1	1 1
18 1	55 1	48 1	35 1	41 1	15 1	21 1	78 1	13 1	19 1	34 1	0 1	29 1	77 1	45 1	46 1	58 1	72 1	50 1	57 1	88 1	65 1	91 1	11 1	60 1	38 1	97 1	71 1	75 1	64 1	39 1	51 1	14 1	74 1	31 1	10 1	95 1	90 1	52 1	42 1	23 1	8 1	92 1	40 1	20 1	28 1	62 1	54 1	26 1	53 1	49 1	3 1	22 1	87 1	81 1	17 1	5 1	1 1	66 1	61 1	56 1	12 1	69 1	93 1	70 1	36 1	94 1	7 1	47 1	25 1	80 1	27 1	99 1	85 1	37 1	9 1	79 1	86 1	67 1	89 1	33 1	63 1	83 1	59 1	30 1	6 1	4 1	96 1	2 1	76 1	44 1	68 1	24 1	73 1	98 1	84 1	32 1	82 1	16 1	43 1
49 1	66 1	74 1	93 1	27 1	23 1	44 1	39 1	64 1	84 1	43 1	71 1	32 1	10 1	16 1	48 1	15 1	47 1	98 1	83 1	88 1	51 1	33 1	34 1	29 1	17 1	13 1	61 1	46 1	50 1	1 1	11 1	8 1	6 1	65 1	80 1	14 1	72 1	60 1	7 1	53 1	56 1	55 1	94 1	52 1	79 1	9 1	2 1	28 1	76 1	40 1	35 1	54 1	0 1	95 1	21 1	22 1	20 1	73 1	99 1	31 1	75 1	78 1	42 1	87 1	92 1	89 1	63 1	90 1	59 1	19 1	26 1	45 1	24 1	85 1	67 1	38 1	57 1	30 1	25 1	68 1	96 1	70 1	36 1	5 1	86 1	91 1	77 1	69 1	81 1	12 1	18 1	37 1	41 1	58 1	97 1	62 1	3 1	82 1	4 1
93 1	83 1	65 1	7 1	4 1	0 1	45 1	84 1	82 1	28 1	46 1	22 1	97 1	13 1	43 1	24 1	50 1	6 1	56 1	21 1	33 1	77 1	26 1	17 1	88 1	95 1	67 1	66 1	75 1	85 1	11 1	40 1	29 1	53 1	89 1	68 1	41 1	91 1	74 1	54 1	10 1	9 1	31 1	8 1	96 1	38 1	30 1	86 1	80 1	39 1	76 1	92 1	98 1	25 1	90 1	23 1	48 1	35 1	32 1	5 1	20 1	63 1	16 1	15 1	27 1	2 1	37 1	71 1	69 1	3 1	19 1	49 1	34 1	59 1	58 1	72 1	55 1	99 1	51 1	44 1	73 1	81 1	42 1	14 1	78 1	79 1	61 1	87 1	47 1	1 1	18 1	64 1	36 1	12 1	52 1	57 1	70 1	60 1	94 1	62 1
60 1	73 1	8 1	25 1	6 1	9 1	14 1	37 1	22 1	69 1	84 1	92 1	61 1	36 1	29 1	21 1	68 1	17 1	24 1	66 1	46 1	88 1	7 1	5 1	50 1	0 1	12 1	98 1	43 1	87 1	11 1	81 1	57 1	95 1	71 1	23 1	82 1	76 1	3 1	58 1	70 1	33 1	31 1	49 1	15 1	32 1	91 1	80 1	52 1	62 1	19 1	74 1	1 1	99 1	77 1	41 1	28 1	86 1	20 1	18 1	4 1	30 1	51 1	47 1	10 1	83 1	44 1	54 1	27 1	67 1	48 1	55 1	94 1	38 1	85 1	45 1	2 1	16 1	39 1	93 1	78 1	64 1	65 1	56 1	26 1	53 1	59 1	40 1	42 1	79 1	97 1	34 1	96 1	90 1	13 1	35 1	63 1	89 1	72 1	75 1
4 1	32 1	49 1	13 1	44 1	34 1	88 1	60 1	14 1	22 1	21 1	70 1	11 1	69 1	5 1	48 1	68 1	95 1	16 1	8 1	64 1	53 1	91 1	31 1	37 1	87 1	15 1	9 1	17 1	75 1	80 1	39 1	2 1	85 1	86 1	62 1	1 1	12 1	52 1	45 1	55 1	57 1	33 1	27 1	42 1	43 1	65 1	82 1	30 1	7 1	99 1	81 1	35 1	94 1	72 1	90 1	84 1	77 1	25 1	83 1	40 1	78 1	74 1	92 1	0 1	23 1	29 1	73 1	3 1	58 1	18 1	59 1	71 1	36 1	51 1	20 1	79 1	41 1	19 1	38 1	67 1	46 1	66 1	10 1	50 1	93 1	61 1	26 1	24 1	28 1	6 1	89 1	54 1	47 1	96 1	76 1	56 1	63 1	98 1	97 1
96 1	7 1	9 1	62 1	30 1	93 1	50 1	53 1	2 1	1 1	89 1	98 1	46 1	70 1	88 1	3 1	81 1	59 1	18 1	65 1	45 1	31 1	44 1	52 1	90 1	61 1	68 1	28 1	55 1	11 1	17 1	32 1	78 1	23 1	25 1	66 1	85 1	38 1	82 1	36 1	21 1	97 1	4 1	60 1	87 1	83 1	20 1	95 1	41 1	63 1	37 1	86 1	58 1	49 1	94 1	16 1	76 1	27 1	69 1	40 1	0 1	8 1	51 1	92 1	5 1	71 1	91 1	26 1	57 1	14 1	74 1	48 1	75 1	34 1	80 1	67 1	19 1	22 1	33 1	79 1	24 1	84 1	42 1	35 1	29 1	12 1	72 1	54 1	43 1	15 1	13 1	56 1	64 1	73 1	6 1	39 1	10 1	99 1	47 1	77 1
78 1	42 1	92 1	6 1	49 1	5 1	25 1	90 1	69 1	57 1	3 1	48 1	16 1	30 1	89 1	75 1	7 1	88 1	61 1	34 1	1 1	68 1	2 1	73 1	20 1	45 1	72 1	28 1	44 1	76 1	32 1	99 1	64 1	60 1	43 1	70 1	98 1	17 1	65 1	47 1	31 1	38 1	4 1	87 1	79 1	23 1	66 1	86 1	50 1	62 1	85 1	77 1	35 1	54 1	41 1	71 1	19 1	39 1	36 1	12 1	27 1	84 1	33 1	14 1	94 1	67 1	56 1	83 1	18 1	24 1	52 1	74 1	21 1	58 1	93 1	22 1	95 1	63 1	97 1	96 1	59 1	29 1	13 1	11 1	10 1	40 1	15 1	37 1	82 1	53 1	9 1	55 1	80 1	8 1	51 1	81 1	91 1	0 1	46 1	26 1
84 1	56 1	47 1	39 1	4 1	67 1	38 1	9 1	71 1	29 1	48 1	24 1	8 1	23 1	63 1	46 1	45 1	2 1	94 1	28 1	69 1	13 1	51 1	98 1	16 1	62 1	30 1	11 1	5 1	21 1	40 1	55 1	32 1	6 1	90 1	93 1	97 1	59 1	35 1	12 1	20 1	74 1	66 1	64 1	3 1	31 1	80 1	79 1	60 1	77 1	96 1	33 1	34 1	86 1	58 1	91 1	42 1	75 1	41 1	26 1	27 1	17 1	65 1	53 1	37 1	99 1	73 1	1 1	76 1	89 1	52 1	61 1	95 1	54 1	18 1	72 1	36 1	14 1	88 1	92 1	85 1	50 1	44 1	82 1	57 1	7 1	10 1	19 1	22 1	68 1	87 1	83 1	70 1	78 1	0 1	81 1	15 1	25 1	43 1	49 1
33 1	77 1	62 1	17 1	20 1	63 1	7 1	26 1	85 1	36 1	96 1	19 1	16 1	67 1	28 1	59 1	75 1	30 1	98 1	88 1	21 1	25 1	64 1	22 1	27 1	9 1	71 1	31 1	76 1	61 1	3 1	95 1	78 1	74 1	83 1	41 1	57 1	82 1	45 1	92 1	38 1	34 1	50 1	6 1	60 1	24 1	29 1	1 1	87 1	13 1	37 1	5 1	53 1	56 1	54 1	2 1	81 1	0 1	42 1	12 1	91 1	47 1	51 1	99 1	52 1	11 1	49 1	40 1	35 1	14 1	10 1	44 1	66 1	46 1	93 1	72 1	39 1	79 1	84 1	70 1	32 1	94 1	23 1	97 1	90 1	8 1	73 1	58 1	4 1	43 1	86 1	48 1	18 1	80 1	15 1	55 1	65 1	89 1	68 1	69 1
50 1	21 1	90 1	0 1	10 1	64 1	37 1	63 1	48 1	91 1	97 1	92 1	76 1	53 1	73 1	4 1	31 1	57 1	68 1	15 1	25 1	6 1	61 1	7 1	22 1	24 1	71 1	3 1	9 1	51 1	2 1	47 1	67 1	72 1	45 1	27 1	43 1	32 1	36 1	83 1	56 1	77 1	65 1	59 1	46 1	81 1	79 1	93 1	49 1	39 1	75 1	5 1	26 1	41 1	98 1	69 1	95 1	89 1	28 1	38 1	44 1	40 1	34 1	96 1	1 1	13 1	70 1	12 1	18 1	87 1	78 1	17 1	52 1	86 1	29 1	66 1	74 1	35 1	99 1	16 1	82 1	8 1	60 1	30 1	88 1	11 1	33 1	54 1	42 1	23 1	62 1	55 1	85 1	58 1	80 1	20 1	94 1	19 1	14 1	84 1
92 1	60 1	95 1	96 1	41 1	5 1	47 1	26 1	59 1	36 1	51 1	99 1	87 1	10 1	66 1	50 1	13 1	25 1	64 1	48 1	21 1	43 1	20 1	30 1	17 1	29 1	44 1	80 1	69 1	98 1	27 1	91 1	94 1	7 1	78 1	73 1	54 1	11 1	35 1	55 1	53 1	40 1	46 1	85 1	42 1	39 1	45 1	12 1	2 1	81 1	56 1	93 1	33 1	8 1	90 1	67 1	84 1	83 1	76 1	3 1	75 1	49 1	34 1	38 1	1 1	71 1	62 1	31 1	63 1	89 1	14 1	57 1	18 1	23 1	9 1	28 1	37 1	86 1	15 1	58 1	88 1	68 1	97 1	61 1	82 1	16 1	79 1	65 1	0 1	32 1	19 1	24 1	77 1	22 1	72 1	70 1	4 1	6 1	52 1	74 1
87 1	17 1	32 1	91 1	0 1	61 1	92 1	73 1	24 1	54 1	18 1	11 1	5 1	51 1	70 1	36 1	60 1	64 1	78 1	55 1	15 1	99 1	97 1	2 1	58 1	21 1	48 1	88 1	1 1	71 1	42 1	50 1	96 1	59 1	81 1	74 1	29 1	4 1	80 1	94 1	35 1	9 1	16 1	85 1	27 1	89 1	49 1	19 1	39 1	12 1	33 1	37 1	79 1	56 1	63 1	57 1	41 1	6 1	23 1	22 1	31 1	7 1	53 1	69 1	45 1	76 1	75 1	90 1	38 1	10 1	30 1	72 1	83 1	65 1	40 1	66 1	93 1	43 1	20 1	14 1	46 1	28 1	8 1	77 1	26 1	3 1	52 1	86 1	67 1	68 1	95 1	82 1	62 1	34 1	47 1	44 1	98 1	13 1	25 1	84 1
61 1	22 1	25 1	60 1	21 1	46 1	44 1	24 1	96 1	56 1	64 1	59 1	82 1	81 1	23 1	37 1	29 1	4 1	3 1	38 1	48 1	40 1	54 1	55 1	8 1	86 1	72 1	58 1	66 1	53 1	78 1	1 1	9 1	71 1	51 1	35 1	14 1	28 1	87 1	30 1	74 1	76 1	65 1	99 1	43 1	19 1	20 1	16 1	67 1	2 1	52 1	83 1	75 1	36 1	27 1	62 1	95 1	94 1	89 1	11 1	98 1	13 1	33 1	45 1	92 1	90 1	47 1	97 1	85 1	88 1	80 1	12 1	32 1	0 1	73 1	10 1	63 1	57 1	68 1	42 1	26 1	93 1	70 1	7 1	41 1	77 1	39 1	49 1	84 1	34 1	31 1	50 1	17 1	5 1	69 1	15 1	18 1	6 1	91 1	79 1
