10	90
80 1	54 1	42 1	33 1	49 1	4 1	68 1	50 1	86 1	69 1	10 1	45 1	1 1	7 1	5 1	29 1	38 1	85 1	61 1	22 1	24 1	72 1	26 1	36 1	60 1	77 1	0 1	83 1	34 1	75 1	62 1	63 1	58 1	53 1	52 1	12 1	18 1	32 1	70 1	81 1	23 1	74 1	73 1	65 1	27 1	39 1	14 1	57 1	16 1	56 1	51 1	46 1	40 1	78 1	87 1	30 1	59 1	82 1	67 1	41 1	79 1	66 1	84 1	89 1	2 1	47 1	37 1	55 1	21 1	11 1	9 1	76 1	43 1	88 1	25 1	35 1	6 1	71 1	17 1	31 1	44 1	15 1	64 1	28 1	20 1	8 1	13 1	19 1	48 1	3 1
19 1	16 1	76 1	11 1	23 1	83 1	66 1	56 1	3 1	46 1	52 1	60 1	36 1	30 1	71 1	41 1	0 1	32 1	43 1	50 1	15 1	10 1	63 1	9 1	65 1	12 1	7 1	74 1	20 1	27 1	35 1	37 1	42 1	78 1	38 1	44 1	14 1	22 1	18 1	61 1	45 1	67 1	47 1	89 1	75 1	68 1	5 1	8 1	29 1	24 1	86 1	59 1	69 1	84 1	34 1	73 1	80 1	72 1	48 1	64 1	4 1	33 1	53 1	51 1	25 1	39 1	82 1	49 1	21 1	79 1	70 1	40 1	77 1	1 1	88 1	28 1	6 1	58 1	55 1	31 1	87 1	17 1	81 1	26 1	62 1	13 1	54 1	2 1	85 1	57 1
45 1	49 1	3 1	13 1	19 1	60 1	5 1	17 1	27 1	47 1	88 1	55 1	61 1	28 1	85 1	62 1	15 1	68 1	23 1	77 1	53 1	14 1	16 1	59 1	36 1	89 1	66 1	54 1	44 1	65 1	0 1	37 1	84 1	31 1	43 1	70 1	35 1	30 1	9 1	79 1	76 1	4 1	32 1	8 1	22 1	20 1	63 1	46 1	56 1	51 1	67 1	12 1	29 1	86 1	38 1	26 1	81 1	25 1	21 1	57 1	78 1	10 1	58 1	33 1	64 1	1 1	69 1	74 1	11 1	50 1	42 1	83 1	40 1	72 1	18 1	24 1	52 1	73 1	39 1	41 1	75 1	82 1	80 1	71 1	2 1	6 1	34 1	48 1	87 1	7 1
80 1	76 1	21 1	83 1	74 1	66 1	87 1	84 1	69 1	70 1	60 1	37 1	61 1	34 1	86 1	5 1	8 1	9 1	7 1	52 1	14 1	58 1	38 1	23 1	57 1	46 1	20 1	35 1	72 1	24 1	40 1	67 1	89 1	29 1	28 1	56 1	68 1	64 1	41 1	85 1	15 1	88 1	47 1	17 1	18 1	63 1	82 1	65 1	75 1	6 1	2 1	77 1	78 1	25 1	12 1	10 1	79 1	45 1	4 1	55 1	31 1	0 1	71 1	49 1	16 1	39 1	43 1	30 1	53 1	42 1	81 1	54 1	62 1	1 1	26 1	27 1	32 1	51 1	13 1	44 1	59 1	50 1	73 1	33 1	19 1	22 1	11 1	36 1	48 1	3 1
28 1	6 1	66 1	23 1	80 1	33 1	4 1	39 1	81 1	51 1	42 1	68 1	11 1	73 1	75 1	85 1	29 1	43 1	71 1	74 1	70 1	59 1	19 1	14 1	50 1	30 1	38 1	78 1	18 1	16 1	35 1	49 1	22 1	72 1	13 1	41 1	45 1	64 1	27 1	32 1	1 1	57 1	86 1	88 1	48 1	37 1	31 1	10 1	53 1	47 1	52 1	3 1	12 1	76 1	34 1	82 1	0 1	55 1	7 1	24 1	63 1	54 1	62 1	89 1	83 1	26 1	2 1	84 1	17 1	15 1	44 1	5 1	87 1	20 1	79 1	67 1	60 1	21 1	77 1	56 1	8 1	46 1	61 1	40 1	36 1	65 1	25 1	58 1	69 1	9 1
44 1	58 1	24 1	47 1	71 1	0 1	70 1	72 1	38 1	51 1	46 1	36 1	81 1	84 1	56 1	42 1	31 1	66 1	37 1	83 1	87 1	21 1	6 1	65 1	30 1	45 1	33 1	20 1	88 1	2 1	7 1	15 1	54 1	17 1	73 1	82 1	64 1	77 1	62 1	49 1	39 1	1 1	3 1	85 1	35 1	52 1	86 1	60 1	40 1	50 1	9 1	55 1	32 1	29 1	61 1	48 1	89 1	23 1	28 1	11 1	26 1	63 1	69 1	18 1	8 1	16 1	12 1	14 1	34 1	76 1	59 1	67 1	53 1	19 1	68 1	13 1	78 1	74 1	4 1	41 1	5 1	27 1	10 1	22 1	80 1	43 1	57 1	25 1	75 1	79 1
46 1	3 1	87 1	42 1	82 1	84 1	29 1	86 1	35 1	44 1	10 1	61 1	78 1	56 1	58 1	8 1	6 1	88 1	15 1	4 1	45 1	70 1	33 1	49 1	62 1	68 1	63 1	54 1	83 1	50 1	66 1	31 1	24 1	2 1	16 1	0 1	39 1	9 1	57 1	65 1	72 1	17 1	67 1	21 1	1 1	40 1	69 1	14 1	20 1	32 1	19 1	73 1	79 1	13 1	37 1	85 1	89 1	30 1	77 1	11 1	7 1	18 1	51 1	25 1	22 1	55 1	5 1	71 1	43 1	81 1	27 1	60 1	34 1	12 1	47 1	76 1	48 1	64 1	80 1	23 1	41 1	38 1	28 1	59 1	26 1	75 1	53 1	74 1	52 1	36 1
61 1	50 1	37 1	21 1	22 1	58 1	8 1	75 1	86 1	4 1	27 1	46 1	30 1	65 1	33 1	35 1	23 1	64 1	44 1	79 1	87 1	74 1	88 1	7 1	17 1	82 1	26 1	18 1	34 1	49 1	72 1	11 1	67 1	85 1	42 1	69 1	10 1	43 1	57 1	54 1	32 1	62 1	28 1	9 1	63 1	13 1	52 1	47 1	0 1	80 1	1 1	41 1	29 1	31 1	89 1	55 1	51 1	76 1	3 1	36 1	45 1	70 1	48 1	73 1	81 1	60 1	66 1	15 1	5 1	78 1	2 1	12 1	77 1	40 1	68 1	53 1	83 1	59 1	24 1	6 1	38 1	39 1	19 1	25 1	84 1	20 1	56 1	14 1	16 1	71 1
71 1	83 1	6 1	69 1	60 1	18 1	31 1	79 1	84 1	34 1	68 1	0 1	61 1	19 1	9 1	32 1	47 1	35 1	65 1	64 1	28 1	72 1	7 1	63 1	10 1	4 1	15 1	44 1	1 1	54 1	21 1	88 1	50 1	89 1	14 1	29 1	24 1	30 1	27 1	76 1	77 1	12 1	20 1	37 1	38 1	81 1	73 1	67 1	41 1	5 1	82 1	85 1	86 1	45 1	2 1	33 1	80 1	49 1	16 1	26 1	56 1	66 1	3 1	62 1	13 1	39 1	57 1	22 1	87 1	43 1	51 1	46 1	23 1	78 1	74 1	36 1	59 1	52 1	48 1	11 1	70 1	55 1	17 1	42 1	53 1	75 1	40 1	25 1	8 1	58 1
75 1	15 1	1 1	81 1	0 1	38 1	33 1	71 1	76 1	58 1	3 1	8 1	28 1	2 1	37 1	82 1	86 1	57 1	78 1	26 1	50 1	84 1	69 1	47 1	6 1	53 1	45 1	25 1	63 1	19 1	74 1	36 1	70 1	4 1	16 1	42 1	79 1	29 1	5 1	73 1	21 1	48 1	39 1	87 1	44 1	64 1	65 1	56 1	41 1	11 1	7 1	22 1	18 1	89 1	55 1	43 1	32 1	62 1	68 1	52 1	83 1	31 1	13 1	49 1	51 1	72 1	14 1	30 1	54 1	46 1	80 1	27 1	40 1	85 1	17 1	24 1	66 1	12 1	59 1	67 1	10 1	60 1	20 1	77 1	88 1	23 1	34 1	61 1	9 1	35 1
