50	90
10 1	62 1	74 1	64 1	26 1	83 1	49 1	51 1	40 1	61 1	22 1	5 1	25 1	1 1	16 1	19 1	73 1	28 1	43 1	3 1	63 1	2 1	29 1	33 1	31 1	46 1	18 1	52 1	71 1	20 1	17 1	44 1	85 1	76 1	12 1	50 1	70 1	58 1	4 1	11 1	42 1	57 1	66 1	84 1	13 1	27 1	39 1	82 1	14 1	68 1	72 1	24 1	34 1	67 1	88 1	36 1	53 1	32 1	38 1	78 1	55 1	87 1	6 1	59 1	35 1	0 1	77 1	65 1	69 1	89 1	80 1	47 1	8 1	45 1	7 1	60 1	48 1	56 1	79 1	86 1	23 1	21 1	54 1	9 1	37 1	75 1	81 1	30 1	41 1	15 1
11 1	87 1	14 1	47 1	85 1	84 1	25 1	6 1	39 1	52 1	5 1	59 1	89 1	23 1	49 1	41 1	76 1	53 1	88 1	55 1	77 1	33 1	12 1	18 1	19 1	9 1	83 1	8 1	78 1	66 1	38 1	44 1	3 1	13 1	54 1	62 1	56 1	26 1	58 1	27 1	37 1	46 1	64 1	80 1	1 1	73 1	22 1	75 1	28 1	29 1	71 1	67 1	30 1	0 1	20 1	82 1	32 1	36 1	45 1	86 1	31 1	72 1	15 1	35 1	43 1	60 1	50 1	10 1	79 1	24 1	2 1	61 1	17 1	42 1	4 1	21 1	81 1	70 1	34 1	63 1	40 1	74 1	16 1	7 1	69 1	57 1	48 1	68 1	65 1	51 1
85 1	19 1	45 1	28 1	43 1	15 1	25 1	54 1	59 1	22 1	24 1	68 1	31 1	13 1	38 1	53 1	86 1	65 1	29 1	89 1	58 1	27 1	30 1	17 1	34 1	12 1	9 1	10 1	71 1	83 1	47 1	51 1	56 1	64 1	23 1	7 1	75 1	62 1	81 1	35 1	60 1	1 1	49 1	76 1	48 1	52 1	72 1	3 1	88 1	37 1	87 1	61 1	0 1	63 1	40 1	6 1	44 1	33 1	20 1	42 1	66 1	16 1	14 1	78 1	4 1	36 1	77 1	8 1	55 1	50 1	18 1	39 1	69 1	26 1	82 1	79 1	2 1	67 1	84 1	57 1	32 1	74 1	11 1	5 1	46 1	80 1	70 1	73 1	21 1	41 1
88 1	87 1	68 1	6 1	32 1	43 1	70 1	74 1	30 1	52 1	57 1	79 1	59 1	37 1	48 1	73 1	17 1	44 1	7 1	85 1	16 1	8 1	39 1	12 1	54 1	77 1	60 1	67 1	50 1	2 1	64 1	81 1	89 1	29 1	3 1	82 1	72 1	53 1	26 1	14 1	40 1	49 1	0 1	36 1	80 1	23 1	69 1	24 1	9 1	18 1	27 1	35 1	34 1	1 1	11 1	75 1	61 1	55 1	45 1	38 1	25 1	10 1	56 1	71 1	84 1	20 1	51 1	65 1	41 1	46 1	86 1	15 1	21 1	5 1	33 1	22 1	58 1	13 1	78 1	47 1	28 1	42 1	31 1	19 1	83 1	66 1	62 1	76 1	4 1	63 1
73 1	42 1	67 1	34 1	40 1	13 1	0 1	89 1	18 1	10 1	35 1	71 1	59 1	47 1	25 1	32 1	66 1	49 1	52 1	2 1	60 1	9 1	26 1	85 1	15 1	76 1	24 1	58 1	53 1	83 1	17 1	23 1	65 1	55 1	45 1	14 1	21 1	41 1	46 1	82 1	87 1	43 1	81 1	51 1	88 1	38 1	74 1	63 1	3 1	61 1	1 1	6 1	16 1	20 1	56 1	8 1	30 1	86 1	5 1	28 1	29 1	12 1	48 1	11 1	27 1	7 1	50 1	70 1	69 1	31 1	36 1	62 1	37 1	84 1	68 1	44 1	79 1	75 1	77 1	72 1	33 1	19 1	4 1	22 1	80 1	39 1	78 1	64 1	57 1	54 1
28 1	21 1	35 1	75 1	81 1	52 1	18 1	61 1	13 1	11 1	17 1	45 1	4 1	64 1	44 1	46 1	26 1	58 1	43 1	86 1	16 1	6 1	9 1	80 1	10 1	27 1	15 1	47 1	40 1	29 1	77 1	8 1	5 1	70 1	73 1	53 1	7 1	49 1	84 1	1 1	37 1	67 1	66 1	38 1	36 1	42 1	79 1	54 1	25 1	0 1	83 1	24 1	69 1	71 1	88 1	30 1	33 1	55 1	60 1	22 1	32 1	34 1	72 1	87 1	12 1	65 1	59 1	89 1	48 1	3 1	76 1	2 1	14 1	68 1	62 1	85 1	39 1	78 1	57 1	31 1	51 1	74 1	20 1	23 1	50 1	82 1	19 1	41 1	63 1	56 1
76 1	71 1	54 1	78 1	31 1	55 1	89 1	0 1	38 1	5 1	81 1	56 1	83 1	15 1	45 1	18 1	66 1	34 1	53 1	73 1	46 1	72 1	88 1	32 1	13 1	2 1	37 1	39 1	28 1	65 1	79 1	25 1	26 1	35 1	75 1	82 1	85 1	27 1	63 1	80 1	14 1	6 1	20 1	16 1	87 1	19 1	84 1	33 1	7 1	3 1	10 1	30 1	4 1	44 1	74 1	22 1	11 1	21 1	70 1	77 1	29 1	8 1	36 1	48 1	69 1	43 1	50 1	42 1	41 1	1 1	52 1	12 1	68 1	62 1	61 1	40 1	58 1	60 1	64 1	23 1	51 1	57 1	49 1	47 1	67 1	9 1	86 1	17 1	59 1	24 1
34 1	73 1	58 1	51 1	25 1	43 1	31 1	72 1	67 1	32 1	55 1	75 1	23 1	29 1	46 1	50 1	64 1	13 1	0 1	19 1	27 1	37 1	85 1	60 1	42 1	28 1	82 1	49 1	20 1	86 1	77 1	21 1	57 1	9 1	47 1	33 1	78 1	7 1	36 1	41 1	35 1	1 1	54 1	16 1	14 1	53 1	24 1	12 1	52 1	6 1	81 1	8 1	11 1	66 1	59 1	63 1	62 1	44 1	10 1	18 1	84 1	48 1	68 1	76 1	4 1	80 1	70 1	38 1	45 1	61 1	30 1	15 1	71 1	56 1	89 1	39 1	2 1	17 1	26 1	40 1	79 1	83 1	88 1	69 1	5 1	22 1	3 1	74 1	65 1	87 1
81 1	88 1	46 1	68 1	1 1	16 1	87 1	31 1	55 1	14 1	6 1	80 1	17 1	59 1	27 1	20 1	12 1	64 1	26 1	34 1	37 1	35 1	30 1	10 1	45 1	22 1	40 1	5 1	62 1	86 1	66 1	83 1	28 1	38 1	82 1	77 1	73 1	48 1	41 1	70 1	79 1	8 1	54 1	4 1	84 1	58 1	7 1	33 1	18 1	56 1	65 1	69 1	52 1	43 1	19 1	63 1	67 1	42 1	24 1	47 1	39 1	60 1	21 1	15 1	51 1	11 1	2 1	78 1	23 1	76 1	50 1	89 1	85 1	3 1	49 1	57 1	74 1	25 1	61 1	29 1	72 1	71 1	13 1	32 1	36 1	9 1	0 1	75 1	53 1	44 1
33 1	79 1	24 1	59 1	80 1	20 1	17 1	72 1	73 1	74 1	41 1	69 1	45 1	0 1	63 1	84 1	3 1	75 1	15 1	38 1	50 1	16 1	57 1	56 1	67 1	36 1	2 1	65 1	30 1	37 1	31 1	26 1	11 1	32 1	78 1	85 1	82 1	22 1	39 1	29 1	71 1	23 1	87 1	5 1	34 1	48 1	35 1	61 1	13 1	18 1	66 1	4 1	54 1	46 1	28 1	7 1	76 1	21 1	58 1	62 1	68 1	55 1	47 1	25 1	70 1	81 1	83 1	88 1	43 1	49 1	8 1	51 1	6 1	14 1	86 1	42 1	12 1	89 1	27 1	1 1	52 1	77 1	40 1	10 1	44 1	60 1	53 1	9 1	19 1	64 1
25 1	32 1	63 1	18 1	36 1	71 1	68 1	31 1	61 1	47 1	73 1	24 1	56 1	84 1	74 1	23 1	52 1	50 1	22 1	53 1	85 1	87 1	35 1	69 1	2 1	9 1	1 1	38 1	29 1	67 1	8 1	64 1	62 1	27 1	26 1	3 1	66 1	76 1	49 1	17 1	57 1	59 1	19 1	44 1	41 1	40 1	55 1	11 1	14 1	89 1	42 1	33 1	45 1	28 1	4 1	54 1	86 1	51 1	20 1	88 1	15 1	6 1	5 1	58 1	80 1	75 1	39 1	46 1	83 1	79 1	72 1	60 1	12 1	78 1	7 1	0 1	21 1	30 1	37 1	43 1	34 1	77 1	70 1	82 1	48 1	81 1	10 1	16 1	13 1	65 1
8 1	84 1	66 1	22 1	17 1	21 1	39 1	44 1	36 1	47 1	67 1	87 1	75 1	34 1	11 1	49 1	88 1	73 1	18 1	12 1	89 1	30 1	15 1	32 1	80 1	62 1	19 1	79 1	45 1	70 1	48 1	74 1	3 1	86 1	61 1	29 1	28 1	1 1	54 1	5 1	50 1	0 1	77 1	42 1	10 1	63 1	25 1	31 1	9 1	85 1	6 1	51 1	68 1	23 1	7 1	13 1	24 1	4 1	59 1	26 1	20 1	41 1	14 1	55 1	69 1	64 1	43 1	60 1	57 1	46 1	35 1	33 1	82 1	58 1	65 1	56 1	16 1	40 1	38 1	53 1	71 1	83 1	78 1	2 1	52 1	76 1	27 1	37 1	72 1	81 1
39 1	10 1	53 1	27 1	25 1	79 1	8 1	82 1	35 1	19 1	68 1	36 1	54 1	16 1	20 1	72 1	33 1	40 1	3 1	50 1	9 1	23 1	85 1	56 1	59 1	1 1	67 1	17 1	89 1	38 1	15 1	44 1	51 1	6 1	58 1	21 1	30 1	83 1	31 1	62 1	52 1	29 1	42 1	73 1	87 1	0 1	5 1	43 1	76 1	57 1	13 1	7 1	32 1	4 1	60 1	74 1	11 1	65 1	84 1	24 1	63 1	66 1	86 1	37 1	48 1	47 1	77 1	80 1	64 1	75 1	46 1	12 1	78 1	88 1	2 1	34 1	71 1	55 1	45 1	26 1	70 1	81 1	28 1	22 1	61 1	41 1	18 1	14 1	69 1	49 1
33 1	1 1	88 1	45 1	59 1	6 1	18 1	63 1	34 1	7 1	14 1	73 1	36 1	21 1	17 1	76 1	0 1	60 1	55 1	26 1	48 1	77 1	56 1	35 1	81 1	64 1	19 1	29 1	25 1	84 1	40 1	66 1	11 1	10 1	87 1	47 1	4 1	61 1	49 1	31 1	5 1	80 1	83 1	44 1	2 1	57 1	24 1	42 1	71 1	67 1	30 1	20 1	74 1	86 1	13 1	23 1	37 1	89 1	38 1	69 1	3 1	16 1	65 1	70 1	75 1	51 1	39 1	85 1	12 1	52 1	82 1	53 1	28 1	78 1	9 1	27 1	32 1	72 1	43 1	8 1	68 1	58 1	54 1	22 1	46 1	50 1	79 1	62 1	15 1	41 1
67 1	3 1	46 1	33 1	25 1	68 1	8 1	77 1	43 1	11 1	36 1	22 1	70 1	6 1	76 1	27 1	64 1	75 1	62 1	18 1	61 1	24 1	51 1	82 1	1 1	47 1	42 1	34 1	63 1	54 1	57 1	85 1	53 1	65 1	79 1	60 1	37 1	21 1	7 1	28 1	5 1	83 1	52 1	87 1	15 1	31 1	72 1	50 1	17 1	16 1	59 1	74 1	2 1	56 1	58 1	78 1	30 1	9 1	73 1	39 1	89 1	26 1	84 1	20 1	14 1	10 1	38 1	0 1	71 1	81 1	4 1	35 1	41 1	40 1	19 1	13 1	55 1	29 1	45 1	44 1	32 1	12 1	23 1	69 1	48 1	88 1	80 1	66 1	86 1	49 1
32 1	11 1	41 1	83 1	42 1	44 1	54 1	9 1	59 1	76 1	67 1	61 1	8 1	27 1	22 1	19 1	25 1	80 1	38 1	0 1	82 1	31 1	2 1	29 1	55 1	1 1	66 1	46 1	52 1	33 1	79 1	84 1	4 1	43 1	48 1	58 1	49 1	62 1	77 1	63 1	73 1	3 1	64 1	47 1	78 1	50 1	5 1	86 1	51 1	81 1	34 1	20 1	57 1	68 1	88 1	35 1	70 1	17 1	37 1	18 1	15 1	28 1	10 1	45 1	24 1	71 1	40 1	12 1	56 1	74 1	75 1	13 1	60 1	6 1	7 1	26 1	87 1	39 1	21 1	30 1	69 1	72 1	16 1	36 1	23 1	14 1	53 1	89 1	65 1	85 1
69 1	70 1	12 1	65 1	0 1	58 1	27 1	25 1	48 1	15 1	40 1	80 1	54 1	49 1	57 1	38 1	35 1	53 1	66 1	63 1	31 1	33 1	3 1	4 1	88 1	67 1	5 1	68 1	74 1	52 1	22 1	47 1	6 1	45 1	62 1	20 1	87 1	21 1	73 1	23 1	56 1	82 1	18 1	72 1	84 1	76 1	61 1	26 1	28 1	14 1	78 1	19 1	39 1	51 1	46 1	60 1	77 1	85 1	37 1	32 1	1 1	34 1	75 1	43 1	13 1	81 1	55 1	50 1	42 1	29 1	44 1	7 1	2 1	30 1	64 1	9 1	86 1	36 1	8 1	79 1	59 1	24 1	17 1	83 1	89 1	71 1	16 1	10 1	41 1	11 1
51 1	48 1	6 1	2 1	46 1	10 1	35 1	18 1	27 1	83 1	65 1	40 1	72 1	78 1	17 1	4 1	26 1	88 1	11 1	13 1	1 1	61 1	45 1	60 1	62 1	56 1	20 1	50 1	84 1	31 1	34 1	37 1	74 1	43 1	76 1	55 1	63 1	7 1	29 1	53 1	19 1	68 1	3 1	8 1	52 1	69 1	22 1	41 1	15 1	73 1	38 1	57 1	47 1	85 1	39 1	54 1	66 1	86 1	12 1	16 1	87 1	75 1	32 1	44 1	9 1	42 1	79 1	70 1	30 1	67 1	33 1	80 1	24 1	36 1	28 1	77 1	59 1	21 1	64 1	82 1	23 1	0 1	89 1	5 1	49 1	81 1	14 1	71 1	58 1	25 1
72 1	11 1	29 1	83 1	79 1	4 1	30 1	81 1	84 1	19 1	6 1	41 1	36 1	47 1	26 1	65 1	15 1	27 1	51 1	21 1	73 1	31 1	88 1	69 1	35 1	48 1	17 1	40 1	16 1	63 1	89 1	2 1	71 1	49 1	13 1	59 1	43 1	10 1	76 1	57 1	87 1	46 1	55 1	74 1	80 1	52 1	0 1	44 1	23 1	18 1	56 1	77 1	85 1	1 1	54 1	24 1	33 1	7 1	8 1	37 1	9 1	14 1	70 1	42 1	25 1	28 1	50 1	75 1	38 1	66 1	61 1	60 1	53 1	34 1	62 1	67 1	86 1	22 1	39 1	78 1	3 1	68 1	12 1	58 1	32 1	20 1	45 1	82 1	64 1	5 1
3 1	5 1	29 1	23 1	77 1	24 1	52 1	84 1	57 1	63 1	64 1	46 1	31 1	61 1	75 1	6 1	0 1	59 1	25 1	69 1	87 1	70 1	80 1	58 1	56 1	50 1	20 1	16 1	72 1	89 1	60 1	76 1	30 1	74 1	21 1	81 1	34 1	8 1	68 1	83 1	65 1	88 1	7 1	45 1	73 1	71 1	38 1	33 1	39 1	51 1	53 1	28 1	85 1	17 1	54 1	4 1	32 1	15 1	26 1	37 1	13 1	67 1	1 1	18 1	48 1	55 1	2 1	82 1	40 1	47 1	12 1	27 1	41 1	11 1	10 1	14 1	43 1	78 1	86 1	36 1	62 1	9 1	66 1	22 1	44 1	19 1	49 1	79 1	35 1	42 1
25 1	13 1	45 1	55 1	38 1	7 1	61 1	9 1	17 1	36 1	72 1	58 1	15 1	67 1	87 1	63 1	51 1	76 1	23 1	70 1	19 1	28 1	74 1	11 1	80 1	40 1	81 1	2 1	20 1	44 1	1 1	29 1	75 1	78 1	54 1	33 1	68 1	62 1	86 1	50 1	56 1	85 1	84 1	26 1	82 1	83 1	49 1	0 1	41 1	24 1	4 1	14 1	31 1	43 1	21 1	35 1	8 1	37 1	10 1	89 1	77 1	16 1	64 1	18 1	60 1	79 1	47 1	3 1	34 1	39 1	22 1	71 1	42 1	6 1	53 1	30 1	73 1	48 1	59 1	32 1	57 1	5 1	52 1	66 1	65 1	46 1	12 1	27 1	88 1	69 1
41 1	45 1	11 1	43 1	48 1	29 1	66 1	79 1	70 1	4 1	6 1	54 1	25 1	26 1	17 1	64 1	27 1	74 1	86 1	3 1	71 1	18 1	69 1	12 1	22 1	2 1	16 1	55 1	5 1	59 1	13 1	56 1	72 1	0 1	52 1	84 1	39 1	65 1	19 1	38 1	81 1	10 1	60 1	1 1	36 1	47 1	14 1	57 1	32 1	9 1	8 1	76 1	62 1	80 1	75 1	67 1	44 1	58 1	87 1	33 1	83 1	53 1	21 1	50 1	46 1	42 1	68 1	15 1	51 1	28 1	88 1	82 1	78 1	77 1	85 1	63 1	73 1	7 1	23 1	40 1	89 1	37 1	35 1	34 1	49 1	31 1	24 1	30 1	61 1	20 1
40 1	75 1	31 1	8 1	60 1	46 1	41 1	78 1	57 1	71 1	76 1	6 1	63 1	58 1	16 1	80 1	13 1	49 1	11 1	35 1	33 1	88 1	42 1	38 1	55 1	28 1	56 1	53 1	27 1	72 1	21 1	37 1	51 1	79 1	7 1	86 1	9 1	62 1	44 1	3 1	54 1	83 1	67 1	59 1	18 1	81 1	19 1	87 1	66 1	22 1	25 1	47 1	20 1	36 1	26 1	45 1	23 1	12 1	34 1	69 1	64 1	48 1	85 1	82 1	50 1	84 1	24 1	15 1	30 1	14 1	5 1	43 1	65 1	39 1	32 1	61 1	2 1	29 1	74 1	1 1	4 1	17 1	70 1	77 1	0 1	73 1	68 1	52 1	89 1	10 1
6 1	65 1	77 1	59 1	70 1	33 1	88 1	71 1	86 1	78 1	31 1	80 1	49 1	3 1	22 1	57 1	50 1	35 1	24 1	40 1	45 1	8 1	67 1	55 1	43 1	29 1	4 1	1 1	32 1	84 1	60 1	48 1	38 1	56 1	51 1	62 1	21 1	12 1	74 1	63 1	54 1	68 1	18 1	37 1	89 1	66 1	7 1	52 1	75 1	46 1	15 1	76 1	58 1	41 1	39 1	83 1	73 1	26 1	10 1	69 1	13 1	85 1	9 1	87 1	34 1	47 1	0 1	53 1	30 1	44 1	79 1	19 1	27 1	82 1	14 1	11 1	17 1	81 1	64 1	61 1	16 1	5 1	36 1	72 1	23 1	28 1	2 1	20 1	25 1	42 1
4 1	77 1	20 1	54 1	32 1	30 1	58 1	73 1	19 1	24 1	79 1	64 1	84 1	59 1	39 1	37 1	18 1	10 1	60 1	26 1	40 1	41 1	47 1	74 1	17 1	1 1	3 1	33 1	83 1	61 1	78 1	62 1	44 1	27 1	53 1	12 1	7 1	49 1	63 1	82 1	88 1	15 1	55 1	13 1	14 1	46 1	72 1	9 1	75 1	48 1	70 1	23 1	34 1	25 1	43 1	71 1	67 1	2 1	16 1	50 1	65 1	56 1	76 1	5 1	6 1	28 1	57 1	51 1	87 1	86 1	66 1	69 1	31 1	85 1	80 1	0 1	22 1	89 1	29 1	52 1	8 1	11 1	42 1	36 1	35 1	38 1	45 1	21 1	68 1	81 1
71 1	72 1	88 1	39 1	43 1	7 1	69 1	42 1	75 1	10 1	27 1	17 1	8 1	82 1	67 1	29 1	30 1	70 1	22 1	57 1	23 1	85 1	56 1	62 1	87 1	18 1	68 1	20 1	78 1	25 1	86 1	24 1	77 1	28 1	84 1	31 1	26 1	61 1	45 1	33 1	32 1	63 1	9 1	41 1	76 1	55 1	66 1	49 1	0 1	36 1	19 1	3 1	44 1	12 1	21 1	35 1	50 1	83 1	51 1	5 1	79 1	15 1	52 1	46 1	34 1	11 1	40 1	16 1	60 1	53 1	1 1	54 1	47 1	80 1	64 1	58 1	14 1	81 1	65 1	59 1	4 1	2 1	74 1	38 1	37 1	73 1	6 1	89 1	13 1	48 1
24 1	54 1	2 1	16 1	59 1	30 1	36 1	75 1	13 1	21 1	71 1	48 1	1 1	60 1	51 1	70 1	73 1	31 1	49 1	12 1	17 1	83 1	46 1	76 1	58 1	85 1	19 1	18 1	22 1	34 1	88 1	84 1	11 1	79 1	63 1	39 1	81 1	89 1	56 1	6 1	41 1	86 1	7 1	72 1	37 1	47 1	45 1	15 1	65 1	50 1	0 1	77 1	80 1	29 1	4 1	3 1	38 1	69 1	28 1	68 1	44 1	40 1	14 1	42 1	67 1	74 1	20 1	55 1	5 1	52 1	35 1	27 1	8 1	43 1	25 1	32 1	87 1	26 1	82 1	33 1	10 1	61 1	9 1	66 1	23 1	64 1	62 1	57 1	78 1	53 1
12 1	62 1	63 1	13 1	38 1	22 1	49 1	85 1	58 1	60 1	88 1	57 1	6 1	77 1	1 1	9 1	40 1	23 1	5 1	39 1	89 1	61 1	24 1	51 1	59 1	21 1	80 1	14 1	54 1	2 1	83 1	16 1	37 1	28 1	86 1	79 1	84 1	50 1	52 1	46 1	66 1	55 1	76 1	42 1	25 1	36 1	78 1	87 1	71 1	30 1	29 1	20 1	34 1	70 1	26 1	44 1	3 1	31 1	7 1	18 1	45 1	10 1	43 1	4 1	68 1	48 1	73 1	65 1	64 1	69 1	67 1	81 1	47 1	27 1	11 1	74 1	75 1	33 1	8 1	53 1	17 1	56 1	32 1	35 1	41 1	15 1	72 1	19 1	0 1	82 1
12 1	6 1	2 1	38 1	9 1	64 1	53 1	66 1	57 1	72 1	24 1	37 1	87 1	41 1	17 1	23 1	82 1	18 1	85 1	10 1	54 1	76 1	61 1	43 1	88 1	3 1	7 1	40 1	11 1	89 1	1 1	52 1	83 1	50 1	42 1	26 1	45 1	13 1	49 1	77 1	32 1	81 1	70 1	62 1	69 1	31 1	27 1	60 1	29 1	56 1	47 1	55 1	15 1	74 1	65 1	73 1	36 1	46 1	4 1	34 1	75 1	30 1	58 1	84 1	35 1	63 1	28 1	5 1	39 1	25 1	16 1	14 1	79 1	0 1	20 1	8 1	44 1	51 1	78 1	86 1	33 1	19 1	22 1	71 1	59 1	21 1	67 1	68 1	80 1	48 1
32 1	78 1	83 1	33 1	74 1	50 1	76 1	77 1	84 1	6 1	22 1	34 1	65 1	58 1	23 1	45 1	61 1	8 1	82 1	69 1	17 1	59 1	16 1	80 1	49 1	31 1	7 1	73 1	57 1	24 1	60 1	62 1	85 1	26 1	47 1	71 1	66 1	18 1	12 1	14 1	1 1	4 1	40 1	19 1	2 1	5 1	52 1	27 1	70 1	63 1	10 1	79 1	89 1	72 1	15 1	13 1	87 1	11 1	25 1	35 1	30 1	43 1	88 1	29 1	53 1	9 1	20 1	44 1	36 1	21 1	86 1	48 1	55 1	28 1	56 1	38 1	64 1	68 1	67 1	54 1	46 1	51 1	81 1	39 1	0 1	75 1	37 1	41 1	3 1	42 1
34 1	10 1	52 1	61 1	44 1	84 1	49 1	9 1	16 1	2 1	73 1	46 1	66 1	4 1	0 1	62 1	22 1	65 1	75 1	6 1	53 1	20 1	77 1	45 1	63 1	29 1	36 1	79 1	15 1	47 1	85 1	69 1	76 1	68 1	72 1	21 1	28 1	71 1	81 1	25 1	17 1	48 1	86 1	78 1	42 1	80 1	57 1	8 1	56 1	13 1	40 1	64 1	24 1	89 1	54 1	18 1	43 1	50 1	87 1	51 1	38 1	67 1	74 1	19 1	39 1	1 1	60 1	70 1	59 1	88 1	33 1	7 1	41 1	27 1	11 1	23 1	26 1	3 1	30 1	55 1	5 1	82 1	12 1	83 1	32 1	31 1	14 1	37 1	58 1	35 1
33 1	40 1	24 1	76 1	30 1	72 1	31 1	39 1	71 1	59 1	67 1	64 1	1 1	73 1	15 1	53 1	82 1	62 1	56 1	9 1	68 1	38 1	88 1	26 1	83 1	34 1	70 1	54 1	14 1	85 1	12 1	35 1	52 1	63 1	50 1	21 1	84 1	10 1	44 1	27 1	80 1	75 1	87 1	5 1	2 1	11 1	89 1	46 1	29 1	49 1	0 1	23 1	86 1	32 1	41 1	45 1	7 1	6 1	37 1	66 1	13 1	61 1	57 1	78 1	47 1	36 1	19 1	28 1	20 1	4 1	18 1	43 1	69 1	3 1	77 1	60 1	81 1	79 1	22 1	8 1	17 1	55 1	74 1	48 1	51 1	58 1	42 1	25 1	16 1	65 1
62 1	48 1	76 1	61 1	30 1	12 1	84 1	63 1	53 1	44 1	2 1	32 1	5 1	79 1	17 1	41 1	22 1	29 1	77 1	83 1	54 1	8 1	23 1	50 1	42 1	19 1	59 1	20 1	10 1	86 1	0 1	6 1	72 1	85 1	49 1	15 1	57 1	80 1	69 1	67 1	26 1	73 1	13 1	24 1	60 1	31 1	46 1	45 1	68 1	66 1	7 1	87 1	14 1	89 1	9 1	25 1	78 1	70 1	71 1	81 1	33 1	27 1	37 1	52 1	55 1	75 1	35 1	36 1	21 1	18 1	1 1	64 1	38 1	47 1	88 1	34 1	65 1	11 1	3 1	16 1	40 1	56 1	58 1	43 1	4 1	51 1	39 1	28 1	82 1	74 1
31 1	29 1	51 1	84 1	9 1	64 1	87 1	70 1	55 1	0 1	40 1	23 1	74 1	58 1	18 1	7 1	80 1	69 1	61 1	10 1	57 1	25 1	60 1	54 1	41 1	17 1	36 1	8 1	33 1	63 1	66 1	81 1	85 1	5 1	71 1	89 1	35 1	22 1	67 1	11 1	24 1	77 1	28 1	62 1	44 1	78 1	59 1	27 1	26 1	1 1	30 1	56 1	83 1	47 1	72 1	19 1	16 1	45 1	88 1	75 1	52 1	82 1	12 1	20 1	6 1	21 1	34 1	39 1	46 1	15 1	13 1	43 1	42 1	4 1	53 1	76 1	14 1	32 1	50 1	48 1	79 1	2 1	38 1	3 1	65 1	37 1	49 1	73 1	68 1	86 1
75 1	10 1	80 1	31 1	32 1	66 1	76 1	51 1	81 1	60 1	34 1	38 1	54 1	43 1	39 1	67 1	8 1	33 1	12 1	73 1	85 1	29 1	30 1	79 1	21 1	3 1	46 1	2 1	58 1	7 1	89 1	50 1	71 1	56 1	64 1	18 1	59 1	68 1	86 1	78 1	82 1	84 1	26 1	6 1	57 1	55 1	20 1	37 1	48 1	63 1	17 1	52 1	88 1	61 1	16 1	70 1	49 1	23 1	24 1	74 1	27 1	44 1	36 1	87 1	83 1	9 1	0 1	13 1	77 1	11 1	69 1	25 1	22 1	72 1	65 1	5 1	35 1	62 1	28 1	4 1	45 1	19 1	42 1	14 1	41 1	1 1	53 1	47 1	40 1	15 1
64 1	77 1	18 1	66 1	34 1	29 1	65 1	12 1	63 1	10 1	15 1	79 1	49 1	61 1	80 1	44 1	26 1	22 1	71 1	43 1	75 1	58 1	87 1	86 1	20 1	6 1	84 1	69 1	51 1	30 1	68 1	25 1	74 1	3 1	76 1	7 1	46 1	28 1	53 1	27 1	62 1	24 1	33 1	31 1	14 1	72 1	88 1	50 1	45 1	8 1	83 1	16 1	89 1	13 1	70 1	81 1	67 1	23 1	47 1	57 1	37 1	82 1	5 1	48 1	85 1	2 1	0 1	39 1	32 1	9 1	73 1	78 1	42 1	17 1	19 1	52 1	36 1	35 1	41 1	21 1	54 1	11 1	60 1	4 1	56 1	38 1	1 1	59 1	55 1	40 1
6 1	81 1	11 1	30 1	83 1	32 1	54 1	69 1	64 1	76 1	16 1	63 1	27 1	79 1	24 1	66 1	47 1	65 1	60 1	82 1	58 1	39 1	84 1	0 1	50 1	22 1	4 1	48 1	37 1	8 1	14 1	40 1	56 1	17 1	44 1	86 1	9 1	45 1	1 1	78 1	46 1	59 1	68 1	3 1	31 1	77 1	21 1	80 1	71 1	74 1	51 1	49 1	73 1	20 1	62 1	72 1	23 1	19 1	61 1	29 1	85 1	2 1	12 1	70 1	15 1	89 1	53 1	87 1	26 1	36 1	25 1	10 1	43 1	34 1	57 1	7 1	38 1	67 1	13 1	55 1	52 1	28 1	18 1	35 1	75 1	5 1	88 1	33 1	41 1	42 1
61 1	83 1	43 1	40 1	34 1	12 1	9 1	1 1	81 1	64 1	23 1	68 1	47 1	87 1	53 1	7 1	25 1	57 1	38 1	62 1	50 1	39 1	85 1	75 1	79 1	55 1	15 1	21 1	86 1	33 1	58 1	74 1	44 1	48 1	66 1	6 1	0 1	82 1	89 1	17 1	60 1	69 1	20 1	51 1	28 1	14 1	10 1	56 1	52 1	4 1	46 1	63 1	42 1	88 1	67 1	3 1	24 1	70 1	22 1	31 1	78 1	27 1	72 1	11 1	13 1	16 1	2 1	59 1	32 1	49 1	19 1	54 1	35 1	77 1	41 1	80 1	18 1	45 1	5 1	73 1	8 1	76 1	30 1	29 1	84 1	37 1	65 1	26 1	71 1	36 1
5 1	76 1	32 1	79 1	46 1	68 1	18 1	40 1	21 1	12 1	33 1	55 1	34 1	4 1	58 1	10 1	27 1	70 1	87 1	26 1	88 1	16 1	47 1	25 1	80 1	23 1	43 1	15 1	50 1	11 1	37 1	20 1	22 1	77 1	48 1	19 1	83 1	53 1	66 1	56 1	30 1	60 1	71 1	69 1	81 1	64 1	86 1	67 1	84 1	52 1	74 1	3 1	6 1	73 1	2 1	78 1	14 1	63 1	29 1	75 1	24 1	89 1	17 1	44 1	85 1	13 1	0 1	57 1	36 1	72 1	65 1	62 1	28 1	9 1	1 1	54 1	61 1	59 1	49 1	7 1	45 1	35 1	39 1	31 1	51 1	38 1	8 1	42 1	41 1	82 1
81 1	67 1	83 1	25 1	14 1	80 1	32 1	17 1	50 1	18 1	26 1	89 1	13 1	38 1	78 1	42 1	59 1	3 1	4 1	84 1	58 1	15 1	35 1	62 1	6 1	2 1	48 1	7 1	75 1	73 1	70 1	40 1	5 1	63 1	1 1	87 1	45 1	41 1	37 1	61 1	54 1	33 1	28 1	0 1	49 1	74 1	43 1	76 1	21 1	72 1	20 1	36 1	65 1	22 1	51 1	55 1	29 1	12 1	82 1	66 1	64 1	30 1	24 1	88 1	11 1	10 1	8 1	27 1	34 1	9 1	47 1	79 1	56 1	86 1	39 1	19 1	60 1	16 1	85 1	69 1	57 1	23 1	53 1	71 1	31 1	44 1	77 1	52 1	46 1	68 1
51 1	2 1	86 1	56 1	23 1	22 1	25 1	71 1	83 1	1 1	57 1	77 1	6 1	80 1	82 1	66 1	7 1	69 1	50 1	89 1	37 1	88 1	84 1	58 1	3 1	10 1	76 1	43 1	33 1	52 1	30 1	38 1	24 1	53 1	79 1	27 1	49 1	21 1	67 1	85 1	45 1	34 1	42 1	41 1	16 1	8 1	29 1	48 1	14 1	63 1	55 1	54 1	35 1	26 1	65 1	40 1	59 1	11 1	73 1	74 1	60 1	81 1	18 1	62 1	70 1	13 1	31 1	47 1	39 1	12 1	68 1	17 1	75 1	87 1	9 1	19 1	28 1	61 1	32 1	78 1	15 1	0 1	44 1	72 1	64 1	46 1	5 1	36 1	4 1	20 1
54 1	86 1	35 1	20 1	3 1	49 1	24 1	10 1	4 1	60 1	28 1	61 1	71 1	56 1	66 1	69 1	2 1	22 1	75 1	82 1	76 1	30 1	32 1	8 1	5 1	83 1	88 1	59 1	23 1	89 1	87 1	6 1	29 1	48 1	37 1	84 1	36 1	33 1	27 1	43 1	34 1	62 1	70 1	64 1	63 1	78 1	21 1	25 1	80 1	81 1	0 1	42 1	15 1	39 1	12 1	31 1	16 1	38 1	51 1	67 1	18 1	68 1	58 1	7 1	73 1	1 1	74 1	40 1	41 1	14 1	26 1	19 1	50 1	53 1	17 1	47 1	72 1	11 1	79 1	57 1	45 1	77 1	65 1	46 1	13 1	55 1	44 1	52 1	85 1	9 1
56 1	39 1	34 1	13 1	89 1	7 1	6 1	78 1	36 1	69 1	85 1	10 1	74 1	31 1	26 1	14 1	27 1	47 1	71 1	88 1	49 1	65 1	46 1	24 1	67 1	75 1	9 1	54 1	35 1	63 1	3 1	55 1	79 1	4 1	0 1	83 1	60 1	23 1	48 1	43 1	57 1	41 1	81 1	38 1	44 1	61 1	52 1	18 1	21 1	82 1	8 1	77 1	1 1	28 1	29 1	32 1	12 1	5 1	20 1	70 1	22 1	15 1	87 1	53 1	50 1	2 1	68 1	25 1	84 1	17 1	19 1	59 1	37 1	72 1	62 1	45 1	86 1	16 1	64 1	73 1	80 1	33 1	58 1	66 1	76 1	11 1	40 1	42 1	51 1	30 1
38 1	78 1	24 1	18 1	63 1	8 1	7 1	57 1	56 1	46 1	37 1	0 1	11 1	6 1	66 1	64 1	50 1	48 1	86 1	22 1	5 1	41 1	29 1	25 1	68 1	33 1	26 1	36 1	70 1	28 1	35 1	1 1	23 1	72 1	52 1	58 1	27 1	42 1	51 1	74 1	10 1	3 1	84 1	49 1	13 1	43 1	14 1	82 1	65 1	80 1	71 1	79 1	81 1	19 1	31 1	39 1	44 1	59 1	32 1	75 1	88 1	77 1	69 1	4 1	67 1	55 1	76 1	15 1	2 1	17 1	54 1	34 1	47 1	40 1	83 1	73 1	45 1	61 1	16 1	60 1	30 1	53 1	21 1	20 1	85 1	12 1	87 1	62 1	89 1	9 1
40 1	59 1	5 1	85 1	21 1	87 1	30 1	46 1	20 1	39 1	62 1	83 1	71 1	56 1	45 1	41 1	38 1	13 1	48 1	64 1	73 1	72 1	52 1	32 1	18 1	35 1	33 1	66 1	69 1	60 1	51 1	89 1	79 1	3 1	76 1	63 1	31 1	2 1	50 1	27 1	14 1	42 1	86 1	49 1	54 1	70 1	28 1	6 1	4 1	77 1	9 1	23 1	11 1	34 1	7 1	17 1	24 1	61 1	12 1	55 1	26 1	8 1	19 1	10 1	25 1	84 1	53 1	1 1	57 1	0 1	82 1	88 1	47 1	67 1	58 1	16 1	43 1	68 1	80 1	78 1	74 1	22 1	44 1	36 1	15 1	29 1	37 1	65 1	81 1	75 1
57 1	38 1	71 1	46 1	79 1	84 1	18 1	7 1	0 1	56 1	59 1	12 1	30 1	70 1	33 1	61 1	28 1	78 1	65 1	69 1	22 1	66 1	5 1	67 1	2 1	52 1	4 1	23 1	37 1	82 1	86 1	85 1	49 1	17 1	74 1	63 1	89 1	80 1	60 1	14 1	31 1	62 1	13 1	16 1	15 1	35 1	29 1	75 1	19 1	26 1	76 1	48 1	54 1	51 1	9 1	83 1	77 1	8 1	24 1	43 1	41 1	42 1	53 1	32 1	34 1	68 1	21 1	55 1	88 1	44 1	20 1	10 1	81 1	40 1	36 1	6 1	45 1	25 1	72 1	1 1	64 1	3 1	27 1	50 1	73 1	58 1	87 1	39 1	47 1	11 1
22 1	9 1	84 1	41 1	52 1	19 1	63 1	40 1	86 1	2 1	60 1	50 1	75 1	45 1	36 1	18 1	81 1	14 1	87 1	72 1	70 1	89 1	68 1	32 1	15 1	13 1	1 1	33 1	17 1	31 1	11 1	66 1	46 1	44 1	71 1	80 1	47 1	62 1	54 1	49 1	30 1	76 1	58 1	53 1	20 1	51 1	69 1	74 1	4 1	57 1	24 1	25 1	67 1	59 1	29 1	79 1	77 1	26 1	35 1	23 1	43 1	48 1	55 1	61 1	42 1	88 1	37 1	27 1	10 1	73 1	56 1	21 1	6 1	8 1	85 1	83 1	12 1	0 1	16 1	65 1	5 1	3 1	78 1	82 1	7 1	64 1	28 1	38 1	39 1	34 1
27 1	83 1	85 1	36 1	81 1	66 1	55 1	61 1	70 1	50 1	25 1	28 1	78 1	49 1	58 1	9 1	86 1	1 1	23 1	34 1	68 1	51 1	53 1	33 1	35 1	71 1	8 1	40 1	24 1	69 1	65 1	57 1	16 1	56 1	21 1	26 1	11 1	45 1	6 1	54 1	39 1	7 1	37 1	77 1	64 1	63 1	88 1	3 1	32 1	84 1	62 1	89 1	47 1	22 1	48 1	59 1	79 1	87 1	42 1	20 1	43 1	67 1	17 1	52 1	10 1	0 1	5 1	72 1	82 1	14 1	18 1	12 1	38 1	30 1	41 1	76 1	60 1	29 1	46 1	15 1	2 1	13 1	75 1	74 1	4 1	31 1	19 1	73 1	80 1	44 1
81 1	53 1	58 1	15 1	87 1	68 1	31 1	69 1	77 1	67 1	34 1	64 1	12 1	59 1	56 1	3 1	60 1	42 1	79 1	46 1	89 1	80 1	21 1	78 1	11 1	6 1	72 1	76 1	29 1	37 1	85 1	57 1	49 1	61 1	28 1	74 1	54 1	24 1	7 1	39 1	75 1	9 1	23 1	16 1	10 1	4 1	1 1	73 1	32 1	84 1	8 1	88 1	25 1	33 1	5 1	51 1	50 1	30 1	14 1	52 1	40 1	47 1	65 1	71 1	45 1	38 1	55 1	18 1	43 1	44 1	13 1	41 1	82 1	22 1	2 1	66 1	48 1	63 1	17 1	19 1	36 1	86 1	70 1	35 1	20 1	27 1	62 1	83 1	26 1	0 1
30 1	67 1	68 1	32 1	28 1	74 1	24 1	21 1	29 1	52 1	11 1	49 1	15 1	60 1	2 1	86 1	55 1	38 1	80 1	65 1	3 1	7 1	63 1	84 1	37 1	20 1	6 1	75 1	26 1	46 1	42 1	41 1	64 1	18 1	47 1	81 1	72 1	23 1	62 1	76 1	57 1	43 1	50 1	61 1	70 1	56 1	51 1	5 1	82 1	58 1	4 1	12 1	39 1	22 1	17 1	14 1	87 1	25 1	31 1	19 1	8 1	44 1	78 1	89 1	40 1	9 1	59 1	71 1	83 1	10 1	27 1	1 1	45 1	73 1	35 1	13 1	66 1	34 1	77 1	85 1	79 1	54 1	88 1	36 1	0 1	33 1	48 1	16 1	53 1	69 1
