15	100
33 1	87 1	55 1	60 1	2 1	97 1	0 1	62 1	68 1	13 1	14 1	63 1	51 1	67 1	26 1	45 1	16 1	54 1	24 1	36 1	43 1	91 1	18 1	12 1	94 1	92 1	59 1	66 1	29 1	83 1	7 1	80 1	70 1	21 1	64 1	65 1	69 1	28 1	41 1	5 1	4 1	95 1	27 1	86 1	8 1	76 1	37 1	19 1	99 1	52 1	10 1	71 1	96 1	20 1	93 1	17 1	34 1	85 1	84 1	47 1	22 1	46 1	35 1	49 1	79 1	48 1	56 1	15 1	73 1	9 1	78 1	38 1	3 1	81 1	44 1	98 1	72 1	89 1	74 1	75 1	82 1	25 1	57 1	77 1	61 1	11 1	30 1	88 1	31 1	1 1	58 1	42 1	90 1	23 1	39 1	53 1	50 1	6 1	40 1	32 1
52 1	18 1	64 1	85 1	61 1	0 1	98 1	49 1	63 1	96 1	66 1	29 1	42 1	37 1	59 1	95 1	91 1	43 1	15 1	30 1	69 1	20 1	33 1	24 1	41 1	26 1	27 1	94 1	11 1	50 1	31 1	62 1	56 1	9 1	81 1	75 1	45 1	39 1	38 1	2 1	40 1	72 1	92 1	44 1	97 1	65 1	71 1	46 1	90 1	76 1	28 1	12 1	7 1	53 1	89 1	87 1	99 1	70 1	36 1	77 1	73 1	1 1	14 1	93 1	83 1	55 1	21 1	35 1	58 1	25 1	3 1	10 1	67 1	60 1	5 1	86 1	88 1	17 1	74 1	16 1	23 1	6 1	57 1	22 1	68 1	84 1	48 1	47 1	78 1	51 1	32 1	19 1	8 1	79 1	34 1	82 1	13 1	54 1	80 1	4 1
19 1	18 1	52 1	82 1	73 1	16 1	5 1	17 1	51 1	94 1	69 1	83 1	99 1	93 1	25 1	85 1	27 1	37 1	23 1	40 1	33 1	46 1	66 1	44 1	4 1	1 1	89 1	58 1	34 1	28 1	42 1	90 1	88 1	70 1	43 1	61 1	75 1	98 1	47 1	54 1	84 1	3 1	26 1	2 1	7 1	8 1	39 1	71 1	45 1	76 1	53 1	14 1	56 1	30 1	0 1	55 1	29 1	12 1	38 1	60 1	87 1	78 1	63 1	36 1	6 1	72 1	80 1	32 1	64 1	13 1	68 1	86 1	10 1	79 1	9 1	31 1	59 1	49 1	35 1	74 1	15 1	11 1	95 1	97 1	50 1	92 1	81 1	24 1	77 1	48 1	22 1	20 1	96 1	65 1	41 1	62 1	57 1	67 1	21 1	91 1
28 1	11 1	31 1	84 1	75 1	3 1	63 1	74 1	26 1	21 1	94 1	2 1	82 1	40 1	4 1	48 1	42 1	60 1	87 1	18 1	72 1	77 1	50 1	93 1	67 1	90 1	19 1	8 1	89 1	97 1	25 1	37 1	86 1	92 1	5 1	10 1	65 1	47 1	29 1	61 1	7 1	33 1	76 1	69 1	13 1	14 1	44 1	83 1	49 1	57 1	59 1	38 1	54 1	64 1	23 1	78 1	16 1	73 1	95 1	70 1	15 1	98 1	41 1	91 1	88 1	58 1	27 1	43 1	52 1	22 1	0 1	53 1	20 1	6 1	99 1	85 1	62 1	39 1	80 1	17 1	81 1	46 1	1 1	24 1	32 1	36 1	35 1	55 1	96 1	12 1	79 1	45 1	51 1	68 1	30 1	66 1	56 1	9 1	71 1	34 1
40 1	45 1	5 1	76 1	67 1	42 1	33 1	46 1	97 1	47 1	14 1	82 1	4 1	99 1	57 1	91 1	9 1	16 1	30 1	78 1	54 1	24 1	66 1	32 1	52 1	27 1	26 1	65 1	83 1	86 1	70 1	28 1	85 1	20 1	74 1	61 1	39 1	11 1	84 1	48 1	50 1	63 1	21 1	81 1	58 1	10 1	89 1	95 1	0 1	8 1	94 1	2 1	41 1	96 1	12 1	62 1	6 1	77 1	59 1	31 1	15 1	25 1	36 1	68 1	44 1	75 1	79 1	60 1	92 1	13 1	53 1	80 1	17 1	37 1	56 1	29 1	69 1	49 1	98 1	34 1	73 1	55 1	18 1	51 1	93 1	3 1	43 1	38 1	64 1	87 1	35 1	19 1	22 1	1 1	7 1	90 1	88 1	71 1	72 1	23 1
29 1	97 1	44 1	73 1	72 1	50 1	77 1	68 1	27 1	12 1	85 1	89 1	70 1	20 1	55 1	5 1	76 1	16 1	61 1	21 1	69 1	67 1	2 1	88 1	23 1	66 1	64 1	46 1	96 1	57 1	81 1	78 1	13 1	4 1	10 1	33 1	48 1	53 1	7 1	3 1	54 1	22 1	32 1	65 1	0 1	52 1	18 1	80 1	58 1	79 1	26 1	31 1	95 1	84 1	30 1	34 1	74 1	19 1	45 1	28 1	62 1	82 1	8 1	83 1	49 1	87 1	1 1	42 1	75 1	15 1	24 1	17 1	92 1	71 1	6 1	59 1	35 1	63 1	41 1	60 1	37 1	11 1	36 1	91 1	51 1	86 1	38 1	93 1	56 1	14 1	9 1	47 1	94 1	90 1	25 1	99 1	98 1	43 1	40 1	39 1
9 1	16 1	57 1	6 1	61 1	42 1	94 1	38 1	23 1	91 1	90 1	20 1	84 1	59 1	77 1	1 1	62 1	41 1	18 1	68 1	4 1	99 1	50 1	11 1	82 1	15 1	98 1	5 1	60 1	13 1	34 1	54 1	80 1	37 1	69 1	81 1	36 1	17 1	46 1	56 1	83 1	30 1	92 1	7 1	88 1	78 1	53 1	47 1	14 1	3 1	26 1	86 1	32 1	39 1	48 1	25 1	33 1	65 1	51 1	8 1	96 1	71 1	75 1	28 1	19 1	97 1	35 1	31 1	12 1	52 1	43 1	76 1	10 1	45 1	2 1	89 1	58 1	70 1	66 1	85 1	74 1	21 1	63 1	24 1	93 1	22 1	49 1	55 1	72 1	40 1	95 1	87 1	0 1	79 1	73 1	67 1	64 1	29 1	44 1	27 1
33 1	87 1	31 1	93 1	67 1	64 1	26 1	65 1	97 1	2 1	16 1	22 1	13 1	32 1	92 1	98 1	60 1	20 1	79 1	99 1	47 1	63 1	12 1	66 1	83 1	77 1	70 1	11 1	71 1	86 1	56 1	40 1	23 1	55 1	91 1	30 1	49 1	35 1	82 1	75 1	69 1	46 1	50 1	57 1	9 1	28 1	29 1	94 1	36 1	84 1	95 1	68 1	73 1	48 1	1 1	39 1	85 1	8 1	45 1	3 1	96 1	51 1	34 1	80 1	15 1	78 1	41 1	19 1	62 1	76 1	6 1	43 1	18 1	89 1	5 1	24 1	42 1	27 1	44 1	38 1	53 1	17 1	4 1	58 1	59 1	90 1	37 1	25 1	61 1	14 1	72 1	81 1	0 1	52 1	10 1	7 1	88 1	74 1	21 1	54 1
92 1	65 1	28 1	72 1	22 1	70 1	76 1	55 1	77 1	36 1	86 1	34 1	91 1	85 1	41 1	8 1	81 1	71 1	67 1	89 1	16 1	98 1	5 1	45 1	17 1	53 1	30 1	58 1	50 1	38 1	90 1	37 1	35 1	3 1	26 1	88 1	64 1	27 1	94 1	82 1	84 1	15 1	43 1	14 1	19 1	29 1	99 1	9 1	87 1	56 1	32 1	31 1	73 1	49 1	96 1	78 1	74 1	68 1	20 1	57 1	83 1	80 1	48 1	40 1	39 1	6 1	21 1	60 1	1 1	61 1	12 1	2 1	0 1	13 1	25 1	47 1	23 1	44 1	59 1	63 1	75 1	7 1	79 1	4 1	97 1	93 1	24 1	18 1	52 1	62 1	51 1	42 1	95 1	33 1	54 1	66 1	11 1	46 1	10 1	69 1
15 1	78 1	59 1	8 1	69 1	10 1	2 1	48 1	44 1	37 1	25 1	94 1	57 1	93 1	76 1	79 1	36 1	62 1	41 1	9 1	70 1	87 1	84 1	27 1	4 1	83 1	51 1	20 1	18 1	99 1	71 1	56 1	98 1	17 1	68 1	89 1	12 1	33 1	34 1	67 1	45 1	23 1	96 1	47 1	95 1	26 1	81 1	1 1	50 1	32 1	19 1	22 1	82 1	46 1	6 1	24 1	74 1	49 1	65 1	21 1	40 1	55 1	61 1	30 1	29 1	11 1	72 1	35 1	38 1	42 1	90 1	63 1	14 1	77 1	52 1	43 1	28 1	13 1	39 1	88 1	80 1	75 1	97 1	3 1	58 1	7 1	5 1	31 1	54 1	86 1	16 1	91 1	0 1	92 1	66 1	64 1	53 1	85 1	60 1	73 1
59 1	3 1	79 1	93 1	45 1	52 1	47 1	7 1	81 1	49 1	75 1	62 1	39 1	21 1	15 1	94 1	10 1	41 1	71 1	72 1	19 1	68 1	30 1	85 1	23 1	46 1	97 1	92 1	32 1	14 1	38 1	24 1	98 1	61 1	13 1	28 1	77 1	31 1	55 1	40 1	18 1	80 1	50 1	20 1	34 1	87 1	82 1	84 1	43 1	74 1	36 1	44 1	9 1	51 1	83 1	6 1	5 1	57 1	90 1	2 1	16 1	27 1	95 1	64 1	78 1	37 1	29 1	42 1	1 1	73 1	17 1	67 1	4 1	8 1	66 1	69 1	63 1	86 1	60 1	54 1	99 1	33 1	70 1	56 1	89 1	91 1	0 1	12 1	76 1	22 1	88 1	48 1	11 1	35 1	96 1	26 1	58 1	65 1	53 1	25 1
47 1	97 1	16 1	35 1	71 1	51 1	30 1	25 1	68 1	50 1	15 1	77 1	22 1	79 1	18 1	87 1	73 1	72 1	32 1	11 1	49 1	45 1	63 1	85 1	65 1	14 1	13 1	69 1	62 1	64 1	83 1	90 1	66 1	27 1	74 1	33 1	75 1	91 1	43 1	7 1	10 1	80 1	24 1	29 1	34 1	86 1	70 1	31 1	21 1	4 1	67 1	93 1	5 1	19 1	88 1	8 1	2 1	89 1	9 1	52 1	78 1	46 1	0 1	40 1	56 1	53 1	99 1	54 1	23 1	57 1	28 1	94 1	42 1	59 1	20 1	3 1	58 1	37 1	17 1	26 1	98 1	1 1	39 1	82 1	81 1	61 1	12 1	95 1	44 1	96 1	84 1	36 1	60 1	6 1	48 1	76 1	92 1	41 1	38 1	55 1
33 1	12 1	13 1	78 1	28 1	97 1	61 1	6 1	95 1	38 1	77 1	34 1	56 1	67 1	86 1	44 1	39 1	63 1	21 1	75 1	20 1	19 1	81 1	41 1	83 1	89 1	8 1	4 1	36 1	0 1	72 1	59 1	18 1	53 1	1 1	50 1	80 1	96 1	37 1	40 1	15 1	31 1	3 1	48 1	29 1	45 1	57 1	54 1	9 1	88 1	98 1	79 1	11 1	5 1	64 1	62 1	76 1	24 1	17 1	23 1	70 1	32 1	85 1	82 1	93 1	73 1	84 1	51 1	49 1	90 1	35 1	60 1	47 1	27 1	65 1	68 1	2 1	87 1	71 1	16 1	10 1	22 1	99 1	52 1	30 1	26 1	14 1	58 1	91 1	69 1	25 1	66 1	94 1	74 1	7 1	92 1	46 1	43 1	55 1	42 1
67 1	18 1	63 1	57 1	13 1	23 1	47 1	71 1	29 1	7 1	51 1	31 1	46 1	48 1	77 1	36 1	93 1	14 1	90 1	89 1	76 1	82 1	5 1	80 1	70 1	16 1	69 1	41 1	17 1	22 1	91 1	60 1	64 1	56 1	95 1	45 1	28 1	52 1	88 1	33 1	25 1	86 1	96 1	65 1	37 1	44 1	55 1	8 1	85 1	9 1	2 1	21 1	53 1	72 1	6 1	40 1	34 1	32 1	92 1	94 1	68 1	27 1	59 1	98 1	66 1	12 1	20 1	43 1	50 1	74 1	84 1	54 1	61 1	4 1	58 1	15 1	49 1	73 1	30 1	97 1	79 1	35 1	81 1	11 1	38 1	26 1	83 1	39 1	3 1	24 1	19 1	62 1	78 1	10 1	75 1	42 1	87 1	1 1	0 1	99 1
11 1	8 1	18 1	74 1	57 1	60 1	15 1	43 1	12 1	41 1	85 1	22 1	24 1	26 1	90 1	56 1	99 1	48 1	42 1	20 1	62 1	19 1	5 1	65 1	25 1	93 1	50 1	95 1	7 1	21 1	92 1	4 1	89 1	80 1	64 1	32 1	98 1	46 1	14 1	0 1	91 1	33 1	75 1	68 1	28 1	53 1	94 1	35 1	2 1	13 1	82 1	88 1	70 1	3 1	9 1	84 1	10 1	67 1	71 1	66 1	52 1	36 1	6 1	44 1	61 1	34 1	38 1	79 1	78 1	49 1	55 1	37 1	87 1	27 1	83 1	16 1	29 1	58 1	59 1	40 1	45 1	81 1	76 1	31 1	23 1	69 1	17 1	51 1	72 1	1 1	97 1	96 1	63 1	73 1	30 1	47 1	86 1	54 1	39 1	77 1
