20	30
7 1	9 1	2 1	15 1	24 1	0 1	20 1	12 1	8 1	17 1	26 1	5 1	6 1	14 1	18 1	25 1	1 1	16 1	22 1	27 1	10 1	19 1	3 1	21 1	28 1	4 1	29 1	11 1	13 1	23 1
25 1	4 1	9 1	29 1	18 1	20 1	15 1	8 1	17 1	22 1	14 1	21 1	26 1	6 1	13 1	27 1	24 1	19 1	3 1	0 1	16 1	28 1	23 1	7 1	12 1	10 1	11 1	5 1	1 1	2 1
14 1	20 1	16 1	5 1	0 1	2 1	12 1	29 1	19 1	13 1	15 1	26 1	9 1	28 1	3 1	6 1	21 1	8 1	24 1	11 1	27 1	17 1	25 1	22 1	23 1	10 1	1 1	7 1	4 1	18 1
12 1	19 1	15 1	7 1	2 1	21 1	26 1	5 1	0 1	8 1	22 1	1 1	24 1	17 1	10 1	25 1	23 1	11 1	6 1	28 1	14 1	29 1	18 1	27 1	3 1	13 1	20 1	4 1	16 1	9 1
5 1	24 1	6 1	10 1	9 1	12 1	14 1	7 1	23 1	29 1	25 1	19 1	17 1	28 1	20 1	16 1	21 1	1 1	26 1	15 1	18 1	8 1	0 1	13 1	27 1	3 1	11 1	2 1	22 1	4 1
1 1	26 1	2 1	5 1	19 1	7 1	16 1	14 1	20 1	23 1	3 1	29 1	25 1	17 1	24 1	13 1	15 1	28 1	11 1	4 1	6 1	27 1	10 1	21 1	9 1	22 1	8 1	0 1	12 1	18 1
26 1	9 1	2 1	5 1	25 1	3 1	18 1	19 1	17 1	11 1	0 1	1 1	6 1	29 1	24 1	13 1	27 1	14 1	23 1	15 1	16 1	28 1	4 1	12 1	8 1	10 1	7 1	22 1	21 1	20 1
7 1	4 1	27 1	22 1	16 1	29 1	5 1	2 1	3 1	17 1	8 1	25 1	26 1	18 1	21 1	9 1	15 1	23 1	11 1	12 1	28 1	19 1	14 1	0 1	13 1	1 1	20 1	10 1	24 1	6 1
27 1	3 1	13 1	5 1	16 1	21 1	26 1	8 1	24 1	15 1	20 1	2 1	25 1	18 1	17 1	4 1	10 1	7 1	22 1	29 1	12 1	11 1	0 1	23 1	28 1	14 1	1 1	19 1	9 1	6 1
15 1	7 1	3 1	9 1	24 1	2 1	10 1	26 1	4 1	6 1	22 1	23 1	11 1	29 1	13 1	1 1	17 1	20 1	0 1	18 1	14 1	28 1	19 1	16 1	8 1	21 1	12 1	27 1	5 1	25 1
2 1	8 1	27 1	21 1	18 1	16 1	17 1	28 1	4 1	1 1	9 1	11 1	26 1	7 1	0 1	5 1	10 1	13 1	22 1	12 1	14 1	3 1	19 1	20 1	29 1	6 1	23 1	25 1	15 1	24 1
3 1	9 1	15 1	6 1	11 1	25 1	22 1	18 1	8 1	23 1	4 1	13 1	0 1	29 1	5 1	28 1	20 1	21 1	17 1	26 1	10 1	24 1	12 1	7 1	27 1	19 1	2 1	14 1	16 1	1 1
8 1	18 1	0 1	14 1	7 1	25 1	6 1	26 1	29 1	10 1	3 1	27 1	17 1	15 1	13 1	28 1	24 1	23 1	22 1	12 1	4 1	2 1	19 1	11 1	20 1	9 1	16 1	1 1	5 1	21 1
20 1	0 1	14 1	2 1	24 1	18 1	26 1	10 1	23 1	3 1	27 1	13 1	22 1	4 1	28 1	8 1	15 1	7 1	5 1	12 1	29 1	1 1	19 1	11 1	17 1	9 1	25 1	21 1	6 1	16 1
10 1	28 1	27 1	29 1	5 1	12 1	21 1	17 1	24 1	0 1	19 1	22 1	1 1	23 1	15 1	9 1	14 1	11 1	25 1	20 1	18 1	13 1	2 1	16 1	6 1	8 1	26 1	7 1	4 1	3 1
8 1	29 1	28 1	10 1	23 1	24 1	3 1	14 1	19 1	6 1	20 1	2 1	25 1	22 1	11 1	0 1	7 1	1 1	13 1	9 1	15 1	5 1	16 1	21 1	12 1	17 1	26 1	4 1	18 1	27 1
25 1	5 1	13 1	14 1	3 1	9 1	16 1	28 1	6 1	2 1	7 1	29 1	22 1	26 1	19 1	1 1	15 1	12 1	11 1	23 1	21 1	10 1	17 1	20 1	0 1	27 1	4 1	8 1	18 1	24 1
21 1	0 1	14 1	2 1	6 1	25 1	18 1	15 1	10 1	19 1	9 1	16 1	22 1	27 1	29 1	26 1	12 1	11 1	7 1	13 1	1 1	20 1	24 1	5 1	28 1	4 1	3 1	23 1	17 1	8 1
10 1	16 1	27 1	18 1	25 1	14 1	12 1	28 1	1 1	5 1	2 1	22 1	7 1	3 1	13 1	8 1	0 1	29 1	24 1	4 1	26 1	15 1	17 1	6 1	11 1	20 1	9 1	21 1	19 1	23 1
15 1	9 1	18 1	12 1	4 1	8 1	28 1	14 1	7 1	1 1	0 1	3 1	17 1	6 1	26 1	27 1	5 1	11 1	22 1	25 1	10 1	2 1	20 1	16 1	13 1	21 1	23 1	19 1	24 1	29 1
