40	50
0 1	40 1	7 1	4 1	43 1	36 1	8 1	25 1	20 1	21 1	32 1	44 1	3 1	13 1	17 1	12 1	47 1	11 1	42 1	45 1	18 1	49 1	16 1	2 1	5 1	10 1	30 1	41 1	39 1	9 1	22 1	33 1	26 1	38 1	28 1	14 1	23 1	1 1	27 1	6 1	24 1	15 1	35 1	31 1	48 1	37 1	46 1	34 1	19 1	29 1
23 1	19 1	33 1	41 1	7 1	12 1	43 1	5 1	37 1	9 1	29 1	47 1	0 1	18 1	34 1	40 1	17 1	8 1	16 1	27 1	4 1	1 1	36 1	30 1	28 1	11 1	39 1	31 1	38 1	45 1	2 1	35 1	6 1	21 1	14 1	48 1	13 1	44 1	10 1	22 1	24 1	3 1	42 1	32 1	49 1	26 1	46 1	25 1	20 1	15 1
13 1	26 1	48 1	43 1	49 1	46 1	4 1	45 1	8 1	2 1	40 1	25 1	29 1	36 1	42 1	11 1	12 1	27 1	7 1	32 1	15 1	19 1	9 1	35 1	28 1	44 1	24 1	0 1	38 1	22 1	37 1	18 1	5 1	23 1	33 1	16 1	41 1	30 1	20 1	14 1	6 1	10 1	39 1	47 1	3 1	34 1	21 1	1 1	31 1	17 1
36 1	34 1	38 1	27 1	35 1	46 1	21 1	6 1	28 1	41 1	19 1	37 1	48 1	31 1	33 1	12 1	22 1	15 1	49 1	26 1	13 1	23 1	3 1	17 1	40 1	18 1	11 1	5 1	42 1	24 1	2 1	43 1	32 1	1 1	39 1	44 1	4 1	9 1	20 1	30 1	29 1	7 1	8 1	10 1	14 1	25 1	47 1	0 1	45 1	16 1
31 1	40 1	9 1	37 1	19 1	25 1	28 1	13 1	43 1	24 1	17 1	6 1	48 1	10 1	15 1	26 1	1 1	7 1	14 1	21 1	29 1	49 1	32 1	34 1	23 1	2 1	20 1	39 1	5 1	35 1	0 1	47 1	46 1	16 1	3 1	4 1	27 1	38 1	45 1	22 1	36 1	41 1	42 1	30 1	44 1	12 1	33 1	11 1	18 1	8 1
20 1	25 1	38 1	36 1	6 1	21 1	31 1	18 1	1 1	19 1	26 1	33 1	12 1	32 1	17 1	44 1	22 1	47 1	27 1	37 1	39 1	11 1	16 1	43 1	0 1	3 1	10 1	45 1	34 1	24 1	42 1	5 1	7 1	29 1	15 1	48 1	9 1	41 1	40 1	2 1	28 1	4 1	30 1	49 1	8 1	13 1	46 1	14 1	23 1	35 1
24 1	26 1	20 1	29 1	27 1	42 1	15 1	36 1	5 1	19 1	46 1	3 1	48 1	49 1	1 1	9 1	45 1	30 1	22 1	43 1	4 1	31 1	41 1	14 1	21 1	33 1	7 1	8 1	32 1	11 1	10 1	37 1	16 1	0 1	34 1	39 1	12 1	28 1	25 1	35 1	6 1	40 1	44 1	23 1	38 1	13 1	18 1	2 1	17 1	47 1
28 1	24 1	8 1	42 1	30 1	48 1	20 1	33 1	45 1	21 1	31 1	46 1	0 1	26 1	10 1	17 1	3 1	35 1	34 1	36 1	40 1	12 1	1 1	18 1	49 1	44 1	22 1	38 1	16 1	41 1	43 1	19 1	32 1	6 1	7 1	37 1	27 1	23 1	2 1	39 1	25 1	14 1	13 1	15 1	9 1	4 1	5 1	11 1	47 1	29 1
40 1	26 1	20 1	38 1	47 1	16 1	32 1	18 1	45 1	27 1	43 1	5 1	41 1	22 1	49 1	8 1	23 1	4 1	15 1	46 1	25 1	0 1	7 1	35 1	17 1	37 1	24 1	31 1	30 1	39 1	3 1	33 1	6 1	29 1	14 1	13 1	1 1	2 1	34 1	42 1	36 1	9 1	12 1	28 1	48 1	10 1	44 1	21 1	19 1	11 1
26 1	29 1	30 1	22 1	46 1	39 1	11 1	47 1	9 1	23 1	18 1	31 1	43 1	5 1	13 1	35 1	44 1	40 1	8 1	19 1	42 1	0 1	48 1	20 1	37 1	12 1	7 1	38 1	2 1	25 1	45 1	49 1	21 1	14 1	10 1	3 1	36 1	24 1	17 1	28 1	33 1	4 1	6 1	34 1	16 1	1 1	41 1	15 1	27 1	32 1
6 1	0 1	7 1	33 1	41 1	4 1	5 1	13 1	39 1	45 1	31 1	37 1	14 1	47 1	48 1	26 1	20 1	18 1	49 1	36 1	9 1	17 1	12 1	35 1	1 1	29 1	3 1	43 1	21 1	34 1	23 1	38 1	24 1	32 1	11 1	42 1	46 1	30 1	8 1	22 1	25 1	27 1	44 1	40 1	19 1	16 1	2 1	15 1	10 1	28 1
32 1	9 1	18 1	30 1	34 1	25 1	46 1	41 1	16 1	6 1	14 1	31 1	20 1	7 1	11 1	27 1	8 1	5 1	36 1	43 1	47 1	38 1	37 1	49 1	48 1	42 1	3 1	10 1	12 1	28 1	45 1	26 1	40 1	29 1	21 1	13 1	15 1	19 1	33 1	22 1	24 1	39 1	4 1	23 1	2 1	35 1	44 1	17 1	0 1	1 1
43 1	6 1	34 1	8 1	46 1	2 1	49 1	13 1	41 1	0 1	19 1	12 1	26 1	27 1	47 1	20 1	10 1	28 1	9 1	40 1	1 1	25 1	38 1	45 1	32 1	35 1	23 1	42 1	5 1	22 1	39 1	7 1	31 1	4 1	14 1	15 1	16 1	21 1	30 1	24 1	3 1	33 1	18 1	48 1	44 1	17 1	37 1	11 1	36 1	29 1
15 1	2 1	39 1	41 1	47 1	45 1	38 1	20 1	10 1	9 1	1 1	32 1	17 1	33 1	7 1	37 1	19 1	0 1	21 1	5 1	35 1	16 1	11 1	12 1	29 1	42 1	36 1	23 1	8 1	28 1	44 1	18 1	3 1	48 1	46 1	27 1	22 1	26 1	6 1	14 1	31 1	24 1	30 1	4 1	25 1	40 1	43 1	34 1	49 1	13 1
8 1	43 1	38 1	45 1	35 1	12 1	39 1	40 1	29 1	0 1	11 1	37 1	49 1	9 1	5 1	6 1	13 1	24 1	30 1	10 1	44 1	33 1	42 1	14 1	48 1	32 1	1 1	36 1	17 1	18 1	25 1	34 1	4 1	27 1	26 1	15 1	20 1	2 1	3 1	21 1	7 1	28 1	19 1	22 1	46 1	31 1	23 1	47 1	41 1	16 1
26 1	42 1	32 1	2 1	36 1	47 1	31 1	20 1	28 1	16 1	46 1	7 1	22 1	25 1	48 1	33 1	38 1	24 1	12 1	10 1	30 1	19 1	0 1	3 1	41 1	27 1	8 1	1 1	14 1	40 1	43 1	29 1	5 1	21 1	17 1	15 1	39 1	4 1	49 1	9 1	34 1	44 1	6 1	23 1	11 1	35 1	45 1	18 1	37 1	13 1
23 1	8 1	27 1	1 1	43 1	2 1	20 1	30 1	0 1	14 1	45 1	41 1	13 1	47 1	25 1	10 1	42 1	12 1	19 1	29 1	32 1	26 1	46 1	21 1	4 1	9 1	24 1	22 1	31 1	3 1	49 1	34 1	28 1	6 1	35 1	18 1	44 1	37 1	7 1	33 1	39 1	5 1	16 1	38 1	17 1	15 1	36 1	48 1	11 1	40 1
1 1	19 1	30 1	49 1	46 1	23 1	22 1	5 1	13 1	16 1	35 1	32 1	41 1	48 1	11 1	40 1	15 1	37 1	44 1	10 1	31 1	6 1	33 1	0 1	36 1	45 1	9 1	47 1	43 1	39 1	27 1	28 1	18 1	3 1	38 1	2 1	12 1	7 1	29 1	8 1	17 1	14 1	26 1	42 1	25 1	24 1	4 1	20 1	34 1	21 1
13 1	29 1	12 1	21 1	32 1	44 1	3 1	25 1	6 1	40 1	37 1	4 1	26 1	28 1	18 1	34 1	1 1	38 1	11 1	41 1	45 1	5 1	39 1	17 1	42 1	27 1	7 1	49 1	46 1	0 1	23 1	8 1	31 1	24 1	36 1	47 1	2 1	9 1	10 1	30 1	16 1	35 1	48 1	15 1	22 1	14 1	33 1	20 1	19 1	43 1
36 1	2 1	28 1	43 1	32 1	35 1	13 1	30 1	31 1	39 1	34 1	5 1	10 1	12 1	9 1	41 1	11 1	4 1	19 1	0 1	21 1	38 1	44 1	22 1	14 1	23 1	42 1	6 1	45 1	33 1	8 1	27 1	37 1	47 1	20 1	1 1	3 1	24 1	25 1	49 1	48 1	40 1	46 1	26 1	7 1	17 1	18 1	16 1	15 1	29 1
32 1	35 1	10 1	25 1	17 1	3 1	5 1	19 1	39 1	38 1	22 1	49 1	4 1	45 1	20 1	43 1	44 1	23 1	31 1	48 1	28 1	12 1	29 1	9 1	1 1	2 1	6 1	0 1	33 1	34 1	37 1	7 1	40 1	26 1	41 1	16 1	30 1	8 1	42 1	46 1	21 1	13 1	47 1	36 1	24 1	14 1	11 1	18 1	27 1	15 1
11 1	14 1	27 1	25 1	35 1	31 1	24 1	15 1	33 1	16 1	4 1	48 1	9 1	19 1	21 1	47 1	0 1	2 1	49 1	3 1	44 1	13 1	8 1	39 1	23 1	36 1	7 1	26 1	18 1	42 1	17 1	1 1	46 1	12 1	20 1	40 1	5 1	34 1	41 1	45 1	22 1	29 1	32 1	28 1	10 1	37 1	38 1	43 1	30 1	6 1
23 1	15 1	43 1	18 1	20 1	2 1	39 1	36 1	4 1	25 1	9 1	3 1	49 1	26 1	45 1	19 1	48 1	31 1	30 1	38 1	27 1	14 1	33 1	11 1	35 1	37 1	1 1	22 1	44 1	29 1	41 1	42 1	47 1	28 1	6 1	0 1	13 1	24 1	16 1	10 1	8 1	46 1	32 1	34 1	17 1	7 1	40 1	21 1	12 1	5 1
48 1	2 1	0 1	23 1	42 1	33 1	5 1	8 1	27 1	25 1	17 1	14 1	11 1	12 1	38 1	49 1	29 1	28 1	22 1	20 1	35 1	30 1	44 1	39 1	46 1	37 1	47 1	40 1	41 1	10 1	43 1	3 1	1 1	31 1	7 1	13 1	4 1	34 1	9 1	21 1	15 1	24 1	32 1	18 1	26 1	16 1	6 1	36 1	19 1	45 1
38 1	11 1	42 1	21 1	9 1	30 1	25 1	12 1	37 1	5 1	31 1	0 1	20 1	48 1	3 1	26 1	1 1	6 1	18 1	13 1	34 1	44 1	23 1	40 1	29 1	39 1	16 1	49 1	47 1	46 1	45 1	36 1	43 1	22 1	17 1	10 1	19 1	32 1	41 1	35 1	7 1	28 1	2 1	24 1	14 1	4 1	27 1	33 1	8 1	15 1
48 1	27 1	46 1	47 1	29 1	8 1	20 1	33 1	34 1	49 1	11 1	38 1	17 1	12 1	39 1	30 1	19 1	14 1	26 1	1 1	23 1	15 1	24 1	28 1	45 1	35 1	0 1	42 1	31 1	36 1	13 1	2 1	41 1	37 1	9 1	25 1	5 1	40 1	43 1	4 1	22 1	10 1	18 1	16 1	44 1	21 1	32 1	3 1	7 1	6 1
17 1	21 1	34 1	38 1	7 1	25 1	46 1	43 1	24 1	36 1	33 1	10 1	13 1	11 1	41 1	47 1	3 1	39 1	40 1	0 1	1 1	9 1	29 1	32 1	37 1	4 1	28 1	42 1	5 1	48 1	27 1	44 1	14 1	30 1	49 1	20 1	8 1	16 1	22 1	6 1	45 1	15 1	31 1	2 1	19 1	18 1	35 1	26 1	23 1	12 1
1 1	23 1	45 1	12 1	35 1	41 1	2 1	7 1	17 1	39 1	18 1	31 1	24 1	8 1	5 1	19 1	28 1	26 1	11 1	6 1	37 1	3 1	14 1	30 1	27 1	20 1	21 1	43 1	42 1	38 1	16 1	32 1	22 1	47 1	4 1	44 1	10 1	15 1	46 1	9 1	40 1	29 1	0 1	33 1	13 1	25 1	36 1	48 1	34 1	49 1
2 1	14 1	23 1	4 1	9 1	0 1	10 1	13 1	11 1	19 1	6 1	28 1	45 1	38 1	35 1	31 1	5 1	36 1	40 1	30 1	46 1	8 1	1 1	15 1	42 1	32 1	21 1	48 1	26 1	49 1	29 1	25 1	24 1	47 1	20 1	41 1	12 1	43 1	44 1	39 1	37 1	33 1	7 1	16 1	17 1	18 1	27 1	3 1	34 1	22 1
39 1	22 1	48 1	18 1	4 1	13 1	17 1	7 1	16 1	0 1	28 1	44 1	20 1	37 1	9 1	15 1	21 1	3 1	36 1	41 1	11 1	29 1	24 1	8 1	46 1	47 1	34 1	33 1	6 1	5 1	14 1	1 1	32 1	31 1	26 1	25 1	45 1	23 1	38 1	30 1	27 1	12 1	42 1	2 1	19 1	10 1	35 1	43 1	40 1	49 1
24 1	10 1	48 1	9 1	41 1	4 1	6 1	46 1	3 1	43 1	7 1	19 1	22 1	34 1	36 1	30 1	20 1	47 1	26 1	33 1	0 1	23 1	16 1	2 1	21 1	15 1	45 1	38 1	11 1	18 1	28 1	39 1	40 1	49 1	17 1	5 1	25 1	32 1	13 1	12 1	35 1	44 1	31 1	8 1	27 1	42 1	37 1	29 1	1 1	14 1
36 1	39 1	15 1	44 1	21 1	40 1	46 1	2 1	29 1	1 1	31 1	37 1	11 1	20 1	45 1	23 1	41 1	3 1	0 1	47 1	25 1	13 1	43 1	28 1	33 1	42 1	26 1	30 1	9 1	17 1	48 1	6 1	35 1	4 1	14 1	24 1	49 1	8 1	22 1	12 1	5 1	19 1	10 1	32 1	38 1	18 1	34 1	16 1	27 1	7 1
34 1	9 1	35 1	39 1	27 1	12 1	47 1	42 1	38 1	44 1	2 1	16 1	3 1	33 1	46 1	41 1	0 1	5 1	30 1	20 1	43 1	15 1	45 1	13 1	48 1	23 1	29 1	32 1	22 1	6 1	17 1	19 1	26 1	21 1	8 1	10 1	25 1	28 1	7 1	11 1	37 1	14 1	36 1	31 1	24 1	1 1	49 1	40 1	18 1	4 1
12 1	39 1	29 1	49 1	33 1	35 1	8 1	20 1	32 1	28 1	25 1	44 1	21 1	16 1	26 1	22 1	6 1	14 1	31 1	30 1	18 1	13 1	19 1	2 1	23 1	24 1	11 1	4 1	9 1	37 1	7 1	10 1	42 1	48 1	46 1	34 1	38 1	1 1	41 1	45 1	15 1	5 1	17 1	0 1	36 1	43 1	47 1	3 1	27 1	40 1
48 1	33 1	15 1	38 1	11 1	14 1	34 1	36 1	26 1	3 1	47 1	1 1	40 1	20 1	37 1	13 1	23 1	32 1	29 1	31 1	17 1	41 1	2 1	4 1	46 1	10 1	27 1	25 1	7 1	19 1	28 1	39 1	44 1	16 1	5 1	8 1	42 1	43 1	22 1	49 1	35 1	9 1	18 1	21 1	30 1	6 1	12 1	24 1	0 1	45 1
8 1	37 1	35 1	40 1	13 1	31 1	27 1	45 1	26 1	29 1	42 1	28 1	22 1	49 1	0 1	1 1	12 1	6 1	41 1	34 1	46 1	16 1	23 1	4 1	20 1	14 1	47 1	17 1	2 1	43 1	15 1	24 1	32 1	3 1	39 1	5 1	25 1	33 1	9 1	48 1	7 1	30 1	36 1	38 1	18 1	19 1	44 1	10 1	11 1	21 1
42 1	32 1	21 1	30 1	29 1	40 1	28 1	5 1	8 1	23 1	31 1	7 1	39 1	16 1	4 1	0 1	48 1	37 1	22 1	33 1	1 1	27 1	47 1	46 1	14 1	41 1	25 1	35 1	38 1	45 1	17 1	3 1	12 1	36 1	11 1	6 1	2 1	24 1	44 1	13 1	34 1	26 1	9 1	15 1	19 1	10 1	49 1	20 1	18 1	43 1
32 1	36 1	41 1	5 1	27 1	0 1	1 1	33 1	25 1	7 1	4 1	14 1	16 1	10 1	48 1	46 1	40 1	23 1	12 1	42 1	9 1	26 1	29 1	19 1	45 1	39 1	43 1	47 1	2 1	17 1	44 1	3 1	21 1	34 1	38 1	49 1	18 1	37 1	11 1	20 1	30 1	13 1	22 1	35 1	24 1	8 1	28 1	6 1	15 1	31 1
7 1	16 1	36 1	0 1	34 1	45 1	12 1	26 1	39 1	14 1	30 1	43 1	41 1	15 1	31 1	5 1	11 1	28 1	46 1	25 1	17 1	19 1	9 1	40 1	6 1	32 1	44 1	8 1	22 1	47 1	29 1	38 1	10 1	23 1	24 1	13 1	48 1	18 1	4 1	20 1	21 1	42 1	1 1	3 1	35 1	27 1	49 1	33 1	2 1	37 1
41 1	19 1	12 1	2 1	14 1	31 1	47 1	6 1	42 1	0 1	45 1	26 1	3 1	36 1	37 1	25 1	7 1	46 1	40 1	13 1	22 1	28 1	38 1	24 1	29 1	17 1	33 1	16 1	1 1	15 1	34 1	9 1	8 1	23 1	5 1	10 1	18 1	11 1	4 1	39 1	48 1	49 1	43 1	27 1	21 1	30 1	20 1	44 1	32 1	35 1
