70	50
30 1	9 1	14 1	24 1	11 1	21 1	10 1	3 1	29 1	5 1	45 1	19 1	8 1	0 1	16 1	38 1	4 1	13 1	28 1	35 1	12 1	20 1	33 1	43 1	41 1	2 1	1 1	48 1	34 1	27 1	36 1	37 1	25 1	23 1	46 1	7 1	31 1	44 1	18 1	39 1	32 1	22 1	15 1	42 1	17 1	49 1	40 1	47 1	6 1	26 1
33 1	46 1	21 1	31 1	5 1	6 1	10 1	14 1	8 1	7 1	20 1	17 1	34 1	27 1	29 1	24 1	48 1	43 1	3 1	25 1	37 1	18 1	22 1	40 1	13 1	38 1	23 1	28 1	16 1	36 1	4 1	12 1	42 1	39 1	11 1	44 1	41 1	19 1	35 1	2 1	30 1	9 1	1 1	47 1	15 1	0 1	49 1	32 1	26 1	45 1
17 1	38 1	2 1	25 1	32 1	49 1	44 1	1 1	45 1	47 1	29 1	6 1	42 1	18 1	11 1	10 1	27 1	48 1	14 1	43 1	20 1	19 1	31 1	13 1	33 1	8 1	28 1	3 1	4 1	0 1	24 1	7 1	36 1	21 1	26 1	12 1	5 1	39 1	40 1	15 1	46 1	37 1	35 1	30 1	9 1	16 1	22 1	23 1	34 1	41 1
18 1	47 1	30 1	1 1	6 1	48 1	26 1	38 1	29 1	4 1	45 1	41 1	16 1	28 1	36 1	12 1	14 1	37 1	32 1	40 1	23 1	11 1	33 1	24 1	13 1	44 1	9 1	5 1	39 1	21 1	0 1	34 1	8 1	27 1	35 1	19 1	25 1	20 1	3 1	15 1	31 1	2 1	49 1	42 1	46 1	43 1	10 1	22 1	7 1	17 1
49 1	14 1	36 1	45 1	1 1	10 1	46 1	18 1	25 1	47 1	12 1	13 1	42 1	23 1	24 1	27 1	26 1	0 1	16 1	15 1	8 1	29 1	6 1	17 1	4 1	38 1	39 1	44 1	19 1	9 1	37 1	30 1	5 1	35 1	28 1	7 1	22 1	32 1	2 1	31 1	20 1	11 1	3 1	34 1	33 1	41 1	48 1	40 1	43 1	21 1
9 1	44 1	45 1	38 1	29 1	8 1	14 1	37 1	34 1	12 1	48 1	3 1	36 1	40 1	27 1	33 1	42 1	21 1	26 1	31 1	23 1	16 1	11 1	47 1	39 1	7 1	43 1	13 1	49 1	41 1	0 1	15 1	19 1	20 1	28 1	32 1	24 1	10 1	25 1	1 1	2 1	17 1	4 1	46 1	22 1	18 1	5 1	6 1	35 1	30 1
26 1	21 1	43 1	5 1	32 1	46 1	11 1	39 1	17 1	0 1	13 1	4 1	44 1	25 1	24 1	45 1	1 1	41 1	8 1	40 1	3 1	47 1	16 1	42 1	27 1	29 1	18 1	23 1	10 1	48 1	33 1	15 1	2 1	34 1	37 1	38 1	19 1	14 1	30 1	7 1	31 1	12 1	36 1	20 1	49 1	28 1	22 1	9 1	35 1	6 1
11 1	27 1	16 1	6 1	10 1	23 1	18 1	36 1	48 1	35 1	19 1	20 1	28 1	46 1	3 1	5 1	32 1	7 1	12 1	2 1	13 1	45 1	22 1	25 1	21 1	47 1	1 1	15 1	39 1	43 1	33 1	37 1	30 1	4 1	26 1	40 1	24 1	14 1	31 1	34 1	9 1	49 1	38 1	42 1	29 1	41 1	0 1	8 1	17 1	44 1
47 1	17 1	4 1	18 1	28 1	37 1	5 1	36 1	31 1	48 1	39 1	25 1	7 1	41 1	0 1	38 1	8 1	15 1	49 1	34 1	26 1	10 1	45 1	11 1	22 1	40 1	24 1	27 1	12 1	42 1	16 1	30 1	21 1	33 1	23 1	44 1	35 1	1 1	46 1	2 1	19 1	32 1	29 1	3 1	14 1	9 1	13 1	20 1	6 1	43 1
12 1	29 1	15 1	8 1	47 1	18 1	11 1	0 1	30 1	4 1	17 1	23 1	40 1	14 1	36 1	46 1	22 1	39 1	25 1	45 1	16 1	28 1	27 1	5 1	44 1	31 1	1 1	7 1	20 1	33 1	48 1	42 1	24 1	38 1	6 1	13 1	21 1	3 1	34 1	43 1	9 1	26 1	10 1	37 1	49 1	35 1	32 1	19 1	41 1	2 1
31 1	36 1	32 1	2 1	11 1	37 1	40 1	38 1	21 1	26 1	19 1	9 1	18 1	4 1	8 1	48 1	22 1	20 1	15 1	10 1	30 1	12 1	35 1	42 1	23 1	41 1	17 1	7 1	46 1	5 1	1 1	24 1	28 1	34 1	45 1	29 1	25 1	39 1	47 1	3 1	33 1	44 1	6 1	43 1	0 1	13 1	14 1	27 1	49 1	16 1
26 1	31 1	43 1	14 1	36 1	23 1	3 1	15 1	1 1	46 1	0 1	4 1	16 1	28 1	9 1	24 1	25 1	47 1	37 1	27 1	7 1	48 1	34 1	5 1	45 1	22 1	38 1	8 1	44 1	33 1	39 1	32 1	41 1	6 1	35 1	29 1	10 1	2 1	42 1	13 1	17 1	49 1	18 1	12 1	20 1	40 1	30 1	21 1	19 1	11 1
15 1	7 1	17 1	16 1	19 1	4 1	35 1	3 1	27 1	47 1	26 1	0 1	31 1	1 1	23 1	39 1	2 1	41 1	30 1	48 1	46 1	18 1	40 1	32 1	28 1	43 1	36 1	12 1	8 1	29 1	11 1	14 1	34 1	24 1	9 1	38 1	22 1	33 1	25 1	13 1	49 1	20 1	37 1	10 1	21 1	44 1	5 1	6 1	45 1	42 1
12 1	41 1	48 1	2 1	34 1	29 1	1 1	9 1	11 1	46 1	19 1	3 1	6 1	27 1	43 1	40 1	44 1	42 1	47 1	22 1	49 1	5 1	16 1	4 1	30 1	25 1	45 1	36 1	17 1	32 1	23 1	26 1	8 1	38 1	20 1	28 1	13 1	37 1	7 1	31 1	24 1	0 1	35 1	15 1	39 1	21 1	10 1	33 1	18 1	14 1
13 1	16 1	17 1	29 1	21 1	32 1	20 1	30 1	11 1	25 1	31 1	8 1	10 1	19 1	48 1	41 1	24 1	46 1	23 1	5 1	14 1	22 1	15 1	33 1	18 1	7 1	4 1	37 1	42 1	0 1	27 1	1 1	26 1	49 1	35 1	9 1	34 1	40 1	28 1	45 1	3 1	6 1	44 1	2 1	36 1	47 1	39 1	43 1	38 1	12 1
6 1	49 1	19 1	27 1	33 1	8 1	20 1	1 1	22 1	43 1	40 1	4 1	26 1	14 1	7 1	5 1	36 1	39 1	18 1	12 1	47 1	45 1	25 1	3 1	30 1	16 1	0 1	10 1	44 1	17 1	31 1	46 1	35 1	23 1	48 1	13 1	32 1	38 1	2 1	9 1	41 1	15 1	21 1	34 1	42 1	29 1	37 1	11 1	24 1	28 1
31 1	44 1	11 1	4 1	38 1	5 1	15 1	26 1	27 1	19 1	49 1	25 1	45 1	12 1	20 1	40 1	23 1	22 1	47 1	41 1	13 1	34 1	6 1	14 1	37 1	39 1	1 1	33 1	9 1	8 1	16 1	2 1	24 1	0 1	21 1	48 1	32 1	30 1	42 1	7 1	35 1	17 1	43 1	36 1	29 1	46 1	3 1	18 1	28 1	10 1
12 1	18 1	35 1	3 1	9 1	42 1	47 1	13 1	34 1	44 1	10 1	46 1	14 1	39 1	37 1	4 1	25 1	20 1	32 1	30 1	45 1	8 1	24 1	40 1	21 1	33 1	2 1	11 1	23 1	15 1	27 1	36 1	7 1	43 1	22 1	6 1	0 1	48 1	1 1	49 1	17 1	41 1	5 1	19 1	26 1	38 1	16 1	29 1	31 1	28 1
44 1	22 1	27 1	37 1	2 1	21 1	31 1	38 1	47 1	39 1	14 1	32 1	23 1	1 1	26 1	12 1	13 1	8 1	25 1	4 1	46 1	41 1	48 1	36 1	18 1	11 1	5 1	40 1	9 1	45 1	16 1	0 1	30 1	29 1	19 1	24 1	28 1	42 1	34 1	17 1	35 1	3 1	33 1	43 1	20 1	49 1	10 1	6 1	15 1	7 1
25 1	5 1	18 1	38 1	32 1	15 1	12 1	11 1	23 1	44 1	1 1	10 1	47 1	34 1	3 1	43 1	42 1	48 1	7 1	17 1	33 1	4 1	26 1	49 1	37 1	29 1	27 1	20 1	2 1	21 1	41 1	9 1	6 1	46 1	22 1	35 1	45 1	13 1	16 1	39 1	0 1	28 1	31 1	14 1	36 1	40 1	8 1	19 1	30 1	24 1
42 1	1 1	17 1	5 1	22 1	29 1	13 1	8 1	34 1	41 1	49 1	19 1	3 1	28 1	0 1	35 1	20 1	43 1	7 1	30 1	23 1	2 1	16 1	11 1	12 1	44 1	4 1	45 1	24 1	37 1	32 1	36 1	33 1	6 1	48 1	25 1	47 1	39 1	14 1	10 1	38 1	21 1	27 1	31 1	26 1	15 1	18 1	46 1	40 1	9 1
30 1	13 1	14 1	22 1	37 1	48 1	49 1	40 1	38 1	28 1	26 1	20 1	23 1	19 1	9 1	6 1	15 1	42 1	25 1	2 1	36 1	27 1	44 1	24 1	1 1	0 1	7 1	12 1	41 1	46 1	43 1	3 1	33 1	29 1	39 1	34 1	4 1	35 1	5 1	45 1	32 1	17 1	16 1	11 1	18 1	21 1	8 1	47 1	10 1	31 1
6 1	27 1	4 1	35 1	19 1	10 1	29 1	21 1	0 1	17 1	11 1	30 1	5 1	49 1	38 1	28 1	44 1	18 1	26 1	14 1	13 1	7 1	34 1	41 1	47 1	32 1	37 1	23 1	45 1	15 1	46 1	31 1	40 1	2 1	12 1	16 1	1 1	43 1	48 1	3 1	20 1	42 1	36 1	9 1	25 1	24 1	39 1	8 1	33 1	22 1
8 1	38 1	49 1	20 1	1 1	45 1	0 1	2 1	29 1	30 1	32 1	15 1	17 1	18 1	42 1	46 1	24 1	36 1	48 1	28 1	13 1	3 1	44 1	41 1	23 1	22 1	27 1	35 1	39 1	33 1	4 1	43 1	21 1	11 1	5 1	31 1	9 1	37 1	10 1	16 1	25 1	12 1	47 1	7 1	6 1	40 1	14 1	26 1	34 1	19 1
38 1	30 1	11 1	24 1	5 1	22 1	14 1	37 1	23 1	32 1	44 1	7 1	43 1	15 1	31 1	42 1	16 1	21 1	25 1	36 1	34 1	33 1	40 1	46 1	17 1	35 1	0 1	28 1	1 1	27 1	18 1	8 1	26 1	48 1	6 1	4 1	2 1	49 1	13 1	29 1	3 1	9 1	12 1	47 1	39 1	20 1	19 1	45 1	10 1	41 1
25 1	4 1	1 1	9 1	0 1	17 1	28 1	30 1	19 1	11 1	8 1	43 1	13 1	31 1	46 1	12 1	15 1	6 1	18 1	5 1	16 1	33 1	44 1	27 1	22 1	40 1	42 1	10 1	41 1	35 1	32 1	36 1	34 1	29 1	24 1	38 1	47 1	45 1	3 1	23 1	14 1	26 1	48 1	39 1	21 1	49 1	7 1	2 1	20 1	37 1
25 1	10 1	49 1	5 1	28 1	14 1	15 1	32 1	46 1	30 1	43 1	0 1	21 1	20 1	4 1	12 1	8 1	2 1	19 1	42 1	11 1	34 1	13 1	7 1	40 1	24 1	27 1	33 1	44 1	41 1	36 1	26 1	35 1	29 1	22 1	9 1	17 1	1 1	18 1	23 1	37 1	16 1	45 1	31 1	39 1	38 1	47 1	6 1	48 1	3 1
7 1	49 1	11 1	29 1	4 1	16 1	19 1	48 1	32 1	31 1	44 1	15 1	39 1	36 1	37 1	13 1	26 1	38 1	23 1	8 1	2 1	1 1	10 1	41 1	28 1	22 1	5 1	47 1	3 1	46 1	18 1	43 1	0 1	42 1	27 1	6 1	35 1	45 1	25 1	12 1	20 1	34 1	14 1	17 1	40 1	33 1	9 1	21 1	30 1	24 1
8 1	42 1	32 1	20 1	4 1	41 1	0 1	33 1	46 1	25 1	14 1	37 1	17 1	34 1	40 1	7 1	35 1	26 1	21 1	2 1	6 1	3 1	10 1	22 1	1 1	11 1	47 1	15 1	43 1	28 1	38 1	9 1	48 1	23 1	13 1	39 1	27 1	12 1	5 1	24 1	44 1	19 1	18 1	31 1	45 1	36 1	16 1	29 1	30 1	49 1
39 1	16 1	18 1	23 1	45 1	27 1	42 1	41 1	29 1	11 1	34 1	4 1	13 1	21 1	48 1	33 1	1 1	9 1	38 1	24 1	6 1	17 1	25 1	15 1	26 1	44 1	35 1	8 1	43 1	49 1	37 1	19 1	32 1	0 1	3 1	40 1	12 1	2 1	46 1	20 1	28 1	7 1	22 1	14 1	5 1	30 1	10 1	36 1	47 1	31 1
48 1	5 1	16 1	33 1	18 1	7 1	30 1	46 1	45 1	35 1	32 1	42 1	19 1	10 1	14 1	24 1	31 1	6 1	29 1	2 1	3 1	27 1	47 1	1 1	38 1	26 1	40 1	9 1	13 1	25 1	12 1	34 1	23 1	37 1	41 1	8 1	11 1	0 1	20 1	39 1	17 1	15 1	4 1	36 1	44 1	49 1	21 1	43 1	22 1	28 1
12 1	25 1	36 1	0 1	10 1	15 1	8 1	2 1	49 1	14 1	6 1	37 1	3 1	41 1	26 1	21 1	9 1	1 1	33 1	20 1	40 1	23 1	31 1	45 1	7 1	16 1	4 1	29 1	27 1	17 1	43 1	39 1	42 1	13 1	5 1	30 1	46 1	19 1	28 1	34 1	11 1	44 1	32 1	47 1	38 1	24 1	18 1	35 1	22 1	48 1
13 1	31 1	18 1	3 1	38 1	10 1	41 1	43 1	48 1	15 1	20 1	9 1	44 1	19 1	23 1	46 1	4 1	39 1	45 1	33 1	2 1	14 1	0 1	22 1	30 1	28 1	12 1	49 1	6 1	16 1	5 1	35 1	34 1	11 1	1 1	36 1	32 1	42 1	37 1	26 1	29 1	21 1	17 1	7 1	47 1	24 1	8 1	25 1	40 1	27 1
29 1	41 1	26 1	1 1	13 1	15 1	40 1	10 1	7 1	35 1	33 1	38 1	43 1	5 1	27 1	39 1	47 1	37 1	16 1	24 1	42 1	21 1	31 1	3 1	45 1	22 1	18 1	11 1	20 1	17 1	36 1	0 1	48 1	6 1	23 1	49 1	4 1	12 1	30 1	44 1	9 1	14 1	25 1	46 1	28 1	34 1	32 1	2 1	19 1	8 1
5 1	37 1	25 1	46 1	14 1	34 1	32 1	15 1	48 1	9 1	16 1	29 1	0 1	36 1	10 1	33 1	38 1	40 1	26 1	31 1	23 1	18 1	17 1	11 1	4 1	20 1	39 1	27 1	12 1	2 1	42 1	43 1	41 1	7 1	22 1	19 1	30 1	49 1	44 1	8 1	35 1	13 1	1 1	6 1	28 1	24 1	3 1	47 1	45 1	21 1
11 1	44 1	14 1	5 1	28 1	27 1	34 1	20 1	37 1	49 1	15 1	38 1	41 1	35 1	48 1	43 1	26 1	22 1	18 1	13 1	21 1	46 1	8 1	42 1	23 1	1 1	19 1	47 1	9 1	40 1	3 1	7 1	32 1	16 1	31 1	2 1	29 1	45 1	4 1	6 1	12 1	30 1	0 1	36 1	10 1	17 1	25 1	33 1	24 1	39 1
29 1	26 1	9 1	32 1	48 1	16 1	24 1	22 1	37 1	43 1	31 1	30 1	1 1	6 1	41 1	47 1	49 1	35 1	36 1	19 1	12 1	28 1	33 1	25 1	4 1	3 1	38 1	42 1	15 1	44 1	10 1	0 1	5 1	34 1	46 1	11 1	18 1	45 1	40 1	39 1	27 1	13 1	23 1	17 1	7 1	2 1	21 1	20 1	14 1	8 1
17 1	23 1	12 1	42 1	40 1	28 1	46 1	39 1	25 1	47 1	26 1	32 1	5 1	1 1	30 1	34 1	10 1	11 1	2 1	7 1	8 1	49 1	38 1	19 1	15 1	6 1	18 1	33 1	16 1	9 1	45 1	3 1	41 1	21 1	36 1	0 1	13 1	4 1	43 1	31 1	27 1	20 1	48 1	22 1	35 1	29 1	14 1	44 1	37 1	24 1
48 1	42 1	15 1	26 1	32 1	33 1	9 1	39 1	27 1	29 1	44 1	18 1	5 1	1 1	11 1	0 1	10 1	23 1	43 1	3 1	49 1	6 1	34 1	17 1	38 1	47 1	19 1	28 1	25 1	46 1	2 1	45 1	31 1	21 1	20 1	7 1	36 1	14 1	16 1	35 1	37 1	13 1	30 1	4 1	41 1	22 1	40 1	24 1	8 1	12 1
6 1	39 1	45 1	15 1	9 1	19 1	16 1	24 1	25 1	22 1	0 1	4 1	14 1	37 1	1 1	31 1	46 1	3 1	41 1	20 1	18 1	36 1	40 1	38 1	47 1	48 1	44 1	30 1	43 1	35 1	27 1	17 1	11 1	32 1	7 1	34 1	49 1	2 1	28 1	23 1	42 1	21 1	13 1	29 1	12 1	5 1	8 1	10 1	33 1	26 1
10 1	34 1	41 1	43 1	0 1	14 1	19 1	2 1	31 1	3 1	13 1	30 1	36 1	40 1	33 1	16 1	49 1	15 1	42 1	1 1	28 1	17 1	26 1	38 1	37 1	48 1	4 1	23 1	12 1	35 1	47 1	44 1	6 1	29 1	21 1	45 1	9 1	5 1	22 1	27 1	11 1	7 1	8 1	18 1	39 1	20 1	32 1	46 1	25 1	24 1
3 1	11 1	30 1	34 1	27 1	33 1	39 1	42 1	45 1	2 1	31 1	1 1	25 1	40 1	37 1	15 1	16 1	24 1	36 1	9 1	14 1	5 1	28 1	19 1	17 1	35 1	46 1	38 1	0 1	22 1	4 1	48 1	47 1	13 1	41 1	12 1	10 1	20 1	18 1	49 1	23 1	21 1	26 1	8 1	6 1	43 1	29 1	7 1	32 1	44 1
44 1	27 1	10 1	32 1	42 1	37 1	29 1	24 1	35 1	34 1	1 1	33 1	45 1	5 1	12 1	3 1	8 1	14 1	13 1	7 1	6 1	31 1	28 1	46 1	18 1	30 1	23 1	21 1	0 1	26 1	16 1	17 1	4 1	2 1	39 1	11 1	9 1	36 1	38 1	19 1	43 1	49 1	15 1	25 1	47 1	40 1	41 1	20 1	22 1	48 1
7 1	16 1	24 1	18 1	1 1	41 1	28 1	0 1	31 1	49 1	6 1	32 1	30 1	36 1	37 1	48 1	47 1	11 1	9 1	26 1	14 1	2 1	23 1	17 1	45 1	22 1	39 1	40 1	21 1	44 1	46 1	13 1	33 1	35 1	20 1	8 1	38 1	10 1	3 1	29 1	27 1	34 1	4 1	43 1	42 1	19 1	25 1	15 1	5 1	12 1
40 1	6 1	45 1	46 1	10 1	34 1	25 1	22 1	12 1	33 1	26 1	16 1	18 1	42 1	7 1	29 1	38 1	0 1	11 1	32 1	3 1	1 1	23 1	4 1	43 1	14 1	47 1	2 1	5 1	44 1	17 1	9 1	19 1	20 1	30 1	24 1	21 1	35 1	41 1	48 1	36 1	39 1	13 1	28 1	15 1	37 1	8 1	31 1	27 1	49 1
43 1	32 1	6 1	24 1	22 1	49 1	47 1	45 1	20 1	48 1	23 1	31 1	12 1	27 1	37 1	44 1	17 1	9 1	38 1	41 1	15 1	2 1	13 1	42 1	36 1	4 1	19 1	26 1	8 1	7 1	18 1	14 1	30 1	33 1	39 1	21 1	1 1	35 1	0 1	5 1	3 1	11 1	16 1	34 1	10 1	46 1	28 1	40 1	29 1	25 1
17 1	37 1	6 1	4 1	12 1	8 1	10 1	27 1	36 1	19 1	15 1	0 1	21 1	25 1	49 1	11 1	38 1	20 1	35 1	18 1	41 1	24 1	45 1	14 1	43 1	28 1	16 1	46 1	3 1	7 1	47 1	1 1	22 1	40 1	42 1	33 1	30 1	34 1	29 1	2 1	32 1	26 1	23 1	5 1	9 1	39 1	48 1	13 1	44 1	31 1
11 1	3 1	2 1	44 1	30 1	21 1	23 1	22 1	38 1	28 1	26 1	33 1	10 1	27 1	19 1	46 1	20 1	14 1	45 1	6 1	4 1	35 1	24 1	18 1	5 1	13 1	32 1	34 1	12 1	49 1	17 1	42 1	7 1	9 1	1 1	41 1	15 1	16 1	31 1	8 1	48 1	39 1	0 1	47 1	40 1	37 1	25 1	43 1	36 1	29 1
15 1	17 1	42 1	25 1	2 1	7 1	24 1	4 1	21 1	14 1	23 1	34 1	43 1	13 1	9 1	35 1	26 1	16 1	20 1	44 1	5 1	46 1	18 1	1 1	30 1	12 1	37 1	40 1	19 1	39 1	31 1	49 1	38 1	29 1	6 1	45 1	32 1	41 1	33 1	10 1	28 1	22 1	48 1	36 1	47 1	0 1	11 1	3 1	27 1	8 1
48 1	44 1	24 1	1 1	4 1	9 1	30 1	37 1	6 1	7 1	21 1	25 1	40 1	45 1	14 1	47 1	20 1	3 1	16 1	28 1	27 1	38 1	23 1	41 1	8 1	5 1	18 1	22 1	19 1	42 1	32 1	34 1	31 1	49 1	12 1	10 1	15 1	17 1	36 1	29 1	35 1	13 1	26 1	33 1	46 1	2 1	43 1	0 1	39 1	11 1
22 1	42 1	45 1	49 1	19 1	21 1	16 1	23 1	18 1	34 1	43 1	41 1	0 1	10 1	33 1	26 1	24 1	2 1	7 1	38 1	32 1	27 1	35 1	48 1	15 1	4 1	13 1	8 1	31 1	25 1	30 1	28 1	3 1	29 1	37 1	44 1	47 1	46 1	17 1	20 1	40 1	14 1	1 1	36 1	5 1	12 1	6 1	39 1	9 1	11 1
30 1	29 1	44 1	21 1	20 1	23 1	45 1	5 1	7 1	17 1	43 1	4 1	26 1	42 1	46 1	11 1	28 1	24 1	10 1	2 1	38 1	25 1	39 1	32 1	18 1	16 1	33 1	37 1	13 1	36 1	41 1	12 1	22 1	48 1	9 1	3 1	31 1	15 1	34 1	27 1	19 1	35 1	47 1	6 1	0 1	14 1	49 1	1 1	40 1	8 1
26 1	44 1	0 1	41 1	7 1	25 1	39 1	18 1	17 1	1 1	34 1	19 1	20 1	45 1	10 1	48 1	8 1	30 1	14 1	15 1	2 1	11 1	16 1	32 1	4 1	35 1	3 1	33 1	40 1	29 1	5 1	49 1	47 1	38 1	24 1	13 1	36 1	6 1	42 1	9 1	12 1	31 1	23 1	46 1	21 1	28 1	43 1	27 1	22 1	37 1
48 1	12 1	24 1	34 1	9 1	42 1	4 1	17 1	43 1	36 1	7 1	1 1	32 1	3 1	33 1	0 1	31 1	45 1	35 1	2 1	14 1	6 1	16 1	15 1	39 1	37 1	13 1	26 1	25 1	29 1	47 1	28 1	5 1	23 1	44 1	22 1	38 1	30 1	40 1	8 1	21 1	41 1	18 1	20 1	19 1	11 1	49 1	46 1	10 1	27 1
12 1	46 1	4 1	1 1	38 1	40 1	34 1	41 1	43 1	30 1	5 1	7 1	3 1	19 1	11 1	0 1	42 1	25 1	35 1	47 1	44 1	17 1	15 1	16 1	10 1	9 1	29 1	8 1	33 1	32 1	13 1	28 1	2 1	49 1	6 1	45 1	26 1	27 1	14 1	18 1	48 1	22 1	20 1	37 1	39 1	21 1	36 1	24 1	23 1	31 1
5 1	19 1	20 1	36 1	29 1	23 1	3 1	14 1	12 1	26 1	17 1	33 1	13 1	4 1	32 1	35 1	7 1	6 1	16 1	2 1	42 1	27 1	31 1	30 1	22 1	28 1	46 1	47 1	49 1	34 1	8 1	44 1	18 1	41 1	15 1	1 1	25 1	9 1	48 1	11 1	10 1	39 1	21 1	45 1	43 1	37 1	0 1	40 1	24 1	38 1
47 1	9 1	34 1	25 1	0 1	45 1	19 1	31 1	48 1	44 1	3 1	27 1	29 1	18 1	30 1	32 1	16 1	17 1	13 1	35 1	43 1	26 1	39 1	1 1	40 1	8 1	37 1	24 1	42 1	7 1	41 1	49 1	22 1	15 1	21 1	23 1	36 1	11 1	33 1	10 1	2 1	12 1	5 1	28 1	20 1	14 1	4 1	46 1	38 1	6 1
31 1	25 1	11 1	6 1	1 1	13 1	7 1	10 1	23 1	0 1	30 1	26 1	33 1	19 1	36 1	28 1	15 1	9 1	27 1	46 1	8 1	24 1	16 1	39 1	12 1	3 1	45 1	5 1	20 1	14 1	41 1	22 1	18 1	48 1	32 1	2 1	17 1	38 1	42 1	37 1	40 1	49 1	47 1	35 1	44 1	4 1	43 1	21 1	29 1	34 1
37 1	6 1	48 1	30 1	11 1	47 1	29 1	21 1	34 1	27 1	41 1	25 1	40 1	4 1	8 1	20 1	1 1	5 1	19 1	38 1	3 1	43 1	15 1	49 1	42 1	24 1	9 1	26 1	13 1	46 1	18 1	36 1	23 1	7 1	14 1	32 1	39 1	44 1	16 1	17 1	31 1	12 1	45 1	0 1	35 1	10 1	33 1	2 1	22 1	28 1
35 1	14 1	30 1	21 1	17 1	11 1	2 1	25 1	23 1	12 1	34 1	24 1	19 1	9 1	41 1	47 1	46 1	7 1	40 1	3 1	4 1	49 1	0 1	6 1	15 1	39 1	37 1	20 1	13 1	27 1	16 1	42 1	44 1	18 1	28 1	38 1	8 1	1 1	33 1	29 1	32 1	45 1	22 1	10 1	31 1	36 1	26 1	5 1	43 1	48 1
26 1	35 1	29 1	20 1	6 1	44 1	18 1	43 1	32 1	24 1	42 1	33 1	13 1	19 1	22 1	12 1	10 1	11 1	38 1	25 1	46 1	45 1	7 1	34 1	40 1	47 1	31 1	30 1	28 1	49 1	0 1	1 1	8 1	23 1	27 1	39 1	3 1	21 1	15 1	2 1	14 1	16 1	17 1	9 1	37 1	5 1	4 1	41 1	36 1	48 1
2 1	15 1	28 1	0 1	49 1	6 1	43 1	45 1	25 1	3 1	27 1	13 1	16 1	39 1	21 1	37 1	18 1	24 1	4 1	19 1	47 1	46 1	33 1	44 1	22 1	36 1	12 1	8 1	42 1	23 1	5 1	29 1	10 1	32 1	20 1	17 1	1 1	48 1	41 1	35 1	40 1	9 1	38 1	31 1	14 1	11 1	7 1	34 1	26 1	30 1
18 1	22 1	28 1	31 1	6 1	43 1	3 1	25 1	41 1	49 1	9 1	39 1	30 1	26 1	12 1	33 1	8 1	42 1	21 1	11 1	44 1	45 1	1 1	5 1	36 1	48 1	34 1	0 1	13 1	32 1	20 1	15 1	7 1	27 1	19 1	24 1	2 1	40 1	35 1	23 1	4 1	38 1	47 1	29 1	14 1	37 1	17 1	46 1	16 1	10 1
12 1	31 1	36 1	9 1	1 1	0 1	20 1	7 1	30 1	14 1	5 1	38 1	6 1	26 1	28 1	45 1	47 1	35 1	41 1	23 1	33 1	43 1	19 1	25 1	37 1	49 1	48 1	32 1	40 1	3 1	11 1	42 1	16 1	24 1	18 1	22 1	13 1	21 1	8 1	46 1	44 1	39 1	29 1	10 1	2 1	15 1	17 1	27 1	4 1	34 1
5 1	23 1	42 1	44 1	15 1	6 1	34 1	22 1	0 1	27 1	37 1	20 1	38 1	29 1	43 1	16 1	11 1	9 1	26 1	8 1	40 1	31 1	12 1	24 1	32 1	30 1	48 1	45 1	33 1	4 1	19 1	46 1	28 1	35 1	1 1	7 1	10 1	3 1	25 1	39 1	36 1	47 1	14 1	49 1	41 1	13 1	18 1	21 1	2 1	17 1
9 1	29 1	28 1	17 1	43 1	3 1	22 1	24 1	23 1	31 1	26 1	19 1	8 1	42 1	18 1	32 1	47 1	1 1	48 1	46 1	15 1	16 1	33 1	36 1	5 1	7 1	39 1	35 1	21 1	12 1	37 1	2 1	4 1	40 1	20 1	10 1	38 1	6 1	27 1	30 1	44 1	13 1	45 1	49 1	14 1	11 1	25 1	0 1	41 1	34 1
39 1	6 1	43 1	3 1	0 1	16 1	35 1	31 1	48 1	1 1	41 1	47 1	24 1	32 1	28 1	27 1	23 1	14 1	29 1	10 1	9 1	20 1	25 1	36 1	49 1	38 1	12 1	2 1	26 1	40 1	30 1	46 1	45 1	8 1	17 1	33 1	15 1	37 1	34 1	21 1	4 1	11 1	5 1	7 1	42 1	22 1	44 1	18 1	19 1	13 1
0 1	35 1	23 1	20 1	41 1	7 1	29 1	28 1	8 1	33 1	6 1	26 1	45 1	30 1	12 1	14 1	31 1	37 1	47 1	9 1	16 1	10 1	19 1	36 1	48 1	38 1	18 1	27 1	42 1	13 1	24 1	3 1	34 1	21 1	43 1	40 1	44 1	5 1	32 1	17 1	49 1	46 1	2 1	39 1	4 1	1 1	22 1	15 1	11 1	25 1
13 1	27 1	29 1	17 1	4 1	18 1	31 1	1 1	25 1	9 1	15 1	19 1	16 1	11 1	36 1	34 1	46 1	48 1	24 1	33 1	35 1	38 1	39 1	42 1	30 1	7 1	21 1	37 1	0 1	47 1	45 1	22 1	44 1	49 1	40 1	41 1	6 1	8 1	32 1	14 1	20 1	10 1	12 1	28 1	26 1	2 1	5 1	43 1	23 1	3 1
11 1	26 1	43 1	23 1	42 1	38 1	16 1	1 1	12 1	9 1	33 1	4 1	5 1	21 1	30 1	37 1	34 1	48 1	49 1	18 1	0 1	25 1	7 1	17 1	27 1	39 1	44 1	8 1	19 1	13 1	31 1	40 1	36 1	10 1	41 1	45 1	20 1	2 1	6 1	47 1	28 1	14 1	24 1	3 1	46 1	32 1	35 1	15 1	22 1	29 1
