10	80
23 1	70 1	33 1	41 1	63 1	32 1	49 1	51 1	7 1	29 1	38 1	42 1	61 1	77 1	5 1	67 1	2 1	73 1	72 1	22 1	75 1	69 1	56 1	25 1	71 1	13 1	0 1	34 1	10 1	40 1	20 1	17 1	15 1	12 1	53 1	68 1	8 1	19 1	62 1	39 1	18 1	57 1	14 1	24 1	11 1	16 1	48 1	1 1	64 1	6 1	66 1	47 1	36 1	21 1	37 1	79 1	46 1	76 1	74 1	31 1	35 1	9 1	50 1	55 1	26 1	4 1	78 1	59 1	54 1	52 1	44 1	58 1	27 1	60 1	28 1	65 1	3 1	45 1	30 1	43 1
45 1	64 1	2 1	79 1	70 1	76 1	7 1	40 1	57 1	30 1	50 1	17 1	25 1	51 1	59 1	0 1	13 1	22 1	54 1	56 1	19 1	38 1	18 1	35 1	29 1	24 1	14 1	28 1	55 1	72 1	11 1	9 1	46 1	31 1	10 1	15 1	44 1	77 1	73 1	52 1	26 1	42 1	71 1	12 1	32 1	74 1	65 1	27 1	1 1	48 1	75 1	62 1	58 1	39 1	21 1	66 1	37 1	3 1	60 1	23 1	49 1	47 1	34 1	67 1	43 1	61 1	4 1	6 1	78 1	20 1	5 1	8 1	69 1	63 1	33 1	36 1	53 1	68 1	41 1	16 1
53 1	61 1	31 1	54 1	52 1	34 1	37 1	42 1	72 1	0 1	26 1	36 1	23 1	57 1	21 1	29 1	7 1	51 1	25 1	14 1	76 1	48 1	62 1	22 1	35 1	65 1	50 1	17 1	41 1	56 1	6 1	60 1	46 1	30 1	39 1	13 1	44 1	38 1	33 1	27 1	71 1	18 1	70 1	15 1	75 1	58 1	3 1	1 1	77 1	68 1	43 1	79 1	10 1	4 1	45 1	73 1	40 1	66 1	69 1	74 1	28 1	5 1	2 1	78 1	12 1	20 1	19 1	55 1	59 1	11 1	9 1	64 1	24 1	8 1	16 1	49 1	63 1	47 1	32 1	67 1
79 1	57 1	4 1	51 1	7 1	18 1	74 1	65 1	9 1	53 1	72 1	30 1	13 1	12 1	10 1	6 1	66 1	52 1	2 1	1 1	23 1	37 1	78 1	43 1	60 1	24 1	68 1	64 1	21 1	58 1	44 1	76 1	32 1	71 1	61 1	47 1	11 1	8 1	34 1	42 1	17 1	15 1	73 1	49 1	69 1	67 1	26 1	31 1	45 1	40 1	63 1	5 1	54 1	16 1	75 1	77 1	22 1	70 1	36 1	48 1	33 1	19 1	20 1	27 1	39 1	0 1	50 1	25 1	38 1	46 1	28 1	35 1	62 1	3 1	29 1	55 1	14 1	59 1	56 1	41 1
28 1	65 1	44 1	36 1	60 1	9 1	75 1	77 1	31 1	30 1	69 1	20 1	49 1	17 1	40 1	79 1	70 1	59 1	7 1	41 1	53 1	22 1	13 1	47 1	12 1	0 1	74 1	34 1	71 1	78 1	25 1	39 1	3 1	2 1	67 1	6 1	42 1	66 1	23 1	76 1	64 1	16 1	61 1	56 1	21 1	5 1	4 1	68 1	43 1	48 1	51 1	26 1	57 1	14 1	58 1	10 1	54 1	32 1	63 1	18 1	35 1	62 1	24 1	19 1	29 1	33 1	55 1	72 1	38 1	8 1	52 1	11 1	73 1	1 1	27 1	50 1	45 1	46 1	37 1	15 1
19 1	39 1	37 1	71 1	76 1	63 1	34 1	33 1	73 1	1 1	35 1	7 1	65 1	67 1	16 1	17 1	77 1	13 1	55 1	12 1	36 1	25 1	45 1	15 1	52 1	38 1	11 1	54 1	14 1	58 1	18 1	59 1	50 1	62 1	4 1	78 1	60 1	66 1	24 1	5 1	10 1	40 1	8 1	56 1	74 1	47 1	51 1	30 1	20 1	42 1	26 1	6 1	27 1	32 1	21 1	69 1	64 1	75 1	79 1	41 1	9 1	70 1	2 1	44 1	46 1	31 1	68 1	48 1	3 1	22 1	23 1	61 1	29 1	57 1	0 1	43 1	53 1	72 1	49 1	28 1
9 1	2 1	53 1	31 1	13 1	35 1	32 1	16 1	36 1	21 1	63 1	24 1	3 1	65 1	79 1	46 1	23 1	71 1	43 1	20 1	11 1	60 1	62 1	26 1	66 1	64 1	70 1	69 1	0 1	50 1	19 1	58 1	45 1	18 1	8 1	42 1	29 1	68 1	76 1	61 1	4 1	52 1	10 1	1 1	49 1	22 1	40 1	5 1	67 1	41 1	17 1	54 1	74 1	6 1	72 1	38 1	37 1	55 1	12 1	78 1	15 1	33 1	14 1	34 1	7 1	30 1	75 1	44 1	73 1	77 1	59 1	39 1	51 1	56 1	28 1	25 1	57 1	27 1	48 1	47 1
29 1	52 1	39 1	40 1	78 1	53 1	31 1	7 1	18 1	62 1	54 1	67 1	66 1	21 1	65 1	6 1	34 1	1 1	0 1	51 1	56 1	41 1	74 1	35 1	75 1	69 1	76 1	8 1	42 1	27 1	30 1	61 1	4 1	71 1	50 1	58 1	77 1	36 1	24 1	14 1	72 1	44 1	11 1	45 1	79 1	46 1	12 1	60 1	19 1	25 1	10 1	15 1	57 1	59 1	43 1	20 1	55 1	13 1	70 1	49 1	28 1	2 1	17 1	32 1	26 1	73 1	37 1	64 1	5 1	47 1	22 1	33 1	9 1	16 1	63 1	68 1	3 1	38 1	48 1	23 1
67 1	51 1	6 1	56 1	1 1	9 1	39 1	47 1	65 1	20 1	10 1	14 1	7 1	23 1	58 1	74 1	34 1	24 1	72 1	31 1	45 1	5 1	60 1	3 1	21 1	41 1	26 1	70 1	13 1	29 1	64 1	62 1	33 1	11 1	55 1	63 1	38 1	42 1	57 1	2 1	36 1	66 1	16 1	37 1	46 1	69 1	17 1	12 1	19 1	30 1	18 1	28 1	48 1	73 1	54 1	15 1	75 1	40 1	49 1	43 1	53 1	61 1	25 1	59 1	44 1	0 1	8 1	68 1	76 1	79 1	50 1	35 1	22 1	52 1	27 1	32 1	71 1	78 1	77 1	4 1
69 1	60 1	32 1	58 1	52 1	56 1	11 1	68 1	30 1	53 1	72 1	35 1	47 1	17 1	4 1	39 1	8 1	50 1	29 1	6 1	16 1	41 1	64 1	25 1	0 1	44 1	66 1	70 1	38 1	75 1	46 1	34 1	23 1	63 1	9 1	27 1	65 1	1 1	22 1	3 1	36 1	26 1	79 1	40 1	67 1	37 1	45 1	15 1	2 1	19 1	48 1	28 1	5 1	76 1	51 1	21 1	57 1	74 1	62 1	24 1	73 1	33 1	78 1	10 1	13 1	7 1	18 1	59 1	43 1	77 1	61 1	54 1	31 1	55 1	12 1	49 1	20 1	42 1	14 1	71 1
