15	50
48 1	23 1	44 1	25 1	12 1	42 1	28 1	7 1	31 1	13 1	29 1	45 1	17 1	19 1	5 1	39 1	15 1	6 1	43 1	11 1	0 1	35 1	21 1	2 1	24 1	37 1	40 1	41 1	14 1	27 1	1 1	49 1	3 1	10 1	30 1	32 1	36 1	38 1	4 1	22 1	9 1	33 1	34 1	16 1	47 1	8 1	26 1	18 1	46 1	20 1
45 1	41 1	21 1	7 1	10 1	32 1	33 1	40 1	24 1	49 1	44 1	29 1	48 1	34 1	3 1	36 1	16 1	18 1	37 1	43 1	19 1	42 1	26 1	5 1	25 1	8 1	46 1	28 1	38 1	31 1	35 1	12 1	14 1	6 1	0 1	13 1	9 1	17 1	11 1	22 1	4 1	47 1	27 1	20 1	30 1	1 1	39 1	2 1	23 1	15 1
45 1	19 1	16 1	18 1	27 1	48 1	38 1	37 1	44 1	17 1	7 1	13 1	30 1	41 1	2 1	14 1	33 1	11 1	28 1	35 1	46 1	0 1	29 1	21 1	42 1	26 1	24 1	22 1	1 1	4 1	32 1	12 1	10 1	6 1	36 1	43 1	5 1	15 1	8 1	47 1	20 1	31 1	39 1	3 1	49 1	40 1	34 1	9 1	25 1	23 1
6 1	5 1	40 1	25 1	26 1	18 1	42 1	20 1	21 1	7 1	16 1	17 1	28 1	1 1	9 1	12 1	3 1	41 1	38 1	19 1	37 1	8 1	32 1	22 1	15 1	35 1	34 1	0 1	29 1	49 1	45 1	30 1	4 1	31 1	2 1	24 1	10 1	43 1	13 1	14 1	44 1	48 1	36 1	33 1	27 1	11 1	47 1	39 1	23 1	46 1
26 1	16 1	30 1	6 1	36 1	3 1	35 1	20 1	27 1	40 1	45 1	5 1	32 1	18 1	28 1	22 1	41 1	31 1	24 1	4 1	14 1	48 1	42 1	10 1	17 1	1 1	25 1	15 1	43 1	8 1	38 1	11 1	7 1	0 1	34 1	39 1	23 1	49 1	29 1	44 1	13 1	33 1	12 1	9 1	19 1	21 1	46 1	2 1	37 1	47 1
4 1	47 1	42 1	20 1	22 1	49 1	48 1	28 1	13 1	5 1	30 1	36 1	46 1	24 1	18 1	14 1	15 1	33 1	2 1	7 1	17 1	11 1	40 1	27 1	12 1	10 1	21 1	43 1	34 1	0 1	19 1	32 1	6 1	38 1	23 1	8 1	35 1	1 1	41 1	9 1	29 1	3 1	45 1	16 1	39 1	26 1	37 1	25 1	44 1	31 1
5 1	48 1	11 1	40 1	23 1	13 1	1 1	35 1	14 1	19 1	37 1	22 1	46 1	26 1	33 1	6 1	24 1	10 1	3 1	38 1	25 1	49 1	16 1	28 1	4 1	44 1	41 1	47 1	18 1	21 1	31 1	17 1	7 1	45 1	9 1	0 1	30 1	29 1	15 1	42 1	8 1	39 1	36 1	43 1	34 1	32 1	2 1	20 1	12 1	27 1
20 1	45 1	11 1	17 1	31 1	41 1	14 1	37 1	42 1	29 1	3 1	32 1	28 1	12 1	39 1	8 1	35 1	18 1	13 1	19 1	7 1	2 1	5 1	34 1	1 1	36 1	10 1	22 1	23 1	25 1	44 1	24 1	4 1	46 1	21 1	30 1	38 1	15 1	9 1	40 1	47 1	0 1	16 1	33 1	48 1	26 1	6 1	43 1	49 1	27 1
28 1	41 1	43 1	42 1	21 1	23 1	29 1	7 1	9 1	6 1	32 1	15 1	14 1	17 1	31 1	40 1	26 1	0 1	4 1	18 1	16 1	8 1	37 1	5 1	36 1	48 1	20 1	25 1	35 1	38 1	10 1	3 1	27 1	39 1	44 1	30 1	46 1	47 1	45 1	1 1	34 1	13 1	33 1	12 1	11 1	22 1	49 1	24 1	2 1	19 1
31 1	15 1	14 1	12 1	35 1	24 1	46 1	32 1	44 1	36 1	16 1	7 1	6 1	22 1	49 1	34 1	4 1	5 1	33 1	38 1	19 1	21 1	23 1	26 1	0 1	40 1	27 1	43 1	45 1	11 1	28 1	48 1	47 1	3 1	39 1	41 1	1 1	30 1	20 1	17 1	42 1	29 1	18 1	8 1	2 1	37 1	9 1	25 1	10 1	13 1
11 1	31 1	42 1	0 1	27 1	21 1	22 1	16 1	7 1	20 1	2 1	12 1	3 1	14 1	39 1	4 1	37 1	35 1	18 1	40 1	1 1	30 1	32 1	9 1	13 1	38 1	41 1	43 1	24 1	28 1	45 1	6 1	34 1	44 1	48 1	47 1	10 1	26 1	23 1	25 1	5 1	36 1	15 1	19 1	8 1	29 1	33 1	17 1	49 1	46 1
23 1	8 1	5 1	29 1	16 1	42 1	43 1	7 1	20 1	6 1	31 1	34 1	36 1	14 1	49 1	18 1	3 1	28 1	13 1	47 1	27 1	37 1	11 1	41 1	48 1	21 1	12 1	35 1	45 1	9 1	1 1	4 1	24 1	2 1	22 1	15 1	38 1	32 1	19 1	39 1	40 1	0 1	46 1	17 1	26 1	44 1	33 1	25 1	10 1	30 1
17 1	23 1	44 1	36 1	7 1	2 1	41 1	11 1	42 1	3 1	0 1	45 1	4 1	5 1	32 1	27 1	46 1	48 1	22 1	47 1	14 1	21 1	6 1	40 1	37 1	49 1	39 1	31 1	12 1	10 1	1 1	24 1	15 1	28 1	34 1	33 1	8 1	38 1	18 1	26 1	20 1	35 1	43 1	16 1	25 1	13 1	9 1	30 1	19 1	29 1
9 1	5 1	25 1	29 1	20 1	15 1	42 1	16 1	43 1	44 1	48 1	27 1	1 1	38 1	45 1	18 1	2 1	40 1	39 1	13 1	17 1	46 1	19 1	30 1	28 1	14 1	47 1	4 1	24 1	23 1	37 1	32 1	11 1	33 1	41 1	26 1	8 1	49 1	12 1	34 1	21 1	0 1	31 1	10 1	6 1	36 1	22 1	35 1	7 1	3 1
17 1	49 1	47 1	13 1	40 1	3 1	18 1	1 1	36 1	30 1	45 1	5 1	38 1	21 1	11 1	25 1	23 1	41 1	19 1	28 1	39 1	46 1	27 1	42 1	4 1	7 1	12 1	31 1	0 1	43 1	9 1	10 1	48 1	14 1	26 1	6 1	2 1	16 1	37 1	22 1	15 1	33 1	20 1	29 1	35 1	8 1	34 1	32 1	24 1	44 1
