20	100
50 1	67 1	93 1	74 1	41 1	17 1	36 1	89 1	32 1	15 1	40 1	16 1	43 1	61 1	22 1	35 1	75 1	30 1	56 1	76 1	19 1	72 1	97 1	95 1	98 1	51 1	2 1	63 1	55 1	54 1	87 1	84 1	62 1	5 1	73 1	13 1	9 1	90 1	39 1	42 1	34 1	25 1	27 1	68 1	59 1	91 1	53 1	78 1	49 1	45 1	77 1	14 1	83 1	33 1	65 1	20 1	44 1	96 1	70 1	71 1	21 1	38 1	6 1	26 1	80 1	81 1	31 1	3 1	86 1	8 1	10 1	0 1	28 1	11 1	46 1	24 1	47 1	23 1	7 1	66 1	1 1	79 1	69 1	64 1	58 1	37 1	52 1	92 1	82 1	99 1	57 1	18 1	12 1	29 1	4 1	94 1	60 1	85 1	48 1	88 1
35 1	69 1	89 1	64 1	47 1	79 1	0 1	18 1	39 1	72 1	28 1	7 1	45 1	57 1	4 1	29 1	85 1	23 1	59 1	62 1	71 1	87 1	19 1	60 1	53 1	10 1	26 1	48 1	93 1	94 1	90 1	84 1	41 1	86 1	55 1	43 1	24 1	5 1	92 1	6 1	70 1	80 1	91 1	75 1	13 1	74 1	88 1	95 1	30 1	42 1	83 1	15 1	63 1	32 1	73 1	2 1	1 1	38 1	97 1	99 1	50 1	76 1	82 1	67 1	37 1	51 1	17 1	14 1	33 1	9 1	11 1	27 1	77 1	65 1	21 1	40 1	68 1	3 1	56 1	12 1	66 1	54 1	20 1	49 1	98 1	22 1	16 1	44 1	52 1	61 1	8 1	58 1	96 1	31 1	46 1	78 1	81 1	25 1	34 1	36 1
80 1	70 1	48 1	42 1	56 1	1 1	85 1	34 1	60 1	28 1	33 1	63 1	4 1	90 1	11 1	20 1	9 1	89 1	53 1	81 1	96 1	2 1	7 1	49 1	73 1	12 1	15 1	17 1	41 1	67 1	58 1	95 1	32 1	47 1	75 1	76 1	52 1	62 1	59 1	69 1	0 1	82 1	36 1	99 1	43 1	64 1	14 1	25 1	50 1	87 1	22 1	44 1	40 1	5 1	97 1	18 1	54 1	35 1	66 1	24 1	31 1	3 1	6 1	68 1	10 1	27 1	57 1	16 1	91 1	29 1	55 1	74 1	19 1	93 1	86 1	61 1	98 1	71 1	37 1	72 1	84 1	88 1	45 1	8 1	26 1	79 1	77 1	21 1	83 1	94 1	65 1	78 1	30 1	92 1	46 1	39 1	51 1	13 1	23 1	38 1
94 1	61 1	75 1	63 1	23 1	54 1	71 1	58 1	82 1	84 1	1 1	5 1	9 1	79 1	41 1	8 1	30 1	52 1	42 1	18 1	77 1	48 1	22 1	47 1	2 1	6 1	50 1	31 1	17 1	10 1	20 1	86 1	87 1	57 1	39 1	0 1	45 1	88 1	65 1	13 1	24 1	26 1	38 1	62 1	99 1	51 1	29 1	53 1	4 1	27 1	92 1	56 1	55 1	81 1	40 1	91 1	83 1	34 1	49 1	74 1	11 1	85 1	80 1	43 1	66 1	25 1	21 1	37 1	98 1	59 1	46 1	36 1	44 1	7 1	72 1	12 1	64 1	78 1	90 1	16 1	96 1	95 1	97 1	60 1	70 1	76 1	67 1	14 1	89 1	19 1	93 1	33 1	15 1	35 1	32 1	3 1	28 1	68 1	73 1	69 1
46 1	31 1	95 1	39 1	27 1	2 1	73 1	5 1	1 1	14 1	59 1	64 1	11 1	22 1	48 1	70 1	49 1	41 1	74 1	66 1	44 1	25 1	80 1	29 1	93 1	68 1	10 1	97 1	82 1	8 1	58 1	83 1	53 1	91 1	75 1	87 1	32 1	71 1	3 1	92 1	69 1	33 1	62 1	12 1	76 1	77 1	65 1	85 1	16 1	18 1	51 1	99 1	86 1	37 1	67 1	26 1	21 1	15 1	0 1	45 1	55 1	89 1	23 1	42 1	96 1	19 1	52 1	9 1	40 1	98 1	79 1	72 1	36 1	60 1	30 1	24 1	6 1	88 1	56 1	81 1	84 1	90 1	94 1	13 1	78 1	17 1	20 1	34 1	38 1	63 1	35 1	7 1	28 1	47 1	57 1	54 1	43 1	50 1	61 1	4 1
22 1	62 1	30 1	28 1	2 1	31 1	24 1	73 1	18 1	43 1	60 1	37 1	1 1	47 1	61 1	26 1	67 1	41 1	49 1	32 1	92 1	72 1	21 1	50 1	5 1	48 1	33 1	38 1	75 1	99 1	68 1	80 1	27 1	77 1	93 1	6 1	35 1	98 1	56 1	64 1	85 1	25 1	57 1	79 1	23 1	70 1	12 1	53 1	58 1	83 1	13 1	14 1	65 1	7 1	55 1	17 1	46 1	96 1	88 1	82 1	20 1	51 1	10 1	15 1	8 1	71 1	44 1	74 1	40 1	52 1	66 1	16 1	91 1	42 1	59 1	11 1	39 1	81 1	76 1	86 1	29 1	97 1	84 1	87 1	9 1	4 1	3 1	34 1	0 1	89 1	78 1	90 1	45 1	36 1	94 1	54 1	95 1	63 1	19 1	69 1
80 1	59 1	63 1	47 1	98 1	53 1	29 1	78 1	81 1	86 1	1 1	66 1	19 1	84 1	43 1	36 1	26 1	17 1	51 1	76 1	45 1	23 1	4 1	62 1	77 1	61 1	88 1	41 1	22 1	94 1	33 1	9 1	64 1	96 1	72 1	13 1	48 1	44 1	3 1	92 1	87 1	57 1	20 1	97 1	65 1	11 1	67 1	28 1	68 1	95 1	93 1	70 1	15 1	69 1	10 1	25 1	37 1	83 1	58 1	38 1	18 1	7 1	2 1	35 1	27 1	46 1	74 1	32 1	90 1	5 1	0 1	82 1	34 1	79 1	75 1	54 1	60 1	12 1	99 1	24 1	49 1	91 1	16 1	42 1	73 1	14 1	55 1	56 1	71 1	39 1	30 1	52 1	89 1	6 1	21 1	85 1	31 1	50 1	40 1	8 1
73 1	98 1	51 1	1 1	68 1	93 1	65 1	96 1	16 1	50 1	89 1	67 1	79 1	71 1	92 1	49 1	43 1	99 1	39 1	2 1	82 1	24 1	69 1	75 1	3 1	55 1	34 1	7 1	57 1	22 1	42 1	11 1	53 1	48 1	30 1	6 1	85 1	54 1	33 1	94 1	23 1	19 1	84 1	91 1	15 1	47 1	10 1	36 1	26 1	28 1	44 1	18 1	87 1	32 1	80 1	14 1	31 1	17 1	21 1	90 1	40 1	76 1	4 1	60 1	64 1	27 1	29 1	0 1	58 1	13 1	52 1	61 1	45 1	81 1	25 1	37 1	56 1	66 1	38 1	59 1	78 1	86 1	9 1	74 1	41 1	8 1	35 1	88 1	95 1	97 1	5 1	20 1	72 1	70 1	83 1	63 1	62 1	46 1	77 1	12 1
87 1	57 1	3 1	44 1	61 1	72 1	82 1	39 1	2 1	80 1	98 1	42 1	55 1	4 1	93 1	40 1	88 1	63 1	17 1	34 1	90 1	75 1	7 1	51 1	24 1	58 1	77 1	52 1	45 1	23 1	20 1	12 1	10 1	0 1	89 1	74 1	9 1	73 1	1 1	49 1	30 1	48 1	62 1	13 1	64 1	8 1	95 1	14 1	65 1	38 1	5 1	92 1	33 1	85 1	21 1	41 1	54 1	91 1	67 1	70 1	97 1	25 1	15 1	94 1	26 1	18 1	19 1	6 1	46 1	76 1	28 1	66 1	60 1	59 1	86 1	36 1	37 1	83 1	84 1	68 1	96 1	50 1	29 1	78 1	43 1	32 1	53 1	79 1	69 1	99 1	47 1	56 1	31 1	16 1	27 1	11 1	35 1	71 1	81 1	22 1
93 1	71 1	1 1	95 1	23 1	7 1	56 1	16 1	84 1	45 1	68 1	83 1	43 1	82 1	9 1	77 1	69 1	42 1	25 1	65 1	97 1	24 1	17 1	58 1	32 1	46 1	63 1	79 1	8 1	94 1	27 1	26 1	15 1	14 1	78 1	30 1	11 1	98 1	20 1	4 1	44 1	52 1	67 1	90 1	73 1	35 1	48 1	12 1	0 1	74 1	80 1	57 1	86 1	39 1	36 1	55 1	18 1	89 1	85 1	75 1	10 1	61 1	37 1	40 1	51 1	76 1	29 1	53 1	60 1	87 1	41 1	2 1	99 1	5 1	50 1	62 1	81 1	59 1	91 1	64 1	72 1	38 1	3 1	22 1	70 1	92 1	31 1	54 1	49 1	6 1	34 1	47 1	66 1	21 1	19 1	33 1	28 1	88 1	96 1	13 1
61 1	48 1	59 1	83 1	16 1	73 1	35 1	57 1	96 1	10 1	89 1	7 1	33 1	98 1	67 1	12 1	56 1	41 1	81 1	53 1	75 1	82 1	13 1	66 1	76 1	94 1	62 1	51 1	50 1	5 1	72 1	84 1	74 1	93 1	30 1	9 1	79 1	2 1	95 1	68 1	85 1	77 1	21 1	45 1	69 1	26 1	63 1	65 1	3 1	8 1	25 1	90 1	49 1	47 1	70 1	88 1	60 1	55 1	1 1	22 1	42 1	78 1	91 1	0 1	37 1	44 1	64 1	11 1	40 1	58 1	31 1	38 1	43 1	87 1	23 1	19 1	92 1	28 1	6 1	4 1	46 1	17 1	99 1	86 1	18 1	71 1	39 1	32 1	15 1	27 1	24 1	14 1	80 1	34 1	20 1	52 1	97 1	29 1	54 1	36 1
44 1	32 1	22 1	19 1	56 1	17 1	62 1	18 1	36 1	91 1	96 1	38 1	26 1	1 1	15 1	30 1	54 1	48 1	35 1	7 1	0 1	61 1	72 1	94 1	68 1	98 1	45 1	81 1	59 1	76 1	90 1	73 1	71 1	80 1	41 1	95 1	74 1	53 1	5 1	58 1	42 1	89 1	23 1	37 1	27 1	52 1	92 1	33 1	31 1	10 1	65 1	50 1	93 1	64 1	8 1	66 1	4 1	49 1	21 1	16 1	84 1	29 1	69 1	83 1	87 1	47 1	39 1	28 1	34 1	67 1	75 1	51 1	88 1	60 1	55 1	97 1	99 1	86 1	6 1	63 1	14 1	57 1	11 1	40 1	2 1	20 1	13 1	25 1	43 1	12 1	77 1	3 1	79 1	85 1	70 1	78 1	24 1	82 1	46 1	9 1
93 1	66 1	3 1	29 1	85 1	25 1	28 1	16 1	71 1	43 1	39 1	4 1	15 1	89 1	47 1	92 1	99 1	95 1	56 1	8 1	76 1	10 1	83 1	45 1	69 1	87 1	19 1	42 1	40 1	90 1	55 1	77 1	24 1	52 1	59 1	12 1	31 1	82 1	44 1	88 1	67 1	70 1	34 1	38 1	80 1	26 1	50 1	79 1	18 1	53 1	84 1	9 1	23 1	2 1	13 1	58 1	81 1	1 1	78 1	96 1	30 1	74 1	6 1	54 1	60 1	72 1	32 1	0 1	51 1	98 1	22 1	7 1	21 1	33 1	86 1	65 1	68 1	94 1	17 1	97 1	27 1	75 1	61 1	37 1	35 1	73 1	14 1	20 1	11 1	62 1	57 1	5 1	49 1	91 1	64 1	46 1	36 1	48 1	41 1	63 1
77 1	13 1	49 1	6 1	51 1	4 1	86 1	94 1	44 1	12 1	24 1	72 1	17 1	98 1	9 1	53 1	61 1	20 1	59 1	45 1	82 1	50 1	79 1	62 1	85 1	36 1	66 1	27 1	91 1	37 1	71 1	2 1	65 1	58 1	68 1	8 1	93 1	74 1	28 1	19 1	96 1	26 1	81 1	40 1	33 1	15 1	39 1	69 1	22 1	23 1	97 1	90 1	30 1	73 1	29 1	60 1	35 1	83 1	52 1	7 1	67 1	41 1	76 1	84 1	55 1	10 1	0 1	48 1	21 1	1 1	57 1	56 1	99 1	5 1	80 1	34 1	78 1	25 1	54 1	95 1	70 1	46 1	42 1	75 1	63 1	18 1	3 1	38 1	11 1	92 1	87 1	89 1	32 1	16 1	47 1	88 1	14 1	64 1	43 1	31 1
86 1	85 1	58 1	95 1	40 1	67 1	57 1	5 1	46 1	42 1	24 1	61 1	43 1	55 1	20 1	66 1	93 1	83 1	31 1	81 1	18 1	16 1	60 1	41 1	47 1	22 1	51 1	92 1	88 1	97 1	80 1	37 1	29 1	21 1	10 1	1 1	3 1	8 1	48 1	98 1	15 1	77 1	2 1	36 1	34 1	6 1	91 1	19 1	23 1	69 1	33 1	72 1	59 1	56 1	13 1	74 1	68 1	87 1	89 1	49 1	39 1	54 1	25 1	75 1	94 1	7 1	64 1	79 1	84 1	76 1	90 1	96 1	14 1	52 1	26 1	11 1	28 1	32 1	45 1	9 1	38 1	30 1	44 1	0 1	71 1	4 1	65 1	62 1	82 1	35 1	27 1	99 1	78 1	70 1	12 1	50 1	53 1	73 1	63 1	17 1
26 1	33 1	91 1	82 1	96 1	24 1	40 1	94 1	83 1	39 1	34 1	86 1	46 1	99 1	75 1	11 1	19 1	13 1	67 1	64 1	74 1	10 1	22 1	53 1	77 1	47 1	62 1	71 1	50 1	60 1	21 1	27 1	52 1	0 1	14 1	5 1	59 1	80 1	63 1	31 1	48 1	72 1	87 1	38 1	1 1	7 1	78 1	43 1	12 1	28 1	4 1	93 1	61 1	97 1	23 1	36 1	70 1	32 1	29 1	73 1	18 1	20 1	30 1	49 1	68 1	25 1	9 1	6 1	2 1	66 1	58 1	17 1	56 1	55 1	45 1	3 1	69 1	35 1	51 1	92 1	37 1	95 1	84 1	41 1	8 1	44 1	54 1	16 1	76 1	79 1	15 1	81 1	65 1	89 1	85 1	98 1	90 1	42 1	88 1	57 1
53 1	31 1	92 1	5 1	81 1	35 1	29 1	40 1	99 1	2 1	62 1	74 1	24 1	13 1	42 1	26 1	59 1	19 1	91 1	16 1	17 1	57 1	54 1	25 1	21 1	78 1	18 1	27 1	1 1	71 1	9 1	49 1	14 1	20 1	50 1	12 1	28 1	22 1	6 1	79 1	46 1	63 1	30 1	15 1	85 1	98 1	96 1	76 1	11 1	87 1	56 1	3 1	67 1	88 1	0 1	45 1	61 1	41 1	73 1	68 1	70 1	84 1	36 1	89 1	10 1	32 1	72 1	95 1	60 1	65 1	33 1	58 1	80 1	51 1	52 1	44 1	75 1	69 1	43 1	4 1	94 1	39 1	90 1	55 1	38 1	34 1	37 1	77 1	83 1	82 1	66 1	47 1	64 1	23 1	8 1	48 1	86 1	93 1	97 1	7 1
70 1	16 1	91 1	90 1	69 1	20 1	85 1	5 1	48 1	74 1	21 1	57 1	10 1	67 1	88 1	98 1	96 1	0 1	32 1	87 1	35 1	6 1	58 1	7 1	8 1	81 1	36 1	34 1	55 1	61 1	25 1	3 1	37 1	86 1	45 1	64 1	99 1	63 1	56 1	49 1	42 1	31 1	44 1	80 1	79 1	54 1	19 1	51 1	77 1	38 1	12 1	65 1	93 1	84 1	29 1	17 1	43 1	9 1	28 1	68 1	41 1	76 1	15 1	47 1	26 1	22 1	50 1	72 1	2 1	94 1	13 1	62 1	46 1	60 1	78 1	71 1	40 1	1 1	83 1	23 1	30 1	53 1	82 1	92 1	95 1	66 1	52 1	18 1	14 1	39 1	33 1	89 1	97 1	59 1	75 1	11 1	27 1	4 1	73 1	24 1
93 1	39 1	11 1	38 1	5 1	64 1	92 1	27 1	19 1	35 1	79 1	69 1	22 1	15 1	49 1	76 1	26 1	67 1	13 1	74 1	70 1	8 1	14 1	82 1	86 1	1 1	42 1	63 1	66 1	9 1	99 1	23 1	78 1	45 1	41 1	12 1	91 1	54 1	48 1	10 1	81 1	33 1	0 1	94 1	30 1	72 1	84 1	55 1	20 1	56 1	4 1	21 1	25 1	43 1	73 1	60 1	18 1	2 1	34 1	17 1	28 1	83 1	3 1	75 1	88 1	29 1	85 1	96 1	58 1	62 1	47 1	51 1	61 1	6 1	57 1	52 1	98 1	31 1	24 1	89 1	80 1	65 1	53 1	97 1	68 1	7 1	37 1	32 1	87 1	44 1	36 1	40 1	16 1	77 1	90 1	95 1	59 1	46 1	71 1	50 1
32 1	1 1	44 1	48 1	88 1	51 1	73 1	74 1	94 1	25 1	5 1	35 1	40 1	69 1	65 1	72 1	42 1	20 1	59 1	26 1	7 1	46 1	84 1	13 1	52 1	33 1	83 1	57 1	23 1	12 1	39 1	43 1	77 1	62 1	3 1	71 1	91 1	68 1	79 1	15 1	34 1	75 1	22 1	19 1	16 1	17 1	70 1	28 1	50 1	63 1	38 1	14 1	60 1	98 1	82 1	96 1	61 1	56 1	85 1	93 1	80 1	95 1	78 1	47 1	29 1	10 1	87 1	66 1	92 1	89 1	18 1	6 1	54 1	55 1	81 1	76 1	30 1	67 1	97 1	2 1	0 1	8 1	9 1	21 1	11 1	99 1	27 1	4 1	49 1	86 1	64 1	58 1	41 1	36 1	31 1	24 1	53 1	45 1	37 1	90 1
