80	90
67 1	86 1	75 1	16 1	62 1	70 1	36 1	12 1	21 1	26 1	0 1	73 1	46 1	10 1	25 1	9 1	7 1	22 1	29 1	54 1	49 1	30 1	42 1	72 1	24 1	60 1	2 1	5 1	44 1	52 1	47 1	8 1	1 1	56 1	83 1	39 1	59 1	78 1	18 1	43 1	34 1	55 1	80 1	41 1	89 1	85 1	32 1	23 1	51 1	27 1	11 1	66 1	65 1	81 1	3 1	17 1	14 1	69 1	20 1	38 1	48 1	35 1	50 1	57 1	82 1	19 1	28 1	58 1	84 1	15 1	40 1	63 1	71 1	13 1	76 1	61 1	53 1	64 1	6 1	31 1	33 1	37 1	79 1	87 1	4 1	68 1	74 1	88 1	45 1	77 1
12 1	49 1	78 1	3 1	42 1	8 1	35 1	23 1	62 1	55 1	11 1	80 1	2 1	13 1	21 1	74 1	26 1	63 1	24 1	67 1	20 1	15 1	73 1	1 1	57 1	16 1	83 1	34 1	61 1	53 1	30 1	69 1	81 1	77 1	85 1	60 1	25 1	22 1	86 1	58 1	46 1	36 1	82 1	56 1	19 1	5 1	37 1	72 1	7 1	44 1	76 1	9 1	41 1	29 1	6 1	48 1	88 1	68 1	52 1	33 1	38 1	84 1	43 1	47 1	10 1	39 1	71 1	28 1	70 1	18 1	87 1	59 1	65 1	50 1	75 1	17 1	32 1	64 1	66 1	79 1	54 1	40 1	89 1	14 1	0 1	27 1	4 1	45 1	51 1	31 1
25 1	41 1	44 1	35 1	81 1	85 1	30 1	48 1	80 1	29 1	61 1	17 1	64 1	68 1	75 1	53 1	8 1	36 1	45 1	2 1	42 1	20 1	78 1	27 1	67 1	72 1	63 1	56 1	46 1	37 1	10 1	23 1	0 1	40 1	74 1	71 1	39 1	28 1	24 1	55 1	16 1	11 1	21 1	3 1	58 1	51 1	79 1	13 1	31 1	4 1	47 1	43 1	18 1	9 1	57 1	89 1	32 1	33 1	50 1	22 1	5 1	49 1	7 1	12 1	65 1	54 1	86 1	77 1	70 1	14 1	76 1	60 1	59 1	82 1	84 1	1 1	66 1	15 1	83 1	69 1	87 1	6 1	19 1	73 1	62 1	52 1	38 1	88 1	34 1	26 1
41 1	83 1	60 1	28 1	74 1	50 1	46 1	3 1	42 1	48 1	36 1	25 1	32 1	17 1	55 1	80 1	10 1	56 1	81 1	33 1	72 1	2 1	14 1	39 1	24 1	38 1	35 1	63 1	31 1	61 1	16 1	37 1	0 1	86 1	79 1	67 1	11 1	23 1	13 1	71 1	30 1	87 1	18 1	88 1	70 1	53 1	45 1	49 1	29 1	75 1	64 1	15 1	65 1	6 1	54 1	57 1	84 1	73 1	89 1	5 1	8 1	69 1	40 1	47 1	78 1	26 1	21 1	19 1	85 1	68 1	12 1	43 1	44 1	1 1	34 1	58 1	7 1	77 1	52 1	82 1	9 1	20 1	76 1	59 1	22 1	27 1	66 1	4 1	62 1	51 1
38 1	65 1	33 1	55 1	85 1	29 1	1 1	15 1	35 1	83 1	11 1	46 1	32 1	61 1	45 1	70 1	78 1	52 1	9 1	16 1	56 1	81 1	37 1	17 1	25 1	40 1	19 1	58 1	14 1	13 1	64 1	69 1	60 1	82 1	18 1	4 1	2 1	73 1	8 1	54 1	6 1	67 1	68 1	89 1	30 1	12 1	22 1	86 1	10 1	26 1	51 1	84 1	63 1	21 1	79 1	43 1	23 1	49 1	80 1	41 1	7 1	47 1	39 1	44 1	77 1	0 1	88 1	75 1	72 1	48 1	87 1	31 1	66 1	42 1	27 1	74 1	53 1	28 1	76 1	59 1	50 1	34 1	57 1	36 1	20 1	5 1	71 1	62 1	3 1	24 1
21 1	74 1	69 1	43 1	9 1	37 1	83 1	53 1	79 1	8 1	42 1	45 1	11 1	23 1	85 1	44 1	38 1	68 1	65 1	48 1	24 1	25 1	13 1	6 1	1 1	12 1	71 1	62 1	80 1	46 1	58 1	54 1	60 1	88 1	3 1	87 1	30 1	27 1	31 1	26 1	4 1	34 1	57 1	84 1	19 1	28 1	59 1	20 1	16 1	86 1	50 1	0 1	70 1	32 1	75 1	51 1	29 1	14 1	36 1	18 1	78 1	55 1	52 1	82 1	7 1	15 1	22 1	66 1	64 1	2 1	41 1	10 1	47 1	77 1	35 1	40 1	33 1	67 1	81 1	89 1	76 1	72 1	39 1	56 1	63 1	5 1	61 1	49 1	17 1	73 1
31 1	71 1	47 1	14 1	53 1	69 1	28 1	78 1	84 1	10 1	22 1	80 1	17 1	72 1	26 1	33 1	82 1	66 1	44 1	52 1	65 1	81 1	21 1	45 1	15 1	64 1	38 1	89 1	51 1	74 1	54 1	30 1	46 1	55 1	57 1	3 1	16 1	37 1	75 1	68 1	32 1	77 1	29 1	9 1	35 1	20 1	59 1	63 1	1 1	41 1	73 1	58 1	13 1	8 1	67 1	2 1	87 1	70 1	49 1	56 1	39 1	50 1	60 1	4 1	76 1	40 1	27 1	11 1	43 1	0 1	34 1	36 1	48 1	83 1	88 1	62 1	7 1	12 1	85 1	61 1	42 1	79 1	25 1	6 1	23 1	86 1	18 1	5 1	24 1	19 1
46 1	10 1	37 1	49 1	43 1	7 1	81 1	0 1	59 1	78 1	77 1	27 1	73 1	20 1	87 1	26 1	6 1	64 1	31 1	61 1	13 1	47 1	70 1	35 1	65 1	40 1	75 1	22 1	57 1	34 1	51 1	42 1	9 1	16 1	11 1	18 1	69 1	56 1	14 1	2 1	53 1	52 1	15 1	41 1	30 1	1 1	80 1	48 1	68 1	38 1	23 1	24 1	58 1	71 1	55 1	8 1	5 1	39 1	66 1	3 1	82 1	19 1	44 1	89 1	79 1	74 1	50 1	85 1	29 1	72 1	4 1	62 1	17 1	88 1	32 1	84 1	36 1	12 1	25 1	76 1	54 1	21 1	86 1	60 1	67 1	83 1	45 1	63 1	33 1	28 1
15 1	60 1	73 1	38 1	65 1	77 1	78 1	84 1	16 1	40 1	59 1	41 1	54 1	17 1	27 1	49 1	67 1	12 1	70 1	47 1	4 1	13 1	26 1	50 1	85 1	45 1	69 1	55 1	35 1	72 1	79 1	28 1	31 1	18 1	71 1	22 1	32 1	8 1	81 1	80 1	36 1	10 1	19 1	66 1	46 1	9 1	33 1	2 1	52 1	68 1	11 1	74 1	62 1	64 1	43 1	58 1	86 1	6 1	63 1	0 1	48 1	57 1	5 1	23 1	34 1	7 1	21 1	24 1	89 1	76 1	87 1	3 1	44 1	30 1	51 1	88 1	53 1	14 1	29 1	75 1	61 1	83 1	1 1	20 1	42 1	25 1	56 1	82 1	37 1	39 1
81 1	11 1	33 1	15 1	78 1	53 1	45 1	87 1	18 1	69 1	44 1	84 1	41 1	23 1	12 1	57 1	16 1	17 1	74 1	1 1	89 1	48 1	46 1	8 1	77 1	29 1	43 1	56 1	68 1	40 1	34 1	73 1	30 1	42 1	52 1	6 1	28 1	27 1	66 1	61 1	13 1	25 1	58 1	50 1	7 1	32 1	22 1	63 1	24 1	36 1	75 1	67 1	2 1	3 1	80 1	51 1	38 1	31 1	64 1	59 1	79 1	37 1	82 1	5 1	54 1	35 1	47 1	21 1	60 1	0 1	39 1	72 1	55 1	19 1	88 1	9 1	70 1	86 1	76 1	4 1	85 1	14 1	49 1	26 1	71 1	10 1	20 1	65 1	62 1	83 1
65 1	20 1	9 1	2 1	53 1	13 1	71 1	66 1	40 1	27 1	54 1	6 1	4 1	55 1	35 1	72 1	18 1	77 1	75 1	49 1	79 1	15 1	8 1	12 1	62 1	3 1	11 1	26 1	67 1	81 1	42 1	30 1	22 1	87 1	39 1	61 1	88 1	28 1	83 1	23 1	34 1	76 1	84 1	51 1	52 1	85 1	80 1	89 1	48 1	7 1	32 1	41 1	24 1	1 1	25 1	17 1	29 1	59 1	0 1	70 1	43 1	47 1	21 1	63 1	69 1	16 1	46 1	57 1	10 1	38 1	74 1	14 1	45 1	60 1	68 1	37 1	36 1	5 1	31 1	86 1	50 1	64 1	82 1	73 1	58 1	33 1	78 1	56 1	44 1	19 1
42 1	83 1	61 1	15 1	76 1	74 1	26 1	19 1	13 1	24 1	17 1	55 1	62 1	18 1	40 1	5 1	52 1	73 1	77 1	43 1	33 1	7 1	46 1	28 1	58 1	3 1	68 1	8 1	71 1	23 1	41 1	84 1	88 1	31 1	34 1	75 1	47 1	4 1	10 1	50 1	79 1	60 1	14 1	16 1	66 1	11 1	2 1	39 1	32 1	72 1	37 1	69 1	70 1	36 1	78 1	56 1	35 1	59 1	30 1	87 1	85 1	82 1	81 1	64 1	53 1	0 1	49 1	20 1	1 1	63 1	51 1	9 1	67 1	25 1	22 1	80 1	45 1	21 1	6 1	44 1	57 1	86 1	89 1	29 1	12 1	54 1	65 1	27 1	38 1	48 1
28 1	54 1	67 1	6 1	34 1	74 1	0 1	31 1	38 1	79 1	36 1	1 1	70 1	4 1	86 1	48 1	82 1	30 1	76 1	88 1	84 1	60 1	63 1	55 1	49 1	75 1	43 1	42 1	8 1	16 1	46 1	50 1	83 1	62 1	51 1	56 1	5 1	17 1	40 1	33 1	15 1	14 1	57 1	41 1	24 1	26 1	27 1	11 1	18 1	45 1	71 1	12 1	81 1	78 1	25 1	72 1	53 1	19 1	85 1	35 1	21 1	68 1	66 1	37 1	7 1	32 1	20 1	65 1	9 1	47 1	73 1	77 1	89 1	23 1	39 1	59 1	44 1	58 1	2 1	10 1	13 1	80 1	87 1	29 1	64 1	52 1	3 1	69 1	61 1	22 1
28 1	88 1	55 1	0 1	65 1	75 1	66 1	5 1	69 1	42 1	33 1	54 1	82 1	4 1	40 1	2 1	89 1	20 1	77 1	56 1	83 1	39 1	32 1	23 1	62 1	45 1	6 1	85 1	17 1	31 1	7 1	74 1	72 1	64 1	8 1	70 1	14 1	34 1	87 1	67 1	1 1	13 1	41 1	52 1	50 1	27 1	51 1	59 1	71 1	38 1	18 1	60 1	29 1	63 1	12 1	43 1	26 1	11 1	57 1	16 1	80 1	22 1	47 1	76 1	10 1	25 1	61 1	15 1	9 1	46 1	30 1	84 1	19 1	36 1	79 1	81 1	37 1	86 1	58 1	24 1	78 1	44 1	49 1	3 1	21 1	48 1	68 1	53 1	35 1	73 1
12 1	59 1	87 1	31 1	63 1	35 1	75 1	25 1	46 1	18 1	88 1	41 1	26 1	1 1	36 1	62 1	89 1	37 1	22 1	80 1	49 1	15 1	58 1	77 1	82 1	86 1	85 1	61 1	72 1	60 1	28 1	57 1	32 1	79 1	6 1	65 1	54 1	3 1	5 1	71 1	70 1	23 1	16 1	73 1	76 1	30 1	52 1	14 1	43 1	47 1	44 1	0 1	17 1	74 1	34 1	78 1	66 1	83 1	21 1	24 1	27 1	33 1	4 1	45 1	19 1	67 1	11 1	39 1	9 1	68 1	7 1	13 1	53 1	2 1	40 1	42 1	8 1	48 1	81 1	84 1	38 1	20 1	56 1	50 1	69 1	51 1	10 1	55 1	64 1	29 1
8 1	88 1	14 1	34 1	47 1	21 1	17 1	31 1	51 1	84 1	62 1	78 1	58 1	65 1	27 1	86 1	41 1	48 1	30 1	37 1	42 1	71 1	57 1	50 1	32 1	46 1	22 1	63 1	5 1	4 1	53 1	13 1	68 1	61 1	18 1	75 1	19 1	43 1	16 1	73 1	60 1	29 1	25 1	52 1	49 1	35 1	81 1	20 1	55 1	28 1	15 1	74 1	85 1	33 1	9 1	38 1	39 1	7 1	82 1	26 1	0 1	24 1	23 1	83 1	56 1	70 1	89 1	44 1	6 1	72 1	40 1	45 1	79 1	54 1	69 1	36 1	11 1	3 1	12 1	59 1	10 1	76 1	67 1	87 1	80 1	1 1	64 1	66 1	2 1	77 1
72 1	49 1	5 1	43 1	74 1	20 1	11 1	60 1	4 1	65 1	23 1	82 1	8 1	61 1	15 1	88 1	89 1	37 1	71 1	84 1	18 1	81 1	26 1	25 1	75 1	30 1	21 1	10 1	39 1	62 1	0 1	54 1	78 1	50 1	42 1	53 1	85 1	17 1	47 1	6 1	38 1	45 1	29 1	3 1	58 1	35 1	9 1	27 1	28 1	80 1	73 1	76 1	14 1	44 1	66 1	32 1	86 1	22 1	70 1	33 1	63 1	31 1	24 1	48 1	64 1	51 1	7 1	12 1	1 1	52 1	69 1	87 1	77 1	34 1	41 1	46 1	13 1	83 1	36 1	16 1	59 1	79 1	68 1	56 1	57 1	55 1	2 1	19 1	67 1	40 1
63 1	50 1	69 1	31 1	32 1	64 1	35 1	60 1	29 1	62 1	74 1	8 1	89 1	34 1	10 1	9 1	36 1	2 1	70 1	14 1	15 1	78 1	76 1	44 1	67 1	75 1	7 1	39 1	47 1	48 1	25 1	20 1	81 1	21 1	28 1	46 1	86 1	49 1	71 1	19 1	87 1	66 1	68 1	57 1	11 1	1 1	0 1	37 1	18 1	24 1	61 1	22 1	30 1	17 1	5 1	56 1	40 1	80 1	41 1	83 1	88 1	51 1	55 1	59 1	82 1	3 1	13 1	16 1	43 1	33 1	73 1	72 1	77 1	65 1	23 1	38 1	79 1	54 1	6 1	52 1	58 1	53 1	4 1	42 1	12 1	26 1	27 1	84 1	85 1	45 1
50 1	76 1	87 1	5 1	46 1	60 1	64 1	38 1	18 1	62 1	79 1	52 1	22 1	12 1	44 1	51 1	17 1	82 1	36 1	3 1	78 1	49 1	66 1	67 1	77 1	31 1	45 1	41 1	63 1	40 1	68 1	86 1	15 1	25 1	6 1	75 1	0 1	59 1	70 1	7 1	16 1	20 1	74 1	37 1	88 1	47 1	39 1	84 1	71 1	8 1	4 1	43 1	26 1	13 1	33 1	29 1	69 1	73 1	28 1	53 1	42 1	24 1	72 1	32 1	83 1	85 1	10 1	30 1	14 1	1 1	34 1	81 1	54 1	2 1	35 1	89 1	23 1	21 1	57 1	48 1	61 1	9 1	55 1	19 1	11 1	27 1	56 1	65 1	80 1	58 1
52 1	32 1	74 1	63 1	5 1	31 1	83 1	19 1	56 1	59 1	33 1	72 1	26 1	61 1	18 1	12 1	49 1	22 1	1 1	11 1	37 1	64 1	45 1	80 1	44 1	75 1	48 1	69 1	87 1	38 1	2 1	47 1	36 1	57 1	70 1	7 1	54 1	27 1	67 1	4 1	15 1	88 1	89 1	46 1	76 1	24 1	35 1	25 1	39 1	8 1	3 1	60 1	71 1	55 1	40 1	14 1	0 1	84 1	68 1	13 1	58 1	20 1	85 1	50 1	17 1	29 1	86 1	62 1	34 1	16 1	23 1	73 1	30 1	10 1	42 1	53 1	28 1	78 1	81 1	79 1	77 1	82 1	41 1	6 1	65 1	21 1	43 1	66 1	51 1	9 1
2 1	11 1	5 1	61 1	86 1	43 1	87 1	68 1	57 1	65 1	49 1	7 1	41 1	32 1	46 1	81 1	82 1	58 1	73 1	15 1	74 1	18 1	30 1	63 1	22 1	1 1	72 1	40 1	66 1	50 1	79 1	14 1	25 1	8 1	89 1	23 1	37 1	0 1	16 1	47 1	34 1	17 1	75 1	29 1	6 1	78 1	70 1	53 1	62 1	36 1	10 1	27 1	71 1	84 1	21 1	9 1	88 1	45 1	19 1	77 1	52 1	35 1	55 1	33 1	12 1	13 1	4 1	54 1	83 1	76 1	51 1	80 1	26 1	38 1	20 1	24 1	39 1	3 1	42 1	28 1	59 1	48 1	64 1	44 1	85 1	60 1	56 1	69 1	31 1	67 1
28 1	46 1	85 1	79 1	39 1	34 1	84 1	27 1	47 1	15 1	70 1	73 1	64 1	41 1	38 1	16 1	86 1	2 1	83 1	71 1	77 1	53 1	24 1	74 1	75 1	59 1	78 1	0 1	31 1	45 1	56 1	10 1	30 1	32 1	54 1	17 1	8 1	13 1	5 1	80 1	82 1	87 1	37 1	49 1	58 1	62 1	3 1	7 1	29 1	48 1	55 1	1 1	68 1	69 1	42 1	43 1	89 1	50 1	26 1	81 1	6 1	4 1	60 1	72 1	33 1	52 1	23 1	18 1	36 1	22 1	88 1	51 1	61 1	40 1	35 1	12 1	44 1	25 1	67 1	65 1	63 1	21 1	14 1	11 1	19 1	66 1	57 1	76 1	9 1	20 1
18 1	3 1	33 1	71 1	78 1	75 1	20 1	66 1	55 1	70 1	32 1	30 1	68 1	1 1	39 1	76 1	12 1	15 1	84 1	22 1	53 1	23 1	8 1	48 1	17 1	43 1	37 1	87 1	56 1	74 1	40 1	9 1	5 1	60 1	64 1	38 1	59 1	86 1	2 1	69 1	45 1	49 1	28 1	62 1	7 1	21 1	51 1	25 1	81 1	13 1	41 1	82 1	89 1	31 1	36 1	77 1	63 1	46 1	44 1	72 1	29 1	26 1	65 1	16 1	10 1	0 1	57 1	79 1	35 1	24 1	42 1	73 1	6 1	34 1	58 1	50 1	11 1	4 1	61 1	19 1	83 1	52 1	85 1	54 1	88 1	27 1	14 1	80 1	67 1	47 1
50 1	75 1	65 1	27 1	44 1	49 1	67 1	9 1	29 1	40 1	14 1	41 1	54 1	4 1	81 1	70 1	63 1	39 1	79 1	20 1	19 1	23 1	22 1	33 1	76 1	51 1	83 1	55 1	21 1	62 1	56 1	37 1	30 1	47 1	35 1	5 1	77 1	38 1	1 1	78 1	0 1	31 1	3 1	28 1	48 1	87 1	34 1	64 1	11 1	43 1	8 1	36 1	42 1	69 1	58 1	13 1	89 1	85 1	17 1	86 1	18 1	71 1	80 1	6 1	52 1	15 1	24 1	46 1	45 1	26 1	66 1	73 1	25 1	84 1	82 1	74 1	12 1	61 1	88 1	32 1	10 1	68 1	2 1	16 1	60 1	57 1	59 1	72 1	53 1	7 1
28 1	39 1	51 1	54 1	32 1	42 1	37 1	67 1	4 1	73 1	1 1	47 1	56 1	12 1	41 1	24 1	88 1	48 1	29 1	44 1	81 1	61 1	64 1	21 1	19 1	58 1	65 1	8 1	74 1	59 1	85 1	55 1	71 1	6 1	16 1	76 1	9 1	15 1	52 1	27 1	80 1	49 1	13 1	22 1	86 1	25 1	57 1	45 1	82 1	77 1	36 1	66 1	20 1	2 1	69 1	23 1	7 1	78 1	50 1	17 1	84 1	46 1	63 1	26 1	30 1	11 1	35 1	62 1	79 1	40 1	53 1	33 1	18 1	72 1	10 1	83 1	87 1	75 1	60 1	38 1	31 1	34 1	70 1	5 1	68 1	14 1	43 1	89 1	0 1	3 1
26 1	36 1	67 1	12 1	5 1	56 1	85 1	9 1	25 1	19 1	30 1	7 1	74 1	27 1	18 1	63 1	39 1	38 1	29 1	81 1	31 1	66 1	45 1	61 1	34 1	3 1	78 1	68 1	71 1	73 1	80 1	13 1	2 1	49 1	22 1	0 1	62 1	16 1	46 1	8 1	42 1	48 1	76 1	23 1	37 1	82 1	84 1	47 1	69 1	83 1	89 1	77 1	14 1	28 1	50 1	44 1	6 1	15 1	86 1	33 1	70 1	57 1	55 1	43 1	58 1	17 1	10 1	35 1	72 1	59 1	60 1	32 1	41 1	88 1	20 1	87 1	21 1	53 1	75 1	4 1	64 1	11 1	52 1	1 1	79 1	54 1	40 1	65 1	51 1	24 1
11 1	80 1	56 1	50 1	46 1	67 1	53 1	69 1	14 1	3 1	64 1	40 1	31 1	47 1	61 1	26 1	63 1	5 1	20 1	35 1	0 1	84 1	37 1	10 1	29 1	58 1	28 1	68 1	18 1	43 1	66 1	48 1	36 1	23 1	45 1	74 1	1 1	15 1	6 1	41 1	71 1	27 1	25 1	89 1	4 1	39 1	59 1	57 1	79 1	65 1	17 1	81 1	70 1	30 1	88 1	62 1	13 1	83 1	44 1	42 1	77 1	75 1	73 1	72 1	60 1	22 1	9 1	55 1	12 1	78 1	54 1	51 1	87 1	76 1	52 1	85 1	34 1	2 1	82 1	86 1	19 1	16 1	7 1	38 1	32 1	24 1	49 1	21 1	8 1	33 1
73 1	9 1	17 1	49 1	47 1	69 1	37 1	66 1	68 1	16 1	52 1	35 1	38 1	44 1	2 1	63 1	61 1	32 1	87 1	56 1	42 1	19 1	27 1	7 1	46 1	15 1	31 1	81 1	25 1	58 1	85 1	28 1	59 1	79 1	70 1	88 1	22 1	23 1	50 1	34 1	54 1	39 1	72 1	77 1	6 1	30 1	43 1	8 1	74 1	75 1	76 1	86 1	11 1	18 1	36 1	21 1	29 1	51 1	45 1	83 1	82 1	48 1	3 1	89 1	1 1	62 1	33 1	67 1	0 1	4 1	80 1	78 1	10 1	20 1	13 1	64 1	53 1	40 1	65 1	12 1	5 1	55 1	14 1	84 1	41 1	60 1	71 1	57 1	26 1	24 1
22 1	60 1	25 1	56 1	1 1	20 1	71 1	6 1	55 1	36 1	81 1	3 1	8 1	50 1	57 1	43 1	46 1	41 1	4 1	38 1	85 1	52 1	11 1	75 1	40 1	2 1	48 1	9 1	70 1	54 1	13 1	23 1	29 1	77 1	89 1	42 1	35 1	69 1	83 1	59 1	82 1	80 1	16 1	51 1	19 1	34 1	65 1	31 1	73 1	14 1	66 1	86 1	21 1	79 1	27 1	10 1	58 1	76 1	45 1	68 1	67 1	84 1	53 1	24 1	78 1	74 1	7 1	64 1	63 1	47 1	72 1	5 1	18 1	15 1	39 1	87 1	12 1	49 1	44 1	26 1	88 1	0 1	33 1	32 1	37 1	28 1	61 1	17 1	62 1	30 1
6 1	28 1	89 1	78 1	35 1	69 1	23 1	60 1	25 1	44 1	83 1	21 1	14 1	56 1	37 1	54 1	77 1	88 1	17 1	8 1	82 1	76 1	75 1	49 1	80 1	32 1	30 1	19 1	38 1	27 1	62 1	11 1	48 1	12 1	1 1	86 1	13 1	3 1	43 1	65 1	20 1	79 1	68 1	55 1	46 1	39 1	16 1	41 1	67 1	57 1	47 1	26 1	24 1	73 1	87 1	34 1	7 1	85 1	31 1	72 1	66 1	45 1	5 1	0 1	64 1	74 1	15 1	71 1	58 1	42 1	50 1	63 1	40 1	51 1	29 1	84 1	22 1	53 1	59 1	9 1	4 1	61 1	2 1	18 1	33 1	36 1	70 1	81 1	52 1	10 1
75 1	72 1	34 1	66 1	61 1	79 1	22 1	41 1	58 1	46 1	48 1	81 1	38 1	56 1	74 1	4 1	6 1	1 1	55 1	64 1	10 1	2 1	11 1	54 1	42 1	68 1	15 1	62 1	32 1	28 1	25 1	24 1	31 1	88 1	20 1	23 1	26 1	27 1	44 1	39 1	73 1	40 1	19 1	71 1	21 1	13 1	51 1	18 1	12 1	16 1	63 1	35 1	29 1	50 1	30 1	70 1	86 1	49 1	65 1	17 1	83 1	89 1	3 1	0 1	78 1	47 1	84 1	14 1	80 1	53 1	76 1	82 1	60 1	87 1	9 1	67 1	77 1	5 1	57 1	45 1	37 1	59 1	36 1	69 1	7 1	43 1	8 1	33 1	52 1	85 1
74 1	38 1	69 1	2 1	42 1	58 1	56 1	24 1	22 1	3 1	31 1	35 1	72 1	49 1	40 1	9 1	83 1	64 1	11 1	68 1	36 1	23 1	79 1	50 1	87 1	84 1	52 1	61 1	17 1	39 1	44 1	26 1	30 1	33 1	29 1	77 1	81 1	10 1	47 1	4 1	66 1	59 1	1 1	88 1	14 1	16 1	67 1	65 1	76 1	53 1	15 1	27 1	80 1	43 1	71 1	82 1	19 1	86 1	8 1	13 1	60 1	70 1	46 1	57 1	45 1	89 1	85 1	32 1	55 1	37 1	21 1	48 1	6 1	5 1	54 1	18 1	41 1	34 1	20 1	75 1	28 1	78 1	7 1	12 1	25 1	51 1	73 1	63 1	62 1	0 1
27 1	65 1	41 1	86 1	50 1	73 1	10 1	4 1	59 1	62 1	18 1	52 1	23 1	49 1	74 1	57 1	56 1	0 1	29 1	11 1	46 1	24 1	2 1	37 1	28 1	8 1	69 1	43 1	88 1	89 1	16 1	20 1	39 1	12 1	14 1	72 1	75 1	38 1	82 1	79 1	77 1	21 1	32 1	63 1	58 1	53 1	55 1	61 1	34 1	78 1	33 1	13 1	87 1	85 1	30 1	1 1	19 1	44 1	40 1	22 1	7 1	68 1	71 1	81 1	42 1	3 1	66 1	5 1	60 1	67 1	36 1	76 1	51 1	80 1	83 1	70 1	47 1	84 1	25 1	31 1	26 1	45 1	54 1	35 1	9 1	15 1	17 1	64 1	48 1	6 1
76 1	39 1	82 1	30 1	34 1	85 1	9 1	48 1	16 1	29 1	89 1	24 1	74 1	71 1	36 1	25 1	37 1	47 1	17 1	26 1	21 1	75 1	14 1	62 1	64 1	6 1	2 1	32 1	23 1	22 1	79 1	77 1	61 1	15 1	81 1	86 1	31 1	0 1	27 1	19 1	78 1	59 1	52 1	50 1	51 1	43 1	56 1	55 1	63 1	66 1	88 1	13 1	67 1	1 1	12 1	38 1	58 1	53 1	8 1	84 1	33 1	18 1	54 1	35 1	72 1	70 1	46 1	60 1	65 1	45 1	73 1	10 1	49 1	44 1	57 1	28 1	83 1	11 1	42 1	5 1	69 1	3 1	7 1	87 1	40 1	4 1	41 1	68 1	80 1	20 1
79 1	22 1	50 1	18 1	84 1	66 1	63 1	16 1	82 1	1 1	37 1	40 1	14 1	17 1	54 1	9 1	70 1	74 1	87 1	0 1	28 1	26 1	75 1	31 1	5 1	51 1	7 1	62 1	12 1	33 1	29 1	10 1	77 1	44 1	3 1	46 1	39 1	8 1	35 1	53 1	52 1	20 1	85 1	68 1	6 1	38 1	4 1	76 1	42 1	48 1	80 1	83 1	2 1	21 1	45 1	19 1	43 1	56 1	72 1	89 1	55 1	88 1	36 1	71 1	15 1	49 1	64 1	30 1	34 1	23 1	47 1	32 1	81 1	13 1	78 1	73 1	86 1	61 1	60 1	57 1	59 1	65 1	41 1	69 1	27 1	24 1	11 1	67 1	25 1	58 1
55 1	9 1	29 1	40 1	39 1	36 1	5 1	72 1	38 1	2 1	68 1	73 1	65 1	20 1	48 1	34 1	16 1	70 1	88 1	83 1	80 1	18 1	69 1	23 1	53 1	58 1	14 1	77 1	67 1	50 1	74 1	17 1	71 1	66 1	41 1	28 1	7 1	33 1	10 1	75 1	56 1	1 1	12 1	87 1	15 1	79 1	4 1	78 1	61 1	26 1	42 1	31 1	25 1	44 1	24 1	47 1	32 1	84 1	76 1	11 1	63 1	6 1	8 1	59 1	13 1	21 1	85 1	22 1	30 1	45 1	0 1	86 1	19 1	37 1	51 1	3 1	81 1	49 1	64 1	62 1	46 1	54 1	82 1	27 1	57 1	43 1	35 1	52 1	89 1	60 1
70 1	50 1	1 1	62 1	81 1	53 1	31 1	33 1	54 1	7 1	48 1	61 1	5 1	2 1	36 1	14 1	0 1	66 1	58 1	88 1	34 1	19 1	49 1	84 1	42 1	80 1	57 1	79 1	45 1	25 1	37 1	24 1	67 1	52 1	27 1	15 1	39 1	10 1	38 1	72 1	32 1	13 1	77 1	51 1	64 1	59 1	75 1	86 1	44 1	11 1	69 1	82 1	26 1	28 1	30 1	63 1	43 1	18 1	73 1	46 1	9 1	83 1	41 1	68 1	17 1	4 1	85 1	78 1	71 1	89 1	20 1	47 1	87 1	65 1	16 1	8 1	76 1	6 1	60 1	12 1	74 1	22 1	56 1	35 1	29 1	40 1	21 1	55 1	3 1	23 1
36 1	14 1	46 1	28 1	69 1	21 1	47 1	17 1	23 1	78 1	26 1	79 1	10 1	32 1	9 1	73 1	49 1	52 1	67 1	51 1	22 1	82 1	4 1	86 1	27 1	61 1	45 1	40 1	31 1	41 1	15 1	64 1	48 1	81 1	63 1	16 1	0 1	62 1	37 1	18 1	66 1	35 1	55 1	38 1	68 1	50 1	39 1	13 1	70 1	60 1	24 1	1 1	6 1	20 1	54 1	77 1	88 1	71 1	84 1	11 1	59 1	12 1	29 1	75 1	56 1	87 1	85 1	65 1	89 1	33 1	76 1	42 1	53 1	44 1	72 1	2 1	80 1	5 1	30 1	34 1	19 1	8 1	25 1	58 1	43 1	3 1	57 1	7 1	74 1	83 1
62 1	70 1	24 1	8 1	40 1	50 1	63 1	83 1	85 1	67 1	55 1	35 1	20 1	61 1	65 1	47 1	34 1	46 1	80 1	75 1	43 1	82 1	36 1	38 1	84 1	77 1	49 1	69 1	12 1	48 1	10 1	54 1	19 1	60 1	9 1	68 1	18 1	11 1	66 1	30 1	25 1	7 1	53 1	51 1	16 1	31 1	29 1	73 1	26 1	5 1	28 1	32 1	44 1	72 1	81 1	6 1	76 1	74 1	41 1	23 1	64 1	58 1	37 1	79 1	33 1	89 1	39 1	15 1	22 1	42 1	86 1	45 1	78 1	2 1	56 1	0 1	52 1	4 1	71 1	13 1	88 1	57 1	17 1	87 1	3 1	1 1	21 1	27 1	59 1	14 1
69 1	2 1	50 1	71 1	30 1	87 1	47 1	42 1	6 1	59 1	23 1	48 1	28 1	58 1	63 1	77 1	11 1	44 1	83 1	0 1	22 1	73 1	82 1	10 1	62 1	35 1	75 1	1 1	5 1	17 1	89 1	15 1	33 1	27 1	3 1	45 1	26 1	31 1	68 1	61 1	76 1	55 1	51 1	34 1	54 1	65 1	52 1	29 1	86 1	39 1	78 1	66 1	80 1	32 1	38 1	4 1	25 1	84 1	13 1	60 1	16 1	85 1	18 1	79 1	40 1	8 1	74 1	36 1	46 1	24 1	19 1	70 1	67 1	57 1	41 1	81 1	72 1	20 1	7 1	9 1	21 1	43 1	64 1	14 1	37 1	53 1	88 1	56 1	49 1	12 1
87 1	16 1	4 1	40 1	8 1	54 1	10 1	1 1	80 1	14 1	26 1	50 1	30 1	55 1	35 1	75 1	70 1	19 1	56 1	32 1	53 1	47 1	82 1	36 1	5 1	34 1	2 1	18 1	64 1	85 1	57 1	41 1	24 1	25 1	76 1	68 1	21 1	28 1	31 1	52 1	29 1	79 1	7 1	62 1	67 1	39 1	3 1	86 1	11 1	81 1	12 1	9 1	71 1	60 1	69 1	23 1	43 1	66 1	49 1	77 1	0 1	73 1	20 1	61 1	51 1	6 1	48 1	33 1	63 1	74 1	89 1	65 1	13 1	88 1	17 1	42 1	84 1	72 1	22 1	44 1	46 1	58 1	78 1	83 1	37 1	59 1	15 1	45 1	27 1	38 1
45 1	0 1	74 1	17 1	81 1	20 1	86 1	27 1	64 1	46 1	28 1	1 1	22 1	44 1	77 1	19 1	18 1	13 1	62 1	55 1	23 1	15 1	42 1	83 1	8 1	7 1	6 1	78 1	65 1	75 1	53 1	4 1	67 1	58 1	3 1	16 1	76 1	88 1	24 1	36 1	87 1	72 1	5 1	80 1	49 1	54 1	35 1	71 1	39 1	68 1	52 1	84 1	34 1	60 1	32 1	33 1	82 1	51 1	43 1	61 1	21 1	31 1	11 1	48 1	63 1	41 1	2 1	40 1	30 1	9 1	79 1	57 1	14 1	85 1	10 1	70 1	69 1	56 1	89 1	38 1	66 1	59 1	25 1	73 1	37 1	26 1	50 1	12 1	47 1	29 1
64 1	21 1	69 1	15 1	8 1	46 1	81 1	24 1	54 1	20 1	73 1	71 1	44 1	33 1	19 1	70 1	42 1	88 1	65 1	22 1	43 1	58 1	7 1	80 1	40 1	39 1	12 1	57 1	77 1	85 1	37 1	45 1	25 1	78 1	52 1	6 1	63 1	49 1	28 1	61 1	10 1	9 1	84 1	66 1	60 1	5 1	51 1	48 1	14 1	29 1	13 1	89 1	67 1	79 1	82 1	36 1	50 1	30 1	18 1	74 1	38 1	2 1	27 1	32 1	0 1	83 1	4 1	62 1	23 1	76 1	1 1	53 1	41 1	75 1	34 1	68 1	26 1	87 1	17 1	86 1	72 1	56 1	16 1	11 1	3 1	55 1	47 1	31 1	35 1	59 1
86 1	38 1	59 1	81 1	47 1	65 1	46 1	24 1	1 1	57 1	0 1	34 1	54 1	70 1	26 1	58 1	63 1	60 1	17 1	22 1	55 1	40 1	73 1	41 1	32 1	5 1	13 1	27 1	64 1	30 1	18 1	78 1	75 1	72 1	44 1	68 1	15 1	9 1	37 1	20 1	43 1	4 1	6 1	50 1	21 1	85 1	8 1	67 1	11 1	52 1	29 1	16 1	25 1	77 1	48 1	10 1	45 1	76 1	42 1	61 1	12 1	35 1	7 1	82 1	23 1	69 1	83 1	80 1	84 1	51 1	31 1	79 1	62 1	33 1	36 1	66 1	88 1	28 1	3 1	74 1	39 1	2 1	19 1	87 1	53 1	14 1	89 1	49 1	71 1	56 1
12 1	27 1	68 1	41 1	80 1	3 1	48 1	33 1	29 1	38 1	5 1	54 1	49 1	59 1	1 1	45 1	16 1	21 1	43 1	11 1	73 1	78 1	34 1	9 1	8 1	28 1	20 1	30 1	56 1	71 1	74 1	58 1	22 1	57 1	66 1	87 1	44 1	55 1	4 1	79 1	39 1	52 1	47 1	17 1	53 1	24 1	63 1	13 1	69 1	65 1	10 1	50 1	62 1	15 1	51 1	37 1	0 1	88 1	72 1	25 1	2 1	32 1	36 1	84 1	85 1	35 1	14 1	7 1	64 1	75 1	18 1	46 1	23 1	86 1	82 1	40 1	77 1	19 1	42 1	67 1	83 1	81 1	31 1	61 1	70 1	89 1	60 1	26 1	6 1	76 1
3 1	48 1	25 1	28 1	30 1	37 1	89 1	77 1	40 1	9 1	70 1	17 1	49 1	52 1	71 1	12 1	1 1	13 1	57 1	74 1	6 1	38 1	58 1	26 1	88 1	84 1	31 1	43 1	32 1	51 1	5 1	56 1	65 1	66 1	64 1	14 1	60 1	50 1	73 1	18 1	46 1	82 1	67 1	16 1	59 1	53 1	22 1	29 1	8 1	21 1	23 1	10 1	87 1	33 1	83 1	47 1	11 1	0 1	78 1	39 1	62 1	81 1	34 1	27 1	7 1	76 1	2 1	68 1	20 1	75 1	80 1	85 1	44 1	4 1	19 1	55 1	69 1	45 1	36 1	63 1	79 1	54 1	42 1	15 1	41 1	61 1	72 1	35 1	86 1	24 1
85 1	55 1	23 1	7 1	63 1	88 1	87 1	16 1	84 1	54 1	72 1	39 1	89 1	61 1	60 1	4 1	45 1	46 1	25 1	68 1	43 1	71 1	17 1	28 1	67 1	62 1	27 1	52 1	19 1	80 1	78 1	18 1	35 1	41 1	59 1	75 1	30 1	70 1	5 1	34 1	22 1	12 1	2 1	26 1	11 1	82 1	83 1	6 1	69 1	50 1	49 1	47 1	86 1	20 1	29 1	64 1	51 1	53 1	33 1	31 1	37 1	9 1	1 1	73 1	40 1	74 1	15 1	48 1	8 1	77 1	44 1	24 1	76 1	66 1	13 1	81 1	3 1	0 1	79 1	21 1	32 1	58 1	14 1	65 1	42 1	57 1	36 1	38 1	56 1	10 1
12 1	65 1	27 1	29 1	56 1	40 1	11 1	46 1	47 1	62 1	28 1	72 1	2 1	50 1	69 1	86 1	21 1	44 1	49 1	83 1	63 1	73 1	52 1	17 1	54 1	19 1	59 1	57 1	1 1	4 1	9 1	39 1	26 1	84 1	20 1	78 1	8 1	76 1	71 1	88 1	3 1	33 1	18 1	36 1	34 1	22 1	15 1	0 1	61 1	85 1	89 1	16 1	58 1	14 1	66 1	80 1	42 1	68 1	10 1	87 1	77 1	53 1	82 1	64 1	45 1	37 1	7 1	41 1	13 1	24 1	67 1	74 1	55 1	25 1	30 1	75 1	51 1	48 1	60 1	79 1	32 1	70 1	23 1	35 1	81 1	43 1	5 1	31 1	6 1	38 1
29 1	64 1	45 1	74 1	18 1	73 1	37 1	77 1	48 1	8 1	5 1	78 1	63 1	42 1	7 1	57 1	33 1	59 1	69 1	30 1	55 1	17 1	50 1	35 1	41 1	40 1	25 1	86 1	52 1	72 1	22 1	13 1	26 1	68 1	14 1	82 1	19 1	38 1	81 1	67 1	1 1	79 1	88 1	0 1	51 1	75 1	32 1	71 1	4 1	36 1	54 1	39 1	46 1	10 1	2 1	53 1	80 1	61 1	70 1	11 1	58 1	85 1	3 1	84 1	20 1	49 1	6 1	83 1	16 1	15 1	47 1	34 1	89 1	62 1	21 1	87 1	65 1	23 1	60 1	66 1	43 1	76 1	9 1	56 1	12 1	31 1	24 1	28 1	27 1	44 1
32 1	19 1	88 1	59 1	80 1	68 1	57 1	79 1	1 1	47 1	10 1	2 1	33 1	38 1	23 1	3 1	81 1	12 1	73 1	74 1	25 1	18 1	5 1	17 1	46 1	51 1	20 1	15 1	27 1	54 1	65 1	42 1	64 1	40 1	44 1	43 1	36 1	62 1	35 1	49 1	84 1	82 1	6 1	14 1	52 1	53 1	28 1	70 1	61 1	86 1	41 1	76 1	72 1	9 1	78 1	85 1	87 1	56 1	24 1	63 1	37 1	48 1	34 1	0 1	50 1	21 1	13 1	22 1	8 1	45 1	66 1	29 1	89 1	11 1	58 1	77 1	31 1	83 1	71 1	4 1	30 1	75 1	60 1	26 1	67 1	7 1	69 1	55 1	39 1	16 1
37 1	15 1	1 1	3 1	21 1	32 1	52 1	41 1	67 1	7 1	8 1	38 1	59 1	63 1	44 1	12 1	19 1	34 1	30 1	71 1	27 1	51 1	25 1	43 1	16 1	39 1	84 1	83 1	31 1	64 1	66 1	69 1	62 1	14 1	70 1	78 1	47 1	5 1	42 1	61 1	81 1	86 1	74 1	29 1	9 1	0 1	56 1	53 1	40 1	49 1	85 1	46 1	68 1	10 1	89 1	26 1	28 1	33 1	54 1	20 1	36 1	24 1	58 1	22 1	2 1	17 1	75 1	87 1	73 1	88 1	11 1	23 1	79 1	60 1	77 1	82 1	72 1	4 1	80 1	55 1	50 1	65 1	18 1	48 1	35 1	76 1	57 1	45 1	6 1	13 1
70 1	36 1	54 1	83 1	77 1	24 1	59 1	82 1	42 1	50 1	79 1	65 1	37 1	10 1	23 1	19 1	34 1	48 1	75 1	22 1	32 1	21 1	71 1	25 1	45 1	41 1	12 1	15 1	72 1	2 1	47 1	80 1	64 1	68 1	44 1	58 1	53 1	88 1	4 1	0 1	55 1	8 1	17 1	69 1	1 1	49 1	35 1	43 1	52 1	27 1	16 1	78 1	33 1	85 1	84 1	89 1	20 1	38 1	62 1	60 1	56 1	6 1	66 1	57 1	51 1	26 1	5 1	13 1	3 1	30 1	40 1	31 1	73 1	9 1	29 1	46 1	81 1	87 1	11 1	18 1	28 1	74 1	39 1	76 1	67 1	61 1	14 1	86 1	7 1	63 1
67 1	46 1	27 1	74 1	40 1	71 1	13 1	44 1	35 1	89 1	17 1	39 1	8 1	2 1	82 1	5 1	81 1	49 1	59 1	9 1	64 1	45 1	29 1	79 1	41 1	87 1	53 1	50 1	56 1	38 1	47 1	37 1	10 1	58 1	63 1	43 1	32 1	65 1	30 1	24 1	12 1	19 1	70 1	78 1	11 1	31 1	7 1	75 1	42 1	48 1	16 1	4 1	57 1	54 1	80 1	14 1	83 1	21 1	28 1	66 1	86 1	76 1	72 1	18 1	20 1	26 1	85 1	3 1	23 1	36 1	1 1	77 1	34 1	22 1	60 1	0 1	62 1	6 1	51 1	68 1	61 1	55 1	84 1	25 1	88 1	52 1	73 1	69 1	15 1	33 1
0 1	80 1	89 1	45 1	61 1	69 1	42 1	9 1	34 1	63 1	24 1	30 1	47 1	72 1	64 1	49 1	77 1	15 1	58 1	2 1	43 1	33 1	46 1	56 1	88 1	36 1	44 1	3 1	73 1	1 1	68 1	39 1	13 1	27 1	40 1	10 1	60 1	65 1	71 1	81 1	41 1	35 1	57 1	31 1	55 1	70 1	67 1	32 1	84 1	79 1	52 1	75 1	54 1	14 1	50 1	17 1	53 1	82 1	38 1	18 1	59 1	19 1	6 1	26 1	23 1	78 1	85 1	22 1	21 1	12 1	4 1	11 1	62 1	28 1	5 1	25 1	37 1	8 1	48 1	29 1	86 1	7 1	76 1	83 1	87 1	51 1	74 1	20 1	16 1	66 1
78 1	52 1	7 1	81 1	33 1	16 1	58 1	85 1	86 1	75 1	20 1	25 1	57 1	60 1	4 1	32 1	59 1	88 1	61 1	44 1	26 1	15 1	63 1	74 1	89 1	47 1	29 1	40 1	37 1	54 1	39 1	77 1	53 1	83 1	18 1	9 1	27 1	11 1	24 1	56 1	70 1	31 1	65 1	76 1	42 1	72 1	8 1	23 1	0 1	67 1	34 1	6 1	66 1	43 1	64 1	80 1	62 1	14 1	41 1	30 1	1 1	49 1	45 1	10 1	19 1	3 1	51 1	55 1	73 1	50 1	46 1	17 1	12 1	2 1	38 1	79 1	36 1	84 1	13 1	68 1	82 1	22 1	28 1	71 1	87 1	69 1	21 1	35 1	48 1	5 1
17 1	42 1	85 1	51 1	16 1	78 1	60 1	50 1	80 1	45 1	88 1	21 1	28 1	89 1	35 1	56 1	12 1	63 1	82 1	20 1	66 1	9 1	4 1	86 1	24 1	52 1	65 1	87 1	6 1	69 1	39 1	34 1	75 1	53 1	55 1	72 1	10 1	49 1	46 1	29 1	43 1	76 1	81 1	44 1	1 1	25 1	74 1	13 1	33 1	41 1	15 1	68 1	47 1	37 1	31 1	7 1	58 1	62 1	48 1	77 1	61 1	64 1	67 1	5 1	38 1	26 1	30 1	27 1	18 1	59 1	83 1	71 1	0 1	22 1	54 1	11 1	14 1	8 1	32 1	79 1	70 1	3 1	36 1	40 1	84 1	73 1	2 1	19 1	23 1	57 1
5 1	9 1	16 1	83 1	43 1	41 1	13 1	64 1	40 1	28 1	68 1	12 1	74 1	27 1	48 1	45 1	75 1	53 1	58 1	36 1	73 1	61 1	22 1	37 1	46 1	88 1	56 1	87 1	10 1	0 1	84 1	50 1	70 1	51 1	11 1	7 1	55 1	57 1	26 1	29 1	52 1	62 1	80 1	42 1	17 1	71 1	69 1	59 1	78 1	72 1	19 1	18 1	67 1	32 1	81 1	1 1	21 1	89 1	82 1	33 1	85 1	39 1	23 1	31 1	63 1	79 1	25 1	30 1	6 1	34 1	20 1	35 1	65 1	47 1	3 1	14 1	44 1	38 1	24 1	15 1	4 1	77 1	8 1	86 1	66 1	54 1	76 1	49 1	60 1	2 1
16 1	67 1	60 1	18 1	36 1	72 1	15 1	9 1	75 1	39 1	66 1	42 1	7 1	55 1	56 1	86 1	28 1	87 1	4 1	73 1	1 1	79 1	51 1	71 1	24 1	20 1	17 1	14 1	29 1	52 1	85 1	19 1	12 1	41 1	6 1	78 1	22 1	2 1	8 1	74 1	77 1	58 1	13 1	84 1	43 1	88 1	61 1	25 1	3 1	34 1	30 1	64 1	33 1	81 1	40 1	37 1	38 1	26 1	89 1	23 1	62 1	59 1	11 1	32 1	21 1	83 1	65 1	44 1	10 1	68 1	57 1	5 1	31 1	46 1	69 1	45 1	47 1	35 1	70 1	54 1	80 1	49 1	48 1	50 1	82 1	0 1	76 1	27 1	53 1	63 1
56 1	4 1	0 1	28 1	73 1	59 1	44 1	15 1	34 1	87 1	78 1	19 1	83 1	82 1	8 1	18 1	40 1	74 1	66 1	65 1	55 1	11 1	2 1	52 1	5 1	38 1	29 1	22 1	53 1	46 1	45 1	6 1	9 1	51 1	88 1	30 1	58 1	69 1	3 1	64 1	31 1	35 1	89 1	68 1	86 1	17 1	76 1	42 1	1 1	14 1	48 1	12 1	67 1	24 1	13 1	32 1	75 1	27 1	10 1	47 1	43 1	60 1	16 1	37 1	50 1	71 1	85 1	41 1	20 1	80 1	77 1	63 1	81 1	70 1	84 1	39 1	7 1	62 1	79 1	21 1	36 1	26 1	23 1	72 1	57 1	61 1	33 1	25 1	49 1	54 1
67 1	57 1	27 1	66 1	41 1	12 1	85 1	46 1	11 1	10 1	79 1	44 1	1 1	22 1	80 1	86 1	33 1	28 1	62 1	36 1	3 1	77 1	69 1	2 1	13 1	84 1	81 1	32 1	82 1	8 1	65 1	6 1	23 1	15 1	26 1	31 1	72 1	75 1	55 1	43 1	52 1	59 1	76 1	73 1	89 1	19 1	25 1	64 1	58 1	87 1	50 1	24 1	37 1	4 1	51 1	14 1	29 1	60 1	68 1	61 1	56 1	0 1	48 1	42 1	54 1	9 1	49 1	71 1	35 1	30 1	78 1	16 1	74 1	63 1	18 1	53 1	47 1	7 1	39 1	83 1	5 1	45 1	88 1	17 1	20 1	34 1	21 1	38 1	40 1	70 1
8 1	12 1	31 1	76 1	26 1	11 1	42 1	0 1	81 1	68 1	1 1	69 1	70 1	87 1	15 1	49 1	51 1	29 1	18 1	50 1	73 1	5 1	61 1	60 1	57 1	32 1	58 1	6 1	22 1	82 1	71 1	17 1	20 1	2 1	77 1	9 1	78 1	64 1	38 1	27 1	13 1	83 1	19 1	39 1	28 1	74 1	25 1	36 1	88 1	23 1	4 1	45 1	86 1	21 1	46 1	84 1	34 1	35 1	47 1	63 1	10 1	89 1	37 1	59 1	80 1	40 1	65 1	7 1	3 1	54 1	48 1	55 1	62 1	30 1	33 1	56 1	85 1	43 1	72 1	16 1	14 1	24 1	66 1	67 1	79 1	75 1	44 1	41 1	53 1	52 1
7 1	14 1	20 1	85 1	77 1	80 1	49 1	12 1	28 1	72 1	38 1	58 1	56 1	71 1	5 1	70 1	53 1	52 1	74 1	22 1	43 1	26 1	46 1	65 1	81 1	13 1	32 1	16 1	41 1	21 1	9 1	89 1	63 1	59 1	40 1	47 1	76 1	6 1	11 1	42 1	1 1	31 1	2 1	19 1	30 1	17 1	57 1	10 1	15 1	23 1	37 1	35 1	82 1	62 1	83 1	73 1	29 1	79 1	8 1	51 1	66 1	50 1	75 1	54 1	18 1	36 1	55 1	88 1	61 1	86 1	44 1	64 1	3 1	84 1	87 1	48 1	27 1	0 1	69 1	4 1	45 1	78 1	67 1	24 1	34 1	39 1	25 1	68 1	33 1	60 1
12 1	23 1	65 1	84 1	70 1	25 1	66 1	3 1	6 1	81 1	21 1	73 1	29 1	64 1	27 1	67 1	33 1	18 1	59 1	72 1	28 1	45 1	80 1	46 1	44 1	40 1	5 1	47 1	77 1	4 1	32 1	83 1	36 1	63 1	14 1	34 1	48 1	89 1	15 1	7 1	0 1	52 1	38 1	86 1	41 1	11 1	35 1	62 1	57 1	26 1	39 1	37 1	82 1	19 1	13 1	22 1	30 1	20 1	85 1	75 1	1 1	61 1	8 1	9 1	31 1	43 1	68 1	49 1	87 1	76 1	53 1	55 1	58 1	24 1	60 1	79 1	2 1	56 1	71 1	42 1	74 1	16 1	69 1	10 1	78 1	50 1	17 1	88 1	51 1	54 1
25 1	21 1	20 1	8 1	59 1	39 1	28 1	3 1	80 1	63 1	11 1	42 1	81 1	45 1	13 1	16 1	53 1	66 1	1 1	73 1	31 1	36 1	4 1	64 1	72 1	24 1	37 1	40 1	9 1	17 1	60 1	50 1	62 1	68 1	6 1	7 1	77 1	48 1	14 1	41 1	88 1	52 1	2 1	44 1	33 1	32 1	69 1	71 1	75 1	46 1	56 1	26 1	15 1	70 1	38 1	89 1	58 1	57 1	54 1	86 1	78 1	84 1	30 1	43 1	19 1	35 1	49 1	18 1	76 1	74 1	85 1	29 1	5 1	10 1	27 1	83 1	82 1	47 1	12 1	51 1	87 1	65 1	0 1	55 1	67 1	61 1	79 1	22 1	23 1	34 1
68 1	70 1	2 1	71 1	87 1	37 1	9 1	57 1	51 1	61 1	45 1	34 1	76 1	5 1	17 1	63 1	12 1	65 1	82 1	78 1	86 1	46 1	20 1	84 1	69 1	85 1	36 1	41 1	35 1	28 1	83 1	1 1	26 1	77 1	80 1	56 1	19 1	16 1	58 1	32 1	49 1	48 1	14 1	13 1	23 1	59 1	6 1	3 1	7 1	8 1	30 1	18 1	52 1	55 1	81 1	62 1	25 1	24 1	43 1	0 1	47 1	79 1	27 1	67 1	4 1	73 1	40 1	42 1	22 1	75 1	31 1	10 1	88 1	44 1	60 1	89 1	21 1	33 1	53 1	66 1	64 1	38 1	15 1	74 1	72 1	29 1	50 1	54 1	39 1	11 1
70 1	45 1	60 1	25 1	51 1	40 1	14 1	6 1	39 1	24 1	4 1	86 1	87 1	2 1	80 1	54 1	59 1	16 1	15 1	20 1	50 1	47 1	26 1	34 1	84 1	12 1	62 1	69 1	11 1	10 1	32 1	89 1	76 1	0 1	66 1	46 1	31 1	27 1	5 1	18 1	65 1	22 1	23 1	30 1	57 1	71 1	17 1	75 1	85 1	33 1	78 1	1 1	13 1	73 1	38 1	49 1	35 1	63 1	29 1	77 1	21 1	44 1	55 1	8 1	67 1	83 1	56 1	48 1	53 1	82 1	42 1	81 1	7 1	3 1	64 1	72 1	68 1	88 1	19 1	36 1	74 1	58 1	43 1	37 1	9 1	41 1	79 1	52 1	61 1	28 1
56 1	67 1	85 1	11 1	88 1	8 1	57 1	10 1	38 1	33 1	40 1	63 1	73 1	53 1	49 1	22 1	80 1	26 1	81 1	74 1	70 1	43 1	21 1	34 1	47 1	7 1	9 1	86 1	35 1	89 1	87 1	77 1	52 1	13 1	27 1	42 1	31 1	18 1	44 1	60 1	72 1	20 1	16 1	14 1	54 1	59 1	66 1	4 1	65 1	51 1	19 1	62 1	64 1	68 1	0 1	71 1	76 1	29 1	75 1	46 1	5 1	28 1	82 1	41 1	12 1	58 1	78 1	69 1	32 1	1 1	24 1	79 1	39 1	17 1	3 1	84 1	50 1	61 1	23 1	37 1	48 1	30 1	55 1	2 1	45 1	6 1	15 1	36 1	25 1	83 1
70 1	45 1	19 1	61 1	65 1	1 1	23 1	58 1	11 1	27 1	35 1	74 1	75 1	49 1	63 1	7 1	26 1	10 1	6 1	32 1	60 1	36 1	29 1	31 1	68 1	2 1	16 1	47 1	54 1	41 1	52 1	46 1	28 1	78 1	4 1	34 1	84 1	51 1	48 1	18 1	17 1	55 1	76 1	13 1	64 1	42 1	56 1	5 1	66 1	57 1	22 1	30 1	67 1	83 1	24 1	40 1	80 1	15 1	3 1	89 1	77 1	86 1	12 1	87 1	39 1	33 1	72 1	88 1	37 1	71 1	38 1	59 1	25 1	21 1	82 1	69 1	73 1	9 1	8 1	14 1	44 1	43 1	85 1	0 1	53 1	50 1	79 1	81 1	62 1	20 1
20 1	62 1	53 1	36 1	77 1	23 1	79 1	44 1	26 1	74 1	37 1	60 1	5 1	33 1	83 1	49 1	81 1	16 1	61 1	29 1	86 1	84 1	34 1	63 1	48 1	80 1	9 1	43 1	58 1	67 1	47 1	31 1	39 1	35 1	88 1	41 1	19 1	42 1	13 1	0 1	72 1	21 1	51 1	12 1	85 1	40 1	52 1	14 1	18 1	89 1	28 1	45 1	70 1	25 1	6 1	82 1	11 1	57 1	59 1	3 1	76 1	38 1	8 1	7 1	64 1	17 1	68 1	30 1	87 1	50 1	1 1	56 1	75 1	73 1	22 1	15 1	78 1	27 1	32 1	65 1	24 1	54 1	71 1	10 1	69 1	55 1	2 1	66 1	46 1	4 1
52 1	61 1	59 1	74 1	35 1	58 1	45 1	18 1	64 1	72 1	89 1	51 1	70 1	65 1	86 1	79 1	78 1	32 1	25 1	66 1	56 1	5 1	81 1	54 1	53 1	83 1	31 1	24 1	27 1	46 1	73 1	57 1	63 1	87 1	28 1	13 1	19 1	29 1	80 1	84 1	14 1	60 1	49 1	26 1	55 1	42 1	17 1	6 1	3 1	76 1	68 1	20 1	33 1	1 1	9 1	10 1	88 1	40 1	69 1	62 1	4 1	41 1	71 1	85 1	22 1	44 1	37 1	34 1	67 1	15 1	75 1	43 1	47 1	11 1	23 1	0 1	39 1	16 1	21 1	12 1	2 1	30 1	48 1	77 1	8 1	7 1	50 1	36 1	38 1	82 1
60 1	58 1	48 1	66 1	3 1	67 1	54 1	68 1	46 1	34 1	35 1	52 1	19 1	7 1	26 1	27 1	16 1	13 1	14 1	28 1	41 1	89 1	76 1	31 1	61 1	44 1	4 1	17 1	0 1	69 1	59 1	37 1	71 1	51 1	11 1	63 1	65 1	88 1	18 1	87 1	38 1	73 1	49 1	9 1	75 1	5 1	1 1	29 1	56 1	57 1	86 1	39 1	82 1	42 1	85 1	50 1	43 1	81 1	80 1	47 1	53 1	15 1	25 1	6 1	32 1	84 1	33 1	20 1	12 1	78 1	10 1	79 1	36 1	30 1	74 1	55 1	22 1	24 1	72 1	83 1	70 1	2 1	21 1	45 1	77 1	64 1	40 1	8 1	62 1	23 1
38 1	48 1	74 1	34 1	2 1	61 1	10 1	83 1	13 1	66 1	27 1	18 1	30 1	39 1	70 1	20 1	8 1	53 1	58 1	82 1	22 1	1 1	72 1	87 1	31 1	12 1	36 1	63 1	52 1	85 1	15 1	21 1	41 1	25 1	76 1	81 1	59 1	50 1	32 1	6 1	0 1	19 1	23 1	24 1	86 1	62 1	46 1	69 1	3 1	57 1	73 1	28 1	29 1	71 1	78 1	16 1	42 1	47 1	37 1	14 1	68 1	35 1	56 1	84 1	44 1	49 1	55 1	77 1	5 1	80 1	79 1	11 1	64 1	67 1	54 1	89 1	45 1	33 1	43 1	75 1	51 1	17 1	40 1	7 1	88 1	9 1	26 1	60 1	4 1	65 1
67 1	84 1	18 1	8 1	83 1	87 1	23 1	71 1	17 1	72 1	66 1	33 1	14 1	19 1	27 1	47 1	64 1	82 1	39 1	63 1	70 1	81 1	85 1	48 1	30 1	60 1	21 1	77 1	7 1	9 1	29 1	69 1	0 1	46 1	31 1	75 1	11 1	35 1	59 1	57 1	68 1	6 1	88 1	74 1	80 1	73 1	24 1	42 1	34 1	3 1	79 1	61 1	86 1	26 1	10 1	62 1	44 1	1 1	43 1	58 1	22 1	20 1	40 1	16 1	32 1	15 1	25 1	54 1	51 1	28 1	89 1	45 1	56 1	38 1	49 1	65 1	5 1	2 1	4 1	52 1	50 1	78 1	13 1	41 1	53 1	37 1	76 1	12 1	36 1	55 1
70 1	89 1	81 1	34 1	74 1	58 1	84 1	29 1	51 1	43 1	14 1	79 1	86 1	4 1	78 1	42 1	26 1	17 1	37 1	57 1	52 1	15 1	6 1	2 1	19 1	41 1	25 1	77 1	32 1	1 1	87 1	39 1	85 1	64 1	38 1	53 1	71 1	72 1	9 1	48 1	21 1	63 1	73 1	76 1	82 1	61 1	28 1	50 1	54 1	16 1	55 1	46 1	10 1	47 1	24 1	40 1	8 1	12 1	69 1	62 1	30 1	0 1	59 1	65 1	68 1	83 1	67 1	23 1	7 1	18 1	20 1	13 1	31 1	11 1	36 1	44 1	49 1	33 1	35 1	27 1	75 1	66 1	60 1	88 1	80 1	56 1	45 1	5 1	3 1	22 1
15 1	47 1	46 1	30 1	74 1	53 1	34 1	38 1	3 1	42 1	29 1	7 1	70 1	88 1	81 1	79 1	83 1	31 1	76 1	51 1	26 1	68 1	10 1	87 1	86 1	25 1	36 1	45 1	17 1	84 1	37 1	59 1	12 1	40 1	21 1	43 1	22 1	11 1	28 1	33 1	4 1	65 1	85 1	71 1	23 1	73 1	41 1	0 1	64 1	78 1	67 1	54 1	16 1	9 1	27 1	44 1	13 1	62 1	69 1	20 1	58 1	1 1	8 1	18 1	24 1	5 1	72 1	75 1	77 1	39 1	56 1	35 1	19 1	48 1	49 1	2 1	60 1	63 1	52 1	6 1	55 1	66 1	14 1	32 1	89 1	82 1	80 1	61 1	50 1	57 1
36 1	14 1	49 1	6 1	9 1	43 1	26 1	63 1	21 1	79 1	74 1	71 1	10 1	59 1	19 1	34 1	42 1	68 1	72 1	24 1	45 1	38 1	48 1	58 1	0 1	70 1	31 1	64 1	86 1	41 1	81 1	4 1	61 1	27 1	15 1	47 1	18 1	29 1	82 1	67 1	51 1	69 1	20 1	53 1	5 1	57 1	73 1	44 1	62 1	56 1	2 1	66 1	32 1	60 1	46 1	83 1	65 1	78 1	22 1	75 1	77 1	76 1	35 1	7 1	30 1	8 1	23 1	50 1	25 1	85 1	54 1	12 1	87 1	3 1	55 1	84 1	80 1	11 1	33 1	13 1	39 1	52 1	88 1	16 1	17 1	40 1	37 1	1 1	89 1	28 1
70 1	57 1	56 1	29 1	21 1	38 1	32 1	83 1	52 1	8 1	18 1	17 1	53 1	77 1	89 1	24 1	45 1	9 1	11 1	31 1	49 1	2 1	78 1	27 1	36 1	35 1	19 1	51 1	22 1	74 1	5 1	86 1	54 1	60 1	47 1	4 1	43 1	79 1	62 1	14 1	71 1	73 1	84 1	13 1	23 1	82 1	10 1	39 1	64 1	68 1	6 1	33 1	28 1	40 1	55 1	69 1	58 1	48 1	3 1	63 1	16 1	0 1	76 1	65 1	12 1	1 1	81 1	7 1	34 1	30 1	87 1	15 1	88 1	37 1	75 1	44 1	50 1	20 1	46 1	26 1	66 1	80 1	59 1	25 1	42 1	67 1	85 1	41 1	72 1	61 1
83 1	51 1	53 1	15 1	35 1	78 1	74 1	88 1	29 1	28 1	85 1	80 1	8 1	55 1	26 1	13 1	50 1	40 1	34 1	3 1	1 1	16 1	68 1	52 1	36 1	7 1	67 1	4 1	5 1	75 1	58 1	19 1	64 1	79 1	72 1	77 1	59 1	63 1	56 1	30 1	46 1	84 1	10 1	57 1	44 1	0 1	76 1	20 1	27 1	49 1	89 1	60 1	37 1	12 1	48 1	47 1	24 1	33 1	41 1	14 1	66 1	42 1	22 1	54 1	32 1	65 1	73 1	70 1	39 1	17 1	18 1	21 1	45 1	43 1	81 1	62 1	11 1	82 1	87 1	86 1	71 1	9 1	61 1	38 1	23 1	31 1	6 1	69 1	2 1	25 1
58 1	88 1	17 1	80 1	77 1	62 1	46 1	27 1	33 1	57 1	63 1	56 1	19 1	40 1	5 1	9 1	32 1	3 1	25 1	22 1	87 1	30 1	20 1	16 1	60 1	31 1	12 1	42 1	24 1	61 1	84 1	15 1	52 1	10 1	86 1	0 1	26 1	75 1	82 1	78 1	59 1	68 1	41 1	45 1	11 1	44 1	76 1	2 1	35 1	83 1	65 1	49 1	14 1	69 1	29 1	66 1	70 1	55 1	67 1	43 1	47 1	13 1	36 1	48 1	8 1	72 1	7 1	74 1	4 1	39 1	1 1	34 1	54 1	6 1	71 1	89 1	79 1	85 1	53 1	28 1	51 1	21 1	23 1	38 1	37 1	64 1	73 1	81 1	50 1	18 1
78 1	0 1	31 1	3 1	81 1	30 1	1 1	35 1	56 1	6 1	54 1	9 1	88 1	22 1	2 1	51 1	79 1	40 1	68 1	80 1	7 1	21 1	53 1	39 1	50 1	58 1	24 1	64 1	48 1	4 1	38 1	41 1	23 1	16 1	32 1	10 1	57 1	55 1	73 1	75 1	19 1	61 1	74 1	33 1	59 1	70 1	71 1	76 1	13 1	15 1	34 1	67 1	20 1	28 1	29 1	5 1	45 1	66 1	37 1	36 1	46 1	72 1	77 1	42 1	11 1	60 1	26 1	47 1	25 1	65 1	84 1	44 1	43 1	18 1	82 1	83 1	27 1	12 1	86 1	85 1	17 1	52 1	14 1	87 1	89 1	8 1	49 1	69 1	62 1	63 1
