20	100
37 1	75 1	83 1	18 1	99 1	36 1	19 1	95 1	68 1	21 1	8 1	41 1	66 1	17 1	31 1	42 1	58 1	82 1	29 1	88 1	24 1	74 1	57 1	16 1	52 1	98 1	84 1	71 1	93 1	96 1	28 1	38 1	0 1	70 1	81 1	59 1	60 1	73 1	47 1	50 1	1 1	89 1	65 1	25 1	51 1	72 1	43 1	69 1	46 1	48 1	5 1	23 1	44 1	6 1	62 1	4 1	33 1	35 1	34 1	97 1	26 1	13 1	56 1	94 1	30 1	54 1	20 1	78 1	10 1	15 1	85 1	22 1	61 1	76 1	7 1	67 1	64 1	90 1	87 1	77 1	9 1	49 1	14 1	91 1	39 1	53 1	55 1	11 1	79 1	2 1	40 1	80 1	32 1	12 1	63 1	92 1	27 1	3 1	86 1	45 1
90 1	68 1	43 1	15 1	99 1	57 1	67 1	63 1	29 1	38 1	77 1	5 1	27 1	8 1	70 1	25 1	54 1	7 1	87 1	83 1	69 1	32 1	21 1	81 1	72 1	65 1	30 1	52 1	17 1	37 1	86 1	19 1	47 1	39 1	40 1	76 1	20 1	4 1	28 1	91 1	36 1	26 1	0 1	49 1	34 1	79 1	18 1	64 1	56 1	41 1	10 1	93 1	60 1	71 1	88 1	50 1	85 1	22 1	35 1	13 1	92 1	16 1	62 1	59 1	6 1	73 1	11 1	80 1	33 1	74 1	23 1	55 1	53 1	78 1	98 1	14 1	12 1	75 1	89 1	2 1	46 1	45 1	48 1	9 1	61 1	31 1	96 1	97 1	95 1	1 1	84 1	94 1	44 1	24 1	58 1	82 1	3 1	51 1	42 1	66 1
28 1	92 1	8 1	52 1	89 1	56 1	84 1	66 1	2 1	50 1	20 1	30 1	58 1	39 1	63 1	23 1	13 1	77 1	65 1	76 1	79 1	53 1	0 1	61 1	48 1	42 1	96 1	72 1	80 1	91 1	78 1	95 1	44 1	97 1	40 1	37 1	10 1	81 1	70 1	46 1	67 1	51 1	62 1	86 1	36 1	94 1	88 1	38 1	9 1	16 1	12 1	73 1	11 1	71 1	26 1	18 1	32 1	29 1	33 1	83 1	19 1	45 1	69 1	49 1	98 1	3 1	85 1	5 1	47 1	93 1	90 1	68 1	55 1	24 1	15 1	43 1	31 1	74 1	54 1	82 1	34 1	14 1	57 1	25 1	87 1	17 1	60 1	35 1	21 1	99 1	27 1	59 1	64 1	7 1	1 1	6 1	4 1	22 1	41 1	75 1
36 1	40 1	71 1	49 1	19 1	9 1	55 1	25 1	11 1	5 1	12 1	37 1	88 1	1 1	21 1	50 1	73 1	64 1	41 1	46 1	8 1	53 1	28 1	7 1	76 1	62 1	31 1	83 1	2 1	57 1	24 1	96 1	91 1	87 1	0 1	92 1	22 1	45 1	67 1	61 1	34 1	26 1	74 1	82 1	75 1	78 1	43 1	63 1	86 1	56 1	80 1	23 1	79 1	60 1	85 1	10 1	6 1	4 1	29 1	77 1	30 1	42 1	13 1	90 1	35 1	52 1	33 1	39 1	93 1	18 1	3 1	98 1	65 1	94 1	17 1	70 1	44 1	66 1	59 1	68 1	16 1	54 1	20 1	38 1	47 1	72 1	89 1	32 1	58 1	97 1	27 1	95 1	14 1	15 1	69 1	81 1	99 1	48 1	84 1	51 1
64 1	34 1	19 1	78 1	74 1	83 1	68 1	59 1	0 1	93 1	7 1	36 1	69 1	41 1	53 1	17 1	35 1	12 1	15 1	54 1	13 1	61 1	8 1	85 1	86 1	75 1	90 1	77 1	33 1	84 1	10 1	76 1	71 1	47 1	82 1	81 1	79 1	20 1	42 1	50 1	4 1	23 1	96 1	99 1	38 1	37 1	62 1	2 1	65 1	5 1	32 1	91 1	44 1	57 1	94 1	3 1	49 1	6 1	52 1	97 1	70 1	1 1	72 1	21 1	25 1	40 1	46 1	87 1	11 1	27 1	9 1	51 1	89 1	26 1	28 1	80 1	66 1	88 1	67 1	39 1	95 1	92 1	45 1	16 1	31 1	98 1	18 1	56 1	22 1	48 1	43 1	55 1	29 1	63 1	30 1	60 1	14 1	24 1	58 1	73 1
5 1	35 1	70 1	21 1	10 1	3 1	72 1	56 1	47 1	34 1	74 1	9 1	88 1	60 1	97 1	38 1	84 1	32 1	39 1	1 1	85 1	16 1	46 1	14 1	19 1	79 1	75 1	11 1	15 1	27 1	92 1	53 1	93 1	40 1	87 1	30 1	65 1	61 1	67 1	0 1	20 1	66 1	58 1	55 1	71 1	44 1	18 1	37 1	48 1	49 1	29 1	76 1	81 1	31 1	28 1	33 1	63 1	36 1	50 1	86 1	7 1	25 1	68 1	41 1	13 1	77 1	83 1	24 1	23 1	73 1	91 1	95 1	69 1	4 1	82 1	57 1	12 1	59 1	51 1	22 1	80 1	96 1	98 1	42 1	54 1	78 1	45 1	17 1	62 1	8 1	94 1	90 1	2 1	64 1	99 1	26 1	6 1	52 1	43 1	89 1
70 1	20 1	21 1	64 1	43 1	59 1	41 1	89 1	86 1	99 1	8 1	5 1	47 1	62 1	94 1	77 1	66 1	39 1	92 1	24 1	16 1	87 1	2 1	91 1	55 1	73 1	48 1	26 1	69 1	0 1	56 1	88 1	54 1	45 1	17 1	23 1	98 1	6 1	50 1	13 1	90 1	3 1	32 1	83 1	95 1	67 1	22 1	35 1	30 1	25 1	78 1	58 1	33 1	11 1	85 1	38 1	15 1	53 1	44 1	57 1	93 1	68 1	40 1	10 1	61 1	51 1	63 1	18 1	46 1	81 1	82 1	27 1	49 1	76 1	96 1	42 1	14 1	9 1	71 1	31 1	52 1	12 1	1 1	60 1	19 1	7 1	80 1	74 1	75 1	29 1	84 1	72 1	37 1	97 1	34 1	28 1	65 1	79 1	4 1	36 1
54 1	4 1	37 1	51 1	90 1	92 1	39 1	77 1	29 1	28 1	74 1	86 1	50 1	87 1	5 1	42 1	80 1	13 1	16 1	71 1	55 1	8 1	34 1	52 1	48 1	31 1	84 1	33 1	81 1	43 1	94 1	68 1	72 1	14 1	78 1	82 1	44 1	38 1	60 1	88 1	20 1	11 1	66 1	17 1	0 1	53 1	27 1	26 1	36 1	15 1	22 1	73 1	83 1	12 1	24 1	70 1	46 1	61 1	58 1	75 1	6 1	97 1	62 1	40 1	47 1	3 1	57 1	35 1	79 1	93 1	1 1	41 1	32 1	19 1	23 1	67 1	63 1	99 1	95 1	85 1	2 1	9 1	56 1	69 1	21 1	98 1	89 1	18 1	91 1	76 1	30 1	59 1	25 1	10 1	49 1	64 1	96 1	65 1	7 1	45 1
81 1	85 1	94 1	68 1	60 1	34 1	2 1	71 1	19 1	87 1	91 1	32 1	3 1	21 1	41 1	49 1	14 1	9 1	62 1	67 1	46 1	43 1	38 1	98 1	40 1	16 1	58 1	90 1	76 1	73 1	44 1	89 1	30 1	79 1	97 1	93 1	63 1	77 1	5 1	39 1	48 1	83 1	20 1	6 1	33 1	47 1	56 1	24 1	96 1	23 1	1 1	0 1	75 1	10 1	95 1	15 1	54 1	70 1	26 1	18 1	8 1	66 1	80 1	92 1	7 1	74 1	65 1	86 1	29 1	50 1	36 1	78 1	42 1	12 1	17 1	84 1	37 1	99 1	53 1	31 1	22 1	28 1	55 1	59 1	27 1	57 1	35 1	11 1	51 1	52 1	88 1	64 1	4 1	13 1	72 1	45 1	69 1	25 1	61 1	82 1
14 1	45 1	29 1	95 1	77 1	53 1	86 1	47 1	75 1	4 1	37 1	3 1	73 1	31 1	49 1	46 1	76 1	52 1	23 1	48 1	97 1	83 1	89 1	33 1	36 1	60 1	88 1	63 1	2 1	9 1	18 1	24 1	68 1	10 1	62 1	92 1	96 1	20 1	25 1	34 1	30 1	6 1	67 1	71 1	57 1	80 1	21 1	0 1	32 1	51 1	35 1	99 1	40 1	42 1	74 1	72 1	1 1	13 1	8 1	22 1	26 1	7 1	98 1	90 1	41 1	87 1	19 1	50 1	64 1	81 1	70 1	79 1	85 1	17 1	28 1	91 1	39 1	82 1	61 1	16 1	5 1	66 1	54 1	58 1	43 1	78 1	84 1	94 1	65 1	44 1	15 1	12 1	55 1	59 1	11 1	38 1	56 1	93 1	27 1	69 1
47 1	93 1	66 1	63 1	16 1	25 1	34 1	52 1	46 1	83 1	58 1	81 1	69 1	98 1	12 1	44 1	31 1	10 1	90 1	4 1	3 1	42 1	55 1	75 1	72 1	43 1	57 1	82 1	14 1	28 1	39 1	17 1	97 1	35 1	36 1	60 1	45 1	24 1	64 1	50 1	33 1	37 1	53 1	88 1	27 1	0 1	9 1	94 1	85 1	62 1	80 1	99 1	74 1	68 1	91 1	22 1	86 1	95 1	59 1	67 1	2 1	30 1	51 1	23 1	20 1	87 1	76 1	56 1	77 1	79 1	84 1	78 1	29 1	73 1	92 1	21 1	61 1	70 1	65 1	54 1	7 1	48 1	5 1	18 1	89 1	11 1	6 1	71 1	96 1	49 1	8 1	38 1	26 1	32 1	15 1	40 1	41 1	19 1	13 1	1 1
93 1	17 1	51 1	24 1	1 1	48 1	75 1	49 1	86 1	22 1	39 1	32 1	12 1	56 1	76 1	53 1	18 1	45 1	92 1	80 1	83 1	52 1	3 1	35 1	28 1	43 1	7 1	14 1	0 1	37 1	62 1	99 1	97 1	6 1	71 1	19 1	25 1	8 1	78 1	73 1	4 1	89 1	23 1	10 1	64 1	70 1	95 1	11 1	31 1	46 1	79 1	69 1	9 1	88 1	57 1	42 1	87 1	81 1	13 1	33 1	5 1	29 1	54 1	15 1	77 1	67 1	61 1	40 1	98 1	82 1	59 1	58 1	91 1	72 1	27 1	21 1	85 1	20 1	41 1	55 1	50 1	94 1	34 1	96 1	84 1	63 1	30 1	16 1	66 1	65 1	68 1	90 1	60 1	38 1	47 1	74 1	44 1	36 1	2 1	26 1
1 1	10 1	95 1	42 1	92 1	9 1	94 1	2 1	79 1	99 1	69 1	64 1	16 1	93 1	40 1	15 1	45 1	90 1	68 1	50 1	73 1	25 1	97 1	37 1	41 1	17 1	77 1	11 1	35 1	81 1	28 1	0 1	63 1	83 1	56 1	18 1	70 1	46 1	31 1	57 1	29 1	21 1	27 1	5 1	60 1	49 1	66 1	38 1	53 1	33 1	80 1	8 1	82 1	55 1	61 1	76 1	98 1	86 1	3 1	72 1	6 1	91 1	88 1	44 1	14 1	87 1	39 1	59 1	43 1	54 1	96 1	85 1	7 1	89 1	26 1	78 1	47 1	74 1	22 1	52 1	34 1	12 1	19 1	23 1	67 1	36 1	51 1	71 1	13 1	84 1	20 1	75 1	65 1	30 1	48 1	4 1	58 1	62 1	32 1	24 1
93 1	81 1	91 1	37 1	50 1	65 1	38 1	47 1	83 1	49 1	20 1	71 1	15 1	4 1	88 1	30 1	43 1	75 1	97 1	28 1	76 1	62 1	98 1	78 1	0 1	58 1	12 1	57 1	40 1	31 1	90 1	60 1	66 1	61 1	79 1	77 1	21 1	67 1	8 1	69 1	92 1	22 1	73 1	63 1	54 1	16 1	68 1	32 1	87 1	19 1	1 1	64 1	55 1	7 1	46 1	89 1	18 1	51 1	26 1	52 1	42 1	85 1	34 1	3 1	72 1	33 1	6 1	23 1	94 1	44 1	96 1	80 1	48 1	35 1	53 1	74 1	70 1	27 1	39 1	10 1	36 1	41 1	9 1	82 1	86 1	84 1	45 1	17 1	14 1	29 1	56 1	99 1	5 1	2 1	11 1	25 1	24 1	95 1	13 1	59 1
32 1	77 1	38 1	91 1	15 1	57 1	59 1	43 1	46 1	0 1	5 1	64 1	48 1	20 1	90 1	35 1	79 1	22 1	87 1	51 1	61 1	98 1	83 1	63 1	29 1	62 1	53 1	56 1	36 1	82 1	84 1	86 1	26 1	72 1	66 1	55 1	23 1	85 1	45 1	44 1	99 1	28 1	70 1	75 1	13 1	41 1	16 1	14 1	78 1	42 1	34 1	31 1	10 1	37 1	25 1	30 1	96 1	74 1	50 1	47 1	6 1	54 1	7 1	52 1	1 1	40 1	92 1	12 1	2 1	73 1	65 1	95 1	69 1	81 1	21 1	93 1	49 1	67 1	9 1	71 1	18 1	27 1	33 1	94 1	3 1	4 1	39 1	8 1	88 1	17 1	97 1	60 1	19 1	11 1	24 1	80 1	58 1	89 1	68 1	76 1
20 1	49 1	99 1	51 1	19 1	7 1	61 1	38 1	87 1	44 1	81 1	48 1	64 1	6 1	59 1	47 1	45 1	68 1	21 1	65 1	4 1	57 1	22 1	84 1	34 1	90 1	73 1	60 1	72 1	92 1	82 1	0 1	78 1	30 1	2 1	9 1	16 1	28 1	70 1	29 1	17 1	37 1	31 1	96 1	97 1	36 1	69 1	27 1	95 1	62 1	14 1	12 1	54 1	77 1	50 1	43 1	71 1	41 1	56 1	76 1	86 1	42 1	3 1	25 1	15 1	94 1	10 1	52 1	88 1	39 1	11 1	5 1	26 1	93 1	63 1	33 1	35 1	85 1	91 1	67 1	66 1	23 1	58 1	40 1	53 1	46 1	18 1	89 1	83 1	55 1	74 1	98 1	1 1	75 1	80 1	13 1	8 1	24 1	32 1	79 1
68 1	73 1	55 1	65 1	59 1	11 1	84 1	57 1	87 1	40 1	98 1	63 1	13 1	29 1	32 1	75 1	20 1	95 1	66 1	14 1	60 1	89 1	24 1	12 1	92 1	45 1	10 1	54 1	62 1	6 1	43 1	97 1	1 1	5 1	76 1	53 1	99 1	83 1	49 1	47 1	51 1	25 1	72 1	34 1	15 1	26 1	23 1	31 1	17 1	74 1	64 1	4 1	81 1	39 1	2 1	96 1	58 1	71 1	86 1	7 1	35 1	50 1	16 1	91 1	42 1	19 1	27 1	48 1	90 1	21 1	67 1	82 1	93 1	9 1	70 1	94 1	30 1	88 1	52 1	41 1	77 1	80 1	69 1	44 1	0 1	79 1	61 1	56 1	33 1	22 1	8 1	38 1	85 1	28 1	78 1	37 1	3 1	46 1	18 1	36 1
48 1	51 1	40 1	59 1	86 1	46 1	67 1	33 1	76 1	93 1	68 1	39 1	90 1	55 1	85 1	36 1	92 1	79 1	34 1	4 1	28 1	9 1	22 1	64 1	10 1	94 1	53 1	26 1	52 1	54 1	37 1	31 1	0 1	3 1	18 1	87 1	19 1	16 1	5 1	80 1	1 1	91 1	14 1	2 1	98 1	69 1	97 1	13 1	89 1	88 1	57 1	77 1	81 1	42 1	96 1	71 1	60 1	45 1	21 1	38 1	82 1	72 1	32 1	84 1	25 1	29 1	41 1	66 1	74 1	50 1	11 1	95 1	99 1	70 1	61 1	83 1	24 1	58 1	63 1	30 1	20 1	12 1	44 1	78 1	35 1	6 1	75 1	56 1	27 1	65 1	23 1	47 1	17 1	73 1	15 1	49 1	62 1	8 1	43 1	7 1
16 1	79 1	64 1	18 1	50 1	65 1	35 1	63 1	61 1	84 1	23 1	17 1	98 1	13 1	60 1	95 1	99 1	70 1	31 1	0 1	97 1	81 1	9 1	24 1	10 1	90 1	27 1	68 1	92 1	57 1	39 1	37 1	34 1	93 1	3 1	29 1	41 1	14 1	83 1	6 1	30 1	87 1	47 1	67 1	77 1	91 1	36 1	4 1	15 1	46 1	33 1	38 1	19 1	53 1	51 1	58 1	88 1	59 1	20 1	82 1	26 1	89 1	86 1	55 1	11 1	66 1	96 1	52 1	5 1	71 1	12 1	22 1	8 1	7 1	62 1	56 1	73 1	21 1	72 1	1 1	44 1	43 1	85 1	80 1	94 1	54 1	25 1	28 1	74 1	42 1	49 1	78 1	2 1	69 1	45 1	75 1	76 1	48 1	32 1	40 1
9 1	76 1	86 1	81 1	93 1	91 1	6 1	4 1	88 1	3 1	75 1	66 1	44 1	37 1	36 1	1 1	63 1	2 1	21 1	82 1	64 1	83 1	47 1	0 1	10 1	14 1	23 1	61 1	48 1	65 1	24 1	28 1	92 1	38 1	31 1	59 1	11 1	42 1	52 1	46 1	99 1	45 1	43 1	87 1	78 1	19 1	71 1	55 1	16 1	60 1	54 1	33 1	35 1	84 1	39 1	85 1	96 1	79 1	7 1	58 1	69 1	89 1	29 1	15 1	77 1	18 1	20 1	17 1	51 1	34 1	68 1	67 1	70 1	74 1	5 1	97 1	41 1	49 1	95 1	53 1	26 1	25 1	73 1	27 1	12 1	22 1	40 1	57 1	30 1	62 1	90 1	72 1	98 1	80 1	50 1	8 1	56 1	13 1	32 1	94 1
