70	100
54 1	5 1	38 1	44 1	16 1	66 1	36 1	78 1	37 1	40 1	47 1	19 1	93 1	18 1	63 1	56 1	28 1	32 1	3 1	87 1	49 1	83 1	0 1	8 1	58 1	22 1	6 1	95 1	70 1	68 1	89 1	82 1	67 1	79 1	51 1	69 1	90 1	29 1	7 1	4 1	73 1	46 1	10 1	43 1	15 1	24 1	53 1	77 1	26 1	55 1	81 1	60 1	30 1	31 1	45 1	1 1	76 1	35 1	48 1	97 1	41 1	65 1	25 1	20 1	52 1	59 1	33 1	96 1	88 1	86 1	14 1	21 1	84 1	80 1	23 1	85 1	57 1	39 1	9 1	42 1	13 1	71 1	62 1	74 1	75 1	91 1	27 1	50 1	2 1	17 1	99 1	11 1	72 1	98 1	61 1	92 1	94 1	12 1	64 1	34 1
16 1	25 1	97 1	83 1	44 1	2 1	81 1	14 1	38 1	4 1	15 1	91 1	12 1	87 1	5 1	24 1	0 1	26 1	84 1	60 1	57 1	62 1	94 1	72 1	8 1	51 1	36 1	50 1	95 1	78 1	76 1	33 1	3 1	61 1	75 1	40 1	92 1	71 1	37 1	19 1	39 1	46 1	6 1	31 1	85 1	48 1	68 1	34 1	18 1	73 1	69 1	79 1	64 1	90 1	20 1	93 1	98 1	9 1	1 1	77 1	27 1	52 1	7 1	88 1	56 1	96 1	54 1	55 1	63 1	65 1	82 1	74 1	89 1	17 1	32 1	10 1	23 1	80 1	66 1	35 1	13 1	21 1	43 1	29 1	22 1	42 1	99 1	58 1	28 1	67 1	41 1	86 1	49 1	47 1	53 1	70 1	59 1	30 1	11 1	45 1
15 1	59 1	90 1	62 1	18 1	89 1	97 1	64 1	28 1	48 1	91 1	66 1	20 1	63 1	17 1	4 1	81 1	42 1	35 1	65 1	84 1	92 1	34 1	74 1	53 1	27 1	7 1	70 1	67 1	38 1	55 1	6 1	71 1	86 1	50 1	5 1	2 1	93 1	32 1	0 1	96 1	25 1	9 1	56 1	31 1	87 1	44 1	29 1	41 1	61 1	30 1	80 1	94 1	3 1	49 1	12 1	37 1	22 1	14 1	77 1	46 1	13 1	88 1	82 1	21 1	98 1	76 1	69 1	8 1	26 1	79 1	40 1	24 1	47 1	52 1	72 1	60 1	16 1	1 1	43 1	39 1	19 1	85 1	33 1	54 1	75 1	23 1	51 1	83 1	45 1	73 1	57 1	58 1	10 1	11 1	95 1	68 1	99 1	36 1	78 1
66 1	41 1	9 1	92 1	62 1	28 1	29 1	39 1	22 1	98 1	1 1	13 1	94 1	55 1	40 1	45 1	10 1	19 1	59 1	31 1	26 1	30 1	77 1	32 1	96 1	63 1	95 1	84 1	33 1	37 1	61 1	36 1	78 1	71 1	49 1	51 1	25 1	57 1	4 1	80 1	89 1	79 1	58 1	12 1	70 1	53 1	76 1	88 1	65 1	46 1	52 1	15 1	6 1	64 1	86 1	69 1	68 1	93 1	48 1	11 1	18 1	81 1	34 1	8 1	44 1	90 1	60 1	5 1	14 1	27 1	97 1	24 1	20 1	47 1	17 1	16 1	3 1	50 1	73 1	56 1	54 1	38 1	72 1	42 1	85 1	87 1	35 1	43 1	75 1	82 1	67 1	7 1	74 1	91 1	23 1	2 1	99 1	21 1	83 1	0 1
99 1	69 1	53 1	65 1	98 1	92 1	30 1	96 1	78 1	57 1	77 1	62 1	32 1	39 1	61 1	94 1	17 1	43 1	83 1	18 1	80 1	51 1	67 1	20 1	84 1	40 1	8 1	27 1	48 1	82 1	31 1	97 1	75 1	21 1	28 1	25 1	36 1	72 1	1 1	59 1	16 1	3 1	52 1	9 1	95 1	38 1	12 1	90 1	45 1	4 1	41 1	85 1	15 1	24 1	71 1	64 1	87 1	13 1	26 1	6 1	23 1	19 1	56 1	44 1	33 1	42 1	89 1	34 1	93 1	79 1	73 1	74 1	81 1	54 1	0 1	5 1	70 1	50 1	91 1	46 1	86 1	2 1	55 1	29 1	88 1	37 1	11 1	58 1	76 1	63 1	49 1	10 1	47 1	35 1	7 1	14 1	60 1	66 1	22 1	68 1
47 1	5 1	18 1	60 1	56 1	29 1	40 1	90 1	54 1	74 1	2 1	85 1	78 1	23 1	21 1	53 1	8 1	19 1	15 1	82 1	0 1	69 1	10 1	61 1	62 1	81 1	36 1	39 1	51 1	83 1	45 1	88 1	92 1	59 1	28 1	26 1	58 1	73 1	48 1	80 1	93 1	14 1	77 1	99 1	7 1	70 1	22 1	98 1	52 1	24 1	76 1	31 1	63 1	97 1	94 1	20 1	64 1	16 1	66 1	46 1	42 1	49 1	44 1	91 1	30 1	96 1	9 1	67 1	11 1	79 1	32 1	55 1	12 1	6 1	17 1	43 1	89 1	65 1	4 1	84 1	34 1	25 1	3 1	27 1	95 1	38 1	35 1	68 1	87 1	71 1	86 1	13 1	1 1	57 1	75 1	33 1	72 1	50 1	37 1	41 1
23 1	2 1	11 1	66 1	13 1	74 1	40 1	88 1	91 1	59 1	70 1	77 1	75 1	28 1	64 1	4 1	50 1	51 1	81 1	37 1	55 1	73 1	20 1	0 1	41 1	9 1	16 1	47 1	84 1	34 1	26 1	58 1	67 1	7 1	32 1	10 1	61 1	8 1	63 1	79 1	14 1	27 1	65 1	52 1	33 1	90 1	24 1	97 1	53 1	95 1	78 1	85 1	29 1	82 1	89 1	99 1	45 1	83 1	25 1	12 1	1 1	98 1	35 1	31 1	42 1	30 1	54 1	96 1	68 1	5 1	60 1	48 1	76 1	22 1	6 1	72 1	46 1	21 1	87 1	56 1	15 1	18 1	94 1	43 1	36 1	44 1	39 1	92 1	69 1	80 1	17 1	3 1	62 1	86 1	93 1	71 1	38 1	57 1	49 1	19 1
84 1	82 1	42 1	72 1	93 1	22 1	89 1	15 1	81 1	69 1	45 1	51 1	48 1	94 1	35 1	16 1	25 1	30 1	44 1	75 1	13 1	50 1	14 1	64 1	24 1	9 1	18 1	77 1	47 1	39 1	53 1	95 1	78 1	34 1	31 1	80 1	68 1	66 1	17 1	76 1	74 1	79 1	23 1	3 1	92 1	36 1	1 1	43 1	20 1	60 1	52 1	71 1	88 1	33 1	19 1	5 1	26 1	37 1	59 1	61 1	0 1	86 1	91 1	38 1	4 1	70 1	54 1	49 1	55 1	99 1	46 1	85 1	6 1	40 1	90 1	56 1	63 1	96 1	21 1	41 1	73 1	67 1	58 1	87 1	97 1	62 1	83 1	10 1	12 1	28 1	11 1	2 1	57 1	32 1	65 1	27 1	98 1	7 1	8 1	29 1
23 1	68 1	56 1	75 1	33 1	62 1	34 1	8 1	29 1	65 1	49 1	4 1	26 1	92 1	48 1	94 1	59 1	30 1	44 1	76 1	31 1	9 1	74 1	15 1	55 1	14 1	57 1	1 1	72 1	67 1	69 1	37 1	39 1	93 1	32 1	51 1	40 1	13 1	2 1	0 1	58 1	42 1	79 1	89 1	52 1	11 1	99 1	85 1	86 1	18 1	98 1	27 1	87 1	71 1	36 1	63 1	84 1	81 1	24 1	96 1	3 1	91 1	77 1	66 1	83 1	73 1	70 1	5 1	95 1	22 1	17 1	28 1	80 1	38 1	64 1	78 1	25 1	82 1	50 1	19 1	7 1	35 1	16 1	20 1	10 1	41 1	54 1	53 1	97 1	45 1	6 1	12 1	46 1	43 1	21 1	60 1	90 1	88 1	61 1	47 1
25 1	95 1	3 1	34 1	41 1	30 1	43 1	76 1	78 1	83 1	13 1	98 1	88 1	59 1	26 1	64 1	54 1	73 1	39 1	69 1	57 1	85 1	71 1	22 1	96 1	90 1	89 1	29 1	33 1	70 1	60 1	61 1	44 1	72 1	94 1	23 1	35 1	58 1	86 1	66 1	24 1	50 1	97 1	15 1	67 1	51 1	84 1	52 1	79 1	8 1	87 1	36 1	77 1	74 1	47 1	10 1	40 1	21 1	37 1	48 1	68 1	31 1	4 1	14 1	75 1	92 1	91 1	20 1	46 1	53 1	16 1	7 1	1 1	28 1	12 1	32 1	55 1	0 1	82 1	62 1	49 1	18 1	63 1	93 1	17 1	6 1	99 1	27 1	56 1	2 1	45 1	42 1	11 1	5 1	80 1	9 1	81 1	65 1	19 1	38 1
86 1	64 1	87 1	41 1	66 1	85 1	52 1	34 1	82 1	58 1	95 1	35 1	96 1	78 1	12 1	6 1	8 1	46 1	51 1	44 1	59 1	10 1	42 1	56 1	90 1	71 1	94 1	24 1	60 1	72 1	54 1	31 1	18 1	7 1	16 1	63 1	5 1	37 1	75 1	0 1	55 1	69 1	93 1	28 1	79 1	3 1	84 1	21 1	17 1	22 1	38 1	68 1	98 1	61 1	80 1	50 1	27 1	97 1	25 1	36 1	45 1	49 1	67 1	30 1	11 1	47 1	4 1	57 1	13 1	15 1	39 1	65 1	74 1	73 1	29 1	33 1	92 1	76 1	88 1	23 1	77 1	83 1	53 1	89 1	26 1	19 1	91 1	81 1	2 1	70 1	9 1	48 1	1 1	40 1	62 1	14 1	99 1	43 1	32 1	20 1
35 1	44 1	59 1	3 1	17 1	63 1	84 1	25 1	33 1	97 1	49 1	77 1	94 1	26 1	48 1	16 1	58 1	73 1	70 1	39 1	34 1	98 1	92 1	36 1	32 1	67 1	46 1	62 1	56 1	54 1	31 1	55 1	5 1	69 1	12 1	99 1	45 1	95 1	51 1	76 1	87 1	11 1	28 1	43 1	61 1	37 1	85 1	90 1	96 1	50 1	68 1	21 1	19 1	66 1	79 1	83 1	29 1	72 1	60 1	71 1	4 1	52 1	74 1	81 1	0 1	89 1	1 1	40 1	82 1	10 1	53 1	64 1	15 1	42 1	20 1	80 1	13 1	57 1	22 1	6 1	14 1	93 1	23 1	24 1	27 1	8 1	30 1	88 1	2 1	91 1	86 1	41 1	78 1	38 1	47 1	9 1	65 1	18 1	7 1	75 1
89 1	5 1	99 1	70 1	40 1	54 1	51 1	62 1	91 1	57 1	69 1	93 1	76 1	12 1	21 1	87 1	8 1	44 1	47 1	79 1	85 1	43 1	95 1	53 1	33 1	61 1	30 1	59 1	7 1	50 1	31 1	82 1	14 1	56 1	16 1	66 1	45 1	88 1	84 1	55 1	42 1	94 1	24 1	18 1	35 1	1 1	80 1	39 1	83 1	86 1	10 1	26 1	63 1	46 1	72 1	60 1	17 1	29 1	32 1	36 1	74 1	58 1	27 1	81 1	68 1	90 1	73 1	23 1	28 1	48 1	20 1	92 1	15 1	49 1	75 1	41 1	77 1	19 1	3 1	52 1	25 1	13 1	4 1	11 1	0 1	97 1	64 1	98 1	6 1	78 1	37 1	67 1	9 1	22 1	34 1	2 1	71 1	96 1	65 1	38 1
3 1	60 1	78 1	63 1	19 1	67 1	97 1	2 1	59 1	40 1	80 1	61 1	54 1	24 1	7 1	16 1	85 1	79 1	14 1	35 1	66 1	64 1	93 1	91 1	18 1	22 1	83 1	76 1	70 1	94 1	45 1	58 1	49 1	41 1	48 1	0 1	29 1	69 1	88 1	10 1	74 1	4 1	62 1	33 1	8 1	77 1	55 1	11 1	43 1	86 1	75 1	30 1	13 1	44 1	98 1	46 1	99 1	15 1	1 1	47 1	9 1	25 1	20 1	23 1	38 1	92 1	56 1	6 1	68 1	90 1	95 1	31 1	51 1	5 1	28 1	53 1	12 1	52 1	84 1	57 1	17 1	32 1	36 1	87 1	39 1	21 1	50 1	96 1	42 1	73 1	27 1	89 1	26 1	81 1	72 1	82 1	37 1	71 1	65 1	34 1
89 1	13 1	68 1	5 1	9 1	94 1	42 1	52 1	73 1	46 1	49 1	58 1	93 1	95 1	86 1	90 1	29 1	62 1	24 1	21 1	31 1	71 1	63 1	32 1	11 1	80 1	4 1	65 1	79 1	44 1	84 1	34 1	92 1	67 1	83 1	25 1	26 1	66 1	48 1	60 1	14 1	1 1	96 1	91 1	99 1	23 1	53 1	36 1	40 1	70 1	69 1	20 1	41 1	0 1	54 1	22 1	6 1	27 1	57 1	17 1	37 1	75 1	28 1	61 1	97 1	56 1	30 1	76 1	82 1	55 1	59 1	15 1	81 1	88 1	19 1	38 1	47 1	51 1	10 1	78 1	35 1	43 1	45 1	87 1	16 1	8 1	12 1	2 1	50 1	72 1	7 1	77 1	33 1	18 1	3 1	39 1	64 1	98 1	85 1	74 1
11 1	52 1	61 1	75 1	43 1	20 1	17 1	90 1	57 1	56 1	89 1	45 1	47 1	28 1	69 1	5 1	14 1	64 1	55 1	50 1	12 1	97 1	92 1	7 1	36 1	32 1	42 1	84 1	91 1	35 1	8 1	3 1	46 1	62 1	22 1	95 1	76 1	6 1	4 1	99 1	85 1	59 1	30 1	16 1	39 1	60 1	34 1	0 1	51 1	40 1	31 1	23 1	73 1	78 1	44 1	94 1	63 1	79 1	1 1	41 1	49 1	58 1	48 1	25 1	67 1	33 1	19 1	87 1	98 1	77 1	15 1	21 1	2 1	9 1	86 1	66 1	27 1	54 1	65 1	13 1	82 1	93 1	24 1	80 1	53 1	38 1	83 1	81 1	96 1	18 1	37 1	71 1	88 1	70 1	68 1	10 1	26 1	29 1	74 1	72 1
1 1	41 1	92 1	85 1	54 1	2 1	49 1	98 1	77 1	0 1	12 1	59 1	34 1	88 1	13 1	47 1	40 1	60 1	26 1	38 1	42 1	44 1	93 1	90 1	14 1	51 1	69 1	30 1	84 1	28 1	73 1	29 1	96 1	81 1	75 1	72 1	94 1	9 1	8 1	89 1	22 1	27 1	57 1	36 1	16 1	70 1	5 1	91 1	15 1	19 1	55 1	64 1	37 1	62 1	52 1	56 1	87 1	50 1	99 1	67 1	39 1	7 1	53 1	45 1	65 1	48 1	20 1	97 1	24 1	17 1	83 1	46 1	76 1	74 1	78 1	35 1	71 1	66 1	31 1	79 1	33 1	63 1	68 1	25 1	82 1	18 1	4 1	6 1	95 1	3 1	21 1	32 1	11 1	58 1	86 1	10 1	23 1	61 1	43 1	80 1
96 1	22 1	38 1	33 1	54 1	90 1	93 1	92 1	61 1	41 1	62 1	63 1	59 1	43 1	57 1	12 1	85 1	42 1	79 1	44 1	71 1	55 1	9 1	86 1	75 1	68 1	24 1	17 1	39 1	97 1	16 1	23 1	88 1	91 1	13 1	14 1	31 1	67 1	21 1	26 1	87 1	47 1	18 1	40 1	3 1	60 1	29 1	52 1	8 1	82 1	70 1	45 1	78 1	83 1	58 1	37 1	11 1	53 1	94 1	4 1	74 1	10 1	19 1	46 1	48 1	77 1	20 1	73 1	28 1	89 1	99 1	30 1	84 1	66 1	69 1	2 1	56 1	15 1	65 1	95 1	98 1	7 1	81 1	64 1	25 1	35 1	80 1	27 1	34 1	50 1	6 1	36 1	76 1	5 1	0 1	49 1	1 1	72 1	32 1	51 1
47 1	42 1	37 1	21 1	44 1	29 1	97 1	96 1	73 1	43 1	16 1	57 1	26 1	61 1	50 1	22 1	75 1	54 1	27 1	90 1	30 1	81 1	84 1	60 1	17 1	98 1	69 1	68 1	49 1	2 1	59 1	20 1	95 1	88 1	55 1	79 1	33 1	63 1	12 1	41 1	13 1	94 1	28 1	58 1	8 1	64 1	85 1	10 1	45 1	36 1	40 1	3 1	46 1	51 1	23 1	34 1	87 1	66 1	56 1	31 1	1 1	35 1	25 1	76 1	93 1	24 1	14 1	86 1	39 1	71 1	0 1	18 1	65 1	9 1	78 1	19 1	99 1	32 1	53 1	92 1	11 1	38 1	5 1	70 1	4 1	91 1	48 1	52 1	67 1	77 1	83 1	89 1	15 1	7 1	80 1	72 1	6 1	62 1	74 1	82 1
81 1	75 1	87 1	10 1	45 1	84 1	60 1	51 1	4 1	54 1	31 1	62 1	79 1	89 1	12 1	9 1	63 1	36 1	70 1	50 1	91 1	5 1	46 1	37 1	40 1	38 1	76 1	16 1	18 1	71 1	64 1	32 1	80 1	53 1	78 1	99 1	82 1	94 1	39 1	7 1	21 1	83 1	59 1	27 1	90 1	98 1	43 1	35 1	30 1	13 1	44 1	74 1	67 1	58 1	34 1	96 1	85 1	93 1	41 1	42 1	92 1	6 1	26 1	8 1	1 1	86 1	97 1	22 1	73 1	49 1	68 1	28 1	23 1	33 1	55 1	14 1	24 1	3 1	48 1	88 1	52 1	61 1	19 1	65 1	0 1	66 1	11 1	56 1	25 1	15 1	20 1	47 1	77 1	69 1	57 1	95 1	72 1	2 1	29 1	17 1
45 1	53 1	43 1	91 1	49 1	20 1	63 1	6 1	42 1	51 1	35 1	34 1	50 1	52 1	48 1	31 1	99 1	25 1	75 1	77 1	46 1	89 1	47 1	4 1	23 1	15 1	97 1	26 1	70 1	79 1	37 1	0 1	68 1	27 1	95 1	8 1	17 1	41 1	67 1	83 1	55 1	29 1	58 1	62 1	72 1	74 1	40 1	66 1	93 1	59 1	61 1	5 1	10 1	54 1	92 1	86 1	76 1	18 1	1 1	88 1	78 1	94 1	57 1	3 1	11 1	44 1	85 1	32 1	96 1	12 1	71 1	22 1	30 1	56 1	21 1	98 1	14 1	24 1	81 1	60 1	13 1	64 1	65 1	28 1	39 1	9 1	80 1	84 1	7 1	82 1	73 1	87 1	2 1	16 1	90 1	33 1	36 1	19 1	38 1	69 1
51 1	17 1	71 1	0 1	7 1	68 1	30 1	82 1	74 1	45 1	27 1	81 1	55 1	54 1	26 1	91 1	85 1	50 1	12 1	76 1	38 1	60 1	1 1	83 1	41 1	53 1	5 1	72 1	48 1	84 1	88 1	9 1	13 1	65 1	42 1	4 1	10 1	73 1	56 1	47 1	15 1	39 1	64 1	87 1	25 1	6 1	37 1	69 1	79 1	44 1	43 1	90 1	46 1	63 1	3 1	21 1	8 1	95 1	31 1	75 1	94 1	92 1	2 1	93 1	11 1	49 1	78 1	29 1	19 1	99 1	61 1	96 1	36 1	89 1	32 1	58 1	62 1	40 1	66 1	52 1	57 1	16 1	35 1	33 1	70 1	77 1	86 1	97 1	22 1	59 1	20 1	18 1	14 1	67 1	98 1	34 1	23 1	80 1	24 1	28 1
34 1	23 1	16 1	4 1	86 1	78 1	72 1	69 1	44 1	42 1	30 1	79 1	18 1	14 1	41 1	7 1	82 1	99 1	75 1	8 1	52 1	25 1	37 1	3 1	19 1	11 1	66 1	97 1	1 1	2 1	29 1	73 1	92 1	93 1	46 1	13 1	85 1	64 1	35 1	39 1	88 1	56 1	55 1	40 1	48 1	74 1	49 1	63 1	51 1	94 1	21 1	17 1	27 1	47 1	62 1	87 1	5 1	15 1	65 1	54 1	20 1	95 1	9 1	80 1	50 1	32 1	36 1	26 1	98 1	28 1	81 1	76 1	67 1	6 1	84 1	0 1	33 1	90 1	38 1	89 1	96 1	58 1	68 1	53 1	60 1	59 1	70 1	91 1	61 1	45 1	10 1	24 1	71 1	12 1	22 1	57 1	31 1	83 1	77 1	43 1
19 1	18 1	71 1	80 1	83 1	64 1	75 1	0 1	68 1	91 1	32 1	99 1	70 1	78 1	44 1	50 1	65 1	55 1	94 1	29 1	59 1	88 1	69 1	66 1	31 1	13 1	30 1	35 1	95 1	74 1	77 1	97 1	42 1	34 1	54 1	26 1	96 1	25 1	76 1	9 1	93 1	67 1	48 1	14 1	47 1	85 1	56 1	22 1	28 1	27 1	89 1	79 1	52 1	4 1	39 1	60 1	45 1	53 1	98 1	17 1	38 1	36 1	21 1	12 1	61 1	41 1	2 1	10 1	92 1	20 1	1 1	33 1	63 1	23 1	73 1	46 1	72 1	86 1	43 1	6 1	24 1	58 1	40 1	8 1	57 1	62 1	11 1	81 1	82 1	87 1	90 1	84 1	7 1	49 1	15 1	5 1	37 1	16 1	3 1	51 1
55 1	47 1	48 1	92 1	62 1	11 1	0 1	50 1	19 1	78 1	36 1	71 1	23 1	1 1	86 1	43 1	61 1	66 1	70 1	32 1	34 1	29 1	79 1	81 1	51 1	95 1	75 1	97 1	25 1	99 1	65 1	4 1	45 1	42 1	14 1	96 1	91 1	31 1	40 1	84 1	87 1	12 1	85 1	15 1	89 1	90 1	7 1	94 1	98 1	5 1	18 1	77 1	46 1	53 1	37 1	73 1	41 1	58 1	93 1	22 1	69 1	54 1	26 1	8 1	9 1	2 1	64 1	63 1	60 1	67 1	59 1	76 1	16 1	57 1	21 1	28 1	3 1	68 1	30 1	49 1	10 1	13 1	6 1	88 1	52 1	44 1	80 1	82 1	33 1	72 1	74 1	83 1	35 1	20 1	17 1	39 1	56 1	38 1	27 1	24 1
80 1	48 1	44 1	49 1	79 1	59 1	52 1	51 1	29 1	74 1	54 1	53 1	78 1	21 1	11 1	42 1	93 1	45 1	26 1	1 1	25 1	37 1	68 1	38 1	4 1	71 1	97 1	62 1	6 1	66 1	72 1	57 1	73 1	47 1	40 1	17 1	99 1	0 1	18 1	77 1	81 1	7 1	85 1	41 1	83 1	56 1	76 1	46 1	88 1	95 1	67 1	69 1	92 1	2 1	36 1	5 1	3 1	50 1	75 1	64 1	58 1	22 1	27 1	63 1	28 1	20 1	24 1	65 1	30 1	33 1	23 1	84 1	31 1	86 1	55 1	14 1	10 1	19 1	61 1	96 1	13 1	90 1	39 1	12 1	91 1	98 1	15 1	82 1	8 1	34 1	43 1	35 1	16 1	70 1	9 1	94 1	60 1	32 1	89 1	87 1
21 1	60 1	87 1	80 1	92 1	34 1	90 1	27 1	18 1	91 1	98 1	54 1	95 1	31 1	72 1	47 1	8 1	23 1	33 1	13 1	24 1	29 1	93 1	32 1	44 1	79 1	66 1	16 1	26 1	39 1	0 1	71 1	12 1	58 1	81 1	68 1	15 1	41 1	28 1	46 1	52 1	64 1	78 1	56 1	65 1	53 1	10 1	50 1	5 1	99 1	75 1	76 1	89 1	63 1	19 1	67 1	6 1	38 1	51 1	85 1	86 1	25 1	43 1	94 1	45 1	61 1	62 1	70 1	35 1	69 1	83 1	7 1	37 1	3 1	74 1	55 1	14 1	57 1	1 1	20 1	77 1	30 1	73 1	82 1	22 1	97 1	49 1	40 1	4 1	2 1	42 1	36 1	11 1	48 1	88 1	9 1	96 1	84 1	59 1	17 1
7 1	75 1	93 1	57 1	46 1	74 1	25 1	10 1	26 1	68 1	92 1	40 1	80 1	50 1	33 1	91 1	11 1	59 1	45 1	99 1	28 1	65 1	85 1	9 1	41 1	54 1	12 1	18 1	56 1	22 1	95 1	49 1	87 1	8 1	61 1	62 1	51 1	27 1	35 1	3 1	30 1	77 1	39 1	55 1	6 1	19 1	43 1	2 1	70 1	82 1	81 1	44 1	86 1	15 1	64 1	69 1	17 1	5 1	71 1	37 1	38 1	16 1	84 1	24 1	66 1	0 1	42 1	31 1	63 1	20 1	23 1	98 1	90 1	73 1	78 1	29 1	36 1	47 1	53 1	32 1	4 1	67 1	60 1	48 1	89 1	34 1	94 1	88 1	72 1	97 1	83 1	14 1	52 1	96 1	76 1	21 1	1 1	13 1	58 1	79 1
76 1	25 1	5 1	40 1	51 1	39 1	64 1	92 1	33 1	46 1	11 1	14 1	17 1	71 1	52 1	72 1	55 1	0 1	38 1	63 1	82 1	4 1	94 1	78 1	62 1	21 1	75 1	73 1	49 1	57 1	28 1	45 1	96 1	54 1	26 1	23 1	12 1	84 1	16 1	31 1	15 1	70 1	60 1	1 1	19 1	77 1	53 1	13 1	43 1	8 1	58 1	6 1	91 1	32 1	35 1	98 1	95 1	22 1	47 1	37 1	81 1	29 1	30 1	36 1	20 1	41 1	24 1	66 1	68 1	87 1	65 1	59 1	61 1	90 1	74 1	3 1	79 1	42 1	48 1	85 1	34 1	10 1	97 1	56 1	69 1	50 1	27 1	9 1	67 1	18 1	83 1	88 1	89 1	44 1	86 1	7 1	93 1	80 1	99 1	2 1
19 1	63 1	4 1	83 1	97 1	60 1	28 1	66 1	78 1	44 1	16 1	81 1	68 1	46 1	90 1	41 1	73 1	43 1	39 1	86 1	35 1	38 1	92 1	25 1	70 1	3 1	29 1	96 1	95 1	37 1	6 1	12 1	57 1	5 1	55 1	20 1	67 1	62 1	27 1	31 1	11 1	49 1	24 1	2 1	74 1	84 1	42 1	50 1	58 1	26 1	65 1	89 1	93 1	18 1	82 1	76 1	22 1	56 1	54 1	8 1	69 1	75 1	72 1	53 1	0 1	98 1	80 1	40 1	64 1	13 1	15 1	47 1	32 1	23 1	48 1	61 1	59 1	14 1	17 1	77 1	51 1	45 1	10 1	52 1	85 1	94 1	99 1	21 1	91 1	1 1	79 1	34 1	88 1	7 1	33 1	30 1	71 1	87 1	9 1	36 1
23 1	18 1	15 1	36 1	44 1	46 1	25 1	35 1	9 1	58 1	10 1	4 1	40 1	31 1	81 1	2 1	52 1	38 1	45 1	61 1	88 1	89 1	1 1	84 1	8 1	37 1	6 1	19 1	33 1	96 1	63 1	41 1	92 1	65 1	73 1	77 1	12 1	55 1	86 1	59 1	13 1	68 1	79 1	60 1	95 1	14 1	20 1	70 1	39 1	47 1	16 1	5 1	62 1	28 1	83 1	71 1	11 1	50 1	21 1	98 1	42 1	67 1	90 1	97 1	66 1	26 1	76 1	53 1	85 1	72 1	91 1	80 1	32 1	64 1	82 1	24 1	22 1	56 1	43 1	93 1	99 1	57 1	94 1	49 1	7 1	30 1	75 1	48 1	51 1	74 1	87 1	78 1	3 1	0 1	29 1	27 1	69 1	17 1	34 1	54 1
76 1	31 1	83 1	42 1	9 1	87 1	49 1	20 1	2 1	68 1	57 1	99 1	50 1	77 1	39 1	1 1	0 1	3 1	88 1	44 1	7 1	70 1	11 1	72 1	95 1	14 1	80 1	71 1	13 1	73 1	40 1	19 1	89 1	30 1	17 1	78 1	86 1	12 1	5 1	10 1	63 1	91 1	85 1	75 1	60 1	98 1	36 1	32 1	52 1	24 1	4 1	22 1	8 1	79 1	41 1	33 1	27 1	67 1	54 1	45 1	48 1	26 1	92 1	15 1	90 1	62 1	61 1	64 1	55 1	58 1	47 1	84 1	65 1	96 1	25 1	94 1	18 1	53 1	28 1	23 1	51 1	59 1	6 1	21 1	56 1	43 1	29 1	93 1	74 1	37 1	46 1	34 1	81 1	16 1	38 1	69 1	82 1	66 1	35 1	97 1
44 1	64 1	83 1	59 1	41 1	30 1	71 1	10 1	7 1	36 1	49 1	23 1	62 1	57 1	13 1	11 1	26 1	60 1	8 1	63 1	47 1	0 1	50 1	3 1	20 1	96 1	35 1	21 1	25 1	18 1	24 1	65 1	34 1	29 1	91 1	75 1	48 1	33 1	97 1	99 1	53 1	94 1	90 1	45 1	15 1	31 1	28 1	84 1	74 1	67 1	95 1	79 1	85 1	58 1	93 1	2 1	32 1	9 1	56 1	17 1	55 1	51 1	66 1	77 1	86 1	6 1	81 1	16 1	73 1	88 1	78 1	92 1	68 1	61 1	42 1	72 1	39 1	54 1	43 1	38 1	87 1	37 1	82 1	4 1	19 1	76 1	14 1	46 1	98 1	5 1	80 1	52 1	70 1	1 1	89 1	22 1	40 1	12 1	27 1	69 1
93 1	97 1	50 1	77 1	69 1	79 1	99 1	13 1	7 1	54 1	57 1	4 1	10 1	36 1	42 1	2 1	46 1	82 1	85 1	26 1	47 1	86 1	25 1	39 1	78 1	90 1	91 1	84 1	34 1	76 1	35 1	56 1	40 1	52 1	73 1	9 1	62 1	20 1	43 1	75 1	44 1	31 1	33 1	55 1	63 1	0 1	81 1	74 1	59 1	53 1	92 1	98 1	96 1	32 1	66 1	28 1	38 1	70 1	6 1	88 1	30 1	65 1	61 1	87 1	71 1	1 1	94 1	95 1	89 1	48 1	58 1	17 1	67 1	64 1	15 1	60 1	72 1	29 1	49 1	11 1	27 1	51 1	5 1	8 1	37 1	14 1	22 1	12 1	23 1	16 1	19 1	18 1	45 1	83 1	24 1	21 1	68 1	80 1	3 1	41 1
43 1	61 1	24 1	50 1	18 1	51 1	30 1	46 1	89 1	82 1	35 1	84 1	41 1	31 1	68 1	80 1	98 1	69 1	92 1	52 1	40 1	59 1	81 1	55 1	39 1	3 1	11 1	32 1	49 1	86 1	88 1	73 1	96 1	34 1	83 1	33 1	54 1	95 1	29 1	5 1	2 1	58 1	8 1	15 1	0 1	14 1	25 1	27 1	4 1	67 1	91 1	47 1	93 1	21 1	79 1	19 1	74 1	90 1	6 1	26 1	13 1	57 1	64 1	76 1	62 1	16 1	7 1	37 1	66 1	1 1	42 1	38 1	36 1	97 1	65 1	44 1	60 1	22 1	72 1	17 1	23 1	10 1	77 1	71 1	48 1	20 1	99 1	45 1	78 1	28 1	85 1	70 1	56 1	12 1	53 1	9 1	87 1	63 1	75 1	94 1
51 1	39 1	86 1	22 1	65 1	59 1	58 1	52 1	80 1	24 1	26 1	0 1	16 1	61 1	35 1	95 1	20 1	67 1	98 1	41 1	18 1	73 1	71 1	90 1	31 1	78 1	75 1	72 1	49 1	10 1	87 1	56 1	79 1	88 1	7 1	5 1	19 1	64 1	85 1	70 1	8 1	62 1	93 1	40 1	91 1	3 1	81 1	15 1	11 1	48 1	94 1	68 1	4 1	47 1	92 1	96 1	69 1	27 1	12 1	53 1	13 1	44 1	46 1	32 1	84 1	77 1	50 1	45 1	17 1	57 1	63 1	38 1	23 1	25 1	6 1	60 1	76 1	14 1	21 1	82 1	42 1	97 1	1 1	33 1	54 1	43 1	74 1	66 1	30 1	28 1	99 1	55 1	29 1	89 1	34 1	36 1	2 1	83 1	37 1	9 1
84 1	6 1	75 1	87 1	95 1	56 1	30 1	4 1	60 1	85 1	17 1	90 1	9 1	59 1	65 1	46 1	80 1	63 1	45 1	53 1	11 1	61 1	50 1	49 1	33 1	72 1	48 1	79 1	58 1	68 1	21 1	7 1	67 1	34 1	15 1	52 1	20 1	51 1	16 1	57 1	37 1	28 1	81 1	71 1	29 1	69 1	3 1	43 1	10 1	24 1	14 1	0 1	55 1	47 1	70 1	91 1	40 1	77 1	99 1	92 1	64 1	22 1	96 1	62 1	82 1	1 1	19 1	97 1	86 1	35 1	76 1	54 1	27 1	78 1	38 1	36 1	26 1	44 1	94 1	88 1	23 1	66 1	8 1	18 1	93 1	5 1	73 1	98 1	83 1	31 1	42 1	2 1	89 1	74 1	41 1	39 1	25 1	32 1	13 1	12 1
53 1	16 1	32 1	41 1	63 1	20 1	23 1	72 1	42 1	73 1	45 1	30 1	14 1	76 1	92 1	87 1	81 1	77 1	26 1	91 1	19 1	28 1	61 1	12 1	8 1	10 1	5 1	59 1	7 1	69 1	13 1	6 1	71 1	51 1	94 1	40 1	57 1	64 1	50 1	90 1	74 1	33 1	84 1	65 1	85 1	47 1	24 1	58 1	62 1	25 1	34 1	17 1	46 1	48 1	31 1	70 1	21 1	96 1	78 1	68 1	93 1	3 1	60 1	55 1	98 1	11 1	1 1	54 1	15 1	79 1	89 1	35 1	67 1	82 1	39 1	44 1	37 1	52 1	66 1	18 1	75 1	99 1	36 1	43 1	49 1	80 1	0 1	29 1	22 1	38 1	86 1	4 1	2 1	97 1	56 1	83 1	88 1	95 1	9 1	27 1
52 1	5 1	45 1	44 1	93 1	91 1	16 1	31 1	46 1	69 1	81 1	77 1	2 1	49 1	4 1	33 1	63 1	53 1	62 1	42 1	14 1	90 1	82 1	99 1	6 1	87 1	96 1	70 1	80 1	28 1	21 1	76 1	59 1	25 1	39 1	67 1	29 1	64 1	48 1	97 1	71 1	55 1	57 1	0 1	8 1	7 1	78 1	72 1	47 1	66 1	51 1	1 1	23 1	73 1	18 1	20 1	32 1	61 1	35 1	41 1	34 1	74 1	22 1	88 1	85 1	75 1	17 1	68 1	30 1	84 1	94 1	37 1	65 1	24 1	86 1	98 1	19 1	13 1	60 1	12 1	11 1	56 1	26 1	92 1	9 1	79 1	10 1	3 1	27 1	15 1	54 1	50 1	36 1	89 1	95 1	38 1	58 1	83 1	43 1	40 1
29 1	80 1	52 1	37 1	55 1	64 1	90 1	65 1	63 1	82 1	3 1	91 1	14 1	26 1	17 1	43 1	50 1	38 1	16 1	83 1	30 1	35 1	86 1	34 1	45 1	6 1	54 1	85 1	87 1	72 1	28 1	67 1	92 1	95 1	98 1	15 1	70 1	79 1	44 1	32 1	2 1	7 1	18 1	13 1	89 1	60 1	24 1	69 1	31 1	21 1	10 1	9 1	77 1	46 1	81 1	58 1	94 1	1 1	0 1	33 1	99 1	20 1	11 1	97 1	19 1	39 1	62 1	48 1	73 1	84 1	93 1	49 1	23 1	68 1	74 1	88 1	4 1	53 1	78 1	25 1	66 1	71 1	47 1	96 1	61 1	59 1	27 1	12 1	22 1	42 1	57 1	75 1	40 1	5 1	56 1	76 1	51 1	8 1	41 1	36 1
68 1	77 1	78 1	51 1	63 1	34 1	54 1	42 1	98 1	36 1	62 1	40 1	21 1	41 1	71 1	23 1	35 1	94 1	45 1	5 1	95 1	2 1	96 1	7 1	61 1	13 1	18 1	53 1	64 1	3 1	52 1	92 1	19 1	43 1	93 1	29 1	59 1	97 1	84 1	70 1	99 1	57 1	16 1	49 1	80 1	47 1	86 1	81 1	11 1	91 1	26 1	8 1	69 1	66 1	75 1	10 1	73 1	33 1	82 1	12 1	60 1	83 1	56 1	24 1	25 1	14 1	72 1	85 1	50 1	44 1	76 1	17 1	15 1	39 1	89 1	65 1	55 1	0 1	20 1	32 1	48 1	4 1	90 1	79 1	22 1	46 1	31 1	6 1	38 1	67 1	27 1	30 1	88 1	87 1	28 1	37 1	1 1	74 1	9 1	58 1
0 1	60 1	67 1	55 1	94 1	41 1	56 1	10 1	63 1	48 1	18 1	5 1	13 1	8 1	80 1	38 1	45 1	39 1	7 1	78 1	17 1	99 1	91 1	27 1	50 1	12 1	29 1	11 1	82 1	32 1	79 1	98 1	97 1	9 1	37 1	47 1	35 1	40 1	84 1	74 1	20 1	81 1	65 1	58 1	36 1	59 1	76 1	61 1	90 1	96 1	23 1	42 1	3 1	2 1	6 1	93 1	43 1	49 1	31 1	54 1	75 1	4 1	1 1	14 1	30 1	92 1	88 1	57 1	77 1	46 1	22 1	16 1	95 1	53 1	21 1	25 1	66 1	24 1	52 1	83 1	33 1	34 1	87 1	26 1	71 1	64 1	15 1	62 1	44 1	70 1	28 1	68 1	86 1	51 1	69 1	85 1	73 1	72 1	89 1	19 1
84 1	82 1	96 1	27 1	10 1	45 1	28 1	63 1	49 1	76 1	51 1	64 1	67 1	2 1	44 1	37 1	12 1	48 1	90 1	86 1	23 1	56 1	9 1	98 1	70 1	93 1	61 1	58 1	19 1	92 1	13 1	4 1	35 1	72 1	42 1	60 1	24 1	91 1	30 1	95 1	97 1	14 1	99 1	94 1	83 1	66 1	78 1	15 1	87 1	77 1	18 1	43 1	40 1	21 1	55 1	36 1	31 1	80 1	54 1	3 1	33 1	89 1	73 1	68 1	75 1	47 1	65 1	34 1	25 1	5 1	71 1	85 1	0 1	26 1	39 1	74 1	20 1	62 1	17 1	38 1	52 1	11 1	1 1	53 1	32 1	41 1	46 1	16 1	57 1	79 1	7 1	8 1	6 1	59 1	81 1	69 1	29 1	22 1	88 1	50 1
72 1	59 1	19 1	28 1	25 1	60 1	43 1	56 1	45 1	1 1	87 1	80 1	84 1	96 1	24 1	13 1	81 1	98 1	34 1	93 1	14 1	32 1	48 1	5 1	71 1	51 1	20 1	82 1	42 1	41 1	95 1	36 1	99 1	53 1	3 1	8 1	79 1	23 1	27 1	76 1	75 1	2 1	6 1	11 1	37 1	7 1	46 1	58 1	12 1	40 1	92 1	94 1	49 1	69 1	77 1	29 1	9 1	74 1	15 1	57 1	18 1	61 1	38 1	26 1	70 1	21 1	90 1	88 1	52 1	78 1	63 1	31 1	33 1	30 1	64 1	83 1	55 1	91 1	47 1	44 1	73 1	16 1	65 1	0 1	66 1	54 1	4 1	10 1	22 1	89 1	68 1	85 1	86 1	17 1	50 1	67 1	35 1	62 1	39 1	97 1
31 1	24 1	83 1	81 1	34 1	9 1	46 1	59 1	14 1	94 1	10 1	48 1	42 1	75 1	47 1	87 1	30 1	85 1	35 1	88 1	36 1	13 1	91 1	19 1	22 1	50 1	80 1	44 1	39 1	90 1	93 1	98 1	25 1	73 1	23 1	70 1	68 1	54 1	26 1	12 1	21 1	92 1	63 1	41 1	64 1	1 1	8 1	32 1	45 1	20 1	74 1	95 1	66 1	86 1	69 1	60 1	51 1	6 1	78 1	58 1	33 1	17 1	15 1	67 1	5 1	29 1	16 1	4 1	82 1	18 1	99 1	76 1	89 1	62 1	65 1	53 1	56 1	49 1	71 1	43 1	3 1	97 1	0 1	96 1	57 1	72 1	2 1	37 1	11 1	61 1	77 1	38 1	79 1	40 1	84 1	52 1	27 1	7 1	55 1	28 1
31 1	49 1	64 1	96 1	22 1	1 1	84 1	23 1	35 1	57 1	10 1	83 1	25 1	92 1	40 1	55 1	85 1	16 1	79 1	80 1	21 1	12 1	82 1	11 1	62 1	88 1	94 1	87 1	89 1	86 1	50 1	77 1	34 1	67 1	39 1	27 1	26 1	72 1	52 1	47 1	71 1	19 1	54 1	73 1	58 1	68 1	14 1	63 1	45 1	70 1	4 1	15 1	75 1	48 1	17 1	18 1	41 1	91 1	95 1	3 1	76 1	9 1	8 1	24 1	51 1	32 1	43 1	90 1	2 1	0 1	37 1	61 1	30 1	56 1	6 1	38 1	44 1	53 1	65 1	98 1	59 1	46 1	29 1	74 1	97 1	93 1	81 1	20 1	28 1	42 1	99 1	36 1	7 1	69 1	5 1	60 1	66 1	13 1	78 1	33 1
49 1	2 1	43 1	7 1	21 1	71 1	46 1	57 1	40 1	25 1	12 1	63 1	59 1	3 1	4 1	37 1	39 1	67 1	38 1	72 1	36 1	17 1	44 1	90 1	52 1	29 1	80 1	6 1	26 1	81 1	76 1	99 1	53 1	9 1	61 1	97 1	55 1	20 1	13 1	0 1	68 1	94 1	60 1	30 1	75 1	18 1	16 1	54 1	24 1	74 1	89 1	82 1	41 1	32 1	19 1	73 1	84 1	78 1	23 1	77 1	48 1	11 1	51 1	58 1	70 1	31 1	28 1	35 1	15 1	27 1	42 1	91 1	33 1	34 1	92 1	22 1	8 1	65 1	69 1	45 1	56 1	64 1	87 1	14 1	10 1	88 1	95 1	47 1	66 1	96 1	1 1	93 1	79 1	83 1	62 1	86 1	85 1	5 1	50 1	98 1
99 1	85 1	65 1	68 1	32 1	81 1	58 1	1 1	4 1	52 1	78 1	80 1	71 1	24 1	70 1	3 1	72 1	20 1	31 1	30 1	98 1	49 1	13 1	95 1	62 1	73 1	34 1	84 1	92 1	43 1	36 1	18 1	87 1	22 1	10 1	66 1	33 1	67 1	37 1	83 1	89 1	61 1	59 1	25 1	9 1	17 1	74 1	94 1	26 1	60 1	97 1	51 1	5 1	91 1	42 1	96 1	2 1	44 1	8 1	47 1	79 1	55 1	39 1	50 1	63 1	12 1	16 1	27 1	56 1	77 1	14 1	90 1	23 1	76 1	28 1	11 1	6 1	40 1	88 1	48 1	46 1	64 1	45 1	0 1	38 1	19 1	41 1	35 1	29 1	86 1	93 1	75 1	7 1	53 1	82 1	69 1	21 1	15 1	54 1	57 1
19 1	20 1	26 1	90 1	0 1	74 1	63 1	58 1	43 1	32 1	86 1	21 1	88 1	78 1	97 1	49 1	93 1	80 1	66 1	22 1	18 1	54 1	71 1	28 1	40 1	3 1	76 1	84 1	95 1	8 1	24 1	48 1	75 1	37 1	15 1	94 1	64 1	85 1	65 1	12 1	46 1	55 1	96 1	36 1	68 1	9 1	17 1	45 1	70 1	83 1	79 1	25 1	42 1	53 1	33 1	98 1	67 1	92 1	38 1	57 1	72 1	59 1	10 1	62 1	50 1	2 1	39 1	77 1	7 1	81 1	34 1	61 1	6 1	56 1	11 1	47 1	69 1	23 1	14 1	51 1	35 1	31 1	91 1	13 1	16 1	4 1	60 1	52 1	73 1	29 1	41 1	44 1	82 1	27 1	30 1	5 1	1 1	89 1	87 1	99 1
27 1	48 1	60 1	19 1	76 1	64 1	14 1	90 1	49 1	39 1	93 1	86 1	3 1	83 1	33 1	1 1	11 1	58 1	81 1	68 1	62 1	30 1	69 1	94 1	84 1	15 1	50 1	8 1	35 1	41 1	7 1	65 1	43 1	99 1	67 1	38 1	73 1	70 1	24 1	66 1	59 1	51 1	44 1	72 1	53 1	20 1	91 1	87 1	52 1	74 1	95 1	45 1	22 1	23 1	31 1	85 1	4 1	21 1	56 1	54 1	25 1	32 1	6 1	0 1	79 1	55 1	78 1	18 1	12 1	10 1	63 1	47 1	75 1	82 1	28 1	77 1	42 1	17 1	29 1	80 1	97 1	89 1	61 1	46 1	9 1	36 1	57 1	92 1	16 1	88 1	34 1	98 1	26 1	5 1	96 1	40 1	71 1	37 1	2 1	13 1
15 1	29 1	99 1	8 1	25 1	71 1	0 1	80 1	43 1	9 1	6 1	18 1	39 1	72 1	75 1	13 1	55 1	66 1	59 1	36 1	60 1	23 1	81 1	47 1	84 1	93 1	24 1	86 1	14 1	58 1	54 1	69 1	22 1	12 1	64 1	5 1	53 1	82 1	73 1	2 1	94 1	91 1	96 1	57 1	33 1	7 1	21 1	45 1	97 1	51 1	30 1	35 1	92 1	65 1	90 1	4 1	19 1	31 1	42 1	78 1	79 1	76 1	50 1	37 1	52 1	27 1	41 1	40 1	1 1	49 1	95 1	3 1	11 1	20 1	62 1	44 1	38 1	74 1	10 1	67 1	61 1	68 1	34 1	63 1	56 1	17 1	32 1	83 1	16 1	28 1	88 1	70 1	85 1	87 1	48 1	89 1	26 1	77 1	46 1	98 1
73 1	36 1	43 1	14 1	95 1	21 1	70 1	82 1	29 1	27 1	33 1	34 1	1 1	30 1	91 1	15 1	59 1	0 1	41 1	38 1	18 1	72 1	85 1	20 1	61 1	2 1	9 1	57 1	88 1	49 1	97 1	46 1	74 1	54 1	77 1	99 1	17 1	24 1	19 1	78 1	67 1	35 1	94 1	8 1	66 1	87 1	50 1	89 1	13 1	55 1	3 1	92 1	71 1	47 1	42 1	56 1	83 1	90 1	69 1	31 1	65 1	40 1	11 1	52 1	53 1	26 1	98 1	75 1	32 1	58 1	7 1	76 1	16 1	63 1	28 1	45 1	48 1	23 1	96 1	68 1	80 1	37 1	6 1	10 1	44 1	12 1	51 1	4 1	64 1	86 1	84 1	81 1	62 1	22 1	39 1	60 1	25 1	79 1	5 1	93 1
51 1	30 1	14 1	58 1	16 1	96 1	65 1	7 1	49 1	28 1	42 1	61 1	18 1	76 1	68 1	74 1	95 1	75 1	34 1	84 1	83 1	40 1	82 1	3 1	36 1	27 1	59 1	66 1	92 1	6 1	69 1	50 1	70 1	5 1	64 1	63 1	73 1	11 1	89 1	57 1	37 1	97 1	80 1	79 1	93 1	99 1	0 1	48 1	46 1	10 1	15 1	12 1	44 1	33 1	87 1	91 1	94 1	56 1	77 1	54 1	2 1	47 1	90 1	43 1	26 1	72 1	45 1	22 1	20 1	32 1	86 1	24 1	39 1	38 1	29 1	13 1	25 1	1 1	62 1	17 1	81 1	52 1	67 1	98 1	21 1	41 1	55 1	19 1	9 1	35 1	88 1	60 1	23 1	4 1	78 1	85 1	53 1	71 1	8 1	31 1
67 1	77 1	31 1	98 1	99 1	76 1	25 1	58 1	44 1	62 1	80 1	18 1	26 1	7 1	93 1	33 1	20 1	53 1	65 1	46 1	36 1	68 1	4 1	96 1	70 1	55 1	74 1	82 1	48 1	87 1	63 1	5 1	79 1	8 1	43 1	2 1	61 1	10 1	52 1	83 1	29 1	22 1	69 1	13 1	88 1	84 1	24 1	42 1	54 1	1 1	19 1	90 1	47 1	85 1	57 1	72 1	59 1	40 1	11 1	45 1	86 1	32 1	3 1	94 1	81 1	38 1	35 1	0 1	14 1	39 1	12 1	30 1	78 1	34 1	41 1	37 1	71 1	17 1	64 1	75 1	56 1	15 1	6 1	92 1	16 1	49 1	50 1	60 1	97 1	28 1	27 1	51 1	89 1	9 1	66 1	23 1	21 1	91 1	73 1	95 1
0 1	35 1	33 1	95 1	34 1	22 1	32 1	54 1	2 1	14 1	85 1	84 1	80 1	69 1	72 1	45 1	9 1	57 1	21 1	15 1	92 1	77 1	47 1	50 1	66 1	41 1	65 1	76 1	48 1	30 1	19 1	90 1	60 1	96 1	8 1	4 1	23 1	58 1	25 1	89 1	24 1	26 1	82 1	38 1	43 1	75 1	70 1	16 1	62 1	64 1	88 1	6 1	31 1	46 1	18 1	55 1	52 1	10 1	73 1	12 1	11 1	39 1	94 1	1 1	67 1	40 1	5 1	36 1	91 1	49 1	74 1	7 1	51 1	27 1	44 1	61 1	68 1	71 1	93 1	79 1	83 1	17 1	29 1	87 1	20 1	3 1	78 1	81 1	97 1	42 1	86 1	98 1	37 1	28 1	59 1	53 1	63 1	99 1	56 1	13 1
29 1	22 1	33 1	78 1	43 1	61 1	57 1	87 1	91 1	36 1	20 1	49 1	7 1	80 1	24 1	16 1	71 1	17 1	60 1	0 1	69 1	31 1	77 1	41 1	90 1	83 1	74 1	86 1	76 1	13 1	53 1	42 1	2 1	28 1	27 1	93 1	8 1	15 1	1 1	9 1	82 1	46 1	10 1	63 1	34 1	3 1	48 1	14 1	95 1	88 1	92 1	79 1	54 1	12 1	52 1	64 1	40 1	21 1	84 1	97 1	85 1	66 1	6 1	38 1	58 1	94 1	32 1	98 1	37 1	65 1	89 1	81 1	70 1	35 1	59 1	45 1	55 1	68 1	62 1	30 1	44 1	18 1	23 1	19 1	47 1	4 1	50 1	5 1	73 1	11 1	75 1	26 1	51 1	67 1	56 1	99 1	39 1	96 1	25 1	72 1
96 1	54 1	5 1	27 1	72 1	57 1	10 1	86 1	90 1	33 1	12 1	66 1	98 1	2 1	55 1	15 1	84 1	35 1	0 1	87 1	65 1	51 1	25 1	73 1	32 1	3 1	70 1	31 1	48 1	58 1	47 1	68 1	26 1	11 1	4 1	6 1	81 1	74 1	7 1	93 1	30 1	60 1	18 1	75 1	14 1	78 1	80 1	64 1	21 1	16 1	53 1	94 1	8 1	92 1	89 1	9 1	77 1	23 1	71 1	43 1	22 1	52 1	99 1	37 1	49 1	88 1	67 1	95 1	63 1	91 1	41 1	46 1	59 1	44 1	39 1	38 1	17 1	20 1	61 1	97 1	24 1	79 1	50 1	36 1	85 1	19 1	56 1	34 1	62 1	45 1	40 1	1 1	82 1	42 1	76 1	29 1	83 1	28 1	13 1	69 1
53 1	80 1	85 1	78 1	81 1	45 1	26 1	43 1	40 1	41 1	33 1	2 1	12 1	70 1	11 1	24 1	13 1	75 1	52 1	96 1	3 1	39 1	86 1	77 1	51 1	65 1	30 1	99 1	28 1	87 1	56 1	6 1	58 1	50 1	88 1	64 1	20 1	97 1	57 1	92 1	15 1	22 1	10 1	66 1	16 1	89 1	48 1	69 1	9 1	63 1	4 1	91 1	60 1	25 1	76 1	67 1	19 1	35 1	93 1	90 1	42 1	5 1	34 1	31 1	23 1	37 1	18 1	7 1	36 1	98 1	68 1	83 1	59 1	94 1	27 1	84 1	71 1	44 1	54 1	14 1	72 1	1 1	79 1	29 1	73 1	38 1	49 1	32 1	21 1	61 1	17 1	95 1	47 1	0 1	74 1	82 1	55 1	8 1	46 1	62 1
12 1	52 1	18 1	72 1	59 1	57 1	73 1	98 1	10 1	47 1	64 1	84 1	17 1	34 1	86 1	31 1	28 1	23 1	1 1	79 1	74 1	9 1	39 1	81 1	89 1	53 1	71 1	60 1	25 1	33 1	63 1	24 1	49 1	69 1	77 1	40 1	67 1	48 1	44 1	27 1	5 1	45 1	41 1	97 1	51 1	76 1	8 1	65 1	2 1	96 1	99 1	80 1	29 1	4 1	14 1	15 1	6 1	22 1	16 1	20 1	0 1	3 1	11 1	54 1	82 1	32 1	13 1	92 1	30 1	91 1	58 1	95 1	56 1	66 1	70 1	94 1	83 1	36 1	26 1	7 1	62 1	50 1	68 1	38 1	35 1	93 1	43 1	37 1	78 1	85 1	42 1	75 1	87 1	55 1	61 1	19 1	90 1	21 1	88 1	46 1
63 1	22 1	12 1	54 1	41 1	33 1	84 1	98 1	56 1	21 1	80 1	55 1	72 1	23 1	8 1	34 1	4 1	17 1	26 1	96 1	68 1	7 1	25 1	62 1	69 1	9 1	97 1	78 1	70 1	74 1	15 1	40 1	35 1	52 1	38 1	88 1	51 1	43 1	92 1	50 1	81 1	94 1	14 1	91 1	10 1	67 1	31 1	83 1	85 1	1 1	16 1	76 1	64 1	44 1	57 1	37 1	32 1	28 1	3 1	66 1	45 1	24 1	71 1	77 1	11 1	60 1	61 1	95 1	30 1	75 1	20 1	86 1	49 1	18 1	73 1	27 1	82 1	42 1	13 1	46 1	0 1	58 1	19 1	2 1	79 1	99 1	6 1	87 1	59 1	93 1	39 1	5 1	90 1	29 1	36 1	48 1	47 1	89 1	53 1	65 1
62 1	35 1	50 1	46 1	99 1	82 1	76 1	19 1	34 1	30 1	26 1	31 1	15 1	9 1	66 1	10 1	88 1	41 1	21 1	54 1	55 1	71 1	60 1	51 1	44 1	14 1	89 1	75 1	52 1	90 1	81 1	79 1	42 1	39 1	23 1	36 1	95 1	12 1	69 1	17 1	16 1	6 1	29 1	49 1	98 1	74 1	80 1	22 1	97 1	5 1	24 1	83 1	86 1	45 1	7 1	33 1	40 1	56 1	93 1	13 1	85 1	91 1	78 1	1 1	48 1	84 1	27 1	11 1	57 1	4 1	72 1	0 1	38 1	53 1	3 1	94 1	63 1	87 1	61 1	68 1	77 1	8 1	28 1	92 1	37 1	32 1	18 1	58 1	43 1	70 1	59 1	20 1	25 1	67 1	65 1	2 1	47 1	64 1	73 1	96 1
87 1	24 1	84 1	23 1	62 1	8 1	31 1	93 1	76 1	40 1	5 1	73 1	0 1	90 1	66 1	59 1	72 1	18 1	64 1	32 1	67 1	25 1	2 1	98 1	65 1	95 1	92 1	34 1	46 1	27 1	44 1	82 1	97 1	37 1	15 1	55 1	89 1	57 1	19 1	29 1	28 1	77 1	38 1	9 1	22 1	75 1	69 1	78 1	96 1	35 1	17 1	1 1	80 1	58 1	51 1	42 1	11 1	7 1	12 1	47 1	52 1	45 1	74 1	71 1	91 1	10 1	86 1	20 1	26 1	70 1	61 1	79 1	54 1	53 1	50 1	16 1	99 1	14 1	81 1	41 1	56 1	49 1	88 1	21 1	3 1	39 1	43 1	6 1	68 1	30 1	63 1	33 1	13 1	94 1	60 1	36 1	85 1	83 1	4 1	48 1
39 1	80 1	6 1	43 1	31 1	58 1	3 1	73 1	89 1	68 1	67 1	66 1	79 1	72 1	7 1	48 1	35 1	69 1	54 1	1 1	64 1	76 1	92 1	15 1	10 1	70 1	56 1	23 1	85 1	36 1	62 1	33 1	14 1	88 1	13 1	5 1	30 1	37 1	41 1	52 1	61 1	82 1	4 1	46 1	60 1	28 1	65 1	51 1	9 1	20 1	98 1	32 1	84 1	59 1	87 1	97 1	95 1	38 1	57 1	34 1	12 1	40 1	24 1	90 1	44 1	21 1	2 1	8 1	86 1	25 1	63 1	77 1	42 1	91 1	18 1	11 1	81 1	45 1	49 1	74 1	47 1	96 1	71 1	27 1	55 1	83 1	78 1	22 1	16 1	75 1	26 1	0 1	93 1	17 1	29 1	99 1	50 1	19 1	94 1	53 1
93 1	91 1	69 1	33 1	50 1	52 1	54 1	74 1	53 1	61 1	94 1	35 1	34 1	15 1	96 1	17 1	46 1	71 1	14 1	77 1	51 1	41 1	82 1	76 1	89 1	40 1	6 1	65 1	49 1	20 1	36 1	97 1	23 1	72 1	92 1	60 1	2 1	32 1	3 1	29 1	81 1	79 1	0 1	86 1	37 1	18 1	62 1	87 1	31 1	63 1	9 1	16 1	4 1	83 1	64 1	80 1	12 1	28 1	45 1	24 1	78 1	39 1	22 1	56 1	95 1	90 1	11 1	47 1	30 1	68 1	1 1	5 1	73 1	13 1	44 1	48 1	21 1	7 1	42 1	84 1	98 1	75 1	43 1	88 1	55 1	38 1	25 1	57 1	19 1	58 1	85 1	70 1	99 1	67 1	59 1	27 1	8 1	66 1	26 1	10 1
90 1	54 1	16 1	39 1	60 1	43 1	88 1	11 1	73 1	3 1	57 1	71 1	58 1	77 1	27 1	0 1	68 1	75 1	55 1	26 1	33 1	18 1	74 1	25 1	20 1	99 1	7 1	12 1	44 1	72 1	82 1	97 1	96 1	81 1	65 1	21 1	59 1	31 1	86 1	1 1	4 1	95 1	70 1	22 1	85 1	42 1	34 1	13 1	29 1	30 1	2 1	83 1	38 1	93 1	49 1	98 1	32 1	66 1	41 1	15 1	17 1	8 1	62 1	9 1	64 1	35 1	47 1	14 1	28 1	36 1	87 1	24 1	67 1	94 1	84 1	52 1	76 1	53 1	89 1	56 1	50 1	48 1	92 1	79 1	61 1	51 1	10 1	63 1	37 1	46 1	5 1	91 1	69 1	23 1	40 1	78 1	6 1	19 1	45 1	80 1
10 1	3 1	28 1	30 1	7 1	67 1	45 1	26 1	15 1	23 1	48 1	88 1	84 1	66 1	38 1	5 1	19 1	70 1	92 1	99 1	16 1	76 1	51 1	40 1	44 1	22 1	61 1	18 1	80 1	72 1	33 1	89 1	0 1	49 1	97 1	24 1	52 1	98 1	42 1	75 1	82 1	12 1	93 1	25 1	46 1	43 1	86 1	14 1	65 1	96 1	47 1	85 1	11 1	58 1	83 1	95 1	77 1	39 1	53 1	90 1	36 1	8 1	13 1	59 1	4 1	73 1	71 1	54 1	20 1	79 1	1 1	50 1	17 1	91 1	37 1	63 1	32 1	55 1	60 1	35 1	56 1	69 1	41 1	64 1	9 1	81 1	31 1	78 1	34 1	2 1	74 1	29 1	21 1	68 1	62 1	57 1	87 1	6 1	94 1	27 1
15 1	79 1	38 1	18 1	37 1	39 1	61 1	83 1	32 1	36 1	86 1	10 1	20 1	99 1	3 1	52 1	31 1	97 1	73 1	88 1	25 1	98 1	47 1	67 1	14 1	7 1	64 1	6 1	74 1	16 1	85 1	53 1	49 1	24 1	33 1	43 1	59 1	28 1	35 1	41 1	26 1	60 1	12 1	63 1	4 1	34 1	81 1	62 1	5 1	84 1	48 1	91 1	0 1	58 1	22 1	70 1	66 1	21 1	96 1	40 1	8 1	50 1	1 1	23 1	78 1	65 1	19 1	13 1	95 1	11 1	27 1	2 1	56 1	54 1	69 1	76 1	72 1	9 1	55 1	46 1	17 1	51 1	80 1	57 1	44 1	87 1	94 1	89 1	82 1	45 1	93 1	42 1	68 1	30 1	77 1	90 1	29 1	75 1	92 1	71 1
71 1	14 1	87 1	51 1	52 1	82 1	88 1	67 1	86 1	22 1	41 1	17 1	81 1	8 1	69 1	60 1	63 1	20 1	25 1	21 1	44 1	56 1	61 1	29 1	5 1	49 1	75 1	74 1	84 1	36 1	43 1	31 1	48 1	26 1	30 1	45 1	27 1	0 1	66 1	93 1	53 1	40 1	99 1	9 1	35 1	76 1	57 1	37 1	92 1	64 1	98 1	72 1	6 1	59 1	16 1	3 1	62 1	33 1	42 1	83 1	95 1	28 1	96 1	12 1	1 1	70 1	50 1	34 1	77 1	18 1	78 1	19 1	4 1	23 1	46 1	80 1	32 1	97 1	11 1	89 1	10 1	39 1	94 1	54 1	65 1	24 1	15 1	13 1	91 1	2 1	38 1	7 1	47 1	73 1	58 1	68 1	90 1	55 1	85 1	79 1
6 1	12 1	5 1	35 1	97 1	84 1	98 1	38 1	80 1	31 1	88 1	71 1	40 1	94 1	15 1	76 1	4 1	87 1	62 1	36 1	0 1	46 1	7 1	83 1	57 1	32 1	1 1	49 1	50 1	42 1	81 1	85 1	25 1	2 1	26 1	9 1	17 1	63 1	92 1	54 1	95 1	20 1	66 1	60 1	90 1	99 1	37 1	45 1	79 1	68 1	77 1	64 1	75 1	93 1	19 1	23 1	18 1	61 1	70 1	14 1	67 1	16 1	78 1	8 1	72 1	33 1	27 1	13 1	82 1	86 1	29 1	52 1	59 1	51 1	41 1	91 1	74 1	22 1	89 1	28 1	30 1	43 1	11 1	53 1	65 1	24 1	48 1	73 1	58 1	47 1	69 1	3 1	21 1	39 1	44 1	10 1	55 1	96 1	34 1	56 1
11 1	19 1	68 1	25 1	85 1	89 1	51 1	95 1	12 1	31 1	73 1	83 1	23 1	18 1	42 1	58 1	60 1	77 1	79 1	34 1	76 1	72 1	55 1	7 1	37 1	78 1	5 1	32 1	21 1	50 1	6 1	87 1	28 1	80 1	74 1	61 1	26 1	91 1	52 1	43 1	46 1	1 1	16 1	92 1	59 1	99 1	96 1	57 1	65 1	90 1	38 1	8 1	62 1	44 1	56 1	49 1	94 1	2 1	97 1	84 1	4 1	14 1	13 1	10 1	35 1	64 1	45 1	54 1	33 1	9 1	86 1	81 1	0 1	29 1	98 1	48 1	47 1	22 1	24 1	53 1	15 1	3 1	69 1	71 1	40 1	30 1	88 1	66 1	82 1	67 1	27 1	93 1	63 1	70 1	36 1	75 1	17 1	39 1	41 1	20 1
