60	100
99 1	18 1	65 1	48 1	5 1	37 1	14 1	43 1	57 1	59 1	24 1	56 1	79 1	39 1	10 1	70 1	4 1	64 1	11 1	67 1	55 1	87 1	86 1	40 1	19 1	54 1	32 1	71 1	77 1	68 1	13 1	25 1	6 1	72 1	85 1	53 1	93 1	95 1	27 1	69 1	58 1	84 1	46 1	62 1	96 1	23 1	92 1	98 1	33 1	60 1	74 1	16 1	31 1	35 1	80 1	47 1	75 1	88 1	49 1	0 1	42 1	36 1	21 1	66 1	3 1	61 1	17 1	83 1	30 1	97 1	28 1	2 1	81 1	51 1	12 1	20 1	45 1	82 1	15 1	94 1	34 1	50 1	26 1	8 1	38 1	76 1	73 1	78 1	41 1	1 1	29 1	63 1	9 1	7 1	89 1	44 1	91 1	90 1	52 1	22 1
11 1	99 1	63 1	69 1	72 1	20 1	38 1	93 1	82 1	52 1	57 1	86 1	70 1	85 1	24 1	33 1	95 1	28 1	19 1	79 1	88 1	30 1	1 1	92 1	94 1	10 1	59 1	0 1	98 1	83 1	46 1	49 1	35 1	61 1	77 1	29 1	34 1	67 1	56 1	23 1	36 1	45 1	75 1	71 1	12 1	3 1	58 1	78 1	16 1	97 1	74 1	62 1	13 1	89 1	54 1	68 1	22 1	90 1	91 1	47 1	5 1	17 1	2 1	43 1	8 1	25 1	42 1	66 1	60 1	31 1	64 1	73 1	53 1	41 1	37 1	4 1	9 1	51 1	6 1	81 1	40 1	48 1	55 1	18 1	26 1	32 1	76 1	50 1	14 1	21 1	27 1	80 1	87 1	96 1	44 1	39 1	84 1	65 1	15 1	7 1
96 1	33 1	8 1	10 1	76 1	78 1	85 1	62 1	45 1	46 1	50 1	74 1	51 1	48 1	43 1	79 1	17 1	95 1	88 1	90 1	59 1	2 1	83 1	82 1	32 1	80 1	58 1	24 1	71 1	7 1	23 1	65 1	97 1	6 1	27 1	36 1	9 1	26 1	68 1	69 1	64 1	52 1	72 1	93 1	86 1	16 1	18 1	57 1	13 1	49 1	84 1	35 1	53 1	63 1	60 1	47 1	20 1	38 1	55 1	0 1	75 1	92 1	31 1	40 1	73 1	15 1	56 1	77 1	41 1	99 1	28 1	67 1	3 1	39 1	21 1	37 1	19 1	34 1	25 1	81 1	30 1	42 1	61 1	11 1	70 1	54 1	44 1	22 1	14 1	5 1	91 1	66 1	87 1	29 1	98 1	94 1	12 1	1 1	89 1	4 1
71 1	8 1	98 1	61 1	45 1	40 1	94 1	59 1	9 1	62 1	7 1	32 1	41 1	79 1	49 1	46 1	33 1	72 1	78 1	24 1	60 1	14 1	44 1	15 1	75 1	2 1	74 1	70 1	6 1	12 1	53 1	66 1	86 1	28 1	51 1	68 1	11 1	39 1	37 1	97 1	0 1	84 1	31 1	85 1	4 1	65 1	19 1	93 1	16 1	13 1	52 1	89 1	91 1	5 1	69 1	76 1	55 1	17 1	22 1	25 1	77 1	80 1	38 1	67 1	29 1	18 1	58 1	88 1	54 1	34 1	21 1	90 1	43 1	47 1	30 1	27 1	81 1	99 1	20 1	50 1	1 1	35 1	36 1	63 1	96 1	26 1	48 1	87 1	10 1	92 1	3 1	57 1	56 1	82 1	64 1	95 1	42 1	83 1	73 1	23 1
37 1	87 1	33 1	50 1	26 1	94 1	35 1	70 1	21 1	96 1	16 1	8 1	60 1	53 1	39 1	23 1	40 1	38 1	47 1	29 1	42 1	89 1	24 1	54 1	80 1	17 1	97 1	14 1	51 1	12 1	13 1	11 1	93 1	57 1	75 1	82 1	55 1	30 1	9 1	77 1	66 1	88 1	32 1	41 1	73 1	92 1	91 1	68 1	31 1	5 1	98 1	0 1	48 1	61 1	76 1	56 1	78 1	45 1	2 1	27 1	71 1	62 1	64 1	49 1	67 1	44 1	99 1	52 1	59 1	83 1	84 1	28 1	4 1	81 1	86 1	95 1	43 1	34 1	20 1	85 1	63 1	3 1	18 1	79 1	10 1	6 1	90 1	15 1	65 1	36 1	25 1	74 1	72 1	46 1	19 1	1 1	69 1	7 1	58 1	22 1
50 1	41 1	10 1	38 1	56 1	44 1	72 1	12 1	0 1	52 1	26 1	34 1	47 1	71 1	89 1	17 1	49 1	48 1	7 1	13 1	28 1	65 1	39 1	20 1	32 1	4 1	36 1	78 1	18 1	8 1	9 1	70 1	87 1	58 1	31 1	33 1	46 1	88 1	24 1	94 1	92 1	15 1	91 1	79 1	93 1	98 1	95 1	16 1	80 1	59 1	81 1	25 1	54 1	19 1	27 1	22 1	42 1	55 1	64 1	63 1	60 1	37 1	21 1	82 1	23 1	61 1	83 1	90 1	29 1	75 1	3 1	30 1	2 1	86 1	73 1	97 1	99 1	43 1	67 1	14 1	77 1	62 1	96 1	11 1	40 1	84 1	6 1	5 1	69 1	35 1	76 1	45 1	66 1	57 1	53 1	1 1	51 1	68 1	85 1	74 1
99 1	93 1	0 1	34 1	24 1	16 1	18 1	29 1	65 1	44 1	21 1	77 1	56 1	39 1	41 1	70 1	86 1	30 1	95 1	40 1	61 1	54 1	4 1	57 1	8 1	76 1	9 1	87 1	7 1	12 1	78 1	98 1	81 1	62 1	68 1	75 1	52 1	33 1	72 1	64 1	74 1	94 1	45 1	23 1	97 1	73 1	11 1	2 1	37 1	84 1	42 1	17 1	60 1	5 1	15 1	22 1	83 1	90 1	92 1	26 1	55 1	43 1	47 1	38 1	36 1	28 1	53 1	3 1	13 1	67 1	71 1	66 1	88 1	89 1	80 1	48 1	46 1	49 1	20 1	85 1	51 1	6 1	19 1	1 1	31 1	10 1	91 1	82 1	50 1	59 1	27 1	35 1	58 1	14 1	96 1	63 1	79 1	32 1	69 1	25 1
74 1	76 1	86 1	94 1	6 1	3 1	52 1	95 1	48 1	83 1	9 1	29 1	46 1	11 1	55 1	24 1	2 1	40 1	14 1	71 1	12 1	0 1	58 1	37 1	80 1	36 1	59 1	82 1	73 1	43 1	19 1	69 1	17 1	8 1	99 1	53 1	31 1	96 1	10 1	89 1	49 1	45 1	1 1	68 1	33 1	85 1	16 1	92 1	35 1	97 1	70 1	34 1	21 1	66 1	38 1	62 1	20 1	75 1	42 1	77 1	39 1	51 1	64 1	65 1	4 1	7 1	41 1	78 1	32 1	25 1	54 1	72 1	81 1	57 1	98 1	79 1	60 1	87 1	63 1	50 1	18 1	56 1	5 1	30 1	61 1	15 1	13 1	91 1	22 1	27 1	88 1	93 1	84 1	67 1	26 1	47 1	90 1	28 1	44 1	23 1
84 1	20 1	25 1	63 1	68 1	98 1	72 1	35 1	14 1	64 1	74 1	48 1	11 1	43 1	13 1	94 1	15 1	88 1	24 1	96 1	12 1	26 1	55 1	99 1	36 1	41 1	56 1	61 1	2 1	58 1	95 1	40 1	21 1	60 1	93 1	97 1	3 1	50 1	49 1	89 1	4 1	42 1	70 1	0 1	9 1	31 1	52 1	30 1	46 1	34 1	87 1	16 1	65 1	10 1	92 1	82 1	83 1	5 1	91 1	19 1	71 1	85 1	18 1	33 1	51 1	44 1	69 1	59 1	29 1	37 1	77 1	32 1	45 1	6 1	23 1	7 1	90 1	78 1	79 1	53 1	76 1	47 1	75 1	57 1	39 1	80 1	62 1	73 1	17 1	28 1	67 1	38 1	22 1	8 1	86 1	66 1	1 1	27 1	81 1	54 1
30 1	21 1	59 1	57 1	97 1	86 1	85 1	19 1	83 1	50 1	94 1	29 1	7 1	51 1	88 1	35 1	78 1	52 1	11 1	81 1	55 1	80 1	36 1	15 1	68 1	96 1	3 1	49 1	12 1	13 1	26 1	79 1	6 1	98 1	91 1	16 1	28 1	47 1	60 1	4 1	25 1	20 1	32 1	46 1	75 1	87 1	63 1	48 1	92 1	34 1	73 1	43 1	31 1	99 1	0 1	40 1	2 1	69 1	84 1	74 1	10 1	37 1	22 1	14 1	18 1	58 1	93 1	5 1	44 1	17 1	64 1	9 1	66 1	33 1	89 1	8 1	76 1	1 1	53 1	38 1	62 1	23 1	67 1	72 1	27 1	95 1	54 1	70 1	45 1	41 1	65 1	56 1	42 1	71 1	39 1	24 1	61 1	77 1	90 1	82 1
94 1	39 1	31 1	6 1	0 1	27 1	93 1	5 1	1 1	25 1	80 1	7 1	87 1	20 1	67 1	62 1	60 1	50 1	72 1	85 1	13 1	99 1	14 1	8 1	84 1	11 1	15 1	35 1	89 1	44 1	40 1	38 1	95 1	58 1	79 1	46 1	4 1	10 1	63 1	64 1	43 1	59 1	17 1	41 1	52 1	56 1	70 1	98 1	36 1	33 1	66 1	45 1	74 1	23 1	96 1	78 1	19 1	97 1	57 1	54 1	73 1	69 1	71 1	26 1	48 1	32 1	53 1	55 1	18 1	51 1	76 1	28 1	30 1	21 1	34 1	42 1	2 1	77 1	9 1	91 1	88 1	86 1	37 1	3 1	12 1	29 1	22 1	47 1	90 1	61 1	83 1	81 1	65 1	49 1	75 1	16 1	82 1	92 1	24 1	68 1
34 1	98 1	71 1	63 1	88 1	36 1	18 1	57 1	61 1	8 1	50 1	95 1	47 1	25 1	37 1	29 1	90 1	28 1	4 1	12 1	89 1	3 1	44 1	17 1	96 1	40 1	0 1	26 1	72 1	42 1	13 1	7 1	93 1	32 1	94 1	2 1	99 1	56 1	75 1	51 1	59 1	52 1	76 1	33 1	78 1	5 1	92 1	53 1	45 1	82 1	86 1	11 1	16 1	65 1	43 1	41 1	9 1	64 1	38 1	24 1	49 1	74 1	1 1	87 1	22 1	84 1	91 1	39 1	19 1	48 1	85 1	23 1	67 1	83 1	10 1	62 1	27 1	80 1	81 1	66 1	15 1	77 1	6 1	73 1	70 1	55 1	54 1	58 1	69 1	30 1	46 1	14 1	35 1	68 1	79 1	20 1	97 1	21 1	31 1	60 1
14 1	8 1	1 1	98 1	88 1	45 1	40 1	22 1	4 1	75 1	41 1	62 1	92 1	31 1	53 1	27 1	87 1	64 1	97 1	7 1	5 1	9 1	99 1	3 1	18 1	95 1	37 1	94 1	38 1	51 1	61 1	46 1	26 1	43 1	10 1	34 1	19 1	76 1	28 1	24 1	0 1	91 1	84 1	21 1	60 1	32 1	13 1	73 1	49 1	70 1	82 1	20 1	57 1	44 1	52 1	39 1	69 1	93 1	29 1	63 1	96 1	66 1	71 1	83 1	50 1	90 1	47 1	17 1	67 1	2 1	56 1	55 1	25 1	30 1	74 1	72 1	59 1	11 1	79 1	78 1	81 1	36 1	35 1	33 1	12 1	68 1	58 1	65 1	80 1	15 1	89 1	42 1	6 1	86 1	54 1	77 1	23 1	48 1	85 1	16 1
36 1	31 1	52 1	69 1	16 1	47 1	92 1	93 1	56 1	21 1	66 1	98 1	46 1	61 1	55 1	39 1	49 1	60 1	17 1	4 1	20 1	13 1	97 1	65 1	99 1	45 1	70 1	91 1	3 1	19 1	10 1	11 1	28 1	57 1	95 1	63 1	42 1	81 1	72 1	94 1	37 1	33 1	80 1	89 1	53 1	38 1	40 1	1 1	73 1	85 1	77 1	34 1	50 1	51 1	27 1	58 1	96 1	26 1	54 1	48 1	74 1	5 1	78 1	76 1	59 1	14 1	12 1	79 1	88 1	24 1	18 1	29 1	2 1	44 1	30 1	90 1	23 1	67 1	7 1	0 1	68 1	82 1	87 1	86 1	62 1	84 1	8 1	71 1	75 1	9 1	41 1	32 1	25 1	15 1	64 1	22 1	35 1	6 1	43 1	83 1
92 1	97 1	39 1	21 1	13 1	2 1	85 1	80 1	70 1	65 1	42 1	4 1	49 1	91 1	50 1	72 1	55 1	29 1	73 1	38 1	17 1	79 1	63 1	16 1	68 1	87 1	15 1	36 1	32 1	7 1	5 1	18 1	51 1	84 1	14 1	22 1	59 1	88 1	26 1	89 1	78 1	11 1	35 1	58 1	61 1	54 1	37 1	25 1	12 1	33 1	19 1	83 1	23 1	47 1	74 1	66 1	1 1	71 1	57 1	10 1	0 1	94 1	60 1	3 1	53 1	69 1	90 1	41 1	77 1	52 1	27 1	67 1	24 1	56 1	20 1	31 1	6 1	43 1	93 1	48 1	82 1	40 1	30 1	81 1	44 1	62 1	46 1	99 1	95 1	76 1	45 1	28 1	64 1	96 1	75 1	9 1	8 1	34 1	98 1	86 1
76 1	63 1	51 1	54 1	88 1	28 1	45 1	80 1	25 1	21 1	58 1	98 1	13 1	99 1	12 1	7 1	10 1	77 1	49 1	2 1	42 1	59 1	89 1	69 1	60 1	91 1	30 1	24 1	85 1	75 1	36 1	47 1	70 1	26 1	34 1	65 1	90 1	78 1	92 1	0 1	72 1	52 1	68 1	32 1	96 1	4 1	33 1	50 1	95 1	40 1	38 1	71 1	97 1	87 1	39 1	44 1	79 1	6 1	18 1	64 1	73 1	48 1	86 1	16 1	27 1	37 1	81 1	94 1	35 1	83 1	57 1	1 1	29 1	93 1	67 1	41 1	8 1	5 1	14 1	31 1	23 1	56 1	55 1	74 1	11 1	9 1	61 1	3 1	46 1	84 1	22 1	53 1	66 1	43 1	82 1	17 1	62 1	19 1	20 1	15 1
5 1	85 1	69 1	98 1	12 1	95 1	74 1	20 1	15 1	71 1	18 1	28 1	1 1	39 1	42 1	0 1	94 1	82 1	22 1	14 1	2 1	36 1	56 1	19 1	6 1	68 1	99 1	84 1	17 1	10 1	13 1	57 1	90 1	88 1	83 1	86 1	66 1	70 1	43 1	89 1	44 1	32 1	67 1	23 1	62 1	73 1	76 1	29 1	63 1	4 1	45 1	79 1	87 1	80 1	21 1	64 1	78 1	25 1	46 1	7 1	40 1	27 1	50 1	60 1	54 1	24 1	65 1	77 1	97 1	58 1	96 1	72 1	61 1	35 1	34 1	52 1	55 1	81 1	8 1	38 1	26 1	93 1	33 1	53 1	9 1	91 1	51 1	41 1	31 1	48 1	16 1	92 1	30 1	49 1	3 1	47 1	37 1	11 1	59 1	75 1
82 1	49 1	72 1	63 1	73 1	39 1	21 1	15 1	91 1	45 1	55 1	3 1	28 1	24 1	17 1	71 1	23 1	57 1	77 1	33 1	12 1	0 1	54 1	87 1	98 1	59 1	6 1	44 1	48 1	27 1	95 1	36 1	20 1	62 1	51 1	80 1	93 1	7 1	35 1	11 1	81 1	13 1	38 1	99 1	64 1	4 1	19 1	1 1	84 1	8 1	67 1	83 1	37 1	74 1	53 1	22 1	97 1	32 1	52 1	85 1	34 1	68 1	70 1	76 1	25 1	78 1	92 1	40 1	29 1	47 1	56 1	75 1	96 1	61 1	42 1	26 1	86 1	41 1	10 1	43 1	2 1	50 1	58 1	31 1	90 1	94 1	9 1	30 1	79 1	18 1	46 1	88 1	60 1	66 1	89 1	16 1	14 1	69 1	5 1	65 1
11 1	45 1	1 1	34 1	21 1	26 1	63 1	90 1	46 1	27 1	13 1	43 1	7 1	9 1	77 1	54 1	62 1	73 1	89 1	48 1	20 1	59 1	93 1	31 1	3 1	98 1	97 1	23 1	19 1	58 1	4 1	99 1	60 1	35 1	12 1	44 1	88 1	72 1	56 1	92 1	55 1	91 1	65 1	6 1	66 1	68 1	67 1	85 1	37 1	0 1	17 1	5 1	29 1	64 1	16 1	71 1	22 1	78 1	94 1	86 1	36 1	96 1	42 1	57 1	38 1	87 1	80 1	61 1	2 1	83 1	69 1	8 1	47 1	14 1	30 1	75 1	82 1	41 1	79 1	25 1	39 1	24 1	18 1	76 1	15 1	51 1	81 1	84 1	52 1	74 1	10 1	33 1	40 1	50 1	32 1	49 1	28 1	70 1	53 1	95 1
48 1	49 1	43 1	77 1	78 1	92 1	91 1	87 1	21 1	63 1	73 1	19 1	51 1	1 1	99 1	31 1	72 1	98 1	90 1	59 1	25 1	18 1	27 1	7 1	83 1	52 1	15 1	89 1	82 1	97 1	22 1	33 1	65 1	40 1	88 1	20 1	6 1	53 1	0 1	80 1	74 1	45 1	12 1	34 1	96 1	14 1	42 1	32 1	17 1	3 1	39 1	61 1	37 1	28 1	38 1	23 1	30 1	47 1	93 1	46 1	62 1	11 1	8 1	64 1	26 1	41 1	13 1	44 1	95 1	84 1	2 1	70 1	60 1	57 1	16 1	58 1	24 1	50 1	4 1	55 1	71 1	5 1	94 1	36 1	54 1	29 1	35 1	85 1	10 1	69 1	76 1	9 1	56 1	67 1	81 1	86 1	68 1	75 1	79 1	66 1
91 1	31 1	27 1	25 1	22 1	1 1	79 1	90 1	30 1	41 1	42 1	28 1	13 1	0 1	2 1	75 1	19 1	15 1	82 1	69 1	61 1	11 1	17 1	89 1	99 1	34 1	73 1	80 1	5 1	12 1	88 1	66 1	33 1	39 1	94 1	47 1	29 1	51 1	81 1	60 1	46 1	38 1	87 1	24 1	72 1	63 1	54 1	36 1	85 1	9 1	84 1	20 1	49 1	70 1	74 1	44 1	95 1	71 1	56 1	92 1	10 1	59 1	14 1	50 1	76 1	86 1	53 1	98 1	77 1	57 1	35 1	58 1	64 1	97 1	96 1	8 1	93 1	21 1	7 1	68 1	16 1	52 1	40 1	78 1	48 1	62 1	18 1	6 1	26 1	32 1	37 1	83 1	45 1	65 1	23 1	43 1	67 1	55 1	4 1	3 1
5 1	74 1	4 1	86 1	14 1	9 1	17 1	64 1	3 1	38 1	65 1	15 1	62 1	48 1	29 1	47 1	26 1	37 1	43 1	8 1	30 1	27 1	34 1	54 1	72 1	28 1	40 1	66 1	61 1	53 1	78 1	85 1	55 1	12 1	71 1	94 1	88 1	57 1	50 1	90 1	23 1	84 1	87 1	46 1	96 1	0 1	13 1	58 1	81 1	70 1	49 1	73 1	97 1	98 1	19 1	33 1	67 1	63 1	1 1	45 1	59 1	99 1	82 1	41 1	68 1	75 1	91 1	7 1	89 1	79 1	10 1	83 1	31 1	18 1	60 1	44 1	24 1	21 1	93 1	2 1	77 1	16 1	35 1	32 1	36 1	25 1	76 1	69 1	6 1	51 1	80 1	11 1	95 1	20 1	39 1	56 1	42 1	92 1	52 1	22 1
78 1	52 1	89 1	31 1	54 1	75 1	91 1	92 1	96 1	58 1	42 1	43 1	67 1	50 1	16 1	9 1	68 1	93 1	22 1	77 1	7 1	84 1	15 1	29 1	55 1	80 1	74 1	51 1	27 1	46 1	36 1	63 1	99 1	70 1	13 1	34 1	86 1	85 1	21 1	49 1	81 1	41 1	3 1	2 1	5 1	1 1	17 1	19 1	65 1	69 1	87 1	44 1	90 1	37 1	28 1	39 1	11 1	33 1	73 1	79 1	88 1	14 1	26 1	24 1	56 1	20 1	8 1	30 1	25 1	98 1	0 1	57 1	94 1	18 1	83 1	76 1	4 1	82 1	66 1	59 1	47 1	62 1	60 1	32 1	64 1	23 1	72 1	10 1	48 1	40 1	35 1	61 1	53 1	6 1	38 1	45 1	12 1	95 1	71 1	97 1
43 1	82 1	10 1	44 1	96 1	67 1	69 1	1 1	50 1	52 1	9 1	5 1	73 1	23 1	66 1	17 1	30 1	59 1	39 1	91 1	8 1	90 1	68 1	99 1	40 1	19 1	51 1	80 1	2 1	46 1	49 1	98 1	78 1	63 1	0 1	48 1	20 1	31 1	89 1	64 1	24 1	18 1	35 1	45 1	87 1	3 1	61 1	53 1	15 1	93 1	38 1	55 1	85 1	97 1	16 1	32 1	60 1	22 1	41 1	42 1	75 1	72 1	12 1	94 1	77 1	4 1	86 1	13 1	7 1	84 1	76 1	79 1	65 1	27 1	95 1	88 1	37 1	56 1	6 1	83 1	62 1	26 1	70 1	33 1	14 1	57 1	74 1	81 1	58 1	71 1	34 1	11 1	28 1	92 1	25 1	36 1	21 1	47 1	54 1	29 1
13 1	87 1	32 1	34 1	60 1	59 1	6 1	83 1	96 1	30 1	11 1	26 1	81 1	20 1	77 1	82 1	89 1	25 1	37 1	90 1	53 1	55 1	88 1	9 1	19 1	63 1	7 1	16 1	5 1	51 1	84 1	28 1	91 1	35 1	8 1	97 1	74 1	45 1	0 1	49 1	75 1	93 1	67 1	14 1	70 1	40 1	79 1	73 1	92 1	80 1	50 1	62 1	46 1	65 1	18 1	10 1	21 1	31 1	71 1	22 1	4 1	57 1	38 1	95 1	43 1	69 1	76 1	99 1	68 1	41 1	17 1	2 1	56 1	47 1	48 1	33 1	24 1	27 1	12 1	54 1	29 1	78 1	3 1	98 1	94 1	64 1	61 1	23 1	85 1	66 1	86 1	39 1	72 1	42 1	52 1	1 1	15 1	44 1	58 1	36 1
92 1	49 1	90 1	87 1	60 1	99 1	83 1	27 1	55 1	9 1	98 1	43 1	19 1	23 1	69 1	44 1	71 1	21 1	97 1	45 1	73 1	28 1	59 1	68 1	91 1	35 1	75 1	77 1	61 1	80 1	82 1	52 1	37 1	3 1	50 1	53 1	17 1	54 1	38 1	12 1	24 1	39 1	40 1	41 1	58 1	96 1	88 1	72 1	14 1	6 1	16 1	15 1	0 1	29 1	7 1	2 1	70 1	56 1	30 1	85 1	64 1	11 1	78 1	63 1	34 1	25 1	65 1	22 1	81 1	4 1	74 1	47 1	84 1	86 1	20 1	89 1	62 1	46 1	31 1	18 1	93 1	13 1	48 1	51 1	79 1	32 1	1 1	36 1	10 1	8 1	95 1	33 1	42 1	5 1	66 1	94 1	67 1	57 1	26 1	76 1
61 1	19 1	22 1	94 1	88 1	36 1	42 1	54 1	67 1	51 1	86 1	71 1	6 1	8 1	34 1	47 1	46 1	95 1	90 1	92 1	85 1	21 1	23 1	11 1	45 1	32 1	97 1	60 1	13 1	63 1	1 1	27 1	52 1	68 1	29 1	5 1	55 1	76 1	84 1	66 1	43 1	26 1	48 1	37 1	89 1	14 1	39 1	15 1	17 1	75 1	49 1	20 1	83 1	69 1	40 1	33 1	70 1	35 1	30 1	50 1	81 1	0 1	41 1	57 1	79 1	65 1	16 1	31 1	72 1	53 1	56 1	4 1	7 1	2 1	96 1	10 1	64 1	98 1	18 1	9 1	87 1	99 1	91 1	3 1	58 1	74 1	93 1	62 1	80 1	77 1	28 1	73 1	82 1	12 1	59 1	38 1	25 1	78 1	24 1	44 1
84 1	0 1	93 1	68 1	26 1	67 1	11 1	73 1	3 1	16 1	9 1	91 1	38 1	77 1	64 1	81 1	13 1	52 1	14 1	51 1	1 1	22 1	55 1	75 1	90 1	23 1	2 1	76 1	34 1	25 1	10 1	65 1	5 1	50 1	60 1	42 1	39 1	33 1	18 1	54 1	89 1	27 1	72 1	30 1	40 1	15 1	4 1	66 1	21 1	80 1	37 1	7 1	20 1	46 1	56 1	61 1	35 1	57 1	85 1	86 1	29 1	70 1	8 1	58 1	63 1	98 1	79 1	44 1	31 1	97 1	74 1	32 1	59 1	92 1	53 1	43 1	71 1	17 1	87 1	69 1	28 1	45 1	12 1	6 1	88 1	83 1	47 1	82 1	99 1	48 1	95 1	36 1	24 1	49 1	62 1	94 1	96 1	78 1	19 1	41 1
44 1	32 1	38 1	55 1	94 1	9 1	35 1	3 1	43 1	21 1	47 1	54 1	72 1	33 1	46 1	40 1	84 1	8 1	77 1	37 1	69 1	73 1	16 1	51 1	63 1	75 1	99 1	13 1	98 1	12 1	22 1	5 1	10 1	90 1	60 1	19 1	95 1	30 1	80 1	71 1	87 1	93 1	39 1	91 1	28 1	81 1	24 1	62 1	74 1	1 1	50 1	56 1	86 1	89 1	66 1	23 1	76 1	6 1	68 1	27 1	45 1	57 1	20 1	29 1	67 1	42 1	88 1	25 1	2 1	82 1	41 1	52 1	14 1	7 1	61 1	34 1	15 1	49 1	17 1	58 1	96 1	4 1	59 1	48 1	65 1	0 1	64 1	26 1	92 1	83 1	78 1	79 1	53 1	18 1	70 1	85 1	97 1	31 1	36 1	11 1
6 1	64 1	96 1	31 1	14 1	34 1	83 1	57 1	67 1	29 1	74 1	60 1	8 1	87 1	50 1	16 1	21 1	30 1	28 1	85 1	51 1	3 1	55 1	61 1	84 1	89 1	98 1	88 1	97 1	76 1	5 1	58 1	11 1	37 1	91 1	46 1	72 1	93 1	27 1	25 1	23 1	94 1	82 1	12 1	36 1	15 1	47 1	99 1	86 1	43 1	77 1	20 1	48 1	22 1	0 1	40 1	92 1	56 1	63 1	4 1	24 1	13 1	53 1	33 1	26 1	75 1	18 1	95 1	70 1	1 1	62 1	42 1	66 1	79 1	81 1	39 1	45 1	78 1	68 1	2 1	7 1	52 1	19 1	65 1	41 1	49 1	32 1	73 1	38 1	71 1	69 1	80 1	9 1	35 1	90 1	17 1	10 1	54 1	59 1	44 1
18 1	45 1	4 1	15 1	56 1	6 1	94 1	24 1	81 1	5 1	78 1	47 1	66 1	65 1	93 1	26 1	10 1	30 1	43 1	85 1	99 1	48 1	36 1	0 1	16 1	54 1	75 1	50 1	68 1	41 1	13 1	38 1	79 1	7 1	98 1	96 1	64 1	29 1	51 1	69 1	80 1	88 1	12 1	14 1	22 1	17 1	62 1	70 1	34 1	59 1	46 1	90 1	33 1	53 1	9 1	61 1	74 1	1 1	40 1	95 1	58 1	72 1	27 1	28 1	42 1	2 1	71 1	60 1	91 1	89 1	73 1	25 1	57 1	92 1	84 1	11 1	49 1	55 1	35 1	67 1	52 1	77 1	20 1	23 1	44 1	21 1	31 1	87 1	82 1	63 1	8 1	76 1	39 1	32 1	3 1	19 1	83 1	97 1	86 1	37 1
77 1	3 1	68 1	27 1	56 1	49 1	6 1	64 1	14 1	52 1	79 1	5 1	93 1	45 1	12 1	22 1	82 1	19 1	9 1	42 1	74 1	94 1	57 1	95 1	92 1	98 1	84 1	59 1	1 1	34 1	0 1	63 1	23 1	36 1	51 1	90 1	38 1	13 1	72 1	69 1	10 1	87 1	26 1	37 1	71 1	18 1	43 1	96 1	75 1	40 1	32 1	48 1	91 1	97 1	2 1	20 1	44 1	53 1	67 1	78 1	81 1	70 1	58 1	17 1	30 1	28 1	73 1	54 1	7 1	11 1	33 1	24 1	86 1	61 1	88 1	16 1	50 1	47 1	31 1	85 1	65 1	29 1	39 1	76 1	4 1	89 1	55 1	62 1	99 1	80 1	25 1	15 1	60 1	46 1	8 1	35 1	41 1	21 1	66 1	83 1
8 1	23 1	0 1	29 1	58 1	67 1	20 1	50 1	27 1	21 1	79 1	63 1	59 1	26 1	90 1	1 1	77 1	95 1	91 1	68 1	41 1	93 1	57 1	97 1	92 1	32 1	42 1	56 1	4 1	35 1	83 1	30 1	51 1	33 1	5 1	45 1	13 1	52 1	15 1	87 1	34 1	69 1	94 1	73 1	6 1	39 1	9 1	36 1	16 1	40 1	99 1	72 1	84 1	62 1	22 1	17 1	85 1	54 1	43 1	88 1	28 1	75 1	2 1	14 1	19 1	10 1	44 1	60 1	89 1	3 1	7 1	81 1	82 1	31 1	70 1	24 1	25 1	47 1	86 1	49 1	71 1	96 1	12 1	55 1	78 1	61 1	11 1	37 1	66 1	46 1	38 1	74 1	65 1	53 1	48 1	76 1	64 1	98 1	18 1	80 1
7 1	24 1	6 1	43 1	97 1	83 1	92 1	14 1	99 1	94 1	74 1	44 1	49 1	36 1	15 1	90 1	3 1	21 1	85 1	29 1	86 1	77 1	87 1	70 1	60 1	37 1	61 1	28 1	88 1	59 1	25 1	50 1	27 1	42 1	16 1	69 1	2 1	96 1	1 1	62 1	63 1	12 1	76 1	66 1	23 1	35 1	91 1	58 1	48 1	64 1	53 1	22 1	65 1	75 1	71 1	11 1	20 1	81 1	54 1	82 1	19 1	95 1	5 1	9 1	8 1	78 1	31 1	18 1	72 1	89 1	26 1	13 1	10 1	45 1	57 1	32 1	52 1	93 1	40 1	56 1	84 1	46 1	38 1	17 1	47 1	33 1	4 1	30 1	0 1	39 1	41 1	55 1	79 1	51 1	73 1	80 1	98 1	68 1	67 1	34 1
67 1	91 1	43 1	99 1	87 1	78 1	89 1	29 1	66 1	26 1	59 1	85 1	55 1	15 1	60 1	28 1	48 1	76 1	82 1	57 1	77 1	70 1	20 1	18 1	27 1	94 1	69 1	22 1	12 1	19 1	10 1	21 1	2 1	30 1	49 1	73 1	11 1	58 1	17 1	51 1	37 1	63 1	33 1	68 1	61 1	83 1	45 1	79 1	80 1	16 1	62 1	35 1	32 1	42 1	96 1	40 1	74 1	13 1	75 1	53 1	88 1	81 1	54 1	64 1	9 1	52 1	86 1	8 1	25 1	1 1	56 1	46 1	44 1	41 1	98 1	24 1	0 1	34 1	95 1	31 1	71 1	6 1	3 1	4 1	92 1	50 1	23 1	39 1	97 1	65 1	93 1	47 1	84 1	14 1	38 1	5 1	90 1	72 1	7 1	36 1
55 1	44 1	26 1	33 1	79 1	22 1	49 1	97 1	3 1	60 1	68 1	1 1	42 1	70 1	72 1	51 1	12 1	94 1	10 1	87 1	30 1	6 1	78 1	83 1	36 1	5 1	99 1	93 1	11 1	65 1	35 1	56 1	0 1	47 1	2 1	84 1	14 1	18 1	32 1	92 1	89 1	64 1	25 1	40 1	96 1	41 1	53 1	58 1	23 1	69 1	28 1	62 1	24 1	54 1	77 1	13 1	9 1	88 1	19 1	63 1	38 1	86 1	4 1	59 1	20 1	31 1	7 1	16 1	74 1	34 1	29 1	46 1	52 1	66 1	80 1	57 1	48 1	71 1	90 1	85 1	27 1	91 1	61 1	73 1	45 1	82 1	37 1	15 1	81 1	75 1	95 1	67 1	39 1	50 1	8 1	76 1	98 1	21 1	43 1	17 1
7 1	86 1	72 1	27 1	50 1	1 1	42 1	68 1	84 1	74 1	11 1	35 1	63 1	6 1	76 1	36 1	26 1	82 1	51 1	0 1	87 1	3 1	41 1	43 1	10 1	19 1	67 1	44 1	32 1	12 1	73 1	56 1	8 1	77 1	64 1	31 1	88 1	95 1	75 1	57 1	38 1	99 1	15 1	2 1	14 1	89 1	24 1	70 1	34 1	80 1	83 1	94 1	29 1	60 1	85 1	71 1	18 1	98 1	30 1	46 1	5 1	81 1	79 1	69 1	59 1	48 1	97 1	53 1	17 1	28 1	20 1	58 1	52 1	25 1	96 1	78 1	47 1	16 1	9 1	49 1	33 1	55 1	39 1	45 1	23 1	93 1	65 1	21 1	37 1	66 1	13 1	40 1	22 1	4 1	62 1	90 1	54 1	61 1	91 1	92 1
48 1	89 1	90 1	1 1	93 1	56 1	38 1	64 1	74 1	45 1	71 1	39 1	83 1	88 1	14 1	34 1	85 1	42 1	61 1	29 1	36 1	69 1	81 1	73 1	82 1	22 1	70 1	91 1	67 1	79 1	20 1	21 1	92 1	33 1	87 1	35 1	31 1	59 1	23 1	54 1	5 1	57 1	75 1	12 1	53 1	9 1	44 1	6 1	24 1	58 1	47 1	97 1	49 1	78 1	0 1	19 1	10 1	30 1	72 1	8 1	27 1	68 1	26 1	65 1	63 1	95 1	32 1	52 1	80 1	50 1	16 1	99 1	11 1	66 1	46 1	2 1	96 1	41 1	37 1	7 1	60 1	3 1	62 1	25 1	86 1	43 1	94 1	17 1	18 1	77 1	4 1	15 1	13 1	55 1	98 1	76 1	28 1	40 1	84 1	51 1
56 1	30 1	11 1	21 1	58 1	81 1	61 1	15 1	83 1	69 1	16 1	45 1	95 1	82 1	85 1	37 1	12 1	80 1	23 1	84 1	46 1	59 1	91 1	71 1	43 1	68 1	5 1	51 1	7 1	35 1	9 1	10 1	19 1	88 1	53 1	18 1	64 1	87 1	86 1	50 1	52 1	72 1	62 1	24 1	48 1	3 1	73 1	31 1	93 1	28 1	13 1	25 1	97 1	92 1	47 1	89 1	22 1	39 1	63 1	2 1	57 1	32 1	76 1	77 1	26 1	36 1	17 1	79 1	20 1	41 1	33 1	40 1	66 1	27 1	55 1	0 1	65 1	94 1	90 1	49 1	75 1	1 1	74 1	34 1	98 1	67 1	14 1	60 1	99 1	8 1	96 1	4 1	44 1	38 1	70 1	54 1	42 1	78 1	6 1	29 1
41 1	35 1	22 1	39 1	42 1	40 1	53 1	58 1	16 1	68 1	86 1	99 1	29 1	30 1	26 1	55 1	21 1	59 1	83 1	66 1	0 1	27 1	12 1	32 1	76 1	73 1	19 1	48 1	4 1	64 1	74 1	94 1	78 1	23 1	28 1	14 1	97 1	57 1	87 1	54 1	34 1	63 1	95 1	25 1	47 1	20 1	62 1	31 1	67 1	77 1	60 1	82 1	13 1	46 1	24 1	50 1	65 1	88 1	6 1	18 1	80 1	10 1	37 1	2 1	75 1	81 1	98 1	85 1	91 1	11 1	49 1	79 1	15 1	17 1	45 1	43 1	96 1	93 1	61 1	51 1	38 1	52 1	89 1	8 1	71 1	69 1	44 1	84 1	72 1	3 1	56 1	36 1	1 1	70 1	92 1	90 1	9 1	33 1	7 1	5 1
24 1	17 1	42 1	35 1	63 1	91 1	2 1	68 1	70 1	14 1	3 1	49 1	98 1	32 1	89 1	0 1	78 1	20 1	75 1	1 1	39 1	15 1	56 1	29 1	93 1	26 1	19 1	58 1	82 1	28 1	94 1	50 1	97 1	30 1	74 1	47 1	11 1	65 1	25 1	36 1	83 1	54 1	12 1	40 1	81 1	21 1	76 1	34 1	64 1	6 1	84 1	48 1	72 1	99 1	62 1	46 1	61 1	16 1	18 1	45 1	27 1	22 1	92 1	60 1	51 1	38 1	95 1	4 1	10 1	80 1	55 1	37 1	52 1	73 1	44 1	57 1	33 1	8 1	67 1	59 1	86 1	7 1	88 1	31 1	71 1	23 1	43 1	87 1	41 1	96 1	77 1	90 1	13 1	79 1	66 1	85 1	5 1	69 1	53 1	9 1
59 1	52 1	5 1	35 1	30 1	94 1	6 1	31 1	11 1	29 1	80 1	87 1	69 1	75 1	25 1	20 1	47 1	84 1	77 1	85 1	7 1	13 1	50 1	26 1	89 1	27 1	18 1	33 1	71 1	34 1	38 1	91 1	86 1	57 1	32 1	60 1	98 1	49 1	53 1	54 1	74 1	44 1	10 1	56 1	64 1	0 1	3 1	37 1	4 1	70 1	9 1	65 1	15 1	76 1	93 1	22 1	92 1	66 1	14 1	58 1	79 1	97 1	41 1	24 1	62 1	61 1	78 1	83 1	99 1	46 1	12 1	51 1	88 1	43 1	45 1	72 1	1 1	19 1	16 1	63 1	96 1	48 1	55 1	8 1	28 1	73 1	95 1	23 1	2 1	81 1	21 1	17 1	90 1	40 1	36 1	42 1	67 1	82 1	68 1	39 1
40 1	14 1	28 1	52 1	5 1	77 1	82 1	43 1	72 1	41 1	53 1	95 1	74 1	30 1	25 1	90 1	37 1	50 1	71 1	86 1	20 1	4 1	13 1	49 1	89 1	17 1	64 1	46 1	81 1	88 1	2 1	11 1	33 1	8 1	92 1	54 1	15 1	68 1	29 1	22 1	38 1	16 1	75 1	26 1	21 1	48 1	6 1	31 1	63 1	87 1	0 1	94 1	65 1	51 1	39 1	59 1	9 1	80 1	3 1	85 1	18 1	79 1	56 1	1 1	47 1	70 1	44 1	69 1	32 1	62 1	78 1	55 1	35 1	23 1	96 1	83 1	19 1	24 1	12 1	66 1	10 1	58 1	91 1	76 1	93 1	99 1	42 1	84 1	98 1	60 1	45 1	73 1	57 1	97 1	36 1	61 1	27 1	67 1	34 1	7 1
31 1	29 1	98 1	82 1	42 1	97 1	53 1	58 1	90 1	81 1	86 1	41 1	34 1	0 1	48 1	43 1	60 1	26 1	49 1	3 1	64 1	9 1	63 1	70 1	5 1	76 1	7 1	16 1	13 1	69 1	6 1	15 1	11 1	67 1	23 1	25 1	30 1	88 1	96 1	24 1	1 1	92 1	40 1	84 1	78 1	99 1	21 1	68 1	20 1	74 1	65 1	73 1	85 1	47 1	95 1	75 1	91 1	38 1	35 1	50 1	80 1	39 1	61 1	83 1	55 1	12 1	17 1	87 1	79 1	71 1	66 1	33 1	54 1	57 1	94 1	14 1	4 1	77 1	46 1	72 1	93 1	18 1	89 1	56 1	27 1	44 1	2 1	62 1	28 1	8 1	36 1	22 1	19 1	37 1	32 1	59 1	51 1	45 1	52 1	10 1
89 1	85 1	18 1	90 1	23 1	74 1	83 1	42 1	81 1	41 1	84 1	21 1	95 1	27 1	7 1	29 1	38 1	58 1	73 1	86 1	34 1	45 1	64 1	76 1	51 1	91 1	32 1	4 1	16 1	61 1	96 1	59 1	57 1	68 1	35 1	62 1	13 1	15 1	75 1	40 1	97 1	87 1	17 1	43 1	0 1	24 1	3 1	47 1	22 1	77 1	12 1	49 1	2 1	6 1	5 1	36 1	93 1	66 1	28 1	99 1	71 1	72 1	70 1	26 1	48 1	80 1	56 1	55 1	67 1	60 1	25 1	1 1	98 1	82 1	44 1	37 1	63 1	30 1	8 1	94 1	78 1	53 1	39 1	54 1	46 1	88 1	20 1	79 1	14 1	9 1	92 1	33 1	65 1	19 1	10 1	50 1	11 1	52 1	31 1	69 1
23 1	64 1	26 1	17 1	94 1	78 1	48 1	66 1	90 1	56 1	75 1	12 1	68 1	44 1	97 1	42 1	13 1	21 1	63 1	40 1	82 1	10 1	95 1	81 1	83 1	67 1	27 1	20 1	54 1	19 1	32 1	5 1	9 1	46 1	15 1	18 1	69 1	76 1	74 1	52 1	33 1	25 1	51 1	85 1	6 1	80 1	11 1	43 1	31 1	98 1	89 1	99 1	38 1	36 1	3 1	84 1	55 1	34 1	8 1	70 1	14 1	88 1	0 1	96 1	37 1	79 1	16 1	60 1	87 1	30 1	41 1	45 1	2 1	28 1	65 1	47 1	4 1	59 1	91 1	1 1	29 1	92 1	50 1	35 1	24 1	62 1	7 1	53 1	72 1	57 1	86 1	49 1	39 1	22 1	73 1	61 1	77 1	71 1	58 1	93 1
75 1	48 1	36 1	67 1	80 1	93 1	53 1	49 1	30 1	27 1	18 1	58 1	73 1	83 1	81 1	4 1	51 1	20 1	13 1	92 1	91 1	69 1	28 1	26 1	40 1	7 1	31 1	77 1	57 1	23 1	14 1	39 1	1 1	19 1	90 1	99 1	62 1	37 1	16 1	76 1	87 1	10 1	17 1	63 1	66 1	35 1	60 1	61 1	68 1	89 1	65 1	94 1	33 1	21 1	55 1	72 1	44 1	86 1	47 1	98 1	3 1	71 1	97 1	56 1	6 1	15 1	64 1	46 1	84 1	45 1	52 1	79 1	85 1	34 1	78 1	82 1	24 1	0 1	74 1	8 1	95 1	11 1	38 1	43 1	25 1	50 1	88 1	29 1	42 1	54 1	9 1	12 1	2 1	70 1	59 1	22 1	96 1	41 1	5 1	32 1
84 1	20 1	93 1	32 1	83 1	51 1	64 1	58 1	53 1	86 1	57 1	39 1	44 1	85 1	31 1	27 1	70 1	45 1	34 1	55 1	3 1	49 1	75 1	6 1	7 1	8 1	15 1	88 1	96 1	26 1	23 1	87 1	12 1	81 1	99 1	36 1	1 1	65 1	89 1	2 1	10 1	77 1	35 1	98 1	80 1	50 1	9 1	72 1	21 1	17 1	63 1	41 1	24 1	42 1	4 1	73 1	22 1	19 1	56 1	60 1	5 1	25 1	67 1	18 1	13 1	16 1	11 1	68 1	46 1	92 1	40 1	54 1	94 1	33 1	71 1	47 1	78 1	66 1	79 1	95 1	48 1	97 1	37 1	90 1	76 1	91 1	29 1	0 1	28 1	59 1	38 1	14 1	82 1	61 1	52 1	43 1	69 1	74 1	30 1	62 1
63 1	10 1	82 1	4 1	96 1	62 1	20 1	35 1	64 1	88 1	74 1	27 1	29 1	5 1	79 1	98 1	0 1	90 1	51 1	6 1	47 1	57 1	40 1	68 1	55 1	83 1	87 1	43 1	7 1	33 1	18 1	81 1	89 1	52 1	23 1	45 1	37 1	95 1	59 1	14 1	34 1	9 1	28 1	93 1	8 1	13 1	69 1	2 1	17 1	70 1	73 1	30 1	78 1	25 1	54 1	94 1	92 1	85 1	3 1	72 1	32 1	11 1	44 1	80 1	97 1	12 1	77 1	53 1	41 1	75 1	21 1	61 1	1 1	91 1	60 1	39 1	66 1	42 1	76 1	24 1	38 1	15 1	99 1	19 1	86 1	31 1	46 1	56 1	36 1	71 1	84 1	16 1	50 1	58 1	49 1	26 1	65 1	22 1	48 1	67 1
37 1	64 1	38 1	12 1	75 1	42 1	24 1	41 1	0 1	70 1	72 1	56 1	8 1	69 1	90 1	26 1	67 1	71 1	11 1	7 1	61 1	79 1	65 1	35 1	88 1	80 1	30 1	9 1	29 1	97 1	17 1	10 1	60 1	32 1	44 1	55 1	73 1	87 1	18 1	3 1	21 1	5 1	34 1	57 1	81 1	68 1	77 1	63 1	16 1	85 1	31 1	54 1	58 1	36 1	51 1	59 1	49 1	50 1	92 1	74 1	62 1	43 1	2 1	28 1	53 1	25 1	19 1	78 1	47 1	39 1	4 1	14 1	82 1	33 1	94 1	48 1	93 1	45 1	99 1	22 1	83 1	98 1	23 1	20 1	40 1	27 1	1 1	6 1	76 1	89 1	86 1	52 1	13 1	46 1	15 1	84 1	66 1	91 1	95 1	96 1
36 1	33 1	88 1	42 1	87 1	55 1	89 1	64 1	15 1	84 1	79 1	80 1	57 1	85 1	63 1	2 1	30 1	19 1	16 1	4 1	13 1	37 1	20 1	8 1	52 1	61 1	9 1	18 1	50 1	11 1	47 1	35 1	24 1	21 1	6 1	23 1	1 1	60 1	41 1	78 1	28 1	98 1	92 1	74 1	96 1	45 1	5 1	93 1	40 1	27 1	97 1	95 1	32 1	83 1	82 1	39 1	22 1	17 1	31 1	12 1	94 1	58 1	44 1	51 1	38 1	86 1	59 1	3 1	26 1	54 1	77 1	69 1	46 1	10 1	65 1	76 1	71 1	75 1	68 1	48 1	43 1	70 1	91 1	34 1	99 1	7 1	66 1	90 1	62 1	67 1	0 1	73 1	53 1	49 1	81 1	72 1	25 1	14 1	29 1	56 1
3 1	7 1	82 1	58 1	85 1	59 1	83 1	51 1	65 1	15 1	52 1	9 1	2 1	17 1	12 1	76 1	24 1	74 1	47 1	57 1	80 1	45 1	29 1	36 1	84 1	0 1	6 1	13 1	78 1	53 1	48 1	49 1	94 1	8 1	41 1	95 1	44 1	92 1	64 1	31 1	26 1	21 1	28 1	72 1	60 1	56 1	98 1	55 1	10 1	46 1	62 1	77 1	75 1	25 1	33 1	39 1	97 1	18 1	32 1	69 1	1 1	14 1	88 1	43 1	34 1	30 1	37 1	35 1	40 1	79 1	42 1	70 1	87 1	16 1	5 1	54 1	61 1	68 1	63 1	99 1	20 1	71 1	90 1	4 1	86 1	93 1	27 1	19 1	89 1	81 1	38 1	73 1	66 1	11 1	96 1	50 1	23 1	22 1	67 1	91 1
7 1	9 1	58 1	33 1	2 1	35 1	12 1	59 1	49 1	73 1	11 1	65 1	29 1	39 1	98 1	45 1	79 1	15 1	27 1	78 1	26 1	31 1	30 1	5 1	86 1	52 1	62 1	32 1	54 1	71 1	42 1	19 1	92 1	28 1	76 1	82 1	51 1	21 1	23 1	47 1	8 1	95 1	74 1	13 1	96 1	57 1	20 1	34 1	24 1	67 1	36 1	81 1	61 1	80 1	66 1	46 1	63 1	10 1	3 1	16 1	64 1	38 1	44 1	87 1	88 1	94 1	1 1	6 1	97 1	68 1	40 1	56 1	84 1	75 1	14 1	41 1	43 1	91 1	18 1	99 1	22 1	70 1	4 1	60 1	90 1	69 1	50 1	37 1	89 1	55 1	72 1	17 1	0 1	85 1	83 1	25 1	93 1	77 1	48 1	53 1
5 1	32 1	85 1	70 1	26 1	86 1	90 1	4 1	71 1	92 1	31 1	40 1	47 1	30 1	49 1	60 1	28 1	53 1	51 1	27 1	1 1	13 1	93 1	8 1	78 1	99 1	35 1	63 1	67 1	58 1	44 1	91 1	45 1	48 1	46 1	62 1	68 1	80 1	82 1	12 1	54 1	22 1	83 1	19 1	29 1	23 1	72 1	39 1	74 1	56 1	0 1	97 1	14 1	6 1	96 1	25 1	94 1	81 1	61 1	98 1	24 1	34 1	21 1	38 1	50 1	52 1	75 1	88 1	36 1	64 1	37 1	15 1	87 1	33 1	79 1	59 1	66 1	2 1	84 1	41 1	11 1	55 1	9 1	76 1	65 1	43 1	7 1	10 1	73 1	57 1	20 1	69 1	77 1	18 1	95 1	17 1	42 1	3 1	16 1	89 1
80 1	7 1	31 1	30 1	95 1	97 1	67 1	22 1	77 1	78 1	58 1	76 1	84 1	82 1	87 1	36 1	25 1	66 1	45 1	52 1	55 1	20 1	57 1	18 1	64 1	81 1	29 1	2 1	23 1	11 1	60 1	90 1	37 1	9 1	69 1	98 1	63 1	46 1	6 1	85 1	65 1	83 1	32 1	56 1	92 1	50 1	33 1	73 1	4 1	3 1	16 1	68 1	15 1	39 1	88 1	51 1	35 1	38 1	72 1	99 1	71 1	48 1	44 1	21 1	17 1	24 1	74 1	0 1	13 1	43 1	41 1	1 1	42 1	28 1	12 1	86 1	54 1	93 1	19 1	53 1	91 1	26 1	49 1	75 1	59 1	96 1	94 1	40 1	8 1	61 1	27 1	34 1	10 1	14 1	70 1	79 1	62 1	5 1	47 1	89 1
16 1	49 1	13 1	71 1	12 1	75 1	42 1	32 1	8 1	70 1	23 1	52 1	5 1	58 1	47 1	68 1	95 1	14 1	18 1	77 1	55 1	63 1	56 1	66 1	69 1	90 1	97 1	38 1	26 1	83 1	87 1	80 1	0 1	94 1	25 1	17 1	3 1	29 1	79 1	76 1	88 1	51 1	27 1	50 1	1 1	28 1	98 1	81 1	43 1	45 1	46 1	24 1	89 1	67 1	99 1	61 1	92 1	65 1	7 1	36 1	30 1	64 1	39 1	20 1	62 1	60 1	72 1	21 1	85 1	2 1	40 1	10 1	96 1	74 1	93 1	31 1	9 1	57 1	33 1	34 1	35 1	6 1	54 1	59 1	44 1	15 1	82 1	86 1	4 1	41 1	78 1	91 1	37 1	73 1	48 1	53 1	19 1	84 1	11 1	22 1
91 1	63 1	15 1	47 1	13 1	75 1	21 1	82 1	55 1	72 1	24 1	79 1	52 1	10 1	29 1	3 1	92 1	1 1	32 1	96 1	89 1	51 1	65 1	19 1	66 1	46 1	0 1	99 1	59 1	78 1	35 1	80 1	8 1	36 1	45 1	27 1	9 1	11 1	86 1	50 1	16 1	68 1	74 1	22 1	20 1	26 1	5 1	62 1	98 1	77 1	93 1	83 1	18 1	67 1	54 1	39 1	81 1	25 1	56 1	23 1	69 1	30 1	6 1	53 1	60 1	4 1	84 1	34 1	76 1	31 1	12 1	94 1	38 1	40 1	90 1	17 1	57 1	37 1	64 1	49 1	70 1	44 1	2 1	42 1	73 1	58 1	85 1	88 1	43 1	97 1	33 1	41 1	14 1	61 1	71 1	48 1	95 1	7 1	28 1	87 1
82 1	76 1	32 1	85 1	30 1	34 1	23 1	41 1	11 1	39 1	4 1	59 1	17 1	5 1	43 1	51 1	29 1	62 1	31 1	27 1	3 1	60 1	65 1	19 1	86 1	61 1	48 1	9 1	36 1	55 1	37 1	26 1	46 1	70 1	57 1	7 1	72 1	50 1	63 1	6 1	24 1	10 1	35 1	81 1	75 1	68 1	1 1	47 1	53 1	92 1	91 1	42 1	99 1	96 1	15 1	98 1	77 1	64 1	13 1	71 1	21 1	58 1	74 1	66 1	38 1	45 1	8 1	73 1	2 1	25 1	0 1	95 1	52 1	18 1	97 1	44 1	83 1	12 1	78 1	16 1	49 1	90 1	88 1	89 1	67 1	54 1	56 1	22 1	80 1	94 1	69 1	20 1	79 1	84 1	87 1	40 1	14 1	33 1	93 1	28 1
16 1	25 1	85 1	21 1	6 1	81 1	40 1	82 1	87 1	66 1	48 1	41 1	13 1	38 1	22 1	84 1	7 1	11 1	19 1	60 1	88 1	53 1	64 1	17 1	97 1	92 1	46 1	58 1	54 1	2 1	29 1	69 1	37 1	67 1	1 1	15 1	63 1	75 1	72 1	28 1	49 1	73 1	95 1	5 1	91 1	10 1	89 1	77 1	74 1	33 1	44 1	30 1	42 1	70 1	86 1	8 1	43 1	90 1	12 1	68 1	34 1	35 1	62 1	36 1	45 1	9 1	55 1	0 1	57 1	4 1	31 1	50 1	61 1	94 1	26 1	32 1	93 1	79 1	20 1	65 1	59 1	56 1	76 1	99 1	83 1	80 1	3 1	14 1	27 1	96 1	24 1	71 1	39 1	23 1	98 1	47 1	51 1	78 1	52 1	18 1
57 1	75 1	49 1	97 1	34 1	87 1	8 1	99 1	82 1	61 1	54 1	90 1	98 1	21 1	88 1	67 1	93 1	1 1	27 1	86 1	33 1	78 1	15 1	28 1	48 1	20 1	43 1	80 1	50 1	55 1	52 1	12 1	26 1	60 1	25 1	40 1	39 1	51 1	69 1	32 1	81 1	74 1	6 1	3 1	29 1	84 1	18 1	16 1	72 1	17 1	31 1	9 1	70 1	96 1	79 1	45 1	42 1	76 1	66 1	44 1	7 1	47 1	13 1	37 1	64 1	46 1	62 1	77 1	95 1	65 1	38 1	2 1	68 1	19 1	94 1	22 1	89 1	63 1	58 1	0 1	30 1	73 1	71 1	14 1	35 1	91 1	10 1	41 1	5 1	23 1	83 1	56 1	85 1	24 1	36 1	92 1	53 1	4 1	59 1	11 1
