100	80
3 1	43 1	41 1	63 1	66 1	13 1	16 1	4 1	76 1	37 1	11 1	12 1	55 1	17 1	72 1	75 1	74 1	25 1	19 1	28 1	64 1	46 1	20 1	1 1	15 1	34 1	18 1	6 1	42 1	5 1	27 1	71 1	53 1	0 1	32 1	14 1	26 1	39 1	7 1	62 1	69 1	9 1	44 1	45 1	73 1	49 1	78 1	67 1	10 1	23 1	21 1	51 1	38 1	58 1	60 1	57 1	68 1	22 1	33 1	24 1	2 1	48 1	79 1	36 1	50 1	52 1	47 1	59 1	65 1	8 1	77 1	61 1	29 1	56 1	54 1	31 1	35 1	70 1	40 1	30 1
35 1	19 1	39 1	66 1	57 1	79 1	67 1	59 1	52 1	32 1	63 1	60 1	36 1	49 1	17 1	58 1	13 1	47 1	71 1	1 1	38 1	75 1	7 1	0 1	70 1	5 1	22 1	21 1	56 1	50 1	31 1	54 1	69 1	11 1	51 1	29 1	30 1	45 1	4 1	8 1	37 1	74 1	10 1	9 1	12 1	40 1	78 1	73 1	2 1	33 1	64 1	65 1	16 1	68 1	27 1	28 1	77 1	41 1	25 1	34 1	48 1	15 1	42 1	44 1	76 1	62 1	53 1	24 1	26 1	72 1	46 1	61 1	20 1	55 1	43 1	23 1	14 1	18 1	3 1	6 1
47 1	70 1	18 1	23 1	32 1	36 1	53 1	8 1	77 1	40 1	69 1	72 1	33 1	48 1	30 1	1 1	37 1	63 1	2 1	55 1	73 1	6 1	4 1	68 1	21 1	59 1	39 1	25 1	28 1	66 1	75 1	41 1	50 1	79 1	60 1	61 1	29 1	19 1	42 1	65 1	15 1	31 1	57 1	76 1	46 1	22 1	10 1	13 1	54 1	52 1	7 1	56 1	14 1	45 1	67 1	12 1	44 1	34 1	62 1	58 1	43 1	17 1	78 1	0 1	64 1	20 1	3 1	49 1	9 1	51 1	24 1	5 1	16 1	74 1	26 1	71 1	11 1	38 1	27 1	35 1
15 1	49 1	38 1	58 1	7 1	53 1	30 1	57 1	19 1	8 1	36 1	11 1	70 1	14 1	45 1	61 1	67 1	71 1	62 1	54 1	56 1	79 1	46 1	52 1	50 1	72 1	75 1	60 1	2 1	76 1	51 1	3 1	59 1	40 1	20 1	16 1	13 1	73 1	65 1	23 1	24 1	28 1	55 1	0 1	5 1	78 1	68 1	18 1	43 1	74 1	69 1	21 1	31 1	47 1	27 1	22 1	32 1	26 1	10 1	4 1	64 1	37 1	34 1	6 1	41 1	44 1	39 1	1 1	77 1	42 1	12 1	35 1	29 1	63 1	33 1	66 1	9 1	17 1	48 1	25 1
64 1	72 1	63 1	70 1	0 1	13 1	10 1	49 1	40 1	58 1	17 1	54 1	47 1	78 1	30 1	23 1	27 1	74 1	9 1	4 1	8 1	79 1	38 1	77 1	29 1	50 1	15 1	6 1	59 1	7 1	11 1	69 1	1 1	65 1	66 1	12 1	36 1	21 1	52 1	42 1	22 1	57 1	5 1	62 1	25 1	28 1	34 1	45 1	73 1	24 1	61 1	26 1	37 1	35 1	3 1	2 1	31 1	48 1	46 1	56 1	75 1	33 1	60 1	20 1	32 1	51 1	16 1	55 1	18 1	43 1	53 1	71 1	76 1	19 1	39 1	44 1	14 1	41 1	68 1	67 1
52 1	57 1	38 1	35 1	63 1	64 1	10 1	73 1	62 1	70 1	21 1	8 1	5 1	59 1	76 1	16 1	75 1	41 1	40 1	22 1	11 1	12 1	37 1	24 1	29 1	7 1	28 1	32 1	18 1	46 1	78 1	13 1	55 1	69 1	48 1	45 1	49 1	25 1	50 1	68 1	72 1	42 1	19 1	56 1	53 1	51 1	20 1	31 1	2 1	65 1	54 1	67 1	30 1	15 1	0 1	44 1	36 1	66 1	39 1	77 1	47 1	71 1	74 1	33 1	17 1	34 1	61 1	4 1	1 1	79 1	9 1	6 1	23 1	43 1	27 1	58 1	26 1	3 1	60 1	14 1
23 1	31 1	51 1	17 1	68 1	12 1	22 1	42 1	26 1	5 1	72 1	32 1	4 1	39 1	59 1	16 1	9 1	25 1	28 1	37 1	56 1	8 1	1 1	33 1	70 1	20 1	69 1	30 1	44 1	74 1	11 1	41 1	7 1	77 1	3 1	47 1	36 1	67 1	76 1	46 1	79 1	29 1	24 1	63 1	45 1	2 1	55 1	19 1	21 1	49 1	18 1	27 1	62 1	65 1	52 1	13 1	35 1	15 1	58 1	14 1	50 1	6 1	75 1	71 1	40 1	10 1	53 1	73 1	34 1	57 1	48 1	64 1	43 1	38 1	78 1	60 1	54 1	0 1	61 1	66 1
16 1	66 1	36 1	33 1	64 1	75 1	41 1	69 1	31 1	30 1	71 1	39 1	48 1	11 1	4 1	46 1	14 1	58 1	27 1	34 1	50 1	72 1	74 1	51 1	59 1	70 1	42 1	49 1	38 1	54 1	79 1	45 1	76 1	77 1	62 1	73 1	63 1	67 1	18 1	19 1	35 1	56 1	8 1	13 1	37 1	43 1	6 1	3 1	78 1	1 1	65 1	29 1	12 1	25 1	7 1	15 1	10 1	24 1	22 1	0 1	44 1	26 1	57 1	60 1	20 1	9 1	28 1	52 1	5 1	21 1	40 1	53 1	55 1	23 1	68 1	47 1	61 1	17 1	2 1	32 1
58 1	70 1	3 1	75 1	49 1	37 1	43 1	38 1	23 1	60 1	50 1	52 1	22 1	17 1	61 1	11 1	26 1	41 1	54 1	7 1	15 1	72 1	20 1	69 1	66 1	47 1	71 1	63 1	40 1	34 1	16 1	44 1	30 1	6 1	77 1	36 1	33 1	12 1	14 1	51 1	0 1	79 1	21 1	48 1	74 1	42 1	78 1	35 1	57 1	59 1	53 1	10 1	62 1	67 1	56 1	76 1	4 1	31 1	8 1	27 1	5 1	39 1	68 1	24 1	29 1	73 1	64 1	2 1	55 1	46 1	28 1	13 1	65 1	9 1	18 1	25 1	32 1	19 1	1 1	45 1
69 1	62 1	47 1	45 1	63 1	10 1	61 1	57 1	52 1	16 1	19 1	71 1	65 1	58 1	51 1	3 1	7 1	67 1	37 1	33 1	34 1	30 1	40 1	42 1	44 1	60 1	75 1	29 1	76 1	55 1	53 1	21 1	8 1	36 1	23 1	25 1	9 1	35 1	18 1	56 1	72 1	22 1	0 1	6 1	5 1	13 1	54 1	1 1	4 1	74 1	14 1	48 1	24 1	77 1	38 1	49 1	78 1	11 1	59 1	32 1	66 1	26 1	68 1	17 1	41 1	64 1	2 1	20 1	15 1	73 1	70 1	79 1	12 1	43 1	39 1	27 1	46 1	50 1	28 1	31 1
8 1	72 1	6 1	22 1	59 1	78 1	45 1	14 1	16 1	38 1	36 1	75 1	37 1	55 1	50 1	70 1	23 1	7 1	67 1	57 1	43 1	5 1	28 1	0 1	17 1	79 1	21 1	48 1	34 1	47 1	3 1	11 1	73 1	56 1	61 1	64 1	46 1	51 1	63 1	62 1	58 1	65 1	66 1	69 1	71 1	13 1	1 1	35 1	19 1	9 1	32 1	39 1	76 1	41 1	26 1	29 1	4 1	15 1	18 1	12 1	49 1	20 1	44 1	40 1	74 1	30 1	33 1	10 1	27 1	31 1	68 1	24 1	25 1	2 1	60 1	53 1	77 1	52 1	54 1	42 1
40 1	57 1	56 1	35 1	6 1	64 1	29 1	78 1	34 1	79 1	19 1	69 1	11 1	27 1	22 1	16 1	23 1	77 1	53 1	4 1	45 1	30 1	47 1	12 1	10 1	66 1	18 1	25 1	63 1	36 1	42 1	44 1	9 1	21 1	70 1	32 1	75 1	71 1	62 1	20 1	68 1	33 1	5 1	50 1	0 1	49 1	60 1	51 1	43 1	38 1	72 1	15 1	41 1	61 1	58 1	26 1	74 1	31 1	37 1	39 1	3 1	55 1	7 1	52 1	13 1	65 1	59 1	76 1	14 1	28 1	2 1	24 1	67 1	54 1	17 1	46 1	73 1	8 1	48 1	1 1
56 1	78 1	0 1	16 1	59 1	62 1	49 1	75 1	15 1	51 1	37 1	27 1	72 1	44 1	12 1	24 1	50 1	26 1	43 1	17 1	71 1	61 1	25 1	74 1	79 1	47 1	7 1	65 1	14 1	5 1	55 1	64 1	30 1	53 1	67 1	60 1	4 1	39 1	11 1	52 1	28 1	77 1	58 1	22 1	57 1	6 1	35 1	69 1	8 1	63 1	33 1	46 1	32 1	20 1	42 1	40 1	34 1	38 1	73 1	18 1	29 1	10 1	36 1	2 1	31 1	19 1	1 1	21 1	9 1	66 1	45 1	54 1	70 1	68 1	13 1	41 1	48 1	76 1	3 1	23 1
4 1	37 1	69 1	22 1	9 1	3 1	19 1	43 1	72 1	8 1	32 1	34 1	71 1	67 1	60 1	59 1	68 1	29 1	62 1	56 1	73 1	40 1	20 1	26 1	78 1	70 1	77 1	18 1	79 1	0 1	76 1	50 1	24 1	63 1	17 1	64 1	25 1	61 1	38 1	54 1	5 1	2 1	21 1	33 1	10 1	58 1	42 1	75 1	14 1	53 1	27 1	39 1	66 1	51 1	46 1	41 1	15 1	74 1	31 1	44 1	16 1	45 1	30 1	23 1	7 1	48 1	28 1	57 1	49 1	47 1	55 1	35 1	65 1	12 1	52 1	13 1	36 1	11 1	1 1	6 1
70 1	73 1	10 1	33 1	48 1	59 1	60 1	40 1	31 1	74 1	64 1	12 1	75 1	37 1	13 1	7 1	43 1	78 1	3 1	14 1	61 1	49 1	26 1	28 1	30 1	52 1	5 1	67 1	71 1	32 1	68 1	18 1	38 1	22 1	17 1	63 1	36 1	35 1	41 1	0 1	53 1	42 1	56 1	15 1	51 1	44 1	23 1	20 1	55 1	46 1	16 1	11 1	77 1	58 1	54 1	79 1	47 1	21 1	34 1	27 1	50 1	19 1	66 1	6 1	29 1	25 1	9 1	39 1	76 1	65 1	72 1	8 1	69 1	1 1	62 1	4 1	2 1	24 1	45 1	57 1
22 1	35 1	61 1	50 1	26 1	2 1	44 1	32 1	46 1	55 1	29 1	28 1	64 1	5 1	20 1	79 1	42 1	37 1	7 1	52 1	19 1	27 1	60 1	62 1	8 1	70 1	34 1	59 1	36 1	11 1	66 1	31 1	48 1	75 1	15 1	47 1	73 1	18 1	65 1	21 1	30 1	13 1	54 1	51 1	56 1	9 1	53 1	77 1	1 1	6 1	12 1	0 1	72 1	10 1	4 1	33 1	39 1	68 1	3 1	74 1	40 1	71 1	14 1	24 1	67 1	25 1	69 1	38 1	45 1	49 1	41 1	16 1	57 1	63 1	58 1	76 1	43 1	78 1	23 1	17 1
16 1	29 1	41 1	47 1	3 1	14 1	54 1	8 1	33 1	25 1	32 1	21 1	35 1	51 1	61 1	19 1	67 1	2 1	43 1	4 1	78 1	39 1	27 1	77 1	79 1	6 1	49 1	65 1	46 1	12 1	62 1	58 1	0 1	36 1	68 1	52 1	71 1	31 1	11 1	15 1	18 1	9 1	55 1	56 1	69 1	40 1	42 1	37 1	24 1	74 1	48 1	73 1	26 1	44 1	59 1	1 1	64 1	45 1	23 1	60 1	50 1	7 1	76 1	66 1	17 1	53 1	10 1	34 1	70 1	28 1	72 1	5 1	38 1	20 1	22 1	30 1	75 1	63 1	13 1	57 1
20 1	57 1	41 1	27 1	46 1	65 1	28 1	11 1	4 1	37 1	0 1	16 1	38 1	13 1	21 1	70 1	72 1	2 1	48 1	77 1	79 1	31 1	61 1	71 1	43 1	58 1	47 1	55 1	30 1	52 1	50 1	7 1	26 1	15 1	53 1	51 1	29 1	10 1	78 1	45 1	24 1	73 1	35 1	40 1	19 1	75 1	39 1	25 1	63 1	42 1	62 1	59 1	23 1	36 1	18 1	54 1	76 1	44 1	67 1	74 1	64 1	12 1	1 1	66 1	60 1	17 1	68 1	56 1	8 1	5 1	14 1	9 1	6 1	3 1	69 1	49 1	22 1	34 1	32 1	33 1
72 1	66 1	28 1	14 1	59 1	70 1	39 1	73 1	42 1	40 1	7 1	51 1	0 1	62 1	47 1	60 1	50 1	29 1	32 1	1 1	36 1	53 1	64 1	58 1	57 1	21 1	20 1	45 1	61 1	69 1	68 1	11 1	67 1	71 1	17 1	13 1	79 1	38 1	12 1	25 1	34 1	31 1	48 1	65 1	23 1	4 1	30 1	76 1	35 1	3 1	46 1	18 1	56 1	22 1	49 1	54 1	74 1	44 1	16 1	63 1	27 1	43 1	37 1	41 1	6 1	52 1	55 1	8 1	9 1	19 1	75 1	26 1	24 1	15 1	77 1	33 1	78 1	2 1	5 1	10 1
40 1	48 1	9 1	13 1	11 1	68 1	10 1	26 1	75 1	43 1	23 1	49 1	12 1	3 1	34 1	38 1	7 1	17 1	2 1	21 1	59 1	8 1	31 1	62 1	65 1	0 1	78 1	51 1	72 1	14 1	57 1	19 1	63 1	22 1	66 1	77 1	28 1	44 1	24 1	74 1	39 1	41 1	47 1	36 1	67 1	61 1	32 1	16 1	6 1	33 1	73 1	79 1	76 1	64 1	20 1	53 1	25 1	69 1	55 1	15 1	52 1	29 1	18 1	1 1	56 1	58 1	60 1	30 1	50 1	42 1	70 1	37 1	27 1	35 1	4 1	54 1	5 1	45 1	46 1	71 1
21 1	5 1	34 1	57 1	1 1	63 1	54 1	61 1	4 1	29 1	47 1	18 1	22 1	27 1	58 1	28 1	56 1	79 1	15 1	37 1	40 1	68 1	72 1	20 1	65 1	52 1	13 1	50 1	78 1	8 1	3 1	9 1	2 1	11 1	19 1	16 1	60 1	71 1	74 1	33 1	7 1	46 1	43 1	53 1	14 1	77 1	38 1	76 1	45 1	67 1	42 1	39 1	69 1	73 1	23 1	0 1	30 1	49 1	75 1	48 1	59 1	32 1	31 1	17 1	51 1	25 1	64 1	10 1	6 1	26 1	55 1	44 1	12 1	66 1	70 1	41 1	36 1	62 1	35 1	24 1
61 1	5 1	67 1	23 1	42 1	49 1	56 1	32 1	43 1	15 1	74 1	66 1	7 1	65 1	14 1	19 1	40 1	8 1	63 1	11 1	29 1	64 1	51 1	24 1	39 1	1 1	62 1	59 1	73 1	31 1	25 1	21 1	45 1	20 1	71 1	13 1	48 1	50 1	75 1	76 1	9 1	77 1	12 1	10 1	44 1	33 1	47 1	53 1	2 1	17 1	68 1	3 1	55 1	54 1	16 1	41 1	22 1	57 1	70 1	69 1	78 1	72 1	37 1	38 1	18 1	58 1	36 1	6 1	60 1	34 1	79 1	46 1	30 1	35 1	52 1	26 1	27 1	28 1	4 1	0 1
77 1	69 1	24 1	74 1	38 1	76 1	72 1	9 1	29 1	4 1	62 1	47 1	57 1	28 1	6 1	18 1	7 1	55 1	20 1	70 1	35 1	34 1	54 1	16 1	39 1	45 1	19 1	73 1	75 1	12 1	67 1	68 1	41 1	0 1	58 1	48 1	78 1	22 1	2 1	71 1	17 1	36 1	25 1	10 1	50 1	52 1	32 1	51 1	5 1	27 1	37 1	60 1	31 1	63 1	23 1	56 1	66 1	44 1	3 1	42 1	43 1	1 1	79 1	15 1	40 1	14 1	53 1	26 1	65 1	64 1	49 1	30 1	61 1	11 1	33 1	8 1	13 1	46 1	21 1	59 1
64 1	55 1	26 1	73 1	25 1	77 1	67 1	16 1	28 1	44 1	79 1	41 1	78 1	71 1	19 1	43 1	38 1	72 1	34 1	20 1	39 1	24 1	27 1	57 1	11 1	12 1	13 1	15 1	6 1	51 1	14 1	47 1	8 1	17 1	32 1	33 1	35 1	74 1	5 1	70 1	63 1	9 1	4 1	54 1	21 1	62 1	75 1	50 1	22 1	37 1	48 1	60 1	46 1	49 1	58 1	59 1	1 1	52 1	65 1	69 1	7 1	31 1	40 1	3 1	36 1	29 1	0 1	23 1	53 1	10 1	56 1	61 1	42 1	76 1	2 1	18 1	66 1	68 1	30 1	45 1
57 1	54 1	72 1	38 1	48 1	74 1	21 1	55 1	23 1	40 1	59 1	68 1	12 1	60 1	35 1	6 1	76 1	62 1	78 1	44 1	79 1	47 1	10 1	75 1	18 1	49 1	5 1	66 1	0 1	7 1	41 1	29 1	16 1	52 1	77 1	19 1	65 1	15 1	56 1	36 1	45 1	27 1	64 1	30 1	32 1	58 1	2 1	33 1	28 1	43 1	31 1	53 1	46 1	3 1	34 1	24 1	50 1	11 1	69 1	26 1	9 1	14 1	25 1	51 1	67 1	73 1	13 1	37 1	71 1	61 1	42 1	8 1	1 1	63 1	20 1	39 1	70 1	17 1	22 1	4 1
24 1	9 1	25 1	11 1	65 1	73 1	31 1	56 1	35 1	1 1	23 1	36 1	49 1	63 1	42 1	21 1	62 1	45 1	22 1	26 1	50 1	30 1	16 1	19 1	37 1	28 1	72 1	4 1	51 1	43 1	67 1	13 1	41 1	44 1	66 1	32 1	64 1	20 1	71 1	74 1	46 1	18 1	70 1	0 1	57 1	58 1	76 1	40 1	47 1	7 1	6 1	27 1	34 1	10 1	55 1	39 1	8 1	77 1	12 1	68 1	2 1	38 1	29 1	52 1	69 1	61 1	3 1	79 1	53 1	17 1	48 1	15 1	60 1	14 1	75 1	33 1	5 1	54 1	59 1	78 1
5 1	45 1	40 1	23 1	41 1	15 1	73 1	44 1	12 1	54 1	67 1	51 1	65 1	70 1	24 1	33 1	75 1	64 1	78 1	25 1	34 1	27 1	48 1	63 1	14 1	38 1	53 1	29 1	4 1	69 1	18 1	2 1	3 1	1 1	11 1	55 1	62 1	26 1	43 1	30 1	32 1	0 1	56 1	72 1	31 1	50 1	49 1	13 1	47 1	37 1	6 1	60 1	17 1	16 1	76 1	36 1	20 1	61 1	71 1	21 1	8 1	66 1	42 1	68 1	28 1	58 1	46 1	35 1	9 1	10 1	57 1	59 1	7 1	74 1	52 1	77 1	39 1	19 1	22 1	79 1
35 1	29 1	50 1	38 1	51 1	68 1	30 1	1 1	17 1	72 1	66 1	14 1	11 1	7 1	49 1	21 1	40 1	15 1	37 1	27 1	45 1	2 1	41 1	20 1	6 1	61 1	13 1	10 1	64 1	56 1	57 1	39 1	16 1	25 1	76 1	53 1	28 1	48 1	33 1	0 1	69 1	47 1	31 1	59 1	8 1	23 1	75 1	44 1	74 1	34 1	19 1	12 1	71 1	77 1	4 1	46 1	78 1	26 1	52 1	18 1	9 1	67 1	58 1	22 1	73 1	5 1	43 1	60 1	32 1	3 1	62 1	63 1	54 1	24 1	55 1	70 1	65 1	42 1	79 1	36 1
15 1	72 1	40 1	8 1	31 1	53 1	78 1	23 1	9 1	56 1	77 1	0 1	66 1	68 1	18 1	28 1	71 1	48 1	24 1	57 1	79 1	63 1	2 1	43 1	32 1	37 1	7 1	64 1	70 1	26 1	46 1	19 1	52 1	62 1	51 1	45 1	30 1	74 1	59 1	60 1	42 1	25 1	50 1	58 1	12 1	22 1	1 1	16 1	75 1	76 1	17 1	21 1	36 1	55 1	65 1	11 1	4 1	41 1	69 1	14 1	47 1	61 1	27 1	10 1	5 1	3 1	34 1	6 1	54 1	49 1	20 1	73 1	35 1	39 1	13 1	44 1	38 1	67 1	33 1	29 1
34 1	9 1	16 1	47 1	52 1	69 1	20 1	68 1	48 1	64 1	37 1	75 1	32 1	22 1	24 1	31 1	58 1	65 1	78 1	18 1	53 1	8 1	38 1	11 1	7 1	29 1	62 1	19 1	74 1	51 1	49 1	50 1	55 1	2 1	21 1	66 1	46 1	23 1	40 1	36 1	63 1	10 1	77 1	1 1	13 1	33 1	59 1	42 1	15 1	30 1	4 1	12 1	14 1	76 1	35 1	41 1	17 1	72 1	39 1	54 1	71 1	56 1	27 1	43 1	26 1	79 1	28 1	45 1	25 1	73 1	0 1	44 1	67 1	61 1	6 1	3 1	57 1	60 1	5 1	70 1
59 1	0 1	5 1	6 1	23 1	69 1	45 1	19 1	34 1	52 1	48 1	18 1	53 1	79 1	47 1	11 1	12 1	33 1	24 1	76 1	38 1	20 1	58 1	64 1	67 1	71 1	9 1	27 1	32 1	40 1	30 1	42 1	46 1	8 1	57 1	62 1	25 1	39 1	50 1	17 1	78 1	10 1	61 1	68 1	73 1	65 1	21 1	54 1	41 1	4 1	63 1	26 1	44 1	70 1	74 1	60 1	51 1	56 1	75 1	43 1	36 1	16 1	15 1	72 1	14 1	37 1	1 1	28 1	35 1	31 1	7 1	22 1	55 1	29 1	13 1	66 1	3 1	2 1	77 1	49 1
13 1	33 1	75 1	25 1	32 1	53 1	24 1	27 1	43 1	11 1	8 1	0 1	1 1	45 1	10 1	42 1	23 1	65 1	59 1	46 1	71 1	5 1	63 1	49 1	36 1	35 1	6 1	3 1	37 1	52 1	79 1	41 1	68 1	74 1	39 1	76 1	61 1	17 1	21 1	18 1	64 1	54 1	28 1	9 1	31 1	50 1	57 1	16 1	20 1	70 1	66 1	12 1	72 1	19 1	73 1	34 1	62 1	22 1	30 1	51 1	67 1	4 1	77 1	2 1	14 1	48 1	15 1	7 1	47 1	69 1	60 1	29 1	38 1	78 1	58 1	55 1	56 1	44 1	26 1	40 1
50 1	9 1	54 1	46 1	55 1	78 1	4 1	63 1	73 1	8 1	11 1	6 1	13 1	26 1	64 1	75 1	21 1	33 1	42 1	62 1	41 1	76 1	59 1	48 1	60 1	12 1	32 1	18 1	43 1	44 1	0 1	28 1	16 1	77 1	17 1	37 1	66 1	51 1	35 1	70 1	7 1	19 1	14 1	25 1	23 1	45 1	58 1	29 1	68 1	3 1	71 1	36 1	61 1	2 1	52 1	74 1	1 1	22 1	40 1	72 1	65 1	34 1	5 1	24 1	38 1	27 1	31 1	49 1	10 1	67 1	57 1	39 1	69 1	15 1	47 1	56 1	53 1	79 1	30 1	20 1
20 1	37 1	33 1	36 1	27 1	58 1	48 1	67 1	17 1	21 1	8 1	50 1	22 1	5 1	25 1	43 1	0 1	69 1	46 1	41 1	60 1	28 1	30 1	24 1	59 1	74 1	71 1	9 1	64 1	77 1	52 1	16 1	73 1	63 1	2 1	57 1	42 1	7 1	1 1	11 1	79 1	44 1	62 1	12 1	6 1	39 1	23 1	75 1	18 1	26 1	53 1	61 1	31 1	34 1	40 1	45 1	29 1	56 1	72 1	4 1	32 1	19 1	47 1	54 1	55 1	51 1	15 1	66 1	65 1	13 1	10 1	49 1	68 1	35 1	14 1	70 1	78 1	3 1	38 1	76 1
78 1	67 1	4 1	33 1	7 1	70 1	14 1	54 1	35 1	28 1	75 1	17 1	47 1	34 1	44 1	66 1	51 1	6 1	68 1	60 1	1 1	63 1	27 1	16 1	38 1	79 1	43 1	62 1	64 1	8 1	24 1	15 1	58 1	42 1	59 1	53 1	65 1	9 1	10 1	31 1	49 1	29 1	40 1	23 1	25 1	39 1	71 1	55 1	30 1	48 1	77 1	0 1	37 1	61 1	26 1	3 1	32 1	22 1	46 1	13 1	72 1	57 1	19 1	11 1	41 1	73 1	2 1	69 1	74 1	45 1	52 1	12 1	21 1	76 1	50 1	20 1	56 1	18 1	36 1	5 1
3 1	49 1	21 1	51 1	43 1	62 1	40 1	12 1	17 1	63 1	5 1	18 1	22 1	15 1	77 1	50 1	32 1	60 1	24 1	75 1	76 1	74 1	73 1	56 1	36 1	71 1	28 1	52 1	26 1	59 1	0 1	65 1	68 1	34 1	46 1	4 1	58 1	66 1	29 1	6 1	45 1	2 1	30 1	39 1	70 1	69 1	47 1	44 1	57 1	61 1	16 1	41 1	23 1	64 1	1 1	14 1	37 1	8 1	79 1	13 1	20 1	67 1	53 1	9 1	72 1	7 1	38 1	19 1	54 1	42 1	48 1	27 1	25 1	11 1	10 1	55 1	35 1	78 1	33 1	31 1
34 1	53 1	24 1	30 1	48 1	75 1	10 1	26 1	27 1	28 1	36 1	65 1	43 1	22 1	62 1	51 1	72 1	74 1	6 1	29 1	32 1	7 1	35 1	1 1	41 1	47 1	12 1	69 1	63 1	61 1	55 1	71 1	20 1	0 1	2 1	8 1	19 1	9 1	52 1	77 1	64 1	38 1	4 1	25 1	15 1	45 1	58 1	3 1	16 1	68 1	70 1	66 1	23 1	11 1	46 1	54 1	67 1	56 1	5 1	60 1	59 1	33 1	50 1	21 1	14 1	73 1	79 1	57 1	13 1	39 1	31 1	78 1	44 1	49 1	17 1	42 1	40 1	76 1	18 1	37 1
31 1	78 1	52 1	36 1	45 1	61 1	19 1	76 1	58 1	47 1	29 1	69 1	73 1	17 1	42 1	3 1	23 1	55 1	53 1	35 1	34 1	48 1	49 1	71 1	0 1	60 1	37 1	79 1	70 1	1 1	13 1	4 1	26 1	54 1	39 1	8 1	65 1	50 1	9 1	43 1	20 1	33 1	14 1	59 1	75 1	46 1	64 1	11 1	22 1	74 1	15 1	56 1	7 1	66 1	27 1	68 1	12 1	44 1	67 1	62 1	25 1	16 1	2 1	10 1	5 1	40 1	6 1	24 1	77 1	63 1	21 1	30 1	41 1	38 1	28 1	72 1	18 1	57 1	51 1	32 1
18 1	44 1	74 1	50 1	77 1	61 1	47 1	43 1	64 1	78 1	67 1	3 1	37 1	65 1	28 1	58 1	63 1	42 1	68 1	46 1	49 1	72 1	17 1	4 1	45 1	25 1	6 1	10 1	0 1	51 1	60 1	39 1	21 1	11 1	22 1	20 1	56 1	40 1	16 1	36 1	52 1	7 1	59 1	73 1	38 1	66 1	30 1	23 1	27 1	24 1	12 1	1 1	33 1	71 1	15 1	75 1	9 1	41 1	76 1	2 1	57 1	13 1	5 1	35 1	54 1	29 1	69 1	79 1	62 1	70 1	14 1	26 1	8 1	55 1	34 1	31 1	19 1	32 1	48 1	53 1
34 1	28 1	13 1	64 1	12 1	40 1	51 1	29 1	8 1	2 1	3 1	26 1	46 1	23 1	69 1	55 1	54 1	31 1	61 1	74 1	6 1	56 1	62 1	7 1	16 1	49 1	14 1	10 1	9 1	32 1	22 1	70 1	42 1	39 1	53 1	43 1	58 1	4 1	50 1	68 1	60 1	59 1	77 1	15 1	0 1	73 1	5 1	37 1	76 1	79 1	78 1	65 1	25 1	75 1	24 1	66 1	36 1	21 1	1 1	67 1	63 1	20 1	27 1	52 1	17 1	48 1	57 1	47 1	35 1	18 1	30 1	33 1	38 1	41 1	44 1	19 1	72 1	11 1	71 1	45 1
21 1	0 1	31 1	60 1	24 1	36 1	58 1	1 1	12 1	30 1	2 1	29 1	16 1	75 1	62 1	59 1	42 1	5 1	69 1	73 1	57 1	33 1	52 1	67 1	40 1	63 1	15 1	74 1	19 1	53 1	54 1	22 1	10 1	17 1	64 1	70 1	47 1	71 1	43 1	34 1	56 1	6 1	66 1	18 1	79 1	32 1	23 1	37 1	4 1	28 1	27 1	51 1	20 1	78 1	44 1	35 1	13 1	65 1	41 1	45 1	25 1	9 1	55 1	11 1	49 1	68 1	48 1	14 1	8 1	76 1	7 1	72 1	77 1	61 1	3 1	26 1	50 1	46 1	39 1	38 1
31 1	68 1	9 1	3 1	48 1	51 1	71 1	70 1	75 1	64 1	29 1	35 1	36 1	19 1	14 1	60 1	15 1	77 1	44 1	43 1	24 1	21 1	33 1	62 1	74 1	59 1	0 1	1 1	30 1	32 1	54 1	20 1	37 1	6 1	10 1	25 1	26 1	50 1	22 1	17 1	53 1	11 1	78 1	38 1	5 1	23 1	13 1	52 1	67 1	27 1	69 1	16 1	40 1	66 1	42 1	7 1	63 1	47 1	73 1	76 1	49 1	56 1	28 1	34 1	46 1	65 1	45 1	12 1	61 1	72 1	58 1	2 1	4 1	41 1	55 1	39 1	57 1	8 1	79 1	18 1
78 1	4 1	6 1	16 1	7 1	10 1	20 1	54 1	27 1	38 1	34 1	21 1	52 1	25 1	43 1	66 1	0 1	1 1	30 1	18 1	57 1	5 1	12 1	49 1	67 1	37 1	50 1	11 1	69 1	42 1	40 1	15 1	3 1	61 1	73 1	64 1	19 1	63 1	32 1	68 1	24 1	72 1	13 1	60 1	79 1	76 1	58 1	74 1	31 1	26 1	75 1	45 1	44 1	22 1	17 1	39 1	55 1	33 1	2 1	48 1	70 1	23 1	29 1	36 1	51 1	62 1	56 1	65 1	14 1	8 1	77 1	28 1	46 1	53 1	59 1	71 1	47 1	9 1	41 1	35 1
59 1	68 1	21 1	52 1	46 1	26 1	65 1	78 1	9 1	3 1	44 1	73 1	63 1	38 1	8 1	64 1	22 1	79 1	36 1	28 1	27 1	19 1	48 1	69 1	49 1	17 1	53 1	12 1	67 1	2 1	30 1	13 1	39 1	37 1	58 1	1 1	47 1	57 1	60 1	40 1	70 1	7 1	43 1	15 1	61 1	6 1	18 1	45 1	16 1	35 1	56 1	29 1	41 1	74 1	42 1	11 1	32 1	66 1	24 1	33 1	72 1	71 1	23 1	31 1	20 1	62 1	0 1	5 1	75 1	25 1	77 1	55 1	34 1	4 1	14 1	10 1	54 1	51 1	50 1	76 1
47 1	41 1	35 1	16 1	32 1	13 1	39 1	55 1	69 1	71 1	25 1	75 1	76 1	74 1	34 1	12 1	14 1	49 1	53 1	22 1	31 1	20 1	78 1	45 1	28 1	1 1	43 1	0 1	30 1	26 1	5 1	21 1	37 1	48 1	50 1	17 1	19 1	11 1	3 1	8 1	79 1	23 1	38 1	52 1	15 1	2 1	72 1	7 1	59 1	4 1	6 1	67 1	18 1	29 1	58 1	24 1	36 1	70 1	73 1	54 1	64 1	46 1	51 1	61 1	33 1	57 1	40 1	77 1	66 1	44 1	63 1	56 1	60 1	9 1	62 1	42 1	10 1	68 1	65 1	27 1
39 1	25 1	36 1	19 1	23 1	12 1	40 1	65 1	67 1	63 1	30 1	29 1	77 1	59 1	26 1	38 1	2 1	58 1	34 1	57 1	73 1	11 1	6 1	74 1	41 1	68 1	51 1	69 1	55 1	47 1	5 1	75 1	27 1	56 1	61 1	44 1	7 1	16 1	78 1	71 1	37 1	50 1	33 1	42 1	32 1	52 1	13 1	70 1	22 1	48 1	28 1	15 1	18 1	20 1	62 1	76 1	1 1	8 1	72 1	60 1	45 1	21 1	54 1	24 1	46 1	4 1	3 1	49 1	64 1	43 1	9 1	79 1	31 1	14 1	17 1	10 1	35 1	0 1	53 1	66 1
34 1	39 1	70 1	67 1	5 1	9 1	41 1	48 1	47 1	49 1	58 1	3 1	79 1	52 1	14 1	18 1	65 1	64 1	29 1	77 1	75 1	27 1	50 1	26 1	54 1	32 1	56 1	62 1	44 1	69 1	8 1	10 1	74 1	66 1	1 1	17 1	22 1	28 1	7 1	20 1	73 1	24 1	53 1	0 1	23 1	51 1	40 1	68 1	33 1	61 1	42 1	15 1	21 1	71 1	13 1	12 1	38 1	11 1	19 1	78 1	16 1	6 1	63 1	43 1	59 1	30 1	36 1	60 1	2 1	25 1	31 1	76 1	45 1	72 1	35 1	37 1	46 1	57 1	55 1	4 1
10 1	31 1	25 1	0 1	68 1	65 1	44 1	3 1	18 1	47 1	41 1	50 1	38 1	54 1	42 1	63 1	30 1	60 1	27 1	8 1	17 1	58 1	7 1	53 1	12 1	57 1	19 1	78 1	49 1	66 1	2 1	5 1	4 1	76 1	59 1	62 1	77 1	61 1	15 1	23 1	36 1	35 1	40 1	20 1	14 1	75 1	73 1	39 1	21 1	29 1	45 1	74 1	72 1	52 1	16 1	69 1	11 1	64 1	9 1	28 1	51 1	48 1	70 1	79 1	71 1	22 1	26 1	1 1	46 1	55 1	43 1	34 1	67 1	56 1	33 1	37 1	13 1	6 1	24 1	32 1
12 1	55 1	51 1	34 1	64 1	35 1	48 1	13 1	41 1	18 1	3 1	0 1	40 1	37 1	75 1	63 1	47 1	45 1	50 1	29 1	77 1	31 1	24 1	1 1	53 1	9 1	60 1	25 1	76 1	57 1	8 1	49 1	52 1	30 1	33 1	22 1	43 1	2 1	36 1	46 1	74 1	19 1	42 1	71 1	78 1	6 1	65 1	39 1	23 1	16 1	54 1	44 1	17 1	61 1	32 1	28 1	62 1	20 1	15 1	4 1	38 1	69 1	21 1	58 1	7 1	70 1	11 1	66 1	27 1	5 1	79 1	67 1	68 1	10 1	59 1	26 1	73 1	56 1	72 1	14 1
66 1	45 1	20 1	3 1	48 1	77 1	54 1	78 1	76 1	34 1	15 1	60 1	8 1	2 1	40 1	65 1	21 1	24 1	62 1	73 1	49 1	23 1	12 1	4 1	11 1	68 1	13 1	53 1	51 1	33 1	64 1	69 1	29 1	1 1	22 1	59 1	57 1	37 1	26 1	36 1	31 1	42 1	32 1	7 1	75 1	74 1	19 1	55 1	14 1	46 1	56 1	43 1	47 1	35 1	50 1	9 1	63 1	28 1	25 1	70 1	5 1	44 1	18 1	58 1	30 1	27 1	79 1	52 1	71 1	61 1	10 1	39 1	41 1	0 1	67 1	38 1	17 1	6 1	72 1	16 1
9 1	14 1	34 1	5 1	43 1	22 1	59 1	25 1	31 1	73 1	29 1	76 1	38 1	48 1	49 1	55 1	52 1	53 1	60 1	33 1	26 1	42 1	20 1	57 1	40 1	21 1	23 1	66 1	79 1	8 1	7 1	64 1	24 1	58 1	12 1	47 1	35 1	71 1	39 1	56 1	74 1	1 1	0 1	45 1	70 1	72 1	4 1	13 1	63 1	54 1	62 1	68 1	3 1	18 1	78 1	15 1	11 1	28 1	17 1	61 1	16 1	69 1	30 1	10 1	2 1	51 1	32 1	67 1	6 1	41 1	46 1	37 1	27 1	75 1	50 1	19 1	44 1	77 1	65 1	36 1
37 1	2 1	59 1	45 1	16 1	39 1	40 1	38 1	65 1	27 1	8 1	73 1	19 1	71 1	15 1	23 1	75 1	3 1	60 1	32 1	63 1	42 1	56 1	50 1	6 1	14 1	48 1	5 1	24 1	21 1	57 1	62 1	54 1	29 1	7 1	0 1	66 1	72 1	69 1	4 1	26 1	35 1	28 1	25 1	34 1	68 1	77 1	61 1	36 1	55 1	53 1	47 1	18 1	58 1	33 1	51 1	44 1	11 1	13 1	70 1	76 1	79 1	20 1	52 1	74 1	78 1	9 1	30 1	12 1	64 1	22 1	41 1	67 1	17 1	49 1	46 1	31 1	1 1	43 1	10 1
59 1	34 1	12 1	78 1	68 1	13 1	56 1	26 1	39 1	72 1	42 1	53 1	41 1	62 1	5 1	1 1	30 1	49 1	32 1	50 1	10 1	52 1	38 1	58 1	65 1	35 1	15 1	67 1	16 1	61 1	19 1	75 1	23 1	31 1	36 1	43 1	77 1	69 1	18 1	29 1	37 1	70 1	25 1	48 1	22 1	47 1	71 1	14 1	60 1	24 1	11 1	51 1	63 1	17 1	0 1	55 1	64 1	57 1	76 1	27 1	54 1	66 1	40 1	20 1	46 1	6 1	44 1	74 1	3 1	45 1	4 1	33 1	21 1	9 1	8 1	73 1	28 1	2 1	79 1	7 1
13 1	69 1	48 1	23 1	3 1	71 1	40 1	44 1	62 1	64 1	12 1	51 1	75 1	58 1	31 1	53 1	43 1	21 1	17 1	9 1	25 1	76 1	41 1	74 1	29 1	2 1	11 1	10 1	36 1	79 1	4 1	42 1	55 1	70 1	72 1	7 1	27 1	16 1	73 1	47 1	18 1	59 1	45 1	65 1	1 1	68 1	14 1	50 1	22 1	8 1	60 1	34 1	24 1	77 1	33 1	39 1	20 1	66 1	52 1	67 1	6 1	63 1	49 1	19 1	15 1	46 1	37 1	30 1	0 1	5 1	28 1	38 1	78 1	56 1	61 1	54 1	26 1	32 1	35 1	57 1
53 1	25 1	3 1	42 1	46 1	68 1	1 1	26 1	31 1	10 1	39 1	65 1	19 1	67 1	34 1	4 1	50 1	7 1	17 1	20 1	11 1	61 1	75 1	71 1	9 1	16 1	36 1	47 1	54 1	48 1	56 1	72 1	77 1	43 1	28 1	8 1	24 1	2 1	49 1	27 1	44 1	21 1	60 1	32 1	70 1	57 1	15 1	64 1	38 1	37 1	74 1	78 1	52 1	55 1	6 1	13 1	0 1	18 1	40 1	33 1	59 1	35 1	30 1	41 1	5 1	12 1	76 1	29 1	22 1	73 1	66 1	63 1	69 1	14 1	58 1	62 1	51 1	45 1	23 1	79 1
11 1	65 1	58 1	53 1	19 1	40 1	17 1	76 1	36 1	10 1	73 1	61 1	24 1	75 1	67 1	32 1	15 1	43 1	29 1	59 1	74 1	45 1	66 1	44 1	14 1	9 1	37 1	8 1	60 1	54 1	18 1	5 1	26 1	38 1	69 1	68 1	72 1	78 1	3 1	12 1	23 1	34 1	27 1	30 1	35 1	55 1	33 1	64 1	42 1	49 1	6 1	31 1	4 1	1 1	62 1	52 1	28 1	41 1	51 1	0 1	16 1	79 1	25 1	39 1	71 1	7 1	57 1	2 1	22 1	13 1	46 1	63 1	48 1	77 1	50 1	20 1	70 1	21 1	56 1	47 1
68 1	6 1	17 1	58 1	24 1	71 1	10 1	66 1	53 1	5 1	57 1	9 1	40 1	75 1	20 1	76 1	19 1	14 1	79 1	45 1	73 1	59 1	1 1	30 1	67 1	29 1	28 1	4 1	47 1	2 1	32 1	26 1	39 1	11 1	27 1	63 1	49 1	65 1	51 1	56 1	70 1	35 1	3 1	62 1	52 1	44 1	41 1	25 1	16 1	34 1	15 1	0 1	23 1	18 1	43 1	54 1	31 1	60 1	13 1	69 1	50 1	61 1	77 1	42 1	48 1	46 1	33 1	72 1	78 1	74 1	22 1	21 1	64 1	12 1	38 1	36 1	7 1	55 1	37 1	8 1
5 1	11 1	77 1	38 1	40 1	37 1	69 1	59 1	79 1	46 1	30 1	0 1	72 1	25 1	51 1	36 1	57 1	3 1	24 1	31 1	50 1	56 1	14 1	61 1	29 1	52 1	34 1	49 1	62 1	17 1	22 1	21 1	39 1	45 1	32 1	44 1	2 1	71 1	55 1	64 1	76 1	6 1	1 1	66 1	48 1	65 1	20 1	35 1	43 1	27 1	13 1	9 1	70 1	8 1	47 1	73 1	75 1	23 1	26 1	42 1	19 1	74 1	53 1	33 1	60 1	10 1	12 1	16 1	41 1	18 1	7 1	78 1	68 1	63 1	54 1	4 1	28 1	58 1	67 1	15 1
43 1	23 1	56 1	16 1	44 1	36 1	73 1	66 1	52 1	19 1	63 1	27 1	35 1	34 1	48 1	12 1	37 1	5 1	62 1	1 1	8 1	7 1	41 1	20 1	32 1	76 1	6 1	21 1	33 1	54 1	71 1	72 1	64 1	74 1	46 1	15 1	28 1	67 1	79 1	77 1	17 1	45 1	25 1	55 1	31 1	9 1	60 1	58 1	39 1	68 1	10 1	29 1	4 1	26 1	49 1	30 1	70 1	61 1	22 1	51 1	53 1	42 1	69 1	47 1	57 1	65 1	24 1	13 1	3 1	11 1	40 1	18 1	78 1	0 1	50 1	38 1	2 1	75 1	59 1	14 1
74 1	49 1	54 1	3 1	0 1	32 1	76 1	46 1	39 1	24 1	53 1	59 1	6 1	14 1	16 1	43 1	71 1	64 1	48 1	36 1	18 1	40 1	79 1	62 1	20 1	60 1	55 1	41 1	11 1	19 1	13 1	2 1	22 1	8 1	51 1	56 1	27 1	38 1	68 1	35 1	33 1	66 1	63 1	67 1	61 1	34 1	23 1	30 1	9 1	73 1	70 1	29 1	17 1	1 1	77 1	47 1	78 1	52 1	5 1	21 1	26 1	72 1	4 1	31 1	69 1	7 1	25 1	65 1	58 1	42 1	28 1	50 1	12 1	10 1	45 1	75 1	57 1	44 1	37 1	15 1
30 1	5 1	0 1	1 1	35 1	11 1	55 1	58 1	15 1	21 1	49 1	46 1	60 1	19 1	59 1	9 1	47 1	26 1	36 1	44 1	8 1	45 1	63 1	53 1	2 1	6 1	32 1	72 1	24 1	22 1	73 1	51 1	64 1	54 1	61 1	71 1	14 1	65 1	66 1	25 1	20 1	40 1	57 1	75 1	28 1	38 1	77 1	16 1	76 1	7 1	67 1	43 1	34 1	3 1	18 1	56 1	74 1	31 1	4 1	62 1	33 1	70 1	48 1	17 1	52 1	69 1	50 1	79 1	37 1	27 1	42 1	41 1	29 1	12 1	68 1	13 1	10 1	23 1	39 1	78 1
61 1	10 1	52 1	13 1	24 1	4 1	35 1	7 1	79 1	62 1	12 1	48 1	26 1	38 1	28 1	59 1	41 1	20 1	43 1	58 1	69 1	40 1	78 1	31 1	23 1	42 1	29 1	19 1	51 1	44 1	14 1	17 1	65 1	47 1	54 1	3 1	39 1	72 1	66 1	71 1	49 1	6 1	53 1	32 1	15 1	9 1	37 1	0 1	18 1	63 1	55 1	73 1	34 1	76 1	8 1	50 1	11 1	56 1	33 1	68 1	75 1	64 1	60 1	70 1	16 1	57 1	67 1	36 1	2 1	74 1	5 1	27 1	21 1	25 1	30 1	77 1	45 1	1 1	22 1	46 1
19 1	6 1	72 1	53 1	33 1	8 1	27 1	56 1	47 1	32 1	17 1	48 1	52 1	35 1	11 1	74 1	54 1	79 1	57 1	31 1	15 1	30 1	24 1	22 1	51 1	50 1	75 1	65 1	4 1	40 1	71 1	41 1	78 1	63 1	38 1	18 1	42 1	25 1	28 1	68 1	7 1	39 1	58 1	13 1	67 1	61 1	66 1	10 1	55 1	0 1	14 1	43 1	29 1	73 1	70 1	37 1	64 1	9 1	59 1	44 1	36 1	2 1	76 1	21 1	34 1	62 1	5 1	16 1	60 1	26 1	20 1	46 1	1 1	69 1	45 1	23 1	49 1	77 1	12 1	3 1
2 1	45 1	4 1	8 1	52 1	47 1	26 1	69 1	65 1	53 1	51 1	16 1	12 1	44 1	34 1	62 1	25 1	59 1	36 1	24 1	31 1	22 1	28 1	11 1	76 1	73 1	63 1	55 1	41 1	33 1	50 1	42 1	5 1	0 1	58 1	77 1	78 1	21 1	43 1	72 1	49 1	18 1	54 1	75 1	48 1	29 1	40 1	6 1	23 1	35 1	61 1	1 1	71 1	46 1	57 1	32 1	67 1	30 1	60 1	14 1	56 1	13 1	68 1	7 1	66 1	17 1	15 1	37 1	70 1	10 1	74 1	3 1	20 1	79 1	27 1	9 1	38 1	64 1	39 1	19 1
45 1	62 1	76 1	70 1	8 1	74 1	30 1	61 1	48 1	12 1	56 1	58 1	69 1	32 1	18 1	43 1	41 1	0 1	6 1	17 1	10 1	3 1	72 1	71 1	68 1	37 1	23 1	38 1	26 1	53 1	5 1	63 1	25 1	20 1	28 1	16 1	15 1	13 1	19 1	14 1	33 1	64 1	65 1	57 1	66 1	2 1	35 1	77 1	79 1	11 1	75 1	39 1	40 1	1 1	60 1	36 1	9 1	24 1	51 1	49 1	46 1	31 1	7 1	42 1	59 1	73 1	47 1	29 1	27 1	22 1	50 1	21 1	4 1	55 1	44 1	54 1	52 1	67 1	34 1	78 1
20 1	40 1	19 1	12 1	52 1	26 1	23 1	6 1	4 1	24 1	42 1	62 1	10 1	73 1	25 1	47 1	13 1	15 1	37 1	45 1	70 1	69 1	17 1	76 1	48 1	8 1	5 1	1 1	49 1	55 1	53 1	38 1	56 1	34 1	3 1	2 1	67 1	68 1	41 1	14 1	32 1	30 1	50 1	66 1	78 1	61 1	31 1	22 1	16 1	29 1	65 1	54 1	57 1	28 1	51 1	64 1	35 1	39 1	63 1	21 1	0 1	74 1	18 1	71 1	27 1	59 1	77 1	72 1	46 1	33 1	36 1	43 1	75 1	7 1	60 1	9 1	79 1	58 1	11 1	44 1
44 1	29 1	74 1	54 1	39 1	64 1	57 1	13 1	5 1	55 1	16 1	17 1	18 1	28 1	58 1	33 1	67 1	47 1	52 1	72 1	71 1	8 1	63 1	77 1	24 1	40 1	35 1	26 1	31 1	60 1	56 1	7 1	20 1	4 1	6 1	51 1	42 1	69 1	25 1	46 1	53 1	0 1	43 1	61 1	11 1	23 1	65 1	79 1	78 1	10 1	50 1	14 1	1 1	62 1	41 1	27 1	36 1	30 1	32 1	59 1	21 1	3 1	75 1	34 1	15 1	66 1	45 1	2 1	12 1	73 1	48 1	37 1	70 1	22 1	49 1	68 1	76 1	38 1	9 1	19 1
24 1	43 1	25 1	62 1	41 1	28 1	48 1	19 1	78 1	59 1	79 1	64 1	12 1	52 1	17 1	27 1	23 1	20 1	69 1	1 1	61 1	11 1	60 1	31 1	35 1	33 1	32 1	73 1	40 1	16 1	0 1	57 1	36 1	75 1	34 1	42 1	50 1	39 1	3 1	65 1	14 1	18 1	44 1	51 1	55 1	21 1	30 1	8 1	37 1	15 1	63 1	2 1	6 1	54 1	58 1	22 1	70 1	47 1	67 1	46 1	38 1	26 1	66 1	7 1	4 1	72 1	74 1	56 1	77 1	49 1	71 1	53 1	10 1	68 1	76 1	29 1	9 1	45 1	13 1	5 1
70 1	30 1	21 1	43 1	65 1	48 1	26 1	22 1	59 1	0 1	29 1	72 1	50 1	4 1	27 1	23 1	41 1	19 1	45 1	38 1	17 1	36 1	24 1	51 1	66 1	49 1	25 1	1 1	33 1	42 1	2 1	40 1	32 1	47 1	60 1	20 1	13 1	28 1	77 1	12 1	52 1	71 1	8 1	78 1	3 1	35 1	61 1	67 1	57 1	56 1	5 1	54 1	63 1	58 1	55 1	73 1	46 1	64 1	9 1	18 1	75 1	31 1	62 1	34 1	16 1	7 1	37 1	44 1	76 1	53 1	74 1	11 1	68 1	79 1	15 1	14 1	69 1	10 1	39 1	6 1
16 1	49 1	3 1	14 1	54 1	58 1	13 1	74 1	19 1	44 1	41 1	78 1	33 1	29 1	69 1	15 1	26 1	51 1	38 1	22 1	42 1	45 1	2 1	60 1	46 1	37 1	23 1	28 1	30 1	4 1	27 1	52 1	0 1	7 1	67 1	50 1	57 1	79 1	77 1	53 1	10 1	39 1	62 1	64 1	71 1	75 1	65 1	73 1	18 1	66 1	11 1	8 1	21 1	63 1	43 1	76 1	40 1	72 1	25 1	61 1	36 1	68 1	55 1	6 1	20 1	17 1	12 1	1 1	24 1	5 1	48 1	32 1	59 1	34 1	35 1	56 1	47 1	70 1	31 1	9 1
1 1	62 1	71 1	54 1	65 1	14 1	6 1	13 1	20 1	49 1	18 1	38 1	46 1	11 1	3 1	73 1	51 1	68 1	15 1	36 1	50 1	12 1	39 1	59 1	4 1	29 1	70 1	64 1	32 1	42 1	53 1	67 1	76 1	25 1	60 1	57 1	69 1	45 1	9 1	40 1	8 1	52 1	21 1	7 1	56 1	61 1	75 1	77 1	16 1	63 1	23 1	24 1	34 1	5 1	43 1	44 1	22 1	47 1	37 1	10 1	26 1	74 1	55 1	33 1	2 1	27 1	31 1	48 1	78 1	66 1	28 1	30 1	58 1	19 1	0 1	17 1	72 1	79 1	35 1	41 1
17 1	2 1	59 1	9 1	40 1	6 1	60 1	52 1	77 1	25 1	71 1	31 1	24 1	75 1	36 1	8 1	65 1	62 1	34 1	58 1	20 1	51 1	3 1	64 1	39 1	53 1	68 1	22 1	42 1	47 1	15 1	5 1	7 1	63 1	76 1	1 1	78 1	4 1	48 1	43 1	33 1	73 1	26 1	12 1	70 1	21 1	16 1	61 1	54 1	46 1	27 1	44 1	57 1	35 1	37 1	45 1	41 1	79 1	11 1	19 1	66 1	38 1	74 1	69 1	72 1	29 1	14 1	0 1	67 1	18 1	49 1	32 1	56 1	28 1	30 1	50 1	10 1	55 1	13 1	23 1
14 1	51 1	71 1	41 1	61 1	8 1	52 1	11 1	46 1	0 1	29 1	20 1	62 1	27 1	37 1	74 1	70 1	26 1	34 1	16 1	21 1	18 1	57 1	39 1	28 1	67 1	58 1	6 1	65 1	64 1	32 1	56 1	44 1	9 1	45 1	30 1	47 1	19 1	7 1	60 1	73 1	17 1	3 1	63 1	68 1	42 1	36 1	77 1	38 1	40 1	54 1	76 1	69 1	33 1	22 1	53 1	23 1	1 1	4 1	43 1	13 1	2 1	66 1	5 1	25 1	10 1	31 1	55 1	59 1	50 1	15 1	72 1	79 1	12 1	24 1	48 1	78 1	35 1	49 1	75 1
13 1	49 1	39 1	3 1	63 1	20 1	48 1	8 1	62 1	74 1	77 1	11 1	24 1	30 1	15 1	22 1	38 1	64 1	25 1	52 1	29 1	5 1	40 1	44 1	9 1	18 1	58 1	7 1	57 1	47 1	14 1	54 1	68 1	75 1	50 1	27 1	4 1	72 1	34 1	56 1	1 1	16 1	12 1	45 1	2 1	19 1	0 1	35 1	66 1	71 1	69 1	33 1	10 1	78 1	60 1	42 1	41 1	36 1	76 1	43 1	23 1	31 1	55 1	67 1	73 1	26 1	79 1	61 1	46 1	17 1	6 1	59 1	32 1	51 1	21 1	28 1	37 1	65 1	70 1	53 1
39 1	13 1	12 1	6 1	8 1	16 1	42 1	11 1	55 1	68 1	63 1	45 1	74 1	26 1	40 1	72 1	27 1	14 1	54 1	67 1	44 1	79 1	48 1	31 1	34 1	69 1	0 1	25 1	17 1	77 1	51 1	64 1	33 1	9 1	50 1	21 1	78 1	46 1	60 1	57 1	61 1	35 1	36 1	71 1	28 1	53 1	38 1	7 1	3 1	66 1	47 1	23 1	18 1	20 1	52 1	49 1	56 1	43 1	76 1	29 1	15 1	1 1	41 1	65 1	73 1	37 1	4 1	75 1	22 1	58 1	2 1	70 1	19 1	62 1	5 1	32 1	30 1	10 1	59 1	24 1
6 1	23 1	46 1	41 1	63 1	16 1	45 1	66 1	64 1	47 1	19 1	55 1	27 1	36 1	34 1	17 1	40 1	75 1	0 1	4 1	77 1	60 1	9 1	10 1	11 1	29 1	35 1	33 1	44 1	52 1	12 1	48 1	61 1	31 1	39 1	8 1	21 1	28 1	5 1	13 1	76 1	20 1	25 1	67 1	79 1	15 1	49 1	14 1	65 1	62 1	54 1	42 1	7 1	18 1	70 1	58 1	69 1	78 1	2 1	74 1	37 1	53 1	32 1	68 1	50 1	43 1	26 1	71 1	3 1	57 1	73 1	24 1	30 1	59 1	72 1	38 1	56 1	1 1	51 1	22 1
21 1	5 1	73 1	13 1	7 1	41 1	18 1	34 1	40 1	56 1	74 1	3 1	2 1	48 1	24 1	63 1	45 1	1 1	12 1	19 1	78 1	61 1	17 1	64 1	65 1	28 1	69 1	0 1	79 1	26 1	32 1	10 1	9 1	20 1	52 1	39 1	4 1	35 1	30 1	62 1	55 1	51 1	38 1	68 1	6 1	23 1	29 1	57 1	8 1	37 1	46 1	16 1	67 1	75 1	70 1	72 1	22 1	60 1	36 1	47 1	77 1	25 1	44 1	42 1	15 1	50 1	49 1	43 1	27 1	31 1	53 1	11 1	54 1	66 1	33 1	58 1	76 1	14 1	59 1	71 1
16 1	13 1	27 1	51 1	22 1	63 1	73 1	35 1	45 1	11 1	26 1	62 1	40 1	10 1	60 1	7 1	39 1	5 1	56 1	38 1	9 1	25 1	64 1	19 1	76 1	37 1	12 1	52 1	8 1	4 1	59 1	41 1	21 1	72 1	78 1	44 1	18 1	28 1	71 1	30 1	33 1	68 1	47 1	70 1	14 1	3 1	20 1	24 1	75 1	42 1	79 1	43 1	29 1	65 1	36 1	74 1	67 1	0 1	66 1	48 1	69 1	15 1	46 1	17 1	32 1	49 1	50 1	58 1	77 1	1 1	61 1	53 1	57 1	6 1	31 1	23 1	34 1	54 1	2 1	55 1
68 1	66 1	74 1	64 1	36 1	1 1	59 1	69 1	47 1	0 1	21 1	6 1	76 1	7 1	49 1	75 1	43 1	15 1	50 1	18 1	30 1	55 1	3 1	37 1	58 1	11 1	39 1	71 1	62 1	27 1	22 1	14 1	60 1	34 1	13 1	77 1	32 1	56 1	8 1	5 1	28 1	19 1	45 1	40 1	41 1	79 1	65 1	24 1	16 1	23 1	31 1	10 1	12 1	44 1	38 1	20 1	54 1	9 1	35 1	51 1	70 1	29 1	53 1	25 1	52 1	46 1	2 1	26 1	78 1	67 1	33 1	72 1	57 1	73 1	4 1	42 1	61 1	63 1	48 1	17 1
56 1	78 1	21 1	73 1	65 1	7 1	75 1	22 1	55 1	8 1	30 1	18 1	5 1	63 1	25 1	42 1	19 1	68 1	1 1	77 1	52 1	41 1	15 1	59 1	43 1	9 1	53 1	47 1	49 1	4 1	58 1	48 1	79 1	72 1	36 1	51 1	38 1	28 1	23 1	12 1	29 1	61 1	64 1	16 1	76 1	31 1	69 1	32 1	37 1	10 1	14 1	62 1	74 1	6 1	24 1	2 1	34 1	66 1	46 1	50 1	17 1	54 1	35 1	71 1	3 1	26 1	60 1	45 1	57 1	40 1	0 1	11 1	13 1	67 1	39 1	20 1	33 1	44 1	70 1	27 1
22 1	24 1	36 1	18 1	9 1	53 1	19 1	34 1	12 1	30 1	49 1	63 1	78 1	59 1	47 1	48 1	32 1	41 1	8 1	17 1	52 1	67 1	79 1	21 1	65 1	16 1	69 1	38 1	13 1	7 1	27 1	46 1	57 1	3 1	64 1	51 1	71 1	54 1	39 1	31 1	37 1	74 1	2 1	61 1	42 1	40 1	58 1	60 1	56 1	35 1	45 1	70 1	23 1	77 1	75 1	14 1	28 1	11 1	44 1	0 1	1 1	68 1	4 1	10 1	72 1	25 1	66 1	15 1	55 1	50 1	62 1	73 1	29 1	5 1	6 1	26 1	76 1	33 1	43 1	20 1
51 1	78 1	27 1	2 1	59 1	61 1	18 1	76 1	74 1	43 1	50 1	0 1	70 1	14 1	10 1	45 1	12 1	62 1	75 1	67 1	31 1	60 1	35 1	39 1	77 1	64 1	68 1	40 1	3 1	7 1	38 1	24 1	71 1	20 1	56 1	69 1	19 1	33 1	36 1	11 1	9 1	49 1	48 1	6 1	26 1	28 1	5 1	16 1	22 1	29 1	30 1	57 1	32 1	58 1	23 1	41 1	21 1	63 1	72 1	53 1	4 1	1 1	65 1	46 1	37 1	73 1	15 1	25 1	52 1	47 1	79 1	44 1	13 1	8 1	42 1	54 1	55 1	17 1	34 1	66 1
13 1	15 1	70 1	59 1	27 1	77 1	33 1	10 1	28 1	68 1	12 1	35 1	67 1	32 1	47 1	25 1	63 1	36 1	8 1	7 1	65 1	41 1	22 1	21 1	34 1	43 1	54 1	40 1	5 1	4 1	57 1	78 1	19 1	0 1	50 1	48 1	26 1	74 1	6 1	61 1	73 1	29 1	11 1	79 1	1 1	18 1	9 1	71 1	37 1	58 1	51 1	31 1	49 1	3 1	76 1	52 1	53 1	16 1	55 1	56 1	30 1	46 1	24 1	72 1	66 1	64 1	20 1	17 1	60 1	69 1	23 1	75 1	14 1	44 1	39 1	42 1	45 1	38 1	2 1	62 1
64 1	16 1	14 1	42 1	49 1	8 1	40 1	62 1	4 1	63 1	69 1	0 1	10 1	34 1	15 1	46 1	26 1	9 1	19 1	55 1	3 1	32 1	52 1	35 1	39 1	51 1	79 1	21 1	20 1	24 1	30 1	68 1	27 1	58 1	25 1	12 1	23 1	66 1	22 1	71 1	5 1	41 1	48 1	65 1	38 1	18 1	61 1	72 1	67 1	47 1	36 1	57 1	7 1	73 1	60 1	74 1	33 1	6 1	44 1	2 1	28 1	50 1	53 1	56 1	43 1	29 1	11 1	76 1	78 1	59 1	75 1	77 1	37 1	31 1	54 1	17 1	70 1	1 1	13 1	45 1
38 1	65 1	46 1	50 1	21 1	41 1	6 1	1 1	24 1	49 1	8 1	48 1	67 1	14 1	42 1	35 1	5 1	0 1	7 1	40 1	74 1	23 1	28 1	3 1	17 1	59 1	18 1	32 1	69 1	78 1	51 1	76 1	79 1	64 1	19 1	66 1	73 1	11 1	10 1	30 1	61 1	12 1	70 1	52 1	36 1	72 1	45 1	16 1	15 1	58 1	33 1	53 1	31 1	13 1	56 1	39 1	47 1	37 1	43 1	57 1	20 1	26 1	63 1	9 1	22 1	34 1	4 1	44 1	68 1	75 1	54 1	71 1	60 1	2 1	25 1	29 1	27 1	77 1	55 1	62 1
29 1	44 1	56 1	9 1	62 1	73 1	38 1	28 1	22 1	4 1	45 1	33 1	57 1	64 1	10 1	54 1	16 1	61 1	14 1	72 1	37 1	78 1	25 1	6 1	47 1	46 1	40 1	43 1	59 1	70 1	17 1	5 1	32 1	18 1	1 1	50 1	55 1	21 1	31 1	19 1	20 1	39 1	23 1	30 1	42 1	52 1	69 1	7 1	2 1	60 1	11 1	49 1	71 1	26 1	13 1	63 1	66 1	15 1	35 1	27 1	36 1	0 1	53 1	75 1	34 1	41 1	51 1	24 1	48 1	74 1	77 1	65 1	8 1	67 1	12 1	68 1	3 1	58 1	76 1	79 1
65 1	42 1	30 1	37 1	25 1	47 1	74 1	32 1	69 1	51 1	75 1	5 1	71 1	29 1	67 1	1 1	48 1	59 1	21 1	49 1	72 1	2 1	34 1	77 1	55 1	3 1	39 1	79 1	63 1	44 1	24 1	27 1	35 1	54 1	4 1	9 1	41 1	10 1	38 1	43 1	68 1	36 1	17 1	66 1	13 1	60 1	11 1	58 1	20 1	46 1	53 1	7 1	12 1	8 1	70 1	73 1	40 1	76 1	26 1	6 1	14 1	62 1	0 1	45 1	16 1	18 1	61 1	56 1	31 1	78 1	50 1	52 1	28 1	15 1	33 1	57 1	64 1	19 1	22 1	23 1
67 1	32 1	49 1	20 1	37 1	36 1	47 1	0 1	10 1	11 1	41 1	34 1	78 1	68 1	26 1	66 1	24 1	27 1	25 1	14 1	76 1	7 1	42 1	50 1	38 1	57 1	56 1	65 1	51 1	74 1	39 1	4 1	45 1	19 1	43 1	73 1	1 1	60 1	29 1	44 1	33 1	13 1	22 1	23 1	3 1	9 1	5 1	16 1	40 1	2 1	18 1	75 1	72 1	52 1	31 1	71 1	62 1	28 1	69 1	58 1	6 1	59 1	77 1	53 1	48 1	30 1	12 1	64 1	61 1	55 1	17 1	8 1	35 1	79 1	46 1	54 1	21 1	70 1	63 1	15 1
43 1	10 1	13 1	52 1	4 1	53 1	55 1	72 1	66 1	42 1	15 1	7 1	73 1	23 1	0 1	56 1	1 1	58 1	76 1	34 1	44 1	30 1	18 1	5 1	11 1	2 1	35 1	29 1	59 1	67 1	32 1	41 1	12 1	17 1	14 1	63 1	77 1	3 1	68 1	27 1	38 1	31 1	64 1	16 1	75 1	65 1	33 1	47 1	74 1	57 1	37 1	51 1	71 1	9 1	69 1	8 1	61 1	39 1	21 1	49 1	60 1	54 1	40 1	46 1	48 1	19 1	70 1	22 1	26 1	45 1	78 1	24 1	79 1	28 1	36 1	6 1	62 1	20 1	25 1	50 1
20 1	17 1	73 1	1 1	63 1	24 1	5 1	21 1	33 1	48 1	47 1	71 1	7 1	14 1	39 1	35 1	27 1	19 1	3 1	69 1	38 1	15 1	59 1	29 1	28 1	0 1	79 1	45 1	30 1	40 1	55 1	61 1	60 1	2 1	22 1	12 1	9 1	11 1	65 1	31 1	23 1	49 1	46 1	62 1	57 1	8 1	78 1	51 1	44 1	50 1	76 1	10 1	26 1	36 1	68 1	70 1	34 1	43 1	53 1	74 1	4 1	42 1	75 1	66 1	6 1	77 1	56 1	54 1	16 1	18 1	13 1	72 1	25 1	64 1	67 1	52 1	58 1	41 1	32 1	37 1
44 1	6 1	70 1	75 1	57 1	1 1	39 1	63 1	43 1	7 1	34 1	78 1	10 1	67 1	0 1	42 1	29 1	40 1	46 1	14 1	13 1	31 1	45 1	26 1	48 1	3 1	71 1	66 1	62 1	65 1	16 1	32 1	74 1	59 1	2 1	58 1	61 1	9 1	60 1	41 1	37 1	22 1	4 1	19 1	11 1	76 1	38 1	24 1	50 1	56 1	47 1	49 1	17 1	18 1	54 1	27 1	8 1	53 1	51 1	12 1	77 1	5 1	68 1	33 1	52 1	73 1	25 1	20 1	64 1	21 1	30 1	23 1	36 1	28 1	69 1	35 1	55 1	15 1	79 1	72 1
65 1	29 1	10 1	38 1	71 1	75 1	43 1	30 1	61 1	58 1	27 1	69 1	54 1	22 1	41 1	68 1	74 1	28 1	59 1	46 1	31 1	33 1	77 1	45 1	52 1	56 1	11 1	25 1	15 1	37 1	5 1	53 1	2 1	6 1	63 1	40 1	42 1	24 1	66 1	39 1	51 1	26 1	4 1	20 1	47 1	14 1	19 1	23 1	34 1	50 1	21 1	1 1	7 1	12 1	60 1	49 1	36 1	72 1	67 1	62 1	16 1	35 1	78 1	79 1	73 1	32 1	3 1	76 1	44 1	13 1	18 1	17 1	0 1	9 1	64 1	70 1	55 1	48 1	8 1	57 1
32 1	1 1	44 1	39 1	45 1	70 1	77 1	59 1	28 1	65 1	42 1	25 1	40 1	56 1	72 1	43 1	12 1	61 1	4 1	13 1	10 1	21 1	48 1	68 1	26 1	11 1	76 1	36 1	50 1	7 1	24 1	52 1	15 1	78 1	30 1	34 1	54 1	3 1	69 1	47 1	46 1	8 1	22 1	58 1	29 1	41 1	75 1	37 1	6 1	62 1	63 1	49 1	17 1	79 1	5 1	51 1	66 1	0 1	73 1	38 1	33 1	23 1	74 1	27 1	67 1	57 1	64 1	55 1	60 1	2 1	31 1	53 1	16 1	18 1	19 1	35 1	14 1	71 1	9 1	20 1
64 1	10 1	38 1	73 1	53 1	45 1	35 1	63 1	56 1	76 1	16 1	70 1	48 1	14 1	46 1	28 1	40 1	78 1	66 1	79 1	77 1	9 1	2 1	20 1	26 1	33 1	37 1	11 1	49 1	39 1	23 1	25 1	51 1	43 1	22 1	31 1	74 1	59 1	15 1	44 1	52 1	0 1	34 1	54 1	61 1	17 1	55 1	65 1	3 1	7 1	29 1	32 1	42 1	24 1	5 1	27 1	72 1	30 1	12 1	13 1	6 1	47 1	58 1	50 1	68 1	57 1	21 1	67 1	62 1	71 1	18 1	1 1	8 1	36 1	75 1	19 1	60 1	69 1	41 1	4 1
68 1	76 1	6 1	77 1	71 1	18 1	51 1	58 1	40 1	0 1	31 1	61 1	63 1	60 1	36 1	5 1	13 1	57 1	65 1	29 1	25 1	1 1	45 1	22 1	44 1	73 1	33 1	17 1	64 1	24 1	14 1	62 1	39 1	55 1	41 1	59 1	52 1	32 1	38 1	67 1	54 1	79 1	7 1	20 1	21 1	69 1	78 1	16 1	19 1	30 1	37 1	15 1	72 1	49 1	74 1	2 1	46 1	70 1	47 1	53 1	8 1	56 1	9 1	43 1	26 1	11 1	4 1	27 1	10 1	66 1	34 1	12 1	42 1	75 1	3 1	23 1	50 1	35 1	28 1	48 1
69 1	9 1	35 1	72 1	45 1	71 1	61 1	15 1	60 1	7 1	11 1	79 1	48 1	55 1	17 1	21 1	78 1	42 1	14 1	33 1	76 1	0 1	3 1	4 1	65 1	1 1	34 1	56 1	5 1	32 1	58 1	52 1	63 1	13 1	68 1	18 1	73 1	2 1	38 1	25 1	77 1	37 1	36 1	30 1	74 1	53 1	24 1	40 1	70 1	12 1	64 1	28 1	6 1	51 1	75 1	46 1	43 1	49 1	31 1	29 1	41 1	57 1	22 1	59 1	8 1	44 1	26 1	10 1	67 1	62 1	23 1	39 1	47 1	16 1	19 1	27 1	66 1	50 1	54 1	20 1
19 1	31 1	7 1	63 1	48 1	41 1	38 1	22 1	73 1	78 1	1 1	5 1	64 1	27 1	21 1	54 1	8 1	56 1	52 1	2 1	33 1	39 1	35 1	51 1	62 1	0 1	28 1	32 1	79 1	6 1	30 1	49 1	34 1	40 1	11 1	75 1	26 1	46 1	24 1	43 1	10 1	61 1	15 1	55 1	42 1	9 1	65 1	36 1	4 1	57 1	68 1	50 1	74 1	14 1	71 1	69 1	59 1	77 1	45 1	13 1	67 1	53 1	25 1	76 1	58 1	20 1	70 1	72 1	60 1	23 1	12 1	18 1	3 1	29 1	17 1	37 1	66 1	47 1	44 1	16 1
60 1	62 1	54 1	75 1	22 1	53 1	74 1	40 1	71 1	16 1	78 1	7 1	68 1	43 1	72 1	79 1	69 1	37 1	50 1	38 1	21 1	26 1	45 1	10 1	44 1	77 1	33 1	63 1	17 1	27 1	73 1	67 1	18 1	3 1	19 1	61 1	9 1	66 1	12 1	6 1	15 1	24 1	58 1	30 1	20 1	5 1	36 1	64 1	1 1	76 1	46 1	29 1	4 1	39 1	14 1	65 1	0 1	41 1	55 1	57 1	35 1	56 1	52 1	28 1	2 1	32 1	47 1	11 1	42 1	70 1	59 1	34 1	23 1	25 1	49 1	51 1	31 1	8 1	48 1	13 1
7 1	29 1	28 1	52 1	41 1	42 1	38 1	13 1	66 1	23 1	57 1	71 1	21 1	19 1	22 1	6 1	14 1	53 1	73 1	78 1	72 1	36 1	46 1	3 1	61 1	75 1	79 1	69 1	8 1	32 1	50 1	27 1	16 1	26 1	31 1	30 1	55 1	34 1	67 1	76 1	4 1	5 1	56 1	68 1	24 1	40 1	12 1	18 1	77 1	58 1	62 1	39 1	59 1	33 1	35 1	1 1	63 1	44 1	49 1	60 1	70 1	47 1	25 1	15 1	17 1	2 1	37 1	11 1	54 1	9 1	74 1	65 1	43 1	20 1	64 1	48 1	0 1	10 1	45 1	51 1
52 1	57 1	12 1	76 1	20 1	4 1	77 1	21 1	28 1	35 1	9 1	68 1	49 1	44 1	33 1	46 1	65 1	38 1	16 1	70 1	7 1	58 1	55 1	2 1	48 1	29 1	10 1	31 1	39 1	8 1	45 1	27 1	26 1	74 1	73 1	72 1	62 1	18 1	23 1	30 1	32 1	79 1	67 1	78 1	69 1	51 1	22 1	63 1	1 1	66 1	60 1	11 1	25 1	15 1	54 1	24 1	50 1	37 1	59 1	5 1	43 1	75 1	47 1	34 1	13 1	56 1	71 1	36 1	3 1	6 1	42 1	0 1	41 1	61 1	64 1	53 1	14 1	40 1	17 1	19 1
