90	70
54 1	35 1	39 1	23 1	43 1	53 1	20 1	19 1	50 1	69 1	36 1	60 1	24 1	2 1	44 1	45 1	3 1	52 1	22 1	47 1	10 1	18 1	25 1	55 1	15 1	61 1	41 1	67 1	58 1	29 1	63 1	65 1	42 1	8 1	46 1	40 1	49 1	27 1	9 1	33 1	14 1	51 1	21 1	31 1	1 1	68 1	17 1	0 1	64 1	57 1	5 1	28 1	32 1	6 1	37 1	7 1	38 1	34 1	62 1	66 1	30 1	12 1	13 1	11 1	48 1	59 1	4 1	26 1	16 1	56 1
12 1	22 1	59 1	2 1	35 1	66 1	28 1	41 1	31 1	57 1	36 1	37 1	53 1	27 1	13 1	61 1	20 1	21 1	54 1	46 1	68 1	69 1	40 1	51 1	7 1	50 1	65 1	25 1	9 1	67 1	6 1	56 1	63 1	11 1	19 1	52 1	0 1	8 1	39 1	47 1	62 1	10 1	43 1	23 1	49 1	55 1	4 1	44 1	3 1	42 1	48 1	64 1	24 1	32 1	15 1	1 1	60 1	33 1	45 1	38 1	29 1	16 1	14 1	30 1	26 1	18 1	17 1	34 1	58 1	5 1
54 1	12 1	3 1	65 1	58 1	39 1	42 1	9 1	56 1	26 1	64 1	0 1	59 1	63 1	44 1	13 1	32 1	53 1	29 1	17 1	55 1	43 1	5 1	22 1	23 1	47 1	19 1	49 1	18 1	30 1	68 1	20 1	11 1	14 1	48 1	67 1	37 1	33 1	7 1	52 1	62 1	60 1	15 1	25 1	41 1	10 1	31 1	8 1	21 1	27 1	51 1	69 1	4 1	46 1	66 1	50 1	57 1	16 1	40 1	28 1	36 1	35 1	38 1	34 1	45 1	2 1	6 1	24 1	1 1	61 1
20 1	48 1	68 1	22 1	62 1	23 1	37 1	14 1	21 1	16 1	52 1	53 1	6 1	17 1	63 1	10 1	15 1	13 1	66 1	56 1	33 1	58 1	27 1	4 1	50 1	40 1	39 1	32 1	19 1	64 1	9 1	7 1	61 1	54 1	46 1	8 1	44 1	11 1	47 1	28 1	5 1	60 1	41 1	12 1	18 1	36 1	29 1	34 1	67 1	65 1	26 1	49 1	35 1	59 1	69 1	30 1	3 1	55 1	24 1	2 1	42 1	1 1	57 1	0 1	45 1	31 1	43 1	38 1	25 1	51 1
11 1	29 1	7 1	12 1	3 1	1 1	9 1	56 1	60 1	51 1	48 1	64 1	22 1	15 1	18 1	63 1	28 1	35 1	10 1	30 1	23 1	69 1	40 1	43 1	24 1	4 1	62 1	14 1	49 1	16 1	19 1	65 1	42 1	52 1	31 1	13 1	36 1	53 1	2 1	47 1	26 1	5 1	17 1	50 1	55 1	44 1	57 1	8 1	61 1	25 1	59 1	66 1	6 1	68 1	37 1	34 1	58 1	45 1	32 1	21 1	46 1	0 1	33 1	27 1	67 1	54 1	38 1	20 1	39 1	41 1
6 1	51 1	8 1	14 1	38 1	27 1	50 1	53 1	31 1	39 1	9 1	46 1	59 1	60 1	29 1	19 1	57 1	69 1	40 1	62 1	41 1	21 1	44 1	34 1	67 1	0 1	5 1	3 1	65 1	7 1	33 1	49 1	52 1	42 1	20 1	26 1	2 1	11 1	35 1	28 1	15 1	37 1	68 1	30 1	36 1	23 1	12 1	47 1	63 1	4 1	45 1	24 1	32 1	64 1	16 1	17 1	18 1	43 1	56 1	66 1	10 1	54 1	55 1	25 1	58 1	1 1	48 1	22 1	13 1	61 1
29 1	19 1	42 1	43 1	2 1	36 1	17 1	62 1	41 1	1 1	67 1	55 1	61 1	52 1	16 1	30 1	13 1	47 1	4 1	10 1	64 1	32 1	53 1	38 1	5 1	9 1	26 1	56 1	8 1	22 1	59 1	65 1	39 1	45 1	33 1	12 1	14 1	21 1	7 1	28 1	34 1	51 1	15 1	54 1	68 1	58 1	69 1	27 1	35 1	50 1	0 1	18 1	3 1	25 1	37 1	6 1	66 1	23 1	40 1	11 1	20 1	49 1	24 1	31 1	60 1	46 1	63 1	48 1	44 1	57 1
63 1	44 1	1 1	69 1	45 1	52 1	43 1	37 1	40 1	38 1	35 1	36 1	48 1	54 1	2 1	3 1	34 1	64 1	21 1	16 1	12 1	14 1	27 1	9 1	25 1	19 1	4 1	66 1	13 1	0 1	23 1	50 1	41 1	53 1	62 1	57 1	31 1	59 1	42 1	15 1	20 1	51 1	58 1	55 1	8 1	6 1	56 1	24 1	10 1	49 1	22 1	46 1	65 1	67 1	26 1	60 1	5 1	47 1	7 1	30 1	39 1	33 1	29 1	32 1	11 1	68 1	18 1	61 1	17 1	28 1
38 1	19 1	2 1	17 1	12 1	23 1	49 1	0 1	31 1	5 1	55 1	20 1	3 1	52 1	32 1	67 1	24 1	58 1	7 1	1 1	8 1	53 1	22 1	10 1	33 1	30 1	25 1	54 1	63 1	35 1	16 1	15 1	4 1	37 1	68 1	29 1	34 1	56 1	69 1	9 1	59 1	57 1	40 1	51 1	18 1	41 1	27 1	61 1	48 1	28 1	26 1	42 1	65 1	46 1	62 1	6 1	11 1	36 1	60 1	14 1	13 1	44 1	45 1	43 1	39 1	50 1	47 1	21 1	66 1	64 1
0 1	51 1	64 1	4 1	35 1	13 1	7 1	54 1	1 1	53 1	57 1	42 1	69 1	23 1	52 1	48 1	56 1	14 1	49 1	2 1	11 1	18 1	33 1	58 1	3 1	43 1	37 1	59 1	66 1	26 1	16 1	15 1	40 1	8 1	47 1	65 1	63 1	29 1	39 1	55 1	45 1	5 1	44 1	34 1	61 1	68 1	30 1	25 1	60 1	32 1	50 1	10 1	12 1	19 1	27 1	9 1	67 1	6 1	24 1	38 1	36 1	17 1	62 1	31 1	41 1	46 1	22 1	21 1	28 1	20 1
32 1	3 1	31 1	2 1	54 1	63 1	60 1	15 1	59 1	51 1	5 1	24 1	6 1	19 1	14 1	22 1	35 1	66 1	61 1	28 1	57 1	18 1	4 1	47 1	8 1	1 1	49 1	34 1	30 1	55 1	37 1	43 1	41 1	58 1	25 1	64 1	23 1	48 1	38 1	29 1	65 1	62 1	53 1	56 1	39 1	13 1	20 1	16 1	69 1	33 1	40 1	27 1	67 1	50 1	26 1	11 1	45 1	9 1	52 1	44 1	0 1	36 1	68 1	21 1	42 1	7 1	12 1	10 1	17 1	46 1
63 1	18 1	31 1	27 1	2 1	12 1	47 1	25 1	30 1	58 1	42 1	48 1	17 1	16 1	65 1	7 1	5 1	68 1	6 1	35 1	1 1	59 1	11 1	4 1	15 1	28 1	50 1	9 1	41 1	21 1	60 1	29 1	19 1	10 1	56 1	46 1	67 1	57 1	61 1	62 1	44 1	66 1	55 1	53 1	3 1	54 1	39 1	40 1	20 1	23 1	49 1	36 1	52 1	34 1	32 1	0 1	13 1	45 1	22 1	37 1	24 1	26 1	38 1	51 1	33 1	69 1	8 1	14 1	64 1	43 1
10 1	44 1	58 1	37 1	67 1	41 1	60 1	59 1	8 1	9 1	38 1	4 1	45 1	51 1	66 1	46 1	32 1	13 1	23 1	33 1	36 1	64 1	21 1	7 1	26 1	3 1	57 1	68 1	47 1	35 1	53 1	14 1	1 1	50 1	43 1	30 1	31 1	22 1	24 1	16 1	6 1	20 1	39 1	19 1	29 1	63 1	55 1	48 1	49 1	0 1	28 1	54 1	34 1	17 1	40 1	52 1	69 1	15 1	27 1	18 1	2 1	42 1	11 1	62 1	65 1	56 1	61 1	25 1	12 1	5 1
1 1	34 1	40 1	24 1	44 1	66 1	14 1	45 1	41 1	23 1	57 1	48 1	42 1	19 1	53 1	62 1	20 1	63 1	8 1	35 1	65 1	51 1	37 1	7 1	13 1	18 1	3 1	47 1	30 1	55 1	38 1	67 1	52 1	27 1	21 1	32 1	68 1	11 1	12 1	46 1	0 1	2 1	16 1	22 1	15 1	49 1	5 1	36 1	9 1	39 1	59 1	50 1	6 1	33 1	25 1	54 1	26 1	28 1	29 1	58 1	60 1	64 1	10 1	61 1	56 1	69 1	4 1	31 1	43 1	17 1
49 1	61 1	51 1	22 1	52 1	14 1	36 1	41 1	69 1	8 1	9 1	18 1	2 1	59 1	60 1	4 1	42 1	34 1	63 1	68 1	25 1	13 1	23 1	29 1	21 1	19 1	38 1	46 1	47 1	26 1	37 1	50 1	35 1	58 1	56 1	67 1	3 1	66 1	20 1	57 1	55 1	6 1	40 1	65 1	15 1	32 1	33 1	39 1	30 1	7 1	16 1	54 1	43 1	17 1	24 1	5 1	11 1	27 1	62 1	53 1	0 1	64 1	1 1	28 1	31 1	12 1	44 1	48 1	45 1	10 1
6 1	17 1	51 1	27 1	40 1	65 1	10 1	66 1	7 1	3 1	57 1	64 1	67 1	0 1	35 1	49 1	28 1	4 1	34 1	55 1	31 1	32 1	22 1	11 1	25 1	62 1	21 1	54 1	12 1	46 1	53 1	5 1	61 1	1 1	19 1	30 1	15 1	36 1	18 1	47 1	69 1	16 1	58 1	68 1	60 1	59 1	29 1	26 1	45 1	14 1	39 1	50 1	41 1	9 1	13 1	37 1	44 1	48 1	52 1	56 1	43 1	8 1	63 1	2 1	42 1	33 1	38 1	20 1	24 1	23 1
1 1	50 1	65 1	49 1	52 1	66 1	8 1	4 1	0 1	19 1	32 1	14 1	35 1	27 1	47 1	60 1	15 1	13 1	6 1	3 1	31 1	28 1	63 1	69 1	42 1	7 1	20 1	54 1	21 1	68 1	40 1	34 1	9 1	62 1	41 1	55 1	36 1	46 1	59 1	45 1	17 1	24 1	33 1	39 1	10 1	58 1	57 1	43 1	30 1	38 1	18 1	29 1	56 1	26 1	51 1	53 1	61 1	2 1	11 1	48 1	5 1	64 1	12 1	22 1	25 1	44 1	16 1	67 1	37 1	23 1
11 1	2 1	37 1	43 1	18 1	53 1	8 1	26 1	62 1	57 1	42 1	32 1	56 1	19 1	61 1	13 1	15 1	47 1	10 1	1 1	36 1	58 1	51 1	41 1	68 1	5 1	24 1	38 1	7 1	0 1	66 1	52 1	63 1	31 1	40 1	6 1	20 1	25 1	22 1	17 1	45 1	30 1	65 1	67 1	29 1	33 1	23 1	54 1	4 1	27 1	60 1	3 1	28 1	59 1	49 1	55 1	12 1	48 1	21 1	46 1	39 1	14 1	69 1	34 1	44 1	16 1	35 1	9 1	50 1	64 1
47 1	40 1	63 1	4 1	48 1	44 1	62 1	27 1	28 1	56 1	51 1	11 1	14 1	2 1	30 1	67 1	3 1	46 1	32 1	37 1	5 1	45 1	68 1	61 1	1 1	41 1	66 1	12 1	25 1	39 1	69 1	16 1	9 1	50 1	10 1	43 1	21 1	54 1	36 1	34 1	42 1	57 1	13 1	23 1	52 1	15 1	59 1	22 1	19 1	65 1	0 1	55 1	60 1	7 1	26 1	49 1	33 1	6 1	29 1	24 1	18 1	38 1	8 1	64 1	17 1	53 1	58 1	31 1	20 1	35 1
0 1	23 1	21 1	65 1	27 1	13 1	54 1	39 1	2 1	10 1	48 1	25 1	46 1	60 1	24 1	5 1	43 1	7 1	26 1	61 1	12 1	52 1	14 1	17 1	33 1	34 1	36 1	28 1	57 1	29 1	11 1	32 1	40 1	30 1	44 1	42 1	59 1	41 1	1 1	15 1	53 1	69 1	20 1	35 1	38 1	18 1	68 1	66 1	55 1	51 1	67 1	49 1	16 1	56 1	22 1	45 1	63 1	9 1	47 1	37 1	50 1	62 1	6 1	8 1	58 1	31 1	19 1	3 1	64 1	4 1
2 1	55 1	52 1	37 1	46 1	6 1	7 1	18 1	53 1	4 1	47 1	5 1	36 1	44 1	21 1	14 1	22 1	63 1	66 1	42 1	33 1	48 1	1 1	64 1	3 1	25 1	60 1	41 1	20 1	29 1	30 1	61 1	9 1	28 1	62 1	0 1	59 1	32 1	49 1	50 1	68 1	31 1	58 1	27 1	24 1	45 1	57 1	10 1	11 1	13 1	26 1	54 1	65 1	19 1	40 1	16 1	67 1	35 1	51 1	34 1	56 1	69 1	15 1	23 1	39 1	38 1	12 1	43 1	17 1	8 1
41 1	33 1	27 1	30 1	49 1	11 1	24 1	48 1	34 1	29 1	3 1	38 1	18 1	66 1	20 1	31 1	57 1	14 1	68 1	65 1	9 1	2 1	21 1	59 1	53 1	51 1	6 1	60 1	50 1	17 1	40 1	25 1	67 1	32 1	56 1	54 1	5 1	26 1	63 1	35 1	10 1	47 1	61 1	55 1	19 1	58 1	69 1	16 1	64 1	43 1	62 1	4 1	36 1	1 1	13 1	15 1	42 1	23 1	8 1	44 1	0 1	28 1	7 1	39 1	46 1	22 1	37 1	12 1	52 1	45 1
44 1	8 1	22 1	54 1	9 1	47 1	36 1	51 1	11 1	2 1	13 1	27 1	42 1	46 1	59 1	25 1	20 1	39 1	21 1	64 1	7 1	3 1	34 1	53 1	57 1	45 1	1 1	33 1	41 1	12 1	67 1	69 1	37 1	58 1	28 1	63 1	18 1	5 1	68 1	56 1	49 1	40 1	60 1	0 1	17 1	48 1	6 1	15 1	31 1	19 1	38 1	62 1	61 1	29 1	14 1	43 1	10 1	30 1	4 1	50 1	52 1	26 1	32 1	55 1	16 1	35 1	24 1	23 1	65 1	66 1
18 1	0 1	9 1	28 1	8 1	34 1	5 1	61 1	68 1	48 1	46 1	55 1	4 1	38 1	7 1	49 1	45 1	66 1	33 1	47 1	57 1	1 1	64 1	16 1	63 1	65 1	3 1	22 1	20 1	29 1	32 1	17 1	60 1	37 1	62 1	26 1	41 1	11 1	35 1	13 1	25 1	54 1	21 1	51 1	52 1	19 1	6 1	24 1	36 1	15 1	42 1	40 1	30 1	43 1	10 1	44 1	56 1	50 1	12 1	59 1	14 1	27 1	67 1	31 1	2 1	23 1	69 1	39 1	53 1	58 1
32 1	53 1	9 1	68 1	58 1	47 1	27 1	69 1	56 1	37 1	0 1	7 1	22 1	63 1	19 1	1 1	24 1	23 1	60 1	28 1	44 1	29 1	6 1	35 1	48 1	15 1	34 1	61 1	30 1	36 1	10 1	16 1	31 1	12 1	25 1	14 1	5 1	13 1	49 1	64 1	62 1	65 1	20 1	11 1	67 1	57 1	50 1	17 1	42 1	3 1	40 1	55 1	59 1	38 1	51 1	52 1	21 1	33 1	8 1	46 1	43 1	2 1	4 1	66 1	41 1	26 1	45 1	18 1	39 1	54 1
21 1	10 1	16 1	9 1	52 1	40 1	51 1	43 1	58 1	18 1	38 1	8 1	37 1	67 1	46 1	60 1	33 1	23 1	48 1	24 1	65 1	26 1	31 1	22 1	34 1	53 1	30 1	47 1	45 1	29 1	3 1	2 1	62 1	4 1	13 1	25 1	15 1	41 1	1 1	20 1	27 1	0 1	61 1	56 1	42 1	63 1	12 1	68 1	49 1	54 1	36 1	57 1	19 1	44 1	59 1	17 1	5 1	28 1	55 1	39 1	50 1	14 1	69 1	35 1	32 1	6 1	64 1	11 1	66 1	7 1
24 1	11 1	15 1	60 1	67 1	27 1	37 1	0 1	34 1	57 1	19 1	5 1	65 1	14 1	59 1	63 1	32 1	48 1	53 1	62 1	7 1	50 1	44 1	49 1	43 1	22 1	36 1	2 1	56 1	25 1	23 1	54 1	55 1	52 1	40 1	64 1	21 1	31 1	28 1	20 1	47 1	3 1	45 1	61 1	8 1	10 1	26 1	68 1	1 1	51 1	42 1	30 1	39 1	46 1	6 1	29 1	16 1	66 1	58 1	17 1	4 1	18 1	38 1	41 1	13 1	9 1	35 1	33 1	12 1	69 1
50 1	48 1	57 1	2 1	14 1	62 1	22 1	11 1	55 1	33 1	60 1	53 1	66 1	17 1	1 1	9 1	30 1	10 1	64 1	47 1	44 1	26 1	56 1	31 1	19 1	61 1	65 1	38 1	18 1	8 1	37 1	59 1	4 1	27 1	54 1	23 1	68 1	13 1	21 1	15 1	67 1	7 1	32 1	28 1	41 1	58 1	36 1	46 1	6 1	3 1	45 1	42 1	63 1	5 1	69 1	20 1	0 1	12 1	24 1	34 1	43 1	35 1	49 1	16 1	52 1	51 1	40 1	29 1	39 1	25 1
64 1	60 1	43 1	23 1	31 1	6 1	39 1	25 1	67 1	41 1	45 1	14 1	38 1	54 1	29 1	5 1	7 1	33 1	20 1	35 1	37 1	1 1	2 1	13 1	24 1	8 1	26 1	65 1	36 1	15 1	48 1	47 1	30 1	55 1	12 1	0 1	27 1	34 1	44 1	4 1	58 1	51 1	18 1	28 1	9 1	21 1	11 1	63 1	66 1	17 1	59 1	69 1	3 1	56 1	19 1	68 1	50 1	10 1	16 1	32 1	53 1	49 1	42 1	46 1	40 1	57 1	61 1	52 1	62 1	22 1
66 1	36 1	17 1	27 1	23 1	38 1	13 1	2 1	52 1	43 1	7 1	61 1	32 1	67 1	69 1	6 1	56 1	51 1	5 1	0 1	59 1	46 1	53 1	63 1	34 1	35 1	28 1	64 1	26 1	19 1	4 1	31 1	42 1	50 1	22 1	55 1	12 1	20 1	39 1	30 1	9 1	3 1	15 1	65 1	48 1	49 1	29 1	33 1	47 1	1 1	10 1	62 1	16 1	21 1	68 1	11 1	60 1	44 1	57 1	24 1	8 1	58 1	18 1	25 1	40 1	14 1	54 1	41 1	37 1	45 1
26 1	46 1	66 1	2 1	59 1	47 1	6 1	62 1	36 1	50 1	34 1	20 1	61 1	48 1	49 1	69 1	13 1	43 1	57 1	30 1	67 1	58 1	4 1	53 1	31 1	1 1	45 1	27 1	5 1	17 1	55 1	25 1	12 1	18 1	33 1	14 1	39 1	15 1	54 1	7 1	42 1	28 1	24 1	11 1	63 1	60 1	19 1	3 1	56 1	32 1	52 1	35 1	22 1	51 1	38 1	8 1	41 1	29 1	68 1	44 1	16 1	65 1	9 1	64 1	0 1	37 1	23 1	10 1	21 1	40 1
3 1	8 1	28 1	68 1	36 1	11 1	61 1	16 1	21 1	14 1	15 1	67 1	49 1	24 1	48 1	55 1	12 1	51 1	18 1	23 1	47 1	10 1	33 1	6 1	34 1	25 1	5 1	29 1	54 1	4 1	52 1	1 1	42 1	26 1	64 1	58 1	59 1	0 1	44 1	45 1	9 1	39 1	43 1	27 1	30 1	37 1	22 1	66 1	13 1	60 1	56 1	20 1	17 1	63 1	41 1	38 1	35 1	31 1	2 1	65 1	50 1	46 1	40 1	53 1	7 1	32 1	57 1	19 1	62 1	69 1
22 1	17 1	45 1	31 1	59 1	4 1	54 1	2 1	40 1	35 1	41 1	14 1	7 1	12 1	26 1	25 1	49 1	57 1	67 1	6 1	47 1	61 1	34 1	55 1	43 1	23 1	63 1	9 1	11 1	28 1	21 1	48 1	10 1	44 1	39 1	1 1	13 1	51 1	18 1	64 1	58 1	20 1	15 1	56 1	27 1	3 1	60 1	8 1	68 1	5 1	32 1	46 1	42 1	66 1	19 1	62 1	33 1	53 1	0 1	38 1	30 1	65 1	24 1	69 1	16 1	29 1	37 1	50 1	52 1	36 1
26 1	33 1	6 1	28 1	1 1	35 1	29 1	39 1	68 1	16 1	2 1	37 1	67 1	14 1	13 1	17 1	30 1	46 1	22 1	42 1	47 1	10 1	54 1	8 1	4 1	49 1	11 1	24 1	32 1	62 1	36 1	59 1	20 1	15 1	12 1	19 1	66 1	7 1	5 1	56 1	9 1	43 1	50 1	55 1	58 1	45 1	40 1	51 1	65 1	53 1	63 1	69 1	60 1	0 1	25 1	23 1	57 1	34 1	21 1	44 1	64 1	52 1	48 1	38 1	41 1	31 1	18 1	61 1	3 1	27 1
8 1	37 1	48 1	7 1	22 1	49 1	13 1	15 1	60 1	51 1	54 1	11 1	28 1	33 1	30 1	62 1	65 1	24 1	69 1	63 1	0 1	67 1	59 1	55 1	21 1	29 1	3 1	4 1	43 1	23 1	44 1	61 1	31 1	27 1	41 1	39 1	58 1	42 1	1 1	53 1	68 1	47 1	56 1	18 1	20 1	9 1	6 1	50 1	40 1	32 1	26 1	45 1	64 1	2 1	10 1	5 1	38 1	16 1	12 1	17 1	35 1	36 1	14 1	66 1	34 1	57 1	19 1	46 1	25 1	52 1
58 1	34 1	55 1	51 1	37 1	54 1	33 1	21 1	40 1	18 1	69 1	57 1	6 1	68 1	44 1	22 1	49 1	13 1	67 1	64 1	30 1	14 1	3 1	61 1	36 1	46 1	38 1	9 1	7 1	48 1	47 1	63 1	24 1	60 1	5 1	43 1	2 1	16 1	66 1	11 1	12 1	45 1	17 1	62 1	28 1	42 1	29 1	50 1	35 1	8 1	41 1	32 1	39 1	52 1	20 1	53 1	31 1	65 1	1 1	26 1	19 1	27 1	15 1	4 1	10 1	23 1	56 1	25 1	59 1	0 1
45 1	36 1	46 1	67 1	19 1	9 1	38 1	13 1	44 1	1 1	5 1	52 1	48 1	37 1	54 1	51 1	69 1	26 1	16 1	53 1	32 1	18 1	58 1	33 1	27 1	17 1	42 1	4 1	39 1	23 1	20 1	31 1	7 1	30 1	66 1	10 1	56 1	43 1	40 1	21 1	59 1	68 1	15 1	47 1	55 1	14 1	34 1	49 1	29 1	22 1	0 1	35 1	8 1	64 1	28 1	2 1	41 1	11 1	62 1	65 1	12 1	24 1	3 1	57 1	61 1	25 1	50 1	6 1	63 1	60 1
28 1	9 1	25 1	58 1	38 1	14 1	29 1	13 1	63 1	45 1	66 1	0 1	15 1	51 1	68 1	37 1	22 1	5 1	31 1	50 1	48 1	27 1	35 1	24 1	47 1	59 1	43 1	7 1	42 1	16 1	21 1	46 1	67 1	8 1	3 1	30 1	36 1	56 1	17 1	62 1	23 1	10 1	18 1	26 1	49 1	57 1	55 1	12 1	4 1	44 1	61 1	52 1	19 1	69 1	60 1	54 1	40 1	34 1	6 1	53 1	39 1	32 1	65 1	64 1	11 1	2 1	33 1	41 1	20 1	1 1
56 1	65 1	31 1	57 1	18 1	3 1	52 1	16 1	29 1	2 1	19 1	69 1	14 1	9 1	41 1	38 1	4 1	33 1	36 1	15 1	21 1	66 1	43 1	35 1	8 1	67 1	25 1	0 1	55 1	51 1	10 1	60 1	64 1	34 1	11 1	58 1	26 1	30 1	53 1	62 1	63 1	61 1	5 1	50 1	6 1	12 1	27 1	23 1	24 1	46 1	20 1	48 1	44 1	68 1	32 1	54 1	28 1	22 1	13 1	39 1	49 1	59 1	7 1	17 1	1 1	37 1	47 1	42 1	40 1	45 1
10 1	4 1	25 1	37 1	12 1	16 1	29 1	55 1	58 1	50 1	65 1	68 1	64 1	57 1	46 1	19 1	21 1	5 1	35 1	8 1	22 1	26 1	53 1	2 1	63 1	54 1	60 1	56 1	61 1	3 1	7 1	62 1	59 1	42 1	18 1	39 1	49 1	28 1	27 1	36 1	69 1	40 1	23 1	30 1	9 1	13 1	1 1	31 1	52 1	20 1	48 1	43 1	33 1	41 1	15 1	17 1	24 1	11 1	0 1	51 1	47 1	34 1	38 1	14 1	32 1	66 1	6 1	45 1	44 1	67 1
23 1	30 1	65 1	40 1	4 1	22 1	63 1	68 1	62 1	38 1	54 1	56 1	10 1	14 1	2 1	18 1	53 1	34 1	16 1	67 1	15 1	41 1	20 1	47 1	8 1	32 1	26 1	51 1	21 1	6 1	13 1	11 1	60 1	28 1	36 1	44 1	17 1	52 1	64 1	39 1	25 1	46 1	48 1	35 1	29 1	55 1	57 1	7 1	58 1	59 1	45 1	19 1	50 1	49 1	1 1	43 1	27 1	0 1	61 1	42 1	31 1	24 1	12 1	37 1	69 1	9 1	3 1	66 1	33 1	5 1
24 1	68 1	15 1	12 1	0 1	13 1	49 1	66 1	10 1	48 1	25 1	43 1	8 1	9 1	55 1	62 1	67 1	69 1	34 1	19 1	52 1	23 1	33 1	64 1	39 1	41 1	21 1	18 1	53 1	29 1	30 1	26 1	7 1	59 1	3 1	1 1	54 1	20 1	38 1	61 1	65 1	22 1	57 1	28 1	35 1	46 1	44 1	51 1	2 1	45 1	63 1	47 1	31 1	40 1	42 1	50 1	6 1	32 1	36 1	17 1	37 1	11 1	5 1	60 1	4 1	56 1	27 1	16 1	14 1	58 1
52 1	58 1	42 1	35 1	50 1	3 1	25 1	10 1	39 1	24 1	33 1	27 1	4 1	43 1	64 1	47 1	14 1	48 1	28 1	30 1	8 1	5 1	49 1	22 1	69 1	45 1	68 1	65 1	31 1	11 1	2 1	54 1	37 1	21 1	6 1	12 1	9 1	46 1	55 1	41 1	59 1	15 1	63 1	57 1	60 1	38 1	66 1	32 1	17 1	61 1	13 1	56 1	26 1	23 1	20 1	51 1	29 1	40 1	34 1	67 1	53 1	0 1	44 1	19 1	18 1	1 1	7 1	36 1	16 1	62 1
26 1	38 1	54 1	45 1	25 1	60 1	17 1	44 1	39 1	4 1	42 1	18 1	34 1	2 1	61 1	35 1	40 1	8 1	62 1	69 1	13 1	6 1	50 1	51 1	53 1	41 1	16 1	46 1	64 1	63 1	15 1	47 1	65 1	23 1	66 1	37 1	52 1	9 1	30 1	27 1	57 1	11 1	55 1	31 1	0 1	49 1	43 1	24 1	68 1	12 1	20 1	28 1	5 1	14 1	29 1	32 1	36 1	56 1	67 1	33 1	19 1	3 1	22 1	59 1	10 1	58 1	1 1	7 1	48 1	21 1
65 1	55 1	17 1	45 1	40 1	26 1	6 1	21 1	49 1	51 1	60 1	44 1	36 1	42 1	1 1	25 1	63 1	19 1	59 1	54 1	34 1	61 1	15 1	50 1	22 1	62 1	12 1	41 1	0 1	38 1	10 1	58 1	39 1	4 1	28 1	5 1	56 1	14 1	47 1	33 1	3 1	57 1	23 1	67 1	24 1	2 1	13 1	8 1	53 1	52 1	69 1	46 1	68 1	9 1	64 1	30 1	32 1	29 1	18 1	27 1	20 1	35 1	43 1	31 1	48 1	7 1	11 1	16 1	37 1	66 1
53 1	23 1	20 1	58 1	34 1	65 1	16 1	55 1	28 1	68 1	1 1	64 1	54 1	46 1	4 1	31 1	3 1	41 1	27 1	39 1	59 1	56 1	7 1	0 1	50 1	43 1	26 1	33 1	49 1	32 1	15 1	12 1	24 1	9 1	63 1	52 1	18 1	61 1	21 1	67 1	29 1	22 1	35 1	25 1	38 1	66 1	42 1	10 1	13 1	69 1	36 1	40 1	45 1	62 1	6 1	17 1	2 1	60 1	57 1	5 1	37 1	47 1	51 1	30 1	14 1	19 1	8 1	48 1	11 1	44 1
30 1	1 1	31 1	28 1	23 1	68 1	21 1	57 1	22 1	59 1	63 1	39 1	36 1	14 1	51 1	19 1	67 1	2 1	43 1	37 1	34 1	40 1	25 1	45 1	6 1	29 1	50 1	15 1	20 1	7 1	46 1	38 1	16 1	24 1	35 1	69 1	65 1	32 1	8 1	48 1	18 1	0 1	17 1	4 1	61 1	44 1	3 1	9 1	55 1	27 1	53 1	42 1	62 1	10 1	56 1	66 1	12 1	47 1	33 1	11 1	52 1	26 1	60 1	13 1	54 1	49 1	41 1	58 1	64 1	5 1
24 1	57 1	66 1	3 1	38 1	1 1	60 1	52 1	26 1	41 1	45 1	0 1	51 1	49 1	50 1	67 1	44 1	55 1	36 1	58 1	6 1	43 1	62 1	39 1	64 1	69 1	46 1	7 1	31 1	2 1	18 1	9 1	25 1	40 1	5 1	33 1	47 1	11 1	54 1	23 1	37 1	21 1	12 1	10 1	56 1	48 1	30 1	35 1	34 1	20 1	15 1	4 1	17 1	61 1	14 1	65 1	27 1	29 1	68 1	19 1	32 1	63 1	28 1	22 1	16 1	42 1	8 1	53 1	13 1	59 1
33 1	48 1	17 1	16 1	4 1	14 1	66 1	61 1	52 1	38 1	55 1	21 1	44 1	23 1	58 1	57 1	25 1	65 1	50 1	63 1	9 1	45 1	0 1	3 1	11 1	49 1	42 1	27 1	30 1	10 1	37 1	67 1	7 1	15 1	13 1	1 1	43 1	18 1	34 1	6 1	12 1	29 1	31 1	35 1	19 1	51 1	24 1	5 1	28 1	20 1	62 1	47 1	68 1	36 1	53 1	69 1	32 1	8 1	64 1	40 1	26 1	60 1	46 1	59 1	41 1	54 1	39 1	56 1	22 1	2 1
45 1	0 1	38 1	52 1	55 1	47 1	68 1	16 1	9 1	30 1	29 1	46 1	65 1	37 1	33 1	69 1	34 1	53 1	54 1	18 1	41 1	64 1	62 1	66 1	50 1	42 1	14 1	49 1	48 1	2 1	10 1	11 1	56 1	27 1	58 1	23 1	59 1	1 1	26 1	63 1	40 1	22 1	20 1	43 1	3 1	7 1	13 1	19 1	60 1	6 1	17 1	21 1	32 1	28 1	39 1	24 1	8 1	31 1	36 1	57 1	25 1	67 1	51 1	15 1	61 1	4 1	5 1	44 1	12 1	35 1
49 1	13 1	3 1	30 1	38 1	31 1	64 1	9 1	42 1	54 1	23 1	50 1	36 1	18 1	21 1	28 1	57 1	68 1	7 1	41 1	26 1	12 1	10 1	8 1	33 1	62 1	46 1	20 1	32 1	61 1	69 1	37 1	58 1	0 1	65 1	17 1	44 1	5 1	24 1	1 1	4 1	14 1	47 1	34 1	52 1	63 1	27 1	22 1	53 1	15 1	25 1	51 1	56 1	2 1	39 1	45 1	55 1	60 1	67 1	43 1	11 1	16 1	40 1	6 1	66 1	19 1	29 1	59 1	48 1	35 1
50 1	0 1	62 1	36 1	58 1	29 1	54 1	32 1	40 1	42 1	28 1	69 1	34 1	47 1	67 1	17 1	65 1	53 1	5 1	46 1	48 1	12 1	23 1	33 1	38 1	10 1	27 1	45 1	26 1	59 1	22 1	9 1	49 1	68 1	25 1	52 1	51 1	60 1	44 1	15 1	11 1	64 1	55 1	4 1	63 1	61 1	56 1	14 1	19 1	43 1	8 1	35 1	31 1	13 1	16 1	18 1	3 1	39 1	37 1	41 1	6 1	66 1	20 1	2 1	1 1	7 1	21 1	24 1	57 1	30 1
22 1	29 1	47 1	27 1	61 1	11 1	52 1	42 1	32 1	39 1	62 1	3 1	28 1	51 1	5 1	60 1	26 1	12 1	24 1	7 1	2 1	50 1	8 1	66 1	38 1	34 1	67 1	13 1	10 1	16 1	63 1	1 1	41 1	14 1	68 1	46 1	56 1	21 1	59 1	37 1	31 1	65 1	0 1	30 1	9 1	4 1	44 1	25 1	18 1	57 1	17 1	58 1	45 1	55 1	23 1	20 1	43 1	53 1	33 1	19 1	35 1	6 1	64 1	40 1	36 1	15 1	54 1	69 1	48 1	49 1
52 1	61 1	47 1	11 1	44 1	12 1	19 1	30 1	2 1	60 1	0 1	42 1	63 1	4 1	17 1	14 1	18 1	1 1	57 1	65 1	40 1	41 1	43 1	50 1	20 1	28 1	31 1	67 1	33 1	21 1	6 1	55 1	36 1	53 1	66 1	62 1	37 1	34 1	25 1	48 1	15 1	16 1	58 1	22 1	49 1	54 1	39 1	3 1	69 1	46 1	32 1	56 1	7 1	27 1	13 1	45 1	29 1	35 1	64 1	68 1	5 1	51 1	38 1	8 1	26 1	59 1	10 1	24 1	9 1	23 1
14 1	11 1	44 1	48 1	65 1	18 1	2 1	31 1	28 1	49 1	6 1	50 1	52 1	15 1	27 1	41 1	1 1	10 1	9 1	3 1	17 1	55 1	21 1	53 1	20 1	4 1	25 1	67 1	60 1	22 1	19 1	63 1	23 1	5 1	57 1	51 1	61 1	34 1	66 1	43 1	54 1	16 1	59 1	47 1	40 1	29 1	32 1	38 1	24 1	0 1	58 1	69 1	35 1	30 1	45 1	39 1	42 1	62 1	12 1	13 1	8 1	56 1	64 1	37 1	7 1	36 1	26 1	68 1	33 1	46 1
49 1	9 1	8 1	42 1	57 1	19 1	23 1	33 1	1 1	0 1	39 1	65 1	67 1	24 1	14 1	47 1	13 1	32 1	4 1	35 1	56 1	68 1	51 1	22 1	25 1	21 1	6 1	53 1	27 1	44 1	38 1	60 1	37 1	17 1	48 1	28 1	16 1	55 1	29 1	64 1	15 1	36 1	11 1	12 1	20 1	30 1	34 1	61 1	3 1	7 1	26 1	5 1	63 1	50 1	66 1	31 1	52 1	2 1	43 1	69 1	40 1	54 1	41 1	18 1	10 1	46 1	58 1	45 1	62 1	59 1
40 1	18 1	30 1	23 1	16 1	58 1	64 1	56 1	26 1	50 1	43 1	21 1	65 1	17 1	22 1	27 1	45 1	67 1	1 1	37 1	38 1	41 1	15 1	48 1	54 1	12 1	35 1	7 1	5 1	68 1	33 1	2 1	20 1	47 1	51 1	13 1	10 1	9 1	53 1	32 1	52 1	6 1	0 1	57 1	63 1	69 1	3 1	44 1	19 1	25 1	24 1	55 1	59 1	60 1	11 1	31 1	29 1	42 1	61 1	62 1	14 1	49 1	8 1	36 1	39 1	46 1	34 1	28 1	4 1	66 1
8 1	47 1	57 1	1 1	46 1	23 1	67 1	27 1	64 1	22 1	12 1	32 1	16 1	14 1	58 1	28 1	40 1	18 1	42 1	3 1	59 1	30 1	52 1	31 1	38 1	48 1	15 1	33 1	21 1	66 1	45 1	17 1	56 1	63 1	55 1	4 1	20 1	0 1	6 1	43 1	54 1	65 1	69 1	68 1	61 1	60 1	9 1	7 1	44 1	26 1	41 1	37 1	24 1	34 1	50 1	10 1	51 1	62 1	13 1	2 1	5 1	36 1	35 1	11 1	19 1	25 1	53 1	29 1	39 1	49 1
15 1	42 1	51 1	63 1	28 1	52 1	53 1	16 1	45 1	41 1	27 1	23 1	47 1	59 1	24 1	39 1	14 1	58 1	9 1	55 1	40 1	65 1	7 1	30 1	49 1	2 1	21 1	62 1	34 1	36 1	10 1	29 1	43 1	26 1	6 1	19 1	44 1	31 1	32 1	50 1	17 1	61 1	68 1	57 1	25 1	38 1	48 1	3 1	5 1	69 1	37 1	35 1	46 1	33 1	64 1	54 1	18 1	66 1	22 1	11 1	4 1	20 1	56 1	67 1	0 1	13 1	12 1	60 1	8 1	1 1
15 1	16 1	1 1	8 1	6 1	60 1	2 1	13 1	69 1	10 1	32 1	28 1	44 1	21 1	9 1	14 1	22 1	50 1	46 1	48 1	58 1	20 1	17 1	61 1	57 1	11 1	59 1	39 1	25 1	42 1	34 1	43 1	67 1	0 1	4 1	63 1	37 1	18 1	30 1	65 1	45 1	56 1	24 1	35 1	68 1	38 1	62 1	41 1	55 1	40 1	7 1	33 1	49 1	54 1	29 1	36 1	19 1	27 1	51 1	26 1	64 1	31 1	66 1	47 1	23 1	53 1	12 1	5 1	52 1	3 1
46 1	1 1	53 1	21 1	45 1	63 1	0 1	2 1	44 1	43 1	59 1	12 1	13 1	10 1	65 1	20 1	14 1	24 1	61 1	51 1	31 1	19 1	33 1	54 1	17 1	56 1	68 1	48 1	35 1	60 1	50 1	30 1	8 1	58 1	28 1	25 1	64 1	49 1	40 1	39 1	22 1	23 1	16 1	3 1	4 1	52 1	37 1	42 1	36 1	26 1	69 1	32 1	29 1	11 1	18 1	62 1	57 1	7 1	41 1	38 1	67 1	27 1	9 1	5 1	34 1	66 1	15 1	6 1	47 1	55 1
60 1	54 1	40 1	5 1	52 1	33 1	37 1	28 1	69 1	39 1	8 1	31 1	53 1	22 1	64 1	3 1	56 1	1 1	6 1	25 1	45 1	27 1	66 1	61 1	23 1	30 1	36 1	62 1	42 1	48 1	20 1	26 1	41 1	29 1	2 1	46 1	14 1	50 1	67 1	38 1	21 1	35 1	19 1	0 1	68 1	4 1	65 1	9 1	55 1	16 1	34 1	32 1	11 1	47 1	49 1	10 1	15 1	12 1	51 1	59 1	24 1	17 1	44 1	7 1	18 1	63 1	13 1	43 1	57 1	58 1
61 1	1 1	34 1	11 1	21 1	29 1	59 1	43 1	55 1	38 1	56 1	7 1	8 1	14 1	63 1	41 1	53 1	24 1	17 1	5 1	9 1	60 1	36 1	6 1	54 1	39 1	68 1	44 1	10 1	31 1	15 1	50 1	4 1	22 1	57 1	52 1	20 1	40 1	13 1	19 1	58 1	25 1	2 1	49 1	47 1	12 1	18 1	66 1	35 1	32 1	26 1	0 1	42 1	48 1	45 1	30 1	33 1	69 1	65 1	27 1	51 1	64 1	37 1	28 1	62 1	67 1	3 1	23 1	46 1	16 1
65 1	21 1	49 1	28 1	40 1	68 1	16 1	23 1	33 1	45 1	48 1	38 1	22 1	42 1	6 1	25 1	34 1	9 1	27 1	24 1	50 1	12 1	59 1	5 1	7 1	52 1	47 1	53 1	26 1	2 1	55 1	63 1	11 1	31 1	32 1	57 1	20 1	69 1	51 1	10 1	61 1	1 1	66 1	18 1	60 1	4 1	36 1	0 1	15 1	39 1	35 1	14 1	56 1	19 1	41 1	3 1	44 1	46 1	62 1	13 1	8 1	54 1	58 1	64 1	37 1	43 1	67 1	30 1	29 1	17 1
13 1	60 1	18 1	50 1	0 1	27 1	45 1	46 1	39 1	64 1	44 1	8 1	63 1	29 1	69 1	16 1	26 1	9 1	56 1	1 1	20 1	6 1	62 1	67 1	66 1	48 1	51 1	31 1	58 1	15 1	33 1	54 1	53 1	57 1	28 1	65 1	7 1	5 1	41 1	2 1	3 1	59 1	25 1	17 1	40 1	52 1	49 1	61 1	23 1	32 1	35 1	55 1	14 1	34 1	68 1	21 1	37 1	36 1	43 1	19 1	38 1	11 1	10 1	42 1	30 1	47 1	12 1	4 1	22 1	24 1
39 1	22 1	23 1	6 1	52 1	25 1	41 1	43 1	31 1	12 1	56 1	37 1	40 1	58 1	61 1	46 1	36 1	1 1	9 1	57 1	29 1	53 1	10 1	34 1	17 1	64 1	3 1	7 1	28 1	16 1	32 1	20 1	38 1	13 1	47 1	62 1	49 1	26 1	42 1	8 1	66 1	30 1	63 1	44 1	18 1	69 1	50 1	21 1	0 1	51 1	15 1	59 1	27 1	24 1	45 1	14 1	11 1	54 1	19 1	5 1	33 1	68 1	60 1	4 1	48 1	2 1	35 1	65 1	55 1	67 1
39 1	48 1	26 1	31 1	60 1	13 1	68 1	58 1	5 1	22 1	27 1	29 1	67 1	37 1	6 1	66 1	43 1	49 1	46 1	10 1	24 1	11 1	3 1	7 1	45 1	9 1	2 1	57 1	20 1	15 1	54 1	21 1	41 1	53 1	8 1	18 1	19 1	28 1	23 1	42 1	62 1	1 1	12 1	59 1	64 1	33 1	51 1	14 1	65 1	55 1	52 1	63 1	44 1	50 1	47 1	40 1	36 1	69 1	25 1	17 1	32 1	61 1	16 1	35 1	4 1	30 1	38 1	0 1	56 1	34 1
45 1	64 1	69 1	17 1	26 1	42 1	47 1	37 1	0 1	61 1	3 1	30 1	40 1	48 1	59 1	52 1	1 1	21 1	8 1	41 1	49 1	11 1	54 1	33 1	53 1	55 1	29 1	13 1	66 1	7 1	14 1	15 1	39 1	35 1	31 1	6 1	60 1	19 1	65 1	25 1	46 1	24 1	22 1	44 1	50 1	9 1	16 1	58 1	5 1	18 1	12 1	62 1	10 1	38 1	36 1	23 1	27 1	4 1	2 1	57 1	51 1	56 1	43 1	63 1	20 1	68 1	32 1	28 1	67 1	34 1
25 1	68 1	18 1	67 1	62 1	5 1	56 1	69 1	65 1	20 1	27 1	36 1	34 1	45 1	7 1	24 1	60 1	8 1	23 1	29 1	63 1	26 1	10 1	31 1	1 1	2 1	38 1	40 1	57 1	58 1	43 1	16 1	32 1	61 1	0 1	12 1	44 1	21 1	13 1	30 1	17 1	6 1	59 1	39 1	52 1	37 1	49 1	53 1	64 1	14 1	28 1	22 1	15 1	55 1	19 1	9 1	46 1	48 1	54 1	4 1	41 1	47 1	35 1	66 1	51 1	50 1	42 1	3 1	11 1	33 1
48 1	20 1	13 1	28 1	29 1	21 1	27 1	16 1	11 1	31 1	62 1	23 1	43 1	10 1	47 1	39 1	69 1	6 1	17 1	35 1	9 1	26 1	15 1	57 1	59 1	1 1	58 1	49 1	40 1	64 1	53 1	55 1	60 1	12 1	44 1	7 1	36 1	5 1	46 1	32 1	50 1	24 1	45 1	0 1	37 1	3 1	18 1	61 1	30 1	42 1	56 1	51 1	19 1	22 1	67 1	63 1	34 1	8 1	54 1	66 1	4 1	25 1	68 1	14 1	52 1	38 1	2 1	41 1	65 1	33 1
65 1	2 1	3 1	1 1	38 1	0 1	13 1	31 1	26 1	58 1	30 1	33 1	46 1	37 1	8 1	69 1	56 1	57 1	39 1	29 1	53 1	60 1	15 1	32 1	25 1	11 1	64 1	22 1	63 1	45 1	54 1	68 1	44 1	35 1	67 1	51 1	40 1	42 1	12 1	16 1	14 1	61 1	19 1	55 1	28 1	6 1	4 1	17 1	43 1	10 1	41 1	52 1	24 1	21 1	48 1	59 1	62 1	23 1	5 1	34 1	9 1	27 1	18 1	66 1	47 1	36 1	49 1	20 1	7 1	50 1
35 1	50 1	25 1	34 1	9 1	32 1	27 1	0 1	64 1	19 1	52 1	15 1	67 1	60 1	56 1	65 1	29 1	30 1	51 1	44 1	3 1	48 1	42 1	38 1	58 1	39 1	16 1	14 1	49 1	4 1	23 1	13 1	62 1	63 1	45 1	18 1	53 1	54 1	26 1	59 1	41 1	36 1	31 1	69 1	6 1	2 1	21 1	57 1	5 1	43 1	33 1	22 1	1 1	55 1	17 1	68 1	7 1	46 1	47 1	11 1	12 1	24 1	28 1	20 1	61 1	66 1	40 1	8 1	10 1	37 1
29 1	28 1	16 1	11 1	17 1	56 1	59 1	0 1	67 1	66 1	36 1	18 1	60 1	37 1	61 1	8 1	23 1	19 1	44 1	53 1	5 1	42 1	38 1	63 1	43 1	13 1	10 1	34 1	64 1	55 1	47 1	12 1	7 1	21 1	33 1	32 1	3 1	49 1	35 1	39 1	41 1	4 1	50 1	69 1	51 1	2 1	62 1	26 1	27 1	1 1	24 1	40 1	58 1	9 1	14 1	31 1	6 1	25 1	65 1	45 1	30 1	22 1	15 1	54 1	20 1	48 1	52 1	46 1	68 1	57 1
6 1	32 1	50 1	56 1	23 1	9 1	60 1	4 1	3 1	12 1	29 1	45 1	34 1	36 1	11 1	64 1	20 1	54 1	15 1	18 1	21 1	1 1	39 1	31 1	49 1	37 1	14 1	16 1	57 1	17 1	61 1	40 1	5 1	66 1	7 1	63 1	24 1	41 1	22 1	58 1	67 1	10 1	30 1	43 1	28 1	55 1	68 1	65 1	0 1	26 1	48 1	51 1	35 1	52 1	53 1	25 1	62 1	19 1	13 1	8 1	46 1	27 1	38 1	69 1	2 1	33 1	44 1	42 1	47 1	59 1
25 1	44 1	49 1	26 1	23 1	0 1	56 1	8 1	45 1	53 1	38 1	22 1	31 1	18 1	35 1	33 1	64 1	65 1	67 1	40 1	17 1	50 1	16 1	28 1	36 1	58 1	55 1	7 1	52 1	27 1	30 1	47 1	42 1	14 1	12 1	69 1	6 1	15 1	4 1	32 1	57 1	66 1	10 1	24 1	59 1	2 1	1 1	13 1	39 1	63 1	21 1	34 1	37 1	9 1	43 1	3 1	62 1	46 1	5 1	68 1	48 1	41 1	29 1	20 1	60 1	51 1	11 1	61 1	54 1	19 1
26 1	66 1	32 1	49 1	40 1	28 1	12 1	54 1	52 1	43 1	27 1	47 1	21 1	1 1	46 1	3 1	62 1	16 1	4 1	41 1	8 1	35 1	17 1	63 1	56 1	45 1	59 1	39 1	67 1	48 1	24 1	69 1	13 1	30 1	38 1	9 1	11 1	20 1	29 1	68 1	14 1	57 1	34 1	55 1	53 1	58 1	22 1	44 1	50 1	42 1	0 1	31 1	60 1	19 1	18 1	65 1	25 1	61 1	36 1	64 1	51 1	33 1	37 1	7 1	10 1	23 1	15 1	2 1	5 1	6 1
60 1	63 1	36 1	37 1	45 1	9 1	68 1	8 1	15 1	33 1	64 1	59 1	39 1	21 1	24 1	4 1	12 1	23 1	47 1	27 1	2 1	11 1	48 1	49 1	6 1	38 1	17 1	66 1	40 1	25 1	69 1	28 1	31 1	26 1	29 1	19 1	42 1	22 1	10 1	52 1	65 1	14 1	46 1	35 1	67 1	56 1	13 1	57 1	61 1	54 1	18 1	0 1	55 1	41 1	58 1	16 1	62 1	50 1	1 1	51 1	30 1	7 1	53 1	3 1	34 1	44 1	5 1	32 1	43 1	20 1
8 1	21 1	43 1	51 1	0 1	10 1	40 1	58 1	1 1	39 1	24 1	6 1	5 1	46 1	55 1	37 1	4 1	65 1	47 1	13 1	29 1	14 1	62 1	33 1	34 1	7 1	45 1	68 1	27 1	52 1	53 1	17 1	36 1	50 1	59 1	22 1	11 1	25 1	49 1	3 1	44 1	61 1	67 1	63 1	20 1	15 1	48 1	60 1	30 1	56 1	23 1	12 1	32 1	26 1	18 1	42 1	9 1	41 1	16 1	38 1	54 1	28 1	66 1	57 1	2 1	31 1	19 1	35 1	64 1	69 1
69 1	54 1	49 1	48 1	35 1	36 1	32 1	50 1	61 1	3 1	17 1	8 1	33 1	44 1	24 1	62 1	43 1	4 1	19 1	52 1	51 1	23 1	1 1	13 1	28 1	55 1	6 1	5 1	26 1	22 1	57 1	29 1	66 1	37 1	60 1	41 1	68 1	42 1	18 1	30 1	45 1	12 1	27 1	31 1	2 1	56 1	59 1	9 1	14 1	64 1	58 1	34 1	25 1	21 1	0 1	16 1	11 1	67 1	65 1	10 1	53 1	40 1	47 1	39 1	15 1	63 1	20 1	46 1	38 1	7 1
9 1	63 1	4 1	8 1	55 1	13 1	59 1	34 1	18 1	50 1	15 1	58 1	10 1	42 1	35 1	2 1	60 1	57 1	16 1	54 1	64 1	25 1	11 1	65 1	28 1	19 1	31 1	32 1	22 1	53 1	23 1	39 1	51 1	37 1	1 1	24 1	3 1	33 1	5 1	0 1	17 1	12 1	6 1	52 1	30 1	41 1	67 1	44 1	14 1	38 1	47 1	21 1	62 1	56 1	36 1	43 1	49 1	66 1	68 1	29 1	45 1	40 1	20 1	27 1	7 1	48 1	26 1	69 1	46 1	61 1
43 1	11 1	62 1	39 1	13 1	46 1	65 1	17 1	29 1	63 1	15 1	8 1	19 1	55 1	61 1	4 1	67 1	48 1	24 1	44 1	66 1	9 1	56 1	35 1	54 1	38 1	40 1	68 1	52 1	47 1	32 1	34 1	42 1	18 1	5 1	0 1	64 1	10 1	7 1	57 1	20 1	28 1	26 1	58 1	49 1	25 1	53 1	1 1	12 1	33 1	60 1	37 1	23 1	59 1	27 1	21 1	50 1	36 1	16 1	41 1	14 1	31 1	6 1	30 1	51 1	3 1	2 1	69 1	22 1	45 1
10 1	51 1	11 1	27 1	42 1	6 1	44 1	32 1	56 1	62 1	2 1	29 1	38 1	20 1	24 1	63 1	35 1	19 1	18 1	26 1	23 1	13 1	0 1	67 1	60 1	25 1	9 1	33 1	59 1	46 1	40 1	69 1	41 1	34 1	66 1	50 1	61 1	54 1	7 1	3 1	58 1	1 1	16 1	45 1	36 1	4 1	52 1	65 1	8 1	12 1	17 1	31 1	14 1	39 1	53 1	15 1	28 1	49 1	5 1	43 1	57 1	68 1	30 1	22 1	47 1	55 1	48 1	21 1	37 1	64 1
51 1	48 1	20 1	65 1	38 1	17 1	50 1	49 1	15 1	8 1	7 1	66 1	64 1	61 1	4 1	59 1	37 1	39 1	62 1	19 1	28 1	21 1	25 1	63 1	9 1	41 1	24 1	57 1	32 1	11 1	45 1	34 1	52 1	10 1	16 1	33 1	47 1	68 1	3 1	0 1	43 1	26 1	58 1	53 1	69 1	60 1	36 1	55 1	30 1	2 1	14 1	40 1	12 1	13 1	27 1	31 1	6 1	44 1	46 1	56 1	35 1	18 1	22 1	54 1	67 1	29 1	5 1	23 1	1 1	42 1
0 1	37 1	54 1	32 1	34 1	36 1	48 1	33 1	23 1	56 1	67 1	45 1	63 1	69 1	38 1	22 1	13 1	60 1	47 1	5 1	62 1	41 1	51 1	1 1	52 1	58 1	68 1	29 1	50 1	21 1	57 1	14 1	26 1	20 1	3 1	35 1	25 1	66 1	46 1	16 1	9 1	10 1	39 1	59 1	19 1	2 1	27 1	64 1	11 1	61 1	6 1	49 1	18 1	31 1	12 1	8 1	7 1	43 1	65 1	44 1	40 1	17 1	53 1	42 1	15 1	4 1	24 1	28 1	55 1	30 1
5 1	52 1	48 1	61 1	65 1	44 1	58 1	46 1	3 1	68 1	0 1	24 1	63 1	51 1	33 1	18 1	1 1	59 1	50 1	47 1	55 1	13 1	2 1	19 1	20 1	29 1	27 1	8 1	17 1	6 1	62 1	54 1	10 1	66 1	7 1	21 1	34 1	41 1	49 1	9 1	45 1	37 1	35 1	4 1	12 1	42 1	57 1	43 1	40 1	56 1	64 1	60 1	53 1	31 1	23 1	22 1	28 1	26 1	15 1	32 1	38 1	30 1	16 1	69 1	14 1	36 1	25 1	67 1	39 1	11 1
15 1	2 1	38 1	37 1	64 1	16 1	14 1	23 1	12 1	35 1	60 1	5 1	66 1	58 1	7 1	25 1	8 1	40 1	29 1	51 1	32 1	49 1	26 1	47 1	9 1	63 1	13 1	28 1	45 1	6 1	36 1	20 1	42 1	19 1	67 1	65 1	55 1	53 1	41 1	24 1	31 1	46 1	30 1	11 1	50 1	52 1	56 1	54 1	34 1	22 1	69 1	17 1	61 1	39 1	43 1	68 1	0 1	62 1	44 1	18 1	1 1	21 1	27 1	4 1	57 1	3 1	59 1	33 1	48 1	10 1
28 1	32 1	2 1	69 1	68 1	33 1	4 1	29 1	13 1	15 1	17 1	9 1	11 1	63 1	35 1	20 1	52 1	31 1	21 1	51 1	49 1	41 1	42 1	62 1	24 1	1 1	48 1	61 1	40 1	14 1	66 1	19 1	58 1	47 1	6 1	16 1	43 1	10 1	57 1	18 1	0 1	46 1	53 1	22 1	44 1	39 1	5 1	7 1	54 1	23 1	36 1	26 1	65 1	67 1	30 1	60 1	55 1	27 1	3 1	64 1	25 1	38 1	59 1	45 1	34 1	37 1	12 1	50 1	56 1	8 1
30 1	13 1	47 1	59 1	29 1	56 1	51 1	0 1	49 1	53 1	57 1	46 1	61 1	38 1	10 1	28 1	41 1	18 1	24 1	33 1	35 1	36 1	9 1	32 1	39 1	43 1	37 1	27 1	23 1	15 1	34 1	6 1	31 1	68 1	60 1	62 1	65 1	16 1	20 1	11 1	52 1	40 1	12 1	58 1	42 1	26 1	17 1	67 1	22 1	5 1	44 1	21 1	4 1	63 1	7 1	45 1	8 1	14 1	66 1	54 1	50 1	48 1	3 1	19 1	1 1	25 1	55 1	2 1	64 1	69 1
21 1	47 1	35 1	36 1	65 1	17 1	40 1	19 1	7 1	50 1	34 1	1 1	60 1	0 1	18 1	55 1	23 1	24 1	11 1	68 1	38 1	20 1	4 1	69 1	3 1	67 1	54 1	26 1	59 1	10 1	42 1	33 1	6 1	8 1	37 1	14 1	58 1	2 1	28 1	66 1	13 1	15 1	41 1	9 1	63 1	45 1	39 1	62 1	32 1	56 1	22 1	46 1	61 1	51 1	12 1	48 1	5 1	25 1	44 1	52 1	29 1	16 1	64 1	27 1	57 1	31 1	43 1	53 1	30 1	49 1
29 1	18 1	48 1	42 1	6 1	61 1	24 1	11 1	26 1	66 1	68 1	1 1	23 1	0 1	16 1	13 1	63 1	19 1	36 1	2 1	47 1	25 1	57 1	56 1	60 1	69 1	38 1	32 1	10 1	43 1	59 1	4 1	7 1	34 1	64 1	58 1	54 1	39 1	17 1	62 1	46 1	22 1	3 1	67 1	65 1	40 1	55 1	15 1	5 1	31 1	27 1	52 1	50 1	30 1	44 1	37 1	8 1	20 1	49 1	51 1	9 1	14 1	45 1	33 1	35 1	21 1	28 1	41 1	12 1	53 1
