15	30
24 1	23 1	9 1	6 1	15 1	18 1	20 1	8 1	0 1	11 1	5 1	27 1	4 1	12 1	14 1	25 1	16 1	29 1	17 1	1 1	7 1	13 1	22 1	28 1	21 1	10 1	2 1	26 1	3 1	19 1
29 1	6 1	4 1	23 1	27 1	24 1	15 1	0 1	26 1	17 1	14 1	5 1	7 1	20 1	12 1	19 1	28 1	11 1	25 1	10 1	13 1	1 1	2 1	22 1	16 1	18 1	8 1	9 1	21 1	3 1
17 1	29 1	18 1	8 1	23 1	28 1	12 1	20 1	3 1	1 1	19 1	6 1	24 1	10 1	27 1	14 1	5 1	22 1	2 1	21 1	26 1	7 1	16 1	13 1	0 1	11 1	4 1	15 1	9 1	25 1
26 1	4 1	11 1	27 1	15 1	17 1	9 1	25 1	23 1	6 1	29 1	7 1	18 1	8 1	28 1	0 1	12 1	13 1	24 1	5 1	14 1	22 1	19 1	21 1	10 1	16 1	3 1	20 1	1 1	2 1
17 1	29 1	24 1	3 1	27 1	2 1	22 1	8 1	7 1	11 1	25 1	28 1	10 1	23 1	15 1	18 1	16 1	14 1	12 1	9 1	13 1	26 1	20 1	21 1	6 1	19 1	4 1	0 1	1 1	5 1
16 1	29 1	11 1	1 1	17 1	10 1	3 1	24 1	25 1	22 1	18 1	8 1	27 1	2 1	7 1	4 1	0 1	20 1	5 1	14 1	26 1	21 1	23 1	28 1	15 1	9 1	6 1	12 1	19 1	13 1
20 1	19 1	6 1	29 1	27 1	3 1	0 1	26 1	12 1	22 1	15 1	18 1	2 1	28 1	13 1	24 1	16 1	9 1	4 1	8 1	10 1	21 1	7 1	23 1	5 1	11 1	25 1	1 1	17 1	14 1
4 1	26 1	24 1	6 1	16 1	27 1	3 1	14 1	23 1	12 1	8 1	10 1	15 1	21 1	0 1	28 1	18 1	1 1	11 1	2 1	20 1	5 1	19 1	13 1	29 1	22 1	25 1	7 1	17 1	9 1
14 1	24 1	17 1	0 1	11 1	6 1	18 1	10 1	15 1	2 1	19 1	26 1	4 1	29 1	27 1	16 1	8 1	28 1	25 1	22 1	9 1	12 1	5 1	23 1	21 1	1 1	7 1	20 1	3 1	13 1
23 1	29 1	19 1	6 1	9 1	13 1	26 1	12 1	4 1	27 1	14 1	11 1	1 1	25 1	17 1	7 1	0 1	28 1	16 1	3 1	2 1	22 1	5 1	10 1	15 1	24 1	8 1	21 1	20 1	18 1
12 1	17 1	4 1	25 1	1 1	6 1	21 1	2 1	14 1	27 1	16 1	11 1	9 1	24 1	23 1	13 1	19 1	3 1	15 1	18 1	5 1	29 1	20 1	22 1	26 1	0 1	8 1	7 1	10 1	28 1
0 1	21 1	7 1	11 1	18 1	3 1	27 1	8 1	24 1	1 1	20 1	5 1	29 1	19 1	13 1	25 1	26 1	12 1	22 1	23 1	9 1	28 1	16 1	10 1	14 1	4 1	17 1	2 1	6 1	15 1
7 1	15 1	24 1	0 1	29 1	28 1	21 1	12 1	5 1	1 1	18 1	13 1	8 1	23 1	6 1	27 1	25 1	2 1	17 1	16 1	22 1	10 1	20 1	9 1	4 1	26 1	3 1	11 1	19 1	14 1
18 1	2 1	7 1	6 1	29 1	12 1	28 1	1 1	9 1	8 1	0 1	23 1	5 1	3 1	14 1	13 1	10 1	24 1	20 1	27 1	11 1	17 1	15 1	25 1	16 1	26 1	22 1	19 1	4 1	21 1
0 1	10 1	15 1	28 1	12 1	2 1	24 1	3 1	26 1	20 1	23 1	19 1	8 1	7 1	17 1	4 1	9 1	13 1	14 1	29 1	21 1	25 1	1 1	6 1	11 1	22 1	18 1	5 1	16 1	27 1
