15	70
44 89	66 56	30 46	67 85	6 10	60 29	32 5	50 98	37 85	26 74	1 86	31 92	33 3	0 68	11 59	40 55	23 93	43 33	12 5	58 28	61 22	14 4	27 3	4 37	28 73	57 92	48 28	7 56	25 40	21 94	39 48	18 38	56 81	45 14	62 26	19 52	8 42	65 71	55 53	51 31	15 91	13 80	9 53	20 39	5 93	29 10	17 20	16 15	63 15	35 26	38 6	54 65	68 28	46 58	41 59	34 1	24 33	69 44	3 94	2 70	22 92	49 10	42 86	64 19	52 67	47 63	59 71	53 53	10 56	36 76
2 23	31 20	51 4	39 77	11 71	38 9	33 7	47 13	8 62	10 87	54 99	36 34	16 13	61 96	56 80	42 55	24 70	25 20	50 75	7 32	57 82	52 34	49 34	37 30	26 35	32 74	6 86	1 31	22 36	68 98	17 12	4 27	45 76	35 70	48 84	13 37	23 59	41 13	28 29	64 92	60 38	40 47	55 17	63 26	9 62	14 91	43 21	67 11	66 38	46 49	21 42	30 11	20 49	0 16	18 17	29 86	27 87	19 79	65 22	69 51	34 23	3 28	15 76	59 24	12 46	44 35	5 82	53 41	62 14	58 11
69 62	7 58	55 12	33 79	26 4	21 44	12 23	3 70	44 56	1 9	35 29	20 60	52 80	13 75	31 72	41 91	29 94	64 38	34 25	5 9	28 34	37 83	45 17	47 48	10 77	62 98	48 54	24 84	4 19	65 36	60 13	39 88	18 68	43 54	25 97	36 85	59 60	51 40	9 81	61 50	56 31	0 23	32 25	19 65	23 98	46 32	49 64	42 88	66 29	40 35	57 78	17 92	30 99	67 66	53 88	54 92	14 82	63 39	50 83	22 59	2 29	6 15	58 69	8 37	16 75	68 87	11 57	27 27	15 14	38 2
8 85	37 5	29 62	66 93	36 95	64 17	34 7	3 35	65 67	61 16	0 96	58 26	60 12	67 36	2 17	24 15	56 85	35 94	59 92	11 52	42 51	50 70	55 70	62 46	52 79	5 92	22 46	4 95	30 90	12 98	13 48	27 36	54 48	45 47	68 78	10 48	31 73	63 35	17 72	21 11	19 51	33 99	7 54	69 80	41 79	1 93	23 18	40 21	26 61	48 91	32 59	14 44	53 62	25 85	16 47	43 53	51 17	39 42	20 3	18 65	57 82	46 17	6 67	47 88	28 32	49 11	38 18	44 1	15 93	9 98
39 32	34 15	53 76	60 22	58 59	11 68	52 52	51 78	13 4	54 68	68 37	63 85	27 12	25 7	18 25	28 69	8 48	29 19	4 37	49 98	47 33	50 86	69 92	67 53	35 12	19 42	24 99	26 27	46 93	40 33	30 66	56 42	44 21	15 58	45 37	21 13	5 17	17 37	12 6	48 15	2 74	55 96	6 40	31 20	32 19	36 55	61 87	10 1	16 51	37 21	1 29	57 90	7 2	20 24	66 61	33 52	22 84	9 44	23 37	65 60	42 74	62 66	43 34	38 15	0 14	41 6	14 27	64 85	3 48	59 63
59 63	25 31	51 54	30 40	22 80	21 84	64 90	54 52	0 73	34 21	10 11	45 43	24 39	26 13	39 21	4 93	44 85	65 21	7 69	28 81	12 70	33 51	1 29	67 95	62 69	8 16	3 73	46 2	5 83	68 27	58 67	38 30	36 20	57 90	37 45	43 25	9 83	29 62	66 19	56 96	41 52	63 33	47 21	16 73	31 89	15 4	69 35	20 32	53 14	49 6	23 84	13 33	18 93	2 12	27 44	17 27	40 22	32 58	61 87	52 81	11 9	14 36	19 88	55 45	35 18	48 82	60 44	6 73	42 3	50 6
36 51	43 21	5 36	68 49	0 69	33 3	4 10	50 16	63 2	49 49	53 61	21 92	11 79	46 30	10 54	48 79	16 7	26 99	23 29	64 63	2 23	66 25	44 45	38 72	1 23	8 33	55 11	6 71	14 4	20 52	58 37	67 80	34 12	65 32	57 93	45 6	37 94	56 74	39 30	47 14	24 9	40 77	13 16	27 24	31 76	41 49	42 90	52 44	17 77	15 48	69 28	29 40	54 12	62 5	28 55	12 15	60 97	30 50	59 25	32 13	19 52	9 46	51 47	18 47	22 75	7 95	61 21	3 66	25 82	35 22
66 37	19 94	64 40	47 92	51 61	17 7	45 42	7 53	61 13	32 56	38 37	53 44	1 35	50 28	69 77	4 38	11 56	22 43	12 62	58 59	29 31	25 39	31 79	65 80	5 83	30 21	8 45	39 85	24 64	13 64	26 89	59 31	56 50	3 29	2 33	43 32	46 47	36 15	20 20	27 32	6 79	9 98	14 69	18 54	52 75	48 12	10 11	60 81	37 31	57 81	49 41	63 88	15 27	41 42	44 39	23 29	55 89	0 4	54 35	67 98	68 58	21 68	28 15	42 81	33 16	34 28	16 34	62 13	40 92	35 30
46 78	8 16	38 15	9 65	6 87	42 41	56 99	7 89	65 48	16 69	29 94	66 18	44 42	11 89	52 79	25 34	35 73	2 34	36 94	1 48	14 7	34 84	28 40	39 13	49 73	63 89	55 25	60 41	50 97	18 30	41 71	5 84	67 49	51 31	69 86	62 51	4 78	32 23	19 44	53 92	13 34	20 39	33 68	31 28	57 10	37 89	43 44	47 93	58 82	22 95	15 99	21 30	64 56	27 21	10 35	12 76	30 56	3 75	54 80	68 77	26 73	59 76	24 86	61 50	0 28	48 71	17 10	40 97	23 75	45 4
25 83	50 55	38 25	48 53	32 77	29 53	63 3	44 98	59 59	16 27	57 66	62 87	45 89	36 93	3 8	15 50	52 57	39 65	20 73	7 33	37 2	69 3	55 69	35 91	60 76	18 97	54 84	1 65	24 33	43 27	41 58	6 35	26 79	68 82	64 61	66 68	67 37	40 73	61 78	31 1	53 84	49 41	56 38	10 37	2 30	46 81	13 73	33 45	28 38	51 21	58 6	5 78	12 27	14 12	34 96	8 52	23 60	27 47	21 72	19 38	0 38	42 74	65 45	9 8	22 98	17 49	4 55	30 88	11 12	47 47
21 5	26 47	45 75	69 93	64 3	2 78	41 76	40 36	23 61	16 3	18 4	55 42	48 16	53 9	46 85	34 12	65 47	35 39	13 6	44 98	20 77	24 29	9 42	0 77	27 36	60 68	4 4	47 71	3 84	62 76	67 82	19 67	39 45	61 11	38 21	56 59	29 74	57 31	30 18	52 2	7 5	58 5	49 98	32 22	43 65	66 31	6 38	33 74	15 15	8 71	37 13	68 73	59 90	14 56	63 73	42 37	54 88	25 62	10 86	12 69	22 23	36 71	5 81	51 75	17 78	28 13	1 40	31 95	11 17	50 34
14 76	3 78	65 86	24 99	28 5	39 14	33 25	31 58	37 34	1 50	44 92	20 7	35 40	7 26	53 54	62 30	17 82	5 27	26 29	0 42	29 6	61 4	55 69	23 3	19 93	4 5	69 59	18 16	11 70	38 11	67 80	43 4	6 53	64 50	60 32	66 92	63 82	34 94	45 89	10 34	13 58	32 6	9 68	25 37	46 85	58 41	15 91	49 59	59 62	50 73	8 72	42 27	27 56	47 12	21 74	2 36	48 41	30 35	57 64	16 79	54 39	52 10	40 78	68 1	22 21	12 30	51 11	36 32	41 97	56 45
17 35	52 14	61 43	11 56	50 40	45 98	15 89	37 68	21 81	56 9	18 64	8 51	27 38	30 31	65 2	40 55	54 50	25 44	47 74	34 64	51 87	39 49	53 78	36 31	19 49	16 51	62 38	64 23	42 90	66 43	7 9	44 14	63 37	4 31	13 79	33 39	48 50	67 90	22 43	59 61	69 53	58 21	38 73	32 46	12 49	3 98	9 24	28 98	6 32	31 74	46 92	14 12	23 31	2 5	43 1	49 14	5 88	55 31	20 45	57 45	60 42	41 41	10 48	26 19	29 3	0 37	68 20	1 82	35 13	24 30
23 97	41 94	36 14	62 46	12 97	10 92	35 50	68 52	59 94	1 19	34 28	25 6	50 29	14 65	54 60	46 30	69 57	0 12	37 27	13 82	2 54	18 69	32 1	24 85	45 73	43 54	9 99	52 28	51 85	49 80	53 61	57 53	28 83	39 71	65 43	20 3	64 88	38 79	40 82	47 15	16 95	66 27	6 88	17 26	42 3	56 15	21 53	33 92	58 2	29 18	30 70	8 56	11 4	3 95	22 22	15 24	61 85	7 61	19 91	31 97	27 25	26 85	48 63	63 41	5 81	55 5	67 21	4 74	60 76	44 92
5 91	13 25	24 34	31 51	51 31	17 81	68 19	53 33	48 75	23 15	29 24	20 36	11 41	12 38	44 60	21 55	33 57	59 86	41 18	15 45	46 36	18 29	55 95	60 27	28 12	49 37	35 14	50 99	9 55	26 13	69 62	7 66	38 56	65 13	27 57	40 74	1 18	8 40	66 77	56 72	3 1	14 40	45 86	30 15	4 48	2 21	34 3	32 98	22 40	16 62	57 55	67 36	61 32	36 85	64 34	63 76	25 20	54 17	62 17	37 18	43 7	58 33	19 95	10 10	6 36	39 75	42 53	0 33	52 81	47 8
