70	80
34 15	11 70	44 42	39 20	57 32	47 28	23 95	46 40	4 21	52 2	14 38	18 72	6 70	51 8	3 17	62 62	25 88	30 72	75 17	68 43	77 38	36 82	49 82	64 43	56 37	73 66	67 31	21 96	50 1	13 69	59 69	27 76	32 28	72 73	42 63	76 21	70 91	15 51	58 90	78 33	37 37	69 6	26 85	61 17	38 36	63 70	60 6	5 25	41 11	16 85	66 21	22 52	9 6	65 53	43 79	79 56	45 27	10 49	12 35	17 40	74 91	29 15	19 87	54 69	20 78	2 59	55 75	53 35	24 41	28 86	8 58	71 16	0 72	7 44	1 5	40 29	35 48	48 79	31 76	33 82
67 18	60 99	16 97	42 40	23 14	57 2	50 49	18 13	43 85	33 27	46 49	59 6	62 47	75 78	44 78	78 14	29 10	27 94	76 9	2 42	38 54	0 64	3 84	19 49	5 34	24 14	34 48	47 2	32 61	72 23	31 30	40 88	64 41	63 41	49 78	17 44	12 43	52 97	10 4	8 6	55 65	4 44	79 17	61 71	36 50	9 59	68 87	69 10	35 81	26 68	51 98	74 20	6 62	70 11	58 59	66 87	25 43	1 96	37 52	13 3	22 64	41 35	28 87	77 88	21 23	53 90	56 4	15 31	48 37	65 9	45 6	20 56	30 60	73 23	54 82	39 77	11 68	7 78	71 92	14 5
41 82	60 16	58 60	3 13	72 92	42 63	21 8	26 57	9 66	50 76	54 97	16 86	56 42	2 91	49 21	6 30	65 14	20 91	1 82	23 92	53 56	68 73	75 98	45 62	4 79	36 32	51 68	79 55	30 59	17 78	59 81	13 24	22 74	66 38	24 25	52 16	5 25	46 49	40 79	11 4	15 49	74 75	39 13	38 78	12 3	27 98	73 84	31 61	71 80	35 55	62 30	57 79	14 28	18 89	48 16	33 37	43 19	69 60	10 98	37 71	61 97	8 54	78 45	0 5	29 50	77 91	7 79	70 15	64 98	34 42	28 48	44 48	25 49	76 47	55 36	47 6	19 16	32 44	67 39	63 92
62 92	68 77	53 21	34 49	33 37	65 60	64 52	23 99	50 76	26 65	76 61	31 71	59 41	11 27	14 20	67 84	70 46	55 9	72 36	39 62	28 93	60 12	45 44	29 89	77 17	4 83	69 66	16 14	24 94	78 42	22 34	41 18	21 84	66 67	15 83	48 34	56 61	13 63	49 67	7 98	5 42	40 93	8 88	58 35	6 51	51 5	54 1	35 67	17 96	32 9	2 48	0 74	10 47	46 27	74 53	3 29	27 70	19 13	43 39	12 45	20 52	71 59	52 51	57 63	61 93	38 44	25 51	79 61	36 71	9 5	37 83	18 24	63 58	47 45	30 92	42 21	75 63	1 24	44 16	73 83
39 8	60 14	64 16	78 70	51 11	30 38	58 44	79 74	50 50	5 65	23 70	71 13	35 1	25 84	18 84	28 76	21 97	75 97	77 90	33 16	36 9	10 41	42 75	19 4	62 72	17 8	56 19	15 52	22 24	63 81	68 31	46 48	76 95	32 77	16 91	53 57	37 49	61 95	66 70	11 10	55 9	70 86	54 82	12 48	14 34	52 9	4 14	40 22	65 45	31 79	6 92	3 72	47 71	9 15	20 83	59 84	49 13	67 37	69 19	29 91	72 28	8 36	44 89	57 39	24 21	73 8	13 26	48 17	0 6	7 33	1 12	38 78	45 25	43 70	2 88	41 92	74 68	26 10	34 91	27 37
6 22	70 67	32 83	47 93	29 91	52 37	8 76	73 55	76 36	2 19	3 15	22 31	59 88	65 19	49 49	36 85	44 16	56 76	10 50	78 81	64 60	68 75	14 63	0 92	75 39	60 21	18 49	55 50	69 69	42 72	7 6	25 61	43 96	46 5	38 40	67 52	53 15	48 32	27 66	72 79	20 53	4 70	1 89	33 58	11 82	79 50	23 33	21 17	5 13	63 42	61 48	51 40	12 40	57 49	66 47	24 5	17 13	16 27	39 6	54 26	41 62	31 65	35 38	26 59	19 24	45 57	13 26	74 5	34 78	30 72	40 34	62 60	77 1	58 56	50 86	37 96	15 22	9 90	28 54	71 9
9 72	39 22	33 90	68 13	72 24	71 4	50 43	59 20	3 73	61 27	65 84	49 41	44 60	4 3	28 4	10 99	19 96	52 10	23 51	14 5	67 31	5 19	75 30	55 55	16 42	13 20	56 87	42 88	27 39	69 75	53 47	18 68	21 37	29 57	43 3	64 77	73 35	54 47	30 30	58 45	78 67	15 14	41 65	74 25	6 46	62 77	26 50	24 39	31 43	11 45	8 28	25 38	32 76	35 96	7 53	38 57	2 84	63 3	51 75	17 26	37 98	47 73	34 26	40 96	48 88	79 79	70 73	46 80	45 54	76 5	66 7	57 97	0 2	20 99	77 21	60 75	36 91	22 30	12 99	1 47
70 55	35 5	3 13	30 73	34 82	21 75	52 18	17 44	15 3	36 13	41 93	64 31	49 54	32 73	73 2	78 66	65 61	47 77	62 3	48 49	1 25	66 52	20 49	38 63	75 79	33 33	79 50	76 29	25 86	5 75	57 19	7 46	14 81	63 12	46 38	74 83	19 99	44 35	59 56	26 98	27 20	42 99	11 35	54 50	56 68	40 83	60 44	67 4	10 42	51 84	69 89	50 70	39 80	16 44	53 9	12 74	9 48	61 24	2 91	6 78	29 78	31 25	45 12	37 91	18 67	58 3	72 86	55 91	28 3	0 83	71 24	8 93	13 77	77 90	68 24	23 49	43 55	4 98	22 11	24 22
34 7	30 41	13 96	51 88	78 83	16 35	69 64	7 51	77 24	14 75	33 16	3 86	47 71	66 13	72 66	59 96	18 23	57 83	8 50	31 54	56 39	45 58	22 5	41 46	68 80	43 78	1 83	37 4	6 65	21 54	36 68	75 37	40 69	71 76	46 55	20 69	64 35	9 53	73 7	58 62	62 49	50 39	44 86	39 78	38 87	19 58	60 34	63 70	61 4	32 51	27 63	25 77	49 80	67 36	79 75	52 59	76 89	28 29	29 45	70 58	48 6	15 42	74 60	23 94	53 59	54 66	2 10	35 80	10 17	4 98	24 94	42 53	26 66	17 34	65 39	5 1	0 51	11 54	55 58	12 60
47 23	43 88	52 54	21 48	28 49	67 30	25 83	11 16	32 69	27 11	20 82	65 76	55 71	2 3	60 24	1 42	6 71	45 54	23 34	48 92	24 80	5 6	79 5	50 80	69 47	49 32	77 15	41 73	66 71	38 67	62 90	57 29	15 82	9 18	26 81	72 50	64 23	63 47	29 21	19 71	61 47	42 77	54 94	18 57	22 21	68 32	70 94	7 26	71 62	33 82	36 13	3 36	10 21	59 20	56 86	74 6	16 10	8 13	75 4	73 81	30 67	58 97	14 4	4 3	35 84	78 79	39 72	46 35	51 45	0 44	34 96	12 20	44 87	76 98	13 89	53 61	17 10	31 26	37 80	40 98
42 90	36 80	56 48	46 35	50 87	44 47	53 6	38 74	40 52	59 43	22 38	16 40	43 64	28 65	35 30	27 96	79 67	15 19	2 33	45 12	51 72	24 44	3 18	6 97	72 4	18 4	74 62	8 82	49 5	64 64	71 64	23 9	21 14	54 32	34 31	20 7	48 28	4 42	7 16	1 60	25 26	63 41	57 35	61 36	26 57	32 5	73 58	31 28	11 49	29 3	17 78	62 63	14 94	37 75	12 69	68 15	41 73	75 61	78 15	19 61	30 76	70 80	33 89	66 30	0 57	10 30	9 83	69 16	47 5	5 24	58 19	60 28	13 61	65 6	76 6	55 56	67 71	77 83	39 14	52 76
32 22	21 85	63 68	42 91	5 33	11 29	34 67	53 3	14 59	71 89	79 69	20 70	72 72	10 10	4 67	9 45	35 2	28 31	57 19	58 65	59 12	51 19	13 95	18 32	23 52	75 69	29 51	67 70	66 89	43 64	65 39	24 3	74 45	40 88	47 46	76 93	52 97	8 31	27 88	77 79	41 48	61 5	49 87	7 21	45 18	39 56	19 77	2 83	73 82	50 5	62 1	56 43	68 64	55 85	0 6	33 26	15 43	12 23	78 7	54 82	22 84	70 72	16 40	37 60	31 6	30 40	17 71	6 78	48 81	64 32	25 71	38 57	46 12	3 76	1 93	69 11	60 34	26 34	44 12	36 17
59 62	33 33	28 38	79 27	26 19	15 56	27 39	71 82	43 9	5 73	30 19	31 16	9 69	19 84	66 24	58 49	39 6	74 70	29 59	21 88	24 14	36 55	34 12	35 4	46 98	50 28	78 10	52 80	6 18	44 23	51 98	69 59	16 32	56 53	37 66	60 92	61 25	22 91	63 78	76 68	17 47	10 73	77 92	23 99	0 78	45 85	32 69	42 38	64 93	13 35	14 92	48 79	70 28	72 53	40 20	73 28	20 68	3 38	62 62	57 3	65 60	54 95	38 20	25 28	1 96	2 2	18 94	55 34	47 60	8 57	41 88	49 44	12 35	4 1	67 94	53 16	75 66	11 80	68 58	7 28
4 48	48 95	47 87	27 28	41 48	45 85	35 9	71 13	60 66	32 32	64 75	5 63	20 25	8 3	30 35	77 6	14 53	0 21	50 27	54 97	16 38	33 18	63 92	75 17	22 66	67 81	1 20	68 57	61 89	73 82	79 88	29 6	72 76	44 35	9 5	43 63	78 18	55 57	62 17	52 37	24 80	53 20	46 56	11 18	38 91	36 82	42 85	10 76	69 34	74 43	2 62	17 37	12 66	23 47	18 45	65 1	15 73	21 34	37 76	26 32	40 60	13 6	76 17	56 71	51 21	3 1	31 11	59 87	58 33	25 55	66 41	70 22	19 35	57 4	6 1	39 87	34 52	49 83	7 35	28 95
16 60	48 83	76 49	38 13	4 34	68 60	79 48	13 53	0 39	28 29	18 25	55 94	20 60	44 87	75 76	62 89	17 38	35 73	37 43	3 1	2 4	78 43	71 41	70 68	60 28	34 76	51 58	47 91	41 14	6 76	10 31	39 27	21 10	15 30	53 70	26 10	24 50	22 98	5 1	25 41	1 11	57 11	63 9	46 47	65 85	36 96	40 54	67 32	54 2	66 47	14 66	74 56	73 27	11 85	43 55	61 47	49 46	31 49	27 24	64 13	9 81	33 85	52 91	56 56	30 84	77 66	29 62	32 97	7 22	45 78	50 31	8 72	69 13	59 11	19 39	42 73	23 63	58 70	12 50	72 51
10 42	64 61	31 34	70 66	71 16	78 39	16 9	17 75	72 37	41 10	57 10	54 7	44 68	43 4	76 32	75 54	52 18	38 50	65 55	0 78	4 59	30 47	36 73	13 30	27 93	47 62	6 28	29 35	8 41	74 56	67 88	40 19	55 43	73 10	19 91	37 16	77 23	18 31	32 65	14 13	50 14	34 59	39 54	21 99	69 46	58 79	46 4	48 63	9 24	62 94	3 76	51 30	26 46	25 20	45 67	66 37	35 10	33 2	59 34	49 16	53 55	2 7	12 25	7 55	61 43	42 67	28 95	79 30	15 59	68 53	60 68	11 31	23 80	63 97	20 74	1 75	22 23	56 99	5 45	24 8
12 85	31 84	0 57	32 62	14 81	61 21	4 42	8 99	19 39	7 4	1 99	63 66	53 89	50 40	37 20	38 71	25 24	76 99	35 84	73 42	48 5	45 2	67 43	26 62	11 19	71 47	21 89	40 46	58 74	54 83	29 28	47 33	72 78	70 90	6 60	16 61	49 29	23 35	43 29	52 42	27 3	34 50	36 2	15 78	18 53	68 5	55 89	9 62	30 44	59 91	44 20	62 49	3 23	60 80	69 48	17 3	22 43	77 77	41 18	39 59	28 10	51 38	24 98	74 59	57 6	64 47	42 43	13 74	33 29	20 29	65 71	10 14	56 18	78 77	75 69	46 9	66 7	5 47	2 7	79 16
47 32	37 31	59 6	75 29	34 54	26 54	38 69	23 25	19 45	57 22	17 37	22 76	46 63	21 41	28 96	66 63	49 47	78 38	32 4	11 75	39 67	44 32	18 54	58 72	70 54	73 89	55 30	67 73	48 60	63 14	1 5	61 18	53 31	30 5	79 48	27 94	72 46	35 45	76 13	15 90	8 47	41 85	68 47	7 8	2 31	14 23	4 31	12 90	77 96	10 59	71 80	33 8	52 41	54 58	65 71	36 59	6 27	29 3	64 64	16 99	62 28	45 2	25 23	31 43	24 95	42 93	69 78	50 23	40 58	43 43	56 55	5 14	0 78	9 6	60 31	3 31	20 50	51 92	13 48	74 56
36 81	69 99	42 54	44 44	15 85	20 66	7 22	53 32	16 10	24 93	5 40	60 87	71 9	25 94	76 38	39 90	48 34	6 74	18 58	10 47	65 98	46 57	68 23	33 11	9 17	66 57	38 35	54 7	56 7	51 83	17 4	75 29	23 14	61 67	62 31	67 26	29 21	72 23	27 69	4 85	22 54	70 94	8 10	41 80	57 59	0 10	40 3	37 65	28 66	59 68	30 15	47 58	12 70	21 53	34 24	35 70	77 75	52 75	49 87	45 54	2 59	78 89	79 27	55 6	13 47	58 78	31 51	43 43	11 26	50 90	74 23	26 21	1 62	32 20	14 44	64 99	19 77	3 41	73 33	63 69
64 95	53 42	40 19	28 72	22 86	67 37	60 7	32 80	73 87	27 74	43 87	9 8	65 44	79 99	56 24	69 30	78 41	46 63	33 39	11 41	30 18	44 80	24 12	48 57	34 42	19 72	1 74	20 71	12 94	17 61	45 87	68 86	0 61	31 53	54 81	74 93	66 99	75 83	10 20	18 34	47 54	39 30	42 44	6 42	23 30	13 56	37 30	29 60	71 42	8 41	59 36	26 52	15 50	5 74	38 87	52 81	76 99	16 59	50 76	7 43	62 81	2 37	36 4	49 92	58 34	14 68	41 45	70 30	61 15	21 87	72 44	25 81	55 95	4 17	51 21	35 34	63 3	57 4	3 50	77 30
68 69	53 39	60 76	46 39	8 72	3 32	62 13	48 86	75 40	2 7	78 59	0 68	16 45	56 64	41 26	79 4	38 66	13 81	12 49	54 35	22 64	65 11	72 92	28 96	10 50	67 85	14 13	73 81	51 87	74 36	7 34	11 90	26 44	63 91	35 68	25 11	57 94	24 57	34 90	19 79	5 59	52 60	69 2	55 85	44 20	70 49	47 89	59 5	37 4	27 70	42 88	30 8	58 4	18 3	29 9	15 91	71 36	76 39	77 78	21 39	23 86	31 27	6 23	45 90	43 14	49 98	20 22	50 85	1 15	9 76	39 43	66 46	40 56	36 4	33 25	17 66	64 42	4 83	61 22	32 7
21 96	8 86	41 41	36 8	50 64	66 86	37 45	16 45	72 5	61 84	17 49	23 20	30 91	42 46	4 88	64 76	24 73	77 98	54 78	40 63	22 70	6 94	73 42	78 70	70 98	5 32	32 85	65 98	58 73	71 52	76 64	20 33	44 57	11 57	35 96	27 35	10 89	19 1	14 73	26 85	43 63	53 52	55 24	49 31	0 20	67 71	62 39	59 26	48 61	13 1	39 19	29 46	57 25	3 77	56 37	51 56	45 62	47 83	33 53	74 69	2 51	12 94	52 91	9 23	7 75	15 45	79 60	28 52	18 36	25 46	46 34	68 47	38 29	69 25	31 12	60 31	1 98	75 71	63 47	34 35
24 6	37 31	41 41	34 45	26 79	58 76	40 27	61 9	4 80	31 31	19 89	42 91	69 52	59 42	77 79	56 34	62 72	57 81	11 77	28 74	54 13	52 77	44 8	50 55	72 67	36 55	13 33	27 84	15 39	67 56	46 61	45 54	23 51	74 29	66 11	1 43	12 40	71 54	35 34	17 11	20 76	22 96	48 33	73 1	38 11	70 25	75 78	32 31	29 96	18 99	16 27	33 12	51 81	64 57	65 30	21 66	5 80	3 89	60 20	6 72	78 32	68 14	53 40	47 87	79 5	25 42	0 6	49 21	63 94	43 57	55 86	14 56	7 77	76 29	8 89	39 30	2 51	9 52	30 95	10 98
53 89	46 37	17 62	48 18	33 38	30 71	73 79	76 63	5 66	20 19	50 99	1 91	10 86	36 61	72 63	47 66	39 41	63 47	62 7	68 40	34 4	26 82	13 85	14 29	70 92	24 16	69 77	57 36	44 80	78 45	2 22	29 67	23 64	51 75	55 16	22 79	25 22	79 70	60 87	15 7	59 78	12 2	31 48	66 81	41 96	74 23	54 34	8 85	40 67	61 96	7 31	3 8	0 66	45 85	4 3	75 77	71 98	6 19	19 46	35 64	77 57	18 58	11 25	49 62	9 45	64 91	52 22	67 60	42 62	38 88	21 38	32 36	58 37	37 2	65 57	27 34	16 40	28 35	56 98	43 85
43 29	54 66	18 75	60 93	65 36	1 15	68 73	13 31	12 43	10 99	44 79	6 26	14 92	57 87	16 59	39 47	51 82	72 3	47 53	53 11	29 39	61 32	8 14	69 12	2 39	0 85	78 57	15 26	21 69	9 7	67 20	32 49	3 70	71 76	79 50	22 76	59 16	31 41	73 38	45 45	64 62	30 52	4 73	63 36	75 51	7 7	62 24	28 53	40 20	48 8	26 7	55 14	27 40	42 63	46 59	38 18	23 3	76 22	34 94	36 79	5 94	58 15	35 73	66 43	50 19	24 59	37 38	52 31	49 17	56 88	11 82	33 51	74 76	19 6	25 37	17 25	77 57	70 8	20 50	41 46
32 44	36 67	45 74	26 56	12 19	71 22	18 48	55 64	54 86	31 40	16 69	60 93	37 79	75 21	40 15	29 12	6 26	38 43	35 42	68 36	11 91	63 82	10 74	57 50	72 22	3 49	64 60	74 92	13 30	43 7	42 61	77 17	34 9	76 2	44 91	4 83	22 76	66 41	78 43	21 86	67 32	19 37	25 56	33 17	1 59	73 57	30 14	50 18	61 52	56 31	70 80	62 34	52 87	8 7	79 66	17 49	59 25	48 72	49 53	15 40	69 30	23 67	39 79	0 79	24 69	46 16	2 3	41 80	5 72	51 41	7 75	28 62	53 39	58 8	9 49	65 61	27 26	47 5	14 56	20 49
27 53	0 31	1 52	59 42	73 28	26 6	23 93	7 85	20 78	38 91	43 94	50 58	78 68	40 70	69 84	29 28	9 96	72 51	17 49	8 14	66 84	75 78	55 38	71 96	22 27	3 16	36 81	44 69	4 66	12 41	47 69	14 19	56 35	21 78	48 61	39 15	32 81	76 78	62 14	5 18	46 11	6 47	30 18	74 6	51 28	42 87	57 85	13 20	63 68	2 53	58 96	18 36	52 93	41 67	10 19	25 15	49 24	70 14	67 51	33 31	60 99	28 36	37 34	35 12	77 6	15 23	34 27	64 91	54 31	65 17	79 81	45 61	31 38	61 97	68 4	19 2	53 41	16 82	11 21	24 94
0 51	44 37	62 80	26 85	25 14	21 63	1 7	48 70	16 60	40 88	9 52	33 32	22 2	34 87	71 74	27 23	32 57	8 67	15 92	76 80	12 22	17 21	30 72	23 1	65 98	78 41	29 3	49 33	70 99	31 89	54 26	2 94	7 95	5 8	19 5	43 24	74 91	63 10	11 60	50 17	67 4	55 90	37 12	36 71	79 84	39 89	41 68	45 38	57 86	3 76	59 36	18 68	6 43	58 3	24 45	66 66	52 83	51 63	64 21	60 85	53 11	56 83	38 22	77 88	46 60	14 53	47 56	73 55	69 34	42 96	20 81	13 63	28 34	4 73	75 82	10 25	72 21	61 97	35 88	68 91
49 11	0 12	53 72	65 2	27 25	11 53	52 16	68 4	79 80	44 14	55 52	77 81	23 7	70 31	78 84	57 62	1 46	8 66	63 60	58 6	28 51	31 51	61 81	38 86	72 18	35 77	30 63	71 58	14 73	67 49	5 32	25 78	62 98	34 36	4 91	73 39	59 49	15 28	21 76	66 75	32 18	6 15	24 76	3 75	75 83	48 58	16 4	17 3	42 6	37 41	74 98	39 75	2 61	45 85	20 31	9 7	51 90	50 90	29 64	47 84	46 17	56 38	43 65	10 42	33 38	19 45	18 82	40 69	13 1	36 58	69 41	7 99	12 1	64 53	41 49	22 66	54 98	26 62	60 86	76 19
17 21	52 39	58 30	56 20	46 43	48 16	42 29	15 28	2 19	20 44	34 37	61 35	26 39	18 88	31 50	35 94	24 20	8 35	76 71	47 82	71 44	60 87	9 17	38 83	6 11	33 21	3 89	14 7	57 9	49 48	13 97	37 44	23 5	45 81	27 27	77 58	21 47	70 10	79 34	19 43	73 24	54 25	11 35	53 21	44 59	32 11	30 42	69 27	39 55	25 69	40 78	36 64	67 75	16 39	29 36	10 23	12 73	64 38	55 73	7 36	28 78	4 37	66 59	5 38	68 4	78 36	62 45	72 17	59 53	43 66	41 29	65 11	1 12	51 90	22 41	74 34	75 93	0 71	50 20	63 19
58 48	64 79	23 65	13 71	6 51	30 5	37 47	41 18	70 53	78 27	52 57	32 86	59 12	39 91	55 31	67 59	42 50	24 89	45 29	53 68	61 15	57 72	12 93	33 74	54 41	48 63	21 2	47 25	29 21	18 69	22 49	35 99	11 17	60 17	16 50	69 45	51 24	15 82	10 68	74 3	1 66	75 39	9 68	34 90	49 85	44 35	31 74	71 98	8 29	46 7	38 14	4 96	68 40	19 23	63 70	73 71	50 4	28 88	76 32	17 37	20 70	77 52	27 53	79 10	72 51	14 92	2 39	56 66	40 4	3 74	25 2	5 86	66 80	7 60	43 75	36 61	65 8	26 2	62 2	0 39
74 21	31 23	22 17	3 10	78 5	46 2	26 71	45 41	53 81	66 50	57 84	73 62	6 42	58 97	69 80	65 45	12 45	7 70	72 18	19 18	48 1	36 52	79 34	39 80	14 55	71 62	60 48	41 18	8 30	15 69	42 69	37 55	76 68	75 79	68 56	9 78	38 17	52 73	21 10	70 14	56 69	4 39	24 4	1 55	63 48	17 95	11 11	5 71	61 72	10 64	20 48	47 98	16 9	62 48	32 87	54 21	64 14	44 19	49 42	51 73	23 59	43 66	28 24	67 31	59 47	30 87	50 57	0 69	25 47	55 54	33 95	35 63	77 10	29 46	18 26	27 85	13 88	40 84	2 2	34 70
57 83	79 62	45 40	74 56	39 29	31 23	20 30	56 74	30 98	36 76	12 17	64 67	35 63	4 8	41 78	44 5	61 12	25 62	22 73	17 87	66 26	62 58	60 84	68 73	49 16	38 6	47 49	50 1	75 69	42 4	2 23	8 20	23 94	1 30	27 4	15 63	65 39	67 71	54 72	34 71	9 48	58 3	11 54	3 1	29 75	32 4	70 96	19 52	76 99	7 38	24 35	26 55	63 84	53 20	43 83	46 77	77 76	55 16	51 42	13 40	37 82	14 98	78 31	72 25	18 81	59 94	0 34	52 15	21 36	33 29	69 95	10 74	6 19	16 19	5 44	73 95	40 85	48 37	71 61	28 34
44 81	54 53	25 15	60 54	19 82	23 7	20 96	75 32	64 53	29 26	8 90	13 23	39 58	43 18	27 97	59 23	55 85	47 39	30 36	11 15	24 78	62 91	14 60	70 22	32 35	53 18	38 2	51 80	31 11	26 55	58 29	65 20	6 89	37 37	42 76	48 19	16 76	18 78	71 37	7 84	46 97	57 50	79 1	68 45	3 59	15 19	28 31	0 68	73 5	45 63	33 46	50 40	41 32	63 53	76 72	49 58	56 84	66 26	40 89	35 17	77 94	22 32	21 58	34 2	5 22	17 2	2 7	9 55	4 86	52 15	78 5	61 99	74 12	72 8	69 97	67 85	1 27	10 31	36 21	12 16
27 85	2 31	74 60	4 29	40 36	51 42	1 82	25 78	70 35	17 36	29 44	39 3	63 79	65 13	57 13	55 26	59 1	16 50	60 74	7 80	72 79	5 87	69 40	32 26	24 74	14 28	28 87	42 46	46 8	77 9	50 21	49 42	56 82	3 98	11 71	33 50	71 6	75 82	45 48	37 52	79 58	61 92	10 7	58 94	30 46	64 41	18 68	41 74	43 14	78 64	19 96	35 12	6 78	53 42	44 42	26 81	15 41	68 96	34 27	36 80	22 18	52 84	66 58	48 83	8 74	73 15	31 43	13 60	23 37	12 30	62 81	67 58	20 88	47 48	38 37	0 37	9 86	76 46	54 88	21 88
70 96	28 7	76 2	73 25	44 59	26 85	78 24	34 15	51 74	48 55	21 2	56 97	74 87	66 82	61 14	5 98	50 18	64 40	41 71	38 37	46 33	39 10	4 93	77 82	18 60	53 42	32 86	65 51	60 69	72 89	58 55	35 7	54 22	55 3	42 34	20 95	29 70	68 62	1 86	11 78	69 98	3 54	57 97	52 63	36 85	63 62	23 98	31 56	37 51	43 80	8 53	24 48	30 85	71 74	59 18	16 64	45 38	6 63	19 68	40 24	22 25	13 3	49 65	2 58	0 79	62 40	15 41	17 60	47 70	67 35	75 69	14 83	12 50	25 33	10 73	27 92	79 95	9 64	33 76	7 6
50 13	38 15	9 68	49 67	52 62	26 8	62 45	30 78	67 47	42 5	10 2	3 15	69 48	46 19	13 60	78 27	24 95	63 43	47 31	73 31	66 60	36 31	60 93	56 46	5 90	59 98	22 74	74 57	31 75	76 55	54 19	20 75	37 30	1 65	55 42	75 46	2 40	29 8	57 61	12 12	0 60	53 83	72 73	4 64	23 24	48 34	64 44	16 51	40 17	6 92	15 63	77 57	58 57	41 87	35 39	8 86	70 37	44 67	28 77	17 35	43 13	51 65	61 3	14 27	32 97	39 81	45 28	21 33	65 18	34 92	79 52	33 56	71 5	68 6	27 82	7 97	19 84	18 66	11 22	25 60
15 69	20 76	24 29	22 26	25 51	29 45	39 77	53 88	47 2	73 75	8 33	9 78	63 86	42 7	74 10	68 13	60 67	62 80	27 49	76 26	59 39	72 50	65 60	2 29	11 23	49 87	45 35	23 10	56 31	41 78	79 91	38 3	14 48	70 99	69 93	64 42	12 13	16 16	26 47	18 69	48 3	34 62	75 69	61 28	52 67	5 22	57 15	40 34	17 69	13 40	31 65	21 1	10 95	35 20	19 1	54 63	55 67	6 20	44 47	4 51	78 65	37 47	36 88	43 24	30 37	33 69	32 94	67 7	7 34	77 70	0 44	3 88	66 79	28 1	58 67	51 32	1 38	71 23	50 34	46 56
50 58	0 80	16 22	24 69	46 27	6 68	17 41	13 65	5 7	75 49	74 16	62 35	19 77	51 94	63 58	39 71	66 74	45 12	10 40	3 21	70 56	32 16	28 83	15 64	43 52	27 78	60 7	68 20	8 65	72 66	30 60	34 43	9 43	58 85	29 74	69 56	38 46	61 90	14 21	33 72	4 59	71 4	48 22	59 87	73 42	11 99	65 73	40 46	12 51	54 5	25 44	21 20	41 81	23 81	57 41	1 6	47 28	36 85	67 71	56 89	78 21	42 79	7 89	52 32	37 71	44 36	22 46	76 43	49 43	64 56	31 17	79 82	77 25	26 69	20 10	35 69	18 25	2 34	55 53	53 22
60 69	62 23	16 54	78 20	66 86	3 43	31 82	33 4	44 18	12 36	75 99	19 39	58 34	40 12	20 60	37 28	56 94	70 9	39 36	38 22	14 73	18 5	7 69	64 3	74 79	55 96	15 8	72 68	65 50	29 61	8 35	54 34	73 5	23 13	69 70	34 90	47 94	76 99	22 51	4 82	27 99	17 21	68 18	63 29	21 25	10 4	79 17	67 81	11 92	42 94	2 30	5 35	32 25	49 61	51 81	36 23	71 53	57 96	13 17	28 84	46 96	53 92	0 22	1 99	50 7	30 68	35 86	48 51	52 59	26 14	77 57	45 9	25 26	41 33	59 10	9 52	61 60	24 92	6 47	43 41
21 12	68 51	17 38	35 8	72 47	20 71	1 69	31 21	65 92	37 88	10 13	48 12	9 4	62 82	29 24	60 26	28 41	73 64	33 7	74 10	16 53	30 84	57 9	2 70	47 10	56 76	27 12	19 20	14 52	34 99	11 63	51 47	64 83	13 97	61 17	23 72	69 16	46 85	41 10	77 93	52 84	40 1	0 19	53 9	44 45	54 37	63 28	45 95	79 24	36 46	7 15	43 16	58 31	49 22	55 69	26 23	71 18	25 31	75 90	78 89	76 77	18 81	24 58	3 80	5 50	15 42	22 67	32 91	38 81	4 35	50 40	8 33	70 15	67 11	66 78	12 30	59 24	6 54	42 36	39 43
20 57	4 96	16 38	5 78	61 64	74 62	0 86	47 49	76 36	51 23	13 41	36 11	42 11	39 96	64 87	72 34	2 29	15 16	25 47	32 59	58 15	75 25	59 46	29 70	57 81	19 89	34 61	40 20	54 49	21 91	11 41	79 72	66 72	56 83	45 86	12 50	9 48	70 59	28 83	35 48	69 3	33 56	7 11	10 21	71 70	46 52	17 59	31 63	50 84	37 14	41 99	1 59	26 13	44 56	60 31	38 30	55 22	63 9	68 54	49 9	52 92	18 3	67 64	23 49	77 33	14 49	43 1	24 60	27 80	53 80	30 24	78 73	62 16	22 6	73 14	6 39	65 78	48 57	3 82	8 73
69 35	4 19	54 26	47 32	28 78	79 18	46 66	66 63	9 87	40 20	21 47	12 69	11 12	76 27	51 7	63 38	44 56	68 98	43 47	48 36	29 45	1 56	33 99	16 31	59 16	32 65	8 17	3 99	72 97	38 5	57 43	18 12	25 87	22 33	19 81	61 92	70 70	31 41	49 85	65 54	45 90	73 6	58 89	10 10	41 47	13 79	35 93	5 38	56 66	62 11	36 67	64 40	24 79	39 51	37 95	60 77	74 14	53 75	14 57	78 56	77 92	52 77	17 5	34 29	71 99	27 49	23 59	55 49	30 40	50 16	42 10	75 86	67 98	7 64	15 41	0 53	6 54	2 90	20 66	26 37
43 66	63 27	69 11	1 21	32 8	52 54	47 54	67 45	11 20	9 82	30 26	33 58	20 5	4 31	38 92	77 38	34 32	48 60	54 91	73 40	61 38	57 1	27 21	56 4	26 20	46 40	75 5	51 19	19 17	23 55	3 39	55 95	44 57	2 24	13 20	79 58	50 97	15 84	65 38	12 13	14 97	39 67	16 35	22 52	70 37	0 66	45 77	10 20	31 17	17 40	21 43	5 70	42 20	6 48	64 63	24 14	74 85	28 75	35 43	72 20	66 45	7 60	68 51	36 38	25 84	53 27	40 69	41 52	29 28	58 59	37 26	71 18	76 85	78 14	60 34	18 23	8 98	62 88	59 98	49 58
9 41	54 62	35 43	1 90	22 79	38 23	10 64	42 47	78 71	51 94	49 76	70 55	46 97	72 14	24 38	29 84	60 6	4 82	67 51	59 11	64 26	19 24	31 18	62 89	47 20	15 6	2 90	53 34	76 16	57 60	6 99	14 40	33 91	39 35	73 58	12 20	45 43	77 40	40 88	74 59	36 28	61 59	69 54	75 19	27 53	63 73	44 67	0 80	16 72	26 48	43 77	25 55	48 10	52 47	7 32	56 36	13 92	21 90	79 45	23 8	20 17	58 94	50 42	30 41	65 34	17 28	28 65	5 86	37 4	8 13	18 22	34 7	55 88	3 75	66 99	32 87	71 84	68 41	11 32	41 9
10 64	40 16	20 95	6 22	12 32	71 56	74 18	41 18	36 80	35 39	22 13	79 29	46 32	28 21	17 65	29 38	57 53	37 6	8 38	13 48	33 29	53 27	42 4	66 52	49 91	1 76	50 89	45 57	39 28	73 61	61 27	26 63	72 50	5 33	4 33	2 55	67 90	51 13	47 90	78 1	11 44	77 22	21 79	43 87	65 76	58 45	32 77	0 91	7 19	69 83	55 14	52 57	25 79	15 65	54 63	64 93	14 60	34 27	76 50	44 73	56 73	24 78	60 73	70 6	68 74	9 41	27 42	31 56	63 33	38 32	75 59	30 56	16 46	3 47	48 17	59 97	23 58	19 77	18 73	62 9
61 93	17 52	23 31	79 67	0 94	72 55	51 32	25 55	31 66	40 32	22 34	53 93	71 2	10 91	19 41	45 20	63 18	56 2	27 51	60 75	15 86	46 66	11 46	7 9	42 75	58 79	3 13	59 49	70 23	44 81	16 23	20 89	47 15	76 75	50 31	8 67	26 39	55 39	57 91	43 53	29 16	24 20	78 49	69 85	6 99	12 27	4 39	21 69	67 74	74 31	2 22	32 79	48 51	62 98	77 55	34 22	37 14	54 16	39 11	49 11	52 90	36 27	30 26	65 61	9 15	33 41	73 1	64 25	13 41	5 99	68 85	66 80	18 71	41 46	14 99	35 66	75 30	28 43	38 19	1 41
2 55	39 26	62 74	37 78	0 36	23 52	45 84	32 88	46 47	19 1	76 95	77 26	54 76	42 60	31 58	28 52	79 67	53 86	14 97	64 59	30 43	36 99	67 28	57 8	1 68	78 64	6 18	18 32	24 1	74 42	73 75	4 67	26 81	68 74	8 49	60 65	56 58	29 83	3 41	15 22	9 52	27 72	49 88	65 43	38 29	72 75	25 42	63 80	59 80	55 20	69 51	51 46	47 47	21 78	43 66	58 99	44 41	11 68	13 71	40 51	71 7	22 79	20 13	66 7	12 94	61 52	17 29	33 43	5 6	50 2	41 46	52 5	16 38	70 84	48 4	7 6	35 49	75 68	10 15	34 97
56 68	66 78	41 76	47 1	59 12	52 42	58 18	74 71	9 27	45 72	28 84	16 95	78 8	51 57	68 17	1 81	46 30	5 64	35 45	6 63	37 17	43 81	64 50	24 87	71 29	23 91	33 14	57 18	67 17	4 9	73 70	17 64	61 32	75 54	72 31	63 41	53 32	50 66	38 15	2 89	13 88	60 83	55 78	40 52	39 90	20 78	36 88	25 32	44 34	70 69	77 47	29 51	8 18	65 13	48 41	19 9	11 47	7 98	32 82	26 74	79 98	27 70	69 73	10 30	62 77	42 33	3 88	49 62	54 32	76 68	22 97	15 46	0 86	14 86	30 3	18 80	21 70	34 10	12 14	31 23
42 98	47 30	49 67	55 17	79 4	11 49	23 88	59 97	2 27	34 1	73 35	57 64	40 88	33 66	62 79	1 41	46 63	17 65	54 3	8 12	29 53	28 80	76 71	31 7	19 93	67 18	25 98	12 88	63 64	45 47	5 19	3 27	66 1	77 99	35 31	65 63	50 37	58 5	36 46	37 47	53 26	10 33	7 14	41 95	4 35	75 72	61 81	18 66	26 10	43 13	70 7	39 9	64 1	51 95	56 84	32 56	78 54	9 93	72 29	27 16	15 75	21 75	6 85	20 23	0 81	22 55	60 81	13 43	52 83	24 63	68 71	71 40	74 10	48 40	69 76	30 77	38 84	14 74	44 30	16 69
59 88	40 77	79 17	29 5	0 60	23 96	43 86	76 26	9 40	20 29	5 20	22 89	25 90	15 28	63 67	17 2	53 83	54 17	64 72	72 76	66 70	2 99	65 78	36 38	21 17	27 21	4 16	42 35	34 97	74 19	61 8	62 24	11 81	46 13	37 23	31 1	38 85	12 86	16 43	70 80	52 81	48 44	45 99	41 43	56 38	6 44	75 25	28 90	14 66	30 89	8 53	39 63	71 65	50 10	69 81	7 89	19 75	3 50	51 9	32 25	13 98	60 96	68 61	78 65	67 1	57 93	77 46	33 12	10 78	35 4	49 5	73 37	24 58	47 95	26 64	18 34	55 42	58 42	1 19	44 53
41 3	62 78	9 40	4 76	50 15	69 41	29 46	0 83	67 63	71 84	56 69	35 30	38 49	7 86	47 55	27 87	36 63	70 23	15 57	13 86	45 77	46 53	44 25	19 1	11 1	75 1	17 63	26 54	21 89	53 10	16 99	58 21	74 57	40 12	79 45	10 77	64 80	30 54	14 4	59 31	63 57	33 69	5 64	28 66	43 42	48 19	34 38	60 26	31 69	66 48	54 19	32 9	8 4	76 56	61 45	57 5	39 50	72 39	78 90	24 97	22 2	20 63	25 36	55 27	1 74	65 28	2 44	6 18	49 73	68 21	42 12	77 12	37 1	12 58	23 26	18 65	3 70	73 77	51 89	52 78
50 54	34 83	32 50	38 76	41 84	64 12	40 94	65 10	75 93	60 23	27 23	1 83	19 23	62 31	79 68	15 9	51 35	5 17	74 75	42 52	45 1	63 28	14 83	0 51	17 95	29 61	71 50	30 76	69 4	8 4	23 79	52 82	58 2	67 8	57 90	77 19	54 22	28 31	78 76	3 32	55 73	7 1	76 23	6 48	25 60	37 2	13 73	10 52	4 83	47 30	53 61	49 76	16 49	56 85	73 28	70 6	59 72	31 85	18 75	35 89	39 88	72 63	22 69	21 91	12 44	43 71	26 3	11 55	9 74	20 29	36 88	44 53	66 72	48 25	33 90	46 11	61 51	2 89	24 74	68 81
2 81	1 38	56 94	38 30	30 51	21 47	19 89	32 16	16 33	11 91	51 20	28 76	43 5	20 45	59 81	31 53	55 38	24 60	49 60	12 13	54 99	71 83	25 14	9 3	68 50	42 82	67 82	65 7	70 24	40 85	14 81	8 83	33 59	73 39	18 62	57 98	41 51	60 61	3 19	78 12	69 23	64 26	17 36	52 6	23 5	27 52	48 8	13 28	29 57	39 37	34 1	36 73	46 91	22 72	0 84	15 49	76 48	35 93	74 1	10 86	61 62	77 72	7 89	5 94	6 27	75 56	58 90	66 9	62 10	72 20	79 9	37 70	47 82	4 8	45 86	50 67	63 45	26 56	44 95	53 74
10 25	71 66	16 25	43 90	78 74	44 30	51 61	37 4	8 33	7 43	5 31	68 52	53 4	4 15	27 56	49 81	35 80	76 53	41 45	64 22	62 35	29 58	75 63	26 19	12 37	24 86	20 12	56 17	40 2	45 88	77 83	42 57	28 99	66 17	50 61	38 64	70 28	60 81	13 81	6 17	79 21	33 53	65 75	18 66	32 54	19 19	58 4	3 40	61 21	1 81	73 7	2 47	72 79	46 23	67 94	30 63	14 96	17 34	69 8	23 68	54 26	11 69	47 52	36 87	63 69	74 1	25 99	52 50	9 63	48 32	21 38	39 80	59 19	0 67	22 78	15 51	57 77	55 47	31 67	34 78
23 19	38 60	32 62	42 17	25 54	47 96	21 30	68 89	16 85	5 27	1 36	45 42	37 66	54 61	28 32	58 64	20 99	75 30	64 52	53 49	31 50	48 48	4 53	40 13	17 75	2 39	15 71	59 2	57 23	36 22	29 86	62 48	50 44	70 63	60 43	8 95	72 87	13 5	39 24	10 76	69 89	41 97	46 74	18 49	35 75	73 86	44 19	14 77	65 3	33 64	26 71	3 80	63 88	11 51	22 72	55 74	27 96	7 33	51 78	24 83	74 35	43 31	49 9	34 59	9 50	71 46	76 19	67 74	61 30	0 72	66 31	30 23	12 70	79 55	56 32	19 84	77 89	52 93	78 21	6 4
65 29	75 84	59 37	48 34	54 5	66 90	33 73	24 84	41 20	27 56	8 5	61 27	20 45	78 50	38 99	43 43	9 57	63 14	58 64	2 87	60 34	34 13	12 90	6 26	28 83	18 19	42 59	16 94	13 20	49 81	67 59	71 91	73 91	10 84	29 24	53 85	46 56	17 33	51 9	37 6	1 15	69 62	30 59	14 72	76 1	21 59	15 10	77 54	47 53	45 69	72 80	57 49	23 97	64 27	32 95	40 49	79 54	44 8	56 68	55 88	35 70	39 45	70 28	68 64	62 12	0 77	26 93	25 85	31 55	5 17	19 39	74 90	52 69	7 47	11 18	3 44	36 94	4 29	22 28	50 39
22 66	38 33	57 94	50 81	68 67	72 30	34 30	1 23	58 17	31 97	16 57	27 80	23 30	67 66	6 33	52 41	66 44	24 42	26 74	10 45	15 20	78 35	53 92	29 64	9 61	35 52	39 26	69 76	13 19	65 45	61 14	70 76	49 35	40 59	73 75	60 2	2 58	37 86	71 5	48 84	51 11	19 49	21 81	63 94	55 70	32 45	18 92	28 5	75 7	14 10	76 26	62 40	17 8	42 34	4 86	33 74	3 6	77 11	12 19	20 72	11 94	64 55	30 48	41 68	7 29	0 98	43 36	25 41	74 81	59 90	56 22	5 96	54 52	79 21	36 89	45 67	8 89	44 61	46 66	47 68
29 6	61 4	53 82	74 13	60 2	17 28	55 81	47 55	46 30	10 46	71 15	73 22	68 90	69 29	54 54	20 34	58 11	30 29	27 65	23 74	63 85	39 85	65 44	14 50	4 80	78 59	38 38	48 23	72 7	19 7	52 6	40 2	3 77	67 59	59 3	11 58	62 2	56 76	45 52	13 63	0 25	31 80	36 19	79 70	66 62	16 65	21 61	77 58	25 13	42 28	2 81	8 87	26 36	9 98	32 94	70 4	33 37	15 99	12 32	1 19	28 36	41 66	51 92	57 13	43 8	7 99	37 80	6 81	75 70	5 83	50 87	44 9	35 1	24 83	18 44	76 11	49 11	34 91	22 75	64 12
42 84	47 38	39 38	12 54	25 95	55 81	7 11	6 55	35 71	1 19	48 27	21 20	8 36	32 39	72 38	45 56	63 19	65 98	27 11	40 95	13 72	24 28	10 36	57 92	79 82	26 35	28 15	14 39	23 77	67 25	60 53	18 11	54 26	36 55	29 21	43 87	15 99	64 50	53 73	61 47	58 47	16 49	68 31	56 60	5 45	50 46	78 14	20 98	52 66	11 79	44 11	76 62	17 19	22 94	75 67	37 82	34 95	62 76	41 22	19 3	59 35	33 49	46 19	4 29	9 29	49 81	30 43	66 87	38 72	31 64	74 93	69 22	71 93	73 3	77 50	2 30	3 57	0 11	51 51	70 63
6 67	40 65	35 8	76 71	33 16	69 38	16 31	71 66	70 46	48 57	61 78	59 32	15 66	1 30	17 5	5 43	50 91	58 42	34 60	25 92	42 97	54 7	57 3	26 66	22 56	37 56	52 10	28 27	41 25	47 21	20 15	63 85	43 92	18 54	51 64	3 1	8 20	62 44	4 68	19 1	14 57	64 43	27 35	77 14	60 46	72 76	10 69	56 67	55 1	73 25	66 93	7 83	75 41	31 94	30 6	68 91	49 31	67 49	53 60	46 7	38 65	39 72	29 34	79 90	12 93	11 28	24 2	44 32	9 66	78 50	32 28	23 99	74 31	36 54	45 9	2 48	21 8	0 39	13 44	65 36
42 79	27 78	26 33	17 95	43 2	63 78	14 7	64 92	51 11	1 34	69 87	8 78	20 63	56 98	19 17	35 72	68 55	45 56	75 3	2 52	57 80	13 30	40 15	0 57	30 54	76 63	55 90	21 16	62 54	12 57	32 79	46 53	16 29	15 32	11 84	77 96	10 50	58 35	70 29	7 28	18 54	48 38	44 83	52 75	73 46	47 39	33 8	25 7	50 41	74 93	79 39	28 15	78 33	60 80	54 35	67 16	29 38	34 97	31 78	22 36	41 38	36 21	5 81	49 33	9 53	59 65	71 81	72 54	39 12	4 16	6 7	38 71	37 19	65 92	23 86	53 36	66 69	24 3	3 23	61 6
50 79	26 10	54 21	19 23	4 71	7 80	60 99	8 2	29 8	41 7	33 37	72 71	73 60	3 11	70 78	38 27	40 55	44 13	18 4	6 8	16 25	49 18	0 94	47 48	10 75	25 12	57 90	17 43	64 62	34 9	22 18	67 36	63 66	28 84	9 81	66 85	37 95	69 98	76 42	2 67	58 15	51 18	5 43	45 19	42 91	55 85	13 15	35 11	71 60	75 5	23 41	24 96	61 6	32 67	74 46	53 8	48 48	1 42	59 87	78 94	15 98	11 81	31 95	62 99	68 5	36 60	43 87	39 88	21 15	79 70	12 43	27 47	52 94	14 11	77 30	65 55	30 83	20 64	56 90	46 66
47 94	37 27	42 8	9 87	34 23	64 15	63 46	25 14	0 47	7 72	24 72	6 93	2 7	5 83	77 25	66 98	21 95	3 83	33 55	58 18	41 56	44 12	79 18	46 90	55 67	72 17	51 51	26 15	8 30	49 79	30 84	75 73	45 3	65 70	35 29	23 23	53 11	73 28	14 9	71 8	1 23	76 61	27 47	19 63	29 97	22 18	39 45	68 44	32 20	48 61	31 9	60 95	16 88	54 13	40 41	10 81	50 32	62 43	12 12	59 61	74 45	17 99	56 74	18 72	15 80	61 56	78 43	36 88	43 57	67 6	28 22	38 80	11 46	57 2	69 15	13 73	52 18	4 59	20 19	70 65
58 66	29 89	77 12	32 94	9 17	38 48	21 34	6 49	79 8	1 82	62 51	73 30	10 90	70 90	54 43	69 90	75 33	3 4	52 79	20 6	36 72	13 82	53 46	26 80	61 84	68 29	19 72	64 40	78 99	24 69	74 20	72 34	41 2	33 94	46 2	39 8	27 44	34 13	8 74	43 27	12 32	0 97	56 90	57 11	55 41	71 50	30 18	4 99	2 84	5 33	23 17	51 19	60 72	47 6	31 58	48 66	76 55	44 42	65 32	63 28	15 88	14 16	66 76	37 40	17 67	16 66	59 66	25 7	11 78	18 55	49 47	42 25	50 72	7 97	35 95	28 99	22 96	45 23	67 82	40 90
28 64	66 47	42 47	27 41	37 9	15 52	34 62	73 12	61 98	43 76	41 67	38 81	13 12	51 34	70 50	76 14	58 53	3 32	1 59	52 23	6 15	9 30	62 68	17 95	77 68	16 83	50 26	10 75	36 67	57 37	45 25	56 76	19 22	72 15	59 40	78 27	55 88	2 70	60 78	7 46	75 83	21 60	26 61	35 55	63 61	14 3	32 96	46 31	8 52	64 28	31 35	74 68	11 47	53 89	5 78	24 92	22 16	79 28	65 54	25 94	47 41	18 86	69 94	44 49	39 5	29 99	12 2	67 7	68 59	33 79	4 35	20 27	23 95	49 24	0 17	40 19	54 58	48 96	30 18	71 35
46 96	17 9	20 89	69 61	2 52	45 99	73 50	61 91	19 66	54 64	5 31	37 99	38 92	53 32	44 77	34 67	31 49	79 20	25 93	77 72	39 28	42 60	21 13	40 96	67 9	71 66	12 73	57 37	15 60	62 68	36 53	52 15	68 39	49 40	35 40	30 1	70 95	0 1	59 21	28 67	58 6	1 34	75 91	24 56	10 73	63 37	48 47	3 43	50 50	22 37	13 73	16 74	78 57	66 57	51 23	56 94	41 49	23 15	9 85	65 55	33 75	27 32	14 56	32 15	8 3	7 56	26 37	47 82	6 13	74 57	64 37	72 7	11 78	4 59	43 20	76 60	18 33	60 81	29 15	55 8
77 35	51 34	59 46	62 96	57 94	40 34	64 48	47 35	46 45	61 58	17 70	2 38	14 64	65 26	48 59	8 36	70 95	16 70	55 42	78 34	36 33	12 35	72 89	27 42	35 3	38 48	34 13	66 16	73 80	29 17	42 14	22 13	11 39	21 40	44 48	41 25	67 90	56 92	13 99	69 94	25 23	45 62	18 63	71 15	9 16	26 1	53 56	5 45	68 36	76 10	58 11	10 3	49 86	0 21	43 16	54 42	7 26	23 88	15 4	39 67	33 90	52 55	74 28	37 64	31 58	63 1	6 21	75 1	28 49	32 68	30 71	20 10	24 80	50 21	19 29	1 44	60 25	3 12	4 28	79 50
48 84	29 11	58 56	11 15	69 62	60 73	7 92	46 82	27 12	56 67	34 14	10 51	13 45	53 97	64 23	67 80	68 99	78 7	36 70	44 3	16 84	20 23	6 8	24 85	62 54	76 34	23 9	59 69	32 52	79 44	50 96	25 74	9 63	63 35	5 63	39 49	17 38	77 83	33 80	2 61	42 76	51 42	14 34	3 57	22 11	1 16	38 70	70 57	45 98	52 79	4 43	35 77	73 97	72 36	26 38	21 75	41 53	61 81	54 51	31 72	0 48	30 75	49 88	19 79	75 89	43 37	18 68	12 53	8 71	55 39	47 86	66 97	37 78	40 26	57 43	28 34	65 49	74 31	15 29	71 86
74 21	3 85	45 75	30 84	9 42	28 7	29 62	78 73	53 50	39 61	36 4	46 67	64 80	77 76	73 90	51 35	76 90	5 84	7 4	15 18	19 24	13 27	26 46	12 18	70 47	33 9	8 76	31 82	68 56	11 1	25 45	55 12	6 88	24 41	27 12	63 62	52 40	0 77	79 95	61 68	71 18	54 45	16 43	49 20	34 29	17 34	4 5	59 73	65 4	32 12	21 5	58 55	69 67	35 5	40 92	41 38	37 62	38 39	50 77	66 83	23 31	62 44	18 20	2 63	75 2	47 57	10 2	20 46	44 46	1 84	67 75	72 60	57 73	14 18	60 3	43 89	48 67	42 56	56 32	22 81
