10	80
6 66	65 162	70 39	72 44	67 154	18 96	25 18	52 68	0 79	24 161	17 14	29 135	38 195	11 150	75 182	48 20	40 54	54 103	32 168	16 125	1 57	20 66	47 161	44 104	2 90	43 155	41 20	50 52	26 73	79 64	31 28	35 75	71 147	7 104	53 189	10 198	42 158	63 32	57 49	12 13	9 12	78 20	55 87	28 183	76 152	60 16	23 27	62 18	8 40	68 159	64 109	19 142	5 151	13 109	34 167	30 158	37 10	3 92	61 91	15 16	51 91	14 52	56 147	69 99	46 96	45 169	49 15	66 138	74 67	4 174	77 46	73 139	39 13	36 185	27 94	21 116	59 108	58 61	33 118	22 43
48 131	31 105	62 193	44 151	67 198	52 171	16 56	4 184	11 71	17 110	56 36	34 90	12 41	49 75	46 80	35 110	29 92	61 66	57 142	60 106	47 103	76 72	24 56	75 71	22 113	66 114	55 176	18 18	30 101	26 34	54 25	68 89	45 39	15 30	14 72	28 110	10 112	0 23	5 81	63 73	41 199	32 135	50 83	1 147	36 72	65 20	59 95	70 58	40 121	42 93	33 17	71 67	72 58	77 121	13 56	8 7	78 180	58 101	19 12	21 97	69 1	73 22	53 183	9 113	23 14	64 38	38 80	79 101	20 130	2 88	74 73	37 70	7 114	39 35	25 11	43 137	27 24	6 65	3 178	51 178
25 107	24 62	11 58	68 110	35 140	8 95	49 155	58 43	26 87	33 34	60 93	28 32	46 86	34 104	53 30	47 194	67 75	75 184	12 56	31 29	48 38	2 194	40 58	70 48	0 16	71 21	61 60	4 40	65 88	18 72	55 29	22 196	74 61	76 102	39 41	45 192	29 33	19 105	44 193	42 111	51 17	38 9	13 19	54 116	66 54	6 61	43 55	17 177	16 28	21 32	62 87	77 154	59 55	30 187	57 50	52 26	56 38	10 167	1 58	20 173	37 168	79 200	9 182	7 30	64 44	14 177	72 156	41 174	36 118	69 134	73 25	50 125	27 130	5 136	15 46	78 48	3 48	32 126	23 20	63 19
12 96	75 43	61 156	22 98	55 85	13 100	53 17	14 195	24 85	21 183	2 79	8 154	35 69	70 171	52 37	5 89	7 53	48 86	3 126	32 85	45 194	41 74	49 158	59 137	38 145	47 162	46 11	58 34	11 7	23 76	37 128	26 33	39 40	0 96	40 105	10 122	42 111	79 105	6 102	44 121	4 10	29 145	20 42	76 97	57 19	62 116	16 141	1 172	63 157	64 11	71 12	74 89	19 54	68 145	78 168	18 176	72 77	28 145	36 33	69 43	15 61	50 195	33 157	67 133	51 61	9 83	56 109	65 35	54 51	60 31	31 166	34 38	77 66	27 120	30 62	43 87	25 196	73 18	17 188	66 48
7 36	28 106	21 114	10 55	34 69	58 57	49 11	66 92	78 200	5 136	77 29	13 98	18 109	4 177	14 187	17 3	24 59	69 35	27 18	19 114	29 58	45 198	61 53	47 102	22 13	31 185	41 75	2 27	1 129	43 30	0 36	48 181	75 107	23 147	40 100	65 92	50 146	16 98	35 117	15 15	59 116	74 65	73 121	51 185	52 164	30 114	57 118	42 156	12 187	71 8	62 143	68 158	37 26	8 42	76 91	38 47	32 32	54 171	79 37	56 149	46 89	55 167	3 111	36 156	53 88	72 179	11 146	33 108	70 141	60 47	67 31	64 188	39 138	9 110	25 13	63 162	6 62	26 185	20 104	44 13
21 135	73 185	12 76	74 169	71 37	18 143	58 166	4 187	14 116	47 101	35 139	48 171	60 165	59 178	70 28	10 141	43 32	27 159	54 108	9 149	22 9	0 104	11 44	2 143	20 180	64 151	52 96	6 198	68 35	41 185	42 192	1 31	32 172	39 21	19 41	67 192	3 23	46 4	29 125	5 43	15 187	37 29	66 30	40 109	72 90	31 51	33 87	30 9	36 123	13 110	44 185	34 81	7 23	16 103	69 178	77 77	23 88	61 76	17 49	55 40	50 117	75 78	25 67	49 73	38 129	62 84	57 65	51 106	76 165	53 87	78 86	63 158	65 118	79 30	45 22	8 159	24 101	28 138	26 67	56 18
27 36	32 137	10 51	24 127	34 76	53 156	26 178	72 45	77 115	4 181	59 200	78 9	48 114	57 103	37 167	19 101	1 184	17 142	39 185	54 165	30 140	45 166	36 110	47 39	0 1	71 109	25 156	49 72	28 108	64 100	8 108	63 186	3 59	41 95	7 141	42 39	75 182	16 105	79 67	55 180	66 74	38 97	40 53	68 52	70 159	46 103	31 178	15 67	5 50	74 186	56 96	20 85	14 180	69 67	61 140	50 70	65 155	9 144	44 36	13 119	12 184	35 149	43 95	76 28	21 119	33 125	22 78	52 160	18 1	29 12	51 31	58 192	6 58	11 197	67 88	62 155	73 9	2 126	23 34	60 114
60 16	70 126	37 92	15 56	35 170	74 68	28 78	64 96	24 160	39 146	75 93	32 144	30 47	54 172	67 146	21 173	44 109	29 119	62 88	42 3	25 33	77 9	2 163	69 175	58 101	66 11	51 80	23 90	26 127	59 48	8 179	22 81	1 68	40 184	6 91	19 138	61 98	27 21	11 79	57 98	5 61	52 146	12 190	53 98	79 37	76 36	63 97	47 88	16 54	10 112	50 165	7 117	78 156	45 163	49 11	17 43	14 66	41 151	65 87	0 95	71 158	73 179	68 109	38 200	20 193	46 144	18 139	55 130	31 184	13 39	48 125	4 2	9 129	3 189	43 123	34 14	36 83	33 82	72 156	56 30
65 35	77 92	36 143	39 72	6 19	40 116	37 148	57 67	76 88	23 63	33 20	21 17	75 57	48 75	49 58	20 14	34 105	67 70	74 171	0 177	72 68	53 173	16 72	26 164	18 98	12 125	71 149	35 45	42 10	38 16	19 33	54 91	5 198	32 7	62 67	8 67	56 85	30 182	4 170	68 25	13 143	25 59	1 141	52 72	11 60	66 33	61 179	2 62	45 170	15 34	78 146	27 90	47 23	46 125	58 56	55 130	63 85	3 25	51 84	64 111	70 191	9 105	7 49	73 63	69 99	31 101	22 28	17 187	59 176	29 131	60 61	24 68	28 13	79 53	10 37	50 182	41 107	44 59	43 142	14 42
66 19	30 191	1 156	39 137	8 122	11 97	40 78	35 37	25 9	24 175	50 74	2 121	69 100	20 148	71 90	79 112	12 11	42 156	74 119	63 183	33 88	57 47	29 97	70 118	58 190	43 27	23 111	67 80	38 120	10 77	15 60	47 120	18 170	36 94	27 165	0 111	26 113	6 62	9 72	78 89	5 78	59 81	44 175	73 158	60 186	34 4	51 86	49 193	46 34	41 134	55 118	77 80	16 122	32 193	45 57	4 62	7 134	72 120	76 35	3 27	21 191	14 117	62 78	56 169	17 59	22 120	48 60	52 95	64 147	28 182	31 11	53 120	13 107	68 192	75 195	37 168	54 119	19 165	65 44	61 152
