30	30
8 91	15 53	13 41	17 64	4 72	16 23	0 38	21 64	24 52	5 17	14 71	20 45	11 43	29 50	3 51	22 83	9 52	26 83	18 83	27 98	19 23	28 80	10 48	2 52	25 98	6 44	23 50	12 81	1 70	7 27
3 94	15 38	24 34	23 15	19 68	0 41	9 92	17 81	5 48	11 2	4 67	25 14	6 24	21 67	10 70	14 2	26 33	20 61	7 38	1 38	12 12	22 61	28 8	16 59	13 24	18 13	8 73	2 48	27 17	29 23
14 30	0 81	22 75	25 58	20 79	26 84	6 92	19 79	27 41	13 54	7 93	2 35	21 91	8 92	17 24	11 20	3 45	4 47	15 94	5 19	23 76	9 77	16 43	24 15	28 3	18 62	29 33	1 60	12 6	10 51
23 68	25 70	21 84	27 74	18 38	5 52	13 90	14 98	4 23	17 47	24 77	8 6	15 91	26 40	22 87	12 91	0 81	20 63	3 10	1 2	9 82	7 85	19 36	29 40	11 81	28 64	16 22	10 34	6 4	2 5
21 71	27 10	16 38	24 23	11 81	13 92	3 18	12 34	29 35	6 38	15 47	25 64	22 34	10 34	14 47	17 5	18 95	8 50	5 3	23 66	2 1	1 47	0 2	19 23	28 76	4 92	20 46	26 99	9 86	7 23
8 67	10 51	17 56	2 41	21 96	6 79	7 84	19 10	12 21	9 99	25 40	28 16	22 32	11 97	0 35	15 6	3 28	18 80	24 91	23 49	1 83	4 55	26 10	5 21	20 5	13 14	16 38	29 25	27 73	14 53
22 18	25 97	16 46	9 46	27 89	1 83	10 7	26 72	15 81	28 25	14 39	0 81	21 59	11 80	18 84	7 17	12 71	5 63	6 40	4 96	3 89	24 53	2 72	23 57	13 99	8 80	29 76	17 61	20 4	19 38
1 47	21 41	16 72	9 74	22 30	24 29	3 29	13 97	7 55	12 67	28 50	2 82	17 26	10 15	15 62	19 93	5 23	11 5	23 68	27 81	8 59	18 64	29 6	6 72	20 64	4 1	14 17	26 37	0 31	25 53
0 54	21 42	6 76	25 56	26 95	11 42	16 84	5 67	2 30	18 83	3 19	7 36	13 76	22 87	10 57	15 59	24 94	1 3	4 77	28 34	12 77	29 89	23 17	17 12	27 78	20 58	9 48	8 36	19 81	14 3
27 17	3 99	24 30	0 21	14 9	7 99	15 30	29 91	4 86	25 77	9 75	19 75	17 92	18 93	16 9	28 18	22 89	1 28	26 93	5 40	23 14	11 97	13 19	12 62	10 35	21 36	20 53	8 42	6 25	2 72
8 45	9 41	10 88	22 74	26 53	5 29	24 69	6 88	20 63	18 34	14 40	2 99	17 15	29 52	3 87	25 64	13 51	11 26	21 30	23 44	7 26	15 15	27 58	1 39	12 9	28 19	19 53	4 29	0 29	16 24
6 5	20 90	14 79	27 90	3 90	9 47	23 13	16 29	17 79	24 77	8 47	21 14	13 36	2 63	4 55	26 91	5 27	11 22	18 58	28 60	7 50	22 8	12 23	25 95	1 61	19 60	10 48	0 36	29 67	15 55
14 48	5 34	11 5	3 47	29 5	7 43	6 1	12 50	1 50	22 23	27 70	2 24	0 43	15 67	8 79	4 85	26 97	13 56	16 69	17 28	24 1	25 37	23 70	28 59	20 43	9 54	19 53	18 53	21 42	10 39
21 10	16 49	24 99	19 46	8 26	9 30	28 3	26 77	3 48	4 28	6 17	11 21	0 23	12 26	20 11	18 78	27 9	15 16	1 5	17 6	13 70	22 96	25 80	2 79	7 17	14 92	10 49	29 3	23 45	5 65
11 47	26 30	4 97	23 65	9 38	29 70	28 37	19 94	27 67	3 26	22 90	16 72	21 96	12 79	0 73	20 29	7 18	17 92	18 42	25 98	24 72	8 1	6 31	1 67	2 2	13 72	14 69	15 14	10 27	5 65
10 17	0 63	11 51	3 80	25 27	12 33	16 60	23 54	7 90	14 64	4 51	26 6	17 72	2 32	13 53	18 1	1 84	19 28	6 52	22 89	15 72	9 58	21 42	20 99	8 11	5 14	28 73	29 63	27 11	24 85
4 90	20 99	15 49	1 3	11 59	7 79	2 83	24 65	29 13	6 21	17 26	13 43	16 20	19 43	9 59	28 53	8 46	5 7	26 54	22 32	0 42	12 97	14 67	10 27	3 65	25 56	21 94	18 67	27 8	23 98
7 49	20 78	29 67	25 63	5 7	23 36	24 67	28 19	27 62	26 11	18 47	11 92	16 96	22 53	2 62	6 74	13 87	15 53	9 86	1 64	8 42	4 40	10 26	12 25	17 84	0 72	19 97	14 5	21 85	3 38
13 8	2 49	11 43	3 63	16 62	24 3	6 36	9 38	27 22	0 64	4 59	29 5	28 72	17 12	25 73	10 48	15 82	22 73	21 11	19 6	8 98	23 27	14 94	5 83	12 43	1 12	7 72	18 1	20 36	26 62
12 46	20 34	15 70	24 10	23 35	18 75	3 18	10 14	0 99	8 70	13 23	29 71	27 72	16 62	22 85	9 91	21 66	7 86	2 55	17 95	11 88	19 87	1 19	26 65	6 84	5 5	4 82	28 33	14 14	25 99
29 23	18 91	27 66	26 8	17 38	3 70	25 35	7 50	0 9	14 8	11 8	9 55	1 81	6 76	15 58	23 3	2 69	13 80	16 28	5 90	12 63	20 27	21 44	24 83	19 32	4 38	8 54	10 83	28 83	22 72
23 44	4 50	5 8	8 60	24 84	28 12	13 55	7 62	10 61	20 78	25 18	19 43	16 23	6 97	15 9	0 79	26 7	1 24	29 98	12 97	14 51	21 93	3 89	11 41	9 64	18 25	27 18	17 29	22 85	2 83
26 96	11 58	25 93	29 59	13 87	7 43	0 20	8 83	15 63	4 97	17 38	1 88	6 15	20 63	14 48	12 26	9 44	27 96	16 40	19 11	10 90	2 34	23 6	22 27	18 14	3 46	24 16	28 56	21 67	5 11
2 6	18 91	17 71	3 10	0 4	6 81	8 36	24 96	14 55	16 95	15 4	13 88	7 13	11 93	1 90	10 14	9 26	26 68	12 45	5 58	20 26	4 93	25 73	27 64	22 1	23 2	19 50	21 42	28 71	29 85
17 73	7 39	16 71	10 22	19 85	6 83	1 66	22 60	29 11	5 9	18 12	27 9	4 58	3 80	20 33	23 96	9 70	25 41	2 8	13 69	11 32	0 72	15 28	28 17	12 67	21 50	26 48	24 67	14 99	8 57
5 77	7 99	29 7	26 68	20 86	15 46	2 73	8 79	4 15	9 28	1 68	23 43	0 16	13 93	18 58	3 52	21 83	28 75	17 74	22 6	24 79	27 5	11 23	25 35	14 98	10 53	12 21	16 97	6 75	19 75
1 88	10 20	8 82	9 35	14 14	6 78	3 6	29 23	16 80	21 19	15 48	19 73	20 30	26 31	0 88	24 95	7 95	12 75	28 29	25 1	11 86	4 27	27 6	2 4	22 89	23 11	5 61	18 46	17 54	13 86
27 44	24 49	16 35	19 9	23 23	9 66	21 87	12 28	20 53	26 69	6 11	7 8	25 75	15 80	3 74	13 10	18 44	5 81	8 83	17 62	29 18	28 4	1 68	14 62	4 70	0 51	10 85	22 79	2 9	11 80
22 54	1 77	23 22	12 31	9 24	27 79	10 8	8 95	13 65	6 4	20 26	3 60	2 99	11 78	26 71	28 82	0 12	7 53	15 96	29 93	5 12	14 60	19 19	18 11	24 8	21 94	25 4	17 90	4 80	16 99
0 28	12 86	27 4	29 17	7 74	28 67	17 52	1 72	8 43	25 91	20 32	24 45	3 8	2 28	11 83	5 28	15 26	13 19	19 33	22 68	6 91	9 54	16 70	14 49	26 50	10 87	4 28	23 99	18 37	21 9
