80	10
2 8	5 4	0 46	4 58	8 38	6 15	9 27	3 12	7 18	1 15
4 7	7 26	1 65	3 25	6 70	8 83	0 83	5 57	2 68	9 60
4 18	6 6	5 65	7 70	1 38	8 33	3 25	9 66	0 37	2 4
9 73	7 40	6 33	8 15	2 20	0 26	4 22	1 58	5 71	3 35
1 92	3 19	0 1	5 87	2 24	7 16	4 85	8 25	6 94	9 24
4 1	9 35	7 75	5 25	2 73	3 33	8 97	1 63	0 64	6 3
5 64	0 27	7 3	9 63	2 94	8 6	4 27	6 77	1 74	3 51
5 21	1 8	4 72	3 88	0 39	6 77	8 74	2 45	9 33	7 5
4 43	2 87	8 79	6 15	1 61	0 12	7 24	9 48	3 21	5 8
5 29	0 93	1 26	9 75	8 12	3 25	6 47	2 14	4 72	7 30
3 77	9 61	1 27	5 90	0 40	4 81	2 37	8 67	7 55	6 62
5 71	6 84	0 9	3 73	4 62	8 41	7 91	2 76	1 54	9 44
6 32	9 83	7 4	2 16	1 35	8 34	0 38	5 13	3 22	4 79
8 31	4 50	3 49	9 67	0 33	2 38	7 65	6 93	5 43	1 18
6 63	9 53	0 26	5 25	7 14	4 84	8 13	2 62	3 93	1 38
3 1	9 31	0 14	4 39	8 24	1 34	5 93	7 59	6 81	2 35
2 35	6 27	0 71	7 68	8 40	4 3	3 1	5 31	9 3	1 57
7 25	4 31	6 23	8 6	9 91	2 46	3 76	5 18	0 99	1 24
4 66	3 22	0 62	8 75	9 64	1 49	2 25	5 43	7 42	6 34
0 76	7 19	4 61	9 59	3 29	2 57	8 18	6 20	5 1	1 52
8 8	4 83	6 73	1 36	2 84	9 90	5 48	0 62	7 51	3 80
9 50	2 25	8 51	1 69	4 70	3 26	7 41	5 50	0 88	6 57
4 81	6 57	9 48	2 77	5 51	0 52	3 61	8 7	7 46	1 97
3 97	8 15	1 5	5 90	6 14	0 88	9 5	2 36	4 90	7 48
9 50	2 6	4 13	8 50	7 83	1 85	6 89	5 80	0 43	3 18
7 72	2 14	8 43	0 85	9 7	4 93	5 52	6 89	3 98	1 22
6 1	7 4	8 54	3 56	1 65	0 6	9 41	2 74	5 15	4 60
9 14	4 57	5 75	3 72	7 66	8 58	2 70	1 94	6 46	0 84
4 62	5 25	3 75	1 5	9 63	6 49	0 80	2 40	8 37	7 99
0 25	8 87	6 30	9 86	1 9	2 90	4 90	5 42	3 87	7 21
5 72	9 9	2 1	8 13	4 66	1 99	3 31	7 20	6 95	0 70
3 34	1 88	7 88	8 30	0 8	4 7	9 19	2 65	6 14	5 73
0 30	1 3	5 73	6 15	3 10	7 17	9 45	4 26	8 8	2 16
7 9	5 74	9 81	2 5	4 5	8 92	0 64	1 99	6 4	3 81
0 15	1 46	2 10	9 74	7 47	5 26	6 75	8 67	4 81	3 3
3 17	6 51	5 19	7 11	4 96	9 63	1 4	8 12	2 55	0 46
0 81	3 78	6 64	9 78	4 96	1 43	7 48	5 2	2 58	8 24
2 98	0 4	4 21	8 87	7 16	1 13	5 99	9 94	3 12	6 1
8 66	0 41	2 53	3 59	7 88	9 44	6 93	5 65	1 97	4 52
6 4	9 18	4 47	0 59	2 29	5 79	7 88	1 28	8 8	3 73
1 11	0 49	4 94	3 36	9 93	7 66	5 22	2 4	6 94	8 68
0 25	7 55	4 26	9 32	1 1	6 45	8 24	2 98	5 50	3 29
4 38	8 53	6 47	2 49	1 66	9 5	0 58	7 53	5 68	3 88
3 36	9 78	7 48	2 9	8 18	6 24	1 21	4 56	5 11	0 66
5 13	9 70	4 28	0 83	1 52	7 65	6 52	8 26	2 68	3 61
6 5	5 63	4 64	3 87	7 74	1 67	0 85	8 41	2 33	9 33
9 55	6 39	7 36	1 52	2 39	5 51	3 36	4 88	8 28	0 81
3 96	5 59	6 5	7 4	8 48	4 94	0 56	1 50	9 71	2 40
9 33	2 33	7 23	5 31	0 78	4 55	8 43	6 49	3 23	1 15
4 42	3 90	9 41	7 53	6 12	0 34	8 73	2 8	1 43	5 73
7 56	8 59	5 59	9 6	6 26	4 69	0 19	3 29	1 16	2 85
7 14	4 12	8 31	9 88	2 30	6 11	0 6	3 8	1 90	5 57
5 98	4 60	9 63	7 28	6 75	0 13	1 4	3 91	8 37	2 43
0 9	8 34	9 81	7 25	2 35	1 98	4 39	5 38	6 99	3 99
6 32	7 32	4 22	2 26	0 65	5 87	9 21	8 29	1 37	3 33
1 31	8 14	9 81	4 16	5 25	3 91	6 79	2 47	7 11	0 49
7 21	6 15	3 43	2 9	4 68	9 39	0 14	8 74	5 86	1 20
3 50	8 87	1 81	7 94	6 16	9 8	2 37	0 48	4 94	5 40
2 64	9 73	0 59	1 79	7 12	6 1	3 63	4 54	8 93	5 53
7 12	3 98	9 51	8 50	6 38	0 52	1 11	5 99	4 90	2 59
9 57	2 76	1 25	0 25	3 93	4 98	6 86	5 21	8 99	7 66
6 84	2 70	4 44	7 32	3 67	8 30	9 80	1 91	5 48	0 80
7 34	3 6	2 19	1 13	4 77	8 97	0 22	6 30	9 93	5 66
4 13	9 11	6 57	2 86	7 19	0 48	8 41	1 89	5 60	3 73
0 50	8 72	1 82	4 21	3 95	9 80	2 88	6 91	7 39	5 91
2 43	4 24	5 92	0 76	1 47	6 44	7 52	9 4	3 11	8 67
9 9	3 83	6 42	0 36	1 32	5 49	7 67	8 20	2 59	4 32
2 10	7 68	5 29	4 73	0 79	8 11	1 86	3 33	6 13	9 81
8 82	3 2	6 39	7 72	2 7	9 25	5 19	1 19	0 66	4 16
0 28	6 95	9 84	2 10	5 27	8 56	7 47	1 57	3 85	4 50
7 18	2 77	4 5	3 10	0 12	1 73	8 70	5 18	6 68	9 4
7 10	4 17	3 14	1 69	6 99	0 72	9 66	8 78	5 81	2 50
3 43	7 78	6 42	5 83	9 36	0 55	4 7	8 16	1 39	2 93
9 43	2 46	6 48	5 46	3 6	0 9	7 91	8 23	1 24	4 13
8 84	1 50	7 94	6 18	3 89	4 51	2 55	0 7	5 64	9 28
4 60	8 12	3 39	5 82	1 82	2 81	7 89	0 28	9 54	6 69
0 63	4 31	3 37	8 49	7 17	1 86	5 48	9 18	6 46	2 63
8 58	0 36	1 39	3 89	7 35	4 91	2 97	9 6	6 60	5 84
0 8	8 92	5 21	2 97	1 67	3 96	4 38	9 21	7 38	6 9
8 70	1 1	7 41	2 60	9 7	6 65	3 63	5 39	4 10	0 22
