10	50
2 149	28 174	12 115	48 9	22 10	6 43	46 22	32 66	45 195	25 176	14 162	33 57	1 123	23 174	17 155	37 116	5 20	8 89	10 8	24 49	19 12	30 102	29 30	34 119	11 48	20 154	16 33	3 79	15 171	9 7	26 95	49 10	40 147	13 168	0 126	43 44	42 189	35 141	36 93	41 142	39 164	18 180	7 74	44 52	38 63	27 173	31 46	4 86	47 177	21 47
10 67	40 38	11 123	37 26	16 160	44 138	3 77	48 163	4 4	43 180	7 29	5 21	41 90	18 132	21 53	6 107	38 154	23 72	17 17	28 15	14 79	29 185	34 189	31 146	22 157	30 53	8 110	49 20	47 191	33 113	42 154	9 34	20 79	45 38	27 68	39 55	0 36	25 116	24 72	35 136	1 139	46 61	19 4	2 75	32 147	13 145	36 139	12 117	26 15	15 178
26 144	20 147	34 39	25 103	3 16	44 196	38 119	28 56	30 96	49 54	16 139	36 82	24 22	15 105	7 167	37 77	5 57	21 62	12 137	33 143	31 130	40 6	48 61	1 45	27 149	2 62	9 77	42 181	0 148	45 85	35 115	41 176	11 182	13 28	4 124	47 41	6 48	18 143	17 75	14 177	19 96	39 197	8 41	22 68	10 79	46 3	43 97	32 143	29 146	23 7
29 15	1 195	15 25	30 11	13 149	28 39	47 143	8 1	25 25	9 200	22 48	31 55	6 75	48 101	10 170	23 199	40 55	42 126	39 46	18 142	34 161	37 28	16 136	36 64	38 197	14 36	43 97	46 43	12 84	5 189	19 170	41 56	33 61	4 14	17 107	21 37	26 130	32 125	44 82	11 180	49 164	35 177	3 183	0 124	20 115	2 66	24 80	7 109	27 52	45 87
6 3	13 7	44 130	49 64	25 127	33 123	1 93	4 151	45 140	37 181	30 20	18 197	27 142	5 143	31 71	34 44	38 170	41 114	28 14	8 115	46 91	0 116	15 109	3 37	43 53	7 174	16 194	29 168	35 27	39 175	40 160	12 106	47 125	24 162	14 147	20 176	36 23	9 59	26 125	48 88	2 165	42 17	19 81	21 163	17 116	11 175	32 79	10 54	22 3	23 143
40 28	43 115	45 120	9 57	27 21	19 170	20 80	37 10	30 55	28 118	11 108	24 26	18 94	16 82	21 76	44 97	14 143	38 160	23 96	47 107	29 103	12 193	33 188	7 108	25 48	42 25	32 4	26 52	36 5	4 197	3 162	6 184	35 98	5 137	34 44	39 9	8 93	49 50	15 33	31 99	46 31	48 72	0 161	2 60	41 140	22 138	10 157	1 170	13 88	17 3
42 46	11 126	29 78	2 25	39 150	10 44	22 166	28 93	16 155	32 121	6 4	41 112	12 10	21 149	43 2	47 126	37 195	27 10	1 90	15 67	19 109	7 198	31 117	18 132	4 15	5 106	35 200	3 43	44 86	24 63	13 41	30 194	36 171	17 22	9 160	25 145	40 63	20 6	46 52	8 104	38 111	23 91	34 83	0 81	48 196	14 124	26 149	45 68	49 177	33 149
3 173	46 36	34 139	17 197	23 61	21 61	45 26	32 39	15 67	13 166	12 184	42 149	8 61	22 121	28 108	1 54	49 61	26 35	38 188	43 103	19 88	6 23	0 62	20 25	24 152	47 94	18 177	40 3	4 133	2 195	9 88	31 48	35 78	25 2	16 127	41 19	29 34	10 54	33 41	27 7	36 158	11 102	14 107	30 128	44 200	39 108	48 99	37 150	5 167	7 131
29 81	8 170	7 160	22 47	30 26	23 24	42 94	11 190	28 69	19 31	1 134	47 126	31 33	14 46	41 74	13 62	20 16	46 5	25 110	12 64	6 156	4 114	39 109	0 178	32 175	38 113	3 175	35 113	16 92	49 199	21 84	27 114	18 193	5 11	44 129	37 200	10 76	9 98	17 35	33 68	48 92	24 161	15 79	43 102	34 73	26 189	45 95	36 187	2 106	40 9
25 145	4 52	10 174	26 174	46 4	20 90	13 141	32 114	24 73	38 108	14 45	1 59	42 45	44 69	17 119	31 105	27 163	39 170	30 185	16 179	11 42	40 159	2 53	37 111	9 33	29 197	28 83	35 174	36 25	45 171	7 145	8 93	34 105	19 20	12 112	33 114	6 118	49 151	47 87	41 116	0 194	22 157	18 77	21 39	48 74	3 132	23 74	15 120	43 148	5 90
