60	70
60 62	20 95	48 72	38 50	21 20	5 76	37 56	24 33	51 22	31 45	22 38	28 95	26 50	39 11	11 59	36 66	61 41	55 95	32 84	16 19	63 29	18 1	68 46	42 12	62 50	13 2	54 61	15 47	2 9	8 62	46 87	25 11	3 78	19 28	41 34	1 25	65 75	35 42	33 73	4 75	17 34	52 92	0 6	40 75	59 38	67 6	29 68	7 48	34 7	44 71	27 94	50 69	66 2	10 94	47 91	58 32	30 7	69 57	6 84	57 1	49 1	64 15	14 6	23 3	12 99	43 13	45 95	9 75	53 18	56 18
62 47	61 3	60 45	34 77	58 44	53 97	24 10	43 30	25 93	18 32	17 42	9 63	51 31	3 29	37 36	2 49	29 97	0 74	47 98	63 84	31 79	22 47	14 66	46 45	68 53	26 79	35 52	11 1	65 96	41 16	54 73	69 17	1 80	6 30	40 43	44 23	45 22	20 45	16 80	38 95	33 23	52 9	15 1	50 5	28 35	30 6	56 66	39 84	59 51	23 6	36 42	27 22	5 97	21 31	55 74	64 20	19 62	7 21	48 40	32 91	42 61	4 86	10 7	57 34	66 66	12 97	13 39	67 35	8 99	49 74
10 95	6 65	46 93	17 45	24 60	28 81	48 34	67 26	51 80	56 81	32 89	45 72	44 8	21 21	11 40	66 89	33 19	64 16	63 1	1 32	39 81	9 42	36 61	26 99	41 70	23 6	29 7	65 97	38 77	7 46	69 9	12 4	62 90	30 75	13 35	31 88	47 65	16 21	20 57	19 44	8 46	37 68	25 85	22 63	34 35	49 96	0 19	27 37	5 64	43 34	14 43	35 72	42 70	53 53	52 17	58 37	2 69	59 28	50 42	40 10	15 55	68 80	60 61	55 7	18 53	57 49	3 94	54 41	61 29	4 57
37 44	16 9	6 26	46 98	4 23	5 91	52 9	61 82	57 48	3 63	19 60	25 58	49 72	44 94	32 69	59 55	10 33	66 27	56 72	38 91	51 97	65 87	1 82	14 40	64 36	18 10	39 71	58 56	29 52	15 20	54 44	62 45	24 10	60 60	30 90	55 49	8 64	11 51	28 64	21 86	48 44	7 97	45 25	23 78	20 74	47 82	67 29	26 1	69 32	31 81	17 36	36 4	12 37	9 49	42 27	33 93	68 21	27 4	40 82	22 17	0 25	13 97	34 52	53 54	63 61	43 37	2 66	41 8	35 11	50 81
11 17	53 54	22 57	58 51	57 12	40 88	36 84	54 14	37 75	19 98	3 94	24 15	9 9	7 70	35 63	47 70	44 64	63 33	52 29	8 65	67 97	42 66	28 36	23 59	30 4	25 69	55 55	18 69	27 59	5 97	10 53	21 69	14 92	43 49	66 12	13 42	59 10	56 95	65 41	4 76	64 40	50 54	12 70	6 27	51 22	69 63	32 45	46 15	45 59	2 55	34 22	1 6	61 77	62 97	29 64	20 11	26 12	16 9	33 28	38 53	60 6	0 49	31 7	49 90	39 97	48 64	41 70	68 31	15 70	17 90
25 76	62 47	63 53	68 83	44 49	20 4	46 99	1 3	54 29	33 41	31 68	14 33	17 75	10 13	30 21	61 26	16 49	47 86	51 11	2 14	5 75	64 28	11 56	19 15	40 37	42 91	52 76	3 39	45 52	23 37	58 58	60 20	18 26	66 93	34 41	50 3	65 21	56 82	6 21	59 79	67 88	29 31	69 38	4 58	32 16	12 6	22 91	55 47	24 88	48 13	37 98	43 24	57 75	41 8	13 16	26 61	9 5	39 21	0 24	35 67	8 98	49 72	7 61	15 94	28 44	36 49	21 61	53 67	27 45	38 35
45 29	26 63	17 26	21 72	34 88	59 73	30 13	49 68	43 85	0 32	11 55	68 14	56 15	35 66	22 45	10 43	40 67	60 93	62 12	67 30	55 31	66 30	58 38	27 38	15 7	50 57	69 12	46 20	37 35	54 11	32 44	8 70	9 94	52 84	23 36	38 80	16 79	31 26	63 69	2 1	41 39	24 12	19 4	5 55	14 72	7 79	4 79	28 82	61 20	3 91	64 61	65 68	6 80	12 71	20 23	25 80	29 89	48 17	53 36	39 62	47 46	44 55	1 80	33 91	57 58	36 50	13 80	42 15	51 28	18 70
65 2	66 96	44 1	69 47	67 34	52 7	1 25	38 96	11 71	37 86	35 2	42 50	54 65	53 45	20 54	6 88	16 6	5 5	63 53	31 68	29 32	64 74	39 97	3 11	30 10	7 97	55 40	14 85	56 89	9 94	15 21	32 49	28 6	48 47	49 39	17 65	12 64	41 74	45 48	18 58	2 44	25 97	60 63	59 7	21 88	50 81	27 37	51 93	58 98	23 55	4 79	47 48	13 80	43 5	46 93	62 64	22 30	34 64	36 72	40 91	10 56	68 14	8 21	19 49	61 22	26 63	57 4	0 72	33 67	24 91
49 12	52 96	22 24	65 31	45 95	59 3	1 3	69 15	44 53	54 91	48 4	47 11	18 61	55 87	12 89	24 31	23 77	20 19	41 88	35 88	66 64	36 15	42 66	26 22	2 25	29 36	3 13	61 83	21 47	5 22	58 24	0 44	38 20	53 39	6 74	4 93	34 98	25 58	67 74	31 54	51 3	7 43	13 16	37 13	60 60	62 47	16 62	14 6	9 62	15 78	10 16	39 16	17 58	46 48	28 92	57 23	43 69	63 20	19 60	11 75	40 87	8 96	27 58	56 18	32 51	68 44	64 44	33 94	30 6	50 60
64 6	35 64	33 34	49 4	4 50	63 16	39 56	46 76	20 97	61 56	18 82	42 38	36 91	14 31	45 32	52 91	55 84	32 86	47 42	23 29	1 54	24 7	8 86	65 24	38 24	10 75	16 77	37 17	69 70	28 63	9 49	59 37	53 71	7 91	44 51	11 42	22 80	54 74	17 70	30 5	26 75	21 30	66 50	48 92	50 73	3 79	27 67	68 15	62 65	31 54	34 94	43 80	0 3	5 3	19 59	6 21	15 95	2 65	13 12	60 78	29 82	25 72	56 5	51 75	58 39	41 69	57 90	40 25	67 75	12 22
9 42	46 60	67 37	38 61	34 90	56 7	14 95	3 72	20 87	24 11	25 50	52 92	1 19	61 65	35 67	31 15	54 88	2 83	49 4	17 78	63 42	53 38	48 59	27 87	5 76	8 83	29 23	26 24	55 79	33 13	15 43	30 23	58 41	21 8	7 92	12 89	65 17	41 53	36 33	43 32	0 14	47 73	66 2	40 42	68 13	23 35	44 81	11 19	39 70	62 57	10 74	19 68	37 37	6 16	16 41	50 62	28 2	64 21	59 12	18 98	45 26	69 63	51 4	13 46	57 13	42 93	22 62	32 29	4 40	60 23
8 5	36 36	15 47	35 55	18 49	47 9	32 10	34 66	55 42	25 87	19 30	9 54	23 55	67 65	28 71	60 84	44 81	7 36	29 59	64 82	13 85	2 69	26 50	1 80	39 12	20 30	3 38	48 17	30 57	27 51	51 15	58 45	10 22	61 76	40 27	57 17	63 62	43 23	4 65	37 98	65 47	5 72	11 6	66 27	56 9	17 32	24 2	45 46	69 2	42 98	12 77	49 74	38 54	0 55	54 77	46 36	50 23	53 20	16 23	31 81	62 85	52 39	33 63	68 2	22 57	21 50	59 78	14 18	6 60	41 65
63 66	44 58	7 45	14 10	52 82	28 85	36 42	5 36	50 42	40 45	22 91	57 8	20 60	1 89	58 56	47 32	67 34	0 14	69 98	37 89	4 86	17 32	15 90	61 56	29 10	13 25	30 61	32 26	41 14	46 3	16 56	54 15	59 33	43 35	35 53	18 31	56 25	68 33	65 40	2 23	45 77	12 72	62 84	27 2	21 38	24 41	66 47	60 2	8 82	33 25	11 91	42 23	31 25	53 96	9 20	3 83	55 85	38 55	34 91	49 33	48 6	26 15	6 17	10 64	23 13	64 45	39 97	25 90	19 58	51 52
61 69	15 35	11 61	4 10	64 23	66 53	1 25	36 36	42 88	33 54	23 26	34 13	26 75	17 38	5 97	12 7	0 16	69 23	41 56	32 98	10 9	27 69	68 2	54 56	52 76	50 43	24 21	47 2	60 32	20 17	40 64	13 57	59 56	55 38	29 59	49 74	38 71	19 69	37 54	18 36	51 2	8 3	63 71	3 26	16 87	53 24	65 43	35 31	44 78	14 97	57 14	2 25	7 51	45 65	62 45	6 73	58 26	30 35	21 34	46 98	43 55	67 30	25 2	22 37	48 71	56 16	9 86	39 49	31 84	28 74
49 79	36 21	12 6	27 39	68 36	61 60	35 29	33 88	11 28	43 56	56 16	32 85	46 51	60 77	69 45	55 8	29 80	18 16	5 90	3 77	66 61	19 66	7 66	34 71	40 4	48 66	8 65	59 68	22 67	62 67	67 18	44 76	58 87	1 12	63 76	10 62	21 24	65 18	25 54	52 14	51 72	9 11	47 11	6 98	50 82	45 95	20 37	37 52	57 36	16 22	42 2	64 97	17 75	14 71	38 34	31 2	28 96	41 99	4 51	54 32	26 59	53 36	13 24	15 72	23 85	2 7	30 88	39 3	0 90	24 85
16 33	24 64	13 21	18 72	59 35	47 86	46 2	52 64	41 40	54 57	11 48	5 57	45 39	43 71	0 29	35 70	32 46	64 34	42 37	65 44	60 6	56 76	30 40	8 27	38 47	33 37	55 33	22 46	23 94	17 56	9 70	28 82	62 17	40 93	67 63	15 54	69 63	48 27	6 52	63 70	51 24	26 25	34 61	58 56	29 88	4 38	21 51	50 17	31 83	61 88	20 96	10 73	39 47	7 9	14 98	25 29	44 35	12 45	68 64	1 36	37 24	2 66	53 72	19 39	27 67	57 76	3 92	36 74	49 48	66 74
56 98	49 13	18 2	6 82	15 95	65 52	21 2	8 55	69 58	7 47	11 59	53 92	46 90	54 7	5 89	20 93	67 72	51 93	4 64	27 3	34 59	64 83	47 94	41 63	40 48	23 19	26 63	22 2	58 41	16 99	48 27	1 81	31 67	43 93	62 47	28 17	32 99	3 89	29 89	63 78	25 16	2 28	68 67	50 4	30 54	37 91	13 1	10 26	39 6	57 71	55 58	38 25	24 10	36 35	42 62	14 73	66 15	17 62	59 93	19 4	60 16	33 22	0 57	52 99	9 36	44 25	35 85	45 23	61 54	12 7
60 67	14 52	53 6	42 52	16 29	43 82	56 85	62 23	19 6	27 43	44 38	61 52	33 92	1 95	32 70	49 93	20 41	12 4	23 52	22 43	51 2	3 19	4 86	37 95	52 22	6 84	0 8	64 11	47 16	57 29	31 80	28 12	25 69	45 4	8 67	5 45	7 12	55 77	41 57	2 55	54 84	9 90	34 28	10 78	46 42	13 30	30 29	68 69	26 53	50 66	39 77	11 49	66 54	48 76	65 71	15 63	24 14	36 90	69 61	38 2	63 52	29 21	17 8	67 10	21 67	58 2	35 64	18 84	59 18	40 13
23 12	39 45	9 54	64 14	44 58	66 69	25 74	19 81	37 3	53 63	34 54	58 17	69 5	42 38	16 29	18 7	30 50	62 3	12 22	56 64	22 79	65 1	0 22	55 84	21 46	60 96	59 86	14 15	4 54	26 66	5 27	31 57	52 19	36 83	27 52	3 6	20 60	41 27	15 88	1 79	17 78	61 4	43 4	38 16	68 73	45 31	40 16	11 26	33 24	7 69	6 40	10 68	24 65	47 88	2 87	57 52	67 29	35 17	49 88	32 29	48 72	46 38	29 60	63 58	28 76	51 41	50 64	13 40	8 83	54 94
62 12	45 89	41 62	26 67	61 18	12 95	4 66	40 53	36 72	35 37	17 80	60 41	9 93	51 66	29 64	52 99	22 13	68 37	1 48	15 26	34 50	63 84	46 64	58 83	42 69	6 27	7 50	67 49	57 60	10 62	48 4	11 28	5 17	47 96	54 24	66 16	3 78	39 42	69 51	2 28	25 56	0 45	8 32	49 3	59 28	53 93	30 69	31 62	64 2	28 81	14 39	19 6	44 54	56 70	38 58	65 27	55 12	23 53	21 86	20 29	37 96	27 32	43 34	13 27	24 62	33 93	50 84	16 33	32 60	18 32
6 73	33 5	29 29	44 62	59 51	13 5	39 25	26 61	31 91	21 96	1 49	56 61	42 19	22 95	16 48	55 48	17 12	69 36	14 71	37 2	3 49	52 6	8 81	28 63	51 26	49 42	60 16	57 68	7 24	9 67	65 43	68 91	48 11	2 54	32 44	4 63	61 49	63 26	40 68	15 37	36 33	34 71	66 64	50 56	30 71	11 77	18 89	41 82	64 6	54 86	53 31	12 59	5 65	24 35	19 20	23 44	67 89	25 80	20 34	47 89	43 28	45 83	0 15	38 85	10 78	35 55	58 41	27 2	46 42	62 20
21 89	30 42	42 22	49 44	40 88	57 40	22 91	13 63	56 72	34 24	20 68	67 8	24 56	26 65	37 34	16 52	2 19	14 70	1 51	3 5	52 61	60 29	18 19	69 81	66 84	31 30	25 30	10 16	12 53	68 18	6 46	39 64	46 16	19 38	5 65	59 49	0 62	53 70	48 67	32 75	65 68	38 83	64 70	23 70	9 40	44 26	27 75	63 37	41 94	50 47	7 88	54 48	36 5	55 47	4 51	17 68	58 73	28 30	29 86	62 18	33 38	35 3	61 60	43 48	47 73	8 54	51 5	11 40	45 44	15 50
64 74	13 38	62 60	31 93	58 66	25 75	63 54	28 65	68 46	24 56	43 23	48 75	36 52	35 68	61 30	65 34	10 68	21 54	42 39	53 31	38 66	19 17	6 43	11 83	29 41	14 7	17 72	55 93	54 39	51 26	26 8	27 59	23 83	33 52	56 22	12 33	59 72	67 79	20 89	5 23	32 61	0 37	44 64	50 29	9 73	8 85	15 9	49 68	2 91	16 92	52 94	18 23	45 96	34 99	3 96	22 47	30 38	7 13	41 43	60 87	46 10	47 49	69 4	4 72	57 62	66 54	40 24	37 82	39 19	1 56
10 45	61 38	51 86	54 58	31 23	22 97	53 55	55 24	11 52	57 88	33 45	4 81	63 12	3 7	69 52	30 15	20 67	19 62	42 22	2 99	15 66	23 35	35 13	36 67	67 21	37 70	32 38	9 3	25 15	68 35	65 4	60 83	47 98	50 65	16 68	7 53	46 75	21 58	12 8	6 63	62 89	26 52	44 38	39 75	14 27	43 41	13 26	34 86	52 14	59 80	17 17	1 18	49 36	38 18	41 61	8 64	45 98	24 85	0 24	5 43	27 54	18 37	29 49	56 24	64 28	66 53	48 51	58 39	40 4	28 52
11 36	14 1	18 72	9 51	36 65	52 34	44 78	29 4	41 2	37 97	3 86	35 7	40 36	50 87	34 9	66 17	47 69	46 73	64 10	7 22	17 87	57 26	1 43	58 5	51 96	24 43	16 13	63 24	6 96	53 46	31 87	68 17	49 70	62 28	26 15	39 68	12 55	13 21	61 96	48 86	69 50	25 22	42 21	2 54	23 21	15 76	65 60	54 67	0 13	38 95	56 21	5 76	30 63	27 96	8 49	60 16	20 15	55 61	4 1	21 86	45 45	28 87	43 32	10 46	59 28	67 51	33 36	32 24	22 49	19 76
28 66	37 62	21 39	5 56	44 54	46 14	8 30	13 66	52 55	69 25	53 7	34 7	66 98	3 52	10 89	55 10	30 45	58 11	57 42	61 22	24 24	39 60	27 16	50 12	7 87	25 47	59 88	68 81	15 52	38 65	64 5	56 36	4 71	20 68	6 80	42 8	19 3	48 18	18 32	9 37	45 25	14 57	29 62	23 38	32 28	26 8	63 6	31 42	17 81	65 50	49 22	16 47	54 65	40 13	41 37	22 31	62 62	2 57	11 77	36 56	0 96	47 51	1 4	51 70	12 73	33 67	43 56	67 61	35 86	60 87
56 24	48 6	0 11	69 75	18 56	47 38	23 74	52 57	67 45	63 78	66 13	53 58	33 15	41 20	11 9	49 80	7 99	14 62	26 7	65 4	55 65	21 67	38 94	13 4	45 20	24 35	58 60	28 72	9 56	40 12	10 96	42 37	61 69	19 80	6 55	31 39	22 25	68 18	5 55	2 52	62 23	37 41	51 65	44 28	39 70	59 87	8 42	12 97	64 78	60 76	36 2	16 91	35 59	25 59	4 72	27 77	54 75	17 15	20 85	46 27	15 65	57 98	34 94	3 56	30 7	32 63	50 96	29 75	1 82	43 27
27 96	62 17	65 17	11 28	1 47	17 54	49 42	21 56	4 29	5 7	29 41	9 32	32 36	6 72	43 23	58 94	67 14	16 27	28 4	36 15	55 23	22 72	24 99	64 74	68 13	59 8	13 59	69 97	35 15	0 96	37 1	56 63	48 90	60 9	30 3	44 45	54 51	8 84	61 45	40 75	47 29	15 54	41 2	63 59	51 80	12 67	18 35	2 73	46 35	7 87	26 48	53 98	52 98	45 18	66 15	20 8	38 96	10 2	34 86	33 97	39 15	23 86	42 36	19 45	31 42	50 15	57 69	14 48	3 97	25 51
40 77	30 69	7 77	39 91	38 91	36 84	48 40	28 85	8 98	24 16	16 5	18 2	9 31	52 87	10 92	60 47	45 49	22 24	19 75	11 92	32 74	42 29	46 74	33 25	43 29	23 63	57 39	61 13	27 51	49 30	47 15	4 12	0 53	1 35	34 45	67 2	55 81	44 20	53 33	64 35	3 70	68 80	5 74	17 93	15 11	62 64	65 64	56 38	2 84	6 35	54 68	58 19	12 69	21 23	14 40	63 42	59 16	31 46	25 26	20 51	29 64	35 62	37 22	66 52	13 26	51 17	69 49	50 90	41 63	26 45
49 44	3 20	14 26	61 15	64 25	6 31	16 92	7 50	32 33	56 99	30 48	53 35	52 51	13 58	9 48	43 7	33 1	59 34	38 49	36 37	34 25	63 74	51 14	40 34	11 20	19 94	2 95	57 98	55 74	29 34	47 36	27 42	41 23	60 70	58 99	69 53	23 40	37 47	17 96	31 41	46 65	18 53	24 77	39 66	65 43	12 56	45 94	54 83	5 77	8 55	62 29	0 73	15 89	48 91	44 55	35 96	67 34	21 51	4 26	1 13	10 48	26 88	22 60	28 12	25 27	20 95	68 67	66 72	50 98	42 64
7 47	43 19	65 97	33 15	51 66	36 54	30 73	63 15	69 89	22 42	37 87	52 88	45 69	21 87	67 40	13 93	25 57	8 77	46 12	6 89	68 80	26 93	39 12	55 77	35 31	29 17	31 84	17 83	58 73	3 40	54 49	64 10	5 88	2 82	42 71	11 40	44 47	24 38	14 17	19 63	12 54	28 41	40 9	56 58	62 82	61 28	59 1	50 50	4 55	60 57	23 16	18 97	53 37	47 7	32 38	27 87	48 17	0 45	57 20	34 86	41 13	38 16	66 69	15 92	20 3	49 82	10 27	16 28	1 75	9 80
39 43	42 36	57 65	14 83	32 2	43 37	12 75	20 14	22 38	17 97	67 44	51 3	16 36	46 75	29 20	6 41	61 43	15 59	36 73	10 27	41 46	54 72	4 2	24 82	53 74	49 33	27 92	28 95	66 85	34 22	64 42	8 9	30 2	9 34	11 92	7 61	68 29	37 74	3 22	55 78	13 10	44 71	40 15	33 37	62 30	50 89	21 42	26 7	1 52	35 84	5 36	63 48	45 34	60 9	19 30	23 8	47 18	59 90	31 24	56 4	2 76	18 84	52 24	69 86	38 5	25 15	58 19	48 16	0 13	65 69
17 64	60 80	48 69	18 82	6 5	55 42	2 94	67 26	40 92	36 54	19 62	39 62	1 50	14 54	47 77	35 45	38 99	68 74	4 13	15 56	42 13	57 26	3 70	44 18	5 15	52 39	53 55	49 78	56 22	29 60	33 69	20 5	23 31	34 94	43 48	16 8	50 86	30 17	7 2	31 76	32 46	62 28	25 34	69 70	65 95	24 60	63 67	45 93	10 93	64 42	8 74	9 50	22 95	61 31	37 70	27 3	66 46	51 80	0 47	28 17	12 63	41 57	26 17	59 61	21 10	13 72	54 38	58 57	11 89	46 1
49 40	5 87	12 4	69 21	14 9	1 56	67 49	16 9	38 98	56 63	21 34	65 1	17 10	63 53	54 59	41 80	6 70	8 4	35 25	2 83	43 83	0 87	7 46	48 10	45 52	9 20	13 91	61 10	59 79	10 62	53 54	44 6	57 74	37 97	33 4	22 72	15 58	29 23	19 46	42 2	50 11	23 25	34 93	51 1	32 70	62 67	40 53	66 48	24 70	28 37	20 44	4 41	52 45	27 10	55 78	18 91	46 26	25 75	68 28	58 88	30 20	26 65	31 11	47 10	64 15	36 45	3 30	39 47	60 5	11 50
2 35	59 12	20 85	40 54	14 31	5 50	27 99	26 68	35 50	47 88	55 1	9 65	49 67	11 66	10 1	69 17	60 54	63 2	6 48	54 60	58 69	33 65	66 68	65 62	0 18	17 86	45 89	8 8	37 92	23 31	18 97	30 43	21 95	15 55	43 71	67 3	12 13	13 22	7 56	29 36	56 38	16 42	24 42	41 39	52 9	64 7	62 22	3 9	57 16	31 54	51 69	25 34	36 95	1 25	22 30	53 75	48 51	68 87	28 90	34 83	42 11	61 58	46 8	4 7	50 84	38 21	32 60	19 34	44 74	39 28
41 65	67 67	45 19	19 46	61 19	55 53	40 2	28 91	12 97	30 45	64 20	11 62	47 45	63 91	18 10	62 52	66 49	16 96	50 60	51 56	17 90	29 82	58 86	26 3	27 21	6 98	32 31	53 93	48 48	60 71	31 17	1 84	33 32	5 82	39 10	22 13	59 3	38 36	68 77	34 55	36 79	2 53	24 30	25 66	35 49	15 91	49 1	7 62	8 71	10 23	13 88	43 92	46 62	23 63	21 59	9 55	14 49	0 85	65 37	4 33	54 52	37 38	44 99	20 83	42 69	57 35	56 24	52 94	69 49	3 44
48 68	69 23	50 50	63 46	59 53	7 57	23 23	10 46	18 10	24 62	2 17	4 75	31 77	42 98	32 65	37 13	30 30	57 9	16 99	65 64	14 49	13 89	53 20	35 66	19 58	46 34	67 40	36 97	41 33	47 20	54 67	6 76	15 40	44 7	45 42	58 81	61 86	34 91	60 47	3 54	40 83	17 52	33 30	51 74	55 50	11 54	62 7	28 93	29 31	5 45	0 75	9 76	39 35	22 36	27 40	68 83	66 79	1 94	56 59	26 6	21 31	52 1	64 12	38 92	43 2	25 21	12 61	8 19	20 30	49 34
19 13	63 58	38 43	64 32	22 98	28 86	5 80	45 59	55 78	42 3	65 58	20 43	30 28	66 98	44 69	3 61	2 5	10 59	59 58	6 31	62 90	14 18	15 63	25 17	37 61	52 71	43 12	39 62	31 36	21 86	27 23	40 52	29 39	47 16	57 12	60 81	17 38	1 73	32 75	35 59	49 97	58 94	69 1	68 18	53 7	16 37	12 57	46 96	0 9	9 75	67 96	13 32	24 48	8 6	7 90	23 75	48 59	50 1	33 9	18 55	51 85	4 23	36 27	26 70	11 73	41 17	61 54	56 77	54 2	34 73
20 65	41 47	5 58	16 15	7 33	65 56	56 4	68 67	69 46	48 85	34 7	44 98	19 52	6 22	22 91	15 57	60 21	58 69	23 27	28 76	66 30	61 90	63 43	54 8	45 23	14 75	13 28	46 59	26 8	31 24	67 37	4 94	1 32	27 86	32 64	10 18	57 26	9 14	59 38	21 24	40 57	50 41	55 26	52 55	35 39	33 20	51 48	8 85	18 74	25 83	49 38	11 63	30 57	24 94	36 71	47 80	53 24	29 12	3 19	0 88	42 73	64 9	38 44	12 97	39 70	2 43	17 83	37 3	43 45	62 89
23 36	10 42	59 42	67 82	7 63	2 49	54 57	4 44	32 36	3 96	48 30	61 92	18 79	5 76	56 97	41 49	26 31	52 84	49 52	44 42	45 5	14 40	69 60	62 56	58 14	66 35	47 26	40 42	12 26	55 18	51 75	20 67	64 57	9 88	17 52	36 49	13 22	11 43	53 34	30 40	6 56	25 30	65 61	37 33	21 13	57 19	24 29	27 52	31 7	60 56	38 8	29 80	33 54	28 53	42 83	0 86	34 51	16 28	15 89	8 36	1 30	63 15	43 89	68 73	46 82	35 98	19 2	50 84	39 85	22 16
25 52	51 86	13 49	69 56	30 51	66 56	31 31	60 46	24 75	68 79	7 2	67 45	50 47	20 82	49 96	9 94	57 58	28 8	1 48	0 81	29 99	32 80	4 4	52 88	43 18	12 86	2 9	48 63	15 64	35 54	37 14	38 78	14 68	11 55	5 1	8 27	18 14	46 12	53 46	33 47	36 74	65 2	61 79	54 55	63 24	27 81	6 29	41 34	16 59	10 10	64 99	56 32	17 54	45 86	34 98	21 41	42 26	22 1	3 43	58 89	19 48	26 82	62 21	59 38	44 56	55 65	39 77	47 93	40 28	23 88
56 11	27 35	45 54	15 76	50 66	62 64	17 37	1 12	47 66	46 14	6 60	33 78	43 65	67 72	7 57	11 2	2 57	9 62	36 73	48 52	25 65	30 81	8 77	55 94	21 24	16 10	53 15	69 13	31 72	3 4	40 60	64 15	35 10	24 70	51 83	59 86	19 83	5 15	49 98	22 57	68 74	42 11	52 82	57 60	23 73	38 16	32 96	63 45	37 32	34 90	10 68	12 6	28 21	39 70	61 34	29 30	18 38	26 32	58 34	60 43	13 76	14 8	54 12	4 96	20 54	0 97	66 46	41 33	65 19	44 51
22 37	52 43	62 94	18 79	9 8	67 92	17 89	57 42	47 69	43 54	7 23	12 2	13 79	40 74	29 55	10 57	36 4	30 8	33 55	55 8	27 55	34 61	54 18	23 36	6 33	21 68	38 59	31 68	46 46	41 12	63 34	32 64	58 97	19 28	3 19	25 99	64 87	45 93	61 79	65 48	8 1	51 62	60 21	24 38	20 33	48 52	53 99	50 66	37 68	69 55	16 8	49 19	26 48	42 60	14 53	1 84	4 13	28 71	66 54	39 10	68 47	5 44	35 47	2 11	59 76	56 53	44 10	0 16	11 61	15 79
59 74	45 42	11 13	57 63	50 28	33 26	58 42	54 28	32 86	13 13	27 38	12 80	28 44	39 20	41 53	65 62	21 98	44 28	26 36	60 83	61 44	31 48	47 9	38 51	37 75	16 22	7 96	55 23	34 8	24 6	0 10	53 54	4 29	66 85	9 17	2 17	5 61	63 81	69 78	67 39	22 4	3 60	43 16	8 69	42 13	17 91	46 60	20 17	25 21	35 89	48 25	68 49	19 39	36 94	23 65	30 2	29 8	40 75	64 65	15 7	10 47	51 29	18 32	1 40	6 45	14 43	49 37	52 80	62 68	56 57
53 57	54 76	40 68	31 33	12 81	29 65	34 42	63 44	35 45	28 20	8 86	19 14	11 10	42 12	33 8	47 89	50 63	23 57	62 18	49 90	41 86	24 50	20 93	16 48	13 37	4 44	30 98	56 51	7 13	6 16	51 89	46 70	66 57	55 34	2 13	64 93	21 65	60 41	59 2	18 61	43 81	27 47	3 97	48 20	0 93	44 47	26 44	39 52	57 30	1 87	52 19	65 9	37 19	9 26	25 68	5 75	17 73	15 1	22 38	45 57	32 5	38 66	67 12	58 37	10 80	61 73	36 71	14 41	68 45	69 48
15 25	37 23	47 18	36 78	52 7	14 66	13 73	66 4	40 79	42 78	22 86	20 88	57 66	58 8	38 22	16 81	10 74	65 59	41 21	5 36	3 40	4 42	8 65	7 25	62 94	55 4	1 32	6 93	28 6	60 35	53 95	24 71	12 36	30 7	23 87	44 10	59 10	45 77	9 61	48 27	31 18	69 50	19 11	26 26	21 10	61 1	49 1	2 95	51 18	46 84	68 79	32 28	29 80	35 2	27 47	67 88	17 76	50 39	39 57	54 5	63 59	34 88	64 16	56 26	0 88	25 22	33 4	18 66	43 32	11 1
15 7	17 62	51 29	47 46	69 49	65 53	22 48	20 42	36 5	40 27	26 59	32 17	45 46	16 31	50 1	55 3	38 32	43 85	33 80	60 79	54 23	64 6	63 50	25 20	59 55	0 38	2 55	28 83	46 99	39 18	49 4	56 13	27 25	6 44	34 18	5 20	9 24	19 33	11 58	10 9	58 50	13 43	61 26	42 75	21 67	67 26	18 31	30 56	68 63	8 76	52 50	31 60	62 69	48 77	44 9	37 61	35 47	24 30	14 15	57 86	66 72	3 5	41 9	4 78	12 89	29 31	7 39	23 56	53 41	1 60
48 47	61 26	66 70	52 17	43 86	0 52	14 99	25 81	7 26	12 17	4 6	23 32	53 52	45 45	36 93	31 59	41 75	28 86	42 94	39 86	49 15	24 31	2 3	15 97	20 15	63 52	30 59	40 12	59 90	9 48	17 34	6 89	37 16	22 97	38 76	34 16	1 30	16 19	13 97	29 7	65 76	60 61	8 6	62 80	32 67	51 64	64 82	33 81	18 37	58 22	35 34	54 91	27 42	57 31	69 1	44 74	56 65	26 59	68 45	47 57	3 32	11 91	19 87	21 41	46 11	55 86	5 29	50 11	67 65	10 77
6 87	12 65	21 5	29 73	34 92	0 10	37 27	40 3	1 49	10 13	38 41	23 29	49 85	63 35	39 90	33 53	68 44	28 49	47 72	67 85	22 53	15 4	46 49	9 84	16 65	17 96	58 46	50 6	65 77	30 76	45 22	27 35	5 86	35 71	44 19	20 51	64 54	13 76	25 1	19 8	43 94	32 76	3 95	62 95	4 63	36 39	7 51	52 15	66 4	69 27	42 64	57 1	56 72	18 69	31 45	61 75	41 52	59 56	26 15	8 9	48 30	14 91	55 77	60 31	54 85	51 59	24 11	2 34	11 50	53 81
35 7	65 87	15 58	19 35	17 74	67 60	33 69	45 22	2 28	66 48	61 62	18 67	50 42	5 93	60 55	41 10	47 60	31 64	40 78	16 78	9 1	12 34	59 44	51 65	22 20	36 71	58 19	53 25	48 18	24 71	11 68	42 59	54 74	55 68	37 20	39 46	6 3	46 63	21 33	4 59	28 29	56 33	38 28	68 19	43 99	7 18	3 33	44 80	52 25	57 30	1 99	0 13	29 79	64 98	23 13	13 97	49 26	26 57	14 22	20 16	32 81	10 82	63 82	69 95	34 82	30 32	25 71	8 22	27 46	62 41
1 76	5 10	30 95	33 44	38 76	61 1	34 23	11 81	31 87	42 33	27 2	53 10	16 59	12 50	52 31	7 80	17 34	10 4	15 48	47 38	63 64	56 22	3 48	0 42	4 52	14 15	22 50	62 34	37 97	26 45	40 98	58 64	54 26	68 79	69 37	41 6	43 83	59 40	8 26	39 78	46 90	60 57	18 13	23 20	13 17	57 33	9 92	25 33	49 44	28 25	48 60	19 7	55 55	65 10	24 80	29 11	32 67	66 66	6 85	21 2	45 30	44 92	36 70	20 74	51 79	50 65	2 57	35 26	67 3	64 85
5 28	34 2	33 19	3 58	69 2	39 79	26 14	46 75	11 38	47 24	22 94	50 30	44 3	51 50	23 18	65 38	28 95	60 40	1 69	29 76	41 71	42 79	32 19	4 25	52 78	17 23	9 78	55 30	19 93	38 90	37 30	36 77	59 24	8 70	6 8	20 38	35 67	53 7	45 26	49 7	16 19	14 91	21 37	58 32	31 62	0 16	27 36	43 54	48 35	30 13	56 96	68 5	7 52	10 79	40 95	62 47	18 98	15 33	64 45	67 62	25 98	13 97	61 91	2 39	66 98	12 88	57 27	63 94	24 92	54 1
50 27	5 4	0 66	45 97	22 83	47 59	18 50	30 49	14 96	3 66	38 18	53 52	12 89	51 60	35 60	26 80	32 7	19 67	65 15	43 49	68 50	8 16	1 56	49 94	64 33	46 36	44 73	55 99	52 64	23 71	25 93	6 49	10 29	61 2	41 78	62 91	36 65	4 86	15 97	7 77	11 87	39 22	69 10	59 57	66 59	58 72	40 61	56 39	28 37	21 94	42 14	60 38	20 23	29 3	37 43	48 16	9 13	17 61	13 86	16 39	27 93	2 68	54 29	31 71	67 8	57 79	24 47	33 57	63 2	34 86
40 20	55 59	66 67	52 6	21 93	13 86	32 15	12 27	19 67	11 76	8 25	31 1	44 81	42 18	1 45	64 66	26 22	10 70	27 39	62 21	56 54	45 19	17 95	0 25	33 71	50 70	18 55	24 69	67 46	61 26	41 76	20 66	14 47	54 59	9 40	57 66	35 13	68 1	46 56	38 5	28 94	58 10	23 51	3 58	5 38	34 18	6 12	29 67	65 72	43 84	7 74	49 73	59 33	16 43	4 68	36 93	37 14	60 77	63 17	39 92	15 18	53 47	30 88	22 56	48 51	69 46	2 48	51 13	47 30	25 14
54 87	57 65	1 79	35 80	66 28	26 49	52 91	14 50	24 53	20 30	69 91	21 70	31 29	40 58	58 25	11 64	7 72	45 70	15 19	4 16	0 4	22 87	12 19	65 87	32 79	37 39	59 14	29 62	48 18	3 98	53 76	38 26	63 34	18 5	27 33	8 22	64 12	55 63	44 19	34 58	49 70	68 37	9 8	50 61	2 56	25 20	51 40	36 22	46 58	41 72	10 29	47 87	23 21	67 14	28 31	39 8	5 42	6 96	60 97	62 64	42 1	19 99	33 87	16 52	56 17	43 46	13 19	17 58	30 90	61 74
49 31	32 80	21 34	35 99	57 84	52 72	20 43	39 22	30 22	69 86	46 41	61 51	54 42	27 39	7 40	8 4	23 31	24 7	50 12	66 46	45 23	67 55	43 50	38 27	22 30	53 80	44 60	26 65	42 26	13 97	55 86	48 17	1 23	5 38	17 54	65 7	16 1	51 57	25 4	40 25	4 64	12 22	47 58	68 71	41 67	33 32	19 27	56 5	34 33	14 26	59 44	28 53	6 10	58 29	29 1	37 66	64 43	18 46	3 61	10 45	60 65	36 31	31 60	11 28	0 91	9 58	2 67	15 38	62 90	63 52
63 93	14 9	49 55	21 85	46 38	20 78	68 89	42 82	6 65	52 14	15 76	3 54	5 39	24 65	59 58	18 16	39 24	1 64	61 51	13 40	69 55	29 88	51 22	53 68	33 74	0 28	22 34	26 28	9 1	57 32	64 84	58 29	45 59	19 23	40 51	66 12	37 32	56 65	44 43	50 68	35 39	7 17	41 34	55 25	67 69	25 53	43 66	16 10	47 72	54 5	23 50	32 22	28 67	34 63	17 4	12 57	2 72	4 48	8 93	10 59	36 55	27 66	65 54	38 64	62 99	30 76	31 52	60 87	11 80	48 95
69 3	51 6	32 37	27 34	47 28	52 92	41 68	43 98	40 13	2 90	9 78	59 1	20 51	58 27	53 57	62 12	0 26	67 28	1 2	33 36	26 63	64 40	30 7	11 99	54 35	60 56	63 95	38 88	8 67	44 94	34 66	68 89	12 83	56 39	31 44	14 3	57 11	18 53	16 34	24 39	36 35	39 52	28 75	10 94	45 22	5 71	48 88	3 69	66 82	25 19	7 72	42 97	6 94	49 63	22 33	50 31	21 51	35 28	13 87	19 74	37 89	29 41	4 19	65 28	15 28	61 97	17 13	23 99	46 50	55 22
18 1	17 31	39 10	45 23	22 74	28 82	47 97	54 70	58 94	27 89	3 34	36 78	5 42	26 31	35 36	24 54	9 18	60 63	44 60	48 22	0 82	57 74	20 36	33 72	68 27	25 82	67 91	63 13	11 88	19 28	31 43	55 94	8 61	62 12	46 30	23 51	40 78	32 18	29 32	4 87	41 35	38 7	43 77	53 46	14 57	1 14	49 24	16 65	7 46	37 87	52 48	59 7	42 23	64 81	15 42	10 72	56 83	2 97	30 27	69 44	65 36	13 30	51 77	21 80	50 91	34 49	61 50	6 14	12 44	66 64
65 15	60 45	36 80	8 90	57 2	30 87	43 39	63 93	53 32	35 54	12 85	2 5	5 6	4 79	62 52	41 27	40 98	32 86	31 63	56 60	67 87	11 85	44 80	13 31	26 47	68 28	22 95	55 82	37 7	7 71	61 81	33 26	17 87	14 36	66 94	10 91	58 38	49 64	1 83	39 41	18 48	38 63	15 72	25 60	46 74	3 9	47 79	28 83	27 13	69 8	24 76	29 32	42 58	20 32	6 4	0 88	16 67	52 43	23 15	45 76	48 13	64 70	9 55	21 61	34 25	19 73	54 85	59 90	50 81	51 36
