60	90
20 74	3 76	29 84	78 42	58 80	86 30	62 72	14 40	70 51	82 74	30 45	5 5	72 12	52 97	12 62	27 3	56 96	67 55	9 89	7 47	18 93	80 65	6 38	43 65	41 17	47 66	68 65	21 8	22 97	25 66	10 30	83 70	64 3	81 31	71 16	50 27	87 95	40 82	42 23	69 2	60 13	0 11	63 29	54 20	35 95	23 89	55 44	44 88	77 87	45 26	8 2	38 45	79 74	61 85	53 54	74 82	17 13	4 97	65 1	31 92	66 51	24 70	11 41	28 34	39 16	48 83	34 95	15 33	2 71	84 91	73 10	88 54	85 70	19 75	26 11	75 43	16 72	36 80	46 28	57 72	59 55	32 50	37 86	1 96	13 30	76 56	49 68	89 35	33 27	51 36
47 2	62 22	52 16	73 11	19 77	3 83	5 74	38 48	0 90	26 63	61 79	68 93	25 99	53 47	51 58	72 61	6 25	65 24	9 28	67 63	29 53	83 46	60 83	48 75	35 45	42 92	32 35	86 46	63 62	70 81	1 17	87 15	56 52	2 17	20 11	12 98	74 71	75 72	57 40	14 69	77 75	76 4	49 9	50 27	37 66	64 29	41 5	36 91	31 78	40 87	34 96	24 10	85 68	23 39	89 36	80 46	28 84	22 13	88 99	13 1	16 64	44 28	33 85	21 51	10 99	59 80	79 56	39 20	11 65	45 10	8 89	84 26	54 99	82 83	66 40	55 57	58 3	18 24	69 35	7 48	27 37	30 54	43 40	46 21	78 47	71 60	4 34	17 40	81 97	15 73
5 21	3 92	42 84	34 76	54 37	55 29	84 98	50 78	71 37	48 6	40 97	81 97	35 78	20 77	75 61	32 51	28 90	82 51	6 9	51 25	9 62	0 63	12 54	37 84	18 33	89 98	53 54	60 34	39 92	87 69	67 4	66 31	88 7	21 56	47 9	1 83	49 53	45 57	83 10	79 33	74 32	70 54	14 45	46 86	26 87	86 69	61 67	85 39	19 72	23 42	31 32	2 64	58 56	29 82	13 17	33 15	56 86	16 35	62 73	76 83	57 94	77 91	30 24	78 96	72 65	41 73	52 47	7 45	38 95	43 50	69 17	65 98	36 48	44 33	22 78	10 62	24 30	27 62	64 60	17 37	63 73	73 39	25 58	4 58	59 23	68 76	8 38	80 63	15 27	11 44
0 63	17 17	62 90	32 15	63 63	41 98	22 66	20 43	10 42	72 57	56 6	44 26	49 37	70 81	48 97	36 72	13 88	58 47	27 11	45 19	81 47	57 98	34 48	18 66	5 46	77 95	78 46	68 53	14 86	87 22	40 22	83 90	66 78	76 18	21 37	28 91	43 68	73 31	16 18	65 60	42 27	24 58	89 27	60 46	26 50	79 96	84 74	55 59	64 96	23 70	82 45	53 10	47 39	46 88	75 42	6 57	86 56	37 42	8 56	29 1	88 76	69 61	15 69	39 28	61 42	30 7	54 70	11 91	52 15	7 54	12 15	71 35	85 82	50 79	74 4	80 24	31 60	19 27	38 90	2 20	4 36	59 32	9 99	1 21	67 59	51 84	33 99	35 68	25 11	3 8
72 75	36 97	22 60	46 17	26 94	27 98	42 7	61 47	10 4	34 32	47 45	29 37	68 39	23 58	0 28	35 3	12 3	13 69	77 83	30 73	8 14	67 61	78 34	20 35	60 79	21 1	6 78	89 34	54 23	28 21	76 89	66 15	51 40	5 96	75 60	84 72	53 99	39 86	70 56	19 14	85 34	38 47	2 13	58 30	62 19	80 56	83 89	64 9	59 49	16 4	25 43	79 95	71 14	15 32	86 32	82 36	48 32	37 54	43 87	11 57	73 2	41 47	44 94	81 44	69 3	52 8	7 34	74 45	87 48	56 44	40 32	49 6	1 56	57 1	50 16	3 34	14 48	88 95	32 26	63 76	9 75	55 54	45 4	4 23	17 63	18 30	65 74	24 45	31 33	33 12
77 26	76 30	30 51	46 3	13 48	3 26	73 81	31 57	20 28	62 42	69 85	79 18	19 55	50 30	53 3	63 1	59 75	25 66	57 21	65 4	36 88	43 33	67 83	74 70	64 15	38 96	22 11	12 24	56 51	33 74	80 87	14 58	88 94	8 91	21 46	58 23	23 20	1 67	51 89	66 69	42 1	75 57	29 95	11 23	54 63	34 15	17 24	83 47	7 92	40 83	81 73	41 49	68 55	10 8	2 37	47 44	35 54	39 59	5 27	61 7	15 34	82 56	27 71	0 9	28 96	52 29	4 22	85 11	6 53	87 3	26 6	84 67	16 46	71 41	55 78	18 46	86 9	37 27	44 49	89 69	49 49	32 61	78 21	48 22	70 93	9 72	72 32	60 34	45 62	24 61
67 49	8 62	13 87	61 61	53 95	76 15	34 55	41 86	69 35	39 37	49 92	46 32	35 89	42 30	54 6	52 50	84 34	60 11	47 15	12 92	24 48	0 28	77 8	59 18	65 59	2 17	81 64	72 28	44 28	45 8	78 59	36 50	50 22	27 22	88 73	38 10	25 55	70 16	89 27	48 63	75 20	28 85	30 47	21 42	71 11	11 7	20 23	74 74	17 46	58 23	31 82	63 21	1 87	83 57	79 54	7 39	87 59	23 52	82 77	32 15	33 50	57 11	66 93	62 31	86 14	19 30	43 64	3 61	4 73	14 33	22 66	80 23	56 25	51 5	26 83	15 15	16 98	85 70	64 18	18 59	10 34	40 17	6 80	68 43	73 58	5 47	29 76	9 98	55 32	37 97
67 46	87 25	23 74	4 72	73 70	57 69	84 77	6 56	81 11	49 80	50 28	33 9	75 57	69 80	28 93	14 35	5 11	40 80	44 1	3 25	83 8	72 51	52 62	20 6	27 83	64 91	31 16	61 44	21 8	59 99	36 66	46 82	26 68	86 47	58 44	41 16	51 92	16 55	55 66	12 98	66 68	30 50	89 14	80 85	78 93	88 39	63 88	65 56	39 81	11 75	76 88	9 79	68 5	60 46	85 39	54 96	32 9	47 98	43 16	77 68	22 60	42 74	0 77	17 79	34 2	10 85	13 29	48 27	25 84	74 47	1 95	29 28	19 47	37 1	62 67	82 30	45 21	56 99	15 65	8 84	2 24	71 42	70 23	38 32	35 25	24 45	53 77	18 3	79 43	7 83
47 23	57 2	48 2	42 78	88 50	33 73	58 86	19 96	17 66	60 70	50 99	1 39	20 64	13 92	62 95	78 78	69 76	75 83	26 44	21 73	16 53	15 93	51 63	9 59	86 62	68 72	5 72	77 18	25 10	59 42	8 42	37 77	41 84	67 58	55 57	49 7	65 63	38 16	29 29	24 83	63 27	3 77	27 38	4 2	71 23	35 98	39 12	73 45	84 99	28 81	74 34	72 99	45 33	79 55	12 76	64 46	54 51	53 84	81 87	34 27	66 84	89 37	23 20	85 12	46 39	11 50	82 6	10 8	70 97	7 59	80 12	14 63	44 93	56 66	30 27	36 77	87 57	31 5	18 38	22 83	76 24	0 68	2 99	40 70	83 45	52 81	6 37	61 9	32 42	43 21
18 66	26 13	56 53	83 9	58 27	85 49	17 54	47 58	53 41	79 61	64 33	3 88	57 28	51 77	76 87	44 57	73 58	52 93	5 66	50 52	63 16	48 44	34 57	66 84	67 41	74 88	24 55	9 82	49 74	1 25	30 51	82 46	11 32	27 38	38 56	70 88	88 78	2 12	19 2	43 14	31 72	65 58	32 38	78 56	15 43	69 18	39 32	14 41	80 34	20 55	77 63	36 96	21 5	0 79	42 5	60 12	12 21	46 16	75 3	71 78	41 90	68 1	62 99	13 7	35 44	45 49	6 16	87 61	10 45	16 8	37 60	55 57	28 72	22 85	29 13	81 1	23 77	84 58	89 1	4 80	86 70	72 99	61 38	25 24	40 4	8 81	54 81	59 65	33 67	7 16
26 84	56 5	27 92	60 94	28 67	13 63	83 38	31 8	10 39	35 68	77 75	46 79	59 92	52 44	2 80	3 90	80 54	45 23	8 65	29 50	57 85	87 94	0 27	40 58	30 5	75 37	9 37	38 12	68 42	15 10	11 31	53 66	79 32	18 97	33 14	19 78	7 81	72 98	65 92	89 91	20 72	63 22	17 7	5 16	21 88	39 13	48 87	58 81	49 43	62 24	6 40	44 47	12 63	4 91	82 71	67 65	25 75	73 34	37 99	41 74	24 93	69 14	50 60	55 14	51 78	66 58	70 74	86 50	85 97	36 64	23 99	34 89	22 52	14 77	54 69	78 61	88 18	71 52	74 30	76 52	61 18	81 53	84 26	42 89	47 73	64 55	1 40	32 1	16 31	43 1
34 53	17 37	66 13	8 19	59 11	80 81	85 81	47 48	72 85	82 93	39 15	43 65	77 75	69 98	73 91	81 44	2 33	64 95	0 57	83 43	20 41	71 65	30 43	79 27	44 81	36 27	48 77	18 83	13 1	46 38	58 71	88 12	11 14	50 90	75 3	15 44	61 9	19 2	23 65	21 58	22 34	62 37	51 53	78 77	29 20	45 37	40 11	56 88	1 27	16 41	84 38	28 74	68 92	35 30	27 13	89 33	52 77	74 19	41 76	31 11	87 61	24 35	9 89	4 81	37 95	6 34	7 38	60 52	42 41	54 97	14 12	53 57	76 28	70 3	63 62	26 64	67 35	49 3	3 20	10 15	5 77	86 81	65 67	12 30	25 44	33 27	32 36	38 32	55 51	57 84
38 29	35 79	22 71	59 42	63 63	61 19	49 16	68 55	87 86	71 91	67 98	52 3	53 12	66 72	62 62	20 60	40 19	19 77	41 25	54 68	64 80	0 1	74 92	45 15	3 13	33 44	46 50	76 87	44 58	24 44	9 73	37 87	60 66	57 75	15 47	86 93	27 38	16 98	31 36	28 82	25 35	69 13	70 38	78 67	89 2	75 61	88 45	21 18	39 39	83 21	10 22	34 26	8 16	6 45	47 57	36 77	77 58	65 59	84 28	18 1	4 44	58 8	72 92	43 23	11 56	79 44	7 40	2 65	82 47	56 10	26 39	23 22	55 21	17 98	73 19	14 9	12 33	13 70	29 90	51 90	50 88	32 2	81 46	85 23	80 11	1 80	5 29	48 37	42 88	30 77
69 72	59 71	50 65	13 54	39 75	85 50	40 42	3 8	63 15	72 78	88 68	75 33	61 90	47 99	65 65	24 55	78 23	14 38	41 26	60 86	49 87	2 94	89 5	62 21	30 69	38 24	15 40	42 88	44 74	35 37	11 60	68 67	48 4	73 39	26 63	58 11	6 22	20 46	43 69	74 76	71 82	37 92	8 30	81 14	86 30	54 67	7 72	67 4	45 84	29 71	84 24	1 17	18 74	21 3	66 48	70 15	82 97	79 85	4 6	51 71	12 32	17 39	83 83	46 57	52 90	10 10	9 98	87 36	22 42	77 14	19 43	34 11	33 7	64 65	53 96	27 80	56 36	55 75	36 69	80 59	76 44	25 50	32 11	5 36	0 38	28 54	16 56	31 24	23 17	57 53
62 59	31 67	76 5	17 52	8 13	84 56	37 52	41 19	18 89	36 86	15 61	16 79	21 35	5 72	3 34	26 68	12 70	85 43	19 51	48 33	79 75	6 78	63 71	25 63	67 54	10 18	46 37	1 74	9 38	58 44	50 91	20 83	59 71	39 20	75 66	64 13	22 66	28 52	32 76	55 19	83 27	57 37	0 43	43 19	69 57	47 54	13 57	60 60	71 82	40 20	30 14	14 60	87 24	54 16	65 21	23 18	52 3	74 2	44 82	88 5	80 64	4 93	53 85	2 10	86 39	66 36	29 59	68 26	42 45	77 91	34 50	82 20	61 59	24 5	89 76	7 22	56 41	27 26	81 93	11 33	38 94	49 77	70 18	35 83	73 75	45 93	72 90	78 78	33 9	51 99
66 14	43 22	59 71	15 63	77 47	76 18	6 89	65 98	22 69	5 25	52 20	21 74	79 53	28 15	25 35	30 50	67 42	70 25	89 45	50 30	33 5	41 1	83 2	61 62	88 63	84 12	8 45	87 29	80 23	38 33	56 81	64 58	24 49	49 93	42 11	20 7	51 53	12 26	71 52	57 47	13 32	11 61	7 36	39 76	47 25	62 3	9 88	37 89	26 48	81 14	27 39	14 64	78 39	74 46	1 64	31 75	17 97	86 92	32 17	34 31	45 41	58 61	16 52	69 24	75 40	4 8	63 6	72 88	23 43	19 99	85 93	53 7	54 19	44 86	46 94	2 27	35 89	3 83	48 65	36 45	10 78	18 33	60 6	68 6	0 91	29 77	55 3	73 58	40 60	82 74
9 9	63 86	84 32	81 87	34 51	64 23	16 87	14 28	31 90	12 90	73 74	85 65	74 32	36 71	75 81	6 94	55 54	72 41	5 1	86 34	27 9	69 51	59 13	61 10	82 62	18 11	29 24	11 23	47 4	80 67	44 54	13 52	89 4	58 83	20 66	7 60	70 68	25 84	33 3	1 52	50 92	22 72	71 86	56 94	15 66	57 87	26 44	21 89	65 96	10 9	40 11	66 47	23 87	68 72	88 95	87 39	17 91	37 78	38 11	2 87	76 2	45 7	79 80	53 64	28 94	24 79	39 92	32 28	41 52	0 37	51 93	46 51	62 67	67 74	30 26	35 8	52 76	49 93	83 81	4 99	60 81	78 79	54 99	48 29	43 85	3 13	8 32	19 87	42 52	77 33
37 78	45 29	87 75	88 32	19 17	85 65	83 20	15 27	5 25	55 81	66 90	0 89	16 58	30 4	54 86	28 40	9 85	4 84	60 83	20 56	76 83	77 43	78 16	12 5	53 81	7 36	56 96	38 63	11 10	64 3	18 84	42 35	8 43	84 93	86 62	17 96	74 29	6 27	43 14	21 26	34 17	80 58	50 75	25 75	1 32	68 32	31 59	72 12	61 48	89 64	46 81	62 34	59 78	51 73	71 37	22 58	49 88	79 16	48 86	3 96	44 31	14 30	69 77	10 31	81 58	75 13	27 40	26 82	36 6	23 38	58 77	13 99	39 73	40 54	82 8	65 99	32 80	41 33	52 3	24 66	35 98	29 2	2 49	57 64	67 39	63 26	33 8	47 29	70 41	73 2
57 95	1 65	12 80	22 77	67 71	45 28	87 98	76 96	55 17	53 82	37 1	26 92	31 28	60 51	49 67	73 63	54 33	4 72	81 49	32 37	46 10	64 58	7 28	30 86	8 43	82 80	84 73	58 62	77 87	18 71	63 88	9 89	20 97	27 31	13 56	6 11	89 36	17 89	69 67	50 27	14 11	25 61	38 59	68 49	56 7	33 61	47 63	2 82	75 94	11 48	80 97	21 86	42 89	0 52	28 77	65 2	72 69	79 57	36 59	52 35	74 88	5 47	66 92	78 66	29 21	23 76	61 74	70 78	39 8	3 31	44 34	40 54	86 22	71 34	83 40	24 41	19 10	51 31	43 14	35 66	59 21	88 4	48 27	62 34	10 48	34 67	85 38	15 92	16 94	41 64
71 87	56 79	23 82	50 18	45 32	70 79	2 79	10 64	48 74	13 9	0 46	85 46	67 3	78 74	7 5	80 58	83 4	75 93	62 26	8 95	21 27	77 73	1 86	6 97	87 18	60 63	37 21	40 51	26 30	49 51	42 53	28 61	36 97	68 23	9 61	69 93	53 87	66 10	44 65	43 90	55 66	17 95	25 59	54 29	64 67	19 97	51 87	34 9	35 55	73 40	86 50	63 73	61 96	11 9	15 61	39 75	76 54	14 26	24 91	46 57	41 50	65 73	4 24	3 5	18 35	5 11	33 87	52 46	88 27	59 11	58 41	16 69	30 95	82 58	12 35	31 23	32 71	81 78	84 27	57 74	20 1	79 61	72 20	74 49	22 17	89 32	29 78	47 21	38 90	27 85
84 61	53 33	42 53	3 51	81 79	29 67	13 97	45 32	9 99	47 44	80 60	31 63	32 41	54 30	17 77	33 76	46 18	48 39	28 59	59 75	78 90	87 4	41 90	86 16	57 10	67 61	83 21	89 11	50 81	7 76	1 69	5 78	68 43	20 71	27 97	71 16	74 43	14 80	12 2	58 66	35 76	36 95	30 93	56 40	66 65	76 68	24 5	18 64	40 39	49 32	21 54	61 81	63 4	85 65	43 79	22 61	51 79	64 44	34 50	79 96	19 57	69 34	88 11	77 91	39 67	44 43	73 33	52 99	72 22	11 63	10 7	8 74	62 30	26 72	6 28	16 39	37 58	0 52	4 95	70 1	2 48	65 88	15 99	55 90	23 62	38 36	60 72	75 98	82 48	25 2
67 45	80 40	46 57	37 12	1 35	52 25	4 95	25 51	47 58	6 49	43 70	68 45	26 97	86 88	69 18	55 27	71 93	40 51	58 40	74 73	48 64	14 93	20 92	35 72	70 93	28 62	7 3	50 35	51 67	65 14	17 58	83 14	49 66	29 46	54 47	24 92	8 89	79 88	38 73	3 51	78 97	87 71	75 42	66 17	64 22	2 54	59 37	36 4	76 15	23 6	42 84	27 42	61 1	88 82	30 56	9 28	32 49	57 85	33 33	11 78	53 60	5 54	15 49	13 53	41 28	18 21	73 74	63 5	34 6	39 54	12 40	56 81	10 25	60 70	72 87	84 94	89 79	44 25	81 77	82 60	21 30	16 18	31 32	22 87	85 15	0 14	62 1	45 14	77 90	19 37
11 20	78 71	40 25	68 47	50 57	13 41	4 58	9 65	45 86	41 84	65 69	22 50	31 73	53 65	29 72	82 7	52 95	3 41	54 13	84 74	36 61	71 63	47 11	33 84	27 68	20 85	48 80	17 8	1 5	69 48	73 54	51 24	32 65	81 2	30 80	67 2	63 23	2 44	57 73	76 25	14 31	10 29	7 2	59 34	15 59	12 37	87 33	80 37	64 63	25 44	79 55	34 13	37 28	89 57	56 46	43 16	44 54	26 40	66 87	19 16	55 13	85 40	0 46	62 93	88 63	83 81	46 24	86 88	38 18	77 90	42 89	39 92	24 19	21 82	72 26	16 79	60 45	35 89	58 56	74 53	28 88	6 98	18 99	23 42	49 25	61 16	75 89	70 63	8 99	5 58
66 81	8 97	67 22	74 37	0 31	49 73	44 50	10 13	32 23	27 52	12 31	41 27	13 5	24 44	3 10	4 71	40 82	26 81	14 90	75 46	37 55	35 81	11 30	83 88	60 10	89 97	43 98	86 6	57 31	52 47	65 38	55 54	79 2	53 65	2 98	71 66	22 64	34 76	19 75	72 93	80 66	16 56	23 76	54 43	78 48	64 20	36 5	62 27	45 37	17 63	25 82	73 31	87 82	63 57	61 95	50 4	48 32	9 61	30 34	77 88	33 82	29 21	82 24	28 19	59 16	18 67	76 51	68 32	7 49	58 86	5 9	56 60	38 62	31 61	70 34	6 86	46 1	69 84	88 10	21 41	51 49	42 46	1 71	85 31	39 13	84 26	20 90	81 36	47 57	15 54
58 33	81 72	29 2	54 82	80 45	38 40	75 10	51 15	47 16	74 62	18 4	77 70	16 46	89 39	70 93	36 42	35 72	63 11	55 98	83 96	33 19	0 26	46 33	26 46	15 58	10 73	82 33	56 12	60 84	11 37	6 24	9 65	8 9	57 1	17 67	88 62	41 16	40 64	3 69	65 77	37 2	50 8	1 40	76 64	42 73	22 96	78 50	4 88	43 16	52 26	69 49	23 11	20 18	45 86	84 65	62 25	39 25	61 70	13 19	53 19	64 27	21 60	79 65	72 9	71 71	68 89	44 84	34 14	49 57	85 86	28 87	67 59	14 27	2 61	59 28	27 68	25 56	66 79	30 54	32 27	24 27	5 78	48 51	87 11	19 8	12 29	7 88	86 15	73 19	31 14
61 79	74 23	70 89	40 13	39 48	42 64	49 68	68 31	31 68	13 94	62 12	12 14	86 98	10 45	44 29	30 49	48 60	1 31	57 48	11 68	84 32	59 5	34 74	36 25	46 75	89 38	32 17	78 40	77 5	2 19	69 36	23 73	22 89	87 78	28 47	29 56	35 81	81 34	52 13	20 34	24 30	0 81	71 69	15 21	58 57	64 59	53 85	83 43	50 17	19 69	88 81	14 33	5 67	56 20	45 49	37 99	38 33	54 67	43 30	47 27	17 41	85 65	76 33	66 25	18 24	73 41	75 30	80 82	7 49	41 91	67 79	51 5	82 24	6 9	27 47	8 15	79 39	9 94	60 80	55 19	63 14	16 88	21 90	26 51	72 35	3 87	33 32	65 69	4 42	25 80
89 26	65 45	7 54	77 55	29 27	10 33	24 86	66 55	16 17	85 87	61 54	5 80	21 6	17 11	80 40	9 71	33 38	38 99	8 93	76 40	14 60	57 42	23 89	52 10	60 23	32 73	55 43	40 4	68 19	82 27	78 87	84 62	36 51	74 51	67 9	45 40	64 14	48 63	59 38	86 54	27 35	54 33	35 78	63 49	30 84	51 86	18 13	58 15	6 88	12 60	42 32	26 52	31 72	11 99	43 50	69 69	39 6	71 1	2 58	79 67	72 30	88 73	62 50	0 20	41 25	3 9	75 49	47 44	4 8	56 7	87 40	81 84	73 48	50 80	53 52	70 28	83 88	15 29	20 72	49 56	22 65	25 49	34 42	37 34	19 53	46 97	44 84	1 45	28 23	13 65
25 45	56 94	18 38	3 67	40 66	64 19	15 65	23 12	34 17	24 40	9 55	85 83	45 38	83 89	38 55	12 11	74 98	28 29	26 82	16 4	44 24	58 53	1 23	27 44	43 24	35 33	33 3	11 77	61 53	41 3	30 40	2 61	59 98	39 67	80 22	21 11	0 38	49 35	81 31	52 2	75 80	71 38	5 32	53 18	4 69	10 18	86 46	84 20	57 57	70 34	66 30	36 60	82 63	77 72	19 86	62 16	54 66	63 32	37 10	60 24	87 59	73 82	76 53	50 95	46 33	7 43	42 36	68 99	13 94	67 6	65 83	8 90	6 25	47 54	79 62	51 94	55 10	32 18	48 7	72 73	69 66	31 83	20 54	29 86	89 82	22 73	17 99	14 30	78 50	88 34
74 57	30 72	83 45	66 44	0 55	78 98	79 24	65 67	77 85	10 90	45 74	9 36	40 31	80 82	41 15	18 19	84 53	42 5	72 98	89 13	34 59	25 47	39 70	82 43	58 99	17 71	86 90	49 32	8 30	60 45	46 37	4 46	62 85	53 46	52 80	56 18	55 91	57 82	47 33	22 85	29 51	24 81	81 81	6 25	50 79	36 82	68 86	1 69	13 95	64 28	37 75	27 24	5 9	38 8	11 90	75 14	26 40	28 13	63 36	31 61	59 87	14 75	43 27	35 30	48 76	71 32	51 14	87 92	33 90	3 71	7 58	73 48	32 30	61 66	16 99	88 41	85 98	15 89	69 4	67 6	44 36	23 40	21 98	2 52	76 61	54 33	19 31	20 29	12 9	70 39
73 61	12 72	15 65	41 24	83 8	22 15	40 33	23 71	7 33	47 25	39 17	35 54	69 26	3 12	36 50	65 64	78 63	49 89	67 50	86 43	64 11	5 84	53 9	68 90	54 90	42 46	14 20	13 59	26 61	9 90	50 1	85 4	46 58	51 80	2 26	44 82	60 56	71 95	0 52	29 30	30 65	48 62	4 29	16 28	57 86	52 31	11 9	87 46	70 31	28 30	89 90	21 92	81 49	24 24	74 55	20 46	27 36	58 39	84 2	32 60	77 7	43 87	33 83	80 82	38 60	17 25	55 25	1 74	82 75	45 40	59 69	6 76	19 59	72 60	75 89	56 29	34 59	25 27	88 53	10 53	79 25	18 9	61 28	62 73	8 23	63 71	66 40	37 65	31 60	76 43
88 73	42 75	50 18	59 57	21 57	3 92	26 54	80 66	33 42	16 83	43 77	84 80	5 58	73 33	9 31	62 54	78 73	22 53	83 65	29 74	86 80	31 21	63 26	24 29	53 91	39 41	34 93	23 92	1 41	55 35	74 15	67 45	41 73	6 65	66 40	56 35	57 29	75 55	64 53	40 31	52 8	12 56	8 92	79 99	51 25	0 91	89 32	77 31	46 61	58 86	11 68	45 23	17 37	4 82	48 14	82 45	71 80	76 34	20 66	2 98	32 18	15 22	13 6	70 24	81 25	54 19	30 88	19 95	38 82	65 86	49 74	68 72	87 49	60 66	25 37	10 48	85 6	35 26	37 83	47 14	44 38	14 29	69 23	28 69	18 66	72 72	27 51	36 31	61 12	7 54
6 50	16 83	9 86	50 35	54 14	65 55	13 87	41 16	84 51	22 77	30 5	69 64	47 4	42 35	4 42	36 20	46 30	56 97	43 82	17 86	26 60	67 57	7 90	35 76	81 33	82 52	87 52	64 55	75 44	29 41	45 45	27 46	88 78	37 26	18 53	89 6	8 41	59 27	12 65	15 38	40 75	61 8	53 3	79 98	3 74	57 32	55 58	33 81	11 63	58 76	78 93	1 64	83 67	86 37	28 18	68 79	76 96	21 61	85 91	48 58	38 61	34 16	39 40	20 49	2 38	66 26	63 17	74 36	25 78	77 29	23 15	19 55	51 4	80 16	71 86	44 70	31 92	60 40	32 23	62 11	49 72	10 28	70 80	0 22	72 71	73 59	52 49	14 15	5 6	24 14
54 97	79 29	13 67	60 51	67 62	86 33	42 14	7 32	81 11	8 60	23 50	75 82	69 65	30 39	18 8	25 85	52 53	48 80	31 40	6 21	87 97	72 14	57 55	15 5	84 56	28 18	50 42	11 28	73 37	51 15	0 31	59 24	9 58	49 5	2 74	46 81	85 60	43 61	19 9	55 65	71 17	10 84	45 28	66 61	47 15	39 8	63 99	36 51	77 99	64 58	44 80	89 77	41 58	4 53	58 2	53 76	21 31	20 32	37 64	33 26	26 92	88 46	74 75	24 65	14 39	70 29	56 5	78 66	5 79	65 22	68 28	40 16	76 85	29 56	27 82	82 22	17 43	22 81	3 81	12 17	62 72	83 86	35 24	34 70	38 29	32 45	61 40	1 52	16 53	80 8
5 48	49 84	35 49	3 24	2 7	75 46	89 52	40 42	24 67	80 54	65 21	73 75	21 88	23 24	30 13	62 42	56 36	47 39	17 17	66 88	74 41	20 82	52 58	13 38	0 45	34 86	36 62	87 32	33 16	44 1	63 83	6 58	78 42	31 24	16 47	70 89	77 3	67 90	83 77	64 75	68 46	88 83	54 24	79 93	57 90	82 63	10 29	69 84	50 76	41 84	76 14	86 2	43 12	12 60	39 65	18 53	59 26	1 60	38 15	84 7	25 79	81 52	14 37	45 88	60 89	11 95	51 1	42 15	27 99	71 26	32 76	29 90	15 67	55 14	19 67	48 96	8 62	85 64	4 39	9 16	72 76	46 44	22 17	58 9	53 78	26 76	28 60	61 58	7 88	37 83
7 11	59 86	81 19	55 18	70 52	57 38	35 62	3 29	67 69	62 84	36 66	34 28	79 52	71 34	21 7	65 19	43 5	16 73	20 27	80 38	38 85	66 41	4 49	41 21	86 72	87 94	49 60	68 27	37 69	64 96	45 71	47 14	60 90	32 83	74 76	52 86	26 77	8 38	42 68	83 58	69 42	6 87	72 78	19 11	76 45	28 90	13 55	12 66	88 17	14 24	30 79	51 5	0 96	2 28	33 81	54 86	31 35	46 88	10 58	24 4	77 67	40 22	18 29	44 15	56 82	1 24	63 45	53 92	29 75	85 98	15 21	9 35	75 92	73 45	17 69	61 2	89 41	82 57	25 43	48 17	78 72	39 51	11 12	5 98	23 77	84 64	50 86	58 64	27 16	22 92
73 32	57 72	21 18	44 50	70 96	6 34	54 64	47 21	51 90	35 55	27 7	34 84	85 67	58 10	69 27	39 80	9 91	75 92	3 59	43 49	28 92	42 33	8 74	83 76	66 70	55 66	45 14	89 98	2 96	40 61	80 69	62 82	13 6	5 12	0 33	26 34	56 2	53 76	12 31	23 46	41 67	24 77	49 51	63 98	29 26	52 80	59 71	16 85	79 49	33 83	4 87	82 7	46 80	11 31	61 64	10 22	36 32	50 64	17 12	81 23	30 24	77 23	48 30	14 68	71 48	78 95	37 85	87 4	76 60	31 24	64 91	88 74	65 69	68 62	38 98	22 90	19 99	72 92	18 71	86 61	20 45	32 73	84 23	7 7	60 22	1 17	67 27	25 89	15 52	74 18
84 62	21 77	14 63	12 66	36 64	38 13	53 53	18 44	52 63	10 39	37 83	6 56	41 13	32 88	2 44	69 46	8 72	13 7	67 79	88 69	87 81	72 19	57 16	80 12	47 51	76 72	61 72	82 34	5 45	28 16	71 2	15 73	45 87	77 73	35 70	64 83	27 88	23 74	75 87	1 18	66 87	58 37	86 88	51 31	24 25	30 73	34 18	22 56	44 16	46 12	74 46	43 19	83 45	20 36	31 29	3 38	62 18	70 18	17 50	68 10	85 61	7 64	40 28	16 17	19 38	63 7	11 57	26 86	25 13	29 29	0 66	48 41	73 7	4 18	55 65	9 69	79 92	78 92	60 12	54 41	42 95	49 34	56 6	81 20	39 83	65 95	59 32	50 85	89 35	33 60
82 91	43 25	56 88	19 13	27 44	11 36	81 73	65 22	61 87	34 97	21 83	25 5	41 39	35 43	64 86	44 52	23 21	55 92	10 42	18 22	16 65	33 77	57 22	86 56	1 76	72 5	70 10	5 27	40 88	69 78	6 20	29 33	0 79	79 83	24 60	20 20	74 55	52 19	73 42	58 66	42 52	71 86	39 39	36 53	88 62	83 72	8 23	80 66	49 84	13 65	30 51	9 87	26 15	38 19	12 78	67 81	54 48	59 67	84 29	62 55	3 18	22 11	68 56	60 54	66 61	32 97	7 87	46 10	2 63	53 49	78 8	31 94	37 69	15 32	47 75	75 12	45 37	77 59	17 16	4 87	51 46	89 71	48 14	50 1	87 47	85 28	76 83	28 15	14 77	63 13
7 88	2 82	3 99	65 31	54 44	40 46	64 17	70 39	16 44	52 81	29 91	30 1	34 86	6 81	9 39	59 8	37 57	35 36	66 43	20 68	74 37	87 86	26 5	25 81	14 56	78 73	19 91	27 79	21 66	50 42	58 56	38 95	81 94	42 64	76 24	53 5	36 78	23 11	75 33	82 21	55 49	51 33	45 86	63 79	4 73	8 5	68 43	71 76	24 77	43 96	89 78	86 11	49 58	79 90	61 77	46 86	13 99	56 15	17 85	1 70	0 93	44 96	10 25	47 57	67 58	5 22	39 12	69 46	73 80	12 9	88 19	31 74	60 26	15 62	72 3	85 58	41 26	77 55	83 80	11 52	84 86	32 33	80 93	48 63	62 18	33 74	28 86	22 91	57 23	18 64
22 22	79 6	63 10	50 46	3 11	68 44	71 53	62 75	77 6	36 97	51 48	83 52	17 65	86 30	19 30	56 15	44 35	14 18	27 1	55 76	4 81	26 94	34 98	64 98	49 49	38 1	45 37	53 84	1 25	40 94	0 20	28 84	7 42	85 34	59 6	81 61	41 92	88 3	20 99	84 86	21 22	8 16	47 9	60 58	57 67	18 82	87 70	12 51	42 62	13 29	35 64	16 75	11 64	15 98	39 78	30 62	74 89	37 79	5 29	6 82	73 29	43 37	9 91	89 28	72 28	46 75	48 73	23 60	78 37	29 33	66 14	82 29	70 36	69 58	25 39	61 56	76 2	10 83	80 50	67 9	31 78	33 80	58 69	24 72	2 37	52 30	32 10	65 26	54 12	75 80
44 56	3 25	15 19	76 90	34 24	67 98	2 43	20 30	38 38	60 59	10 82	13 74	58 88	48 19	79 37	32 76	6 31	70 69	24 39	65 3	50 45	28 53	16 59	29 22	75 44	69 7	83 64	35 93	40 80	25 74	56 88	85 5	21 41	68 94	59 91	82 85	37 57	72 39	52 32	12 49	18 96	31 1	30 84	49 89	54 50	73 97	1 64	77 53	0 24	42 59	51 9	55 39	22 62	62 4	78 89	57 31	26 32	23 50	45 47	4 98	43 1	84 25	47 80	17 8	63 16	87 35	33 44	86 53	9 32	61 98	80 66	14 24	41 42	19 92	11 54	36 61	89 47	66 64	53 79	74 71	71 82	27 86	88 53	39 37	46 30	7 20	8 57	81 99	5 78	64 17
2 42	15 35	65 90	63 45	31 54	33 65	81 32	25 58	86 54	77 51	44 15	52 87	78 66	45 12	71 62	58 18	5 86	18 58	42 54	17 15	32 96	21 63	72 44	73 26	53 22	35 86	66 5	14 97	0 4	43 77	12 79	1 9	26 88	76 94	28 30	82 10	47 28	67 51	87 62	11 66	13 10	74 88	38 48	62 93	60 94	40 74	89 96	69 99	84 78	61 76	88 91	68 91	51 1	3 93	10 48	59 96	30 82	19 45	27 68	37 16	9 35	4 36	24 70	83 93	23 74	56 57	50 23	55 61	7 82	46 18	36 27	39 48	41 54	6 92	85 61	49 14	79 29	64 31	8 20	48 94	80 81	75 17	54 36	22 92	57 47	16 1	70 42	20 91	29 68	34 17
53 87	57 5	74 37	3 87	58 56	21 94	22 27	37 56	63 25	68 74	24 44	84 26	38 28	44 76	7 23	12 44	18 13	11 7	61 6	26 69	42 87	1 20	34 35	48 88	41 13	71 42	14 46	36 71	52 52	72 58	54 52	15 29	50 74	76 13	39 93	29 28	43 7	59 80	8 71	19 50	47 10	79 58	85 60	77 21	32 61	56 15	0 60	60 93	88 5	30 8	62 26	13 2	70 9	65 25	64 23	89 32	82 68	45 64	67 24	16 31	27 99	51 96	80 92	46 37	28 53	17 30	25 76	2 28	40 8	86 3	9 99	78 1	5 25	23 82	10 33	87 34	66 99	73 26	4 90	35 45	20 25	75 16	6 8	69 25	83 80	55 93	33 44	81 84	31 13	49 53
0 15	27 96	40 17	2 37	89 16	76 16	24 96	17 66	80 19	70 62	12 45	39 7	59 79	78 67	26 23	64 27	21 31	88 14	16 16	47 39	81 73	37 62	53 84	23 61	32 47	3 84	35 28	42 70	79 74	51 63	74 53	11 24	1 33	54 47	10 53	15 64	46 15	83 59	65 4	52 25	6 66	66 47	67 87	50 82	43 68	13 3	86 29	77 8	22 60	28 86	45 14	19 59	71 32	29 20	30 39	8 75	36 58	5 19	87 90	38 2	62 3	84 64	85 40	63 4	44 94	69 20	61 83	68 57	48 49	56 84	75 65	31 88	41 58	60 26	14 28	49 10	33 56	34 60	7 15	55 6	4 62	58 1	25 55	72 74	18 80	82 75	9 65	20 40	57 75	73 22
27 78	68 81	77 3	44 29	16 43	13 65	86 20	57 92	83 44	8 19	21 57	65 23	32 86	6 35	15 99	76 87	12 78	22 33	4 60	78 94	9 72	61 17	49 36	45 23	17 25	79 72	66 4	58 60	51 81	52 55	88 90	25 88	74 54	64 48	53 27	60 72	47 37	82 87	39 35	33 15	42 53	59 49	56 51	69 76	10 70	67 93	48 42	73 14	46 1	81 47	23 68	50 4	75 20	3 27	24 20	41 19	43 54	87 24	40 21	55 10	14 15	84 46	2 86	0 29	34 44	37 38	36 90	11 16	18 34	7 84	19 78	70 97	85 54	80 28	30 5	26 4	38 32	72 34	20 82	35 87	63 76	89 3	31 79	62 32	28 38	1 40	71 14	5 51	29 68	54 91
55 34	27 32	69 14	73 31	80 79	85 79	81 30	83 31	33 4	66 43	54 60	28 62	0 80	62 98	38 31	52 36	7 86	6 49	65 37	8 88	58 99	53 57	67 14	13 21	88 88	46 95	82 57	14 26	1 5	40 33	71 13	18 21	45 70	41 40	51 85	23 25	59 84	26 7	17 37	61 8	49 9	48 39	29 17	22 46	89 80	77 99	50 89	84 66	36 54	12 80	72 7	68 38	5 6	21 95	44 93	60 35	74 26	70 81	63 80	10 45	15 20	35 49	16 70	32 92	57 8	39 25	24 78	30 57	79 99	2 30	43 17	78 27	34 29	20 29	87 53	9 87	64 45	4 34	76 2	75 4	25 71	3 64	31 71	47 45	42 33	37 9	86 88	11 82	56 6	19 13
42 97	22 41	82 90	18 45	10 44	89 12	5 8	66 22	14 10	49 80	20 32	52 51	16 44	70 65	17 1	80 99	79 42	71 27	37 19	25 88	11 71	36 97	50 60	3 85	78 98	30 16	9 89	87 10	57 30	59 63	1 31	56 1	63 11	24 95	44 21	51 84	33 48	39 81	74 28	15 36	31 1	34 78	84 11	55 10	28 87	38 91	85 59	45 5	81 32	48 3	61 36	69 13	32 61	23 26	19 91	2 48	47 48	76 93	88 74	60 46	40 85	43 29	67 64	62 66	58 82	77 64	21 12	83 37	46 50	8 23	54 81	64 53	35 73	68 76	86 93	53 43	13 15	73 18	72 75	26 50	41 23	29 81	27 98	12 8	6 25	75 31	7 26	4 23	65 11	0 60
51 39	55 55	50 7	30 5	63 36	61 31	75 89	78 34	20 26	29 3	6 4	80 80	42 25	49 37	19 70	22 2	66 47	4 30	48 98	8 18	0 22	76 48	35 4	82 97	87 60	10 49	84 48	45 62	60 33	18 65	38 54	27 90	1 87	26 81	47 66	77 54	25 51	52 13	54 3	21 40	39 8	88 94	36 99	43 46	9 32	31 75	14 31	41 42	37 11	17 19	64 70	70 96	58 20	57 97	7 77	16 59	13 67	40 1	12 86	67 49	3 7	2 98	73 97	74 66	71 87	81 84	68 23	86 33	69 11	33 22	24 33	65 19	53 57	15 99	23 59	79 32	83 10	59 11	5 12	62 41	56 58	34 12	44 56	72 47	28 99	32 30	89 43	11 26	85 30	46 37
21 42	57 71	53 36	52 33	62 95	83 27	37 43	42 46	18 4	33 59	30 60	22 95	46 25	73 22	82 73	64 62	11 91	47 85	51 44	49 33	88 45	74 83	65 65	58 41	19 44	50 27	26 41	39 66	48 39	44 63	63 50	75 98	55 26	1 97	84 45	2 47	85 18	77 33	15 90	70 22	86 66	68 19	81 77	54 91	61 45	14 76	17 13	69 38	32 98	27 42	41 15	71 61	59 46	80 57	45 94	66 47	6 99	24 58	10 40	35 53	7 33	72 68	56 92	79 73	36 6	12 44	4 31	23 97	38 84	9 52	34 83	3 36	5 91	16 72	43 83	40 84	20 2	28 39	13 75	76 73	0 69	67 23	25 98	31 91	29 37	78 10	89 25	60 85	8 59	87 32
64 2	55 10	9 35	36 48	43 55	31 20	5 34	71 64	56 92	84 82	6 20	29 99	87 20	10 72	39 60	37 88	25 55	30 77	53 13	3 92	67 90	49 84	16 44	82 42	79 14	73 84	66 76	46 88	68 63	19 41	22 18	78 43	51 6	88 78	72 93	75 92	26 94	23 59	17 77	35 34	60 91	86 77	32 30	15 11	45 37	41 72	48 52	11 3	33 34	13 51	27 34	18 25	20 11	59 30	34 43	47 42	12 72	2 83	62 35	85 72	28 33	7 25	58 57	4 69	77 83	69 10	63 92	80 73	24 63	61 98	83 59	70 79	74 45	89 98	44 15	57 81	21 39	8 76	38 48	40 64	14 65	54 21	1 16	0 99	81 24	42 97	65 78	76 79	52 20	50 45
47 71	87 62	33 57	61 17	77 96	66 56	74 2	85 32	80 67	84 33	70 50	16 10	19 58	20 38	86 56	14 36	15 54	51 91	46 49	89 4	76 17	44 93	88 78	71 36	48 45	10 24	7 35	25 8	83 2	65 9	39 58	64 53	63 25	68 88	73 51	54 25	40 63	41 9	36 75	2 22	67 89	38 33	3 45	56 71	58 82	24 26	23 93	50 17	0 26	30 31	17 32	31 60	34 52	6 48	28 33	79 3	59 1	81 49	37 77	78 50	13 92	21 46	60 18	69 22	35 35	82 58	62 25	1 35	55 23	12 78	29 77	49 33	8 56	18 52	4 83	75 48	53 89	27 74	42 60	52 67	72 1	57 43	26 72	43 73	45 50	11 90	22 6	9 78	32 55	5 48
49 30	5 25	79 87	13 97	83 97	50 37	26 64	38 66	81 9	56 33	64 51	21 36	6 53	48 62	0 66	35 43	16 16	47 71	68 73	41 20	45 37	89 11	7 42	69 70	84 95	55 61	57 81	52 21	23 97	37 80	70 14	77 64	76 54	28 45	82 40	72 45	17 63	39 96	36 7	10 80	46 51	8 4	80 14	43 64	74 76	19 45	51 74	61 31	66 66	4 45	18 26	71 38	15 43	54 56	32 80	87 70	14 77	11 1	25 85	24 40	53 6	2 94	42 61	60 73	40 40	9 50	44 79	30 14	59 17	31 33	86 34	78 27	58 34	3 4	73 5	34 10	33 66	62 15	85 22	67 11	12 25	75 82	63 97	27 39	29 59	88 96	65 23	20 33	22 48	1 27
79 84	55 64	43 74	21 16	28 7	17 94	48 76	87 86	35 1	39 81	29 2	58 54	31 5	70 38	0 36	9 15	86 42	44 97	12 85	14 20	37 40	33 24	41 96	3 33	6 67	23 38	63 88	16 51	77 43	15 31	73 8	13 32	20 41	61 85	69 2	18 68	54 48	76 18	72 28	1 68	80 60	51 19	7 39	57 73	40 53	83 45	32 37	2 48	62 26	19 76	59 47	60 85	46 54	38 71	78 19	75 80	47 3	22 2	27 71	52 66	68 98	10 81	64 65	50 40	88 26	84 74	8 56	25 82	66 33	42 51	24 32	4 46	53 16	26 90	67 80	34 10	82 16	81 91	30 20	49 75	74 90	11 72	45 36	56 44	71 95	5 73	89 69	36 5	85 63	65 15
12 50	24 94	45 52	38 42	83 43	73 11	61 10	65 33	44 37	39 2	25 7	11 83	58 82	70 33	60 37	63 56	32 91	85 73	62 77	27 27	9 37	89 43	54 44	23 45	49 70	35 78	81 3	84 58	34 10	57 52	8 99	64 7	80 50	41 3	19 63	29 72	86 13	87 9	1 6	68 35	82 53	10 16	15 96	4 18	79 4	40 46	20 13	31 3	53 25	56 21	28 50	88 87	55 14	71 64	13 41	7 94	48 50	2 35	36 15	33 16	30 38	76 77	77 8	0 29	6 72	22 42	59 51	3 98	74 87	18 98	52 5	21 2	78 38	72 35	66 28	14 55	42 38	43 80	69 17	37 42	5 26	51 54	16 78	75 37	50 55	67 29	46 5	17 41	47 6	26 77
46 2	30 51	28 89	4 60	41 67	87 60	13 7	64 95	12 4	65 95	16 28	86 29	56 57	38 63	73 14	67 55	69 76	40 74	54 57	19 38	26 47	83 13	60 59	0 73	51 10	17 62	22 39	88 17	29 68	25 28	27 63	59 32	35 19	48 28	32 11	62 45	20 24	77 83	24 30	14 89	44 7	23 78	52 46	85 50	15 39	80 38	18 41	7 53	3 17	71 49	2 23	10 15	5 92	61 35	72 25	68 56	82 22	39 33	33 9	6 20	84 14	45 16	58 41	8 94	63 72	76 40	1 43	37 55	42 90	81 61	31 79	43 30	70 6	78 14	49 60	47 75	53 92	74 70	66 93	75 24	57 67	36 93	55 38	79 52	34 24	50 18	21 66	9 9	11 46	89 61
84 8	68 60	79 36	64 93	89 25	7 49	59 45	27 82	19 51	88 84	34 6	0 42	50 69	12 70	16 80	63 49	10 63	6 13	61 69	38 58	44 16	46 71	26 24	5 93	35 39	58 92	37 39	77 44	49 56	47 34	36 42	69 16	22 98	11 19	20 23	60 81	40 62	43 59	75 36	9 6	67 30	2 71	86 41	24 55	53 37	81 22	39 39	42 41	52 91	29 75	3 67	76 73	31 30	1 59	13 65	83 30	48 70	74 23	45 88	4 88	72 81	82 23	17 47	33 81	55 18	70 60	23 2	87 20	85 4	62 43	14 47	41 88	54 68	18 88	66 51	28 6	71 79	80 31	25 70	30 23	78 38	65 45	73 58	56 48	21 83	15 43	57 23	51 97	8 97	32 39
66 91	27 83	81 78	49 94	9 57	88 86	10 26	53 88	80 57	3 36	89 22	52 15	58 11	74 1	76 20	15 38	51 13	64 58	2 47	54 17	5 2	63 97	45 46	61 87	59 73	42 18	67 50	60 61	39 13	68 55	44 71	84 18	6 7	29 55	75 37	62 33	26 14	4 98	43 55	47 39	85 40	73 98	32 98	77 90	56 1	82 22	79 20	12 37	33 26	34 26	16 26	1 92	31 51	23 97	38 53	57 15	87 44	70 36	41 93	46 68	55 95	69 15	71 47	86 97	25 44	48 28	35 58	22 75	11 91	65 23	20 44	72 32	30 85	83 69	50 48	78 5	18 56	0 48	40 2	13 28	21 74	28 58	14 5	24 84	7 67	8 16	36 79	19 85	37 25	17 49
4 27	70 14	10 67	55 44	89 46	9 56	84 32	14 83	61 57	46 21	33 97	63 98	88 13	52 64	44 47	57 34	0 48	85 79	76 6	69 78	58 93	12 42	48 52	3 72	19 42	15 70	67 8	75 80	86 63	32 94	54 15	73 85	31 62	83 4	24 10	62 55	87 77	82 97	42 86	39 43	13 22	56 58	23 95	78 67	1 9	65 23	7 97	66 76	79 34	40 2	49 26	16 65	64 90	27 55	8 17	37 39	43 11	29 58	77 8	28 19	34 6	38 56	51 98	6 92	47 71	21 53	2 82	18 55	74 46	60 79	50 30	71 86	30 78	41 11	26 18	81 36	36 7	68 14	25 29	5 69	22 60	80 72	17 32	20 90	72 99	53 74	45 65	11 40	59 28	35 86
66 12	62 82	25 52	60 97	51 16	79 23	34 29	74 73	59 79	89 31	19 78	86 17	49 72	39 60	83 88	65 95	35 17	3 72	21 98	45 43	46 88	22 7	32 26	18 62	53 76	82 67	50 71	71 85	69 20	26 5	78 75	73 38	7 21	29 93	0 27	17 25	57 86	9 86	61 66	14 96	37 26	12 52	15 73	30 38	80 5	63 96	27 46	56 80	2 67	1 17	40 82	4 58	13 67	72 85	42 56	52 66	55 83	48 1	8 77	5 57	68 46	16 22	75 31	43 61	24 46	28 88	10 9	88 11	76 46	64 62	20 15	36 55	31 62	85 99	33 16	58 60	41 65	44 31	11 72	47 9	23 75	84 11	67 33	38 7	77 10	6 15	87 16	81 77	54 6	70 5
43 11	57 60	37 20	22 85	21 30	86 63	11 63	59 80	75 12	16 19	78 65	3 4	77 93	52 97	24 15	29 50	30 65	45 41	84 44	76 26	48 54	31 1	89 71	9 6	83 65	12 88	17 15	46 4	85 64	66 87	60 53	38 83	25 38	71 50	64 73	62 41	88 31	33 46	10 92	26 81	1 95	53 38	35 7	69 73	73 45	40 47	61 95	58 84	54 67	7 35	34 90	56 54	27 88	28 58	47 3	13 47	18 50	32 79	72 32	51 46	70 31	44 92	5 14	4 71	55 37	23 16	82 10	41 56	80 6	8 99	50 20	87 83	74 83	68 2	6 12	0 79	20 50	81 37	36 84	67 72	14 95	2 54	79 86	65 32	19 25	42 47	15 85	63 61	39 35	49 79
