10	90
78 44	31 40	52 84	7 51	14 55	6 11	48 62	87 17	43 2	51 85	25 5	4 17	39 70	29 34	36 7	30 13	56 39	9 40	74 39	47 97	85 87	28 76	15 48	72 23	64 48	20 96	82 74	22 71	3 55	89 21	12 6	62 28	11 59	10 38	54 9	73 4	38 82	53 15	8 55	83 54	58 20	27 23	80 47	84 8	32 17	86 53	81 10	77 89	40 55	76 15	16 61	21 74	44 89	24 25	66 2	2 67	65 68	34 40	23 40	46 33	70 47	88 76	45 57	18 42	5 29	63 4	26 4	50 1	1 16	13 4	67 81	35 18	69 42	71 9	42 4	57 39	68 57	33 42	0 94	59 67	41 31	17 78	61 49	60 46	19 80	55 94	49 7	79 45	37 54	75 15
11 46	4 6	62 92	55 21	36 57	39 37	63 28	12 56	9 42	15 81	89 43	53 60	42 61	20 27	66 24	23 9	25 17	34 42	59 99	17 34	85 14	6 36	46 23	71 93	41 58	10 44	86 55	84 92	64 87	51 96	88 91	28 5	76 77	80 23	77 1	31 71	14 93	21 78	81 70	33 15	7 22	82 30	29 52	43 84	52 8	8 42	13 14	40 12	75 20	44 49	22 40	37 80	50 71	16 84	70 49	54 28	26 99	73 48	19 11	24 59	87 8	57 76	0 86	49 35	30 12	69 39	1 23	2 8	47 31	3 65	48 20	38 52	78 98	65 10	18 8	74 77	35 52	32 49	83 65	45 58	61 4	56 34	60 45	27 23	5 44	79 81	68 71	72 15	58 20	67 87
27 39	53 28	54 74	8 11	33 34	23 71	70 15	14 3	11 4	34 94	61 48	41 30	1 30	36 72	39 79	47 9	73 30	81 14	56 90	52 94	88 48	10 26	65 18	19 6	45 90	32 45	64 88	62 63	51 11	9 32	72 74	58 59	31 74	76 58	17 50	0 54	12 1	20 25	3 26	18 39	48 50	35 49	55 86	80 86	30 38	44 18	77 82	86 99	84 90	63 44	22 42	71 43	66 45	7 68	50 50	85 93	4 82	74 24	16 86	13 60	49 82	87 57	15 68	82 21	29 26	25 66	24 20	46 56	21 35	6 9	78 49	37 31	60 13	59 35	43 4	42 92	28 86	83 77	89 76	40 53	69 84	75 82	79 6	67 83	38 45	5 14	68 32	2 3	26 73	57 70
77 78	50 71	0 44	51 32	2 38	71 66	38 95	4 12	69 78	39 52	32 78	27 26	64 79	66 8	55 64	8 28	87 78	13 18	12 94	15 40	72 57	16 35	21 42	48 16	43 56	41 23	81 62	1 37	54 48	63 70	61 75	20 77	67 75	34 60	47 25	62 24	73 61	25 53	60 60	56 78	52 48	59 6	88 59	19 56	29 63	75 68	30 49	65 35	36 31	86 69	24 34	33 78	44 56	7 69	49 94	57 23	89 70	40 85	35 87	58 50	31 31	22 24	17 20	83 14	70 69	84 10	68 48	74 55	23 92	11 84	3 50	37 63	53 44	42 16	85 78	79 44	78 62	9 40	46 89	26 50	6 1	28 84	18 50	45 3	76 24	14 6	80 47	5 35	10 13	82 44
67 50	61 88	47 7	5 38	85 42	77 17	2 3	33 14	63 10	78 62	40 80	19 25	57 44	22 20	45 77	79 17	65 82	21 44	70 68	32 98	69 84	3 38	71 36	26 40	15 15	76 59	12 26	81 96	43 26	55 69	34 83	46 90	60 84	62 56	41 4	42 53	58 35	16 20	75 9	84 90	59 73	17 13	53 82	35 23	39 95	18 39	86 39	64 25	38 40	80 23	74 76	31 85	23 40	0 41	4 28	10 56	8 74	54 78	49 70	6 88	30 27	9 60	87 10	11 18	73 97	27 60	13 72	24 42	25 69	72 5	50 56	7 55	82 96	52 43	66 25	68 95	88 27	20 1	14 13	36 67	48 51	89 73	83 37	1 55	37 15	29 63	28 47	56 85	51 83	44 80
87 79	41 61	25 13	46 78	10 48	55 42	42 68	44 25	51 62	33 61	2 62	8 94	73 34	19 36	27 33	57 31	20 11	30 24	40 40	29 89	13 16	82 98	9 30	62 8	86 98	72 83	49 53	31 13	36 97	24 65	68 53	80 37	74 19	69 88	63 28	34 63	3 51	1 62	26 95	64 17	0 4	48 22	60 86	52 54	43 50	78 21	70 73	77 47	66 27	83 91	65 93	37 19	5 81	32 35	71 72	15 15	6 33	4 41	54 92	84 97	50 33	39 80	45 69	11 48	23 57	35 26	75 98	21 3	14 47	12 40	81 32	38 54	76 33	7 67	17 16	67 87	22 72	89 57	53 11	28 95	61 33	59 17	79 34	85 42	16 62	56 26	88 83	47 30	58 12	18 31
68 40	23 68	64 25	41 31	38 65	10 67	12 59	63 99	9 18	14 18	58 91	3 19	66 92	49 8	34 15	11 70	47 9	89 47	19 44	46 35	31 99	86 31	40 83	28 73	21 45	51 97	61 39	54 83	74 46	73 78	75 44	84 27	59 84	17 84	81 37	79 22	60 66	78 16	26 34	16 69	42 3	36 64	80 57	56 76	88 12	65 19	15 49	32 63	62 12	13 43	2 89	67 41	72 59	8 31	52 45	55 47	4 67	44 24	87 90	27 34	0 38	70 97	69 28	1 98	43 28	22 61	20 50	77 87	45 67	48 9	25 74	30 90	57 67	71 98	33 69	7 89	35 18	82 29	85 71	18 84	76 7	5 61	37 96	6 27	53 96	24 45	29 9	39 98	83 21	50 35
53 2	6 30	81 35	51 82	70 19	65 18	84 24	42 11	86 76	63 2	24 55	47 11	11 51	14 41	21 15	85 80	77 63	20 90	62 54	18 73	45 84	89 35	87 20	69 50	67 51	80 35	49 68	16 29	9 78	59 24	88 29	73 29	64 1	2 27	39 11	48 66	23 40	17 20	26 85	68 9	52 25	15 98	29 53	33 54	75 39	7 13	57 78	56 16	31 67	79 73	44 89	13 4	41 5	0 59	54 87	28 77	10 1	40 73	82 91	30 13	36 93	5 91	12 46	83 78	58 33	78 58	32 91	27 31	60 57	4 13	72 17	66 62	38 15	25 49	19 39	37 4	61 31	46 62	76 86	50 63	34 28	3 19	1 92	35 24	74 29	55 56	71 26	8 16	43 53	22 68
67 7	62 74	87 79	40 31	60 97	76 66	81 54	78 48	56 96	77 85	86 67	27 24	21 8	72 9	83 90	3 93	14 10	49 54	69 44	46 96	24 53	17 2	48 58	42 69	18 83	7 15	37 93	32 41	8 77	73 72	57 49	61 75	10 3	19 20	55 11	0 93	30 30	29 98	15 92	66 33	43 30	9 68	4 83	20 93	44 36	80 78	52 71	63 25	1 80	88 52	82 63	59 92	28 50	33 96	47 56	41 98	74 80	58 24	75 84	2 71	11 69	51 49	39 6	64 67	22 16	12 18	25 47	36 96	54 88	31 16	65 54	53 6	34 38	6 63	84 94	16 6	13 53	71 98	23 4	85 91	26 59	45 26	35 46	79 70	38 87	5 93	50 11	70 50	89 89	68 26
19 78	77 39	38 62	80 59	27 70	37 87	82 2	83 73	78 8	12 97	86 2	10 67	14 71	35 78	28 56	7 74	65 86	73 10	41 79	46 8	23 43	55 98	15 57	89 15	64 38	49 23	4 92	20 69	54 82	52 54	50 75	2 63	25 39	32 5	75 82	59 97	16 67	84 78	81 3	53 55	58 53	88 41	68 69	0 47	69 76	72 4	87 82	62 98	13 42	26 61	18 57	61 24	47 52	3 33	39 28	57 10	17 77	8 11	71 84	31 48	36 1	56 54	85 3	5 87	34 14	9 44	22 79	11 1	76 76	1 66	48 18	42 9	40 32	51 49	74 88	29 32	33 40	43 84	44 37	66 98	70 45	79 37	30 48	63 72	6 60	45 89	21 72	24 91	67 39	60 57
