90	40
21 6	19 6	33 37	12 71	31 62	3 74	30 13	2 4	27 94	23 34	8 88	9 51	15 22	22 71	35 68	32 70	38 90	14 63	24 54	25 97	10 10	7 84	34 88	39 71	28 18	36 20	20 47	29 58	13 74	1 88	0 89	37 11	5 89	11 90	16 78	4 67	18 16	6 39	26 8	17 34
14 25	13 61	33 74	31 73	0 18	24 94	15 70	4 87	5 38	21 97	23 91	29 15	38 20	27 71	20 38	10 66	6 57	32 32	1 33	11 97	36 22	18 42	2 44	37 76	7 39	22 5	30 66	25 15	34 5	3 15	19 21	35 42	17 35	12 12	8 44	9 15	39 5	28 51	16 3	26 95
15 64	10 31	11 70	17 51	35 82	19 98	6 87	14 40	24 16	13 62	39 80	3 53	5 6	26 52	37 20	21 44	8 37	27 36	34 6	9 20	2 87	22 53	16 46	31 72	33 81	7 50	36 61	32 54	4 47	20 72	0 32	25 25	1 11	12 79	29 37	28 75	38 11	30 25	18 24	23 31
34 79	23 60	27 87	18 64	21 74	6 13	12 87	31 75	25 52	38 64	32 2	10 90	28 97	1 47	11 49	17 3	16 47	4 67	22 26	36 76	19 84	3 63	20 14	26 23	0 4	13 51	33 39	29 34	30 93	24 58	7 92	5 66	37 95	39 46	9 37	35 78	2 63	15 51	14 62	8 59
20 53	35 67	17 42	36 95	34 24	13 62	9 76	24 75	8 9	32 90	12 76	39 72	4 40	37 56	21 23	30 76	23 58	16 51	26 62	3 10	31 76	1 84	10 13	11 93	19 21	22 22	15 63	14 74	27 21	7 38	6 90	18 88	28 98	25 31	2 96	29 33	38 59	0 88	33 34	5 98
16 84	17 54	24 86	25 32	23 51	6 43	10 61	15 47	35 97	33 40	12 39	32 94	18 93	1 8	2 2	13 40	5 58	38 12	34 31	39 74	36 3	20 17	21 51	19 2	27 22	37 38	11 51	8 12	4 74	7 46	30 97	0 72	9 51	31 46	14 61	3 45	26 87	28 86	29 55	22 35
18 61	8 69	13 76	26 17	36 85	14 33	38 53	34 85	3 93	32 70	6 71	23 21	2 53	11 17	39 56	30 38	10 95	24 5	17 4	1 14	25 15	16 18	7 61	27 15	20 24	35 29	12 1	31 75	28 80	22 50	5 9	29 99	19 22	9 9	37 55	0 80	15 67	21 97	33 41	4 86
9 65	38 84	1 83	32 24	25 89	29 25	20 63	3 57	26 3	17 14	4 86	12 53	0 87	19 41	34 33	2 38	22 35	6 3	39 27	11 53	13 26	14 23	7 46	21 50	8 1	33 32	18 80	37 12	35 36	30 82	15 83	23 5	5 54	36 45	31 56	28 57	27 63	10 95	24 46	16 7
12 62	30 38	32 72	5 17	9 69	37 53	17 50	27 57	39 66	29 1	6 51	19 37	7 16	15 5	31 59	20 50	38 97	36 62	25 74	13 73	35 84	10 5	16 99	21 96	4 31	23 81	11 96	3 90	18 16	26 56	1 98	22 65	14 1	8 49	34 8	0 76	2 28	24 85	33 99	28 14
15 53	11 72	39 78	29 77	14 83	31 56	13 31	25 37	33 21	34 38	8 88	22 9	6 3	23 85	4 93	16 69	38 12	26 61	36 1	27 55	17 93	37 62	32 49	20 4	12 90	5 82	35 94	7 48	9 8	28 74	18 89	2 91	21 71	19 12	24 29	3 1	0 1	10 76	1 4	30 36
9 72	27 35	0 11	23 17	38 68	32 75	8 75	1 61	28 58	15 3	39 62	30 86	12 95	24 21	20 21	22 10	3 86	18 18	31 36	26 87	34 80	16 82	35 90	14 85	13 46	5 76	33 90	25 16	21 94	11 37	6 6	10 40	19 29	2 43	17 1	36 3	29 90	7 59	37 29	4 78
19 25	20 89	18 92	32 70	0 82	16 59	13 54	26 18	27 57	17 20	6 89	34 46	9 53	37 54	21 29	30 38	35 10	29 39	38 41	31 52	1 76	25 5	2 95	3 22	33 93	36 51	15 17	14 26	5 25	23 5	28 8	11 79	10 9	24 8	39 58	8 95	4 94	7 82	12 92	22 63
18 28	5 25	14 64	0 63	3 62	21 19	36 63	37 61	29 88	1 65	9 9	19 55	34 63	30 56	6 65	22 67	32 99	31 11	10 51	38 57	15 64	13 64	33 96	12 82	39 54	20 33	25 19	27 2	2 59	7 66	8 47	26 97	11 29	16 55	23 45	28 24	35 45	24 9	17 38	4 66
10 24	27 1	29 2	20 86	7 73	24 19	8 78	33 27	14 16	30 8	3 50	2 55	21 16	22 37	31 77	26 55	39 96	28 48	25 89	9 34	15 65	17 41	35 77	37 25	0 3	4 18	34 8	38 89	18 6	6 51	12 18	11 58	32 91	16 39	13 77	36 96	1 88	19 66	5 10	23 85
11 44	20 24	31 38	8 76	28 59	22 22	2 40	1 38	5 40	25 56	24 4	14 96	18 98	30 80	38 19	4 73	37 14	26 84	7 52	3 36	10 39	36 57	0 93	9 41	27 17	29 72	12 20	16 27	23 79	13 35	19 84	15 75	17 37	21 94	6 68	34 76	33 14	32 90	35 61	39 6
8 88	30 68	1 44	36 43	10 82	39 63	5 37	25 91	19 84	15 80	34 39	29 26	38 87	28 3	23 52	7 92	2 20	18 94	37 41	24 2	3 94	22 32	20 38	33 88	14 6	21 2	16 92	6 18	13 36	12 53	0 32	9 22	11 67	35 4	27 5	32 1	4 48	31 86	26 91	17 15
37 22	22 91	1 93	31 66	15 6	14 45	6 86	20 41	23 95	38 74	26 34	27 8	0 87	16 64	33 48	30 68	19 11	39 79	12 51	2 28	24 57	34 15	10 65	13 97	9 96	7 64	21 83	35 54	36 57	17 35	25 32	8 10	5 84	32 40	3 79	11 94	18 57	4 50	28 33	29 65
14 64	18 21	15 93	35 60	37 43	22 16	19 51	9 66	31 86	11 46	4 59	8 98	34 34	24 30	25 90	33 5	32 35	12 24	7 53	29 62	16 29	36 82	38 34	39 13	21 73	10 1	6 85	1 23	30 22	20 55	23 35	2 5	27 39	17 86	13 37	28 5	0 40	5 99	3 97	26 73
12 3	26 54	33 44	18 69	7 43	6 91	32 9	39 21	27 84	4 68	15 84	19 55	11 24	17 4	34 19	10 47	13 62	29 76	14 77	1 97	8 8	30 91	28 50	37 2	20 81	23 47	31 97	16 82	35 21	24 57	21 30	9 51	2 69	5 16	38 63	0 20	22 23	3 70	36 88	25 14
18 68	11 41	23 21	26 24	4 40	20 63	22 43	0 54	3 22	21 72	17 5	25 26	38 79	10 72	16 6	30 7	36 37	1 48	39 48	12 58	9 15	31 17	27 4	24 92	5 5	6 1	35 44	15 28	19 1	28 23	34 33	2 17	8 18	13 3	37 36	14 19	33 83	32 48	29 30	7 5
29 3	37 55	21 74	13 31	9 62	0 83	20 13	34 80	18 6	27 64	16 78	2 56	22 54	4 65	17 30	7 97	30 48	26 73	38 40	28 65	5 13	6 43	8 89	23 86	31 18	14 73	36 57	39 56	12 18	33 81	10 16	25 59	32 82	19 84	15 52	3 82	35 96	11 81	24 94	1 64
18 70	4 95	6 46	8 84	11 42	19 71	28 95	23 75	20 38	29 24	22 21	7 22	35 44	0 8	2 19	26 92	3 41	31 40	10 13	30 15	34 46	25 38	21 83	24 99	1 65	33 41	27 23	16 51	36 46	39 51	5 25	37 19	17 39	12 23	13 34	14 53	38 1	15 94	32 63	9 36
22 28	17 62	14 15	16 76	28 18	24 44	12 27	4 43	32 32	19 81	38 72	31 83	30 88	35 4	15 4	9 91	25 41	18 89	34 33	13 87	36 14	7 77	3 9	26 8	23 5	8 14	37 59	21 77	33 93	6 5	11 89	1 58	39 67	0 54	2 98	29 63	10 1	27 77	20 35	5 16
25 87	0 97	18 94	7 18	8 24	4 67	12 80	38 97	20 25	17 87	39 81	16 88	3 95	37 85	13 91	21 42	10 82	24 44	22 96	32 62	1 85	36 80	35 98	29 4	33 95	9 83	34 65	14 2	15 43	2 37	19 99	26 33	30 99	5 61	31 60	23 16	6 89	28 41	11 39	27 56
34 59	30 43	36 54	12 91	37 31	7 26	33 1	14 66	21 74	11 93	32 47	27 81	23 32	15 37	19 61	18 93	10 57	38 32	9 51	35 44	31 20	22 67	1 82	28 28	17 83	16 43	0 61	13 43	20 88	25 14	2 29	26 19	24 84	5 8	39 44	8 71	4 98	6 77	3 3	29 78
7 25	34 80	38 53	25 24	15 92	14 6	18 34	32 55	23 70	29 80	20 52	9 50	3 9	39 73	2 75	35 32	19 65	10 79	30 23	17 53	11 81	0 21	1 90	26 15	31 28	12 98	21 21	4 7	24 84	33 50	5 96	8 96	13 38	37 99	22 56	27 99	6 50	16 99	28 22	36 55
17 78	34 89	15 35	26 60	38 87	5 58	33 25	12 53	30 88	23 78	18 74	21 15	4 52	14 1	20 20	32 81	39 10	19 50	35 18	11 80	13 67	27 52	37 7	31 81	2 75	8 14	0 62	10 74	1 2	3 2	22 13	24 62	9 11	36 4	7 91	25 91	6 2	29 29	16 94	28 12
37 50	23 84	39 66	1 44	14 87	30 16	12 7	26 15	6 33	17 55	34 47	32 23	29 20	33 18	38 51	11 26	22 18	16 94	19 42	0 36	18 73	24 15	9 17	31 72	25 39	2 7	15 92	5 41	28 46	27 2	4 95	3 18	20 24	21 79	13 77	8 86	36 72	35 63	10 45	7 10
33 76	8 11	24 60	29 45	16 2	12 97	7 94	6 88	15 48	21 50	23 69	36 96	32 77	13 28	5 86	38 5	0 64	26 7	3 91	19 48	30 8	14 7	18 25	9 81	11 64	35 70	25 91	4 86	37 11	20 69	27 66	28 95	22 24	2 66	1 80	17 84	39 77	34 31	31 48	10 9
16 48	8 4	3 44	32 6	36 80	14 60	39 35	18 25	37 15	9 44	31 76	1 8	11 81	17 92	33 19	20 77	22 1	0 31	30 57	19 83	26 95	21 49	15 40	6 3	34 5	24 55	10 5	29 50	2 27	4 33	38 24	35 44	25 32	5 44	13 46	7 41	23 80	28 42	27 85	12 87
17 87	4 84	16 41	31 43	1 17	8 14	6 37	23 33	18 27	20 8	0 52	28 99	19 5	12 21	10 75	9 63	14 43	37 91	11 15	34 37	39 94	5 35	13 9	29 72	15 68	27 64	22 12	2 41	33 15	7 77	3 7	21 86	35 68	36 12	25 32	24 86	26 18	30 75	38 18	32 50
25 89	2 59	11 80	38 82	8 89	16 27	19 28	24 7	15 1	13 19	4 48	6 98	9 39	34 60	32 1	5 86	21 1	20 12	31 81	1 96	33 83	7 75	14 46	10 64	37 33	3 93	0 79	26 49	22 79	28 41	36 1	12 81	35 24	27 16	30 66	23 33	39 73	29 59	18 14	17 98
5 33	18 25	20 58	31 31	1 1	13 60	16 7	10 45	22 23	32 95	34 84	11 15	12 95	21 62	3 25	14 60	23 98	25 23	6 77	9 47	26 58	36 27	28 75	8 28	7 42	15 36	19 52	39 30	24 53	37 95	30 36	2 56	33 60	0 33	29 64	4 29	35 32	17 7	38 72	27 62
19 3	25 61	33 99	20 62	29 23	11 64	38 12	10 86	9 13	14 25	4 76	0 95	2 19	24 40	34 6	27 26	32 94	8 71	39 96	26 94	16 50	12 44	37 98	1 48	31 70	36 32	22 65	7 47	5 92	6 75	18 40	23 49	15 3	3 5	28 89	30 85	13 36	17 36	21 6	35 22
17 77	34 61	23 29	37 15	20 43	24 26	1 77	6 58	35 42	4 83	32 4	14 22	3 63	18 37	28 51	9 77	11 75	2 94	30 43	22 8	15 52	8 92	19 33	21 96	36 98	26 95	25 41	38 4	27 48	5 46	0 24	31 76	7 14	13 99	33 80	39 66	29 72	16 39	12 35	10 69
39 54	27 89	6 39	21 82	2 87	38 87	14 29	19 9	16 50	37 22	17 39	4 56	34 10	22 24	33 3	29 6	24 44	32 58	30 14	25 49	11 5	20 66	1 28	3 18	23 68	0 71	5 35	35 69	36 33	31 58	12 22	15 68	18 74	7 40	8 75	9 77	28 95	13 14	26 13	10 98
17 99	8 32	39 29	25 45	33 76	2 27	18 5	14 92	36 70	28 90	20 45	9 39	34 37	5 15	37 43	32 10	38 40	31 61	15 68	3 98	21 41	16 7	4 91	11 56	6 67	19 57	35 94	7 69	22 73	29 11	26 71	27 3	23 85	0 11	1 26	10 63	12 79	30 60	13 44	24 15
27 66	5 90	8 19	39 3	25 39	16 62	14 4	31 2	15 39	13 21	2 91	33 46	32 57	21 27	26 72	29 59	35 55	7 6	37 43	38 86	22 66	9 30	0 79	19 23	17 99	36 10	12 41	24 16	6 21	28 47	23 18	18 69	10 23	20 1	1 61	3 87	30 70	11 35	34 43	4 18
13 87	16 2	19 49	14 80	22 77	2 63	17 77	39 91	5 64	36 88	38 49	15 78	6 15	12 79	27 98	31 94	10 76	28 47	30 39	1 28	11 75	9 52	34 48	0 60	3 96	23 88	35 49	37 66	32 7	25 34	21 48	24 75	7 16	33 63	8 51	4 59	20 24	18 44	29 48	26 1
24 26	19 15	10 83	16 80	13 62	21 66	36 83	4 10	38 30	17 65	25 36	23 17	35 80	1 77	37 83	14 85	9 82	18 96	26 18	30 80	2 20	12 25	32 32	6 77	34 57	11 30	33 22	15 43	5 7	27 8	0 55	39 94	29 74	31 14	22 97	20 89	3 26	28 38	7 37	8 20
8 10	34 22	12 9	9 11	30 32	26 19	11 46	16 49	3 22	35 3	20 94	25 99	4 31	32 1	37 95	0 99	33 2	28 14	18 98	21 9	29 82	1 61	22 44	13 6	14 69	31 25	19 79	10 21	17 2	2 99	38 16	6 33	27 89	7 17	39 68	36 94	5 28	15 79	24 23	23 80
37 38	0 99	10 29	14 14	24 7	32 33	25 25	33 57	5 19	15 5	39 25	7 51	13 68	30 32	38 92	18 84	17 99	11 40	9 71	22 17	1 95	2 89	23 9	31 93	12 34	4 25	35 37	16 3	26 27	29 97	36 43	20 54	8 76	27 91	19 64	6 67	21 68	3 98	34 5	28 69
1 12	33 52	12 30	11 30	23 54	31 51	29 42	14 45	21 41	9 45	4 96	7 13	8 22	0 43	13 86	16 36	15 47	6 18	19 23	27 54	3 9	18 96	32 52	24 91	37 37	39 33	17 88	25 24	35 12	36 91	5 31	28 16	34 5	30 28	26 54	38 25	10 52	22 43	20 84	2 3
27 5	17 81	35 30	23 81	16 61	22 24	19 87	14 68	24 7	34 45	36 96	29 26	30 85	8 62	28 54	6 78	12 60	20 75	15 68	4 18	32 7	3 51	37 33	5 31	38 34	1 22	13 44	0 26	21 91	7 31	33 9	10 10	31 31	2 55	9 14	39 24	26 53	11 80	18 5	25 21
31 61	8 86	13 18	20 91	9 50	12 52	34 4	28 22	27 25	38 74	36 47	11 92	15 47	35 32	21 39	19 22	2 15	25 76	4 2	6 63	14 6	10 79	22 60	29 95	37 92	23 47	1 43	5 11	16 25	24 91	17 30	39 45	0 72	7 77	33 69	30 77	3 25	32 99	18 78	26 10
23 68	35 96	37 21	1 47	34 36	28 76	11 34	31 95	10 21	18 27	13 2	8 41	33 48	30 18	6 97	3 15	16 20	14 84	9 15	36 56	20 66	26 72	22 8	12 72	2 42	27 4	5 13	7 20	38 37	21 70	0 91	29 21	24 71	4 99	15 84	39 59	25 82	32 53	19 54	17 41
11 29	9 56	28 46	10 74	22 16	35 20	19 95	34 38	8 89	36 64	33 55	20 78	18 22	16 11	14 18	30 46	38 53	3 80	13 72	21 77	37 56	2 98	25 79	31 29	24 16	15 3	7 7	4 30	17 43	1 75	32 93	27 81	23 35	6 55	26 68	39 47	29 72	0 30	5 11	12 5
16 53	14 91	4 78	3 75	38 17	8 88	22 6	12 29	34 76	39 79	7 19	26 75	20 78	35 13	25 13	15 21	30 34	23 21	19 19	0 81	37 45	29 91	10 92	31 60	21 21	17 98	6 31	24 35	36 34	2 35	28 60	1 77	11 54	13 19	18 6	5 68	33 93	27 1	9 82	32 10
4 63	6 18	21 65	12 98	13 86	25 49	26 37	36 37	1 64	22 77	16 17	7 75	15 55	18 51	28 61	23 38	8 70	3 75	2 77	35 94	37 61	32 43	9 24	0 16	14 16	33 78	31 65	34 98	20 32	11 85	39 55	30 76	5 44	10 43	24 46	38 91	19 8	17 13	27 20	29 9
32 53	31 25	14 38	10 69	6 58	29 50	17 60	24 94	18 78	39 74	23 64	8 90	26 53	34 40	38 19	9 59	27 18	0 86	15 6	19 8	12 28	30 79	22 86	2 37	36 78	5 76	7 37	1 26	37 72	33 54	3 12	16 73	25 9	4 49	35 8	21 2	11 85	20 18	28 77	13 17
23 94	25 42	24 21	4 97	1 30	34 57	18 64	14 47	27 63	6 61	22 36	31 11	37 73	17 84	16 36	20 27	12 36	2 52	29 62	9 73	7 27	5 50	39 41	19 77	33 26	38 85	30 77	32 16	35 26	13 69	10 75	21 86	28 25	15 78	36 52	26 10	11 61	8 50	3 61	0 13
20 51	18 82	0 65	2 68	17 19	30 27	25 5	9 73	33 62	34 87	29 65	22 68	35 2	13 76	36 69	10 48	31 95	12 87	5 11	3 74	24 44	11 85	19 15	27 43	7 58	6 14	32 16	4 69	39 5	16 94	38 54	8 79	15 6	1 56	21 89	37 83	23 4	26 47	28 15	14 87
16 64	35 80	26 69	10 99	12 80	1 91	22 19	11 76	30 46	27 32	39 67	15 42	9 72	24 77	29 48	38 99	20 71	25 71	31 82	13 88	5 24	3 83	21 53	0 51	32 94	28 68	7 29	17 2	2 10	14 11	4 95	6 8	33 72	8 69	23 25	34 9	36 7	37 37	19 30	18 5
12 91	21 66	8 59	11 79	35 27	13 10	20 28	30 47	22 53	7 48	34 46	39 27	31 50	16 70	29 8	14 13	27 87	33 15	6 89	32 93	38 46	2 67	0 75	19 52	10 90	36 30	24 63	9 21	3 1	15 18	28 11	18 76	26 40	4 1	1 61	17 97	23 7	25 51	37 63	5 66
28 73	29 31	27 53	8 21	30 62	37 93	38 48	18 89	2 85	0 62	6 87	34 58	14 56	11 75	5 28	12 68	32 55	7 85	20 85	22 37	33 63	15 70	21 57	3 75	25 74	23 24	13 43	4 6	35 75	26 6	36 57	24 89	31 17	9 18	39 22	17 77	19 82	1 13	10 89	16 90
24 83	38 58	1 89	27 48	37 89	17 96	20 47	25 50	0 27	16 33	10 32	36 30	23 50	39 10	28 96	11 76	33 91	32 53	9 8	4 50	22 95	5 95	29 53	2 11	35 18	3 92	18 43	30 3	7 71	12 63	21 82	34 15	15 17	26 57	13 21	31 97	8 64	6 55	14 47	19 94
25 76	15 10	14 70	22 99	33 1	1 24	34 8	9 19	26 35	37 52	3 98	32 75	23 2	12 1	16 52	39 78	28 19	17 53	20 68	38 66	2 28	4 49	21 81	6 54	27 93	36 51	13 87	19 92	0 58	7 46	8 29	30 25	11 84	10 33	5 67	18 16	31 6	35 36	24 94	29 44
27 22	35 4	5 29	25 14	33 33	8 20	36 83	16 87	19 96	3 31	23 79	32 4	4 91	34 75	31 4	15 98	18 29	11 17	28 12	1 61	22 32	13 47	26 98	14 12	39 27	12 82	17 99	38 59	20 52	2 10	21 26	9 55	24 21	29 50	30 90	10 24	7 90	37 56	0 79	6 17
36 71	4 10	6 1	26 54	11 81	18 84	38 94	33 21	23 70	22 9	7 9	30 83	1 59	20 52	8 14	3 63	37 26	9 92	29 24	19 40	25 1	34 67	24 51	14 93	0 82	32 19	12 76	15 57	28 10	17 46	21 61	5 39	27 6	13 95	35 64	10 4	16 24	2 88	39 92	31 71
38 65	24 46	26 99	3 44	19 83	1 69	36 63	10 2	9 15	27 4	31 76	32 41	5 95	17 4	39 11	12 80	20 72	28 38	14 36	13 69	6 77	18 22	37 77	4 27	2 45	15 5	35 77	8 27	33 89	11 37	29 24	25 25	21 38	0 20	23 5	16 58	22 42	7 32	34 23	30 78
25 32	19 64	29 74	1 24	6 11	36 67	20 2	0 84	23 85	2 70	18 7	3 56	35 26	15 37	16 38	4 74	7 68	11 66	14 10	10 38	21 39	9 15	8 84	28 77	22 92	33 66	39 47	32 66	37 41	27 57	38 52	26 5	12 95	17 29	24 13	5 2	34 9	30 88	31 5	13 12
10 19	39 9	27 16	6 11	13 40	31 42	22 16	24 17	37 80	11 60	12 88	26 13	1 39	15 71	23 5	36 36	38 71	3 54	4 29	0 76	35 68	20 86	34 83	16 49	17 16	29 81	32 96	7 67	9 30	2 31	14 34	28 96	19 88	8 38	33 83	21 67	5 96	18 11	25 6	30 64
38 30	33 82	31 32	3 53	23 73	29 15	15 10	21 99	18 8	10 98	6 61	28 7	11 32	25 27	34 63	14 54	20 77	16 90	0 65	32 54	13 29	4 63	17 95	35 38	26 66	2 6	1 21	19 49	30 97	5 11	27 18	24 24	36 29	8 80	9 58	37 4	22 76	39 21	12 62	7 76
18 61	36 35	26 61	14 64	23 32	39 63	0 19	2 5	31 58	25 84	37 94	17 80	12 75	8 17	19 46	38 22	16 81	15 28	9 67	6 80	21 77	5 67	28 23	13 18	1 9	20 70	3 17	32 29	10 80	33 11	34 2	22 57	4 34	29 34	24 25	30 53	35 21	7 13	27 67	11 12
16 99	38 62	35 71	36 26	17 34	31 59	6 61	9 70	26 3	32 69	34 49	21 28	27 82	24 81	29 13	10 13	22 74	37 43	3 8	11 60	7 9	30 91	18 99	23 1	2 60	33 54	19 78	0 68	8 38	4 91	1 65	20 46	39 38	5 37	28 3	12 79	13 14	15 95	25 85	14 53
14 11	6 71	20 38	4 5	5 11	33 48	36 20	13 32	24 67	37 1	23 46	15 4	31 16	11 2	19 21	25 17	1 71	10 15	2 94	35 54	17 38	7 83	39 68	18 94	28 36	29 38	16 30	3 26	34 60	27 89	0 25	38 32	21 14	32 68	30 6	22 62	26 36	12 78	9 90	8 38
11 13	19 50	15 74	27 72	26 86	3 66	2 14	9 80	10 88	34 81	22 42	33 27	8 22	13 48	28 7	38 27	30 3	31 55	4 59	0 95	14 77	20 90	7 77	12 85	29 79	6 92	23 23	37 87	18 84	17 24	24 78	36 16	39 84	16 64	25 12	32 66	1 76	5 46	21 83	35 21
9 42	17 28	3 57	1 36	37 89	7 7	22 3	38 19	19 24	16 7	0 46	36 38	32 75	10 6	25 42	30 13	29 13	6 29	23 47	24 7	11 94	13 15	4 82	39 39	18 7	34 29	14 35	15 82	33 6	20 86	28 8	35 78	21 16	26 77	5 87	12 73	2 72	27 39	31 1	8 9
8 14	13 56	14 31	29 59	2 70	31 50	19 64	28 30	22 16	1 38	23 26	11 3	33 83	4 83	10 87	30 91	21 25	34 76	9 87	0 96	7 6	6 5	17 87	20 71	3 30	24 90	18 43	5 46	26 65	39 3	16 36	35 89	37 96	38 65	12 40	25 54	36 26	15 40	27 94	32 76
31 36	21 1	6 4	14 45	38 31	24 40	36 97	23 93	16 26	17 59	3 77	2 90	29 8	28 79	5 44	12 21	34 98	1 5	39 9	18 46	10 1	32 47	25 38	0 71	9 73	4 88	37 89	15 94	27 81	35 75	22 77	26 19	30 22	13 6	19 31	8 10	20 87	11 93	7 62	33 20
32 36	36 92	9 42	33 40	22 80	13 30	1 50	17 81	10 73	34 60	11 92	27 20	29 96	16 10	0 44	3 71	31 83	39 91	14 80	6 14	25 97	4 46	37 11	26 91	35 87	15 75	5 45	7 78	20 97	21 86	30 41	28 46	12 49	38 64	2 68	23 72	8 23	19 57	18 7	24 10
15 44	17 93	7 12	33 59	14 60	35 71	39 15	3 32	27 97	5 40	26 69	25 31	10 52	28 14	21 47	8 2	0 23	29 55	1 60	11 38	6 9	4 18	20 89	18 23	13 58	9 64	31 79	36 48	34 6	22 90	30 75	32 53	19 8	24 71	16 66	23 33	38 6	12 51	37 35	2 16
24 19	17 14	13 62	8 76	23 66	26 22	15 90	33 60	9 33	38 17	1 48	35 46	28 35	34 31	37 67	32 88	0 74	18 98	25 25	6 27	31 16	2 1	12 32	39 4	20 36	19 48	14 40	29 27	5 64	21 93	30 46	10 17	11 41	4 87	36 34	7 8	27 76	3 15	22 40	16 18
36 18	38 93	28 17	12 38	23 18	33 16	3 56	15 2	24 63	0 2	30 70	31 22	29 10	6 3	25 80	37 67	26 30	13 92	22 82	39 76	34 8	21 60	18 3	7 42	14 5	27 60	11 29	10 96	5 16	20 35	35 28	8 84	2 25	17 31	4 42	1 99	16 31	9 86	32 43	19 69
25 16	33 50	39 83	5 17	10 38	19 49	7 12	34 20	13 28	4 80	31 80	2 28	24 27	0 73	3 16	20 93	32 47	17 21	1 75	21 14	15 35	22 89	16 73	18 39	6 22	11 29	36 42	27 58	28 76	26 38	38 18	37 9	14 98	12 22	23 56	29 77	9 87	8 76	35 94	30 69
16 75	3 87	7 13	34 29	35 23	38 9	39 24	33 69	32 81	31 19	12 8	25 77	22 89	30 41	17 56	23 53	24 24	26 22	20 79	8 19	15 58	11 11	5 51	10 69	18 97	6 17	9 47	28 98	4 77	27 43	2 41	1 69	0 76	37 80	19 81	29 49	36 6	14 24	21 24	13 61
20 80	39 5	34 71	25 82	16 21	8 22	18 81	28 92	31 46	37 13	14 16	30 21	9 18	19 90	15 16	3 9	22 32	26 90	4 50	24 8	23 44	32 28	12 87	11 80	35 54	38 78	0 13	5 13	2 48	13 9	27 18	36 35	6 40	7 2	29 60	33 26	1 63	10 87	21 7	17 60
37 70	38 87	2 95	30 90	23 87	14 64	25 40	4 63	36 64	0 28	10 11	7 17	6 50	31 28	18 98	29 26	34 60	28 23	26 97	5 49	1 19	17 6	33 3	13 69	32 5	22 8	27 87	24 16	8 63	9 53	15 25	20 31	3 4	11 20	19 36	35 77	39 28	16 43	21 71	12 92
28 90	14 93	0 35	11 84	2 11	15 99	32 7	5 57	1 35	8 82	23 56	7 15	37 41	13 93	18 45	31 24	19 9	35 96	20 76	4 55	29 62	36 43	33 89	34 36	30 21	17 30	24 52	10 51	26 6	38 45	3 96	25 39	12 63	9 61	21 90	39 65	6 94	22 51	16 32	27 19
5 54	3 38	26 54	34 48	30 45	16 62	28 73	22 45	4 19	19 84	21 25	15 54	20 87	35 91	25 81	7 6	17 18	32 99	14 90	24 19	38 30	2 97	23 31	9 21	11 86	13 31	37 12	6 73	0 20	27 3	18 52	36 3	29 31	31 25	12 88	1 85	39 35	10 20	33 97	8 45
18 85	20 75	38 47	12 49	36 26	4 71	1 2	30 27	19 25	9 50	21 13	5 70	16 47	11 64	6 49	37 15	29 64	2 38	31 62	32 58	15 69	17 59	3 89	13 15	14 30	0 88	39 38	24 45	10 82	33 5	23 11	28 51	35 55	27 18	34 49	7 3	22 33	26 4	8 67	25 73
28 47	10 94	15 74	24 1	9 60	0 97	26 7	4 76	19 74	18 28	29 46	20 53	38 51	7 70	33 58	21 39	22 26	6 66	8 56	31 66	2 16	39 36	16 18	30 17	11 12	37 16	17 97	25 96	13 69	34 49	3 12	23 63	12 11	27 94	14 79	35 91	1 26	32 24	5 3	36 19
22 6	17 50	2 14	39 37	21 76	23 52	18 38	0 82	32 35	7 95	1 3	25 60	5 58	13 21	16 4	11 19	35 38	4 83	10 12	6 94	20 62	26 69	24 44	12 38	14 92	30 26	9 34	15 94	36 53	29 22	31 14	19 43	3 56	27 8	8 25	37 42	33 49	38 38	28 78	34 9
32 1	28 31	24 86	22 36	14 49	7 93	1 85	9 10	16 53	26 59	38 56	21 48	4 87	0 1	18 26	10 29	2 17	19 47	35 72	11 71	29 72	13 6	27 51	25 40	5 76	3 30	37 39	15 19	31 25	20 91	6 78	33 83	30 45	17 56	34 84	23 71	8 80	12 7	36 12	39 12
10 96	6 24	23 95	13 61	32 45	3 68	15 16	19 8	37 16	35 54	24 71	29 50	16 79	31 76	7 19	4 43	28 69	39 67	20 83	0 13	11 18	22 87	34 60	27 13	25 46	9 33	33 25	18 23	12 71	14 96	26 5	36 79	5 2	2 46	38 98	17 28	8 24	30 40	1 61	21 61
18 28	11 75	12 56	34 97	29 32	0 56	20 37	36 79	27 72	16 19	6 84	19 68	25 77	13 57	2 96	4 77	39 73	1 76	30 40	33 28	17 51	35 7	15 53	7 6	9 28	21 16	26 84	5 45	37 96	23 80	24 85	8 73	3 83	14 63	22 77	31 19	32 13	38 25	28 53	10 36
37 71	9 27	24 6	16 27	12 28	19 10	18 63	27 6	11 34	25 22	39 63	15 53	17 74	36 98	20 16	28 78	29 27	31 23	14 82	1 17	23 73	34 92	10 61	8 48	30 29	38 31	33 26	2 5	21 63	26 7	6 52	32 45	35 14	13 2	4 66	22 43	7 95	0 29	3 1	5 89
18 62	17 17	25 93	3 23	9 44	37 35	23 56	10 63	20 27	32 3	8 62	27 7	1 27	21 76	4 14	35 97	15 40	0 65	34 49	14 51	6 75	5 43	12 77	36 21	24 96	26 47	39 66	11 99	13 18	16 51	28 11	38 99	30 30	7 30	22 72	2 45	33 60	19 17	29 6	31 68
7 12	3 52	1 16	17 10	29 85	12 59	39 25	6 3	37 79	31 1	30 35	8 94	11 4	35 61	32 37	27 61	0 71	2 82	19 95	15 4	20 21	38 50	5 36	24 12	21 14	13 25	10 23	23 43	18 46	9 51	4 1	14 67	16 87	34 85	26 96	33 71	22 90	28 67	36 76	25 3
3 52	39 89	32 46	8 16	37 30	20 74	23 36	0 50	31 54	9 43	38 84	5 25	36 35	19 73	1 69	28 53	24 31	30 84	12 9	29 38	2 35	35 85	6 5	27 2	26 5	21 76	4 7	18 61	33 78	14 56	16 75	11 75	25 50	10 21	15 57	7 90	22 71	34 56	17 30	13 26
