30	90
26 65	78 73	48 53	85 89	41 19	51 72	69 38	63 96	61 74	29 77	49 26	21 71	31 76	6 73	27 62	55 40	13 38	12 27	28 99	23 98	47 21	38 11	71 76	11 22	14 29	5 17	66 78	59 46	52 30	82 19	81 36	89 93	9 76	80 79	64 54	36 14	1 70	7 44	4 98	46 32	45 65	10 42	32 53	65 12	39 87	88 39	19 26	75 59	30 85	42 8	33 92	34 53	60 40	18 59	25 59	56 60	54 63	50 62	79 38	43 2	8 16	22 13	35 62	24 5	70 48	83 19	67 65	0 44	3 67	15 84	76 49	62 38	77 37	73 60	16 1	68 18	37 60	44 41	2 72	72 66	40 25	57 58	84 20	87 88	17 18	74 42	86 42	20 52	58 50	53 6
41 27	62 76	64 64	74 92	16 81	32 59	55 13	40 75	45 50	80 21	47 73	23 71	37 97	7 75	67 38	4 30	76 74	42 85	30 36	36 87	53 30	11 82	10 78	17 11	88 61	70 31	33 6	25 86	77 29	24 49	52 75	85 92	46 56	3 7	69 73	28 33	34 78	6 46	27 68	57 56	8 24	13 96	81 40	51 1	78 96	14 85	44 51	63 28	59 85	26 86	35 80	71 67	19 64	0 6	68 85	86 34	29 47	18 58	79 83	87 17	43 58	48 80	38 28	60 8	83 51	58 70	82 81	84 92	66 30	73 9	31 25	1 27	2 34	39 44	49 44	22 45	89 47	5 66	21 1	54 17	61 4	72 32	15 37	20 24	50 74	75 44	56 70	9 84	65 36	12 12
47 89	88 75	74 23	0 75	41 15	55 35	45 34	7 97	48 8	40 71	3 96	83 50	43 60	11 25	63 54	61 30	73 62	1 90	68 56	31 42	65 27	52 47	23 37	21 37	71 59	33 11	4 71	34 83	89 39	51 5	56 89	22 76	46 14	35 64	42 52	87 42	76 14	54 44	24 29	50 22	39 76	18 72	80 72	32 8	10 91	12 76	85 71	27 78	30 39	62 7	84 97	28 8	13 75	37 26	15 76	86 88	14 48	6 58	29 4	66 4	59 20	72 8	60 45	17 75	8 80	2 96	81 22	5 43	75 56	79 90	58 45	78 11	67 50	64 32	49 88	38 34	20 80	16 18	70 34	82 6	77 22	25 65	69 18	26 32	36 20	19 37	57 63	9 61	53 33	44 72
68 92	9 97	16 20	1 93	29 77	12 78	60 19	40 13	17 20	21 2	61 75	65 9	33 43	88 82	54 82	63 4	58 4	74 18	43 42	71 64	84 66	26 82	5 8	15 74	42 84	18 14	57 56	67 52	6 81	22 75	69 72	48 33	51 97	89 4	13 63	66 83	62 81	39 95	73 68	44 31	0 14	78 3	45 95	36 95	72 93	82 96	86 86	28 26	41 19	55 61	10 63	83 75	56 85	76 88	31 57	59 10	7 15	23 97	46 77	87 62	34 53	49 33	53 40	85 86	32 7	70 58	19 9	20 88	64 92	81 99	35 6	38 26	3 78	4 16	75 26	77 75	80 11	52 56	30 97	11 81	79 62	2 18	37 50	27 83	50 39	47 37	8 46	24 15	14 21	25 86
79 53	4 86	47 82	11 45	24 91	59 31	14 56	49 77	21 60	26 75	57 56	0 41	75 50	34 77	25 86	84 33	35 68	16 95	27 55	73 9	37 72	58 7	62 98	52 30	42 29	81 66	28 83	53 9	50 38	22 36	12 23	20 47	10 67	76 20	39 89	71 32	36 18	65 86	48 84	89 88	54 99	61 7	8 3	19 70	64 13	70 65	33 39	67 35	85 16	66 1	68 25	74 5	29 21	5 18	46 92	82 66	31 55	80 80	88 30	63 41	23 92	78 35	30 48	51 20	43 73	41 62	86 61	45 61	18 68	9 77	69 37	77 13	40 80	72 31	60 36	38 1	17 82	44 1	87 14	56 36	1 2	32 4	13 75	7 80	3 45	2 17	15 4	6 60	83 89	55 91
63 25	40 70	15 93	83 4	6 98	77 57	38 87	14 50	45 67	37 24	12 5	78 32	64 5	19 13	22 7	70 29	80 93	79 83	18 58	25 14	7 28	73 83	26 62	51 70	3 68	29 98	28 2	76 63	67 53	11 6	61 78	17 69	21 20	86 13	57 51	62 6	39 9	13 75	43 88	82 42	32 78	85 23	24 63	30 31	44 80	66 5	60 58	75 52	27 96	56 23	88 42	1 3	53 42	50 53	20 27	5 4	58 65	8 91	71 56	34 40	46 34	35 8	69 9	52 87	33 41	0 56	4 21	49 45	10 95	84 50	72 30	36 15	87 50	54 9	89 43	2 19	23 19	47 11	81 89	68 78	48 97	42 57	9 81	41 44	31 48	16 3	65 39	59 22	55 33	74 16
47 54	19 26	78 39	72 18	32 4	76 13	34 24	7 94	67 48	16 35	1 37	64 15	65 38	26 43	37 84	4 22	75 60	74 33	24 13	79 56	18 57	57 43	9 83	71 29	36 40	20 23	46 81	0 94	62 16	59 78	58 16	66 64	49 33	52 98	61 5	27 47	33 74	6 77	44 41	69 19	41 70	53 99	84 56	45 72	2 57	31 98	38 17	85 18	40 98	5 41	39 65	60 12	73 5	89 84	43 1	21 38	51 80	10 20	50 23	13 16	30 40	56 43	55 82	63 7	17 97	70 81	28 10	11 83	14 99	88 27	25 74	23 62	83 63	8 88	29 38	48 2	81 51	12 99	80 32	3 91	22 1	82 64	68 52	86 50	15 47	35 51	54 96	42 18	77 34	87 92
27 21	18 88	32 83	85 63	57 30	70 45	77 55	69 26	30 85	2 55	43 55	45 34	56 88	76 19	88 48	31 9	82 21	4 20	79 68	14 13	75 20	36 54	73 99	58 79	54 17	33 65	66 17	8 66	26 12	59 20	6 6	48 94	63 97	7 44	47 27	40 56	80 51	5 97	81 49	42 72	50 84	0 83	72 23	83 74	78 99	46 30	17 51	71 68	61 17	65 28	21 53	67 12	20 3	41 7	13 33	89 70	1 59	12 78	52 64	29 31	19 59	51 91	86 67	60 79	55 14	35 58	23 69	37 59	87 43	84 8	34 53	3 30	9 49	24 89	44 96	74 18	10 64	38 69	49 16	39 58	68 31	11 18	22 61	16 52	62 69	28 54	25 20	53 88	64 20	15 71
22 71	85 4	10 60	5 37	71 76	81 71	68 19	32 52	42 76	72 88	33 89	20 52	53 35	29 17	47 25	3 13	69 96	26 17	83 40	82 83	1 6	48 26	35 91	43 51	9 91	40 45	80 53	21 25	18 64	57 34	77 23	14 2	15 85	39 21	0 93	63 88	19 30	86 90	24 14	79 82	8 28	51 58	76 82	28 26	37 13	78 76	55 17	62 5	65 11	50 25	54 10	13 85	45 70	84 83	73 25	23 97	64 51	30 24	61 21	66 94	60 16	67 80	2 87	41 5	4 83	44 55	7 95	74 15	17 17	31 73	36 67	46 85	75 73	89 72	52 19	56 7	59 53	87 94	49 1	88 16	25 82	58 80	38 78	34 2	6 12	70 10	12 53	11 29	16 70	27 1
37 1	0 96	4 23	2 49	18 63	59 81	80 81	82 63	43 80	67 32	47 78	30 50	52 10	85 12	22 91	69 86	64 19	78 45	79 66	19 38	6 16	42 75	46 40	63 65	3 21	36 46	49 28	58 86	33 11	51 42	87 14	13 39	29 60	68 64	14 32	1 14	27 23	24 91	62 48	20 55	8 25	84 51	21 53	12 20	83 22	31 22	89 59	34 93	76 31	55 14	61 92	88 61	35 86	48 64	38 32	74 41	50 1	32 37	17 81	71 8	28 37	57 69	26 83	40 65	39 38	41 95	25 81	54 60	75 21	23 20	56 51	73 32	5 78	60 45	77 85	86 87	10 52	53 88	65 5	45 59	16 76	44 98	15 68	81 67	70 93	66 98	7 7	11 45	9 10	72 13
19 83	37 56	63 99	53 53	32 14	14 98	64 99	23 20	75 4	56 3	86 47	6 15	54 19	28 71	41 68	82 20	26 72	18 78	40 36	5 85	62 62	44 22	67 19	77 2	1 12	20 61	38 97	30 54	33 89	16 27	50 44	46 77	84 3	42 42	15 96	88 65	22 82	39 54	4 54	55 74	9 7	24 17	60 22	21 64	87 64	78 25	47 45	10 58	29 47	74 61	68 58	31 75	13 84	2 67	27 79	43 77	72 39	71 77	17 14	49 66	59 83	85 91	80 53	12 51	83 96	57 85	0 11	70 31	8 24	79 39	51 85	35 47	69 62	36 42	7 10	65 17	76 5	45 52	48 5	73 87	11 18	52 94	61 83	34 7	3 70	89 83	25 18	81 52	58 71	66 90
86 69	71 58	85 48	44 43	53 87	56 5	2 97	19 41	7 88	51 29	22 87	59 59	78 44	64 70	11 65	42 55	21 52	8 63	50 65	77 90	17 42	47 51	34 20	87 42	16 80	13 87	20 71	41 56	65 86	0 63	18 46	76 34	69 99	26 2	39 88	6 82	29 51	31 37	9 24	82 98	66 33	35 49	49 51	15 79	43 18	27 1	67 8	80 7	23 57	4 26	10 84	89 79	81 60	84 43	38 43	14 18	28 5	45 4	57 31	83 26	33 99	48 29	58 89	24 4	61 13	60 2	54 90	70 65	55 53	52 18	37 91	75 46	79 69	46 22	40 23	68 82	3 85	32 22	5 25	73 45	25 98	74 3	62 33	12 27	30 59	36 82	88 26	63 68	1 9	72 10
67 5	55 94	37 19	28 77	15 14	43 43	39 12	53 21	42 38	27 22	22 47	19 51	77 28	34 66	3 11	66 58	49 31	30 99	7 65	85 78	81 32	40 26	4 15	23 48	65 67	62 11	84 63	32 35	2 87	46 69	33 17	69 5	38 33	60 69	45 49	72 45	25 76	21 54	70 52	8 18	87 59	83 71	54 90	89 56	75 72	48 97	88 15	5 50	57 67	11 87	50 53	74 45	18 71	76 77	31 89	61 64	13 31	82 97	56 27	20 81	26 54	52 89	29 81	47 43	59 40	0 58	36 73	12 12	58 57	16 60	9 80	44 16	17 48	73 31	1 77	71 8	35 46	79 95	10 3	51 39	80 56	78 9	41 33	6 31	24 90	63 35	64 37	86 99	14 68	68 45
15 34	84 73	82 62	53 4	18 46	55 65	38 3	6 31	4 12	47 27	27 80	80 5	16 34	50 95	57 78	14 43	54 97	60 7	30 4	74 32	85 40	10 64	0 37	77 30	66 55	52 24	5 90	76 39	43 29	78 55	13 14	36 95	69 11	35 26	24 63	68 8	72 9	59 16	39 19	22 93	71 6	29 69	86 89	1 53	33 35	2 81	26 97	21 42	58 30	87 51	89 60	46 30	83 78	64 90	63 25	7 23	19 18	20 82	44 66	73 83	56 45	88 21	32 93	11 28	48 78	12 62	31 58	17 61	25 41	45 42	81 13	42 37	28 13	75 99	8 24	34 23	67 94	9 14	79 91	70 25	61 56	37 16	41 76	23 26	49 98	65 31	3 96	62 95	40 30	51 52
61 51	37 52	65 10	78 81	35 85	28 57	81 41	58 20	8 50	77 93	45 35	16 71	46 66	14 43	9 52	20 97	59 96	34 71	21 87	60 69	51 49	19 33	39 46	32 62	48 14	36 30	25 86	17 20	11 10	64 56	44 26	24 72	47 13	13 80	31 49	88 87	29 97	27 33	10 73	50 21	84 63	1 40	62 54	70 75	5 33	67 9	42 34	6 13	63 14	15 96	4 48	18 43	2 69	89 81	87 86	56 16	26 92	85 46	54 96	55 98	23 2	73 45	74 97	49 43	12 91	69 98	76 82	75 7	43 30	52 7	83 67	0 90	80 54	53 93	66 64	38 57	79 23	71 3	33 22	86 64	68 67	30 28	22 81	7 23	3 13	57 65	41 97	40 85	82 1	72 93
16 77	25 8	13 96	2 22	82 25	3 55	74 21	87 61	65 40	6 16	52 65	71 64	42 43	62 27	15 56	54 95	50 41	30 53	26 88	49 41	0 37	55 51	44 43	12 51	68 34	39 14	45 27	27 97	56 53	37 76	18 56	28 30	48 17	11 21	4 62	43 69	70 36	85 58	19 93	24 43	53 52	35 87	17 18	40 57	88 97	64 8	60 28	34 63	47 92	75 43	76 17	86 52	78 37	32 13	8 52	10 44	79 48	58 83	21 47	22 62	69 14	81 42	89 93	83 53	41 65	1 93	57 81	66 34	7 27	59 75	63 38	67 25	61 9	20 28	29 69	46 11	84 60	9 27	73 80	80 12	23 99	38 9	5 55	77 34	31 76	36 61	72 82	51 71	33 7	14 98
38 66	81 2	23 51	54 89	45 7	13 84	63 67	24 21	32 86	28 35	62 18	12 32	43 97	56 97	19 83	44 98	20 46	34 74	80 52	69 39	16 13	89 12	4 83	57 12	37 47	26 30	27 7	11 84	83 7	47 86	25 44	39 53	46 55	2 7	73 33	66 92	64 45	42 46	8 1	41 61	88 95	7 80	71 81	29 16	30 46	85 80	31 10	9 76	35 69	5 48	75 44	74 63	76 81	0 92	17 61	10 38	18 17	65 67	86 20	21 50	68 80	82 95	51 8	60 61	61 89	52 44	40 67	79 16	70 71	22 83	49 2	15 49	78 44	3 21	77 11	48 74	6 68	84 10	87 2	36 65	59 53	55 1	53 84	67 96	14 19	50 48	58 54	72 46	1 51	33 18
63 12	14 8	2 50	78 49	46 50	29 69	75 57	88 35	49 23	52 15	79 97	19 92	37 29	62 76	44 89	22 81	25 18	48 45	50 20	16 11	26 61	87 4	70 59	43 17	61 52	18 80	55 4	76 36	30 57	10 18	7 74	8 54	41 99	21 75	31 82	24 82	1 90	40 75	23 35	85 19	47 88	84 34	56 93	39 68	82 63	51 7	71 49	12 10	72 67	54 41	20 80	42 1	32 76	77 11	27 20	64 6	86 30	11 12	28 49	81 25	66 83	17 38	34 55	36 45	45 76	53 74	5 75	83 19	13 46	68 9	33 71	58 63	69 96	80 81	6 49	74 88	73 4	9 14	3 13	60 40	59 97	57 52	15 8	65 68	4 21	0 4	89 26	67 65	35 8	38 71
79 17	17 1	7 84	63 19	15 25	26 56	4 14	53 99	40 71	46 76	61 38	44 90	68 85	20 24	13 72	22 69	35 79	65 24	75 94	85 98	1 35	57 81	24 8	47 48	66 54	11 64	23 21	80 5	87 96	14 52	81 54	55 78	49 62	50 20	62 57	28 12	31 43	34 25	6 80	25 37	56 47	12 66	27 71	73 73	8 59	71 60	48 39	36 14	21 94	18 86	78 96	59 70	38 90	86 61	33 55	51 76	74 79	83 37	41 91	3 58	76 83	32 53	70 10	2 84	42 53	54 85	0 51	77 53	64 3	52 98	10 90	30 8	67 18	45 62	43 31	58 94	19 65	84 73	37 83	16 74	89 18	88 43	39 94	72 2	82 12	29 30	69 77	60 70	9 15	5 93
33 93	65 16	8 76	24 42	50 60	27 47	28 3	14 7	30 74	83 25	5 90	21 92	44 59	60 14	76 78	49 68	81 76	41 55	66 39	74 39	25 28	32 70	39 19	68 47	9 71	22 70	36 66	0 77	89 8	13 89	11 46	10 23	23 54	63 61	56 76	3 16	71 68	7 81	61 84	54 55	17 31	79 10	47 9	69 69	85 10	80 13	55 40	29 20	57 50	34 44	6 31	4 60	19 63	64 54	58 72	43 56	82 88	38 4	75 7	53 28	31 78	86 75	72 72	2 53	87 52	45 55	73 53	15 16	78 7	18 38	42 77	84 81	12 61	16 12	46 75	40 36	26 30	48 33	62 80	37 14	59 97	51 40	88 56	77 84	52 21	1 64	70 25	20 80	67 2	35 39
22 83	25 86	52 79	76 53	67 13	70 60	19 3	48 22	38 63	59 44	21 27	0 85	36 78	49 87	10 10	85 29	34 39	9 59	17 18	47 14	68 55	82 96	57 71	4 9	1 87	71 36	12 76	32 4	53 13	7 69	66 74	29 41	78 74	56 56	55 33	20 24	11 46	84 12	54 37	5 16	45 7	2 78	39 16	58 49	35 63	81 61	3 41	43 17	37 73	89 65	86 75	60 55	46 72	42 49	74 28	40 30	31 47	51 45	87 72	16 49	62 18	72 64	69 60	77 36	13 59	83 9	63 14	44 11	73 98	6 43	15 47	64 16	30 78	61 43	33 98	75 87	26 35	41 21	65 29	27 24	14 78	23 12	24 64	88 99	50 73	28 49	18 93	79 45	8 28	80 65
40 67	7 52	62 54	33 25	6 43	78 36	13 47	42 24	81 42	3 91	20 70	63 72	18 96	86 71	4 66	30 80	9 97	54 8	76 1	61 34	71 98	66 96	11 69	64 55	59 54	87 75	50 83	28 48	53 32	27 71	22 30	8 6	17 54	1 48	46 38	37 38	75 3	14 9	36 2	48 59	43 52	83 26	44 55	29 20	25 47	77 50	5 63	65 25	60 22	55 25	51 15	45 8	56 49	73 91	32 18	10 3	26 43	85 65	49 5	2 40	35 82	74 87	89 16	88 63	41 96	24 63	72 96	23 24	70 74	21 74	80 14	39 61	67 73	16 29	79 24	57 53	15 16	69 64	38 90	47 57	12 97	34 46	84 47	82 46	52 30	58 61	19 89	0 17	31 33	68 61
32 72	35 19	5 60	22 87	30 9	60 77	39 14	4 80	85 46	83 94	11 39	34 2	44 52	9 64	74 42	2 86	81 41	79 18	31 60	40 80	27 45	36 16	69 18	3 88	78 84	68 23	46 53	38 94	77 2	61 36	75 5	63 79	56 59	64 15	43 57	17 48	52 68	41 48	71 90	59 1	24 70	13 54	67 42	66 87	86 35	62 57	20 86	76 59	55 41	7 28	28 57	33 15	19 1	53 41	87 86	80 94	8 41	57 44	26 98	58 80	16 7	82 95	21 65	54 99	48 75	51 76	73 38	45 45	84 67	6 17	65 81	50 51	47 26	15 90	14 83	37 77	89 7	72 65	10 99	18 2	1 56	49 50	25 85	23 26	12 51	0 16	88 82	70 16	42 91	29 27
5 11	20 23	28 33	23 2	30 15	88 72	16 18	18 43	60 85	74 13	51 91	13 97	89 4	40 73	56 36	49 49	10 28	1 71	54 81	77 79	45 46	19 2	47 58	85 77	38 51	63 67	86 9	46 49	57 22	43 30	33 21	82 23	81 24	12 32	26 19	8 18	76 60	80 68	32 30	58 52	73 79	42 96	11 77	4 3	25 60	78 20	6 99	36 26	15 89	61 47	65 23	24 65	75 44	48 26	69 76	27 41	64 86	14 97	83 49	79 23	84 92	52 10	44 91	29 20	3 34	41 10	71 2	17 30	2 79	0 85	37 90	34 48	55 97	21 31	68 98	87 11	70 89	9 93	7 67	67 67	50 19	39 78	31 62	59 9	22 14	35 81	53 30	66 7	72 18	62 42
66 63	24 83	77 63	0 28	55 73	71 6	36 70	54 9	33 7	11 38	67 99	81 78	80 37	64 70	85 60	46 53	19 94	4 97	39 50	51 28	79 16	3 72	42 9	29 41	49 44	30 73	31 80	7 48	23 14	76 50	45 72	68 57	59 17	69 91	78 17	50 16	37 63	44 59	6 91	26 19	9 34	52 21	75 21	41 69	20 74	84 90	8 80	86 85	27 32	34 14	35 27	32 19	22 26	88 23	82 43	10 53	15 31	53 37	57 56	48 86	18 51	73 62	1 32	63 83	65 38	47 35	72 70	61 95	16 43	60 90	58 24	56 75	25 1	70 61	28 87	14 40	5 77	38 98	87 51	40 29	12 59	43 36	62 58	2 9	83 33	13 44	74 69	17 87	89 41	21 9
73 58	88 38	13 83	57 83	15 38	12 59	22 11	14 70	54 72	36 8	66 71	87 45	39 73	1 7	0 30	65 54	69 39	56 45	64 13	59 95	48 48	70 44	81 21	10 13	23 93	41 31	79 5	34 92	7 68	21 31	35 32	38 10	4 7	82 59	77 7	30 98	58 62	16 31	86 32	55 39	18 17	51 76	80 82	31 52	25 19	19 26	29 1	20 71	72 58	42 8	71 1	60 85	47 98	84 57	78 24	43 75	3 15	9 23	2 11	45 89	5 45	11 28	62 84	24 54	32 80	27 19	44 12	63 64	6 14	74 64	68 72	61 80	33 6	75 47	76 32	49 24	53 83	26 70	46 77	89 31	37 9	83 61	50 90	8 40	28 57	52 65	85 62	40 57	17 37	67 1
79 61	87 15	36 59	27 21	55 64	17 20	68 27	88 22	26 53	19 46	73 63	1 51	10 61	48 53	43 9	67 85	70 78	44 28	74 43	76 86	57 49	61 22	9 82	39 42	69 21	7 89	77 10	66 65	12 53	8 45	38 33	65 10	51 87	29 10	30 47	81 76	14 12	31 4	42 20	24 26	3 83	56 39	84 38	85 5	21 42	41 29	54 97	11 88	22 91	18 68	34 21	6 59	78 99	16 76	37 83	83 52	60 66	89 69	59 35	49 47	4 19	35 57	2 77	45 70	0 88	5 69	25 71	86 30	53 95	28 49	58 58	63 92	15 79	47 99	75 30	71 67	13 94	52 67	40 66	23 61	32 14	80 17	62 52	72 4	64 48	82 32	50 93	46 29	20 85	33 66
81 68	60 88	1 65	19 68	12 42	79 37	27 87	47 1	45 78	10 38	78 22	17 17	76 92	73 18	4 79	37 40	13 92	58 34	69 85	7 32	75 36	61 24	48 49	8 63	63 18	14 42	74 77	32 4	46 45	89 8	43 9	22 74	5 26	31 62	67 81	65 87	42 69	6 41	0 27	25 33	34 69	59 97	57 55	44 80	53 42	56 59	49 41	26 72	86 56	54 6	55 5	36 81	87 77	18 47	80 91	51 22	83 47	41 4	77 87	35 15	38 41	24 17	28 11	16 13	33 27	20 13	39 67	11 57	30 93	9 25	68 45	15 28	29 47	62 99	23 15	82 48	2 2	84 83	88 68	72 58	64 73	85 1	40 94	71 27	21 56	52 31	50 93	3 21	70 10	66 20
36 17	81 67	62 15	48 55	85 22	12 61	22 26	79 83	2 19	54 11	0 65	16 72	19 84	7 56	28 16	75 46	34 50	66 14	65 40	15 68	87 73	71 30	60 18	86 86	40 37	47 55	13 24	39 42	49 46	56 73	51 1	26 64	4 16	27 98	77 38	58 21	6 16	57 21	55 59	25 91	37 55	42 9	23 35	11 66	70 97	9 58	3 49	68 30	24 42	45 5	30 2	69 39	72 93	46 9	1 70	64 88	35 38	82 39	31 19	21 43	76 33	41 88	18 62	61 81	20 18	29 64	44 26	59 98	50 46	10 50	52 83	78 72	63 10	53 43	83 48	5 55	73 4	38 94	67 68	84 64	89 56	88 22	32 24	43 15	14 90	17 51	8 8	33 51	80 88	74 57
21 4	5 13	37 97	70 70	14 48	27 47	45 2	69 19	56 60	53 14	34 16	76 59	74 83	41 71	85 26	71 59	38 85	72 4	44 60	39 53	36 69	3 31	79 28	83 1	59 66	16 87	40 37	24 63	65 65	10 19	87 59	55 67	23 30	54 85	60 97	49 60	0 25	66 72	43 53	29 53	75 43	28 97	88 81	81 4	15 31	4 22	77 38	6 10	25 94	46 29	73 10	31 75	42 47	47 99	35 23	52 46	8 32	20 49	61 90	18 47	50 41	82 90	32 39	57 18	62 81	80 54	30 18	19 15	33 59	1 79	51 9	12 9	67 12	64 86	48 88	7 79	86 48	9 95	17 11	58 18	78 50	22 76	26 87	89 14	2 17	11 67	13 95	84 50	63 92	68 46
