10	80
43 42	51 40	29 84	74 22	79 52	78 60	16 5	39 36	1 30	41 6	45 98	71 45	47 23	49 33	21 63	33 34	56 67	70 95	50 41	48 54	61 15	57 73	11 29	36 48	25 12	77 24	67 70	38 35	42 77	44 67	7 65	60 80	59 24	13 65	22 40	18 27	75 30	69 78	76 31	73 78	8 67	27 14	0 18	35 30	31 24	20 22	6 50	63 96	28 74	66 83	52 50	30 17	68 60	12 22	9 36	58 88	26 6	40 48	53 8	37 57	17 3	3 48	5 28	65 14	54 64	14 42	19 63	32 78	46 68	23 12	15 88	24 72	10 3	64 36	62 75	2 64	72 58	4 82	55 31	34 77
12 61	67 20	18 37	55 88	54 48	37 80	53 15	42 86	64 7	56 75	47 37	0 80	52 18	8 17	71 7	50 25	74 1	25 7	4 64	44 94	59 40	60 9	5 85	7 83	70 9	63 35	2 97	15 22	11 39	46 70	9 6	75 41	27 61	21 9	23 22	66 65	17 70	14 25	78 70	43 32	69 65	49 63	40 8	35 16	3 53	76 71	72 12	34 13	28 18	36 48	6 91	10 92	31 14	68 6	16 71	22 46	13 60	57 38	1 10	33 40	38 20	51 79	45 84	19 52	30 12	58 27	61 20	24 88	39 40	20 14	41 44	62 14	26 82	77 2	79 26	29 44	73 78	65 82	32 93	48 78
47 30	50 89	15 65	52 85	6 16	41 44	0 65	25 44	45 18	43 8	39 52	63 52	37 27	11 17	31 35	1 73	66 76	70 35	75 52	18 91	23 68	42 52	51 3	79 72	20 7	73 80	60 41	65 49	35 70	36 74	10 89	55 30	33 27	72 53	40 84	24 49	28 60	19 55	7 37	61 93	71 62	57 39	49 11	38 28	53 24	54 28	29 43	69 84	34 92	67 21	12 35	46 75	17 21	44 31	62 41	56 86	32 3	13 77	77 51	16 56	4 68	22 67	76 28	78 57	64 76	8 5	58 20	21 12	2 24	26 84	3 5	59 48	27 45	30 29	48 19	14 8	5 32	68 79	9 98	74 52
77 37	76 8	10 27	45 4	27 59	64 80	19 88	79 37	5 91	38 24	54 25	43 64	52 52	56 48	47 14	57 43	78 89	32 27	31 26	2 68	50 34	13 2	11 85	34 44	55 35	4 20	67 78	12 87	42 5	30 63	18 68	24 5	74 37	59 41	63 28	39 77	35 99	36 9	49 36	15 2	21 58	60 12	62 48	8 47	75 52	40 23	23 73	44 76	26 88	25 93	73 55	51 94	48 95	61 11	16 5	7 23	28 79	69 87	65 50	66 90	72 86	71 29	70 35	22 5	1 95	3 89	17 76	9 20	6 14	37 84	41 72	29 16	0 27	68 74	20 83	14 6	53 92	46 70	33 48	58 66
1 50	21 73	76 82	7 30	50 26	78 27	4 32	54 92	22 72	72 59	77 66	26 78	37 92	73 91	79 94	62 83	41 21	39 64	68 41	19 20	55 38	69 84	8 51	25 80	51 1	45 12	17 93	43 85	46 99	49 58	20 30	28 26	30 99	67 30	16 91	57 56	35 87	29 51	6 3	63 44	34 43	11 44	70 57	65 87	31 69	61 76	40 82	64 81	71 75	48 4	75 13	10 55	15 30	36 97	59 23	2 23	56 88	32 55	60 37	23 53	42 31	9 39	0 41	53 85	24 94	74 33	5 12	14 84	3 68	47 43	38 5	33 84	12 38	52 98	66 97	58 79	27 95	18 74	44 2	13 52
53 48	24 18	63 69	46 42	45 22	47 76	73 5	59 63	40 56	37 73	6 28	50 1	61 64	52 68	13 3	34 10	5 20	17 80	57 48	16 77	8 64	1 79	25 10	14 14	55 96	10 17	75 20	62 53	23 94	56 23	29 43	69 12	67 26	0 65	18 8	71 83	9 81	65 19	39 94	22 95	54 10	64 90	51 12	66 32	60 18	3 92	76 94	42 31	2 69	12 65	43 5	19 57	70 79	77 34	7 95	28 18	49 52	58 79	26 35	79 30	32 43	78 18	41 92	35 25	4 3	31 19	11 61	15 5	48 99	36 41	74 96	27 56	33 44	68 22	21 28	20 87	72 79	30 70	38 30	44 37
67 15	58 9	77 11	57 38	11 65	63 98	55 80	10 45	28 80	17 72	25 21	18 3	38 80	2 97	15 62	76 11	70 82	53 41	71 4	75 58	22 51	52 8	74 35	4 31	62 72	16 46	50 80	47 1	9 46	64 9	68 98	35 5	7 58	48 68	54 50	19 14	23 17	56 59	45 16	78 70	34 90	13 63	44 16	46 33	42 95	20 35	24 11	8 29	26 72	69 4	37 92	31 33	30 92	79 81	12 44	41 58	51 94	14 94	3 72	59 45	49 56	32 3	27 40	33 4	72 39	21 40	36 88	66 10	40 20	61 59	43 86	60 24	1 65	73 76	0 68	5 38	39 71	65 64	6 91	29 64
30 5	61 63	4 27	33 60	71 8	42 42	60 56	77 61	27 33	41 1	62 52	8 10	65 64	50 47	7 77	56 82	75 78	57 69	28 72	3 37	22 60	1 68	76 32	18 60	40 35	20 35	47 23	73 28	69 7	29 26	66 27	26 20	48 71	0 79	37 7	38 24	52 55	14 77	21 58	31 26	79 99	46 60	10 17	67 60	35 76	9 90	74 34	54 52	72 57	45 74	70 38	63 77	17 25	68 92	53 48	11 30	2 46	15 39	43 67	34 45	64 73	36 35	44 85	32 29	58 67	12 70	49 86	13 45	6 68	51 40	25 17	19 77	39 90	16 54	78 80	59 66	5 76	23 5	24 16	55 98
25 67	27 11	74 15	42 46	21 83	55 54	50 89	20 55	19 1	65 43	12 98	5 42	15 82	62 63	26 51	9 22	16 1	71 86	56 65	60 40	2 62	73 90	14 28	1 67	6 9	48 58	28 93	11 67	35 61	13 2	8 77	59 37	44 63	57 12	43 82	41 4	61 13	45 81	64 9	38 39	70 15	37 79	69 12	63 62	52 25	10 61	40 53	22 89	78 4	3 82	66 38	67 76	23 25	49 82	18 49	32 77	30 29	17 35	77 52	46 85	33 96	72 4	4 98	58 16	75 94	7 18	29 28	31 62	0 93	68 68	53 95	47 24	54 79	24 9	76 72	39 52	51 68	79 32	36 7	34 25
30 70	2 56	37 23	27 62	12 1	14 9	71 94	58 96	67 9	19 25	75 77	56 12	59 21	31 27	54 19	22 97	17 3	46 31	24 81	41 56	36 3	79 69	23 6	4 76	69 32	53 13	49 91	43 90	28 99	6 10	72 40	62 12	39 11	16 58	61 77	13 62	34 85	55 25	42 24	60 9	26 28	5 25	77 42	64 59	10 8	15 78	11 51	65 48	20 94	9 79	3 19	76 60	63 31	50 14	40 35	38 94	45 85	29 51	57 74	18 27	68 35	52 21	25 86	44 29	74 25	35 46	48 55	73 95	33 68	21 23	70 6	8 56	78 55	47 93	51 45	66 85	32 66	1 30	0 12	7 56
