20	70
52 66	22 179	64 125	3 74	18 44	0 129	13 44	39 50	33 61	17 179	31 146	34 42	66 37	29 52	15 125	67 142	40 9	10 98	50 170	59 151	60 169	8 72	21 138	47 22	41 47	38 53	65 154	27 194	46 105	14 60	43 46	63 159	23 73	6 53	55 178	69 114	25 113	56 62	48 168	54 26	28 79	36 64	11 75	24 65	7 123	1 85	19 59	4 76	53 56	44 3	35 17	68 19	62 147	37 130	51 130	49 73	57 148	32 47	16 67	42 92	30 184	58 84	2 156	61 190	12 34	5 45	26 4	20 168	45 126	9 189
65 67	26 131	35 143	42 76	55 126	19 174	27 30	34 157	12 28	43 132	15 170	41 26	10 78	38 195	45 28	47 70	22 3	63 123	44 146	18 7	62 70	37 66	68 45	2 72	40 131	59 14	30 132	29 136	66 165	3 89	52 75	16 130	11 65	21 192	53 108	25 57	20 97	7 62	48 63	33 180	49 96	54 32	9 35	0 112	23 155	5 14	36 30	64 95	28 180	13 138	1 149	60 137	67 92	8 193	17 192	31 68	56 150	69 82	46 168	57 139	51 173	24 99	39 108	6 129	14 47	4 178	58 30	61 196	50 48	32 104
25 180	53 26	3 192	15 129	51 158	16 104	31 87	41 113	23 7	17 114	29 39	57 36	52 92	28 105	58 185	56 162	19 18	65 51	11 48	20 188	50 184	0 98	30 140	18 191	24 101	7 57	12 35	9 190	48 139	69 125	6 149	32 182	55 27	27 141	46 110	68 127	35 143	63 93	10 49	14 94	36 12	26 23	1 185	2 88	22 22	37 38	42 67	47 43	40 166	64 10	39 92	67 4	38 189	4 186	61 68	66 61	45 18	59 36	43 90	5 11	8 174	54 130	34 3	60 180	44 160	21 32	49 131	62 10	33 7	13 84
34 9	9 74	1 90	22 86	27 184	60 160	69 132	12 91	59 49	10 59	24 102	8 46	7 38	51 172	67 187	11 92	29 117	53 84	14 87	65 14	4 53	44 15	58 123	66 5	30 120	3 108	54 175	21 163	28 113	40 107	48 47	15 31	20 163	38 22	39 167	35 147	61 197	46 186	62 142	23 153	16 72	17 19	5 115	18 196	32 56	50 22	41 47	56 40	25 170	33 106	42 81	55 95	13 49	26 101	19 1	31 4	68 172	45 176	63 62	2 10	43 65	0 178	6 121	36 91	49 89	57 192	52 142	37 117	64 172	47 136
23 45	32 91	45 36	5 70	25 16	11 19	34 79	61 13	49 134	12 161	8 110	40 193	18 116	64 155	41 39	37 69	62 92	66 143	14 3	20 132	30 121	43 101	24 45	67 148	50 166	52 104	2 18	46 101	60 194	54 62	9 34	7 118	22 29	17 61	28 90	16 77	44 33	21 99	57 135	1 183	27 47	6 19	42 46	59 155	31 195	10 156	55 98	33 44	35 123	63 79	36 153	19 108	15 175	47 95	39 166	38 148	68 148	29 6	4 70	48 49	13 22	65 115	0 159	51 36	69 178	58 91	26 49	3 19	56 86	53 125
39 5	15 117	32 3	16 41	6 12	3 102	53 152	50 174	21 35	36 73	22 6	24 155	46 134	9 24	17 181	41 174	18 65	14 198	48 2	44 142	61 24	51 126	40 190	43 70	52 153	63 152	58 179	69 116	12 141	64 98	45 190	68 21	25 29	26 18	57 52	29 33	4 80	28 97	0 111	55 97	13 180	7 129	30 37	1 5	34 129	31 114	2 175	66 35	19 190	37 91	23 87	35 120	10 166	38 87	59 88	49 39	67 86	27 3	56 42	20 127	62 69	42 1	11 89	54 191	5 84	47 187	60 46	65 27	8 64	33 111
39 44	29 143	27 39	5 102	45 29	41 53	16 78	36 100	59 46	42 199	19 155	47 152	20 171	44 189	46 96	31 176	6 45	33 141	69 103	38 101	68 172	18 132	50 107	32 114	10 169	24 137	11 88	53 83	13 103	14 44	43 133	67 32	28 139	25 93	9 181	62 154	1 79	4 54	15 22	30 47	55 142	22 120	3 18	60 29	40 39	61 79	64 146	58 24	51 131	54 72	63 27	57 42	7 54	21 126	52 69	8 162	66 184	2 102	34 30	56 54	48 176	12 188	65 135	37 64	35 78	49 79	26 178	0 188	23 192	17 61
42 48	44 192	68 12	50 80	60 11	63 141	23 142	8 79	56 43	45 74	13 2	35 141	9 139	34 59	25 49	2 35	53 151	15 35	46 129	48 89	66 33	41 121	59 151	57 139	54 11	55 193	0 13	7 147	19 90	51 9	10 27	39 119	27 79	11 19	17 18	29 163	14 55	12 197	43 140	20 179	31 27	40 112	26 183	16 165	28 16	32 31	4 115	33 111	49 66	58 89	47 191	3 191	65 3	67 6	24 162	62 27	18 147	38 27	5 54	64 38	61 157	37 20	69 86	52 115	36 22	1 100	6 163	30 3	21 125	22 57
13 88	23 56	18 69	35 128	25 133	52 69	59 62	31 86	1 176	14 117	12 59	8 90	44 117	49 111	36 154	30 166	57 136	42 93	29 139	17 169	27 101	54 189	4 178	21 28	40 189	65 58	0 109	38 96	55 97	7 173	3 36	68 59	53 101	10 4	28 79	32 103	26 63	61 85	50 48	60 199	19 167	11 117	51 143	5 123	2 182	15 152	46 15	63 72	41 132	9 146	45 8	62 93	48 9	34 182	37 39	39 167	58 56	16 70	6 56	67 16	64 141	33 91	20 19	66 164	24 166	56 173	47 93	43 195	22 132	69 169
23 57	28 134	33 85	67 113	25 151	35 147	29 165	4 156	17 49	32 194	12 56	65 18	60 32	15 150	21 123	36 189	53 72	27 145	58 76	24 45	30 23	10 123	34 12	39 157	45 41	0 44	69 138	62 32	9 87	51 76	52 150	16 118	44 89	18 167	1 3	59 16	19 133	55 140	3 92	41 35	48 183	46 51	6 74	31 129	14 101	63 47	40 181	66 54	50 9	61 120	13 42	43 59	37 185	26 44	68 185	8 114	56 89	47 46	54 142	7 59	64 91	5 200	57 129	42 137	11 102	20 114	38 106	2 47	22 113	49 143
64 74	65 165	36 182	42 77	0 37	27 33	7 73	1 1	60 25	20 198	55 192	43 72	30 139	69 112	44 134	61 149	28 159	48 154	32 187	66 16	40 153	62 146	46 158	59 16	51 39	54 81	11 172	14 187	52 23	63 40	67 147	17 84	45 134	9 165	58 141	47 188	23 131	4 95	3 41	24 195	39 41	16 121	68 23	12 166	29 123	19 62	15 126	18 118	22 96	37 28	26 146	56 91	57 140	5 198	50 129	10 46	53 93	2 49	34 65	35 119	31 193	6 17	49 37	8 30	21 109	38 144	13 101	41 76	33 22	25 114
18 186	69 69	64 32	33 144	6 183	3 86	55 5	2 20	9 139	22 37	38 87	67 47	8 47	5 105	10 79	53 61	14 34	1 122	46 22	48 197	36 143	24 94	35 188	27 21	49 32	45 158	17 184	31 161	4 141	29 31	12 161	50 31	39 192	21 41	7 82	23 124	56 177	37 69	40 24	66 19	60 185	57 178	43 56	59 188	26 26	32 166	54 70	52 123	16 20	47 23	30 124	51 139	25 154	13 77	68 153	62 149	61 195	11 34	58 89	41 84	34 178	63 18	0 71	42 79	15 175	44 149	19 37	20 19	65 198	28 120
8 165	51 183	42 93	52 141	41 45	44 84	23 109	59 119	38 123	2 120	22 154	30 128	27 73	29 16	39 151	68 81	20 178	69 99	64 69	31 23	36 21	13 59	5 177	1 158	24 179	35 145	60 53	7 95	10 17	61 114	53 143	45 15	3 157	15 147	21 26	40 109	14 31	57 124	56 149	26 33	66 123	0 172	28 189	19 130	67 73	37 120	32 47	17 91	4 45	34 165	65 167	58 96	16 165	50 161	54 56	48 44	47 157	55 57	9 13	46 87	43 139	63 61	49 157	18 107	11 146	12 161	62 42	25 55	6 29	33 164
31 10	45 162	49 57	39 196	0 139	65 147	15 66	13 196	37 23	25 188	3 44	44 146	50 101	35 30	36 112	47 18	28 19	27 24	8 129	7 40	55 58	60 64	59 21	56 193	16 109	69 115	5 122	61 126	6 179	66 188	29 40	22 187	33 31	20 168	34 188	54 172	68 182	63 128	23 114	9 70	14 37	21 144	24 104	26 61	42 170	32 11	38 127	30 59	64 42	67 132	51 156	43 185	17 181	46 198	53 70	48 31	40 105	52 181	41 66	62 56	2 15	18 194	10 102	58 66	1 5	19 177	12 37	57 166	11 42	4 152
1 89	56 113	9 25	62 45	45 15	42 23	66 78	41 180	28 12	61 27	59 144	43 99	25 96	29 41	16 89	32 169	51 143	26 38	20 30	39 117	58 150	13 137	4 160	22 151	69 181	65 152	14 90	0 68	5 173	18 151	46 92	30 94	10 37	2 25	63 197	36 47	24 147	37 118	57 160	67 163	54 7	3 107	52 173	35 185	49 188	33 141	47 117	48 114	50 38	17 59	27 37	64 136	68 16	44 81	19 45	21 93	11 77	12 76	23 150	7 168	60 115	38 110	34 119	53 112	40 9	15 60	8 41	6 36	55 159	31 101
68 29	66 101	8 58	13 49	22 60	27 150	10 199	7 121	39 46	33 148	55 134	62 181	30 186	67 36	4 131	9 141	24 5	20 136	65 56	54 158	12 2	45 102	59 51	48 29	35 86	58 24	26 109	56 141	64 91	43 127	60 52	38 142	5 185	53 81	28 31	37 170	31 56	46 151	34 65	42 121	15 141	6 145	47 149	0 33	40 110	44 38	49 174	36 10	23 105	61 151	3 18	41 73	52 189	14 99	50 130	69 152	11 127	32 32	57 144	16 114	25 56	1 119	18 149	63 124	51 70	29 172	19 149	2 5	17 89	21 184
21 58	65 61	1 157	5 193	55 65	35 182	52 161	34 29	63 89	68 114	47 31	28 59	26 134	38 65	39 25	8 97	2 19	54 128	41 188	6 154	62 90	24 40	42 84	40 78	12 77	57 9	32 193	43 2	19 54	53 107	22 142	25 141	29 166	0 76	33 120	69 66	13 73	9 188	7 186	15 175	16 88	37 103	18 15	44 84	66 182	51 172	10 74	36 4	48 12	23 116	67 19	61 151	20 109	17 109	11 131	46 51	14 121	49 169	3 185	64 2	50 63	31 41	58 14	30 168	59 64	45 150	4 85	56 27	60 118	27 8
15 32	67 33	25 53	18 52	9 55	58 41	49 71	32 47	19 198	36 184	62 27	17 125	41 75	61 117	43 60	50 124	6 45	54 7	31 62	65 33	2 28	5 115	37 46	40 88	12 92	39 164	59 118	55 166	28 191	22 43	0 25	4 129	24 109	35 91	27 74	60 55	16 52	46 14	51 49	3 195	26 14	63 17	57 103	8 191	14 171	66 65	20 181	30 95	53 101	45 81	64 22	10 156	13 109	47 82	69 8	33 5	38 156	48 73	11 130	29 181	44 45	68 122	42 165	34 22	21 14	23 166	7 58	1 2	52 199	56 147
11 58	37 29	4 19	6 48	35 45	34 89	62 191	23 181	16 125	57 55	50 56	36 195	27 174	47 18	43 89	68 124	41 43	22 92	44 161	60 4	51 125	58 108	3 75	21 142	55 87	0 5	8 12	33 42	45 82	38 138	66 131	24 80	32 5	31 54	9 6	46 199	39 67	28 51	2 184	65 56	19 198	54 32	10 52	48 170	1 152	53 78	17 163	13 139	14 8	18 20	42 17	40 181	64 39	30 160	67 59	15 64	7 198	25 46	52 191	49 51	61 110	26 180	5 23	69 168	59 117	20 200	63 163	12 101	56 60	29 156
43 100	50 160	12 100	49 181	40 183	51 79	15 20	3 138	31 95	41 139	5 81	17 196	38 195	42 34	18 47	28 83	67 64	24 81	64 92	32 195	63 110	46 134	45 171	65 125	27 160	53 30	26 135	14 38	11 111	19 10	57 74	58 162	25 169	22 182	69 185	21 8	33 71	2 67	0 146	60 41	61 164	13 77	37 177	55 158	39 199	35 158	16 133	48 175	6 185	54 14	8 87	34 75	10 91	56 108	20 103	29 30	52 187	4 80	44 1	47 70	68 46	59 157	23 57	66 198	36 70	62 56	7 45	30 83	1 142	9 17
