100	5
1 19	0 61	4 52	2 22	3 80
3 13	4 16	2 47	1 45	0 39
3 89	4 99	2 72	1 91	0 98
1 8	2 41	4 65	3 63	0 59
4 53	3 38	1 72	2 95	0 12
3 90	4 12	2 47	0 74	1 21
4 75	3 23	0 30	2 63	1 39
3 87	1 48	4 37	2 10	0 42
2 4	1 44	3 33	4 25	0 1
0 34	4 94	3 71	1 46	2 93
1 56	0 10	2 30	3 62	4 83
3 4	4 17	0 92	2 38	1 50
2 59	0 14	4 87	1 41	3 44
2 50	3 14	4 63	0 64	1 16
2 88	1 77	4 36	0 16	3 32
3 31	0 97	1 29	4 44	2 46
0 37	1 31	4 57	2 88	3 61
2 99	1 16	0 24	3 35	4 12
4 63	3 74	2 85	0 87	1 35
2 11	0 38	1 74	4 50	3 21
4 86	2 16	3 75	0 91	1 24
4 35	2 91	0 80	1 13	3 90
0 47	4 56	2 67	1 66	3 5
3 38	2 64	4 75	0 36	1 98
2 48	0 19	1 22	4 40	3 39
4 58	3 63	0 42	1 8	2 67
4 86	0 42	2 62	1 13	3 20
4 87	1 43	2 61	0 21	3 92
4 60	1 65	0 52	3 99	2 91
2 52	3 19	4 39	0 25	1 51
4 81	2 67	0 30	3 88	1 74
1 52	0 30	3 95	4 24	2 15
1 73	0 23	4 80	2 53	3 80
0 21	2 12	1 4	4 11	3 45
2 25	4 83	0 66	1 33	3 30
3 84	2 72	4 23	1 61	0 41
1 57	0 5	2 16	3 83	4 24
3 2	2 1	1 62	0 76	4 69
1 16	3 32	0 96	2 84	4 13
3 72	1 19	4 79	2 86	0 53
4 10	1 72	0 7	3 99	2 6
2 34	4 12	1 32	3 10	0 26
2 87	1 72	4 4	3 92	0 94
2 8	1 38	4 67	0 21	3 99
0 94	2 72	4 37	1 51	3 95
0 70	4 34	1 1	2 26	3 47
3 17	1 51	2 80	0 72	4 25
2 15	4 85	1 36	3 58	0 47
1 35	0 17	2 32	3 87	4 7
0 16	2 92	3 51	4 83	1 96
1 70	2 4	0 93	3 99	4 50
0 55	4 84	2 87	3 49	1 63
2 56	1 75	0 38	3 32	4 67
1 23	4 23	2 4	0 67	3 33
0 45	3 28	2 17	1 20	4 7
4 68	0 77	2 98	1 37	3 59
2 70	3 87	1 31	4 60	0 12
0 92	1 99	3 88	4 12	2 51
1 43	4 71	0 53	3 2	2 22
4 54	0 63	1 13	2 31	3 90
0 92	3 64	2 24	4 27	1 46
0 42	3 12	2 37	1 20	4 30
1 65	4 38	3 95	2 41	0 29
3 13	4 95	0 33	2 1	1 20
1 51	2 62	0 8	3 70	4 10
1 98	0 49	4 12	3 79	2 71
4 29	1 94	2 31	0 61	3 92
0 91	4 89	1 57	3 97	2 21
0 17	4 90	2 68	3 32	1 39
1 28	0 17	2 16	3 92	4 64
0 26	3 29	4 38	2 83	1 64
2 11	0 57	1 7	4 36	3 67
1 19	0 5	4 52	2 54	3 63
3 27	2 48	4 35	1 46	0 29
0 60	1 65	4 15	2 29	3 66
0 91	3 59	1 6	4 10	2 97
3 54	1 26	0 82	2 57	4 20
1 69	3 22	4 49	2 71	0 70
4 1	3 64	2 22	1 19	0 52
4 11	2 18	1 31	0 58	3 64
4 78	1 67	0 66	3 90	2 50
4 46	2 39	3 56	0 21	1 88
2 77	0 8	1 12	3 70	4 62
0 71	1 97	2 59	4 2	3 55
4 59	0 85	2 97	3 8	1 40
3 18	1 37	0 14	2 53	4 97
3 95	4 31	0 63	1 39	2 82
1 7	2 56	0 21	4 34	3 50
3 38	0 71	4 99	1 98	2 41
4 37	3 54	1 65	0 40	2 35
1 46	4 60	2 1	3 94	0 60
1 6	3 74	4 13	0 76	2 92
0 53	2 88	1 95	3 82	4 61
4 92	2 7	1 3	0 86	3 11
3 77	1 60	4 2	2 96	0 78
1 98	4 30	0 70	2 76	3 46
0 94	1 97	3 38	2 63	4 92
0 88	2 66	3 44	4 56	1 38
0 46	2 23	4 9	3 15	1 76
0 61	2 48	4 37	1 28	3 69
