40	5
1 66	4 64	2 27	3 85	0 20
4 17	2 3	0 75	3 53	1 3
4 7	1 90	2 80	3 96	0 20
3 22	0 64	1 40	4 43	2 34
2 50	4 82	0 95	1 10	3 54
4 14	0 24	2 13	1 60	3 54
3 50	0 84	4 84	1 60	2 71
3 70	1 32	0 1	2 8	4 94
0 73	2 29	1 86	4 84	3 71
3 73	0 79	1 99	2 38	4 70
0 6	1 49	3 90	4 81	2 98
1 87	3 8	4 35	2 43	0 17
3 60	4 69	2 80	1 14	0 16
1 6	2 40	3 3	0 55	4 9
0 86	3 40	1 79	4 84	2 60
2 2	1 19	0 55	4 73	3 12
3 79	1 62	4 63	0 40	2 61
4 92	3 90	2 46	0 31	1 45
0 92	3 34	4 27	2 78	1 4
1 60	0 98	2 51	3 98	4 44
3 55	2 58	0 1	1 70	4 23
0 67	4 92	3 20	2 50	1 70
1 85	4 73	0 28	2 35	3 86
3 87	0 27	2 53	1 72	4 46
0 49	4 95	1 78	2 75	3 65
2 87	3 46	4 21	1 6	0 30
2 85	4 16	1 16	3 66	0 57
0 92	2 31	4 4	1 46	3 30
2 57	3 64	0 54	1 91	4 50
4 41	2 57	3 43	0 12	1 81
2 56	4 61	3 19	1 8	0 39
3 76	1 71	4 49	2 66	0 35
1 75	2 39	4 54	3 11	0 75
2 32	4 73	1 97	3 73	0 82
1 79	3 60	2 71	4 94	0 94
4 63	3 90	0 26	2 25	1 91
2 49	1 26	0 65	3 38	4 86
2 6	1 22	3 56	4 43	0 24
0 71	1 17	3 72	4 58	2 35
0 33	2 21	3 76	4 75	1 93
