50	15
13 2	6 78	11 28	10 33	0 81	1 62	3 35	2 37	5 85	4 37	12 31	8 34	14 29	7 32	9 3
7 81	14 11	5 36	8 27	6 61	0 17	12 86	2 38	3 70	10 15	13 49	4 63	1 29	11 56	9 34
5 9	3 45	1 60	2 93	11 74	9 98	10 38	7 98	0 11	13 96	6 30	12 98	4 62	14 40	8 64
3 93	14 12	9 98	2 88	8 28	13 2	7 78	10 10	4 83	12 36	11 12	1 77	0 88	5 62	6 83
13 81	1 19	4 28	2 87	5 11	3 24	7 23	14 23	8 71	0 28	11 35	9 37	12 81	6 88	10 72
12 78	7 48	1 52	13 19	4 22	10 72	8 88	14 62	0 58	5 79	3 86	11 72	2 17	9 69	6 38
11 9	6 53	10 51	2 80	9 30	7 16	5 46	14 81	12 99	1 1	4 48	3 89	8 30	13 92	0 42
11 6	6 84	3 85	8 36	7 61	5 38	13 99	1 2	9 86	14 73	4 1	12 71	2 11	10 82	0 20
7 93	1 21	8 48	5 41	0 72	13 79	9 8	4 14	6 32	12 6	11 28	14 83	2 65	3 57	10 22
14 91	11 98	13 94	7 94	9 57	12 38	4 62	2 84	10 7	3 4	6 2	5 3	0 63	1 50	8 67
0 61	2 68	3 47	5 78	9 61	8 10	14 55	6 48	1 29	12 44	13 94	11 38	7 10	4 13	10 48
9 60	3 58	6 37	0 86	7 48	8 84	4 91	12 35	10 16	14 9	2 3	13 52	11 5	5 67	1 82
5 82	8 13	14 36	13 78	12 8	10 73	11 7	7 87	1 65	0 27	2 4	9 36	6 52	3 21	4 16
10 52	12 10	11 12	8 63	6 65	14 98	2 26	13 31	1 70	4 26	3 76	0 48	7 75	9 86	5 74
5 57	12 15	10 31	6 27	7 31	14 70	13 70	3 17	2 94	4 17	8 74	11 97	0 69	1 46	9 15
12 92	5 43	9 45	11 61	14 93	3 37	7 25	1 2	0 33	13 86	6 22	10 78	2 62	4 64	8 48
0 17	5 77	12 11	6 96	13 97	7 54	2 12	4 21	8 76	9 6	3 75	1 15	10 41	14 9	11 63
5 12	2 89	10 55	14 15	6 71	1 50	7 62	3 93	9 91	8 64	13 55	0 47	11 21	4 69	12 63
13 95	5 17	6 89	10 84	12 69	7 46	1 90	4 36	9 40	2 15	0 83	3 1	8 28	11 90	14 66
7 52	13 69	14 67	9 56	2 71	3 45	5 72	1 41	4 69	10 34	0 21	12 24	6 77	8 66	11 7
4 62	14 34	5 22	1 78	12 33	10 19	9 42	11 45	2 12	3 15	7 22	8 24	0 2	6 42	13 65
13 38	1 73	4 37	0 54	10 28	6 75	7 39	14 26	11 90	8 24	2 5	9 21	3 59	5 53	12 62
6 16	9 48	4 46	2 74	0 50	10 20	11 89	3 21	14 43	1 45	13 75	7 79	5 45	12 98	8 16
7 53	13 60	1 83	2 10	0 11	10 28	6 58	4 41	9 47	3 78	5 50	12 76	8 6	14 65	11 98
2 4	8 68	14 52	11 46	0 41	3 11	5 23	4 77	10 86	9 1	1 81	13 3	12 88	6 2	7 97
11 99	12 92	3 70	1 18	14 84	8 63	2 48	0 12	9 93	13 59	10 35	5 92	6 39	7 60	4 7
13 43	7 92	11 51	1 7	12 57	6 95	3 30	4 56	5 3	14 20	9 25	0 2	2 8	8 70	10 97
5 10	4 62	6 3	0 22	2 92	8 88	1 14	3 2	7 89	13 74	12 64	9 39	10 30	14 21	11 69
4 93	7 33	3 15	2 76	11 54	12 26	6 45	10 53	9 38	13 38	5 90	14 90	1 54	8 30	0 46
13 86	5 73	2 97	1 94	8 29	11 31	0 7	3 96	10 59	14 29	6 25	7 62	4 69	9 22	12 94
4 46	9 30	6 88	3 32	7 55	14 19	5 34	11 90	2 10	8 25	12 91	0 25	1 64	10 82	13 24
9 76	8 50	4 16	13 51	6 43	0 32	5 62	14 75	12 69	3 69	2 5	11 75	1 93	7 1	10 81
14 45	10 3	11 95	1 65	3 49	8 2	6 76	2 68	0 16	13 16	7 53	4 88	12 9	9 96	5 54
5 22	3 99	6 20	2 91	0 58	10 37	11 49	12 71	9 72	14 21	1 81	7 1	4 59	13 61	8 97
5 55	1 38	12 91	7 29	9 58	13 65	0 59	8 7	14 73	2 94	10 63	4 6	11 72	3 68	6 50
3 95	11 29	4 81	13 85	2 23	0 99	9 42	5 7	12 16	6 78	14 94	1 29	10 47	8 21	7 93
7 87	10 85	5 1	8 81	14 46	6 53	4 12	1 5	13 41	9 98	2 87	11 72	12 41	3 20	0 27
11 17	3 80	13 52	14 71	9 11	7 90	4 62	2 5	0 45	1 9	12 80	10 93	8 11	6 3	5 60
13 80	3 16	0 86	14 95	6 42	11 88	7 69	10 99	1 26	9 4	4 83	12 4	5 58	8 69	2 75
14 18	12 80	6 86	3 2	5 65	7 96	2 22	8 56	4 90	13 46	1 56	9 4	11 3	0 85	10 53
12 28	10 47	13 44	0 84	14 53	2 21	8 69	3 46	11 14	4 43	5 18	9 47	1 92	7 96	6 73
10 44	4 83	0 26	11 49	14 91	13 60	6 83	1 83	7 8	12 8	3 53	2 28	8 58	5 21	9 36
7 24	11 91	3 44	4 24	6 32	8 17	10 15	0 70	14 93	5 36	9 60	2 21	13 12	1 18	12 23
13 66	12 97	11 54	9 16	7 84	8 50	14 24	2 96	3 69	1 97	6 85	10 76	0 90	5 8	4 97
1 40	12 42	13 59	14 23	6 5	0 95	7 28	5 79	8 61	3 90	2 14	9 16	4 50	11 47	10 39
14 54	4 55	3 10	7 78	0 92	5 20	13 71	2 64	1 51	8 38	12 56	10 89	9 13	11 46	6 80
12 62	4 37	6 61	14 1	3 76	8 32	9 89	2 25	5 68	11 50	10 81	13 4	7 35	1 70	0 48
6 81	5 98	4 69	9 6	0 81	7 30	14 47	8 5	1 82	2 6	13 57	11 50	10 30	12 75	3 67
0 64	8 47	14 38	5 40	9 93	6 37	13 82	12 80	11 71	10 2	2 65	1 92	4 33	3 90	7 73
4 87	13 86	3 22	9 14	1 77	10 73	2 42	12 33	5 69	6 28	8 47	0 75	7 67	14 15	11 49
