100	100
32 29	82 82	23 94	81 66	55 39	90 71	8 97	14 31	1 42	92 98	91 51	68 97	45 64	11 46	28 91	97 24	26 26	38 78	76 91	94 74	88 57	34 89	74 48	80 18	59 20	53 23	73 60	17 11	84 12	64 29	37 62	36 74	0 33	24 52	56 87	29 4	20 59	46 74	99 64	75 90	66 79	44 91	31 27	35 75	58 83	63 93	57 32	54 28	71 32	41 87	21 23	98 6	3 23	51 30	40 72	39 33	42 91	72 59	10 36	5 33	48 17	61 96	65 80	19 89	67 41	95 74	18 43	93 78	77 24	78 42	22 43	79 71	16 16	49 78	69 79	15 76	62 81	33 22	83 16	60 81	86 11	87 45	12 64	2 95	50 77	43 54	52 18	96 76	70 80	4 8	30 17	27 46	13 11	47 2	6 53	85 92	9 62	89 31	7 19	25 39
36 98	26 35	89 23	50 75	16 87	31 76	59 17	88 22	55 59	87 46	93 3	41 62	34 41	15 91	51 65	66 76	39 39	56 91	94 76	5 81	53 77	14 48	75 71	0 98	52 31	28 86	13 9	62 90	61 33	30 22	6 90	24 31	18 81	68 62	71 69	99 9	96 4	76 70	35 22	92 58	49 35	46 82	84 64	72 69	17 17	38 16	90 56	58 82	86 52	21 22	65 98	25 55	91 42	79 93	82 95	9 57	10 7	64 13	45 44	37 45	70 29	78 88	74 39	57 24	2 51	85 10	42 13	81 68	12 61	33 38	47 74	83 21	95 25	3 46	1 67	19 39	43 62	4 51	77 72	67 59	80 18	40 70	69 8	22 48	8 60	63 78	73 76	97 47	54 8	44 69	32 28	98 19	48 27	11 88	23 2	60 97	7 55	27 54	29 54	20 11
50 39	84 78	57 10	69 94	31 26	51 97	1 99	65 47	78 55	89 5	60 29	76 78	42 75	86 31	37 53	34 18	3 10	82 42	25 4	93 42	55 63	28 46	73 4	6 72	61 16	97 98	7 57	4 37	47 46	77 93	20 92	79 35	68 72	36 60	53 77	17 37	15 33	27 30	11 50	26 88	80 61	74 44	33 22	75 3	22 34	8 14	56 43	91 89	54 74	5 4	95 58	30 89	90 84	23 7	63 3	29 23	72 35	46 37	85 62	87 30	39 20	88 75	99 60	81 82	92 70	59 94	52 67	62 48	64 18	44 32	48 70	2 7	66 25	71 3	19 77	24 43	38 19	9 20	41 70	67 47	35 91	40 86	18 34	45 82	49 77	0 29	14 92	10 39	58 87	12 13	43 11	21 33	16 50	83 11	70 96	32 86	96 76	94 28	13 5	98 27
91 69	60 40	86 50	31 65	45 25	8 6	10 17	22 59	59 10	83 27	29 20	14 55	34 26	92 72	35 16	13 40	43 94	39 95	54 82	90 89	40 43	81 95	68 96	1 65	37 41	98 42	73 89	62 47	61 66	19 51	49 92	79 69	23 23	96 68	65 86	70 5	44 72	95 53	4 20	53 20	38 37	24 34	94 48	6 42	16 60	27 94	46 85	63 56	97 92	41 88	25 37	55 71	42 41	50 23	75 48	80 21	36 8	11 77	5 82	51 54	71 51	82 9	74 69	57 68	87 91	78 60	18 22	47 39	30 2	64 45	17 96	99 59	88 1	84 75	26 98	72 50	69 17	15 91	0 65	58 87	33 97	9 31	2 41	32 42	21 6	52 3	93 85	20 46	67 68	76 12	89 72	3 91	85 42	56 88	66 3	12 53	48 1	77 89	28 31	7 37
2 8	65 26	52 13	25 58	58 95	30 45	54 24	75 99	1 87	42 75	85 68	59 96	9 67	86 19	3 83	83 95	46 55	17 8	14 19	4 96	74 81	63 82	5 11	70 61	73 49	88 42	31 14	28 71	47 85	34 77	57 88	41 54	13 13	79 38	90 3	33 28	36 9	56 29	20 20	61 16	67 71	49 38	37 37	91 64	16 15	98 78	62 80	99 39	44 41	45 21	69 66	68 40	6 69	27 59	77 38	89 87	97 15	95 50	72 10	21 78	84 11	8 58	50 2	39 25	15 94	11 60	51 68	96 93	80 50	26 80	32 62	7 32	55 55	10 7	0 28	35 72	76 58	94 20	71 75	23 54	82 30	12 69	29 46	64 98	43 57	81 4	60 25	87 18	19 14	22 44	24 61	38 75	92 7	18 16	48 46	93 29	40 73	78 89	66 49	53 87
58 89	93 19	41 75	3 70	96 38	49 13	61 77	99 29	12 41	45 66	71 43	66 75	25 69	57 86	53 70	18 69	33 94	13 55	38 77	87 37	10 8	42 92	86 70	2 77	46 94	15 93	74 65	4 32	43 90	77 40	94 23	92 71	76 56	8 96	60 39	89 58	31 4	54 14	84 82	67 17	65 86	39 43	68 43	78 37	75 45	50 47	63 8	59 76	24 31	64 46	1 30	62 39	91 2	16 29	81 69	34 25	17 72	26 17	9 71	29 75	83 8	95 75	22 49	0 83	19 1	35 37	11 22	72 1	73 48	69 16	44 69	28 64	90 22	98 61	40 18	14 47	37 44	82 56	52 71	55 67	5 19	88 27	48 88	70 85	97 82	27 61	6 68	47 33	23 27	79 6	21 30	80 90	32 76	7 48	51 16	36 68	20 52	30 45	56 15	85 2
91 71	35 59	63 57	62 30	97 55	67 39	15 27	71 4	24 31	66 98	51 55	94 82	59 11	21 47	3 96	19 50	26 67	88 11	54 16	58 32	53 88	10 53	50 36	81 19	98 99	14 40	74 34	72 74	4 9	73 19	79 73	87 61	76 68	68 24	77 26	83 2	61 47	90 72	49 90	13 13	8 25	80 19	82 4	27 94	60 84	39 16	69 40	29 5	57 23	48 12	17 51	2 6	47 33	65 37	78 55	41 48	11 8	40 42	95 66	30 32	84 1	5 92	45 14	0 52	43 65	99 61	6 71	44 87	89 6	18 61	64 66	92 37	52 13	16 16	70 6	86 12	38 37	56 13	46 17	42 78	93 34	34 32	28 27	22 49	23 8	1 45	7 59	75 65	31 15	12 27	85 45	55 27	96 90	25 22	36 99	9 40	37 35	33 26	20 98	32 67
70 36	35 3	10 59	98 6	6 95	86 2	49 22	89 54	2 94	20 28	38 9	73 4	87 53	8 41	75 26	13 17	63 2	93 51	12 70	91 2	95 44	72 36	31 46	54 68	97 67	74 11	67 26	0 89	23 41	40 3	34 16	82 65	1 64	24 55	46 60	15 26	43 30	99 37	44 2	4 55	37 23	61 38	11 78	90 32	64 60	53 79	83 22	3 31	92 50	27 61	14 87	85 16	52 71	57 6	96 71	28 23	94 4	88 34	5 54	48 18	29 96	60 14	78 58	58 19	18 66	81 4	9 86	71 37	41 23	42 5	47 73	69 82	39 82	84 20	59 99	19 89	55 51	56 81	66 5	26 33	33 54	36 70	79 96	77 20	62 73	22 61	17 82	80 26	25 33	16 68	7 43	65 76	50 56	32 28	21 25	51 75	76 18	68 7	45 99	30 60
61 58	27 55	95 52	59 2	76 48	97 61	19 64	47 99	88 29	20 59	21 48	35 52	86 92	75 44	0 9	50 73	3 14	44 7	83 20	89 79	90 53	94 46	2 13	17 60	51 2	40 34	28 10	1 6	68 18	7 90	99 4	57 49	43 97	74 23	64 99	93 87	18 14	26 48	85 62	55 94	10 28	82 28	96 84	39 40	65 99	11 40	77 76	32 67	46 68	34 54	48 44	22 99	81 80	15 30	73 9	79 97	69 68	92 78	8 64	36 33	6 59	23 70	62 4	71 85	14 52	98 6	87 70	38 29	63 21	70 7	29 84	33 77	37 19	30 86	80 44	78 95	56 94	67 83	72 61	53 3	60 8	58 12	12 7	5 36	49 91	4 91	84 6	24 38	66 9	9 35	13 64	16 96	91 24	41 33	25 21	54 24	42 57	31 21	45 43	52 36
13 60	44 92	75 23	92 86	59 23	11 7	35 49	9 57	58 94	10 4	26 60	27 84	46 9	41 41	73 77	85 44	48 13	5 81	52 11	70 48	63 11	14 53	78 79	65 34	62 74	19 49	72 32	20 63	38 54	67 84	47 92	83 68	2 8	28 63	99 11	76 37	36 15	33 50	22 93	60 63	88 70	64 33	37 15	6 44	43 91	94 92	95 80	23 7	45 13	98 49	24 43	57 57	7 31	39 73	61 51	97 95	77 33	34 3	82 57	50 45	86 61	3 71	15 45	0 12	54 26	51 80	40 85	30 10	71 68	32 99	74 13	80 88	87 54	12 96	17 44	25 96	89 2	66 81	90 87	96 86	69 92	68 48	1 17	55 79	81 47	49 72	8 71	93 40	53 91	16 5	42 25	56 47	4 45	29 64	31 49	79 22	18 4	84 67	91 20	21 59
97 75	37 60	35 35	86 67	66 27	88 34	44 51	75 88	11 49	12 27	17 40	29 88	57 20	47 88	33 9	32 23	55 64	60 90	79 55	51 47	74 12	25 50	73 37	14 57	43 60	3 32	56 10	38 88	30 94	78 81	58 44	84 21	61 3	27 6	94 14	45 87	26 94	20 14	22 61	7 85	15 73	34 94	2 81	23 23	8 59	9 68	48 66	89 50	96 1	93 66	0 41	68 34	13 27	21 82	81 87	1 16	24 72	98 97	63 17	4 52	42 54	41 77	77 45	62 73	36 54	99 43	85 46	83 53	65 14	59 42	53 37	19 16	95 20	70 1	67 15	49 4	40 83	71 63	72 96	28 98	52 97	87 25	82 69	46 88	92 51	5 1	69 14	50 59	76 49	6 91	16 39	10 60	64 99	80 75	39 2	18 50	31 42	90 98	54 33	91 86
28 47	5 89	17 77	95 8	34 49	40 34	10 33	82 82	74 42	90 37	55 12	78 59	43 35	86 16	36 8	77 84	41 41	37 42	35 46	20 35	84 87	58 55	71 85	64 44	18 76	61 53	33 28	3 55	50 30	42 39	68 93	48 83	76 80	2 34	30 3	4 8	38 38	54 10	85 3	44 2	88 85	45 79	11 32	73 56	80 84	97 69	29 57	21 89	69 74	59 48	93 62	0 81	72 60	9 13	70 76	8 72	27 51	13 65	65 66	16 47	67 76	91 22	75 44	57 79	96 35	12 91	83 75	1 81	32 57	89 2	47 70	79 7	53 66	52 93	39 81	49 18	26 51	24 99	66 20	14 31	98 31	19 24	51 56	94 39	92 68	6 96	7 74	31 41	15 54	62 55	56 54	25 56	23 75	81 91	87 18	46 74	60 82	22 64	63 18	99 12
29 4	43 16	17 86	84 67	74 52	52 37	82 90	60 35	76 98	2 39	98 23	63 44	73 71	64 8	66 50	5 64	34 22	19 69	53 4	80 27	79 90	97 92	27 26	11 74	40 22	15 34	32 94	44 2	85 48	16 20	55 81	67 46	25 61	71 20	88 12	89 46	13 32	96 88	57 10	91 40	75 16	37 58	31 52	54 98	9 32	35 33	94 66	1 56	45 85	24 26	20 26	70 8	46 55	65 24	51 26	90 64	30 85	69 26	36 20	99 75	6 39	62 82	81 50	33 52	95 66	0 27	7 51	58 66	86 28	14 63	68 40	56 64	41 55	42 13	83 20	3 71	93 40	61 74	26 44	18 23	59 15	21 34	49 51	22 27	23 83	38 61	47 87	50 15	28 8	39 96	87 61	78 56	12 8	10 35	92 61	77 8	72 58	4 72	8 63	48 54
26 72	63 77	53 3	39 50	25 92	96 59	78 25	15 29	31 92	17 43	79 47	9 65	40 95	90 47	84 10	62 23	43 2	18 75	34 97	64 5	38 21	76 29	94 54	65 18	13 7	93 88	3 6	8 44	81 65	61 47	74 97	70 38	86 58	50 31	28 8	80 55	30 35	21 51	35 58	45 40	49 4	72 59	10 84	42 25	14 9	55 94	23 80	87 67	58 12	77 38	6 51	19 54	52 52	89 44	48 60	44 1	1 41	46 76	32 81	4 85	82 96	33 87	27 1	54 66	59 34	75 68	29 94	22 39	68 45	85 14	97 8	60 22	67 42	41 21	16 85	95 38	12 49	69 38	66 5	24 43	83 84	47 54	98 89	99 43	56 37	2 95	73 87	0 10	36 10	7 43	37 17	88 85	51 31	11 57	71 1	92 87	57 24	20 35	91 26	5 77
27 81	61 61	17 84	18 33	37 97	50 42	1 90	65 56	47 67	94 89	40 85	10 29	68 90	97 66	45 79	14 49	52 6	24 12	92 68	9 83	99 46	28 96	86 85	53 75	19 28	29 42	21 23	35 15	6 15	59 32	7 78	73 75	87 42	0 50	62 43	2 44	83 41	69 58	74 61	31 47	81 77	13 36	58 20	51 27	23 57	85 42	96 71	72 21	48 52	60 95	26 40	91 95	70 91	77 59	66 98	67 40	71 25	78 91	32 53	15 47	11 32	64 84	88 25	30 7	39 59	22 21	56 28	16 22	90 98	33 53	41 58	63 70	98 40	8 64	12 34	38 46	76 30	84 70	80 30	46 54	5 24	82 91	3 53	42 27	43 7	89 15	93 9	49 15	95 38	36 37	55 11	4 12	54 63	75 51	57 25	25 74	44 19	20 14	34 83	79 32
46 54	4 48	77 98	24 13	87 70	17 74	69 93	75 81	90 44	71 40	18 88	59 82	22 33	52 69	28 49	65 37	88 88	12 86	94 86	58 31	80 59	9 8	20 56	67 93	45 75	29 36	25 2	96 21	42 40	50 52	41 45	93 32	47 22	53 39	91 40	5 30	64 5	97 28	62 4	27 42	78 64	49 48	32 45	14 36	60 55	89 18	55 91	39 4	19 64	11 23	36 76	95 82	1 81	43 81	76 11	26 26	6 26	82 23	15 66	33 12	84 22	8 39	34 1	72 3	13 55	86 29	56 74	54 34	10 55	63 19	74 37	73 6	31 72	70 90	68 81	79 45	7 34	21 34	81 64	23 21	66 24	61 10	0 94	35 3	44 94	37 25	57 16	40 3	98 38	38 35	51 71	48 57	85 94	16 4	30 50	83 24	2 71	3 34	99 4	92 65
9 5	45 88	58 18	60 94	56 29	25 41	63 76	61 41	59 49	76 53	2 52	0 91	7 15	23 34	13 58	22 56	94 10	15 96	4 7	33 35	20 74	68 14	89 69	67 11	21 32	46 14	17 2	95 67	29 37	71 84	80 80	14 79	84 49	30 55	55 25	51 86	6 98	83 92	5 8	39 62	1 53	18 80	75 82	73 18	48 1	81 11	43 29	38 68	41 13	28 27	42 6	85 55	49 35	24 11	35 66	11 78	31 87	12 2	96 5	74 3	99 38	70 9	72 95	78 77	16 46	88 46	3 8	90 11	36 7	54 87	27 16	64 28	40 68	86 69	34 51	57 84	53 47	87 33	10 20	19 77	8 26	32 10	92 90	98 91	62 62	44 98	65 12	97 11	66 55	69 71	47 95	91 92	77 68	52 11	26 40	37 21	50 84	79 17	82 18	93 86
67 77	65 1	3 6	5 42	66 41	34 25	32 51	22 53	37 81	78 84	98 54	71 66	55 70	16 84	12 85	42 71	4 18	9 84	40 76	77 99	1 33	93 96	51 54	15 10	26 33	88 56	56 32	72 74	60 50	27 39	92 17	53 53	33 29	69 30	81 89	14 26	35 90	58 79	82 63	87 31	62 71	91 12	7 90	45 84	23 62	74 13	39 55	76 64	13 85	17 57	83 56	46 40	61 49	38 64	29 50	24 80	19 70	85 8	64 30	96 7	10 96	44 92	31 95	84 26	48 55	57 82	95 62	90 70	8 94	79 65	70 75	63 44	54 90	86 50	89 68	11 89	0 5	18 37	94 90	80 77	97 49	68 29	21 97	73 92	59 89	20 89	49 31	47 36	99 42	25 56	36 10	43 49	2 70	41 56	50 57	6 93	75 37	30 4	52 20	28 33
59 42	2 79	35 7	75 50	71 64	61 14	53 40	76 39	78 7	84 51	33 66	37 13	85 36	46 46	50 75	65 23	96 92	92 79	0 37	30 98	27 97	55 2	15 11	79 7	25 96	98 45	99 91	41 36	39 32	6 24	26 63	87 78	60 54	7 66	12 37	8 50	54 50	77 8	16 12	18 19	17 41	48 64	5 9	57 63	34 72	82 81	91 60	63 44	43 14	52 25	24 32	45 39	81 98	49 12	88 56	47 95	64 90	32 68	14 76	40 60	21 83	90 65	1 40	23 64	72 58	3 96	73 48	86 5	68 20	13 21	74 73	89 97	95 57	67 56	9 37	29 45	31 97	11 65	22 26	94 10	28 93	36 31	97 62	10 77	93 69	38 10	66 4	4 3	19 97	58 38	44 8	70 8	20 18	62 51	83 4	42 41	69 69	51 66	80 72	56 38
26 6	37 99	81 20	32 76	14 4	16 51	60 80	88 31	6 22	76 29	30 62	71 51	49 19	47 33	64 31	70 91	79 80	75 99	20 57	99 93	41 58	29 12	57 11	43 20	73 44	58 85	21 71	3 11	55 5	62 71	61 15	72 85	31 66	52 74	0 4	27 12	90 4	74 64	22 15	13 10	42 31	15 32	86 60	10 35	98 83	9 34	97 82	92 96	2 10	87 44	96 31	1 71	56 62	11 45	94 39	12 69	67 76	7 31	63 8	39 58	53 87	48 17	59 18	78 12	84 4	44 61	38 65	19 89	83 75	82 93	36 32	68 85	8 92	50 63	40 37	35 19	5 57	25 46	80 95	91 46	33 78	24 19	23 22	54 41	4 59	18 19	46 13	85 1	17 89	34 50	89 89	28 79	66 85	95 57	93 36	45 18	69 24	51 24	65 55	77 28
37 63	44 75	98 33	62 41	46 18	51 97	22 41	38 43	31 79	32 26	15 20	29 51	27 92	99 39	83 58	86 96	71 1	43 21	72 32	77 12	39 8	87 57	82 86	54 57	21 47	90 16	68 65	85 93	81 19	36 26	14 65	97 14	7 60	76 2	17 27	40 82	73 57	93 12	56 57	4 93	6 3	88 59	91 97	0 45	95 85	58 21	64 28	78 17	84 71	12 34	49 39	13 99	59 12	52 78	75 94	66 12	61 43	25 17	1 33	18 48	92 16	8 89	2 35	41 43	50 53	74 15	10 99	28 38	67 94	63 11	33 82	55 73	23 62	26 79	5 78	69 13	3 65	19 14	35 68	94 1	80 54	60 46	30 18	79 36	65 39	47 29	34 71	57 55	42 14	16 30	45 36	9 57	20 14	53 23	89 46	48 16	70 66	24 48	11 8	96 71
89 60	90 97	94 65	4 21	3 11	88 1	41 1	64 30	7 88	85 1	76 81	37 73	59 54	52 75	20 57	97 35	82 69	31 28	58 24	14 9	61 63	71 44	25 56	63 86	28 55	84 28	39 97	54 97	77 60	46 48	48 1	47 57	40 17	16 69	15 53	17 18	79 35	67 8	11 3	53 22	98 71	86 27	87 1	75 51	43 57	50 40	9 9	91 5	27 64	45 13	57 67	24 37	93 8	12 60	55 2	22 35	83 52	13 18	72 55	5 9	49 14	30 24	23 52	21 98	69 45	60 73	1 21	18 78	80 61	10 79	62 54	26 71	44 67	78 63	0 46	8 55	81 49	51 64	95 68	2 31	68 65	42 56	74 40	33 72	32 50	29 13	73 34	96 82	6 23	56 59	99 9	35 22	66 44	65 50	34 92	92 82	36 45	70 89	38 89	19 38
30 4	94 59	96 24	7 4	20 51	78 50	54 78	85 20	14 32	87 7	69 45	81 5	95 61	55 11	29 44	66 62	79 42	63 42	3 54	12 82	38 6	75 66	84 2	25 68	24 71	64 25	93 6	72 5	2 97	1 72	58 74	76 14	0 73	5 24	15 86	60 63	34 46	19 77	52 56	4 21	9 60	68 68	18 21	80 98	71 25	88 69	13 45	32 40	16 48	22 54	40 63	37 25	49 17	82 10	90 28	98 62	56 92	83 21	51 74	77 78	6 9	23 86	89 81	46 17	48 59	45 48	97 44	10 34	47 77	53 19	65 51	27 83	26 44	39 45	99 6	21 46	62 69	92 69	67 27	61 18	28 58	70 48	8 80	41 25	36 92	17 49	91 94	43 16	31 86	42 97	73 25	44 37	50 67	33 10	11 8	35 82	59 76	57 50	86 43	74 6
82 10	15 92	43 87	1 23	25 10	58 39	38 76	74 39	63 72	16 2	46 72	57 80	51 49	69 14	23 29	6 82	53 46	68 46	77 6	9 59	64 63	17 64	88 5	62 58	86 89	19 16	66 34	98 18	85 6	12 61	61 27	93 68	31 87	40 70	30 52	87 96	91 15	55 74	36 25	60 70	95 23	20 40	33 21	3 28	21 72	49 20	26 27	97 45	96 85	67 1	59 35	5 60	92 80	81 91	76 78	2 75	78 36	89 4	13 59	42 88	18 17	41 37	10 21	35 83	79 92	22 10	14 67	28 23	39 47	71 69	4 74	99 74	83 5	72 2	65 76	48 30	90 88	75 61	94 40	47 79	84 88	0 55	56 94	44 71	32 54	27 36	11 91	45 34	24 63	29 64	54 39	70 38	7 78	52 78	80 9	73 57	8 69	37 99	50 33	34 24
90 65	89 18	88 61	63 14	17 44	87 12	95 30	52 4	44 2	40 1	5 45	18 65	77 95	67 71	81 93	47 21	34 18	15 59	72 16	11 9	60 83	8 14	2 72	84 78	37 52	19 38	12 49	35 89	82 28	33 41	57 48	71 71	97 57	7 99	92 51	76 9	86 9	21 81	98 48	69 46	54 30	65 57	0 25	51 18	28 96	42 21	10 8	43 71	4 80	55 54	78 83	16 54	31 17	13 93	80 25	83 8	30 90	48 87	94 39	25 21	56 45	24 25	22 75	58 8	1 92	6 86	66 22	91 96	68 40	23 58	61 5	32 72	59 84	62 29	39 93	50 31	85 74	70 20	93 45	36 75	79 52	49 78	26 36	20 65	29 69	9 67	38 87	74 33	73 54	3 55	64 8	96 49	46 24	99 89	14 85	27 89	53 93	45 97	41 77	75 82
63 28	58 79	27 68	98 86	54 41	40 62	41 64	74 2	61 2	46 81	68 72	11 6	93 32	64 47	3 45	80 42	42 37	91 35	36 1	83 38	38 4	59 69	70 36	90 38	8 36	95 10	72 37	2 42	25 6	18 92	75 4	44 17	12 69	52 40	0 82	49 8	34 7	57 28	81 52	6 37	92 83	28 53	87 13	37 93	97 38	65 4	9 6	24 52	82 97	88 4	22 29	14 36	50 45	43 68	31 3	69 2	20 74	78 62	15 35	33 98	96 67	29 37	85 92	47 89	10 16	62 21	94 61	4 40	21 93	23 12	16 33	48 90	89 65	39 40	55 49	30 40	66 89	60 24	5 22	1 82	99 39	79 48	76 80	86 4	26 21	73 28	51 25	17 96	53 70	56 11	7 78	84 21	13 99	32 10	45 18	67 15	19 22	77 77	71 64	35 45
48 61	99 15	12 25	1 46	30 4	41 4	9 90	73 11	70 69	58 21	95 97	92 29	78 72	35 65	93 61	40 8	46 8	55 65	29 44	5 25	21 8	39 88	42 50	28 99	88 46	84 46	86 84	4 15	83 11	59 38	45 16	2 75	72 8	66 45	75 9	24 81	65 16	31 90	53 72	81 8	8 64	69 38	51 59	10 88	89 29	80 10	64 23	76 51	18 32	90 12	43 93	0 66	91 30	87 95	15 83	25 18	17 99	96 19	16 62	71 74	61 49	74 97	54 50	26 23	47 31	63 6	37 68	57 14	85 62	82 43	38 9	68 43	67 69	11 83	22 12	7 32	19 12	56 72	50 83	14 66	33 60	97 3	94 4	27 52	32 8	98 90	6 1	60 91	20 41	52 90	23 41	3 79	44 82	13 15	62 12	36 72	49 98	79 31	34 34	77 38
32 26	60 23	76 49	4 55	11 53	99 75	80 27	74 35	86 50	89 62	44 73	12 76	77 16	85 68	9 87	37 38	1 27	83 88	69 77	49 23	21 39	90 93	8 93	13 57	58 64	94 61	98 30	30 96	51 49	46 3	61 32	48 47	22 15	88 83	6 84	24 28	59 37	95 38	50 62	52 51	97 16	93 24	34 98	57 37	72 55	81 30	16 76	23 1	14 46	56 29	43 77	0 10	70 26	28 73	25 99	35 32	73 90	54 3	47 54	26 40	39 64	15 61	71 61	2 54	75 51	40 4	3 9	41 33	68 45	92 59	78 19	67 16	38 75	17 68	63 4	31 53	7 58	27 84	55 98	64 74	10 98	42 71	91 5	66 4	96 5	82 25	65 21	87 94	19 2	33 24	84 27	62 92	5 41	45 61	53 19	18 14	29 56	79 44	20 95	36 53
3 69	89 25	43 18	80 95	50 29	97 14	15 14	84 85	45 97	79 6	7 73	85 39	91 17	14 11	68 75	55 36	51 75	71 9	5 97	93 20	28 39	26 53	58 96	27 38	66 36	31 70	92 46	20 36	90 79	95 17	10 93	98 32	72 79	22 45	48 8	11 6	56 91	23 31	16 7	64 41	57 78	34 29	35 60	52 82	41 33	21 49	30 5	67 65	70 74	76 23	29 98	33 21	32 73	77 2	73 98	78 95	0 94	69 20	81 36	65 22	46 43	1 28	42 26	82 18	47 6	44 11	60 11	54 15	39 8	59 19	4 33	38 25	62 52	49 95	19 40	74 6	86 47	6 74	40 16	94 34	75 32	13 96	83 42	37 84	53 31	96 84	63 9	17 24	36 71	61 30	18 83	24 28	8 44	87 85	12 20	9 66	99 17	2 11	25 89	88 41
21 10	52 35	63 10	83 42	37 33	78 23	7 72	2 69	20 6	75 74	90 91	36 76	55 50	22 20	33 3	3 33	64 79	67 67	50 45	91 86	29 12	18 51	6 43	43 6	58 98	93 34	73 74	17 10	98 45	9 5	71 28	88 12	46 89	66 65	76 75	51 92	49 14	23 13	32 41	74 12	15 51	47 46	85 30	60 95	40 45	65 51	44 35	57 79	99 59	77 23	48 5	12 90	95 35	8 95	59 33	16 92	0 67	82 55	81 2	14 89	94 46	35 97	31 76	87 19	30 17	10 85	79 95	69 9	24 90	19 89	92 11	11 66	39 61	62 9	13 23	56 91	4 45	89 94	72 64	61 85	53 29	42 20	27 79	28 80	54 71	1 14	26 47	41 75	68 16	5 32	34 60	45 33	86 24	80 11	97 4	84 71	70 79	96 45	25 61	38 80
13 58	27 72	12 89	60 58	85 33	16 61	48 73	23 17	89 47	1 39	92 6	63 66	70 85	90 85	77 6	4 64	0 34	62 36	20 2	8 69	97 93	66 38	33 1	59 1	98 50	26 4	87 37	82 67	95 57	65 30	41 79	71 20	76 44	93 82	11 70	64 12	21 75	51 14	94 14	3 90	83 74	81 76	78 25	56 16	2 52	58 27	99 1	18 32	39 68	61 74	54 71	80 39	38 16	22 27	24 21	69 71	47 93	25 89	55 32	42 6	35 41	74 72	49 52	45 99	32 9	84 73	72 2	73 9	17 31	50 74	34 42	52 9	57 33	19 4	79 5	36 18	29 11	75 94	86 68	46 16	53 62	44 81	68 17	28 71	15 88	40 43	30 69	5 93	67 8	37 98	7 69	96 80	9 68	31 9	91 14	43 34	6 84	14 30	88 63	10 89
92 20	24 60	7 39	53 79	52 79	39 44	27 97	41 12	22 32	55 79	58 25	71 63	3 1	5 82	51 78	59 29	77 32	99 25	50 21	11 44	47 70	90 2	18 73	95 45	6 56	37 78	23 12	12 59	14 55	38 66	88 79	81 54	48 98	45 21	63 51	96 83	10 90	2 50	78 12	79 3	42 49	72 72	98 96	33 99	86 79	61 13	85 42	28 42	73 91	94 27	25 23	4 43	20 40	97 36	40 34	17 2	56 85	35 44	54 4	36 87	19 33	82 53	16 31	70 89	87 88	89 78	76 68	62 68	65 26	21 7	46 52	75 39	91 37	60 65	57 83	43 78	30 20	68 28	26 30	15 29	31 55	29 93	8 66	69 72	1 26	83 5	80 99	74 89	64 65	84 17	13 40	9 54	44 31	34 19	93 42	0 34	66 80	67 1	32 78	49 25
73 48	21 39	19 52	94 94	6 60	5 4	83 1	22 50	75 38	60 65	29 56	66 67	89 25	12 50	56 13	63 20	50 5	53 55	34 6	17 90	42 1	51 29	78 59	10 36	45 95	32 27	87 53	20 79	52 48	31 48	24 83	84 28	59 95	13 27	65 47	95 40	70 51	9 89	55 41	77 23	99 48	11 32	39 92	37 32	81 7	47 67	7 36	0 65	14 64	85 12	8 25	80 55	2 60	41 46	28 44	68 60	88 23	86 86	97 76	38 97	27 5	48 87	96 99	44 29	26 54	40 83	69 99	4 16	25 44	43 47	46 74	74 16	93 66	61 34	64 45	67 80	54 9	16 98	79 98	33 90	18 79	49 2	35 64	1 24	92 91	3 62	62 99	36 15	98 74	72 70	15 84	82 99	71 42	90 78	30 17	76 20	91 9	58 68	57 56	23 52
70 4	49 98	76 3	35 21	83 39	3 39	94 72	37 49	28 51	92 12	84 16	25 82	10 13	9 89	20 35	22 83	58 40	89 76	24 23	32 27	14 81	54 23	0 69	50 33	27 41	31 32	19 13	29 81	72 71	66 58	79 73	75 89	77 75	95 68	11 8	44 90	42 86	2 47	56 38	93 8	48 88	23 11	15 63	64 93	71 49	34 12	96 34	91 88	87 30	47 34	80 73	73 52	53 22	98 61	69 24	36 26	81 2	12 74	4 17	74 30	82 20	85 96	88 81	30 61	61 98	39 20	90 86	55 59	97 99	59 13	60 8	18 9	17 82	68 46	21 62	6 71	5 43	78 96	51 62	43 33	99 3	8 40	7 74	46 48	40 59	1 48	33 35	52 61	67 85	57 70	65 14	62 80	16 24	13 94	26 47	41 30	86 9	45 19	63 81	38 27
21 95	17 95	11 88	13 97	86 22	20 67	51 56	76 94	81 17	68 52	38 49	67 56	74 85	93 15	28 67	69 12	73 45	97 9	84 86	60 99	87 59	46 5	53 44	31 20	30 66	6 97	80 16	50 13	65 73	64 37	88 76	27 30	85 54	70 39	15 81	32 28	47 90	89 10	35 93	72 56	7 22	62 16	10 19	19 75	33 67	54 53	14 12	41 32	59 33	78 36	12 82	36 22	24 93	83 56	3 44	77 58	18 48	95 96	0 29	52 20	75 10	82 37	49 44	23 76	43 37	44 97	2 51	90 1	39 47	79 66	25 56	16 4	55 5	66 59	34 49	40 5	91 92	42 35	96 29	99 22	8 2	98 98	48 51	63 67	71 19	58 16	29 30	5 49	45 9	92 53	22 84	57 85	26 20	4 8	56 61	1 93	61 65	94 11	9 41	37 41
75 23	74 64	96 5	91 87	79 82	8 9	52 85	46 3	81 33	22 19	28 72	82 24	37 38	20 89	34 26	9 84	23 69	76 54	90 60	49 95	39 22	41 4	42 72	85 27	95 72	57 25	98 68	58 90	56 19	54 9	40 86	14 5	73 79	92 15	45 88	3 21	66 2	87 61	88 63	35 93	62 22	5 90	31 50	16 97	47 9	80 67	51 49	2 55	15 71	67 15	50 81	61 33	4 67	93 22	65 30	6 41	7 52	86 93	97 93	48 40	60 4	59 28	43 59	26 26	38 36	89 18	69 85	68 97	53 91	84 73	17 76	13 82	18 95	27 17	44 79	11 37	29 51	78 38	21 62	10 14	77 3	0 91	72 46	24 13	55 62	19 56	94 18	83 89	1 42	64 55	30 57	63 59	32 95	33 59	25 77	71 66	99 38	12 52	36 12	70 57
94 40	84 97	81 23	73 41	3 53	0 36	42 7	62 19	41 70	46 6	9 84	1 43	21 31	30 18	44 30	57 4	15 39	78 86	93 60	6 9	10 30	38 33	90 78	59 42	99 5	67 57	24 9	8 25	58 47	35 4	26 26	91 47	55 26	27 2	51 6	19 62	2 60	20 14	40 39	5 19	98 97	54 49	86 31	39 30	69 75	87 26	52 77	4 22	7 32	45 44	32 79	56 83	29 10	95 85	14 34	70 45	66 2	49 61	25 4	96 52	75 34	50 99	68 8	43 34	97 78	64 52	17 99	37 73	23 41	71 63	53 29	76 98	65 99	22 32	61 73	60 13	13 32	74 27	36 42	92 53	48 4	80 40	88 78	28 5	16 3	12 17	34 70	72 45	77 71	79 18	89 68	83 3	47 80	33 16	63 12	82 87	18 24	31 25	85 73	11 15
27 82	55 27	6 71	40 2	42 75	70 50	90 9	73 91	34 25	35 79	65 96	96 41	12 9	67 59	8 76	82 36	54 30	18 17	97 95	2 55	50 21	74 55	78 13	76 34	17 69	14 94	11 1	41 8	63 19	16 86	88 99	32 37	37 54	24 10	95 4	19 49	5 7	66 2	23 7	62 47	47 45	81 65	45 13	25 6	20 94	92 11	72 26	75 30	33 90	13 81	80 68	79 47	29 95	98 13	99 25	69 53	15 7	1 86	46 98	21 75	52 83	26 12	85 72	59 75	48 85	44 74	60 86	31 60	57 61	4 47	3 88	56 80	91 20	64 26	28 65	89 86	10 85	49 8	86 49	68 92	38 29	43 51	77 26	83 35	53 15	61 79	58 54	71 75	51 82	39 83	84 24	87 99	7 2	93 66	94 38	30 52	0 12	36 6	22 42	9 28
29 59	83 19	57 75	33 34	70 23	18 15	35 67	58 95	82 31	9 13	95 81	42 5	98 13	6 26	5 27	25 99	91 48	89 45	40 94	92 91	43 2	15 7	60 1	53 47	13 59	30 24	3 97	50 59	0 85	28 89	49 98	74 30	12 68	39 47	56 18	64 70	22 3	65 38	19 83	36 90	99 65	8 86	62 12	80 78	2 79	84 88	31 3	59 27	7 23	4 32	51 65	88 71	93 67	68 25	63 13	23 34	37 18	27 3	79 23	76 33	85 62	96 89	55 67	26 54	34 76	81 54	44 12	47 33	61 41	46 26	66 42	75 73	1 8	78 47	48 75	73 97	17 37	90 62	14 27	52 86	67 69	77 58	38 51	69 4	86 10	21 53	16 21	11 40	20 92	94 44	87 25	97 3	71 73	24 23	54 81	32 32	10 68	45 93	41 92	72 79
23 90	92 89	90 90	93 21	74 75	80 67	88 93	1 7	12 80	3 20	22 43	48 58	2 21	5 80	97 28	45 62	15 54	8 51	98 95	4 34	21 30	68 26	37 53	55 9	24 97	91 91	67 29	89 37	81 73	44 12	32 70	75 76	82 55	36 85	76 60	51 1	65 51	17 75	99 65	49 69	16 64	43 12	40 92	70 54	18 69	59 56	38 95	6 36	25 44	13 96	31 55	84 9	35 94	58 96	57 30	20 18	71 10	19 44	78 33	41 94	27 31	96 93	29 12	86 2	60 90	52 28	63 93	28 61	85 92	39 96	79 38	62 21	77 24	83 27	0 17	11 50	9 40	54 55	56 71	47 50	50 1	73 97	34 99	14 76	33 54	53 87	66 11	64 9	94 8	42 71	69 91	95 62	26 22	10 90	87 96	46 77	72 56	30 82	7 51	61 6
95 65	9 19	21 87	26 79	23 45	24 95	39 23	55 56	86 36	59 96	42 86	65 33	94 50	63 88	57 91	16 24	91 6	51 79	48 89	50 51	99 50	17 17	60 63	20 19	10 26	83 34	11 14	53 33	84 75	3 27	80 32	49 93	43 1	45 74	52 31	18 20	82 52	90 13	56 74	19 64	35 87	30 77	29 37	44 5	15 6	85 4	12 83	5 24	87 28	62 29	92 76	1 90	41 16	14 73	77 22	96 21	33 42	61 57	2 54	46 29	8 60	76 99	75 54	67 91	79 31	64 61	97 60	78 52	36 41	40 81	38 99	58 53	73 25	28 91	88 67	54 28	22 64	98 78	72 48	37 20	74 62	69 4	32 67	89 78	70 71	93 42	47 40	4 75	13 99	0 82	7 43	31 43	71 82	66 16	25 36	27 77	6 40	68 40	34 93	81 21
75 15	68 54	4 30	97 1	10 93	70 48	3 86	52 1	21 84	92 7	54 26	31 3	73 86	86 85	8 91	71 77	93 40	1 91	41 18	51 63	81 59	87 48	22 65	66 46	32 30	18 82	94 53	2 22	40 90	12 72	6 69	19 93	64 23	60 62	90 52	48 93	84 96	91 58	9 55	57 64	36 30	77 51	63 92	0 13	14 7	38 85	89 27	49 94	80 82	29 58	17 78	5 94	79 8	65 7	82 51	74 65	99 10	30 62	42 83	35 35	25 58	37 1	69 99	7 42	26 9	13 32	62 21	96 96	28 32	50 82	20 30	27 70	67 10	39 61	53 81	98 38	47 99	34 78	24 90	61 12	78 81	45 25	58 89	44 86	72 58	43 63	46 76	55 79	76 42	85 22	88 13	59 29	33 23	23 53	15 78	56 72	95 60	11 70	83 87	16 25
51 3	96 49	33 6	58 70	17 2	69 83	56 24	28 2	4 94	63 62	24 91	54 80	90 12	36 39	23 64	78 86	95 29	62 15	89 12	25 15	22 59	98 28	9 42	70 46	73 98	59 64	12 78	37 92	67 34	7 30	50 86	6 9	52 25	39 95	91 75	16 59	42 61	87 30	46 48	93 9	43 84	48 55	53 96	65 67	8 63	40 25	61 65	74 4	86 75	72 22	2 1	15 80	41 82	84 45	85 63	76 25	30 42	80 80	88 71	10 70	64 80	20 42	99 81	26 13	77 27	29 11	19 86	11 74	57 44	47 41	1 32	97 24	92 92	68 61	45 98	35 73	55 63	34 57	81 97	60 46	38 91	31 51	14 42	83 73	13 57	75 18	18 96	27 64	5 97	94 47	49 45	79 36	44 11	66 73	3 58	0 14	82 12	21 74	32 55	71 89
0 16	43 12	15 99	57 71	18 16	14 80	98 7	42 4	21 40	55 49	93 85	45 64	13 17	84 5	16 75	86 48	22 26	48 88	59 54	4 34	29 76	85 96	91 5	62 14	8 75	37 15	47 8	31 33	92 27	73 87	99 25	76 90	5 68	65 70	39 34	97 19	75 55	30 91	19 38	90 11	94 82	89 92	33 14	17 89	10 60	80 42	35 64	3 43	77 84	7 53	50 46	52 91	61 39	78 4	79 14	12 51	1 95	53 5	9 48	25 11	38 30	58 67	81 90	66 66	82 91	27 7	56 27	24 99	96 29	49 87	60 25	88 66	67 60	32 47	71 27	34 74	41 57	87 46	64 78	20 76	11 97	54 51	28 45	69 93	26 79	83 13	63 84	36 3	68 98	74 51	46 37	95 25	70 1	51 15	6 42	40 7	2 1	44 25	23 33	72 24
88 17	19 17	72 27	53 91	66 42	87 6	7 24	38 32	26 93	63 99	43 19	44 88	12 23	78 36	51 56	56 66	9 88	13 40	21 32	92 93	93 66	11 49	33 1	69 29	15 52	45 4	37 26	46 80	67 57	48 31	65 14	82 80	14 28	25 94	24 42	10 74	54 59	59 85	61 43	79 9	89 15	20 2	16 11	0 67	40 20	3 95	86 27	17 40	52 43	42 89	6 26	2 4	83 8	22 46	55 79	77 44	28 82	81 95	84 17	64 16	96 69	29 67	85 2	80 57	68 79	49 84	57 66	91 90	39 65	41 76	58 45	5 58	8 25	73 46	4 61	97 3	31 79	62 4	95 1	35 40	50 33	1 21	98 79	18 84	94 97	23 24	60 1	90 59	76 70	70 20	34 21	71 13	27 97	99 82	36 14	74 43	32 94	75 83	47 59	30 78
86 80	1 77	30 81	50 18	52 88	61 15	4 35	90 31	64 80	17 24	72 2	5 10	91 63	16 19	12 47	23 50	77 2	25 86	44 29	58 61	42 22	93 32	78 92	76 20	39 13	62 20	56 72	71 82	46 91	70 20	32 20	60 90	79 86	18 69	85 69	13 64	84 51	33 38	74 52	15 15	36 14	97 82	8 61	69 44	49 42	57 68	41 13	75 58	80 80	19 80	10 75	82 46	94 41	96 96	20 27	40 54	98 61	22 82	87 43	92 5	51 57	54 8	89 5	7 41	21 71	48 59	43 77	66 34	3 24	14 64	67 43	95 65	28 2	2 2	29 73	35 65	73 27	83 1	45 33	53 31	37 80	24 18	47 20	68 41	63 84	38 41	88 46	9 17	34 50	55 26	99 96	11 58	26 80	81 95	6 37	27 46	0 65	65 35	59 34	31 88
21 82	35 30	49 67	74 5	70 93	91 34	25 87	48 86	37 76	78 31	93 18	18 76	56 59	34 7	40 40	39 18	75 75	55 86	20 11	43 14	1 90	98 2	66 1	6 15	23 22	30 50	64 88	0 18	96 91	83 50	42 99	57 85	29 95	63 39	97 33	72 64	62 9	28 47	80 4	88 47	32 94	73 90	85 67	8 52	76 69	65 35	61 16	14 52	7 57	95 33	47 93	54 61	69 3	84 66	15 50	11 26	31 8	27 14	86 39	53 98	3 75	41 13	4 55	94 73	5 17	9 81	81 62	99 11	58 87	22 62	38 46	89 83	82 32	19 30	2 14	50 63	60 48	51 45	92 87	12 14	68 56	26 69	17 16	79 21	77 97	24 56	36 94	45 71	13 94	71 4	46 55	67 37	59 62	10 29	33 24	90 91	87 13	52 81	44 56	16 43
49 89	16 82	57 33	75 81	73 7	55 26	89 66	88 61	51 91	77 14	40 17	59 35	35 45	15 36	43 70	10 3	42 94	24 70	72 59	52 90	13 3	28 82	46 76	65 20	30 84	78 91	91 38	18 44	7 67	47 33	3 94	86 30	32 44	60 20	69 15	79 49	62 90	48 38	92 13	76 76	74 93	64 1	34 59	70 21	8 61	71 52	11 62	84 74	99 23	45 12	20 35	33 22	12 3	29 46	81 96	38 75	82 81	9 63	50 22	26 69	0 70	93 39	17 79	95 70	96 47	31 84	58 72	5 65	66 70	44 52	56 99	54 80	37 16	22 32	87 67	85 63	97 69	68 24	14 23	21 83	53 73	63 4	98 80	83 10	39 73	61 9	41 10	67 7	2 16	23 56	94 70	4 6	90 34	6 11	27 6	1 11	19 21	25 89	36 32	80 18
6 2	41 5	63 15	15 64	20 40	39 58	77 19	34 58	40 93	48 21	46 57	62 52	60 83	88 18	72 49	18 53	23 89	10 87	11 19	82 39	5 55	42 52	85 24	94 8	61 1	25 64	76 65	27 30	3 31	16 93	54 75	38 30	64 42	95 22	96 18	14 58	33 92	69 84	84 68	22 77	29 35	13 47	74 9	92 28	12 67	56 86	93 56	36 45	19 1	44 5	90 86	43 43	32 3	1 70	49 88	30 90	99 94	89 36	67 41	58 1	68 1	35 90	57 54	24 6	91 19	17 45	37 26	73 56	45 86	78 90	98 28	53 32	71 79	52 18	21 43	9 23	66 71	47 38	0 84	31 74	59 58	65 73	70 81	75 11	50 68	80 34	79 59	83 77	8 62	7 26	81 47	2 6	55 36	97 56	51 90	28 20	86 73	87 13	26 84	4 25
82 42	50 54	25 17	97 90	48 68	47 20	88 32	5 73	49 72	13 29	6 52	16 90	12 14	77 74	39 92	61 21	2 32	28 77	62 12	95 50	63 59	87 54	1 39	74 20	68 97	45 98	14 94	67 80	51 3	38 40	90 61	57 79	36 48	37 71	75 8	94 58	69 60	64 73	72 64	70 32	23 55	29 10	65 70	86 32	8 33	24 71	22 48	30 58	43 40	9 50	7 81	19 28	66 85	4 69	71 54	91 56	84 16	78 75	73 61	33 45	21 12	60 90	26 55	40 75	34 75	79 69	58 44	83 78	41 18	46 27	20 62	98 61	11 7	85 53	42 67	92 83	52 47	53 13	76 13	10 94	3 3	93 46	56 84	27 92	80 41	17 21	32 45	31 97	44 81	99 10	59 47	0 49	81 26	18 4	54 54	55 13	35 66	89 14	96 87	15 48
75 15	35 22	65 45	49 53	91 75	1 77	28 40	51 92	55 60	64 93	83 34	34 68	94 78	25 75	12 45	84 30	86 62	58 9	7 82	0 10	73 10	69 39	39 85	44 8	40 57	33 15	21 54	78 43	85 55	8 52	37 60	29 8	47 8	81 54	5 11	36 83	43 31	95 82	23 66	14 52	90 70	88 45	76 90	45 88	41 53	63 33	3 66	87 57	97 56	6 73	4 27	19 97	62 27	17 56	82 99	79 50	60 82	61 83	9 9	74 41	93 48	32 36	71 31	15 37	46 76	54 21	68 31	42 53	38 9	59 57	2 24	48 11	92 85	20 22	98 4	77 93	13 24	24 45	80 38	99 31	56 81	72 50	57 77	26 6	66 47	11 54	53 43	22 31	31 24	89 19	30 81	52 93	18 24	27 37	70 48	16 28	10 54	96 98	50 83	67 75
80 95	17 66	55 46	27 40	61 99	47 84	66 90	75 87	5 92	0 4	28 22	96 17	69 65	21 9	54 22	22 11	6 18	82 14	79 13	67 41	62 22	68 57	19 60	35 39	44 50	32 50	99 35	3 87	11 28	48 93	36 5	4 41	50 84	92 26	51 34	56 18	90 63	91 24	70 98	8 96	37 73	38 62	10 65	85 4	76 13	30 18	18 51	13 33	65 93	7 89	81 46	58 46	16 94	59 77	83 82	86 85	25 72	2 90	15 32	41 41	33 39	94 54	52 29	34 84	40 58	87 1	23 26	9 70	88 21	43 29	78 93	72 40	84 87	45 86	57 95	74 4	29 15	89 98	14 84	20 81	24 41	1 2	98 56	39 31	95 60	49 6	31 2	60 99	26 4	53 29	97 21	71 29	64 35	46 93	42 57	12 48	63 48	93 4	73 63	77 31
67 83	12 92	81 72	48 69	82 30	19 9	84 58	74 37	57 41	52 53	50 60	43 58	20 69	7 78	62 15	30 40	70 68	16 2	2 80	28 17	77 88	4 1	98 65	42 69	5 51	58 3	90 18	92 74	45 38	46 22	99 46	53 27	3 39	23 23	13 57	49 98	65 68	31 4	35 51	0 27	8 19	87 72	10 15	89 41	1 49	91 48	27 36	63 1	95 70	32 65	73 2	54 73	29 64	85 42	24 66	25 57	96 93	47 57	60 35	44 3	75 48	26 17	97 7	14 67	56 67	68 64	72 39	38 7	22 24	86 60	83 71	59 78	79 40	93 42	88 56	37 74	69 84	41 97	61 99	55 45	33 57	94 42	71 24	39 67	80 36	51 5	36 7	6 87	11 16	21 72	78 21	40 22	34 58	64 53	9 55	15 29	18 9	66 71	17 19	76 16
8 81	58 80	37 6	12 57	52 19	97 77	16 88	27 75	80 11	71 13	32 84	1 62	53 91	41 3	38 78	75 77	56 4	85 94	99 62	94 46	49 92	36 70	96 67	26 52	5 55	42 52	61 72	2 36	20 51	28 60	59 49	70 31	31 95	39 22	40 50	86 47	6 66	44 91	51 27	64 73	91 48	30 95	81 75	83 83	17 8	55 78	78 66	23 82	46 4	84 6	43 39	76 57	22 33	93 79	66 51	9 29	48 20	29 30	92 17	24 92	10 27	67 16	45 67	47 86	72 12	68 71	82 27	77 33	90 64	60 93	0 28	73 38	21 72	25 72	50 3	88 14	89 54	35 15	4 72	18 83	14 78	7 49	33 88	95 96	63 54	13 28	54 84	34 47	57 13	69 11	87 39	98 64	19 73	79 45	3 77	74 6	11 44	15 99	65 5	62 28
96 6	20 50	58 92	68 75	60 61	74 93	77 78	94 56	26 91	49 77	47 80	41 84	67 41	48 65	33 27	87 88	21 23	52 24	3 40	44 52	56 82	82 96	69 67	66 3	84 37	6 20	34 41	76 81	13 33	37 93	88 53	40 86	28 99	5 31	51 36	63 36	4 78	9 44	62 38	15 80	11 77	89 62	70 87	59 98	18 66	25 77	17 8	31 9	43 23	61 90	64 48	92 7	29 16	32 14	50 91	85 63	16 54	1 36	12 39	54 78	57 53	35 8	38 48	55 32	22 91	2 14	86 60	95 99	72 26	78 30	19 54	27 39	99 94	90 57	73 47	24 57	83 46	46 44	65 81	80 34	0 46	75 15	14 73	93 63	39 47	36 34	53 50	10 12	98 10	45 79	81 99	71 49	8 53	30 46	97 97	23 83	91 61	79 31	42 80	7 17
31 70	74 8	99 83	39 37	29 15	45 31	88 97	57 21	93 75	79 92	26 15	65 7	28 99	55 20	46 52	89 80	92 93	2 39	81 86	20 86	60 48	7 39	67 43	64 79	19 22	11 19	44 21	98 84	36 43	78 52	14 47	8 74	42 62	94 93	35 5	40 16	70 77	43 7	41 53	3 29	66 73	25 53	76 72	12 8	5 65	18 95	62 27	33 83	58 95	96 11	52 51	49 66	32 95	71 41	82 56	16 97	90 53	50 26	48 64	9 21	97 35	10 7	84 16	1 3	54 55	27 82	68 10	59 41	13 59	77 34	38 15	24 64	86 50	87 28	23 72	47 35	22 56	95 73	21 86	61 86	15 22	37 60	75 38	53 54	80 30	91 71	56 73	73 73	4 6	83 9	30 27	0 28	34 78	6 44	63 51	85 56	72 45	51 76	17 36	69 27
6 72	81 40	46 93	9 61	28 78	61 84	10 78	13 94	63 33	56 84	32 56	93 3	79 71	91 92	94 66	34 51	64 56	88 97	43 9	62 94	27 97	47 31	8 95	40 40	26 70	19 64	41 93	21 60	89 55	3 34	37 49	16 3	83 88	76 56	72 85	84 46	35 52	90 55	54 79	78 13	57 16	68 97	55 19	97 32	42 65	11 39	49 17	0 74	15 29	59 57	95 63	44 85	20 78	1 72	30 29	48 92	52 77	5 56	74 63	98 9	4 56	29 25	58 6	96 92	45 8	25 45	38 87	51 83	36 29	75 11	99 17	70 86	33 70	50 33	77 32	92 1	39 29	87 3	86 29	69 71	24 71	82 64	17 93	12 86	7 73	66 33	71 27	73 58	80 5	23 6	31 64	22 54	14 58	67 26	65 87	60 20	2 33	85 94	18 41	53 45
8 72	88 42	47 87	56 96	84 26	95 89	83 12	92 47	42 41	46 96	26 62	66 63	58 58	4 26	55 8	53 96	77 5	59 11	14 84	35 85	48 2	39 55	9 51	11 53	71 80	63 40	2 87	87 76	94 66	52 13	36 45	78 94	85 76	28 36	91 97	37 50	72 65	22 40	3 79	69 32	34 54	45 79	20 29	70 74	33 68	1 65	25 69	49 24	80 1	73 62	62 58	98 31	50 78	51 63	7 18	12 91	41 33	57 63	30 90	64 94	61 68	31 39	54 89	76 18	65 30	67 52	60 74	13 17	38 63	79 10	19 81	86 79	68 33	93 13	15 30	43 58	96 37	0 1	97 54	5 24	27 53	81 43	74 27	89 3	23 86	75 67	40 31	21 98	6 54	17 95	90 91	24 54	29 48	16 98	44 92	32 21	10 61	82 43	18 58	99 3
24 1	5 29	20 32	78 79	48 66	11 69	90 51	12 11	62 53	32 63	23 67	56 41	30 54	89 90	99 57	41 66	10 8	88 56	21 62	68 54	18 62	84 28	60 38	37 31	44 60	29 64	36 87	74 79	54 49	64 36	70 35	75 46	51 18	52 16	73 81	97 64	22 73	58 21	94 52	33 55	31 8	55 26	14 16	93 36	26 72	83 87	57 73	82 25	4 85	53 50	8 24	34 87	45 99	13 60	46 69	42 30	27 2	72 61	25 55	95 66	40 59	1 78	0 76	85 80	66 97	9 8	3 14	28 90	77 6	92 22	67 74	2 78	17 28	65 66	86 30	59 17	79 16	69 63	35 97	63 39	87 27	7 24	76 80	71 87	19 75	91 26	38 16	98 75	47 49	96 95	39 27	61 43	6 95	80 28	81 73	43 61	49 27	15 94	50 81	16 96
27 71	53 97	64 66	8 56	81 63	70 88	52 72	16 98	74 26	69 55	4 16	62 39	57 33	75 68	72 44	80 43	31 36	0 46	35 24	93 15	18 60	26 88	82 48	34 16	10 44	58 22	7 78	6 4	68 69	84 76	20 71	89 82	32 66	90 78	28 29	47 13	66 20	37 44	1 81	97 87	61 15	24 2	48 13	78 81	59 53	79 42	36 18	55 4	49 26	95 49	67 90	2 78	9 69	94 27	29 62	51 76	14 90	50 40	92 20	30 56	12 90	46 93	60 83	77 45	40 26	25 60	3 23	5 29	19 46	87 44	99 53	65 71	13 84	33 74	43 96	91 70	88 96	15 28	38 92	96 66	23 83	41 30	85 55	45 59	98 62	21 46	44 72	11 71	86 55	71 2	17 39	63 83	76 12	83 38	56 56	22 80	39 36	54 2	42 70	73 28
92 57	79 69	33 41	81 84	40 25	32 43	86 80	37 94	63 57	95 50	6 14	59 78	56 42	28 68	29 3	2 37	23 99	17 56	91 31	68 23	94 17	15 75	89 55	78 85	48 62	50 36	77 64	14 9	57 22	70 81	34 20	4 69	12 82	44 70	16 96	25 69	24 3	55 67	66 53	82 92	71 68	8 11	98 54	83 51	72 44	97 52	26 3	1 39	30 20	73 75	58 65	39 43	67 78	80 3	11 92	7 68	53 39	75 33	65 19	21 5	19 64	62 87	31 67	41 5	22 40	90 36	43 61	87 69	96 97	10 15	52 11	47 2	3 42	69 15	36 13	51 12	5 91	99 32	85 90	61 92	45 70	60 52	49 8	64 94	20 8	93 80	88 91	35 24	74 7	18 98	0 54	42 23	76 73	9 59	46 16	84 40	38 76	13 10	27 73	54 23
79 25	87 88	67 23	4 64	51 52	84 5	10 60	41 25	11 19	25 37	14 28	76 61	58 32	48 72	65 81	59 9	56 19	32 38	88 62	78 69	73 94	18 13	33 12	72 89	27 99	98 97	30 82	44 1	60 28	43 9	61 34	23 94	90 60	2 6	7 88	24 80	21 54	81 56	50 63	34 16	77 84	19 51	68 50	0 45	22 79	35 33	31 17	49 62	97 87	71 94	57 18	20 67	62 97	89 39	36 43	54 40	74 19	9 3	47 42	75 83	55 4	12 22	38 45	13 76	82 88	85 71	5 96	92 6	28 97	39 55	52 24	69 44	83 60	80 91	66 54	40 97	42 93	63 87	93 72	91 56	94 49	86 25	6 68	99 32	96 61	45 27	8 22	17 90	46 55	64 27	15 59	53 27	37 77	3 74	29 23	1 82	26 64	70 36	16 54	95 28
29 72	45 41	33 68	69 13	3 94	67 55	54 90	64 39	72 85	12 75	22 21	10 51	44 65	70 33	89 3	4 85	46 55	9 75	98 55	27 6	37 24	80 16	87 14	86 9	85 71	25 72	62 52	76 81	0 96	1 49	48 47	56 39	35 67	68 25	14 58	40 20	28 58	23 88	53 4	32 12	19 35	26 88	77 3	38 1	60 58	15 86	57 49	20 11	6 54	96 88	16 78	36 51	17 15	66 16	21 80	74 44	41 34	88 6	11 24	5 92	13 90	43 94	75 66	39 96	30 4	73 81	50 30	93 17	55 6	83 62	99 13	81 17	24 47	51 12	52 19	49 40	95 70	18 21	7 15	61 68	8 55	58 75	84 45	71 94	97 2	63 38	78 21	65 53	79 36	59 10	34 84	94 29	31 88	92 33	82 93	90 48	91 45	47 85	2 34	42 19
10 40	35 47	9 10	69 54	7 30	75 4	24 98	51 17	60 59	92 21	86 40	25 44	18 77	41 2	37 30	58 23	33 19	88 24	72 91	65 4	89 73	43 23	4 45	56 73	80 11	11 3	61 27	97 94	59 42	90 87	82 50	50 30	22 25	91 72	0 61	39 4	79 61	96 87	66 92	47 11	31 34	1 46	99 34	36 45	13 88	23 40	83 27	74 16	12 95	17 7	93 85	95 43	68 86	14 20	81 54	8 33	40 49	15 15	19 77	73 35	5 69	42 62	57 74	26 83	62 74	45 56	84 64	46 21	48 14	94 83	32 71	54 17	38 64	78 74	49 89	6 81	70 73	52 72	44 15	85 13	3 25	77 48	2 99	63 23	71 88	87 81	53 97	29 85	16 60	55 14	67 11	64 17	30 33	98 63	76 59	21 2	27 90	28 44	20 29	34 3
41 30	8 32	10 84	34 55	87 66	33 11	66 48	90 63	61 85	54 97	50 39	86 67	70 63	17 94	73 2	57 56	78 3	71 95	9 62	27 34	89 65	97 18	80 25	21 87	2 38	29 25	79 60	39 92	58 83	6 4	72 72	3 31	91 70	67 82	96 22	19 16	75 36	69 93	98 3	7 47	84 77	68 55	85 6	0 41	95 56	18 80	16 45	77 85	65 24	62 92	11 44	5 90	63 98	93 72	44 53	32 97	35 64	37 93	53 67	92 75	59 45	38 92	23 81	20 6	14 82	60 40	31 52	4 90	48 15	15 89	42 43	94 72	40 21	13 69	30 15	52 50	22 35	1 22	24 52	88 19	83 56	36 83	74 87	51 10	76 93	64 77	47 18	49 1	43 71	46 63	81 39	99 28	12 25	25 56	28 94	26 81	56 64	82 44	55 53	45 4
8 26	40 12	96 55	28 69	72 16	76 38	25 62	19 64	82 51	22 63	46 62	29 3	56 71	34 51	24 71	2 90	1 31	83 6	11 91	71 13	7 44	84 53	13 64	12 47	32 64	55 64	3 83	45 65	66 23	78 49	27 95	10 8	74 5	69 26	51 64	73 91	41 50	62 11	18 6	60 58	57 42	77 82	93 3	59 63	54 71	47 90	43 33	31 31	5 68	94 25	17 53	42 14	58 68	44 38	6 14	20 1	99 86	81 36	30 1	86 92	85 21	23 16	98 30	33 99	4 77	87 83	91 30	79 45	67 3	63 59	64 8	48 44	61 9	16 6	26 78	53 39	21 97	37 68	35 97	9 16	39 27	97 59	38 82	36 82	65 14	75 10	89 21	95 75	15 34	50 91	0 91	52 31	68 83	80 94	14 78	49 63	92 16	90 26	70 97	88 87
85 22	6 85	52 1	22 83	25 43	47 40	11 89	90 90	71 7	42 28	72 68	81 46	3 97	69 72	65 62	55 80	60 46	87 89	67 88	78 87	30 58	38 17	92 43	37 43	75 34	70 19	88 33	74 30	45 7	21 23	32 52	53 56	35 47	27 17	54 8	97 62	63 28	26 83	1 27	36 53	34 74	86 97	93 26	91 34	17 31	46 24	8 98	39 79	96 37	89 2	29 11	95 68	2 51	49 4	4 42	7 26	13 80	41 70	9 26	68 98	15 55	43 62	31 67	18 60	82 73	66 77	23 76	56 50	12 53	50 72	40 16	64 86	76 17	28 85	19 90	99 88	83 89	20 60	61 92	0 89	73 95	10 16	84 54	24 72	48 49	5 56	51 17	77 10	98 29	94 60	58 63	44 40	57 97	33 3	62 90	14 2	59 70	79 81	80 17	16 86
75 47	35 67	74 46	70 52	45 48	62 63	29 41	12 99	49 26	50 41	42 57	36 82	46 30	81 5	7 60	97 78	55 57	0 21	89 87	6 81	80 74	96 46	22 99	19 45	15 55	14 80	63 75	57 35	23 50	93 91	88 92	13 42	33 96	44 81	1 60	77 91	72 34	34 81	84 12	58 68	54 23	87 26	20 58	83 53	38 75	86 41	41 42	71 94	32 69	98 35	65 19	53 21	91 8	78 27	68 38	11 19	40 51	56 17	47 63	2 2	16 29	64 11	10 41	76 84	85 5	27 74	69 91	48 77	4 33	43 95	30 49	52 56	37 26	66 8	5 29	8 44	9 72	21 9	25 97	73 39	39 77	60 6	61 35	79 45	24 11	51 22	67 65	94 37	82 83	28 56	99 16	90 75	92 67	18 53	31 90	26 57	17 93	95 33	3 94	59 91
7 93	32 8	81 56	48 66	56 5	83 14	55 72	87 16	12 52	73 28	89 96	31 60	15 69	24 23	78 70	22 4	97 53	8 97	79 54	2 71	5 2	99 77	53 40	45 51	9 56	80 65	57 36	0 49	65 84	44 70	25 97	1 8	60 44	41 55	50 64	63 62	54 71	6 33	11 22	68 55	28 57	51 52	40 78	74 71	76 35	37 76	96 57	84 87	20 36	94 39	86 60	42 85	72 15	26 93	75 16	47 44	71 55	33 16	70 45	43 39	14 1	77 75	64 13	58 59	36 5	95 96	29 14	3 71	18 52	90 11	62 94	98 23	19 38	21 97	67 78	38 98	61 47	34 10	49 49	39 70	92 34	91 93	93 70	66 87	23 43	27 61	59 90	69 67	10 63	88 38	16 62	4 1	82 25	35 60	17 43	52 85	30 51	13 33	46 10	85 87
63 47	94 11	66 70	51 58	14 25	31 3	71 26	16 8	15 73	44 71	90 14	98 78	25 72	78 45	82 69	65 69	38 92	19 76	68 43	13 64	52 19	32 35	33 18	43 73	8 72	6 22	1 18	59 93	95 70	54 7	64 60	4 10	35 66	37 94	0 55	10 20	60 54	58 7	72 22	49 85	91 55	39 87	36 9	23 68	77 71	22 55	18 25	7 55	62 70	56 74	57 9	41 83	73 87	80 38	81 27	11 1	30 85	92 18	86 89	46 81	20 1	87 22	42 33	12 50	61 84	97 60	70 7	5 41	26 62	74 77	40 30	45 10	34 1	75 48	2 24	67 30	88 32	84 82	28 42	99 94	50 79	3 36	85 96	93 32	29 67	27 21	96 57	21 1	76 96	79 23	24 8	83 57	69 76	17 55	53 38	48 61	89 78	55 90	9 60	47 32
2 48	40 19	76 67	38 79	64 40	93 22	19 24	43 85	79 5	66 21	90 63	24 15	5 30	41 27	29 80	36 43	56 83	46 30	53 29	0 2	26 77	89 38	70 65	65 85	83 43	21 36	88 77	45 45	7 94	48 72	23 24	30 31	10 88	39 13	71 59	63 70	77 45	6 64	14 29	81 38	8 28	60 60	74 15	28 55	4 57	32 59	91 58	9 83	75 51	78 48	80 83	25 1	17 47	15 92	54 69	92 24	52 43	85 1	55 76	97 25	44 91	57 76	1 14	95 47	72 84	69 75	82 71	86 40	31 18	98 14	3 71	27 64	58 19	20 85	35 94	67 71	22 6	87 6	33 71	51 32	94 53	37 14	47 74	11 84	50 83	16 97	49 66	34 40	99 54	59 61	68 58	61 44	84 46	13 85	18 17	96 44	12 35	42 38	73 52	62 70
96 61	44 98	36 17	16 4	92 67	69 23	30 1	50 13	42 77	48 88	19 11	15 2	85 70	73 85	34 28	83 94	23 13	67 18	2 63	14 55	62 80	79 99	41 21	31 58	22 68	61 91	6 70	33 23	64 36	5 82	74 51	77 71	49 48	81 91	12 5	65 26	21 5	88 81	32 66	59 71	72 11	84 36	58 72	37 78	26 14	98 28	90 46	94 42	17 91	57 46	70 9	53 60	54 28	51 97	76 12	27 88	25 72	40 94	35 38	91 21	87 21	46 98	66 26	55 37	86 94	68 10	4 71	13 42	47 37	18 33	24 77	75 1	56 3	78 4	38 53	99 50	7 96	82 49	71 54	93 88	1 12	43 46	9 54	3 72	20 81	11 6	89 74	0 43	29 40	45 32	10 55	52 23	95 26	28 18	97 55	8 4	63 4	80 29	39 3	60 14
10 82	49 90	33 36	93 74	50 38	31 6	83 63	68 10	30 37	22 8	24 32	1 48	0 59	26 77	20 81	53 96	95 62	67 88	91 45	88 26	81 8	46 52	37 60	84 25	35 61	54 40	15 14	82 50	59 65	25 40	4 28	13 37	97 44	90 15	12 75	87 43	44 45	27 41	34 44	9 17	21 46	78 84	76 89	98 68	23 11	71 75	63 72	89 27	2 95	92 16	17 81	56 88	41 33	48 63	96 20	19 54	5 30	72 73	11 6	8 89	74 36	79 91	62 84	52 31	36 35	99 24	7 63	16 18	42 39	39 25	43 45	47 67	18 42	40 15	75 1	32 28	70 66	28 55	61 49	38 2	45 73	14 89	57 42	69 18	73 77	77 12	3 84	60 29	85 30	51 78	29 95	55 18	86 27	6 61	64 31	66 38	58 80	65 22	94 41	80 66
32 20	84 92	96 94	10 94	71 50	65 4	51 92	12 76	82 70	86 69	92 39	22 89	4 80	34 56	43 38	8 18	85 41	77 57	45 95	88 68	56 55	52 33	36 78	31 5	13 7	72 95	94 52	90 55	9 65	60 91	99 78	27 2	14 74	19 54	39 63	44 34	1 14	70 25	20 9	42 34	47 32	78 20	17 70	80 35	53 20	38 25	87 67	62 19	64 7	61 81	5 37	73 48	63 23	76 27	91 69	25 33	55 93	2 12	68 74	40 60	15 41	95 75	79 27	97 42	7 73	69 70	41 50	30 47	75 70	57 28	48 54	93 61	83 46	24 20	98 61	66 17	33 34	26 44	23 2	67 91	58 12	89 94	59 63	0 8	81 78	11 30	3 49	29 31	35 10	50 95	21 34	28 29	46 39	18 55	74 62	16 60	6 83	49 87	37 60	54 51
80 27	96 78	2 94	58 13	54 19	7 63	42 24	68 7	97 94	52 79	79 97	89 25	31 79	85 58	77 96	10 31	64 46	30 40	28 6	25 33	50 81	92 10	39 1	18 42	19 46	22 8	45 63	5 26	16 1	91 66	63 17	15 27	29 4	73 57	51 93	37 93	21 86	40 36	20 23	12 88	3 80	17 34	41 36	55 66	13 46	59 37	66 18	48 68	27 9	53 62	72 53	84 54	36 20	0 10	60 46	43 37	61 88	33 74	23 53	83 66	62 64	94 12	90 33	78 85	47 21	34 61	67 31	38 64	88 62	11 59	93 38	74 77	70 66	71 51	24 16	86 76	95 41	87 91	57 39	8 90	35 23	76 7	4 75	14 1	44 54	32 40	82 14	6 95	46 51	56 20	99 46	26 32	65 8	98 92	81 43	49 66	69 38	9 28	75 98	1 46
84 66	69 85	3 53	81 36	21 39	45 67	39 31	65 38	15 21	32 40	93 46	72 44	20 19	49 74	4 93	43 96	28 17	96 10	62 55	41 39	22 12	24 61	78 46	35 26	34 22	61 31	63 29	86 91	68 49	47 47	99 24	12 9	64 24	8 19	26 29	31 3	27 3	1 59	71 48	77 4	88 29	90 37	36 62	5 50	2 96	50 72	19 44	44 62	6 46	55 45	48 3	0 17	38 63	73 63	51 88	11 52	7 70	23 43	33 1	16 24	67 16	85 40	42 51	10 24	74 4	40 9	70 85	80 70	76 35	79 23	25 17	53 38	17 25	60 44	13 25	91 44	92 72	54 96	75 34	46 57	56 43	98 32	58 43	14 92	57 17	97 71	30 28	82 64	95 93	29 49	52 48	89 13	94 53	37 25	83 87	18 63	87 18	9 49	59 44	66 87
49 62	40 3	2 43	9 58	38 31	62 87	23 86	3 98	45 33	85 99	61 93	83 28	73 69	97 64	19 94	11 9	75 92	58 40	90 2	20 89	17 3	79 50	4 13	1 97	77 86	53 42	65 80	57 45	59 35	76 73	5 10	98 84	60 41	51 79	6 28	42 3	81 58	72 81	22 60	80 65	33 12	82 96	16 82	48 26	78 2	25 17	52 72	21 35	37 32	36 59	95 12	32 81	43 83	71 6	24 36	12 71	39 69	64 90	34 91	54 62	26 42	30 46	50 28	91 57	63 36	18 57	96 6	44 2	70 66	15 19	89 3	93 66	84 10	66 24	46 72	0 80	27 60	92 29	69 12	31 62	99 84	14 89	10 63	13 62	8 82	7 75	88 78	87 19	55 34	74 55	68 33	56 2	35 10	67 63	94 36	86 93	47 90	41 54	29 15	28 27
56 27	41 34	14 93	49 43	25 79	54 62	99 39	64 24	37 3	98 6	21 44	71 61	78 40	30 46	20 20	39 52	66 97	77 64	48 85	95 53	58 4	13 61	3 43	79 20	11 37	44 70	65 14	88 60	69 75	45 57	47 34	1 4	35 23	84 17	50 6	96 31	7 31	60 46	16 50	51 36	12 72	0 91	67 60	32 91	23 74	31 79	81 72	46 62	62 89	53 63	82 69	57 65	34 47	18 42	80 58	27 86	55 64	74 58	15 81	8 95	68 27	87 56	40 42	86 57	36 91	93 91	63 57	90 39	29 52	83 60	10 97	6 50	19 52	24 50	73 69	70 4	5 29	9 45	97 53	2 79	94 65	28 96	38 6	92 61	26 28	33 23	85 51	4 37	61 1	72 37	91 27	52 74	43 68	59 53	75 20	22 5	76 39	89 69	17 86	42 22
2 54	27 69	91 34	90 7	61 7	67 96	59 95	77 50	80 37	51 72	62 87	76 70	25 77	18 12	75 67	60 60	0 78	89 43	46 46	50 1	54 66	21 89	42 65	63 39	23 78	30 8	38 32	86 92	65 79	36 45	43 88	52 37	94 77	19 56	39 43	97 68	1 99	78 95	47 98	73 46	96 16	69 49	26 79	83 70	6 97	34 68	37 1	10 93	7 81	44 72	81 71	15 88	57 17	20 99	5 66	9 3	35 84	40 96	49 83	84 64	11 72	58 27	55 52	4 74	85 43	87 64	95 20	45 65	64 89	22 58	13 36	53 67	31 27	56 43	71 26	93 50	74 19	8 40	17 37	16 33	29 11	66 72	24 28	32 48	41 3	79 97	72 18	70 31	48 77	3 70	33 83	68 57	82 92	28 67	12 52	99 7	98 73	92 62	14 32	88 50
90 8	86 74	81 8	13 78	51 91	18 71	99 78	65 18	45 25	19 36	35 62	46 31	16 90	98 27	48 9	53 86	5 49	74 26	11 65	72 69	80 97	37 68	27 80	7 8	12 59	25 99	92 66	31 3	67 3	54 28	76 27	0 83	43 7	2 75	36 34	29 67	79 6	96 38	28 10	59 84	17 31	85 78	15 61	14 74	61 17	8 97	39 8	63 20	52 97	89 98	78 76	21 40	57 8	40 85	4 3	82 43	70 61	44 62	83 15	23 50	30 67	62 95	93 47	34 41	32 28	66 48	71 13	97 80	50 60	56 23	68 77	24 67	91 61	20 58	41 27	33 59	55 68	47 89	69 20	42 40	9 43	60 53	3 95	87 49	49 16	26 16	95 17	64 84	10 2	58 20	73 9	6 34	94 71	22 57	75 88	77 93	88 93	1 75	38 23	84 54
98 21	69 17	49 74	77 66	95 80	72 85	33 20	45 20	51 12	3 74	73 78	88 76	99 66	59 65	41 72	43 61	24 67	30 99	61 58	4 13	65 95	70 76	62 64	55 14	67 74	90 98	68 58	10 5	46 7	31 81	18 39	54 77	84 96	83 2	94 55	27 60	76 37	47 60	74 21	15 59	36 47	17 63	89 48	56 71	35 67	13 79	32 51	82 54	71 52	26 65	5 34	28 75	23 98	7 20	34 66	44 74	92 94	39 59	11 82	12 42	16 87	37 49	57 79	66 88	91 70	75 86	29 24	96 58	40 92	78 36	52 96	50 19	79 82	53 81	85 22	64 17	2 67	87 16	60 40	48 33	22 11	81 53	6 37	21 63	86 23	25 62	97 70	93 10	14 98	42 19	9 58	19 89	63 40	58 37	1 2	0 52	80 74	20 20	8 43	38 5
13 53	97 63	47 8	59 77	96 19	33 96	28 17	60 72	31 87	55 44	75 81	78 21	1 22	53 4	87 68	71 90	6 65	39 30	37 73	67 32	70 91	17 99	20 93	90 98	66 65	50 77	8 79	9 88	82 39	94 31	85 50	46 1	7 19	76 82	30 96	48 92	86 72	38 33	34 32	95 63	81 18	77 70	35 96	49 99	5 4	93 61	98 28	69 30	25 77	10 26	51 14	36 57	40 2	18 59	43 27	63 33	19 80	11 60	54 13	68 24	16 66	79 12	58 79	62 51	88 74	56 5	22 93	32 1	89 46	64 81	14 4	92 42	2 56	91 75	0 19	12 98	57 74	24 82	45 59	65 70	74 26	72 63	3 65	4 45	80 58	21 38	29 16	84 24	83 30	61 37	27 55	26 28	73 16	52 15	41 52	99 83	23 15	42 21	15 48	44 89
72 31	98 12	36 31	43 38	54 49	94 97	92 18	15 22	17 10	13 32	4 96	3 44	30 76	62 51	89 72	90 80	52 95	67 19	86 11	33 4	29 88	68 32	24 68	79 49	25 95	8 18	2 68	28 49	5 94	51 35	56 5	66 84	41 59	37 42	57 1	82 57	19 41	46 42	39 96	10 22	91 18	32 10	88 21	81 24	45 78	71 34	12 2	44 45	58 85	31 14	84 10	61 9	6 63	60 91	9 79	64 31	65 65	48 97	35 11	1 30	7 30	49 48	59 36	26 23	97 50	20 19	83 17	70 55	38 98	87 28	80 38	95 52	85 41	42 41	23 31	77 77	74 40	78 17	0 75	75 19	69 69	22 19	47 31	18 35	73 19	53 18	55 58	11 41	14 32	96 18	99 58	27 82	93 13	63 39	16 69	76 56	34 35	40 14	50 76	21 6
34 21	20 77	83 35	27 89	84 49	93 57	41 11	5 79	14 38	42 25	58 82	66 35	22 31	72 50	15 66	47 77	37 4	13 66	32 16	99 24	80 17	23 72	11 7	7 21	43 94	73 83	25 24	39 83	52 76	85 92	65 39	74 12	21 35	92 1	88 39	91 84	31 3	51 80	1 74	48 10	60 6	30 24	82 96	57 79	55 13	69 23	0 33	8 1	6 16	18 20	33 68	62 87	56 95	40 68	29 8	35 68	28 56	45 32	75 87	24 86	49 43	79 89	76 30	64 44	94 78	71 74	96 16	10 55	61 88	87 6	54 92	70 38	77 89	50 51	46 39	4 4	38 57	16 25	63 36	9 64	97 5	98 58	53 60	89 96	86 95	78 70	2 88	17 57	90 53	59 13	95 1	36 20	68 29	26 90	3 29	19 70	67 62	12 70	44 43	81 54
41 27	10 74	89 31	36 76	27 61	88 21	33 49	84 13	52 57	42 80	3 5	16 92	5 1	40 75	17 12	18 82	45 77	4 22	97 70	25 39	99 28	34 77	7 3	77 41	53 65	37 66	24 94	57 16	55 17	54 6	39 22	79 75	51 42	14 11	11 13	95 60	49 8	43 64	12 42	46 99	0 8	73 49	44 23	60 94	80 11	69 40	2 49	15 51	67 51	31 90	87 71	98 25	61 14	6 99	32 94	23 53	86 18	85 24	72 87	78 36	76 36	47 25	62 20	9 55	74 45	30 9	96 22	66 58	70 56	26 41	56 61	92 96	93 90	8 1	91 56	82 13	38 3	13 8	71 87	22 60	58 1	83 11	75 54	20 21	28 97	35 52	94 35	19 95	59 56	48 13	50 90	63 63	68 57	1 97	21 27	65 41	29 37	90 84	81 85	64 20
39 15	85 59	72 89	10 69	94 71	95 73	46 54	24 55	50 19	0 46	47 4	67 66	22 17	41 91	2 52	30 52	11 80	48 78	20 75	19 99	74 90	6 93	3 63	76 14	66 51	64 99	51 61	99 20	38 72	61 39	59 34	12 45	60 71	43 25	90 57	97 34	4 63	16 84	42 10	36 32	14 59	25 37	28 6	54 68	62 84	5 8	21 86	86 17	18 76	98 39	23 7	57 83	1 19	92 60	70 75	8 5	7 16	32 28	49 80	31 17	52 63	81 72	82 30	75 22	58 67	73 37	68 77	89 46	71 29	63 50	80 4	65 65	79 40	29 47	33 42	37 12	87 66	69 42	9 3	78 59	84 97	88 57	40 56	77 92	93 43	45 5	83 40	27 21	91 68	26 62	55 73	17 80	13 13	15 28	96 7	34 75	44 54	53 53	56 82	35 40
72 29	56 55	44 44	75 4	81 37	49 22	3 42	68 92	59 86	4 80	35 47	79 84	99 11	10 86	22 2	39 33	78 54	55 29	12 60	36 19	86 25	9 20	51 42	97 22	73 27	60 70	45 27	94 19	89 60	15 59	5 71	23 53	66 47	57 3	34 11	43 46	53 16	65 86	31 66	69 80	50 66	88 67	76 71	85 66	11 18	6 80	28 48	29 22	83 24	90 96	2 8	38 61	74 3	93 27	82 76	63 21	25 11	58 63	98 75	80 56	67 79	0 28	1 68	40 13	37 79	52 92	84 28	14 2	46 72	71 81	64 87	41 63	7 12	47 17	77 80	21 88	17 32	8 29	20 55	92 23	13 73	70 50	87 68	18 60	32 2	26 57	24 81	95 34	33 75	48 28	91 74	54 50	30 9	19 92	61 14	96 68	42 93	16 70	27 86	62 67
39 15	37 53	8 94	82 56	91 16	33 35	96 60	16 39	76 60	4 73	92 5	43 7	14 12	89 52	99 90	0 5	64 50	85 16	40 96	25 97	84 2	6 99	51 9	36 33	22 11	87 51	60 37	20 78	61 3	81 47	90 96	59 80	75 2	78 97	63 91	68 81	45 99	66 1	53 73	5 96	34 47	83 22	41 28	10 62	57 43	58 67	97 67	26 47	12 83	56 80	67 16	42 52	21 63	24 44	28 46	69 66	93 20	86 79	35 43	27 42	29 89	19 11	50 96	9 89	80 9	15 60	23 77	65 74	11 52	98 36	3 36	55 64	2 21	94 22	38 96	88 26	74 21	18 61	52 25	13 53	44 83	47 43	1 63	71 9	62 89	32 7	73 49	17 40	77 65	70 68	49 98	30 65	79 97	72 21	46 54	31 91	7 55	95 25	54 47	48 37
89 17	48 10	84 94	65 60	6 26	62 94	74 15	39 94	93 10	9 12	46 90	25 13	59 75	96 97	32 45	26 56	76 74	88 41	69 73	87 28	37 41	17 9	79 90	56 69	19 34	36 78	95 2	16 13	91 70	15 17	23 80	60 41	70 37	50 58	71 28	38 48	45 4	81 96	28 6	54 66	73 32	4 43	98 93	35 34	41 99	24 85	14 81	94 27	22 76	82 63	66 30	33 64	47 65	68 41	58 74	20 20	18 97	5 23	97 29	40 98	10 41	31 90	7 27	51 3	49 61	53 90	44 2	61 83	29 42	11 70	0 71	67 54	12 9	8 52	13 76	42 55	90 24	21 95	72 47	75 85	3 45	52 79	64 34	2 30	86 51	99 38	77 38	55 82	85 82	34 52	27 16	80 43	30 51	78 92	57 43	43 29	83 74	92 28	1 11	63 92
46 40	93 95	0 15	18 11	36 8	38 73	77 3	67 33	91 33	51 56	84 19	34 80	29 17	54 66	68 56	13 50	65 10	27 3	94 97	78 94	66 85	7 36	90 95	70 28	16 67	53 42	95 8	6 79	92 5	28 30	72 12	35 85	3 13	26 81	69 4	43 7	96 77	49 26	5 42	59 66	20 49	9 53	12 68	39 9	30 38	50 94	74 51	87 3	99 36	97 25	89 9	64 47	15 52	45 32	31 12	80 20	33 82	62 30	10 99	83 66	21 95	71 47	44 49	88 90	24 74	57 29	86 58	52 68	17 81	25 86	48 55	32 54	8 76	79 17	75 42	56 30	41 55	55 50	4 36	63 87	61 40	81 45	1 59	37 14	76 66	85 38	82 95	98 53	22 64	2 91	40 17	11 16	47 9	14 98	73 41	58 86	60 30	19 41	23 79	42 52
35 40	71 5	25 60	8 32	80 3	45 80	54 43	66 35	31 25	39 20	68 86	76 47	22 11	46 10	83 81	27 95	47 17	89 81	56 31	92 5	30 64	51 52	67 81	55 32	82 58	43 73	59 7	20 93	1 40	24 2	72 37	77 48	49 95	40 50	12 70	29 99	97 60	91 90	64 53	41 1	87 75	3 47	79 52	36 66	28 15	7 75	94 46	74 97	75 64	93 79	15 25	13 72	2 11	69 14	0 72	5 17	42 21	73 42	44 74	81 79	53 98	58 93	78 63	88 75	26 71	60 45	63 85	21 14	14 57	17 13	50 5	48 56	23 18	99 53	62 25	6 51	70 90	9 59	34 90	52 21	10 38	85 3	4 17	32 86	86 79	11 85	84 12	37 21	96 84	16 65	90 97	95 21	33 63	98 94	19 38	38 86	65 72	57 65	18 47	61 30
52 1	69 12	25 18	58 91	66 40	2 11	97 38	79 93	81 59	17 11	4 67	94 19	59 35	37 37	0 79	13 10	50 46	18 72	67 41	39 90	77 7	54 70	14 1	45 18	28 27	89 85	57 41	55 22	10 78	30 65	86 97	3 6	38 18	60 22	42 56	83 89	48 36	8 62	76 96	47 94	27 2	99 69	19 39	64 97	72 18	90 19	9 70	16 47	7 57	20 3	87 61	6 16	26 3	43 56	29 64	5 57	35 70	23 79	95 1	62 5	71 71	24 4	1 19	44 30	63 57	22 86	40 74	88 82	85 43	21 49	82 48	41 90	70 35	68 85	15 74	51 37	75 84	34 6	36 23	49 50	93 25	56 11	32 50	91 44	92 67	12 10	11 72	96 53	73 33	80 44	74 85	46 84	33 99	53 96	78 88	84 64	65 68	98 79	61 4	31 63
67 36	81 5	60 82	94 80	27 69	80 67	39 64	53 66	38 53	8 51	72 23	24 83	77 53	63 40	11 82	64 54	51 48	56 93	37 37	90 25	92 91	55 84	28 77	83 93	76 5	79 15	84 27	36 38	14 21	23 68	86 10	40 35	30 68	42 71	0 56	2 81	19 75	18 6	26 29	68 97	65 55	25 76	75 79	1 89	58 98	22 6	33 55	69 60	43 92	61 11	46 91	45 75	21 17	20 35	47 19	99 53	10 73	48 2	9 86	54 43	91 39	88 61	50 43	74 54	35 64	95 8	71 40	32 46	87 50	13 25	59 84	89 62	3 85	29 72	49 54	93 76	5 96	57 99	12 28	62 9	78 50	52 64	31 1	7 47	34 85	66 83	70 7	41 88	16 23	85 66	17 6	4 71	96 7	44 53	6 6	82 76	98 98	97 81	15 83	73 8
79 89	37 79	5 99	63 63	47 72	89 43	60 33	17 80	24 99	92 63	12 96	59 27	19 3	28 35	54 86	88 81	2 3	85 78	86 23	20 95	40 85	46 42	87 18	84 63	21 32	38 26	98 31	72 14	56 12	93 14	74 81	96 51	25 37	80 12	50 10	29 89	58 2	68 8	90 20	45 60	48 66	33 45	3 83	41 70	75 19	77 95	67 5	69 24	13 35	23 68	11 6	78 41	53 21	42 47	1 38	66 65	26 61	62 49	15 73	65 36	30 15	36 44	91 31	57 82	7 56	44 59	97 54	9 32	27 83	22 91	52 27	35 94	83 61	43 7	95 9	82 62	94 32	32 33	64 39	4 83	39 40	0 62	16 18	18 74	6 80	76 8	49 46	71 46	70 79	31 90	8 73	61 52	99 50	73 57	55 62	34 1	14 24	81 18	51 41	10 43
62 38	33 23	41 8	9 86	25 22	86 16	81 27	63 17	11 58	67 61	27 15	59 5	5 97	17 99	32 65	85 53	61 53	96 99	97 54	77 89	42 78	65 72	7 57	66 91	98 5	3 62	90 14	23 79	70 21	6 10	54 85	38 88	56 10	80 97	87 78	47 57	60 91	58 25	16 93	12 21	89 13	20 23	24 33	39 97	26 44	35 74	99 24	28 61	75 75	21 8	72 34	88 53	18 4	92 2	57 23	83 43	43 30	76 2	91 64	40 80	79 67	71 21	49 97	46 69	68 82	74 82	14 65	55 4	36 94	31 79	84 57	50 9	44 14	13 17	78 83	93 78	8 11	45 67	82 59	94 52	34 87	52 5	37 46	48 98	29 31	64 78	95 70	30 40	10 26	2 71	19 72	4 81	15 88	53 26	0 56	69 30	73 80	51 55	22 77	1 18
13 33	55 8	44 89	61 41	35 68	25 68	84 26	36 63	70 31	12 87	74 85	87 28	83 9	10 34	64 69	24 97	38 31	26 14	92 11	23 7	37 66	69 99	18 47	56 65	6 68	77 15	80 58	5 88	96 17	39 43	4 29	90 2	93 92	63 55	86 70	66 81	40 66	88 58	0 65	29 38	46 42	49 81	20 83	71 12	73 63	9 35	79 65	97 72	62 81	16 88	3 87	45 11	42 17	21 47	94 25	59 26	51 25	1 61	31 18	60 38	15 64	47 18	57 7	98 93	68 31	27 83	14 83	33 34	82 42	65 19	50 78	8 73	91 75	95 43	22 5	28 71	43 33	85 42	48 16	41 67	78 49	81 66	53 41	7 31	72 45	17 89	11 43	32 42	75 41	2 86	34 58	89 63	99 39	19 72	58 86	30 80	52 95	54 75	67 94	76 45
98 88	88 1	62 57	70 58	94 5	30 49	15 78	35 81	0 39	47 44	10 65	16 86	68 82	14 61	91 9	71 64	46 83	21 45	99 48	31 68	8 93	89 16	40 59	32 82	48 97	42 96	56 62	28 26	53 85	95 55	90 13	87 29	37 2	41 57	5 90	55 38	96 34	43 14	80 75	2 38	11 90	69 49	1 77	64 38	50 51	45 3	74 36	27 15	20 91	24 42	60 53	22 40	12 72	29 62	18 49	66 9	3 75	58 71	82 41	44 55	78 9	34 44	67 51	97 63	39 44	59 99	17 1	26 11	33 20	83 13	75 60	23 83	63 84	25 53	49 66	72 17	86 94	51 74	85 49	7 60	54 69	84 37	6 90	77 37	65 76	73 14	76 84	81 48	92 87	36 52	52 40	9 29	93 16	13 64	61 70	79 90	19 40	38 11	4 81	57 32
16 12	19 51	87 39	89 78	61 45	40 48	8 70	1 1	49 85	39 68	79 78	38 97	0 38	23 95	6 59	45 35	80 88	66 93	9 98	31 22	47 94	44 33	46 2	43 5	73 73	58 41	29 9	92 5	68 62	93 82	36 10	57 95	94 92	52 35	55 25	84 78	37 24	62 29	27 42	41 86	71 35	72 49	33 36	53 2	67 68	21 62	20 68	18 85	59 98	48 30	13 56	24 71	30 30	14 23	83 55	2 4	97 55	88 55	75 86	4 45	91 62	99 99	86 17	22 2	64 20	76 2	95 1	3 61	35 74	54 49	10 12	34 22	42 16	90 39	78 77	81 71	60 21	63 11	15 23	12 92	26 73	7 56	32 99	5 79	25 40	74 77	17 26	51 19	69 74	82 54	50 30	28 72	56 48	85 27	98 43	96 91	65 78	11 25	77 41	70 12
38 78	36 28	68 10	99 86	84 22	39 40	79 76	73 94	90 27	22 1	31 84	8 77	2 15	13 38	11 38	33 25	95 25	53 32	18 92	12 25	44 46	32 36	1 10	21 73	54 30	74 50	80 19	60 32	14 69	55 96	40 78	10 87	87 77	78 38	42 88	93 18	64 5	50 68	89 54	35 80	52 51	37 49	41 3	82 8	3 10	77 49	85 3	23 99	83 16	6 45	71 51	47 73	72 20	26 96	28 26	58 75	19 4	34 63	5 83	75 7	0 57	81 40	97 57	9 51	43 26	91 80	25 39	30 98	70 61	7 71	98 53	66 30	56 26	17 25	59 1	29 42	15 32	62 59	57 64	76 93	24 66	48 55	16 42	88 91	67 22	46 7	27 25	86 34	94 41	69 61	96 31	65 28	61 41	20 89	4 37	51 67	63 81	45 13	92 14	49 25
22 3	62 28	56 30	20 71	53 26	14 4	18 81	73 36	79 48	5 60	81 52	69 30	86 25	17 53	40 27	55 43	16 27	68 92	37 9	11 2	82 88	31 23	0 62	21 60	9 84	76 94	8 49	2 35	34 53	36 54	99 22	67 79	29 50	52 65	91 5	39 82	44 93	6 73	32 83	24 81	45 49	74 68	47 68	95 45	71 49	35 30	38 90	57 74	87 59	97 47	94 62	42 43	28 63	7 53	33 94	60 37	83 55	50 22	51 6	61 1	90 1	66 59	54 20	26 20	41 17	64 34	96 37	30 11	4 39	48 76	49 64	27 41	10 9	65 29	43 22	84 26	13 39	77 81	58 93	1 58	93 96	19 30	3 46	12 59	88 8	98 73	25 83	23 25	15 41	70 19	63 77	85 51	59 4	72 41	78 15	80 80	75 16	92 27	89 69	46 37
