10	50
17 6	26 96	36 43	33 13	42 40	41 36	22 26	3 26	30 1	40 66	10 25	11 9	14 5	45 14	35 26	6 76	29 73	44 64	31 97	18 83	48 33	7 50	49 26	24 7	8 26	38 65	43 74	19 19	23 96	15 4	21 86	20 44	39 66	47 17	28 12	5 99	13 6	25 82	37 3	16 65	2 80	12 65	27 13	32 15	34 52	4 10	0 58	9 4	46 83	1 23
18 92	1 86	46 67	27 18	25 39	41 92	24 59	16 57	36 6	33 30	35 32	11 50	9 43	0 5	38 19	29 32	31 82	44 72	48 79	14 92	49 1	6 24	21 87	40 44	23 66	8 58	7 17	15 73	30 75	42 7	22 89	13 91	19 92	2 98	39 36	34 71	32 51	4 37	3 92	17 69	37 42	20 82	5 10	47 25	12 70	45 59	43 65	26 3	28 37	10 83
3 90	30 3	11 79	14 87	17 98	29 59	33 8	28 83	37 32	48 88	45 2	32 99	38 66	9 69	36 68	15 47	16 48	4 70	18 36	10 23	49 78	34 41	43 66	35 7	39 28	8 42	25 91	21 37	47 12	19 99	6 63	44 97	24 52	22 31	46 52	42 51	31 53	23 31	26 69	27 37	13 33	41 60	1 90	2 50	40 41	20 42	12 19	0 71	7 53	5 29
29 20	47 6	12 55	11 50	1 97	19 97	32 92	4 97	17 49	22 60	31 82	27 59	20 93	6 57	18 14	26 27	25 86	43 61	45 58	10 50	0 93	48 70	5 71	8 13	40 16	38 36	39 65	49 71	21 53	9 48	15 5	41 11	30 4	3 96	28 81	7 35	23 88	13 17	2 69	34 4	33 49	16 38	36 55	46 90	24 55	35 21	44 35	14 14	42 22	37 66
2 1	26 68	21 44	9 4	27 8	30 91	33 22	31 48	6 75	34 43	15 90	28 53	10 47	23 51	0 49	48 32	42 30	18 44	13 25	37 81	25 8	3 79	12 72	36 9	17 79	49 37	1 1	29 45	47 92	32 83	44 49	24 85	35 4	43 69	41 54	46 98	40 72	22 31	19 47	4 68	16 92	8 6	39 54	14 4	7 96	38 68	5 6	45 97	20 98	11 81
2 4	0 66	37 48	15 47	26 96	19 9	30 18	33 3	35 84	38 18	16 49	18 21	22 10	40 12	9 81	11 63	47 43	12 70	5 92	24 22	29 2	48 78	39 10	14 34	49 93	32 14	23 16	8 79	4 89	27 32	21 75	25 89	34 68	28 87	6 86	31 96	3 17	13 4	17 40	45 72	43 34	36 23	44 98	10 79	1 27	42 39	41 43	46 9	20 81	7 32
19 77	3 65	43 90	28 99	6 65	17 93	11 63	44 9	33 45	13 12	38 90	16 21	26 96	4 98	9 70	37 97	24 57	2 26	5 48	15 54	7 34	40 73	49 17	42 44	20 99	10 37	21 78	8 94	36 52	46 35	48 58	47 83	29 7	22 99	41 94	18 76	12 64	23 5	30 40	39 41	27 16	25 41	45 6	34 71	14 78	32 57	1 29	31 29	35 98	0 8
2 53	9 90	21 39	37 66	18 61	19 22	16 67	45 67	36 90	0 79	30 21	38 12	23 21	12 71	4 27	43 84	10 34	35 20	49 99	17 83	7 90	1 8	31 16	14 9	3 85	44 41	6 15	24 3	20 69	25 73	47 26	46 44	48 32	11 39	32 30	27 79	34 87	28 20	13 50	33 56	41 47	5 90	15 10	40 79	26 30	8 76	29 51	22 17	42 47	39 87
0 5	45 15	16 86	41 55	33 61	43 9	47 26	28 46	39 79	24 62	22 74	9 41	46 46	40 11	42 6	38 25	27 96	34 70	31 33	5 46	6 99	1 67	44 29	10 35	13 70	7 82	2 73	36 76	4 46	17 25	18 39	37 24	49 61	14 36	32 56	26 15	48 23	21 44	12 83	29 18	20 75	35 43	15 45	8 74	23 91	25 44	3 90	19 94	11 50	30 65
16 28	15 58	4 9	47 17	33 64	26 7	43 82	8 48	3 41	25 74	2 51	18 79	46 13	7 18	24 64	44 10	48 79	39 48	32 13	1 79	6 73	20 65	12 16	49 51	11 61	41 5	17 82	27 98	10 64	45 93	14 66	31 91	29 37	0 58	40 74	9 33	36 78	28 14	42 93	23 40	34 57	5 86	35 75	19 98	30 73	13 63	21 98	22 13	37 54	38 94
