70	50
13 6	41 56	49 52	33 43	28 30	23 1	0 35	35 41	1 76	39 10	17 88	48 31	19 77	12 18	30 85	45 80	24 74	38 77	43 65	42 32	44 98	10 27	8 23	9 97	16 44	14 37	2 29	36 20	46 60	31 61	32 35	40 24	7 48	25 51	21 60	29 48	11 36	3 20	15 14	27 61	37 7	4 36	20 72	6 57	18 29	26 34	22 36	5 64	34 3	47 70
1 23	12 57	6 34	20 40	48 47	28 32	46 54	29 58	40 31	19 62	39 83	16 35	49 73	41 45	36 13	11 48	15 80	5 76	23 64	9 4	7 28	3 46	31 4	22 39	0 10	25 61	13 47	42 58	32 34	14 92	17 55	45 23	44 18	2 67	4 38	21 60	35 72	30 35	38 51	34 99	27 73	33 9	18 42	10 49	43 21	37 57	47 36	24 8	8 27	26 36
3 12	44 38	32 51	20 77	37 44	39 81	14 74	10 24	23 89	35 12	2 33	46 72	41 98	40 70	43 5	36 96	7 19	33 96	9 99	8 54	49 26	13 16	25 77	34 78	48 92	47 61	31 95	19 20	5 1	28 67	45 65	4 62	1 50	26 12	42 63	16 96	21 83	15 84	27 39	24 90	22 26	0 64	6 43	38 1	18 53	11 92	30 83	17 44	29 73	12 82
10 21	43 81	5 40	24 89	19 12	27 15	31 42	32 90	30 75	23 5	48 67	21 57	15 27	28 79	36 20	42 32	40 95	22 62	17 9	4 11	38 56	46 71	49 69	14 94	37 13	6 53	9 70	34 23	0 42	20 77	33 48	11 70	45 42	29 72	41 50	18 87	35 95	26 7	1 56	8 95	7 6	44 50	12 25	16 55	39 38	2 75	13 51	47 84	25 79	3 11
21 17	37 79	45 95	13 99	49 65	2 36	4 20	39 63	34 21	48 2	1 12	33 92	16 14	14 50	46 71	38 65	24 1	30 60	35 6	43 4	7 54	22 32	25 12	5 97	32 10	6 10	12 85	28 15	9 10	47 24	26 12	0 40	17 83	41 57	36 56	19 47	31 82	11 90	8 80	18 44	23 96	15 24	42 47	10 3	29 97	20 59	40 47	44 17	3 36	27 61
2 84	19 26	24 8	31 29	29 89	48 78	0 34	17 40	37 7	5 29	39 78	42 10	20 91	44 7	9 32	13 28	8 81	45 17	15 9	27 16	3 94	46 57	7 61	21 63	40 60	33 21	6 68	49 47	11 46	35 10	4 53	47 55	41 43	30 4	1 10	12 99	22 95	18 72	23 33	38 90	43 55	25 28	16 33	36 54	34 87	14 15	26 49	10 26	32 24	28 46
48 75	41 20	39 90	0 5	5 48	12 97	45 88	4 2	20 6	18 23	38 44	47 66	40 88	49 47	44 61	33 26	43 18	37 25	14 51	25 57	1 9	8 36	29 49	17 43	9 16	6 80	24 11	35 73	22 60	10 95	27 65	31 1	11 39	42 99	46 11	7 3	34 98	26 17	36 45	15 74	30 81	32 77	16 40	19 24	13 90	23 54	21 71	28 82	2 75	3 95
6 90	5 40	18 83	15 6	4 94	47 59	38 11	24 21	7 59	40 96	35 76	32 23	27 71	41 52	17 66	34 8	10 25	33 68	43 1	48 14	20 27	1 97	44 85	39 31	22 11	25 43	42 50	31 16	30 55	49 20	26 77	8 34	21 7	0 43	46 41	45 61	13 24	37 95	19 53	14 44	2 52	9 12	11 33	3 44	28 18	16 45	23 67	12 15	36 20	29 51
26 90	49 36	7 45	23 16	24 88	42 20	6 28	15 59	20 82	18 9	30 22	14 10	4 55	36 63	1 75	44 29	10 55	33 10	17 64	2 98	11 68	21 34	9 98	37 86	8 96	46 88	28 42	27 98	31 46	12 5	19 73	34 31	41 49	13 12	22 63	39 70	48 47	29 40	40 14	32 4	45 77	16 41	43 70	47 20	25 73	3 33	38 63	0 88	35 72	5 54
2 13	0 89	35 9	3 66	15 57	7 15	5 72	10 32	38 70	12 95	49 45	20 12	14 44	31 65	34 35	21 66	45 21	25 99	24 2	36 58	37 58	32 16	46 12	6 85	40 17	39 12	9 27	29 80	13 54	11 81	47 6	42 37	27 7	23 36	41 56	30 49	48 87	18 41	22 2	16 80	43 88	8 3	33 56	1 28	28 28	44 40	17 65	19 35	26 9	4 64
0 3	7 55	17 78	24 79	32 51	44 38	8 47	18 36	10 5	11 38	4 12	15 1	23 50	36 95	26 71	43 14	45 9	5 61	46 91	28 53	42 51	20 54	19 16	6 94	13 40	16 9	22 10	40 82	14 6	25 13	48 93	30 39	12 77	29 91	38 50	31 2	49 19	39 44	1 46	21 62	37 58	47 81	2 38	3 77	33 13	35 40	9 82	34 22	27 35	41 41
45 16	6 68	7 95	38 93	40 80	31 51	1 11	20 73	39 2	2 25	15 82	13 15	4 13	29 99	11 43	5 59	36 75	33 96	9 68	41 16	44 15	42 97	37 36	10 42	12 40	43 88	18 51	16 20	8 93	28 92	46 24	3 38	0 81	23 58	27 1	22 17	24 70	48 35	47 42	25 52	26 88	34 24	14 65	19 35	35 51	17 44	21 10	32 89	30 95	49 95
19 50	1 66	45 56	13 76	46 31	18 52	36 8	10 38	38 70	42 3	30 42	28 46	39 58	17 55	44 42	25 55	8 96	43 14	27 78	40 74	9 62	31 6	33 95	3 15	0 29	12 98	34 78	32 64	29 19	6 23	11 12	26 44	16 52	7 39	37 17	22 64	49 73	47 88	2 83	23 23	41 24	20 63	24 3	48 79	35 13	5 60	4 57	14 64	21 72	15 25
26 30	47 21	2 31	9 66	43 28	28 89	12 83	10 21	34 37	45 34	21 64	41 36	27 72	29 78	30 42	32 86	15 79	3 24	39 79	4 41	31 1	37 51	24 26	33 79	23 61	48 89	19 67	16 6	44 88	40 58	8 65	46 87	11 58	1 78	42 98	6 71	7 36	25 45	13 45	38 15	17 98	36 96	5 63	49 63	35 43	18 49	14 50	20 69	0 39	22 65
2 67	4 60	17 49	20 75	47 64	21 9	1 32	22 51	23 98	14 32	31 23	9 35	36 46	7 81	6 24	18 47	12 3	3 88	44 64	11 60	0 19	45 4	15 16	34 29	39 79	16 46	8 96	28 97	29 86	40 40	13 71	19 64	49 37	42 82	26 7	46 16	30 39	33 10	27 28	35 86	38 14	37 69	41 57	24 2	5 31	10 58	25 17	43 91	48 25	32 91
39 19	22 12	24 83	13 60	15 72	36 45	38 55	9 20	26 67	32 17	40 31	30 68	31 74	10 62	8 23	12 51	0 41	19 50	3 56	49 47	17 16	28 67	33 3	2 16	4 29	1 85	18 15	14 79	41 72	34 14	46 16	47 12	21 98	11 40	43 97	25 26	27 46	29 8	6 34	35 48	16 78	45 7	37 44	20 55	23 83	44 32	42 15	7 16	48 55	5 63
33 98	6 49	49 28	27 61	2 82	5 3	20 91	41 86	26 93	37 48	1 14	48 33	22 66	21 69	4 38	46 83	43 22	16 34	17 67	3 79	14 37	15 87	39 20	0 83	40 20	18 49	42 3	7 14	28 86	19 55	10 47	11 84	12 50	32 47	45 67	13 48	29 72	47 45	35 5	24 66	30 4	9 39	31 60	25 96	38 36	44 58	36 3	34 8	8 89	23 30
42 19	23 43	21 94	43 59	6 7	48 96	7 11	27 95	11 5	4 52	38 54	40 54	1 53	8 95	33 2	39 36	15 16	29 8	24 9	34 80	19 37	0 63	28 59	9 47	13 6	18 94	49 36	14 17	45 63	32 71	26 82	47 9	35 34	16 70	31 82	5 64	36 23	10 44	44 63	46 39	2 96	12 13	22 43	3 59	25 37	17 46	37 99	41 66	30 19	20 98
34 12	8 99	17 93	42 12	28 17	9 44	15 80	13 13	48 96	22 4	33 74	31 14	35 7	25 33	2 17	46 16	23 80	47 55	36 42	40 54	43 21	4 80	38 20	0 68	3 66	29 35	32 97	6 77	24 53	49 91	20 44	10 89	1 69	30 1	12 73	39 81	44 36	19 53	27 42	37 77	16 6	26 34	5 60	18 14	45 33	21 93	14 53	7 59	11 34	41 63
15 15	49 71	30 71	1 13	37 1	38 37	18 67	6 60	11 19	41 95	48 40	31 89	32 14	13 15	16 8	39 63	27 83	44 55	42 53	5 71	3 19	28 78	35 88	9 34	22 54	47 14	29 7	33 27	40 77	10 17	23 19	21 23	45 97	46 95	0 2	20 64	25 60	12 99	14 57	7 50	8 30	24 32	43 29	26 58	36 21	2 9	19 10	34 38	4 27	17 39
43 91	6 68	4 3	40 75	16 90	8 13	37 84	17 24	10 5	35 14	13 71	3 13	39 2	41 79	49 32	7 14	23 91	15 16	44 19	19 41	20 69	9 54	22 51	18 85	36 17	38 9	12 95	21 82	14 39	47 71	30 56	32 49	0 69	1 59	33 97	28 24	31 46	24 56	2 99	25 83	34 23	45 98	46 47	11 88	48 21	5 85	26 86	42 92	29 8	27 32
35 6	4 32	29 33	40 28	48 9	8 92	11 16	44 46	7 76	38 81	13 97	32 67	15 47	16 92	49 33	18 11	33 24	43 25	23 45	25 57	20 2	24 31	19 94	39 83	17 47	2 54	45 29	21 21	14 5	46 66	27 50	42 37	37 32	36 25	22 2	9 33	34 45	6 61	47 51	31 1	1 45	26 82	5 95	12 46	0 72	41 91	10 44	30 62	3 95	28 52
49 10	23 56	41 53	13 14	28 88	11 21	7 38	15 53	46 35	14 4	35 21	36 49	0 86	10 73	25 34	40 45	4 48	32 1	38 18	26 79	12 16	45 87	24 52	47 60	5 75	16 53	2 91	3 71	22 56	17 45	20 22	30 56	8 54	21 73	9 40	1 70	37 10	44 1	43 24	19 21	34 12	31 90	42 27	18 26	39 38	48 61	33 53	6 1	29 80	27 85
39 89	11 14	36 82	33 12	43 60	2 27	6 3	38 22	49 33	35 68	5 61	45 10	41 41	29 53	27 62	3 65	15 76	30 53	23 51	48 81	8 98	28 73	21 73	7 16	40 95	34 48	0 63	24 57	46 2	1 13	25 84	42 76	19 69	26 18	16 5	44 46	9 28	32 79	20 36	37 61	17 12	22 69	12 83	13 27	31 63	10 62	4 50	14 75	47 57	18 45
17 79	23 55	4 46	48 46	36 17	16 61	9 72	46 33	15 21	34 98	18 59	20 52	25 43	29 32	28 81	32 9	26 64	5 46	11 44	7 92	31 69	14 8	44 61	33 89	2 74	42 23	27 97	22 78	0 21	24 18	40 38	41 27	47 4	8 51	49 21	35 43	6 76	12 41	39 89	19 90	38 62	13 14	21 96	3 76	43 49	10 41	37 33	1 3	45 2	30 57
27 31	14 46	46 91	2 39	23 96	18 18	10 16	26 40	29 22	19 63	38 18	37 67	7 85	12 5	21 9	8 60	41 67	31 19	13 76	49 46	3 71	22 75	5 56	20 22	48 3	35 31	36 24	6 35	9 12	44 10	43 13	45 42	1 29	32 3	40 61	0 70	15 29	33 21	17 17	30 93	25 40	24 80	39 77	42 9	47 52	34 22	11 56	4 70	28 59	16 10
48 70	44 52	21 27	40 86	42 94	17 55	31 61	2 22	39 30	16 92	27 83	49 17	22 70	10 6	3 39	18 94	13 7	4 82	24 94	41 47	26 39	36 79	32 54	34 5	9 93	23 68	30 30	47 26	1 38	14 7	5 4	6 12	11 1	43 87	29 58	25 43	19 33	46 9	20 55	33 98	12 97	37 59	45 35	28 46	8 53	38 95	15 6	7 17	0 9	35 93
45 78	18 10	43 50	5 61	48 77	29 97	32 56	24 36	42 44	30 23	35 14	1 14	12 88	38 54	28 75	23 62	3 78	6 73	11 86	33 31	40 43	13 94	10 27	19 9	44 3	34 17	21 18	0 8	49 40	14 36	16 71	26 31	22 37	2 49	46 53	36 69	8 48	15 81	7 61	37 47	4 83	41 11	9 10	47 87	39 54	25 88	20 95	27 71	31 2	17 46
28 28	10 9	34 38	8 79	29 43	48 56	49 99	37 54	21 48	33 50	23 41	9 38	26 99	40 3	18 52	24 45	13 11	36 99	46 95	2 75	16 94	7 74	15 74	3 37	22 14	43 96	30 63	45 12	25 57	12 37	42 40	19 60	4 37	44 47	20 14	39 94	1 84	27 85	31 90	35 96	41 57	38 6	5 70	11 82	0 84	6 2	47 47	14 60	32 98	17 82
3 96	35 3	37 18	27 32	14 90	49 66	48 71	12 67	45 62	43 53	8 47	36 54	0 22	13 23	47 40	28 28	26 12	38 54	40 71	42 73	9 63	34 63	25 66	29 37	15 77	41 74	6 78	33 6	22 42	17 37	19 23	11 13	23 74	21 68	18 82	4 56	39 83	30 60	32 27	10 51	2 60	7 31	5 21	1 95	46 62	24 99	16 5	31 86	44 96	20 50
34 54	31 66	10 42	33 82	24 21	6 17	43 44	46 98	30 79	3 15	22 8	23 98	8 10	9 51	28 73	41 31	7 25	16 66	21 3	4 25	37 84	44 65	49 24	20 51	39 42	19 56	15 50	14 18	1 86	29 66	25 78	0 67	45 42	40 12	26 1	38 57	35 28	11 37	47 63	27 27	12 76	42 35	17 14	18 69	32 88	2 36	48 72	5 21	13 29	36 65
10 91	1 76	11 84	4 68	23 90	42 94	13 94	0 38	5 3	21 41	18 65	35 30	20 55	40 92	24 84	25 36	32 89	3 3	37 45	8 21	9 80	41 50	48 31	38 2	46 68	12 63	44 43	14 24	28 29	19 49	33 23	29 93	7 48	6 59	22 83	45 75	34 4	26 57	39 49	43 10	31 30	36 98	30 73	49 17	27 83	15 1	2 69	47 48	16 16	17 85
0 1	24 79	16 32	18 75	3 90	49 38	10 14	37 47	25 47	12 77	7 51	8 75	4 14	33 97	42 76	2 65	5 95	30 73	29 95	22 30	13 62	35 91	14 32	17 4	45 12	11 12	15 56	36 10	27 94	21 52	19 4	34 39	40 32	44 55	43 58	41 14	31 9	46 35	1 36	48 20	20 86	6 30	39 58	28 54	26 16	38 50	9 76	47 41	32 54	23 76
7 48	9 36	42 59	23 15	32 15	40 94	41 79	18 1	3 62	4 83	19 70	28 16	48 45	15 19	29 96	30 69	37 12	14 27	31 84	25 54	2 92	1 64	49 86	45 7	36 23	26 50	11 40	16 99	10 90	13 76	43 3	0 44	27 1	39 39	35 97	12 16	44 22	21 21	34 98	38 83	8 20	24 59	5 86	6 46	47 72	20 23	22 13	46 78	33 90	17 77
0 61	22 71	11 89	34 77	36 40	2 84	25 26	4 85	24 29	30 41	40 93	21 55	41 12	15 95	19 66	31 98	12 45	47 25	13 39	17 89	23 41	8 17	46 25	39 4	14 92	33 5	9 89	1 14	5 20	35 95	49 74	18 65	16 73	37 7	20 61	7 58	27 97	43 21	38 88	6 33	28 26	45 36	32 41	3 30	26 83	10 83	29 71	42 45	48 69	44 48
7 90	30 21	5 84	47 75	28 95	32 62	19 38	23 56	31 35	44 97	37 96	39 31	9 30	4 90	16 85	34 17	8 31	22 70	21 55	11 6	27 41	26 6	20 53	25 56	43 91	17 80	46 30	2 7	6 88	18 80	10 72	42 37	49 68	38 75	35 61	24 58	40 79	48 71	0 84	29 54	14 26	15 97	1 4	33 4	41 38	3 79	45 11	36 56	13 40	12 90
25 61	31 43	34 95	20 85	47 95	18 40	43 27	27 59	29 73	41 99	16 79	45 20	23 37	11 89	48 35	13 94	38 99	19 96	46 55	6 26	5 64	14 59	12 61	32 78	4 2	7 29	22 74	15 14	49 24	17 32	35 85	39 76	1 32	24 37	33 85	28 88	36 94	21 72	8 71	44 72	42 71	26 86	2 8	10 9	37 75	0 28	40 73	30 37	9 57	3 27
0 87	41 54	16 99	14 37	42 71	34 26	22 32	48 55	35 51	27 26	5 17	25 71	23 10	15 60	38 39	9 18	36 57	3 37	49 52	28 79	45 39	29 20	4 62	31 28	39 9	18 69	40 42	33 62	32 23	10 35	2 86	13 44	37 66	6 71	44 66	17 78	1 79	30 58	24 90	11 94	26 57	7 59	12 72	19 10	8 49	20 96	46 40	43 45	21 8	47 65
35 14	40 92	3 50	18 84	48 58	33 13	39 82	29 82	15 12	27 42	1 9	9 86	41 12	45 6	13 59	28 7	44 17	20 70	42 45	24 21	4 22	7 32	12 18	32 70	22 44	21 74	25 94	26 3	38 46	49 14	5 71	19 42	6 19	0 24	17 70	31 14	36 57	30 9	11 18	16 91	46 92	8 10	2 99	37 34	10 64	34 33	43 9	47 97	23 43	14 29
14 3	27 94	43 3	12 66	44 71	25 21	24 40	8 7	39 62	3 35	17 62	30 79	21 13	46 3	9 45	42 70	5 88	20 25	34 5	33 43	7 62	13 94	45 74	28 75	40 70	18 80	0 52	32 44	11 27	19 48	36 8	47 4	35 91	37 95	15 97	38 25	31 20	26 6	2 28	48 50	10 67	49 13	29 48	4 92	1 99	41 20	22 71	16 20	6 56	23 37
6 58	14 39	39 72	17 98	48 57	5 98	7 93	3 7	1 46	16 20	15 11	40 6	10 56	22 16	34 25	9 61	2 3	33 51	19 46	0 20	24 61	36 62	4 19	29 2	23 69	27 61	32 55	49 54	25 81	13 61	43 97	12 80	20 59	42 15	28 54	44 36	31 31	46 33	41 63	21 31	37 35	45 36	38 73	18 41	35 79	30 10	26 97	11 39	47 55	8 21
38 61	22 28	49 25	41 24	5 28	34 98	32 87	3 93	25 52	18 86	36 9	44 33	9 61	1 32	8 64	43 28	28 30	15 25	30 73	26 47	39 91	45 32	23 61	17 33	7 99	20 52	48 94	2 27	12 14	13 13	21 68	24 43	37 32	16 75	11 26	29 43	35 58	42 93	40 27	27 64	46 54	47 55	33 87	19 67	14 39	31 63	10 37	6 23	0 60	4 63
47 1	32 4	29 81	18 95	26 79	30 71	16 94	27 89	19 48	4 67	15 4	48 33	34 79	33 47	20 19	25 26	35 32	5 32	45 40	17 21	0 17	13 92	44 14	2 73	49 32	43 93	6 51	46 51	31 11	28 58	3 29	11 72	22 34	12 54	21 4	8 51	9 58	10 79	7 3	23 93	40 61	42 9	39 31	38 48	24 76	1 61	36 55	14 20	41 45	37 73
11 79	39 45	4 18	17 33	16 30	24 6	14 50	38 78	40 94	33 13	3 33	6 50	10 54	23 62	9 16	46 73	22 91	25 94	45 7	19 83	31 80	12 82	30 22	13 93	0 94	37 88	2 6	5 34	27 6	41 30	47 96	28 94	49 74	20 13	36 77	26 85	15 19	43 74	32 89	7 9	1 31	29 88	35 53	18 46	21 56	8 65	42 99	34 53	48 42	44 2
4 3	29 70	20 61	41 11	33 1	25 82	31 32	10 14	1 89	35 57	21 91	36 89	45 66	30 89	24 16	32 15	5 27	17 83	27 49	23 28	44 88	26 81	2 52	3 4	7 45	18 10	6 88	43 43	13 36	42 1	12 88	39 91	46 62	8 17	14 69	40 29	16 91	49 46	28 60	37 54	22 29	34 99	19 18	9 30	47 99	38 91	11 59	0 45	48 89	15 19
29 62	20 30	33 85	36 6	10 3	25 14	22 87	43 36	3 58	19 18	39 10	31 12	11 73	49 55	16 91	34 90	28 66	40 82	5 27	6 37	2 55	44 38	32 53	38 53	14 62	35 84	23 8	27 35	30 61	8 53	48 25	1 93	37 71	41 1	13 65	45 92	42 20	7 98	47 63	15 27	17 72	26 2	21 33	4 45	9 35	12 68	46 5	18 77	24 1	0 64
42 13	20 41	47 27	46 36	9 72	25 42	33 94	16 23	6 65	0 47	18 37	1 82	41 34	43 85	38 92	28 91	29 59	7 61	3 16	39 58	10 82	31 97	44 48	8 92	12 1	34 56	45 85	4 14	36 1	35 39	15 61	24 6	37 86	5 12	17 89	13 40	19 71	23 39	22 53	14 64	21 33	49 8	27 89	30 31	48 3	11 68	26 86	40 36	2 73	32 81
49 99	2 39	40 28	47 80	30 65	41 4	44 53	17 49	27 73	5 22	25 62	13 26	37 37	9 44	24 14	48 33	35 9	8 21	10 25	14 84	19 50	39 29	15 56	0 84	26 37	12 79	32 44	43 55	20 36	38 23	31 57	42 6	6 36	28 94	16 69	4 58	18 97	33 83	29 27	11 26	1 86	23 48	3 82	21 59	34 59	36 50	22 93	46 27	45 51	7 30
34 80	27 58	29 20	15 60	30 96	43 12	21 70	26 57	23 80	22 53	16 81	20 85	17 14	9 90	46 27	37 98	35 73	40 68	0 83	6 34	18 2	45 14	24 49	38 13	36 41	42 60	4 10	12 46	49 19	1 44	14 50	48 4	19 69	31 85	25 78	41 91	10 79	7 25	11 25	33 52	2 60	28 24	39 49	13 84	8 28	47 27	5 22	44 87	32 1	3 42
19 35	27 34	6 33	7 33	33 99	11 10	18 91	20 4	2 89	26 25	28 81	10 28	38 92	45 37	22 69	34 16	12 7	15 74	48 84	49 52	14 60	24 84	42 88	17 24	23 32	5 89	30 73	39 21	41 22	44 55	37 93	36 7	25 6	35 78	46 57	21 39	13 32	40 27	4 99	3 12	9 94	47 24	29 52	32 44	16 33	1 66	0 99	43 61	8 13	31 39
49 56	42 64	27 26	9 80	24 11	47 10	35 7	40 94	39 80	19 47	1 43	16 86	26 63	30 3	44 23	10 34	33 82	29 75	46 86	43 14	15 96	34 43	2 71	22 88	20 53	5 60	4 38	31 62	21 78	28 83	3 23	11 65	0 71	7 73	36 90	48 98	41 48	14 2	13 73	17 51	12 84	18 75	37 57	23 64	32 10	6 8	25 89	38 34	8 86	45 47
14 8	41 27	31 64	39 12	13 92	9 5	4 43	36 66	48 67	17 54	40 37	44 84	8 14	10 52	1 12	33 94	24 70	6 34	3 51	47 26	25 92	45 98	35 68	16 62	30 92	22 19	42 69	11 56	7 20	20 61	21 5	15 89	26 80	34 37	43 43	27 48	5 26	18 79	46 29	38 92	0 44	2 72	23 50	37 78	29 82	49 1	19 18	28 37	12 77	32 98
24 6	31 78	19 89	11 63	32 8	43 96	48 81	5 88	12 73	4 88	3 95	7 33	17 7	27 67	13 35	1 45	45 30	42 4	2 50	23 81	22 24	8 22	39 44	41 58	16 36	26 21	18 39	38 48	28 34	21 42	46 70	40 7	37 2	15 66	34 9	47 26	33 88	10 37	36 88	29 72	30 15	35 62	14 95	9 57	49 26	6 62	44 42	20 98	0 86	25 23
37 65	48 17	14 46	19 78	25 80	47 85	26 15	12 78	36 59	21 31	23 35	16 64	43 46	2 84	38 92	45 78	17 65	7 81	44 99	5 49	0 71	35 74	28 69	39 71	4 87	27 75	34 65	10 16	13 98	42 72	31 54	33 12	18 65	49 93	22 89	46 62	11 90	15 22	24 8	1 38	3 75	41 76	30 62	20 51	40 67	8 10	9 90	6 63	32 24	29 2
2 45	35 24	49 56	9 85	11 71	19 92	18 21	39 94	21 83	3 69	1 16	16 21	40 32	13 93	14 37	33 50	25 24	15 11	8 58	29 32	48 59	47 46	0 60	22 88	32 88	12 78	31 27	41 54	37 25	10 25	45 64	28 18	43 75	5 26	34 6	4 93	36 12	17 46	38 82	44 69	42 91	27 61	6 89	30 76	20 78	46 39	23 70	24 33	26 15	7 30
1 59	20 79	14 61	8 41	32 91	4 2	0 95	12 70	22 1	34 85	26 23	27 70	42 14	33 16	47 23	16 4	41 4	15 26	5 73	48 84	43 99	31 67	30 53	44 8	7 71	17 23	29 56	23 1	2 33	3 66	28 47	25 26	21 35	9 35	19 47	45 4	11 94	49 30	37 57	35 96	36 20	18 78	13 33	39 92	38 55	24 3	40 45	6 22	46 82	10 64
29 69	28 67	14 99	34 38	8 38	10 61	11 37	5 71	48 91	18 57	7 13	49 94	24 93	26 29	4 10	35 49	32 42	25 6	36 32	22 8	3 3	23 28	17 50	6 9	37 41	9 28	2 27	20 71	33 15	1 33	44 91	31 74	41 28	43 96	38 93	42 93	47 55	30 97	21 27	27 45	45 91	19 32	0 11	12 68	46 29	16 66	40 13	13 73	39 74	15 84
9 22	43 41	6 86	30 2	17 31	4 3	14 82	26 97	28 88	16 38	48 50	32 93	42 80	20 96	0 40	21 36	41 59	19 49	47 67	36 9	46 30	25 32	7 79	27 67	3 12	37 50	12 64	1 30	10 32	22 96	2 22	13 86	45 73	23 36	11 57	44 80	38 41	35 68	15 2	29 57	39 50	24 60	49 62	18 86	5 83	40 42	8 29	33 9	34 84	31 10
37 74	49 57	9 74	25 60	33 99	16 35	1 98	14 13	42 74	43 56	35 73	17 18	26 12	32 24	40 17	21 79	34 64	30 1	3 58	12 66	22 63	28 89	46 76	36 4	10 96	7 20	18 34	48 42	2 92	8 64	27 96	15 60	4 4	29 99	24 19	20 13	0 58	47 16	6 1	19 95	39 96	38 14	23 22	13 63	11 38	31 11	44 36	45 86	5 52	41 67
21 59	16 93	45 24	44 28	9 63	36 94	28 43	38 23	0 8	14 38	4 69	46 98	31 3	48 97	26 65	20 32	33 30	43 58	3 40	1 4	10 36	25 65	39 66	18 42	22 22	34 79	5 5	37 47	41 16	11 48	2 88	49 90	23 21	17 42	32 26	30 84	40 44	29 58	24 15	15 79	47 79	27 90	12 26	8 21	13 57	6 94	35 78	7 40	42 42	19 17
7 61	23 58	38 90	4 17	49 18	2 37	1 32	20 21	11 94	21 29	41 92	18 43	43 4	37 90	8 18	44 79	0 53	36 47	33 94	19 95	29 20	22 82	24 74	34 99	45 32	5 8	46 7	32 1	28 88	10 51	39 13	27 45	35 14	42 9	16 23	14 80	6 58	17 54	13 47	48 20	15 51	25 6	9 83	47 5	30 54	40 73	31 63	12 95	26 64	3 50
30 55	39 51	15 81	13 37	8 30	21 37	20 82	48 14	29 20	27 43	31 28	2 84	33 76	5 49	16 2	22 23	14 97	35 82	44 30	6 76	42 97	10 9	1 16	4 26	24 65	37 14	46 86	17 39	0 69	49 13	41 88	38 43	26 45	3 44	7 21	9 45	12 23	43 52	36 97	11 33	19 11	45 46	18 85	28 70	23 42	32 1	34 51	25 79	40 88	47 66
39 7	23 35	26 64	37 33	3 41	27 14	11 69	5 72	28 10	22 38	25 72	6 41	45 51	10 7	4 14	36 72	2 97	31 98	0 69	44 59	33 97	18 50	29 6	30 41	9 80	34 21	21 24	15 82	12 16	38 91	20 98	17 34	32 64	35 47	41 46	7 58	14 35	13 75	16 71	47 45	1 8	40 21	24 34	19 89	8 23	46 64	43 51	42 49	48 8	49 77
26 44	8 65	6 8	4 5	17 36	34 1	0 76	24 14	44 65	35 30	20 22	31 44	3 66	36 49	42 20	9 35	27 92	49 54	1 60	39 46	45 77	40 90	2 27	41 52	29 65	47 82	46 68	16 59	43 48	21 96	32 88	28 20	19 43	48 18	7 51	10 34	37 66	18 83	23 93	30 90	5 94	25 62	22 91	13 2	33 12	11 8	12 66	15 62	14 98	38 6
2 19	49 11	24 52	23 33	15 93	41 66	13 9	35 4	9 12	4 88	22 56	40 7	10 6	28 88	45 54	1 43	44 12	25 53	26 30	14 58	43 27	16 36	21 44	17 56	32 23	27 40	3 36	38 82	48 75	12 78	37 67	8 56	36 56	0 81	7 8	29 69	34 75	42 15	11 94	46 89	33 38	18 32	6 4	5 29	31 6	47 31	19 50	30 4	39 42	20 44
14 24	44 20	18 8	25 64	17 50	49 49	24 76	38 53	28 39	29 92	43 2	23 20	22 40	0 9	42 53	27 31	10 20	26 51	40 92	36 5	32 67	20 54	16 25	7 93	8 22	37 68	48 89	30 99	21 71	3 26	34 96	33 65	15 58	12 77	35 78	4 67	1 47	11 35	13 49	39 8	6 30	41 37	31 13	2 46	9 19	19 50	45 32	47 66	5 92	46 5
13 32	15 47	31 24	32 51	14 55	23 9	33 8	29 79	21 95	47 39	26 20	37 77	44 31	3 66	25 15	36 9	5 53	6 26	17 4	28 6	38 47	43 39	16 31	9 14	19 44	41 53	20 21	49 34	8 81	11 62	30 17	4 65	2 57	48 82	39 75	34 50	22 3	7 93	12 44	35 66	42 48	45 46	46 34	1 29	40 65	0 9	24 53	10 56	18 13	27 37
49 31	8 29	46 5	42 23	38 80	26 1	5 55	47 29	48 70	41 67	28 75	12 5	9 83	25 99	0 26	1 47	18 31	36 45	6 57	35 61	14 43	23 88	40 72	21 13	39 47	30 26	7 33	17 4	24 68	11 11	27 25	4 15	15 97	2 74	20 34	33 60	16 1	22 93	13 38	19 67	34 93	45 21	37 85	3 92	43 1	31 48	44 91	32 38	29 77	10 61
33 56	46 40	20 17	38 59	9 45	30 66	10 61	35 98	16 13	47 52	17 66	22 83	24 48	2 44	18 15	41 37	25 61	45 23	8 34	19 38	39 36	29 82	26 6	48 48	11 2	15 98	14 97	1 75	37 10	5 16	34 90	6 27	23 85	49 42	12 9	31 6	32 17	3 37	21 91	40 27	4 12	28 47	27 80	0 1	43 58	36 46	44 8	13 75	7 20	42 32
10 84	5 72	18 76	19 4	49 8	8 52	28 62	15 10	13 14	37 22	9 61	42 32	12 14	35 22	34 89	24 36	32 41	47 47	30 24	45 38	29 26	6 51	14 8	46 82	27 65	41 18	11 63	25 63	3 93	2 46	40 72	16 11	44 34	31 42	43 40	22 81	7 57	0 2	38 25	36 36	1 83	33 86	4 44	26 34	21 63	17 77	39 52	23 91	48 39	20 3
