10	40
24 103	39 173	12 193	29 6	28 194	11 195	10 195	27 172	13 78	17 164	6 163	3 145	31 102	35 187	30 123	38 112	23 197	8 197	21 189	18 31	7 15	36 9	34 177	32 50	0 141	4 186	22 76	1 84	25 39	5 160	37 1	9 121	33 40	20 143	19 157	26 28	2 116	15 197	16 53	14 123
17 47	32 28	9 87	6 115	33 40	8 2	22 99	10 159	7 136	3 132	5 62	16 41	4 15	25 38	19 148	29 67	23 30	36 61	38 178	12 80	35 123	31 139	37 119	26 165	13 55	27 29	1 110	0 3	15 61	20 188	34 18	2 137	11 45	18 190	21 26	28 7	24 9	30 134	39 108	14 132
2 146	16 79	39 75	38 200	24 193	12 85	8 78	27 84	21 146	26 113	31 38	28 46	34 17	19 63	3 93	30 137	20 72	4 185	15 187	1 59	23 27	14 79	17 33	36 88	22 43	18 137	29 113	10 192	35 62	32 83	0 97	7 55	25 14	11 162	33 43	37 95	9 37	5 175	13 126	6 198
25 103	5 41	23 26	34 22	11 44	18 192	21 47	13 167	19 59	9 98	38 110	14 53	10 170	30 168	37 147	6 106	33 63	29 141	7 18	28 147	1 52	22 186	17 177	8 85	3 18	12 128	15 50	31 9	39 39	36 47	0 173	32 186	20 65	2 43	26 12	35 107	27 76	24 75	16 118	4 54
22 135	19 60	13 26	24 133	34 182	20 57	4 57	15 183	3 118	0 152	5 154	31 66	9 163	2 196	14 114	32 26	6 47	35 158	33 55	36 192	29 66	10 121	8 199	16 47	37 30	28 4	27 120	39 60	30 7	18 67	23 154	17 85	38 176	12 60	1 71	26 39	7 142	11 128	25 141	21 37
2 177	19 117	15 102	7 94	9 93	33 177	20 135	25 102	22 4	16 50	10 29	3 172	24 168	35 84	17 147	29 99	6 14	31 43	27 49	21 192	13 176	38 179	1 34	37 107	5 199	34 171	14 174	36 57	30 186	0 112	12 58	23 147	4 68	11 74	28 141	26 110	32 29	8 164	39 147	18 46
26 153	22 74	27 28	8 182	20 21	16 147	13 147	32 23	4 146	1 91	14 166	35 45	38 62	39 19	24 128	0 179	29 32	17 53	18 142	36 156	15 64	21 98	25 122	6 141	23 90	12 122	34 197	33 106	2 189	37 104	9 95	10 98	19 65	31 52	3 24	5 60	28 195	11 152	30 73	7 179
36 112	0 81	18 76	13 129	28 40	19 16	16 23	14 10	22 154	30 193	20 121	39 173	35 122	9 85	17 172	10 42	6 174	23 7	7 19	26 131	34 162	25 89	4 165	29 99	27 112	1 182	11 132	38 138	37 196	15 40	32 161	12 23	21 193	33 53	2 169	31 96	3 81	5 50	8 2	24 84
32 142	2 128	33 65	8 135	6 194	20 123	4 19	26 117	39 146	25 116	23 189	22 113	16 166	29 50	38 29	13 101	17 120	31 174	30 142	18 167	10 91	12 148	15 170	7 23	34 74	5 140	28 105	36 44	1 144	27 136	11 32	9 120	0 191	35 37	3 103	37 103	24 65	14 60	21 144	19 114
4 12	32 33	29 96	10 176	27 145	38 165	28 9	13 137	26 47	33 65	19 54	1 134	37 150	36 84	30 93	31 131	6 50	16 49	5 71	2 83	34 177	3 49	14 138	17 196	20 67	11 194	24 121	21 181	25 14	23 68	9 104	18 151	0 194	39 154	12 170	8 147	15 166	35 6	22 83	7 196
