20	90
85 62	70 53	38 84	73 54	0 78	12 71	64 71	46 74	47 81	36 93	40 36	17 41	39 43	87 85	44 44	29 85	25 32	51 20	74 2	61 22	5 65	27 87	82 20	4 66	83 26	53 20	52 55	49 94	67 46	71 70	77 40	79 13	72 38	42 11	32 75	14 85	28 43	57 5	76 50	48 22	15 47	59 33	23 56	45 69	7 86	22 88	86 67	69 96	66 71	20 37	78 9	30 87	88 93	11 92	63 34	16 63	68 92	19 73	35 88	54 70	75 8	81 85	10 92	37 99	62 42	2 61	58 77	43 21	9 6	21 69	60 33	65 28	26 4	89 24	41 86	24 86	56 49	84 95	6 5	55 51	18 26	31 96	13 11	1 90	34 32	80 56	8 64	50 38	3 29	33 55
76 78	34 77	85 31	22 53	56 97	32 9	86 54	28 47	43 24	25 83	33 7	24 6	6 49	44 37	21 25	79 63	81 53	2 11	77 78	41 62	84 74	74 2	60 39	7 60	65 12	3 86	18 1	5 82	16 91	72 95	39 84	35 74	11 19	73 37	57 49	29 18	20 91	10 29	31 93	23 20	27 87	37 86	9 92	88 24	52 96	55 3	61 34	59 91	80 93	38 64	26 76	66 44	51 95	8 6	87 21	49 51	19 78	50 82	68 92	82 31	14 84	62 98	4 43	89 40	69 25	54 64	58 2	36 10	30 78	0 42	63 53	67 50	1 4	12 5	40 8	15 93	78 34	75 8	46 40	42 28	83 37	70 61	64 35	53 67	71 53	48 15	47 97	13 98	45 61	17 66
29 17	37 93	74 80	8 7	23 16	40 59	69 12	20 55	86 81	22 28	19 6	26 88	48 2	9 57	50 35	80 64	58 20	64 13	28 81	17 92	66 40	43 72	57 35	54 92	62 74	25 58	41 31	1 85	61 11	7 1	47 36	6 1	72 81	3 29	63 4	89 60	85 65	71 78	44 93	33 73	83 9	11 60	51 4	27 84	21 75	4 29	56 15	0 7	73 42	81 67	46 64	78 30	18 38	60 51	75 4	88 93	87 2	77 48	53 46	55 96	45 43	39 53	2 87	14 47	79 28	24 29	82 24	42 33	15 70	16 81	76 92	67 21	34 81	49 39	68 61	35 60	32 5	13 73	38 1	5 22	12 45	70 82	59 37	65 99	10 47	30 91	84 62	52 35	31 22	36 23
84 57	74 55	77 50	62 43	63 96	51 19	15 17	31 64	83 41	46 42	72 77	68 51	34 98	88 78	3 60	86 96	50 33	32 51	20 12	79 91	26 36	11 31	21 2	1 6	37 94	30 60	61 6	28 68	22 34	82 16	70 15	85 59	7 69	29 66	65 66	36 90	60 32	39 81	54 68	42 20	0 23	78 46	53 19	38 83	76 19	87 27	33 98	56 23	17 78	13 31	18 32	43 79	41 84	45 90	35 51	19 15	64 63	44 61	67 95	40 92	57 9	9 59	24 4	58 11	80 21	10 67	8 9	89 95	49 44	69 82	52 64	4 14	48 55	12 61	2 70	75 71	27 96	14 44	71 32	81 81	55 86	47 41	73 38	16 90	23 43	6 71	59 21	66 82	5 97	25 3
48 29	54 40	51 98	72 2	82 56	60 30	80 68	43 30	89 30	17 45	52 65	12 81	1 80	23 31	49 44	34 6	59 68	21 79	57 62	5 50	0 93	78 15	39 69	44 72	61 9	69 31	18 67	11 79	30 6	16 52	63 62	50 13	67 19	46 31	83 11	64 86	2 44	8 53	40 61	20 81	55 48	75 87	81 35	86 82	36 68	27 24	53 7	37 84	74 97	25 32	71 22	41 49	19 53	26 70	79 66	32 81	68 60	14 23	73 86	6 61	28 18	70 71	65 59	22 72	62 24	4 67	58 50	87 6	85 26	47 72	88 65	24 81	9 57	15 18	45 22	10 48	3 77	29 24	56 50	84 41	7 70	76 2	35 8	13 7	77 15	38 63	66 63	33 48	42 40	31 47
11 87	60 89	43 35	19 48	53 80	48 31	68 65	69 86	70 18	25 73	14 52	73 87	9 37	55 26	79 81	88 47	83 15	86 69	87 54	2 49	15 42	6 15	56 91	17 12	8 86	72 82	36 1	26 13	57 33	82 69	40 34	16 89	33 40	21 12	54 94	22 3	65 12	59 98	47 6	71 35	3 8	78 42	41 78	51 83	58 78	63 98	50 89	62 82	35 57	31 28	23 81	20 31	61 63	0 41	5 22	85 47	75 36	76 66	10 24	37 42	7 53	81 4	64 26	27 80	66 22	39 10	18 48	32 9	42 49	12 34	67 53	28 41	45 17	34 95	74 12	89 71	4 80	24 41	13 21	46 6	44 10	49 27	30 90	29 38	84 26	77 96	80 60	52 78	38 47	1 88
83 46	0 41	21 37	64 96	13 25	7 20	14 55	76 80	74 83	46 65	86 49	28 39	6 94	77 43	53 85	70 7	17 31	9 47	2 86	15 50	36 2	32 12	81 28	57 47	22 76	31 64	42 30	51 15	23 82	39 78	37 89	78 46	69 99	25 63	75 89	3 28	52 93	73 94	18 91	65 84	33 37	55 30	60 15	59 92	24 84	62 67	16 81	27 73	67 21	19 92	85 80	68 25	10 92	54 82	29 75	87 32	44 28	47 28	63 98	30 2	80 85	11 8	1 93	79 90	50 56	66 80	8 3	89 57	45 51	34 46	72 24	12 15	40 39	4 15	56 69	43 19	5 50	20 39	35 41	26 84	61 53	58 83	41 14	38 90	82 41	48 62	84 96	88 25	49 44	71 75
21 2	37 15	17 93	22 60	48 7	0 3	78 76	60 61	59 56	9 9	53 74	31 61	28 86	68 25	34 98	75 64	88 7	30 17	82 3	8 70	83 8	74 28	13 94	25 88	79 7	16 86	40 93	86 55	44 34	51 49	43 30	89 78	66 26	26 25	50 37	49 6	11 24	15 97	39 55	61 87	45 68	41 88	23 89	72 1	57 23	33 91	56 59	47 26	55 36	3 29	6 20	4 76	29 59	12 60	19 13	87 5	70 5	69 64	1 3	64 24	14 47	52 3	76 10	35 30	46 1	84 85	2 34	81 23	71 26	27 1	54 30	24 87	7 56	63 25	42 57	38 17	5 92	73 42	58 39	80 72	65 91	20 96	62 79	85 65	32 79	67 45	18 27	77 12	36 60	10 63
58 21	62 58	12 63	17 42	14 97	8 37	87 14	19 71	83 79	60 9	82 68	44 84	16 74	22 3	70 64	77 14	88 77	32 99	47 95	40 3	25 93	52 99	66 47	57 29	18 8	79 28	5 49	39 37	49 67	46 31	68 16	61 22	55 13	7 57	75 93	43 50	63 91	24 56	2 61	31 34	6 49	74 34	84 12	72 65	69 78	54 37	30 8	56 83	15 57	13 82	38 72	29 61	33 85	81 80	51 40	80 45	27 59	28 76	1 12	50 47	26 95	11 57	9 95	3 4	34 70	20 76	35 38	65 81	76 53	64 57	59 3	86 2	0 51	4 73	85 60	48 44	41 75	42 55	45 7	67 41	21 20	89 86	10 16	53 24	23 42	37 12	71 41	73 29	78 57	36 75
31 60	63 5	75 32	56 86	44 36	62 34	25 4	23 43	26 59	39 41	42 76	6 81	37 3	52 3	22 44	64 60	74 96	72 27	4 91	32 10	76 47	57 72	83 66	80 41	89 13	35 48	50 20	87 33	27 69	61 98	49 51	58 75	84 63	29 52	69 23	88 75	36 59	41 9	68 5	2 76	51 10	48 23	47 69	81 27	54 88	12 50	8 90	55 23	11 70	21 93	18 18	82 43	5 71	45 43	9 37	73 29	59 74	24 64	15 47	85 86	19 54	10 67	38 25	79 16	40 15	20 65	53 18	78 18	43 75	34 98	77 40	71 39	30 12	16 60	3 86	70 26	86 54	0 45	7 22	13 15	33 5	14 89	46 58	65 74	66 27	1 26	60 54	28 45	17 70	67 90
60 51	14 35	5 32	35 54	77 96	28 15	70 41	64 46	34 15	78 37	84 98	29 44	62 40	7 66	2 72	86 52	46 49	50 15	79 65	8 25	23 33	26 23	24 4	56 15	72 47	18 16	73 29	59 48	83 18	89 41	10 71	43 90	6 12	15 42	65 66	37 37	30 29	58 81	4 46	71 10	67 72	42 68	53 94	74 64	45 95	88 80	25 48	0 76	75 99	68 7	87 37	3 52	57 68	27 82	13 95	16 41	61 69	51 2	41 98	39 25	69 72	11 47	33 65	49 68	19 88	21 26	47 62	20 89	54 34	31 61	17 68	63 39	38 66	40 40	12 2	55 28	80 23	22 11	48 93	85 39	36 63	81 19	44 49	82 97	52 33	9 57	76 17	32 95	66 16	1 44
66 64	14 53	50 47	16 64	63 90	2 56	89 99	10 41	67 46	38 39	76 98	37 51	51 30	85 73	27 9	17 17	52 12	40 60	79 63	72 85	6 49	87 27	31 63	69 48	57 85	47 29	12 58	53 86	21 59	24 74	56 47	62 68	82 86	88 13	11 19	43 79	68 79	73 98	80 63	59 28	30 11	22 32	41 35	60 94	34 73	0 83	1 52	42 31	71 1	4 72	48 96	61 22	75 37	36 96	44 67	70 38	39 19	77 58	3 75	64 79	74 30	81 86	23 2	86 4	18 3	25 23	20 88	65 36	54 12	46 4	58 65	35 58	7 14	84 96	19 80	26 24	83 36	8 45	55 68	29 50	32 37	13 69	49 19	9 11	45 83	15 35	78 9	33 98	5 11	28 93
74 5	5 11	12 13	78 19	70 80	56 92	48 27	68 14	43 94	57 15	60 23	50 87	17 50	15 90	4 91	87 83	79 65	41 95	18 42	88 11	52 5	1 97	29 17	28 60	46 64	9 89	47 83	89 29	39 26	71 6	85 13	21 42	84 9	44 76	33 81	62 86	49 20	64 29	76 31	26 6	25 11	34 49	2 22	0 50	77 98	80 96	32 42	23 37	66 57	24 52	6 34	22 12	45 23	3 46	73 5	63 73	13 69	35 38	30 9	59 96	8 18	27 52	7 43	38 96	58 70	40 60	61 33	82 17	53 95	55 58	51 68	54 43	65 49	16 75	31 42	20 83	10 22	81 9	83 92	69 14	42 1	14 12	75 55	86 69	36 74	67 18	37 33	11 91	72 28	19 74
72 12	58 69	41 77	59 44	3 42	42 32	84 2	65 63	79 3	12 95	28 70	29 48	38 71	26 13	64 88	23 29	44 37	45 11	77 89	52 10	21 50	16 20	53 74	27 18	43 86	30 71	8 73	76 23	66 53	7 6	81 80	73 1	22 82	20 15	17 44	74 40	35 22	36 28	34 72	50 52	1 25	54 75	87 13	18 58	63 37	67 59	33 76	5 61	13 3	88 15	19 12	2 69	60 91	61 6	11 76	6 13	69 84	24 11	62 36	82 45	71 37	49 52	86 69	57 65	68 53	47 72	4 77	31 55	75 27	32 43	56 38	55 91	25 82	83 78	85 16	15 38	48 48	89 21	51 63	39 48	46 94	80 49	9 41	37 42	14 48	40 29	78 87	0 66	10 48	70 3
13 41	42 63	50 43	28 83	45 72	41 42	7 47	64 67	19 8	55 93	72 35	78 97	47 65	23 57	14 94	77 39	70 17	5 57	3 15	25 78	62 41	9 84	39 2	67 87	10 48	38 36	59 17	24 14	79 50	53 96	82 55	76 26	34 93	83 11	51 79	40 19	56 69	29 73	27 60	71 12	43 94	84 12	75 42	37 84	33 74	60 47	86 73	85 30	31 20	68 93	65 64	63 22	2 99	21 76	88 60	46 25	18 59	54 87	8 34	22 81	57 71	32 66	16 81	17 22	73 28	15 37	87 88	58 49	30 43	66 15	11 99	20 50	4 5	52 56	89 64	6 4	74 32	81 28	26 33	35 70	69 74	49 29	61 39	1 7	36 70	12 17	48 82	80 56	44 90	0 89
64 12	83 83	39 89	10 90	53 13	54 15	56 15	60 87	6 33	44 73	49 68	57 18	78 83	36 12	15 40	43 28	55 57	71 31	16 59	9 37	35 82	20 37	38 36	87 78	21 82	69 45	14 23	11 58	46 1	62 13	50 74	67 11	45 32	42 8	51 65	63 10	81 97	8 49	29 98	0 50	23 14	26 50	24 48	80 22	7 39	31 76	19 83	77 62	12 30	68 40	76 18	13 6	3 89	40 38	48 39	4 85	1 36	72 34	32 82	74 76	18 29	86 22	17 17	52 61	59 84	28 48	58 40	37 50	5 83	30 48	84 29	65 36	70 25	27 21	82 10	34 73	47 28	75 77	61 34	66 61	41 86	89 88	79 10	85 68	73 61	88 63	25 51	33 72	2 83	22 89
26 89	25 82	81 55	71 14	72 60	86 10	28 24	7 36	32 45	35 5	20 46	19 15	30 99	15 4	55 30	17 72	50 29	33 72	4 52	12 47	39 45	69 66	85 58	31 89	29 31	38 2	43 35	13 22	11 97	16 30	53 12	51 79	77 87	60 31	48 27	40 70	46 9	66 51	0 84	87 9	82 6	3 44	23 28	9 24	89 28	68 14	18 91	76 98	5 80	59 25	78 66	36 28	21 12	80 45	44 70	42 34	52 74	67 8	8 85	14 84	79 2	34 85	58 29	10 68	70 45	41 36	2 35	27 91	45 17	61 28	24 23	63 5	73 19	47 83	49 37	84 79	37 99	64 11	54 2	22 47	56 20	75 52	62 96	83 37	57 57	88 42	65 2	6 97	74 10	1 45
39 56	74 90	49 41	89 15	33 29	54 12	71 20	22 94	46 90	66 42	31 18	86 62	19 4	26 18	67 94	62 53	88 75	55 5	45 40	76 80	64 36	83 50	82 3	77 21	3 44	47 44	70 15	63 20	18 14	53 45	30 39	57 39	78 70	42 93	61 44	59 78	43 46	44 85	20 88	23 10	38 2	84 86	21 36	7 45	81 23	1 54	25 13	28 11	41 58	4 68	68 8	17 9	27 82	9 46	79 20	80 41	73 90	36 14	12 5	8 28	10 8	56 80	69 60	34 91	50 87	60 94	13 63	35 22	75 14	48 60	24 85	58 5	5 31	87 41	37 97	40 34	11 46	29 12	14 32	6 13	32 76	15 13	51 15	16 21	52 87	0 97	85 44	2 83	72 47	65 92
24 83	61 33	65 36	17 42	62 42	42 70	27 98	8 51	67 4	26 43	71 45	21 6	81 27	50 65	56 39	39 33	66 43	63 68	83 55	22 30	15 66	85 51	5 65	68 92	36 59	40 78	28 29	41 77	80 27	34 9	32 85	11 65	51 50	18 61	47 63	30 45	53 62	58 23	48 48	89 66	46 47	55 39	78 43	84 38	1 94	10 66	7 25	74 48	72 3	2 93	49 48	82 74	0 60	20 16	86 81	13 72	23 41	79 31	38 95	33 62	12 13	60 73	4 30	9 40	3 97	31 62	57 85	59 7	75 28	76 76	64 9	87 55	70 52	73 23	52 49	37 42	19 10	69 32	16 27	44 98	54 20	88 87	25 11	6 37	77 28	45 7	35 40	43 63	29 80	14 8
50 36	49 2	35 91	62 12	74 99	14 89	79 97	51 60	89 37	67 14	53 62	88 32	5 84	15 71	3 3	2 23	52 46	29 50	25 2	4 80	12 38	23 30	21 60	59 60	72 45	78 17	61 28	17 99	75 31	46 75	27 57	41 4	57 76	86 93	84 30	47 33	76 84	18 65	64 55	82 69	20 72	30 91	13 2	38 77	71 21	83 57	65 45	85 21	48 30	44 98	70 97	24 80	42 91	69 45	77 93	34 78	16 28	66 66	54 13	56 55	55 23	39 38	8 60	40 40	9 79	33 56	6 47	58 65	37 36	60 69	19 15	7 17	87 60	11 11	1 87	43 12	36 87	28 23	0 58	32 84	45 20	81 76	31 62	63 81	73 64	22 27	80 24	68 6	10 23	26 75
