80	70
67 60	65 66	21 76	29 17	52 85	69 57	43 6	62 1	7 79	25 40	1 34	57 10	64 61	16 33	35 44	26 52	56 74	0 99	10 42	39 36	22 73	44 4	11 19	2 37	24 53	17 29	36 32	66 48	20 97	41 82	9 15	38 80	37 52	48 95	13 86	28 74	5 68	34 79	61 13	32 11	54 51	40 42	31 81	30 93	68 67	23 25	63 97	46 2	33 8	47 79	19 16	50 23	27 70	55 14	53 64	8 94	58 98	18 7	42 23	6 83	49 5	59 85	51 70	15 34	14 71	12 40	4 32	45 36	60 47	3 4
22 71	43 95	40 4	58 16	53 64	23 58	28 37	13 88	19 26	62 66	2 32	24 3	67 53	55 95	3 32	51 94	54 13	4 68	37 88	25 88	34 37	29 9	44 21	45 60	38 24	41 5	68 22	46 76	8 77	12 9	20 48	59 77	9 56	27 88	66 95	0 96	48 23	6 27	5 62	36 4	17 11	32 38	10 78	60 70	30 54	49 78	50 31	64 66	61 81	15 10	21 6	26 32	69 71	18 49	39 74	42 21	65 35	47 12	33 43	11 5	57 70	1 13	14 65	63 11	52 27	16 5	31 42	56 41	7 93	35 20
69 6	48 73	14 40	39 45	43 50	44 84	7 40	16 58	35 86	49 39	8 91	54 48	51 15	50 64	68 18	6 16	32 69	5 5	45 89	66 75	64 29	41 42	58 68	24 11	17 8	13 69	18 59	23 85	60 52	27 41	37 62	63 62	2 71	26 74	15 48	53 96	40 19	62 42	65 1	42 18	67 48	56 81	31 54	55 78	28 58	21 76	29 11	59 23	9 77	46 80	19 6	34 76	4 4	52 76	22 30	38 84	1 34	3 83	36 81	10 15	20 65	0 1	11 33	61 23	25 49	30 45	57 44	47 34	33 24	12 67
57 35	68 34	20 9	2 47	48 29	16 68	39 68	44 67	54 24	10 53	1 82	62 2	11 22	5 52	58 8	4 57	52 90	29 61	25 30	36 63	14 89	66 63	18 83	46 44	49 86	30 58	12 14	24 88	53 74	60 1	27 89	22 56	42 6	65 79	64 63	8 41	23 99	67 82	59 4	7 71	9 1	37 93	28 67	33 77	56 58	69 54	45 42	51 28	0 85	3 38	47 6	31 54	19 95	43 72	17 61	32 73	6 30	35 35	63 93	38 51	61 33	26 89	40 45	50 98	34 1	13 88	41 72	15 63	55 42	21 51
16 66	47 58	44 6	9 31	59 82	29 88	58 48	38 37	61 2	60 24	7 78	40 85	23 99	2 81	36 88	63 31	51 71	45 1	5 69	69 40	20 68	12 86	19 37	48 62	35 19	57 78	42 17	17 99	56 25	68 36	64 1	39 3	6 97	3 6	1 27	18 70	11 33	15 17	41 17	52 65	8 94	33 61	4 98	37 43	34 51	0 82	49 14	32 57	26 78	50 29	30 88	53 41	31 46	14 94	43 85	67 27	13 54	46 51	27 96	28 98	66 95	10 50	25 92	22 22	62 18	54 3	55 93	24 69	65 82	21 3
5 49	52 29	2 23	47 23	31 99	49 32	59 1	20 37	38 75	39 83	68 88	66 36	30 70	37 13	26 75	21 72	43 47	6 16	53 59	15 42	8 56	34 85	29 38	42 30	17 16	0 60	1 98	7 87	36 8	41 19	54 76	25 32	62 47	27 30	4 98	65 42	44 23	28 14	57 79	60 29	18 29	51 79	69 65	14 43	40 78	13 91	10 13	64 52	56 51	50 41	22 55	16 27	9 73	45 56	46 69	67 91	55 76	3 15	35 73	61 70	11 26	32 18	19 2	33 50	12 97	48 37	58 37	24 87	63 8	23 12
40 90	41 31	33 47	57 1	58 22	25 50	62 33	53 18	52 81	64 74	3 48	35 91	67 12	21 90	5 19	17 56	20 48	6 91	29 61	38 27	15 1	60 97	16 55	46 35	22 8	0 34	44 82	69 55	36 79	45 69	50 40	14 74	66 81	13 80	59 35	30 32	54 31	55 48	47 77	49 5	61 46	12 73	34 84	31 32	51 53	68 27	42 70	27 67	19 65	2 92	9 80	56 42	1 77	8 91	48 50	63 61	18 98	37 39	39 65	26 10	4 27	24 70	65 50	10 74	32 57	23 47	11 40	7 93	43 74	28 84
1 82	0 22	24 87	10 90	32 13	39 86	42 88	63 86	8 87	25 72	22 97	18 61	14 42	38 5	13 59	57 43	54 77	5 8	46 88	43 76	58 99	30 69	64 93	55 51	60 41	2 81	26 44	12 33	45 46	61 28	29 14	34 14	17 98	66 14	53 48	27 79	51 53	68 29	41 88	59 96	35 74	7 63	48 5	33 99	67 29	37 74	56 66	19 77	65 74	36 42	44 81	9 90	62 97	69 82	11 16	21 1	40 85	4 75	23 46	49 14	6 72	31 25	16 39	52 36	50 96	47 25	28 20	15 15	3 33	20 66
38 32	40 68	30 88	50 97	42 39	47 47	52 16	62 29	35 87	43 78	58 17	57 25	49 25	45 60	66 81	22 52	17 52	18 79	64 14	54 62	41 48	33 10	0 80	14 81	24 57	11 68	37 69	28 77	46 7	21 10	56 70	60 11	25 73	34 57	7 56	31 16	20 37	12 46	69 26	10 54	16 7	15 95	63 51	1 56	61 87	32 14	5 86	53 15	68 6	4 14	26 91	19 75	55 38	67 65	23 64	36 28	6 83	8 37	9 84	3 97	65 86	2 90	13 62	44 85	51 79	39 29	29 61	48 54	27 2	59 17
62 3	50 13	24 83	51 80	61 34	57 51	10 63	49 57	66 24	25 92	23 43	13 72	41 19	18 41	39 94	3 59	52 20	22 28	1 53	56 98	6 91	37 75	46 26	69 76	59 5	33 97	32 48	17 84	7 22	43 37	36 9	47 52	28 36	38 26	29 31	34 4	65 90	48 13	12 9	44 52	11 40	64 49	31 29	5 76	21 44	55 90	63 19	8 96	45 11	20 10	4 33	27 58	14 40	40 75	26 5	42 23	15 30	19 54	30 68	16 23	58 49	53 5	67 68	0 44	68 66	2 68	9 22	35 28	60 70	54 99
67 49	42 6	69 43	60 93	40 91	38 16	51 96	68 11	15 31	0 2	30 4	62 38	8 86	6 33	27 91	16 50	50 34	9 55	54 46	49 14	21 1	35 3	63 67	10 67	33 86	48 32	28 66	4 69	41 47	64 60	24 38	45 94	26 86	65 48	39 15	53 67	19 91	20 89	32 16	56 8	17 81	3 69	25 37	36 3	14 3	58 74	11 2	31 20	55 11	44 94	1 66	5 35	46 60	66 86	47 72	43 63	59 90	18 91	7 5	37 53	12 85	52 76	61 72	13 50	2 1	57 33	22 28	34 84	29 9	23 68
30 24	10 35	6 88	40 78	26 75	8 72	29 69	2 43	63 60	50 61	57 23	49 95	14 4	41 57	64 6	60 79	16 9	13 97	12 12	1 92	34 56	35 96	44 73	66 17	17 36	51 88	15 1	52 72	5 21	3 62	65 48	36 13	0 25	68 83	37 8	19 73	42 53	9 81	25 5	24 32	31 75	61 19	22 32	38 10	62 21	28 39	11 12	27 69	23 76	59 30	46 69	69 73	33 47	55 75	47 22	53 95	4 89	67 65	56 37	58 47	18 18	20 63	21 57	39 72	43 95	7 17	48 79	45 17	32 96	54 10
66 91	60 90	7 7	36 95	69 55	67 99	18 92	11 82	35 56	33 20	42 52	23 64	10 95	16 54	24 79	61 59	68 23	38 27	41 80	37 10	51 27	64 72	45 23	53 98	62 16	20 97	6 90	52 39	58 88	56 30	44 27	59 53	26 17	46 76	2 82	25 20	9 43	49 72	40 53	14 70	48 35	17 2	5 86	4 94	1 11	13 78	57 49	12 96	27 41	34 67	39 1	43 16	63 88	50 45	15 83	8 92	32 85	19 86	28 96	30 20	29 24	22 5	65 42	55 11	47 12	3 16	54 57	31 72	21 71	0 71
39 1	66 39	21 8	35 90	36 65	27 45	58 31	11 81	55 95	13 13	57 39	16 56	9 49	15 20	48 82	63 22	44 56	34 71	59 3	60 31	23 56	10 37	6 45	43 9	17 49	0 89	4 31	25 25	24 61	20 37	61 44	2 37	64 56	18 78	67 36	8 65	50 94	30 12	38 47	19 62	41 86	22 69	7 20	12 41	26 80	29 56	14 51	46 33	65 18	40 34	3 64	42 5	69 66	37 68	51 63	54 75	56 36	32 29	28 84	33 66	31 67	45 13	62 21	68 74	1 34	5 4	53 40	52 3	49 6	47 92
47 87	50 21	57 82	53 91	45 29	2 80	59 88	27 49	22 87	33 31	5 46	39 86	52 32	28 38	68 10	43 40	30 71	23 84	63 23	38 69	24 47	11 60	35 54	21 92	26 11	31 40	3 90	14 94	62 41	49 84	69 65	65 29	15 73	51 72	29 81	37 98	61 8	18 58	9 78	4 50	8 74	16 94	32 90	64 52	58 92	44 65	55 89	1 64	46 18	41 66	17 46	13 23	6 63	25 92	48 31	12 46	56 39	10 8	7 31	40 40	36 89	60 49	67 5	66 11	42 96	19 8	0 92	34 20	54 97	20 95
30 87	58 16	68 97	49 20	6 10	26 96	10 1	33 22	15 29	18 91	59 86	53 23	2 21	23 16	55 7	9 3	62 35	43 79	29 54	27 6	21 58	11 36	19 67	44 92	1 77	38 99	40 22	65 28	17 67	32 67	39 42	24 9	12 30	57 72	25 47	56 3	8 61	67 91	20 32	48 54	51 6	54 3	47 80	13 46	41 61	66 64	45 43	52 7	3 27	50 64	46 74	14 31	31 16	64 88	63 49	35 25	4 69	34 59	42 45	22 75	36 17	61 13	7 33	60 71	28 16	0 92	5 99	37 58	16 34	69 47
66 53	49 46	44 65	45 13	36 26	10 89	24 77	5 56	39 91	54 16	0 80	37 53	23 24	12 41	8 55	68 35	67 48	7 7	64 96	62 23	27 81	53 98	30 44	31 22	28 17	16 80	33 70	60 42	35 49	25 91	47 41	29 25	20 30	21 63	57 27	63 11	19 61	59 80	48 4	18 65	11 23	61 13	3 94	43 76	69 63	50 90	41 48	55 73	9 4	58 39	26 99	46 31	56 55	13 87	32 77	52 75	38 62	40 24	2 69	65 90	17 63	15 25	34 7	14 34	6 31	42 87	1 87	4 97	51 39	22 98
16 76	57 72	53 18	4 54	48 67	25 92	69 23	31 99	12 69	43 31	6 14	30 13	5 80	54 97	38 8	3 16	61 94	32 99	55 14	60 55	28 39	10 34	65 57	22 87	40 18	26 70	68 12	17 84	20 91	34 6	59 25	13 79	56 37	0 72	9 56	63 66	58 12	37 46	24 11	18 47	64 99	49 57	7 37	66 84	51 23	2 45	14 79	45 20	46 46	19 85	52 38	35 89	50 44	44 94	41 63	15 46	62 28	29 35	21 23	42 59	33 6	67 20	8 21	23 68	1 47	36 57	47 10	27 93	39 61	11 34
23 70	2 42	50 77	69 96	33 42	4 69	8 6	62 28	52 19	9 31	42 76	31 89	24 3	58 89	61 43	12 50	66 70	7 59	19 6	28 24	38 83	46 65	14 86	22 73	3 48	53 32	65 83	67 44	41 37	15 15	59 18	43 56	56 61	35 70	36 7	39 43	30 83	5 72	49 5	63 33	20 44	1 47	34 49	29 66	18 54	10 56	6 23	60 60	0 72	21 64	13 1	55 92	64 75	17 49	68 99	51 4	37 58	26 16	32 29	54 44	27 86	16 73	25 82	47 67	44 54	11 72	40 31	57 79	48 68	45 21
28 37	58 13	46 36	24 45	67 18	68 20	19 87	54 96	29 35	41 48	60 23	62 4	45 61	61 54	52 7	42 29	40 26	11 91	63 92	37 90	31 12	26 65	32 40	43 97	16 94	6 92	4 33	47 6	5 92	0 39	53 77	39 60	66 65	12 32	50 61	18 34	8 1	15 91	36 75	69 24	17 19	55 26	57 43	59 28	33 37	3 60	25 72	9 80	49 98	27 5	23 18	10 36	22 95	14 24	21 51	20 63	51 6	56 29	2 83	30 96	44 24	65 16	13 80	38 5	48 55	7 23	64 99	1 30	34 51	35 51
38 52	40 8	8 28	63 3	18 65	6 32	21 5	61 11	69 29	35 80	15 55	13 76	10 72	36 87	56 14	0 62	7 63	2 66	60 40	25 80	4 15	68 24	34 41	59 38	26 12	17 21	43 99	19 49	33 56	64 28	32 31	46 38	47 72	31 54	48 50	12 37	45 32	65 61	20 83	27 45	1 80	37 74	23 46	62 48	44 24	39 42	24 33	29 7	9 83	67 20	57 85	5 25	41 58	51 75	22 15	53 37	54 64	14 53	30 79	55 32	11 25	58 46	42 97	66 93	3 99	52 35	28 46	16 33	49 32	50 48
0 55	47 15	22 23	32 68	11 3	34 38	14 8	45 88	42 65	41 53	5 82	55 4	53 28	48 3	17 88	13 21	58 47	56 13	28 12	10 92	61 10	35 32	2 63	50 70	69 99	40 76	33 20	23 22	27 78	68 8	4 88	7 18	21 31	26 78	12 90	1 59	6 44	65 17	3 70	36 48	18 64	19 74	39 2	24 44	67 98	52 28	37 97	62 76	59 71	31 16	25 37	29 81	44 25	46 52	63 73	66 99	16 50	64 84	9 28	51 8	43 46	8 84	49 12	54 41	38 78	30 46	57 70	60 16	20 49	15 65
51 50	43 25	59 34	42 84	3 83	18 66	60 95	65 98	9 24	22 53	36 15	62 35	15 85	54 99	34 57	17 47	38 72	33 59	30 17	4 91	55 72	56 43	24 83	8 76	6 87	39 12	49 54	52 45	19 94	69 47	2 29	14 34	44 69	13 53	63 7	31 1	67 39	53 10	64 91	35 4	66 65	58 97	10 85	23 53	5 3	61 4	0 10	68 98	1 27	27 26	57 77	7 7	11 97	45 77	20 73	46 8	32 48	48 3	16 32	47 70	28 86	37 74	21 36	50 97	12 94	29 54	41 78	26 49	25 43	40 92
55 35	56 25	31 20	11 83	54 26	48 3	41 21	57 80	9 20	1 47	20 71	62 43	28 88	36 26	49 17	51 93	13 4	60 85	38 79	53 60	27 29	52 5	10 81	59 44	4 23	58 23	21 6	29 75	2 37	35 6	47 42	39 46	23 13	18 76	42 20	25 89	61 15	66 67	26 72	63 33	33 4	32 80	16 16	3 30	68 3	24 92	12 59	69 38	50 64	6 43	64 62	19 86	40 14	0 39	45 22	43 62	14 28	30 87	37 97	65 30	34 60	44 59	46 34	67 78	8 1	22 52	5 85	17 30	7 48	15 3
17 87	54 71	46 65	9 28	56 39	12 11	16 95	66 74	37 89	32 62	36 74	0 55	38 52	20 16	67 42	27 43	35 28	24 6	44 24	52 79	6 43	45 35	22 73	58 84	28 62	18 7	10 90	59 45	40 79	2 38	64 74	61 61	33 11	39 40	43 7	34 16	29 76	65 56	8 35	26 72	3 85	60 78	68 81	57 40	51 53	13 15	19 27	15 7	5 58	14 29	21 19	11 10	23 28	47 27	30 91	42 62	4 1	55 76	53 73	63 18	50 4	7 21	48 89	1 6	69 7	31 51	62 78	41 10	49 89	25 31
67 93	44 86	68 44	1 56	52 76	8 19	29 75	3 74	38 48	51 1	22 40	41 9	50 52	13 19	23 99	53 26	5 71	63 97	62 99	57 52	9 55	42 5	47 71	30 46	34 21	60 80	11 28	7 82	32 51	35 46	45 36	66 29	31 83	49 16	15 18	46 5	17 22	10 89	21 32	18 89	37 49	43 70	58 66	36 84	2 7	65 47	40 26	56 57	24 33	69 20	55 71	28 26	27 24	12 71	59 37	39 8	33 59	4 45	48 13	16 59	54 87	26 59	0 53	6 38	64 31	20 57	61 23	25 42	14 83	19 12
60 34	35 40	44 7	68 54	15 30	37 81	0 23	42 20	16 53	56 48	12 26	59 33	9 4	29 75	62 46	3 29	6 53	61 27	25 17	21 89	49 7	55 98	32 70	27 11	36 9	48 44	47 48	52 74	11 81	69 76	14 37	39 9	40 61	65 33	22 27	20 20	10 78	53 8	57 89	41 88	33 22	23 68	66 66	2 22	13 83	51 49	24 24	17 12	38 89	63 75	34 42	64 25	54 16	43 93	5 77	8 50	46 20	31 87	7 65	45 71	67 32	26 86	18 10	58 27	50 28	28 87	19 75	30 10	1 26	4 53
56 20	31 32	24 48	23 34	62 96	44 22	18 18	38 12	69 70	65 93	34 92	4 53	42 10	14 81	47 49	40 50	67 15	58 36	6 78	37 71	54 62	53 84	46 43	16 42	61 74	43 51	51 32	35 18	66 99	12 52	41 77	13 16	33 81	50 53	9 84	45 51	36 89	19 87	39 98	60 54	52 71	17 26	7 17	1 75	57 70	49 86	21 31	25 57	68 36	10 42	48 90	2 75	11 46	27 85	64 33	55 17	22 24	20 74	8 57	63 71	0 9	32 36	3 54	30 70	26 89	15 79	28 27	29 52	5 50	59 48
20 52	13 30	50 17	42 64	35 78	60 38	25 90	14 69	27 74	32 94	55 57	63 63	12 90	61 44	21 15	0 69	44 61	62 48	51 28	23 31	11 72	33 47	68 3	1 71	41 67	38 33	58 29	31 77	30 73	34 93	26 17	67 22	37 27	24 39	45 70	18 17	43 72	8 91	66 71	29 43	9 10	3 79	40 55	54 32	7 62	57 43	48 14	16 3	2 36	46 11	10 10	56 99	22 10	52 84	36 53	4 99	19 2	47 76	65 34	39 18	59 58	17 78	64 86	15 89	69 9	28 15	5 55	6 69	49 64	53 46
47 7	53 48	35 19	40 39	43 27	5 63	13 19	26 94	10 72	9 59	6 23	14 16	54 33	66 78	1 63	30 50	17 95	67 43	28 63	62 76	50 88	56 26	65 16	19 35	36 69	60 81	63 4	42 16	37 86	29 26	22 75	4 65	32 33	0 18	7 65	38 86	33 66	39 59	21 96	69 40	3 15	12 67	27 12	24 19	48 49	52 14	41 32	51 85	18 61	46 23	11 40	20 66	49 32	25 61	16 58	8 69	31 25	34 54	55 5	45 59	2 11	58 81	15 92	61 43	59 87	23 65	57 95	44 24	68 67	64 83
26 57	5 56	69 2	31 46	14 97	51 46	0 42	19 93	64 79	29 49	8 73	16 19	36 44	45 75	42 24	67 54	56 51	10 23	54 52	35 69	34 92	25 33	7 21	15 94	60 63	4 39	44 82	6 48	33 99	39 40	52 13	32 17	68 94	40 98	24 71	18 38	12 91	1 87	53 45	27 81	13 33	48 14	9 26	23 11	50 15	66 20	17 70	3 64	63 65	57 95	41 75	65 58	43 16	46 46	30 31	59 39	37 42	58 21	62 94	47 23	21 96	38 64	55 52	2 4	22 45	28 70	11 71	20 29	61 81	49 81
45 58	44 39	3 87	9 13	1 39	16 71	56 34	66 12	21 33	37 91	28 25	4 22	10 80	39 39	38 6	35 52	57 23	64 91	46 1	0 35	12 10	67 7	17 85	58 89	41 77	15 73	18 14	49 34	31 86	8 28	36 3	65 65	55 94	47 1	14 66	29 30	7 47	42 31	33 11	60 42	13 34	52 30	61 90	69 97	22 8	25 49	54 79	11 53	43 32	50 36	59 57	26 83	20 66	2 62	27 75	63 69	48 1	68 74	53 63	32 50	62 37	5 28	40 55	6 16	23 10	30 39	19 56	24 21	51 9	34 72
8 43	69 44	31 83	46 89	18 49	41 83	55 38	60 29	11 90	38 50	64 92	65 54	37 49	23 3	54 54	4 14	30 75	27 84	45 46	34 98	57 96	20 68	59 30	6 55	48 27	56 59	63 17	19 58	35 12	33 63	51 1	21 40	43 90	32 95	52 98	24 56	44 92	66 18	15 54	9 82	26 58	7 21	49 78	67 84	53 43	14 48	13 72	2 89	58 95	16 93	10 38	22 20	40 66	1 11	17 57	29 68	3 96	25 65	61 91	0 65	42 53	5 68	47 51	50 53	36 83	62 56	28 27	68 60	39 21	12 37
66 13	44 21	54 37	42 68	64 88	51 98	46 51	6 80	57 98	61 79	56 99	10 62	23 86	55 57	1 94	20 65	37 66	18 10	3 60	49 47	43 2	60 38	5 24	59 95	31 60	4 46	15 20	2 4	53 32	62 43	35 89	17 75	24 28	50 11	21 34	36 61	14 29	45 38	29 67	68 67	26 69	9 5	48 62	40 73	67 29	7 18	58 28	11 13	52 45	39 80	0 70	30 58	13 54	12 54	65 64	63 72	47 89	16 10	34 61	22 3	38 22	32 95	28 76	8 41	19 45	69 48	41 1	25 19	27 57	33 24
1 29	68 11	8 26	28 78	59 52	31 89	63 53	27 66	66 65	30 84	9 80	61 68	55 15	46 12	7 37	44 49	25 54	58 51	60 28	39 91	57 7	48 50	6 90	42 52	16 15	35 21	36 4	21 3	54 72	19 58	17 73	43 39	51 37	67 9	64 23	33 66	23 96	41 94	26 57	5 94	56 13	32 78	4 3	22 93	12 16	34 99	13 23	47 39	69 4	18 17	14 86	40 85	62 62	65 66	3 2	37 56	50 55	29 12	10 44	0 3	20 31	2 82	45 81	49 76	53 73	11 9	52 35	15 92	24 22	38 46
58 58	51 91	16 69	64 46	55 82	57 48	15 84	18 12	41 99	45 25	56 98	49 5	17 77	36 50	20 93	29 69	10 7	42 55	1 54	26 36	38 51	67 62	52 97	11 72	39 57	0 50	33 34	3 10	46 20	27 86	68 63	65 38	24 27	9 71	37 72	21 24	69 7	44 61	8 41	60 37	47 49	2 59	54 15	53 19	66 55	12 65	25 73	43 97	28 55	63 48	32 56	40 24	50 81	31 37	62 48	6 27	4 62	30 13	13 50	5 36	22 18	61 89	7 58	48 85	14 81	19 13	59 93	34 46	23 34	35 73
33 39	26 87	43 53	52 58	27 4	23 70	39 27	59 80	66 31	60 52	48 82	61 10	49 67	28 86	62 4	4 56	63 47	50 44	55 54	42 49	19 3	17 76	6 62	65 76	13 59	45 42	11 12	57 25	5 47	47 92	22 41	21 70	46 85	18 26	2 68	3 92	10 88	40 70	29 80	30 40	20 25	51 93	38 87	16 10	54 52	58 68	32 30	44 54	56 5	1 41	41 59	68 50	9 32	8 21	64 98	34 51	0 19	31 89	14 5	12 96	35 87	67 15	24 20	15 45	37 84	69 66	25 33	36 1	7 69	53 95
12 24	45 48	62 86	56 38	23 62	27 22	69 76	40 48	41 54	64 80	26 45	0 81	29 76	37 17	9 50	8 48	10 50	32 99	67 24	63 86	39 20	44 5	24 27	3 6	22 22	33 96	1 66	34 92	5 69	36 16	55 82	59 82	16 88	2 19	58 42	30 92	50 6	21 80	31 40	48 3	54 15	13 3	20 85	66 97	17 1	49 52	18 57	57 18	15 43	52 78	68 53	14 38	47 81	46 21	38 13	7 89	43 41	61 72	11 10	35 72	51 23	4 60	65 73	6 54	60 8	28 6	25 27	19 60	42 95	53 49
36 3	31 99	1 27	3 11	13 53	10 44	49 23	54 28	5 52	40 80	14 50	7 9	41 99	22 43	61 84	11 84	6 23	50 70	8 98	32 82	20 3	48 69	39 93	68 35	2 65	69 77	17 33	18 93	56 85	38 50	44 56	58 60	16 38	12 72	27 51	15 55	46 22	29 64	65 11	64 22	30 80	23 44	34 52	63 56	42 54	37 28	57 50	4 32	62 3	53 88	33 36	25 98	43 53	45 13	52 30	51 44	60 57	19 99	0 79	26 70	9 3	67 44	47 69	55 89	24 61	59 24	28 19	66 36	35 50	21 66
16 38	1 51	62 33	50 90	43 64	3 54	10 64	49 4	57 95	53 69	37 31	48 47	23 75	55 45	8 47	29 78	63 86	4 33	31 1	34 1	28 35	56 13	39 91	68 20	14 65	22 88	58 28	6 13	11 64	9 1	25 77	59 30	69 23	36 99	45 50	20 92	61 74	66 83	27 15	42 27	65 59	2 50	64 63	13 94	32 37	7 66	47 53	21 28	52 72	40 42	30 86	17 80	35 86	60 84	44 76	54 82	15 78	24 57	12 12	38 33	33 79	0 22	5 94	26 38	51 84	41 52	46 79	67 9	19 48	18 63
48 9	55 11	47 9	30 70	39 69	50 29	5 83	33 17	4 39	2 30	41 67	44 34	1 30	12 96	66 67	69 80	6 95	63 23	27 38	11 99	60 14	57 87	40 79	58 75	19 60	42 91	25 48	52 21	36 72	14 41	15 10	32 46	35 31	49 30	10 10	43 85	67 57	7 58	16 21	53 15	68 6	22 11	45 7	20 60	38 87	46 55	9 83	3 37	21 3	65 84	51 35	24 35	17 34	26 4	54 30	64 38	28 55	31 23	13 41	61 49	23 23	18 2	0 3	34 81	29 80	37 93	56 27	62 12	59 63	8 79
46 82	32 82	38 18	54 41	68 88	34 34	55 22	4 78	43 70	15 31	58 42	45 40	67 8	2 6	37 70	63 23	47 26	9 52	49 69	23 61	51 65	28 38	21 1	7 82	65 93	16 36	10 4	11 95	69 43	66 54	18 23	57 88	30 18	52 34	48 96	3 25	64 1	41 60	13 31	31 37	19 67	40 75	33 99	60 15	25 72	12 83	0 97	1 4	39 29	44 34	56 6	29 44	27 50	62 95	17 87	50 43	42 49	35 43	5 13	53 45	61 89	20 85	22 19	8 24	6 82	36 52	14 10	26 18	24 79	59 27
13 26	20 99	65 47	1 60	61 66	31 91	60 88	39 26	11 13	38 98	16 2	22 39	33 49	43 91	40 72	29 41	21 61	62 65	56 74	14 42	42 47	30 52	27 30	5 18	25 53	57 95	53 55	12 12	28 15	67 61	69 42	58 90	50 77	0 23	37 93	9 31	34 8	52 15	55 72	6 79	18 27	19 99	68 5	54 53	8 5	2 6	47 40	23 79	35 24	51 75	48 78	41 14	26 79	15 6	24 18	46 29	49 97	59 96	7 16	44 87	3 84	63 26	36 94	64 28	45 5	4 4	66 83	17 55	10 27	32 21
6 59	16 78	12 14	32 69	7 80	20 4	23 5	10 10	22 56	48 27	65 25	54 82	42 62	2 67	18 17	15 91	30 86	60 43	5 42	34 62	56 51	45 67	21 35	36 96	68 69	53 78	47 1	29 82	8 47	44 68	11 39	31 59	63 77	14 55	17 66	66 35	0 89	3 27	52 76	24 55	49 3	46 73	55 21	59 93	61 40	19 70	1 44	43 68	33 47	13 10	27 29	57 45	50 50	67 35	4 77	28 88	35 58	9 58	25 21	58 17	37 6	62 79	38 87	41 77	69 51	39 30	26 76	64 40	51 47	40 92
21 35	55 84	37 2	40 22	24 46	38 89	48 57	22 64	28 96	63 55	62 62	68 40	34 71	42 68	10 98	64 85	61 20	0 14	15 28	57 80	9 28	3 84	29 2	51 73	39 45	49 47	50 77	58 2	59 10	23 2	14 45	17 19	6 99	20 43	25 6	35 28	52 34	30 26	7 32	8 65	36 70	11 45	33 37	60 73	43 20	53 3	1 45	4 39	31 39	65 9	5 19	13 29	44 52	26 42	54 13	41 30	45 97	67 57	27 35	32 56	19 13	56 59	2 14	12 46	47 55	69 32	18 54	66 58	16 46	46 59
1 81	50 33	43 42	32 18	31 10	64 37	20 93	27 53	24 15	4 72	68 35	34 63	3 6	18 85	9 53	63 66	7 46	56 93	44 66	53 76	6 3	14 8	37 99	52 40	10 90	67 60	60 90	69 88	30 83	45 94	65 7	28 92	61 11	41 76	17 77	39 51	0 18	47 36	5 88	48 61	21 12	57 88	8 54	15 3	38 81	59 34	58 66	55 60	11 19	40 60	49 16	26 56	46 26	2 25	54 55	35 29	42 95	19 2	12 79	25 37	62 57	13 7	16 86	23 16	22 50	29 15	33 42	66 68	36 84	51 72
24 27	7 50	37 61	26 90	45 30	28 14	43 61	48 31	56 69	38 66	65 37	46 53	64 19	0 59	62 43	69 23	12 58	55 50	68 80	17 25	22 37	3 64	9 98	11 10	39 2	8 1	13 80	2 66	1 36	63 23	14 4	40 58	33 57	35 23	19 71	15 59	20 63	36 62	42 60	53 61	23 47	50 78	57 18	67 37	52 5	49 51	59 11	18 39	58 75	30 96	41 98	51 6	66 39	60 44	32 63	61 88	31 52	47 95	25 37	44 42	27 41	5 88	10 69	6 1	29 59	4 76	34 16	16 31	54 79	21 30
26 91	31 76	60 58	66 8	30 86	15 47	41 21	12 70	35 22	58 6	32 94	37 19	67 66	40 95	27 56	6 51	13 82	38 54	25 56	29 89	68 85	51 80	16 65	33 20	0 10	56 34	61 22	9 35	50 3	4 37	43 76	63 64	24 38	7 97	53 9	48 63	42 98	5 27	3 69	14 32	21 67	47 76	69 8	19 36	55 69	57 53	17 41	65 17	54 10	20 93	46 81	11 25	39 59	49 36	45 14	59 91	34 86	10 9	22 48	62 17	18 13	8 44	44 61	1 7	23 6	52 42	64 11	36 13	28 7	2 60
11 14	8 6	9 64	48 11	1 16	13 14	52 67	44 78	15 66	7 28	39 68	61 30	4 99	17 73	28 92	55 84	20 59	29 2	56 47	26 40	36 38	62 36	0 30	25 23	41 77	23 2	2 1	34 24	67 5	63 57	3 31	66 23	5 12	47 36	54 75	37 75	14 59	45 82	32 80	43 44	12 43	42 7	50 29	10 94	6 54	27 63	30 74	69 3	53 96	49 8	18 18	33 97	40 80	19 86	57 42	60 33	21 53	31 88	38 62	46 72	64 70	59 20	65 60	22 22	68 81	16 37	35 91	58 76	51 75	24 33
31 1	68 80	60 26	39 71	55 86	36 16	25 80	22 78	38 61	19 83	41 76	51 99	21 95	24 73	29 91	32 44	58 87	56 9	45 80	34 39	23 91	54 78	27 64	12 18	35 40	37 8	13 54	7 8	17 12	40 38	48 67	62 82	69 72	6 14	10 95	65 41	47 89	18 90	63 44	66 44	43 64	30 11	61 62	20 42	9 87	26 43	44 64	16 36	28 92	2 55	46 83	57 49	59 99	1 78	52 8	11 78	64 29	33 32	8 97	3 94	50 30	4 57	0 92	67 26	5 16	15 43	53 29	49 45	42 56	14 17
60 46	52 90	26 3	69 90	59 16	46 74	6 5	66 92	44 31	37 35	12 28	49 95	30 15	7 93	58 37	40 33	55 47	34 62	0 74	41 79	61 9	57 48	28 3	5 66	56 74	42 55	67 84	53 72	31 6	18 78	25 10	51 96	29 24	62 67	9 24	48 60	19 11	11 38	45 33	63 6	54 56	22 47	1 41	8 22	33 25	3 91	32 52	4 16	17 6	13 36	2 7	27 17	36 13	65 30	39 97	35 26	47 38	38 30	14 75	64 33	10 55	24 69	16 74	21 99	20 91	15 78	43 4	23 81	68 71	50 71
3 28	31 17	34 90	62 96	59 61	51 2	67 2	57 63	17 14	21 68	61 46	20 35	23 3	22 14	30 74	64 7	10 88	33 39	12 50	43 77	32 70	58 56	40 64	66 53	16 49	65 3	2 40	4 45	44 42	24 63	53 35	14 70	19 30	49 42	60 82	63 20	46 56	18 19	55 27	45 1	50 42	39 62	68 14	7 82	37 95	52 79	9 68	8 68	54 61	69 94	56 4	35 1	28 68	25 63	5 75	41 24	11 13	27 59	48 3	38 28	1 61	36 34	26 48	0 93	42 22	13 96	47 44	29 98	15 11	6 77
66 94	29 29	64 26	7 64	36 19	48 88	59 3	18 48	37 42	67 23	60 23	19 96	14 79	27 60	52 67	2 21	23 67	34 88	65 43	24 66	10 61	33 98	57 98	51 92	40 95	21 6	56 71	5 53	15 59	53 40	32 8	8 31	31 30	28 68	58 40	47 15	55 75	6 94	68 39	16 51	13 42	25 14	38 28	69 52	43 4	41 64	45 33	46 75	20 50	63 38	39 89	35 93	1 16	9 32	26 75	4 85	11 2	17 27	49 51	0 58	12 42	42 68	30 13	50 99	3 59	44 52	22 28	61 83	54 47	62 71
4 72	3 92	40 86	30 35	53 6	69 70	67 86	22 6	46 33	50 31	41 15	6 55	14 83	31 27	12 1	43 63	45 52	60 48	24 65	57 61	25 34	48 58	11 59	52 62	26 97	1 25	47 70	32 47	28 75	54 21	44 36	37 81	23 21	2 39	66 21	17 48	56 80	58 38	35 99	19 93	51 46	39 11	20 5	13 65	42 7	63 67	55 40	21 21	38 97	27 75	59 37	9 41	49 69	61 88	33 47	64 65	5 66	68 6	10 65	29 50	8 1	16 66	62 25	34 92	65 79	18 12	7 93	36 4	0 5	15 38
34 75	39 25	31 13	12 37	10 12	33 38	29 39	15 22	21 60	60 9	14 76	23 92	17 24	27 49	57 40	43 53	24 38	20 9	64 11	48 67	7 13	13 28	58 52	11 97	36 94	5 38	6 45	65 90	67 49	19 60	59 38	55 14	62 16	54 13	38 20	42 95	50 31	53 98	69 60	26 17	18 96	46 14	1 47	16 12	51 47	0 54	37 53	56 58	40 77	9 99	3 24	66 57	41 67	45 21	30 55	44 48	47 52	63 43	22 32	32 73	68 96	35 66	28 85	4 12	25 70	2 94	8 89	49 91	52 46	61 67
64 87	54 4	8 8	45 4	31 82	5 42	39 60	41 20	50 43	51 5	24 99	2 44	34 70	28 17	16 46	66 98	6 80	14 18	35 15	46 12	1 77	67 34	21 48	38 68	36 6	65 40	30 36	48 99	27 35	25 91	59 97	22 34	42 23	4 56	57 34	44 34	58 78	12 39	32 89	47 65	0 53	3 64	69 76	62 34	23 22	56 82	29 64	17 5	7 42	55 95	63 91	19 36	49 99	9 81	40 79	68 36	13 59	18 48	33 41	26 32	11 51	43 35	37 27	15 55	61 89	10 82	53 94	20 94	60 34	52 14
54 54	19 65	41 97	7 13	18 65	14 87	50 53	35 14	16 66	17 49	34 11	43 42	27 26	44 2	28 59	11 16	39 7	29 46	1 45	13 61	12 65	5 44	15 98	3 90	33 72	20 31	53 46	36 42	21 25	46 10	55 46	66 11	0 96	31 9	59 21	9 29	22 42	67 16	68 61	64 83	69 74	23 6	2 75	57 95	26 44	47 60	61 5	24 94	40 25	52 98	58 71	45 40	63 34	65 4	37 33	49 80	4 34	10 60	8 35	25 36	32 81	62 40	38 21	30 62	51 76	48 73	6 2	42 68	56 36	60 68
58 36	12 14	9 23	65 29	64 57	14 21	0 4	16 58	45 82	63 42	50 95	67 36	3 7	55 14	15 41	48 3	32 63	59 42	39 14	52 69	10 84	25 99	6 49	2 2	62 88	44 20	4 88	24 30	1 39	37 40	51 7	41 67	8 52	36 22	13 59	53 18	49 7	57 77	18 88	28 39	61 99	29 35	27 9	23 36	40 76	5 93	35 91	68 55	7 25	60 55	20 3	22 97	66 57	46 72	47 96	21 30	42 10	38 7	54 8	11 18	26 94	19 39	34 90	56 11	31 73	69 80	30 66	33 45	17 28	43 73
30 56	43 80	51 92	66 51	52 99	24 3	57 80	8 49	48 58	53 34	28 37	46 4	44 62	49 16	18 66	27 71	63 17	55 76	14 18	23 86	26 63	2 82	59 51	62 37	47 36	35 78	22 47	33 57	20 80	58 7	45 68	38 27	29 88	60 33	17 41	65 98	15 31	61 97	10 14	67 44	16 42	39 60	68 75	13 71	41 90	7 38	36 58	19 6	42 28	56 59	69 41	11 9	25 4	0 7	3 63	12 30	37 61	5 86	50 46	31 27	54 49	64 4	4 57	40 57	6 38	21 89	32 37	1 59	9 69	34 66
51 75	9 47	18 55	33 57	60 69	4 63	13 16	2 57	47 52	3 62	37 12	19 3	12 11	58 79	43 77	62 68	65 82	28 63	67 78	44 95	26 15	50 40	1 97	24 28	61 15	30 70	8 4	55 48	42 91	15 90	14 45	64 70	54 47	21 89	27 8	38 92	52 97	32 20	20 12	57 98	5 92	22 10	41 26	23 70	25 94	31 47	53 54	36 35	40 34	11 12	56 80	69 73	35 55	7 45	6 51	59 43	68 77	16 50	0 94	10 99	39 95	45 86	49 47	17 92	48 79	66 33	34 15	29 74	46 6	63 40
62 31	30 9	65 46	26 51	47 55	52 46	41 26	48 29	33 67	24 96	51 2	4 46	8 51	56 44	46 29	40 61	23 34	39 35	2 55	25 68	67 45	35 80	28 69	50 16	59 63	21 48	13 74	19 35	18 81	68 85	54 7	36 20	61 17	14 8	55 13	7 81	3 84	22 92	53 12	31 26	20 88	45 1	15 28	1 40	11 12	66 24	12 29	42 28	0 98	63 82	57 87	29 54	64 69	34 18	10 64	27 6	49 68	16 35	38 65	44 96	6 77	37 34	32 77	60 3	58 4	5 4	17 79	9 53	43 18	69 62
66 14	31 49	48 86	36 49	57 59	17 80	2 2	44 62	32 97	4 54	24 18	55 93	69 47	27 5	21 11	39 15	63 36	61 58	35 99	37 50	11 1	0 57	41 19	26 47	45 66	54 35	33 14	53 87	58 71	14 5	25 95	28 82	62 41	47 65	59 16	23 29	52 94	13 3	56 46	38 53	20 16	42 43	7 20	19 48	40 61	8 92	22 5	60 58	43 81	5 76	49 4	29 89	9 96	67 8	6 88	51 2	65 81	64 86	15 49	50 62	3 57	16 42	46 65	34 25	10 32	1 37	18 76	30 46	12 20	68 26
40 26	56 6	9 18	47 10	68 11	69 8	52 70	34 91	65 99	60 89	44 57	15 84	3 77	38 27	29 58	8 62	26 16	13 50	55 38	0 38	23 58	31 81	48 84	25 22	20 48	22 95	27 53	50 62	49 60	12 44	24 32	41 4	6 53	66 67	67 33	30 59	58 69	32 44	17 95	28 3	57 92	61 24	1 54	2 2	16 63	62 86	35 69	10 50	51 11	64 47	7 81	21 73	43 20	14 34	11 26	45 61	33 1	5 45	63 48	39 37	36 3	42 5	4 83	59 62	37 44	54 7	18 7	19 51	53 42	46 76
55 65	51 72	36 36	22 33	7 99	28 47	15 87	5 53	21 25	50 61	38 34	14 50	62 46	0 27	65 8	17 98	53 2	9 73	39 89	8 94	52 47	58 61	13 37	4 94	16 5	69 55	18 60	48 56	31 41	61 39	56 43	19 6	68 56	60 74	64 97	30 54	24 25	2 7	29 77	57 3	43 4	40 51	23 55	35 96	49 51	67 51	66 53	63 21	25 91	45 84	46 31	1 76	41 4	44 83	20 99	6 40	27 42	37 72	33 9	34 38	26 94	59 20	11 29	3 11	12 99	54 60	32 1	42 18	10 36	47 59
12 50	2 66	16 57	33 12	56 29	17 80	52 78	0 59	41 8	20 92	49 44	21 75	65 28	39 65	42 45	59 44	27 21	44 86	6 19	13 12	37 66	62 95	8 56	51 25	4 8	50 48	38 68	5 72	61 48	31 38	25 18	54 82	29 79	66 48	1 67	9 6	47 50	14 82	18 36	63 19	19 5	15 64	60 69	3 88	48 33	43 58	28 23	10 75	57 12	35 59	36 72	23 55	7 76	30 72	53 98	11 23	45 64	34 86	22 23	69 62	64 2	55 26	26 2	40 80	58 34	24 96	32 33	68 62	46 32	67 67
64 33	57 58	23 34	63 42	0 92	41 24	58 48	50 28	36 96	17 3	53 23	46 94	22 90	12 53	45 44	4 60	30 17	19 30	15 45	3 61	33 58	10 74	69 96	31 63	1 76	54 47	59 47	52 99	55 90	24 42	51 87	18 98	56 65	7 18	49 69	14 80	37 31	26 42	60 79	43 37	35 90	67 46	9 12	44 36	62 47	48 4	39 17	13 41	68 60	29 60	16 34	5 36	47 32	6 56	25 99	32 80	38 97	8 24	21 93	42 92	28 43	2 46	27 51	40 78	65 85	20 81	66 52	11 3	34 63	61 48
12 24	7 5	27 17	36 30	10 59	22 63	25 27	29 31	59 5	31 16	23 98	58 23	43 60	1 30	5 78	0 46	67 70	51 10	26 23	44 51	30 71	21 63	4 46	9 7	35 99	38 25	28 83	32 67	60 21	64 89	68 37	61 27	55 46	53 75	56 74	13 8	48 54	18 98	45 78	39 27	46 80	37 77	52 5	17 51	57 51	15 7	3 88	34 33	2 90	11 88	41 34	33 65	8 18	62 20	20 29	69 97	47 73	54 56	65 99	42 38	24 27	6 19	50 65	19 33	14 53	49 40	16 50	63 83	66 17	40 11
39 96	8 8	19 14	40 9	55 12	15 60	63 95	32 60	4 9	46 92	20 32	26 41	34 45	38 58	7 97	2 60	5 24	35 11	44 46	27 22	52 18	43 39	18 46	31 56	62 19	49 54	48 7	57 21	45 95	30 45	3 23	67 96	51 47	9 20	16 16	28 20	0 39	53 89	64 79	41 20	6 65	1 61	13 65	60 16	11 71	69 26	22 5	24 6	25 61	54 32	12 65	23 19	65 8	21 61	29 97	56 54	61 27	42 15	68 85	66 63	37 88	47 80	50 43	58 87	33 4	17 70	36 86	14 26	59 81	10 7
20 58	26 10	19 13	63 90	52 27	12 61	22 63	49 45	3 65	9 88	41 59	68 92	8 92	47 97	67 50	37 39	25 48	4 50	0 34	56 79	5 32	38 51	59 28	17 91	61 48	15 64	58 27	45 64	6 27	35 29	42 95	40 56	50 37	18 23	32 28	62 98	54 82	39 18	66 68	27 18	36 2	16 29	48 17	53 43	64 60	24 85	21 55	34 52	60 43	2 13	11 40	28 59	31 47	30 51	51 89	23 4	43 91	44 72	65 90	29 24	46 60	57 16	33 99	13 42	55 99	69 27	10 30	1 46	7 9	14 91
9 30	37 91	66 69	0 28	33 80	47 83	63 1	1 40	41 37	65 23	3 49	31 21	38 72	54 34	61 37	7 76	21 36	28 27	29 73	64 39	48 89	13 41	6 27	30 2	5 49	46 40	51 71	36 57	59 55	49 68	57 3	17 33	2 75	44 40	25 21	69 31	19 66	50 64	34 58	12 15	42 48	16 21	23 35	62 51	8 28	55 79	67 53	14 85	35 13	68 53	32 30	58 94	18 21	60 30	22 54	4 75	45 22	39 47	27 81	24 67	43 91	52 62	56 34	40 61	10 33	53 9	15 73	26 94	11 33	20 15
25 7	59 6	14 75	51 76	3 34	29 24	55 96	46 68	31 96	60 70	30 82	0 12	54 3	13 87	26 67	41 60	6 88	61 57	1 27	17 12	8 73	65 75	56 96	11 70	21 33	37 59	4 1	57 39	40 78	20 83	23 80	63 84	16 62	44 30	15 5	58 18	47 40	9 55	68 63	24 66	35 24	7 21	67 13	12 46	49 98	52 32	43 16	45 81	36 1	32 1	53 51	5 19	38 4	62 31	2 85	33 81	48 7	50 50	10 4	34 18	28 6	64 46	18 63	19 24	42 40	39 7	66 56	69 65	27 55	22 78
46 22	21 14	35 34	64 8	30 91	56 52	18 67	42 45	68 90	32 91	51 30	20 91	36 11	19 4	6 71	25 57	40 13	43 34	12 79	11 74	45 13	28 24	65 32	7 77	0 58	53 57	3 44	41 34	58 45	49 99	31 10	66 46	47 78	5 28	67 42	2 96	15 80	39 78	1 97	61 53	17 39	63 47	13 51	23 90	60 61	48 64	69 40	37 75	9 77	27 75	34 21	22 46	59 66	57 37	62 8	10 31	14 52	29 28	26 91	8 40	55 92	24 49	4 16	38 91	52 11	33 88	44 62	54 37	16 40	50 47
39 11	35 16	60 68	68 99	1 35	2 5	11 27	5 98	23 64	32 24	13 61	30 94	26 70	14 51	63 13	17 19	59 20	20 86	47 90	12 98	67 47	65 48	53 59	27 51	29 6	16 97	10 51	66 53	15 21	57 29	56 39	40 25	3 49	52 86	62 31	54 34	45 98	69 68	49 30	31 12	34 61	50 50	37 50	8 16	58 74	4 47	33 2	51 96	7 81	19 51	22 45	61 39	25 22	46 20	44 65	28 92	24 17	41 57	18 23	38 77	48 94	55 6	36 48	21 49	42 89	43 96	64 72	0 74	6 89	9 9
11 8	22 62	6 8	45 1	34 22	52 68	44 12	17 68	0 66	1 71	5 99	19 48	38 7	58 6	15 37	69 47	39 57	24 97	61 42	65 59	50 69	37 12	28 37	7 70	23 16	68 7	32 32	14 20	60 36	43 92	36 20	12 32	59 53	49 72	47 35	10 93	66 97	26 57	55 41	62 25	67 59	20 80	25 88	8 16	29 90	16 53	35 78	3 11	57 18	2 36	63 9	64 80	31 77	40 74	27 16	13 25	53 54	30 40	9 42	41 61	48 47	56 15	33 33	46 18	18 71	42 33	21 7	51 12	4 68	54 45
36 64	32 54	20 64	43 71	28 16	51 89	47 48	54 96	68 56	60 57	16 50	67 35	44 25	56 8	40 88	3 3	29 70	11 96	64 74	39 96	65 8	22 74	21 68	55 79	59 24	18 27	2 15	48 79	69 46	15 74	58 40	52 75	0 83	31 68	49 73	41 41	17 8	66 97	50 22	24 1	6 49	62 57	27 95	14 47	45 15	26 15	4 70	57 40	34 33	19 8	9 62	37 1	35 79	30 93	7 98	10 1	13 33	46 13	1 83	25 16	53 68	8 92	42 58	5 16	33 34	12 18	61 70	63 7	23 56	38 2
61 3	10 5	3 73	19 20	16 57	51 92	13 95	31 38	29 43	18 34	43 57	66 55	48 16	24 64	42 60	68 70	64 1	46 96	15 10	34 28	53 66	27 4	9 37	63 68	69 54	49 16	58 55	57 22	54 12	55 4	60 11	37 96	4 28	20 20	36 7	32 79	22 24	26 73	30 23	39 8	52 14	6 33	38 39	40 3	28 61	41 76	50 45	14 2	7 10	21 48	23 44	33 38	5 97	56 59	0 60	45 55	12 66	11 44	65 91	35 43	44 63	47 25	62 7	25 76	2 87	59 80	17 53	67 17	1 50	8 69
0 52	34 30	9 41	65 87	39 20	19 58	14 92	51 89	53 30	17 17	63 46	26 69	37 68	66 50	27 40	24 36	40 15	60 81	64 27	10 60	69 59	31 14	15 45	5 83	61 16	25 82	50 61	54 56	47 12	55 64	41 76	67 99	36 42	29 67	33 10	44 69	38 5	6 17	3 57	16 57	18 68	20 47	4 73	1 33	56 48	43 11	68 12	32 28	45 82	49 67	62 7	7 20	11 65	58 15	21 48	22 18	48 9	59 20	28 67	52 50	30 35	8 31	42 30	23 77	35 1	46 31	57 98	12 24	2 12	13 39
21 27	45 80	51 87	35 11	40 57	47 83	15 81	1 69	41 38	69 80	59 32	68 81	49 95	23 24	26 44	53 56	25 98	52 79	3 15	44 10	31 73	10 79	39 13	30 48	6 52	8 72	48 70	18 88	5 12	11 19	58 67	9 68	19 88	63 50	28 22	42 51	54 60	12 92	20 31	32 46	37 89	46 96	13 17	14 33	4 39	57 55	61 61	66 38	0 62	33 12	2 19	17 19	16 39	62 75	34 31	38 3	55 54	36 78	60 70	67 44	56 84	64 51	50 87	29 18	22 72	7 74	65 36	24 22	27 52	43 27
16 8	60 26	38 52	69 75	19 97	46 28	4 63	40 91	56 85	41 15	20 90	59 6	37 22	52 26	30 89	18 96	22 84	17 45	42 23	32 1	48 37	35 58	9 99	64 46	66 6	2 11	44 3	53 99	54 34	51 61	39 47	49 33	45 83	28 57	43 68	55 98	10 50	65 68	33 48	23 40	6 4	67 88	0 42	27 56	36 1	3 39	68 60	47 25	62 8	58 2	57 16	29 18	50 4	15 8	61 59	34 31	14 70	21 59	63 33	12 80	11 57	5 89	25 80	13 39	7 10	8 55	26 52	1 98	31 6	24 63
34 8	5 48	67 2	58 96	14 54	30 44	37 97	61 99	6 7	10 41	44 99	45 96	66 44	27 82	60 50	55 38	22 73	12 41	7 53	9 65	21 51	49 11	51 46	15 84	48 93	69 56	38 21	53 43	43 32	8 56	29 21	1 83	42 78	18 30	65 99	63 74	68 83	28 21	4 41	31 16	47 23	24 38	11 22	52 29	33 60	19 12	39 97	46 98	13 90	17 64	0 95	2 94	32 75	64 64	35 81	20 76	62 24	54 52	59 57	23 16	41 97	25 55	26 71	16 89	3 92	56 75	36 54	50 92	57 97	40 87
