10	50
30 74	6 57	4 96	26 39	28 22	23 79	47 10	10 28	44 60	35 8	38 24	18 52	46 15	49 2	40 10	34 49	32 38	15 9	48 47	9 20	11 36	36 64	27 72	12 54	24 22	45 98	21 6	20 9	0 40	8 66	14 60	29 56	17 51	1 55	16 22	19 45	42 29	39 27	43 64	2 54	3 75	37 89	7 88	13 37	22 80	5 19	33 82	31 29	41 51	25 58
33 59	4 17	40 50	15 7	37 16	27 23	31 44	43 42	2 39	26 77	18 64	36 51	32 88	19 3	48 83	20 55	44 39	6 6	10 53	35 3	21 14	30 32	17 29	38 5	8 84	28 26	5 32	41 41	39 72	22 21	7 31	16 92	24 18	25 12	45 51	34 72	3 94	46 51	0 18	14 13	11 89	23 92	47 4	1 30	42 72	12 55	29 56	49 64	13 15	9 95
47 9	2 4	31 45	36 49	14 96	9 82	32 45	45 89	10 93	34 91	30 70	6 58	26 72	48 73	12 74	24 34	17 15	46 13	4 26	38 37	7 8	23 93	28 84	49 32	13 81	27 13	37 5	44 2	18 87	43 97	25 63	16 66	11 58	39 37	19 75	1 30	21 91	15 55	33 31	42 16	35 24	29 66	8 95	41 12	5 67	22 48	40 64	0 70	3 78	20 11
12 99	38 94	3 78	37 62	2 97	30 66	19 53	42 97	39 29	24 62	8 82	31 44	5 91	44 20	40 20	20 90	28 8	43 5	23 86	46 41	48 51	25 20	45 34	34 41	10 51	35 71	26 80	7 23	17 73	1 84	4 21	36 74	15 51	47 62	9 67	0 24	33 4	49 25	16 37	29 45	22 49	27 96	14 55	6 72	18 5	11 84	41 41	21 2	13 36	32 85
12 14	46 90	16 9	45 34	48 49	26 39	24 37	43 70	21 61	9 58	7 1	47 89	2 9	35 17	34 27	10 68	6 74	25 63	49 2	17 25	39 64	1 58	40 81	41 58	4 13	14 9	15 12	31 65	32 10	30 69	20 71	18 66	37 96	36 68	8 78	22 66	38 20	19 87	11 61	29 84	27 63	28 39	3 51	23 23	5 78	44 42	0 92	42 48	33 21	13 84
33 12	15 94	14 26	38 9	27 10	8 76	31 34	42 63	5 15	21 49	23 43	4 41	39 61	12 57	13 3	41 91	2 43	40 27	48 22	26 89	34 78	35 65	16 11	37 32	30 59	24 17	7 78	3 66	25 35	28 66	47 1	9 56	17 38	49 73	19 52	44 84	32 52	22 85	18 69	29 61	36 85	45 30	0 49	46 57	10 17	6 6	43 47	1 90	11 4	20 65
43 4	27 77	22 12	34 72	18 53	4 25	41 63	10 28	9 65	47 40	31 69	16 42	33 10	7 22	5 12	20 43	1 57	11 4	23 92	19 47	17 37	30 53	32 75	13 93	36 89	6 57	39 35	26 34	46 44	42 47	45 71	29 23	12 31	8 9	38 98	37 20	24 90	14 2	21 32	3 66	49 46	48 30	0 85	25 38	35 1	28 38	44 11	40 12	15 33	2 44
24 69	42 49	44 77	14 7	12 70	9 49	16 64	25 1	34 38	39 21	45 18	41 52	28 7	33 59	37 22	46 29	32 94	29 28	22 61	10 68	1 75	4 39	17 79	3 33	49 25	48 86	38 93	13 58	21 16	6 90	30 4	18 94	26 89	0 93	31 20	20 53	11 90	19 25	5 31	43 66	47 1	40 7	36 17	7 69	35 35	2 72	23 69	8 86	15 92	27 73
6 85	17 18	29 89	3 2	46 57	25 96	36 67	11 7	21 91	42 88	4 45	30 38	38 29	2 70	33 37	18 97	14 18	7 38	8 30	28 9	48 19	27 7	22 37	37 22	41 67	47 77	40 5	16 48	24 58	15 49	10 15	35 30	12 49	0 32	32 95	19 67	1 97	34 7	31 41	26 19	20 51	23 28	9 91	39 6	43 29	44 49	45 60	13 10	49 59	5 84
23 63	13 28	35 22	28 25	12 22	25 22	31 24	21 79	36 79	32 41	44 79	38 79	34 42	16 74	7 86	11 8	29 3	8 14	3 48	49 23	9 97	42 65	26 16	24 66	39 39	30 15	10 42	22 33	27 53	0 55	5 89	46 54	45 55	41 82	6 44	18 29	40 87	48 18	37 2	2 50	15 68	47 26	14 37	17 45	4 20	1 65	43 66	19 16	33 4	20 21
