60	100
98 18	79 19	33 53	75 33	81 72	96 4	28 92	74 6	60 23	87 44	12 38	31 30	34 36	42 62	14 86	41 4	24 99	94 32	63 30	89 59	88 84	48 57	19 58	9 65	26 76	18 12	85 8	53 80	43 70	22 74	93 86	55 37	3 63	8 22	21 16	0 65	57 59	6 78	90 97	86 2	10 84	11 55	32 29	73 16	27 44	39 87	38 93	36 18	59 39	1 18	2 81	46 49	64 37	5 11	71 66	35 15	70 13	16 83	52 70	13 27	76 39	20 5	91 65	4 16	97 87	99 12	29 46	67 97	84 83	61 57	25 32	72 95	56 64	47 17	17 80	82 20	62 49	83 98	80 9	50 23	40 34	65 16	7 29	68 30	37 48	49 18	15 99	51 70	54 69	77 63	92 20	58 81	23 66	44 91	95 40	78 99	30 36	45 38	66 48	69 54
70 32	62 95	97 78	71 87	94 69	46 95	66 15	54 76	26 61	79 5	12 87	41 17	0 29	81 39	28 95	98 15	73 37	60 93	14 90	61 87	80 8	85 84	89 20	31 91	93 24	7 80	84 20	95 17	83 85	59 22	47 70	27 24	25 50	74 12	51 10	24 20	52 74	56 11	63 50	43 98	21 59	29 19	55 83	76 78	96 76	45 86	75 63	64 99	6 27	39 6	68 72	19 54	48 7	65 56	37 8	8 34	34 69	44 85	13 54	91 93	49 39	82 83	10 97	72 30	2 95	99 69	88 69	53 46	9 62	42 54	32 89	86 15	67 97	11 10	22 28	90 46	40 23	38 70	87 26	35 17	33 65	5 14	17 99	57 78	78 4	50 95	36 51	3 78	23 93	16 73	92 46	69 87	20 28	77 86	30 43	15 79	58 63	1 57	18 24	4 80
82 6	27 82	50 99	44 56	52 26	15 86	18 74	37 93	30 42	36 75	40 25	22 56	14 89	58 19	1 6	77 72	26 30	98 30	73 28	83 41	16 17	12 73	34 56	67 38	87 2	13 82	7 47	88 59	54 67	29 16	68 34	20 76	19 58	64 69	11 97	45 21	59 68	8 80	6 40	84 81	95 90	17 79	92 47	28 86	46 40	62 16	24 73	5 51	48 57	96 24	70 80	72 59	56 94	94 18	76 66	9 47	49 62	85 33	79 86	66 48	41 86	57 29	42 90	38 14	53 14	33 18	78 7	31 67	65 47	10 30	21 48	99 70	32 74	69 58	61 27	86 9	81 49	43 58	39 48	93 4	80 52	74 13	97 45	91 86	0 22	60 84	75 1	71 50	90 86	35 77	4 59	2 64	89 21	23 3	47 23	63 56	55 27	3 8	25 66	51 78
89 69	74 72	11 78	27 25	23 30	1 93	87 52	95 60	83 10	28 62	56 42	73 29	94 62	9 95	79 50	38 93	90 56	84 68	57 27	26 70	0 87	22 18	48 5	99 82	13 45	88 60	37 22	54 32	5 79	81 50	32 16	42 72	91 6	18 81	34 45	8 18	46 54	49 91	4 15	39 57	82 18	98 22	75 95	69 35	2 46	3 14	53 95	55 11	61 96	51 93	19 46	71 45	21 43	58 93	47 79	77 13	29 22	6 20	64 58	25 12	67 53	36 11	66 99	93 53	35 29	70 45	24 84	59 60	16 18	45 25	86 21	72 96	65 31	33 13	7 71	12 40	10 14	30 80	20 28	96 98	40 25	85 88	62 50	80 11	97 48	63 45	92 88	31 24	60 22	78 99	68 37	44 32	50 50	41 87	76 99	43 62	17 52	15 94	52 26	14 33
59 79	98 5	30 85	89 55	27 43	56 31	10 65	15 96	48 1	55 35	40 40	58 49	8 11	52 87	67 99	2 83	22 49	70 50	12 51	0 18	36 1	92 72	91 75	86 33	17 63	49 44	53 71	14 27	80 15	96 16	38 82	47 30	9 69	23 27	88 68	31 48	84 49	81 76	69 16	79 25	93 84	42 96	16 71	24 97	1 87	45 75	26 95	64 43	25 94	65 70	3 39	46 50	6 99	28 85	85 18	39 58	78 31	75 5	76 45	21 81	72 85	90 84	74 87	11 17	13 85	43 91	77 73	35 2	5 7	68 35	37 60	62 53	19 1	20 41	71 57	73 58	57 18	50 38	51 60	94 97	63 23	83 69	32 40	34 99	44 26	99 82	97 27	29 29	33 75	95 23	87 62	54 14	82 96	60 61	61 27	41 2	66 47	18 46	7 81	4 52
62 58	38 88	82 49	8 2	57 34	92 78	93 22	24 47	95 21	64 24	70 36	68 18	4 42	79 32	48 25	51 31	96 58	74 33	37 90	10 81	15 85	72 67	98 21	20 74	90 59	19 90	45 83	17 18	76 9	89 55	6 91	23 50	49 2	21 74	32 91	86 10	1 70	94 10	97 9	83 16	67 43	56 70	44 93	28 19	69 98	18 40	88 20	27 47	33 47	77 35	34 30	31 76	40 45	61 86	46 97	53 43	30 80	91 71	25 71	84 86	42 44	85 60	63 28	47 59	59 81	54 6	75 79	14 95	81 42	55 66	3 47	29 1	5 14	26 18	11 71	22 11	0 74	43 64	71 18	41 91	13 95	66 90	65 37	50 17	2 11	99 44	36 9	35 96	80 88	60 24	7 20	9 27	39 75	78 58	58 37	87 86	73 99	16 73	52 7	12 99
75 17	43 96	7 42	15 68	27 85	28 74	69 54	40 99	54 56	5 58	11 36	14 21	64 4	99 13	81 32	31 8	85 79	98 40	91 63	52 27	23 4	0 2	79 40	70 88	78 34	50 90	97 37	49 24	96 8	66 13	93 53	37 57	73 62	19 98	42 76	71 33	29 15	3 81	51 85	89 11	6 3	1 64	45 29	20 72	61 94	8 45	55 70	17 75	82 90	86 21	63 22	59 98	22 85	67 5	53 97	25 24	83 87	72 58	35 28	36 59	21 44	26 8	92 20	47 65	18 22	84 46	24 33	10 96	44 40	12 47	57 51	2 94	58 91	60 53	68 97	34 27	48 50	94 88	65 15	41 56	76 49	33 93	77 41	90 68	4 64	56 45	46 9	16 36	13 74	9 15	32 56	30 58	74 9	88 69	38 70	62 12	39 30	95 88	87 34	80 35
88 69	89 75	55 25	65 78	76 70	59 32	66 90	54 47	81 71	48 68	35 5	37 60	4 85	21 48	25 38	16 27	5 74	72 33	92 56	70 93	61 28	93 40	53 76	99 78	71 95	11 34	22 96	40 46	43 95	14 31	0 60	82 97	41 77	86 50	69 18	32 93	1 33	36 61	91 74	83 16	77 66	95 19	6 9	3 83	29 6	84 13	30 26	46 92	19 39	94 16	73 10	20 58	57 2	44 11	68 6	10 41	2 70	58 72	31 15	96 1	74 69	9 16	60 34	62 14	85 90	45 85	87 51	78 5	13 35	15 80	28 91	7 53	50 3	34 64	49 52	98 10	97 15	33 35	26 26	8 43	24 42	27 40	18 58	75 74	17 48	47 89	79 52	39 85	56 41	23 3	67 2	38 1	90 12	42 93	63 55	64 27	52 18	80 3	12 72	51 79
16 6	50 31	37 7	95 97	80 98	25 82	4 1	26 45	5 49	90 56	51 77	22 60	88 84	91 79	40 10	29 26	61 8	34 58	42 91	14 60	65 54	47 11	76 4	53 79	17 87	15 8	58 80	19 59	46 37	45 74	11 48	64 71	20 20	3 52	23 75	21 38	28 87	97 10	36 74	78 52	59 39	63 69	41 7	54 27	9 60	18 83	56 36	60 26	1 65	62 90	55 46	81 80	84 41	31 15	70 61	79 4	94 68	8 76	89 87	44 43	83 58	35 4	30 41	86 61	75 44	32 7	82 73	12 39	98 28	68 84	0 71	24 55	96 72	93 78	38 22	49 6	33 99	43 9	6 79	73 75	7 1	57 7	72 68	71 22	2 2	13 96	69 52	99 16	92 84	48 62	77 52	85 84	39 26	10 69	67 26	87 76	66 1	52 20	27 68	74 22
12 39	74 25	96 35	29 64	77 39	2 1	1 94	85 72	10 40	16 42	68 21	14 89	59 84	28 43	9 13	82 84	45 55	33 60	21 50	32 30	93 14	94 47	66 13	75 25	35 41	84 86	60 2	58 89	8 28	81 31	88 47	18 59	39 38	30 7	53 64	87 35	92 9	57 44	43 30	38 89	71 39	76 85	62 71	80 53	69 93	91 84	5 35	22 45	49 59	23 1	99 96	24 71	48 53	31 3	40 37	86 18	0 77	51 58	98 87	19 32	50 99	73 9	95 58	61 31	97 12	25 44	37 67	20 79	46 23	89 85	65 65	34 29	36 73	72 73	41 64	90 91	26 5	7 55	54 84	15 35	11 39	79 80	4 21	64 11	17 78	27 8	3 27	70 24	56 56	83 21	6 98	47 33	78 84	67 36	55 59	63 19	13 88	52 49	42 41	44 10
0 89	34 14	28 73	89 61	20 32	25 61	49 48	38 45	54 77	37 88	79 54	67 34	72 72	90 55	68 97	17 89	50 32	97 90	77 76	62 21	26 7	48 88	16 92	81 56	4 39	59 85	63 29	43 18	3 24	47 66	46 71	76 45	57 34	35 38	27 30	41 20	88 79	45 18	30 7	24 61	74 98	32 59	19 61	64 46	9 86	29 35	21 47	58 44	51 28	82 53	15 17	53 13	13 37	23 52	31 62	69 69	60 75	52 47	66 79	83 86	22 50	73 96	5 30	75 68	93 65	98 13	44 82	99 72	14 64	84 43	85 75	36 10	86 46	94 77	70 43	80 5	18 88	8 75	78 48	1 76	33 33	61 50	71 94	87 91	65 38	2 20	42 98	92 92	55 75	56 29	96 63	6 9	91 1	7 71	95 68	39 1	10 94	11 47	12 44	40 5
61 66	83 74	94 96	31 92	41 33	54 58	52 34	10 16	82 60	27 96	32 83	78 79	18 47	0 13	87 20	39 94	75 66	95 6	19 72	33 23	8 84	30 18	17 8	56 96	14 98	77 73	68 32	63 66	91 75	60 55	43 43	37 99	96 51	36 48	93 39	28 97	57 57	23 2	66 22	62 23	45 94	44 45	3 39	42 15	20 76	15 90	24 2	12 97	89 29	90 77	74 84	53 87	5 25	84 61	29 18	6 7	9 12	48 76	71 53	67 72	46 54	92 40	81 63	4 65	80 48	69 67	13 51	1 78	51 28	76 26	65 64	70 77	7 97	22 52	86 72	49 71	85 79	35 7	59 53	97 87	11 92	21 26	16 5	55 59	58 14	73 73	25 72	88 46	38 40	50 72	34 6	64 17	98 15	72 93	40 89	99 32	47 29	79 23	2 49	26 52
40 38	59 91	35 38	61 17	48 23	17 48	95 73	46 7	90 16	7 89	98 30	18 89	51 5	12 69	20 59	74 45	68 16	2 3	57 44	77 15	6 4	3 63	47 17	75 1	67 62	80 59	34 37	52 51	70 54	55 84	0 68	50 25	86 89	54 34	38 73	88 33	69 1	71 71	29 66	37 32	56 8	5 38	36 99	45 54	14 83	84 21	89 14	65 67	8 92	32 79	94 99	33 10	11 72	31 68	79 13	19 11	43 94	93 91	62 23	97 57	13 94	25 39	64 74	87 14	96 93	39 70	27 62	15 11	85 13	26 3	1 7	91 82	41 12	82 3	24 35	58 77	10 52	73 28	83 77	81 90	72 75	49 9	78 14	16 29	53 71	22 18	23 43	4 40	30 67	60 3	76 94	63 53	92 87	99 92	66 53	28 31	44 30	42 84	9 99	21 11
65 54	82 51	66 52	32 64	98 86	91 38	43 65	56 4	29 19	64 19	72 47	50 97	61 50	39 24	28 7	51 33	1 90	14 70	52 90	48 60	21 16	8 13	9 65	55 19	76 83	74 87	67 11	83 74	59 14	38 58	96 80	90 12	94 35	47 46	93 1	78 38	41 68	10 23	49 57	71 53	22 64	46 22	92 85	19 73	53 66	57 17	24 63	13 73	42 72	6 78	87 67	16 92	3 6	79 11	63 72	54 89	36 16	88 40	35 94	31 33	69 70	25 71	26 96	70 48	27 88	4 91	5 98	75 36	2 63	81 94	89 53	33 13	84 35	7 7	20 48	73 80	44 82	86 30	12 90	80 95	85 29	62 43	23 10	68 16	58 14	11 48	34 48	99 61	0 6	18 94	40 88	60 39	17 50	45 52	15 39	95 91	30 29	37 5	77 27	97 68
65 19	40 21	91 88	59 93	21 19	83 94	15 37	39 40	77 51	54 28	42 71	12 80	38 17	55 38	46 23	37 38	0 67	48 6	8 90	17 37	89 12	96 36	32 63	35 36	27 30	88 56	23 77	58 81	69 93	85 81	52 10	71 67	3 14	13 38	94 75	41 43	4 62	67 43	97 20	56 32	63 22	5 51	31 15	76 86	34 1	79 70	20 14	82 96	9 32	57 12	2 7	19 90	61 64	80 69	51 50	86 2	74 75	7 16	81 67	26 57	30 36	99 12	87 24	6 12	1 82	18 32	29 55	70 55	43 95	95 88	11 54	98 11	45 79	28 97	49 45	10 60	72 77	75 33	16 98	62 50	93 53	73 42	36 14	44 48	25 8	66 43	60 76	78 85	92 36	84 32	90 64	22 5	53 45	68 82	64 11	33 29	47 84	14 21	50 93	24 11
83 18	67 42	44 94	10 68	86 94	88 40	43 88	19 48	21 69	18 43	17 69	3 40	33 96	4 18	53 79	76 45	14 36	1 20	28 4	70 77	24 8	84 18	87 76	99 61	85 84	40 43	98 36	15 23	58 85	39 63	42 54	68 15	2 38	80 87	48 24	6 93	65 7	41 38	27 74	89 77	7 13	56 49	49 88	72 47	90 37	57 31	30 4	79 92	78 57	59 50	26 20	93 30	45 14	46 47	37 32	74 1	34 50	71 90	91 30	75 34	23 8	38 64	60 13	95 65	73 53	25 19	97 77	77 9	5 75	47 58	69 30	55 84	31 33	50 55	61 30	54 16	66 20	0 67	36 28	92 43	35 35	9 58	8 15	96 92	16 7	64 1	82 27	51 3	81 41	22 51	62 35	29 60	63 41	11 19	20 68	12 81	32 75	94 50	52 40	13 28
65 5	26 54	77 64	27 61	24 9	48 19	80 64	35 75	38 29	59 80	50 7	36 76	66 63	21 33	7 26	54 88	52 87	68 66	1 93	20 49	67 15	43 69	99 60	0 49	31 54	74 53	47 11	71 9	12 33	75 46	90 62	39 20	84 52	8 53	85 85	95 96	11 24	60 71	64 90	58 6	76 39	34 67	88 96	98 80	25 35	15 53	46 60	87 9	56 74	79 78	57 46	51 86	70 12	16 96	44 72	62 60	81 35	37 95	82 10	63 90	29 92	19 84	23 27	92 71	42 81	33 4	2 5	17 1	89 67	14 28	18 75	97 36	3 77	96 4	41 15	83 22	78 33	6 96	32 32	9 14	13 61	93 53	53 89	4 88	86 94	69 50	30 85	55 85	22 85	49 5	73 30	5 17	72 27	28 13	94 28	61 46	91 50	10 32	40 64	45 28
38 65	14 84	1 41	0 77	49 18	51 21	91 78	46 88	47 90	32 52	26 33	21 98	95 47	19 36	39 26	76 69	24 98	63 55	18 89	66 95	40 34	55 14	41 17	72 10	73 72	61 9	84 67	36 16	83 20	53 59	81 20	45 11	58 24	79 15	71 96	29 40	52 26	78 99	6 26	54 80	89 63	42 80	16 48	13 93	65 99	28 45	23 47	33 67	35 99	90 13	77 23	10 77	97 44	12 54	50 66	2 17	27 95	69 31	30 69	48 9	22 8	75 8	82 30	59 12	62 79	34 69	37 40	60 71	25 88	99 13	70 21	94 51	86 48	43 95	7 1	5 85	56 29	3 31	9 73	8 24	74 23	85 44	44 89	15 46	98 64	17 69	96 96	80 48	93 73	67 89	87 45	31 39	64 51	88 6	57 8	11 51	92 70	4 49	20 22	68 5
14 26	10 94	35 41	47 66	86 77	11 98	12 17	43 71	21 20	97 30	66 24	38 35	98 68	64 38	58 94	16 69	33 23	17 70	95 54	63 64	78 13	13 40	18 20	85 87	3 59	45 65	27 12	1 53	72 80	6 78	76 38	5 13	57 11	77 97	67 35	42 43	7 39	15 27	39 79	84 11	22 45	28 78	34 17	37 57	0 71	65 13	9 63	2 93	19 87	31 11	8 95	49 3	82 31	40 97	29 56	54 70	61 80	74 64	41 18	26 74	55 3	92 64	69 55	30 69	53 54	80 25	89 60	48 71	60 22	51 86	59 93	75 65	50 66	99 79	90 34	88 76	70 15	87 10	62 51	56 7	83 64	44 76	36 73	79 33	25 60	96 10	46 95	71 61	94 74	81 77	24 85	32 27	52 13	73 67	93 56	68 44	20 26	4 20	23 31	91 57
38 38	64 50	7 50	43 47	84 96	54 43	99 63	88 69	9 14	26 95	13 55	18 87	73 33	31 92	16 77	46 73	40 51	48 81	15 3	70 4	37 83	45 34	97 26	11 18	67 1	89 7	34 76	83 82	59 49	19 40	86 92	33 28	30 84	42 52	56 67	80 4	95 38	65 68	90 65	62 40	4 14	66 5	92 69	2 43	5 44	74 63	72 2	60 66	21 71	69 30	94 22	68 84	91 84	28 83	49 48	75 86	96 25	50 39	51 65	25 94	39 40	29 38	24 57	23 37	78 94	20 26	63 29	77 97	58 77	35 45	57 27	0 3	52 55	79 12	36 77	81 34	76 81	12 94	8 18	1 53	82 49	14 32	53 81	6 15	85 91	22 8	55 8	17 75	87 95	61 21	98 24	93 52	44 92	10 38	71 12	3 68	32 64	41 38	27 57	47 31
15 91	3 77	20 16	46 94	62 88	60 5	66 63	11 91	42 26	37 38	22 23	99 11	41 14	48 57	86 29	13 24	10 86	14 28	87 24	69 29	35 20	9 63	53 3	76 49	17 45	68 39	91 72	89 3	36 51	25 8	1 61	54 2	30 47	0 61	58 99	82 6	40 57	72 96	18 28	2 36	73 32	49 21	39 59	97 30	77 84	65 50	7 59	32 6	6 5	81 62	45 33	56 55	95 3	96 3	51 10	52 59	44 92	61 84	78 2	16 76	43 86	74 22	34 20	59 88	55 34	57 7	83 93	24 66	79 88	90 53	70 55	84 52	63 35	38 38	47 53	85 45	27 84	23 63	29 60	98 66	5 22	12 43	4 53	28 95	71 45	67 69	75 11	19 39	33 61	92 88	21 67	31 25	93 90	50 54	94 13	64 5	88 84	8 33	80 80	26 22
86 24	77 4	97 14	16 44	6 84	3 97	8 57	29 83	82 71	68 57	83 55	15 43	81 97	79 18	72 75	93 3	39 35	58 13	61 74	95 78	33 29	63 54	70 54	12 34	53 43	32 62	25 53	59 4	96 15	64 68	88 71	66 11	62 25	94 59	91 73	55 24	50 42	18 4	69 89	67 86	24 42	36 15	56 33	43 47	37 96	78 45	17 79	35 60	99 76	21 62	11 61	2 44	28 34	10 77	41 32	57 60	85 67	0 44	52 83	23 49	92 64	22 97	44 25	14 25	26 35	45 65	7 71	73 7	51 53	98 1	20 17	90 79	27 15	74 91	1 82	13 16	40 88	4 26	9 26	89 82	47 63	54 66	34 43	80 30	30 89	84 32	48 19	87 22	60 49	19 97	75 40	65 96	42 60	71 82	5 52	31 44	49 18	38 99	76 67	46 41
22 51	12 10	50 45	69 26	23 51	67 50	96 93	60 48	25 74	71 31	31 78	57 99	36 19	95 14	43 34	9 28	52 42	87 67	0 12	82 5	6 8	19 31	21 68	38 16	97 99	89 16	91 87	17 42	48 17	33 40	34 53	90 30	35 16	1 87	84 39	66 12	93 2	76 61	8 61	18 8	32 78	40 24	20 15	70 65	45 64	41 83	59 84	86 29	27 48	11 58	72 88	13 6	14 9	28 60	83 41	74 56	54 18	80 6	44 66	62 11	24 50	42 88	85 10	49 82	64 58	88 59	15 89	39 9	58 27	78 31	56 82	51 75	4 10	63 55	61 32	30 54	5 88	3 2	98 2	16 78	99 59	55 30	81 96	77 66	46 91	75 32	68 33	7 6	73 10	65 78	47 9	37 36	94 61	53 71	26 52	10 70	2 75	29 36	79 69	92 71
33 38	45 50	85 35	97 93	75 78	92 19	77 38	29 63	66 22	83 95	36 87	86 35	46 23	84 61	38 56	67 16	48 39	87 70	21 78	16 36	9 80	6 71	17 40	80 5	94 40	93 9	11 76	34 92	10 35	73 53	35 74	54 67	22 24	37 30	31 60	89 12	23 11	82 31	8 52	15 87	32 68	71 71	72 72	69 93	14 71	88 54	50 62	95 54	4 69	12 36	64 76	19 17	52 89	79 74	24 61	53 63	63 99	59 47	58 33	3 31	60 33	65 53	40 63	91 8	41 47	44 67	57 87	39 88	2 66	5 18	20 96	42 99	51 21	49 83	62 51	0 41	1 1	26 29	70 14	28 93	30 75	99 24	74 78	27 96	18 16	96 37	56 70	76 62	55 24	81 68	7 82	25 28	47 38	68 11	90 53	13 65	78 69	61 24	98 57	43 89
75 70	76 89	34 91	79 35	67 89	89 50	59 17	53 20	81 84	98 65	74 3	50 28	86 76	23 60	65 80	96 42	95 15	87 38	48 72	49 69	0 68	55 51	85 8	12 6	54 42	91 17	36 64	44 19	7 67	17 30	58 85	8 14	5 74	40 46	33 68	45 75	99 82	9 18	62 51	84 48	68 75	29 62	97 97	72 45	1 39	16 29	20 76	77 59	64 14	88 25	26 6	41 94	82 37	66 48	30 71	43 62	46 43	70 98	47 67	51 22	39 35	78 16	2 38	90 91	13 45	4 53	22 62	21 97	24 95	63 99	61 72	60 9	92 73	15 48	52 67	27 6	69 64	42 91	56 66	71 24	19 1	14 33	11 70	18 73	6 68	93 44	35 87	80 64	73 49	31 58	32 62	10 69	37 49	94 4	3 40	28 3	57 11	83 83	38 8	25 79
51 56	7 84	39 87	63 94	47 88	53 54	12 75	11 49	8 12	30 47	21 22	33 8	71 17	95 79	48 70	17 4	75 99	40 87	92 54	41 81	9 76	29 14	28 94	91 84	18 8	19 36	25 43	99 93	67 32	85 97	70 39	79 63	96 29	69 17	16 12	50 92	42 22	27 62	82 31	88 52	0 51	5 43	73 8	22 5	89 78	66 19	59 98	32 88	68 6	97 13	57 17	46 33	65 15	78 77	87 74	45 32	26 39	94 71	98 19	58 7	62 40	3 12	80 29	34 30	43 45	76 67	83 51	72 41	90 58	86 51	15 77	52 27	37 65	38 28	31 89	81 1	6 58	14 44	4 62	49 53	64 94	44 97	24 30	20 39	93 45	1 97	61 22	84 14	35 80	54 3	13 37	77 43	74 41	23 27	56 5	2 26	36 69	60 62	10 46	55 28
31 78	37 2	56 62	48 11	45 95	52 27	27 80	81 61	9 49	33 12	63 10	65 95	76 63	13 27	47 16	98 9	49 46	23 66	90 75	86 1	89 61	97 43	82 94	59 67	42 89	68 95	67 54	18 71	95 5	75 13	55 64	34 41	77 26	92 35	35 50	84 94	74 56	79 60	29 96	64 27	26 15	78 32	71 68	60 77	43 67	58 80	44 39	73 68	5 98	99 16	8 27	1 78	53 29	24 22	12 90	41 30	87 31	54 1	32 82	21 86	51 75	19 80	93 45	70 74	10 18	62 13	96 47	40 35	20 42	30 23	50 73	11 62	15 80	69 50	3 52	85 37	88 20	0 3	80 81	4 75	83 86	72 77	39 39	57 11	91 38	6 26	66 74	7 79	16 48	28 13	61 47	14 83	17 92	46 4	25 62	36 70	22 14	38 33	94 64	2 96
26 13	21 10	97 33	78 67	74 3	5 15	57 18	24 72	90 38	32 12	95 21	83 32	87 19	93 24	28 31	17 69	14 9	13 70	3 84	10 87	71 75	77 17	61 2	76 93	91 77	1 43	59 22	35 82	41 71	2 42	53 66	27 27	56 4	15 46	47 89	22 74	50 45	85 28	66 88	40 67	45 46	48 72	7 37	62 52	49 28	96 44	81 85	36 8	29 13	23 43	44 64	12 69	88 23	84 57	39 93	25 37	16 15	18 9	33 35	11 5	19 46	64 42	43 83	65 62	67 9	92 71	70 2	52 52	60 78	8 89	58 93	55 95	72 19	79 43	6 46	20 39	54 7	89 18	75 5	98 81	34 83	51 76	9 62	63 25	68 85	86 87	42 68	94 95	0 83	73 91	80 82	30 18	99 62	46 94	31 61	4 72	69 58	82 19	37 77	38 55
54 31	60 69	10 4	29 3	81 41	67 28	59 28	42 5	21 38	82 10	20 1	89 58	22 95	66 85	52 44	98 93	70 37	32 62	8 95	88 85	16 5	71 54	5 8	27 57	12 67	25 24	72 37	86 44	55 47	53 45	3 74	58 76	92 91	15 22	84 55	50 72	57 51	75 60	24 93	90 56	83 68	9 59	87 13	97 22	68 49	96 20	80 30	6 7	44 89	49 76	56 40	7 26	35 24	69 60	85 82	36 46	77 5	1 90	76 83	38 6	41 68	48 83	65 2	30 11	13 7	18 66	33 41	99 59	78 17	73 42	91 83	47 39	19 90	45 33	40 77	31 36	93 69	2 73	39 32	74 20	34 90	14 17	0 62	94 92	43 71	79 15	51 4	62 93	37 94	4 69	95 43	61 3	64 72	23 55	28 50	17 87	26 49	63 5	11 1	46 26
6 99	98 81	42 27	71 53	39 93	96 70	50 20	36 64	49 87	70 33	58 70	30 82	43 84	5 98	31 26	87 61	80 32	47 62	35 99	29 81	62 55	69 15	44 71	18 47	95 82	61 82	52 97	75 25	15 68	78 46	23 93	64 76	8 89	81 34	94 89	82 40	54 6	48 1	91 69	2 45	16 43	38 80	60 52	24 76	7 94	72 33	28 60	97 13	90 3	14 24	45 80	53 89	59 10	37 92	77 61	32 86	4 5	3 95	26 73	93 32	25 96	21 71	83 48	89 74	1 56	57 59	65 73	63 52	79 83	99 15	10 69	11 50	88 49	92 97	41 31	68 83	0 47	66 84	33 62	20 49	73 21	17 56	74 87	22 76	12 11	56 80	55 78	40 31	27 86	51 50	19 4	76 48	9 4	84 18	86 50	34 27	67 15	46 13	13 56	85 6
31 48	96 77	16 72	71 29	17 1	80 19	32 35	86 94	49 98	65 65	88 69	47 18	91 30	68 12	30 86	92 1	77 41	38 58	13 46	72 49	87 82	45 73	94 49	97 88	28 69	83 74	8 31	59 14	20 25	0 32	98 76	37 42	18 54	57 58	35 84	74 12	5 44	90 54	95 93	73 46	89 77	82 86	64 26	62 27	70 4	76 19	25 74	52 95	40 58	67 28	55 22	54 33	46 53	24 42	50 33	61 93	21 75	43 74	33 62	53 55	27 89	44 81	75 83	12 56	99 29	4 56	42 44	3 98	63 91	1 57	78 82	81 56	41 11	23 65	11 61	29 57	93 3	84 52	58 66	34 7	15 43	22 64	6 15	79 43	26 26	10 97	69 52	7 2	48 64	60 90	66 67	85 52	56 76	9 52	14 52	51 20	19 22	36 14	39 24	2 65
48 72	71 44	8 65	23 37	72 51	42 63	99 15	32 32	40 94	95 20	69 65	11 4	73 2	92 99	64 34	6 75	82 60	89 79	9 36	4 92	80 82	76 94	14 36	55 96	94 14	31 5	13 59	70 22	88 64	22 64	75 92	46 8	52 73	68 98	36 43	37 78	50 97	93 69	38 5	47 65	59 26	5 12	30 64	63 80	15 62	66 91	97 32	3 2	29 67	54 49	44 29	1 32	51 89	34 1	2 18	57 30	25 22	56 22	20 45	33 24	98 29	81 37	74 6	83 10	16 23	61 56	27 58	17 98	58 43	19 65	67 85	78 39	53 30	45 12	62 89	41 27	86 80	43 92	96 18	35 40	91 66	10 47	90 27	87 49	60 39	65 59	26 41	0 4	24 77	84 49	28 88	7 28	85 46	49 13	39 5	79 87	21 3	12 93	18 31	77 94
2 22	21 67	10 56	7 55	84 87	59 28	53 58	38 96	85 14	63 46	18 82	9 33	97 34	35 82	41 76	47 24	45 79	44 31	8 63	76 48	67 52	88 40	3 77	22 26	30 94	49 21	73 20	77 3	72 94	51 98	26 22	95 14	0 55	29 98	87 88	66 64	69 98	46 14	54 62	13 95	25 3	64 95	98 58	78 77	83 1	37 82	16 8	75 64	58 34	82 73	12 47	52 56	27 43	39 46	70 21	74 98	43 98	48 73	15 19	56 52	91 43	96 24	62 71	17 20	40 24	6 48	5 92	61 65	92 34	28 46	1 56	19 88	90 88	68 36	34 3	89 45	42 43	4 81	79 54	93 11	57 19	32 47	65 49	33 11	23 29	94 88	71 37	36 31	50 70	11 11	20 60	99 5	55 92	81 7	31 43	86 82	60 3	14 83	24 56	80 42
32 85	3 59	5 36	62 90	56 94	2 82	53 55	42 7	66 60	41 19	48 62	80 22	4 8	50 46	15 49	74 82	85 50	24 19	84 27	17 54	60 34	37 24	39 92	47 65	49 69	31 15	76 62	75 81	92 5	86 15	99 97	93 9	30 78	20 87	68 88	54 10	35 40	8 55	33 20	9 24	65 36	91 31	71 16	95 64	97 15	79 34	72 56	98 39	89 26	23 72	45 81	12 51	27 21	82 42	1 39	11 80	46 5	61 23	70 98	43 89	28 52	81 91	52 53	63 84	16 32	88 19	58 41	36 12	29 88	94 11	25 12	21 70	90 19	40 97	18 62	55 78	64 98	19 5	69 38	22 44	6 34	59 21	34 88	13 13	96 77	83 65	7 49	57 20	26 75	0 95	10 91	14 57	38 50	73 25	67 64	78 22	44 26	51 50	77 79	87 26
4 22	66 71	0 33	75 98	24 23	81 4	16 29	99 68	19 15	86 10	28 47	29 7	15 69	12 90	38 43	43 26	55 69	73 39	96 35	68 54	76 39	54 87	30 93	82 50	77 23	33 8	18 59	2 34	17 14	71 93	58 15	53 36	37 94	92 75	91 74	65 92	9 76	13 71	61 89	87 77	74 63	67 48	45 25	59 14	84 25	49 4	27 69	46 75	22 66	56 98	97 56	8 47	11 91	94 25	98 87	50 51	78 69	90 30	51 35	6 8	25 24	14 1	41 30	70 51	1 3	69 24	39 61	5 53	83 73	80 88	60 59	88 39	95 95	57 53	63 27	42 12	85 98	36 67	72 2	44 28	32 24	26 73	34 40	52 33	35 18	23 92	48 42	40 1	31 83	47 49	93 23	64 9	62 17	20 10	3 64	10 50	7 3	21 82	89 19	79 19
39 61	41 33	59 74	64 58	74 6	50 16	26 80	69 42	0 31	80 37	56 20	62 11	5 51	2 94	93 31	91 52	54 22	11 82	40 8	36 7	51 92	46 55	31 4	17 96	27 23	42 77	89 67	48 14	77 83	37 63	76 96	99 67	13 6	90 1	82 32	72 64	75 95	8 44	68 9	29 34	52 96	28 81	60 59	6 94	19 81	97 1	7 87	79 8	23 44	67 51	65 26	63 64	88 54	4 85	25 73	71 91	55 44	98 22	92 24	14 98	96 23	38 44	95 94	18 19	24 55	47 11	34 7	43 47	78 3	12 70	35 6	87 20	53 18	44 16	61 44	15 81	66 26	3 96	45 93	73 67	33 14	49 1	10 32	83 67	22 15	70 58	32 43	16 79	84 57	58 10	9 46	85 9	57 76	86 94	30 62	20 79	1 50	94 61	21 55	81 20
51 77	78 41	96 99	20 30	39 10	1 11	83 18	61 45	98 60	44 69	89 28	37 8	54 19	2 12	97 24	80 58	24 81	19 63	26 53	46 28	27 41	33 3	21 4	16 35	84 58	35 70	65 46	6 10	75 27	9 74	18 46	74 48	60 18	99 71	68 36	7 18	63 13	56 36	71 28	90 82	11 49	95 70	49 83	87 54	77 73	55 25	17 94	88 17	86 16	31 10	32 30	70 55	29 88	57 93	48 85	58 55	93 37	43 19	66 41	15 78	41 51	8 80	64 24	40 65	62 8	47 33	79 64	59 96	12 50	53 74	5 54	3 27	22 49	45 85	42 28	52 19	85 14	67 57	14 88	25 78	28 80	13 17	72 59	69 85	0 1	94 83	38 24	91 30	92 85	10 9	73 59	76 63	36 64	23 70	30 6	34 97	82 71	4 7	50 97	81 9
39 3	43 46	88 77	36 22	68 84	80 28	47 46	9 79	49 34	69 79	7 35	79 42	10 95	50 67	21 88	58 53	99 80	59 72	46 66	71 59	76 10	53 54	64 59	41 89	6 70	90 1	82 12	75 74	77 36	74 90	95 33	20 37	89 47	87 6	11 26	93 8	73 11	42 77	60 60	16 44	65 78	33 82	1 25	81 41	27 77	17 83	28 15	22 33	44 84	30 68	52 26	94 88	85 54	5 75	34 39	54 17	37 70	61 22	45 69	70 41	96 32	31 49	3 3	24 96	19 35	57 1	78 25	62 45	12 40	13 14	15 33	48 86	86 61	63 80	4 53	8 47	97 15	25 99	55 94	2 32	0 90	66 5	29 22	32 8	83 22	40 40	18 19	67 96	38 80	92 57	14 31	23 71	51 81	98 15	72 57	35 5	56 35	26 95	91 77	84 9
52 58	94 96	68 13	4 5	85 50	14 82	11 7	15 99	80 11	45 4	99 51	35 33	13 8	69 14	79 75	2 88	28 34	86 59	87 47	92 69	16 21	56 79	23 23	88 73	97 57	82 51	84 69	25 11	6 42	75 90	37 57	89 28	62 60	53 96	64 53	78 15	32 25	70 97	48 60	1 45	26 63	46 6	95 26	38 10	24 99	93 76	22 76	44 93	66 50	72 42	50 54	65 53	10 8	27 75	60 29	77 55	12 25	51 36	90 16	18 75	0 47	91 95	54 22	76 46	33 69	36 96	39 8	43 20	83 99	55 48	71 27	20 98	81 14	21 24	98 93	47 45	9 27	17 40	29 60	73 95	57 65	61 69	30 90	19 67	42 58	49 39	5 37	34 1	40 98	41 18	96 59	67 42	63 89	59 28	31 74	74 32	3 29	7 71	58 17	8 96
33 25	26 89	86 61	61 95	68 37	59 2	20 31	35 63	4 94	80 63	27 1	45 54	6 55	28 21	94 93	96 2	0 89	22 33	98 24	60 27	1 59	64 7	87 87	55 13	32 61	71 5	74 43	75 29	88 83	9 41	24 41	46 75	97 62	73 80	56 45	42 20	38 25	19 20	95 16	76 85	85 78	99 90	25 37	58 31	39 12	44 24	36 53	82 95	34 21	10 72	92 5	41 48	50 69	21 58	13 39	69 56	16 81	57 1	3 32	67 93	54 4	93 24	23 36	18 11	65 66	37 98	77 33	78 20	62 94	53 25	49 87	2 79	72 75	66 85	79 15	29 94	89 62	7 23	63 82	30 64	48 19	91 48	5 79	43 39	8 21	47 39	81 51	70 46	15 75	40 20	17 84	83 56	84 11	31 97	11 77	52 62	14 60	12 10	90 9	51 39
8 50	93 10	84 81	37 84	4 87	48 68	29 84	15 79	53 41	78 13	66 55	73 44	74 86	28 46	79 97	96 52	50 88	20 58	42 58	46 96	0 12	89 63	19 77	55 41	47 6	65 86	6 76	94 98	24 44	80 5	16 19	5 99	9 76	35 14	56 75	98 15	81 46	54 9	7 30	99 45	51 3	39 16	43 17	17 81	69 72	95 82	2 51	21 11	44 46	34 99	59 17	83 16	32 58	90 72	3 68	68 96	97 71	49 93	86 7	14 61	45 25	36 74	77 59	87 29	76 1	91 62	30 13	85 94	41 25	71 16	57 20	23 92	52 79	31 63	70 36	61 47	12 72	62 7	58 96	27 96	64 69	10 73	13 68	11 81	25 28	72 48	1 24	40 37	60 9	26 42	18 29	82 47	63 2	88 23	22 12	67 67	92 22	75 18	38 77	33 84
27 74	67 28	96 98	86 38	28 63	77 44	30 88	35 24	75 43	62 16	50 11	4 2	22 32	52 9	9 9	12 15	20 43	80 12	72 57	16 99	38 28	25 62	45 28	83 62	73 71	34 52	32 95	10 98	42 86	33 63	29 89	90 90	69 49	57 66	46 7	23 54	94 6	2 65	60 48	74 82	51 56	97 69	21 36	5 88	43 50	78 14	31 21	0 82	87 62	81 49	91 74	19 14	44 81	93 14	7 81	8 38	63 53	6 24	89 43	79 87	58 80	1 13	49 17	15 15	68 23	88 93	85 35	59 37	11 50	71 16	26 48	98 36	82 86	84 75	64 44	56 47	41 28	40 38	70 67	17 65	18 2	39 84	95 28	13 86	99 61	61 1	24 31	14 16	47 81	54 33	37 53	92 71	65 2	48 58	55 70	36 27	76 63	53 93	66 57	3 9
30 36	76 81	93 66	43 19	65 70	5 31	50 86	40 73	22 31	21 11	60 26	27 20	54 72	92 66	85 65	29 4	66 87	73 20	83 49	1 8	72 36	46 95	68 17	48 66	44 50	19 50	23 22	32 65	20 58	80 2	41 64	3 59	90 34	12 44	61 77	70 91	67 87	55 62	45 25	14 46	51 91	10 26	91 9	7 43	53 86	9 66	69 76	25 35	0 94	88 41	82 54	18 73	71 83	59 56	78 74	2 54	37 36	87 11	34 50	77 13	47 12	75 27	11 11	84 90	94 36	63 54	81 16	38 37	42 69	98 93	33 12	56 43	36 78	17 69	99 15	28 63	64 20	96 35	97 30	89 98	52 7	31 24	39 80	58 13	79 33	15 27	6 60	26 82	4 84	8 73	57 91	95 38	35 3	86 13	24 95	49 18	16 87	74 40	13 27	62 38
18 31	84 76	96 94	53 59	17 89	91 64	94 99	88 91	71 71	69 92	20 3	26 30	34 57	30 6	3 25	28 32	47 51	44 95	57 18	81 65	61 26	75 31	73 76	37 7	33 94	39 45	54 16	90 44	86 77	55 13	89 67	13 75	8 1	9 26	46 77	99 50	59 66	7 76	1 98	98 97	65 64	64 98	95 61	51 35	2 33	78 33	0 73	67 35	23 35	19 43	38 6	43 47	31 29	83 1	92 72	24 37	97 92	77 51	6 31	29 75	93 57	21 6	42 41	36 7	85 24	80 33	66 79	76 18	40 46	79 13	48 53	62 55	32 36	63 46	49 57	82 30	4 17	87 78	60 53	14 9	10 22	50 68	52 86	45 82	16 32	22 80	35 73	56 56	12 24	70 83	41 58	58 64	15 23	27 46	25 84	74 98	72 67	11 16	68 42	5 48
84 63	45 89	58 77	53 40	57 53	78 5	8 46	62 73	11 5	47 75	12 30	92 10	37 38	79 87	13 95	68 98	52 47	22 49	0 8	29 36	64 5	74 12	91 10	33 30	24 85	83 60	61 85	96 21	25 76	32 65	17 47	50 70	54 92	88 58	1 41	10 45	41 93	63 41	76 31	72 41	59 81	27 33	30 85	36 93	87 95	16 52	82 9	28 77	60 56	26 52	97 80	75 18	90 2	95 74	23 6	66 18	15 18	21 50	98 44	86 59	19 68	4 4	14 64	2 49	35 92	18 12	77 38	38 6	99 64	34 84	65 83	85 62	93 24	31 92	44 19	89 73	69 59	49 37	71 44	5 60	55 28	81 48	3 17	94 93	6 79	9 91	42 18	43 53	40 43	48 71	39 7	73 11	46 1	80 42	70 63	56 22	51 18	7 31	20 76	67 91
23 51	21 42	27 74	48 45	78 88	32 13	88 68	7 93	28 18	94 15	3 93	67 89	91 84	85 50	53 88	2 77	5 29	65 27	33 35	90 23	74 13	96 41	60 92	93 51	51 38	4 91	42 97	76 99	79 48	61 86	41 82	57 93	38 86	59 4	72 84	31 89	46 40	6 67	43 42	36 49	97 46	14 59	20 48	17 99	25 48	98 79	71 40	69 64	64 32	52 67	29 87	40 44	99 97	95 36	66 49	86 37	50 88	22 31	75 13	34 36	35 15	30 47	73 58	92 54	68 44	87 91	44 91	39 57	26 26	12 46	19 15	58 10	15 51	8 33	89 13	16 54	83 70	63 79	47 22	45 88	56 39	11 55	77 38	49 60	9 17	54 52	81 54	10 73	62 59	55 78	0 11	70 34	24 50	1 29	84 81	82 52	13 74	37 28	80 25	18 13
87 3	52 24	75 69	10 72	43 70	29 80	97 89	19 57	8 47	6 94	5 97	91 25	64 60	42 92	49 86	15 83	89 19	41 69	93 23	51 30	98 55	30 25	34 41	26 78	13 22	92 38	37 8	3 88	9 90	55 24	18 80	0 44	77 10	2 4	35 85	4 38	44 3	14 71	23 21	22 57	46 50	33 53	95 62	25 55	65 3	80 53	16 68	58 24	61 94	88 92	1 62	78 75	59 54	67 84	72 79	12 62	84 17	36 87	71 57	70 73	83 38	7 74	28 12	66 6	69 12	27 81	96 83	45 48	99 1	17 66	32 23	20 97	24 66	53 7	68 72	56 67	90 2	60 49	62 41	79 73	54 49	21 22	81 69	38 67	74 27	94 37	82 94	47 9	57 74	85 26	39 98	63 40	73 22	50 18	11 60	48 49	31 76	86 53	40 24	76 73
9 34	97 93	33 32	54 34	56 66	15 93	57 19	0 95	53 7	12 93	1 47	26 16	93 11	27 41	84 91	29 71	89 16	88 7	75 7	70 97	16 48	31 44	81 89	82 5	13 42	7 5	8 78	17 94	34 58	66 48	65 87	40 18	20 97	73 42	83 43	18 98	71 54	11 54	86 86	62 9	78 55	6 37	25 25	4 44	60 27	46 90	61 70	35 93	98 3	23 32	50 10	38 20	32 72	42 82	43 98	67 56	51 77	58 22	10 20	99 9	3 53	30 92	52 84	96 76	69 71	2 29	5 83	80 17	68 71	94 68	44 73	28 60	92 96	72 34	14 10	45 23	36 77	85 99	37 72	76 73	41 4	95 67	63 92	90 84	79 60	21 74	87 42	64 85	22 77	47 4	59 6	55 36	48 79	91 48	24 26	19 33	49 77	39 6	74 6	77 36
90 41	8 93	13 36	89 47	76 80	21 6	16 78	78 45	51 74	19 62	2 83	61 36	77 76	36 37	74 58	41 14	85 42	27 12	26 48	99 76	87 55	82 64	80 97	31 86	70 23	35 37	25 59	34 23	37 83	59 25	11 41	6 97	14 68	93 67	4 6	69 15	3 47	53 55	40 99	95 17	38 39	88 36	44 59	55 76	47 28	79 62	20 82	12 42	97 88	24 97	42 2	7 68	83 19	91 20	50 82	1 34	60 99	57 45	81 56	49 75	65 33	18 11	22 7	23 52	45 20	96 40	43 14	52 45	86 56	32 44	98 86	54 46	15 29	10 74	30 52	39 5	92 17	5 14	28 1	48 79	71 79	33 73	29 92	46 55	75 40	84 43	67 23	58 36	63 25	94 31	62 62	68 36	64 47	9 71	17 8	0 6	72 57	66 5	56 14	73 93
71 40	92 60	84 15	35 66	76 33	70 32	28 98	77 21	8 6	98 82	26 44	39 56	85 58	13 54	15 25	61 15	9 79	16 79	89 35	57 16	20 8	17 77	45 62	53 72	60 23	73 87	86 50	99 89	68 88	90 11	6 44	65 4	44 25	56 76	69 8	58 34	52 56	46 23	10 87	81 78	12 24	96 74	18 78	42 41	80 15	67 70	88 80	54 20	22 23	2 56	74 37	25 9	11 42	41 15	43 30	3 22	94 66	55 82	82 1	7 20	24 86	36 6	4 22	49 11	83 98	19 1	59 53	47 11	91 70	33 13	37 12	48 67	14 59	93 71	34 65	62 99	23 75	38 61	97 59	5 58	64 64	29 60	31 21	75 36	21 31	79 50	0 63	30 11	51 14	66 84	40 56	1 12	50 36	72 57	87 64	78 64	27 71	63 86	32 8	95 12
76 18	25 29	95 62	24 94	63 6	79 17	42 71	88 7	39 40	58 45	40 34	84 25	10 40	1 67	35 82	32 48	18 58	41 20	29 38	70 75	12 79	36 85	28 58	52 73	54 14	75 10	37 4	85 19	26 75	13 73	19 23	21 90	45 21	22 44	4 55	67 57	78 27	98 65	68 48	59 19	27 27	30 88	81 6	72 28	77 65	55 62	43 45	14 97	38 66	46 3	89 43	51 69	66 76	60 79	94 88	69 48	20 80	53 31	87 2	91 17	62 1	50 79	7 77	90 20	49 69	92 41	11 10	97 52	23 53	16 61	31 2	5 2	99 3	82 85	3 46	47 46	96 73	8 91	65 92	83 24	9 76	57 54	2 2	6 76	61 83	80 34	33 28	48 20	64 97	17 33	93 18	86 22	56 42	71 24	0 39	15 36	74 87	73 49	34 19	44 87
50 15	22 85	48 21	6 3	76 27	78 46	55 16	39 97	96 9	74 82	36 81	7 17	89 29	61 83	11 84	28 77	0 82	35 96	29 23	58 8	33 84	41 68	40 85	92 64	21 6	99 6	98 69	93 64	67 71	46 77	52 31	45 49	73 2	68 56	75 2	12 17	19 77	42 48	87 31	3 86	71 84	94 34	25 78	47 57	65 74	83 41	95 3	54 8	43 79	85 24	57 99	9 34	64 64	69 18	14 14	38 43	56 46	15 97	88 55	2 92	17 19	82 4	81 78	26 42	23 74	44 57	53 77	4 71	72 99	59 70	79 76	18 77	30 17	91 33	66 17	60 93	10 35	70 11	86 70	20 7	63 72	90 37	84 24	34 4	27 83	31 31	97 94	5 26	16 25	24 54	1 81	8 90	77 10	37 83	62 64	80 72	32 61	13 56	49 29	51 53
88 9	77 74	50 47	23 77	56 31	45 19	91 70	85 40	84 37	75 76	6 71	68 62	12 35	64 83	80 23	5 95	66 85	10 51	35 11	49 20	22 86	73 59	30 1	16 22	34 67	7 58	72 64	3 46	67 21	21 82	1 72	74 80	33 87	92 56	81 29	98 67	86 70	89 91	65 85	62 3	25 79	58 41	70 1	14 41	26 32	17 91	20 99	37 10	24 33	83 36	55 77	28 77	36 81	47 30	39 18	53 52	44 41	29 15	60 8	96 9	31 76	99 45	54 31	15 56	0 38	9 36	51 4	97 84	13 94	38 62	90 1	4 28	48 22	57 31	93 44	71 25	19 57	78 75	63 35	40 2	95 35	87 48	32 86	94 18	42 43	59 50	46 55	76 70	43 81	82 36	2 2	61 84	69 31	79 79	41 43	18 3	11 13	27 3	8 10	52 46
74 43	13 32	39 49	25 62	5 6	15 73	71 79	30 7	16 11	49 85	61 20	4 46	76 61	55 62	98 99	81 24	36 43	17 46	78 32	56 6	69 7	86 24	88 72	97 59	38 74	75 91	65 38	3 79	92 88	24 84	73 17	50 14	54 80	42 41	20 24	11 30	2 40	72 18	14 81	22 39	85 15	0 30	58 68	63 21	12 25	87 32	28 18	44 6	62 51	59 31	64 62	77 87	91 20	67 65	9 41	48 98	23 56	95 4	89 1	29 73	60 26	51 31	6 25	37 78	46 25	43 74	57 95	96 2	35 9	1 1	8 5	82 22	45 37	68 10	94 82	27 90	79 91	99 76	41 39	26 39	53 99	18 32	31 48	40 95	83 99	47 90	66 21	90 51	21 46	10 11	34 78	93 90	80 22	70 28	7 10	52 85	19 76	32 62	33 39	84 3
6 1	48 22	31 28	97 16	90 97	98 55	15 7	33 84	95 38	29 4	2 54	37 96	64 30	23 29	53 78	5 10	57 8	46 38	79 10	41 81	1 29	32 7	82 91	47 95	28 99	88 67	60 52	22 59	91 38	20 20	42 85	55 65	7 88	35 98	86 54	16 94	72 2	87 27	18 79	30 4	10 37	96 60	9 31	3 71	24 5	76 60	65 25	11 76	61 38	94 2	74 82	63 74	45 91	4 56	51 62	13 11	39 6	44 74	85 15	66 5	27 40	84 43	99 92	43 2	19 79	34 83	12 3	21 69	56 6	59 25	49 88	58 29	52 48	54 23	81 25	8 7	75 54	93 93	92 48	26 81	78 41	68 53	36 29	70 56	89 16	40 32	67 19	50 20	77 42	17 14	80 29	14 81	62 32	83 95	25 11	0 55	71 89	69 79	38 56	73 82
33 6	2 80	1 77	50 75	25 89	79 59	65 92	21 15	62 54	27 45	64 10	30 81	24 44	51 71	86 64	98 67	97 87	14 1	38 93	63 43	0 66	84 5	23 73	92 89	3 22	54 24	66 73	44 14	56 61	59 79	77 11	76 21	46 62	73 36	31 3	9 29	68 23	13 4	71 29	60 41	43 77	28 67	69 57	29 10	12 77	41 33	5 41	37 9	8 30	17 92	96 13	82 26	52 93	19 46	72 2	67 95	74 26	99 4	26 52	94 24	32 25	22 72	11 87	47 24	6 57	91 80	61 99	75 68	35 71	57 85	89 52	10 54	18 51	81 76	55 48	36 66	15 89	90 11	87 98	42 10	83 99	20 85	4 87	39 40	80 57	88 12	93 90	48 97	78 67	85 30	70 99	49 72	34 78	40 82	7 9	53 71	58 5	16 59	95 58	45 40
44 15	24 7	29 12	31 55	0 51	89 40	63 19	14 76	27 35	66 73	86 80	18 48	76 40	94 17	32 65	72 2	3 66	90 22	37 96	9 47	98 9	69 67	56 92	60 80	6 48	51 28	22 21	93 63	12 68	61 27	45 38	52 62	67 98	33 12	91 93	78 10	96 34	34 26	68 52	65 79	50 5	82 60	26 27	4 86	11 40	25 76	87 73	42 78	35 76	8 38	47 83	92 36	57 21	20 56	81 20	58 44	39 33	73 66	99 85	19 80	70 6	48 50	16 83	95 68	53 21	10 93	7 57	5 26	46 67	41 34	54 72	71 46	2 47	15 78	28 79	17 46	80 90	21 85	88 45	30 88	23 50	84 62	49 47	43 44	74 55	36 67	13 72	1 28	55 67	85 74	77 43	75 20	59 53	62 40	38 97	97 51	40 43	64 49	83 27	79 70
52 1	23 66	49 72	85 25	77 11	57 96	26 94	66 12	53 26	99 96	55 37	30 54	7 73	22 45	3 88	21 95	64 63	12 81	59 78	38 43	25 45	63 42	14 27	39 95	36 82	94 74	92 20	4 32	37 86	90 1	35 45	46 93	95 6	70 43	16 87	2 28	98 21	82 69	93 67	45 39	78 84	32 95	50 95	44 32	60 50	0 83	68 8	51 61	8 49	27 25	81 59	91 14	73 38	83 78	11 75	87 95	24 30	20 35	79 68	10 50	65 16	34 6	13 2	40 22	76 37	1 87	43 70	31 41	47 55	58 33	17 44	42 28	18 93	19 45	61 67	56 40	75 86	69 95	67 83	54 44	5 84	72 96	33 86	97 26	96 52	28 64	48 58	89 53	84 68	29 65	71 78	74 59	6 7	41 89	62 17	86 90	88 32	9 15	15 21	80 32
50 8	24 11	82 43	9 93	28 44	56 19	41 15	68 28	1 29	76 76	18 63	94 14	22 15	27 45	52 43	78 94	3 91	44 84	47 11	42 34	15 91	81 11	0 94	49 93	64 27	11 31	12 8	48 76	33 59	84 38	83 13	38 93	31 74	87 92	23 74	63 76	79 79	40 84	86 30	37 89	90 56	72 11	77 54	74 62	36 9	29 4	88 91	8 46	96 70	6 44	20 67	69 66	75 78	10 48	70 26	97 93	58 89	5 93	51 11	13 34	66 52	73 98	71 8	89 71	62 57	32 14	19 47	26 92	55 58	80 48	95 33	91 87	45 7	99 36	61 35	60 80	34 54	25 63	16 37	67 25	92 30	93 64	98 6	46 93	2 85	35 57	57 48	14 9	59 15	21 74	85 86	30 49	54 62	39 60	7 90	65 78	17 44	4 3	43 89	53 77
13 60	66 2	37 98	59 95	90 12	51 55	28 3	7 61	29 62	94 72	4 13	67 81	43 61	36 53	88 57	68 5	74 50	86 9	3 2	76 60	92 14	45 20	2 96	31 54	81 9	87 76	69 60	80 99	40 42	30 3	25 99	19 48	9 92	11 4	38 57	12 65	85 97	33 22	73 20	71 6	91 18	22 81	52 78	60 54	46 23	56 44	47 53	17 57	18 12	44 51	39 83	42 10	16 65	50 80	6 11	97 34	93 24	53 87	10 8	41 94	65 61	35 16	61 56	49 89	95 4	48 40	58 5	57 70	24 70	72 53	77 89	79 7	96 2	21 73	62 84	1 61	15 28	54 50	27 39	55 6	20 44	0 51	32 19	34 37	70 60	99 83	78 23	64 45	89 46	23 59	82 39	26 7	63 34	14 70	83 99	84 12	8 60	5 19	98 24	75 14
