10	40
26 40	12 62	38 76	22 25	28 74	36 4	35 36	0 84	18 63	23 87	13 13	15 93	33 87	19 16	32 76	16 34	37 59	17 92	7 5	30 39	24 50	9 16	27 49	11 87	3 56	6 92	25 55	10 90	34 73	31 65	4 8	8 3	21 1	29 58	39 30	2 48	20 80	5 15	1 60	14 18
17 23	38 5	39 93	13 23	7 56	33 8	8 42	18 33	0 75	20 29	28 48	9 78	37 59	15 68	24 78	1 57	2 87	30 60	19 50	29 6	12 84	6 71	26 89	35 29	16 33	14 40	4 16	34 63	22 68	21 13	5 39	31 80	32 45	36 30	27 59	10 41	23 92	11 53	3 60	25 45
25 55	7 98	10 47	5 56	39 33	31 49	1 37	38 35	22 27	35 14	9 38	27 95	12 64	29 43	6 76	16 57	23 12	28 36	32 76	15 56	20 29	14 26	11 81	26 21	33 26	17 88	2 53	36 60	37 62	19 57	18 81	3 77	24 50	0 13	21 73	4 33	34 37	8 42	30 74	13 14
9 97	6 4	3 60	28 37	22 9	26 48	32 43	39 40	15 31	20 30	31 85	21 97	10 43	18 13	1 72	12 95	14 21	30 36	19 78	25 98	5 45	4 40	11 42	8 52	38 22	24 33	23 23	34 60	0 43	35 35	36 56	33 32	16 29	27 79	7 2	17 32	29 73	13 6	37 81	2 93
35 69	32 77	5 8	11 23	17 50	24 41	3 64	14 92	15 15	6 31	34 74	7 62	2 70	30 57	18 91	22 15	1 82	9 64	0 50	16 47	36 46	8 87	26 55	21 52	27 10	13 98	10 90	39 31	23 50	4 8	31 6	20 62	29 99	37 1	19 53	12 9	38 80	25 28	33 47	28 70
13 86	21 5	7 69	28 83	15 34	9 69	20 71	37 42	30 29	38 21	2 46	6 87	32 11	22 24	4 87	25 86	31 35	5 54	16 7	12 37	0 27	36 96	23 85	8 75	34 10	18 64	11 88	10 54	17 7	27 49	1 78	24 70	33 44	29 48	26 20	19 20	14 82	3 81	39 98	35 92
31 63	3 42	7 74	38 19	10 37	8 40	34 63	16 51	18 24	17 33	0 36	20 45	2 63	36 64	26 33	11 97	30 15	14 16	39 62	28 69	13 34	12 54	23 38	33 90	9 18	4 20	22 24	37 69	6 87	21 22	15 48	5 56	24 2	25 86	35 61	29 54	19 11	32 40	1 82	27 96
8 47	18 79	30 92	24 81	6 72	14 54	37 79	5 11	13 81	25 73	26 97	12 79	7 45	38 9	29 18	35 73	9 23	11 35	23 53	20 92	39 24	4 93	0 71	16 39	15 57	3 38	33 48	17 75	31 50	19 95	1 19	28 62	32 93	34 39	36 14	2 25	22 1	10 1	27 57	21 8
23 49	20 81	30 52	2 2	19 84	16 65	22 74	21 67	3 96	37 81	29 80	15 1	27 17	38 53	31 37	7 98	14 74	18 53	17 86	33 8	11 75	32 20	35 2	0 38	4 40	24 63	25 90	6 2	1 80	12 12	13 82	5 81	9 61	28 87	36 78	10 60	8 69	26 12	34 26	39 98
15 28	20 62	25 11	12 28	26 48	8 17	4 77	6 55	14 46	27 62	39 81	33 56	24 14	37 74	30 13	2 50	23 12	34 38	5 91	16 41	28 64	21 42	9 88	38 62	35 81	1 91	3 50	22 39	0 1	36 61	31 49	13 50	11 78	19 24	7 21	17 16	10 5	32 70	29 23	18 8
