80	20
7 68	19 78	6 14	15 65	5 80	9 73	0 12	4 56	10 45	14 35	13 9	12 8	18 24	1 21	11 51	8 61	2 30	3 40	16 33	17 36
11 53	14 50	8 4	17 75	7 40	1 65	12 80	15 80	0 8	4 51	13 52	9 88	5 44	16 44	19 98	3 14	10 44	6 22	2 20	18 15
0 81	10 45	19 44	5 46	14 11	1 11	2 23	17 3	16 32	9 76	3 57	6 24	13 85	8 56	12 68	4 74	15 12	18 49	7 82	11 76
13 71	8 47	19 2	18 66	17 15	11 32	9 94	16 42	10 23	5 78	15 18	6 24	2 68	1 88	4 66	7 29	14 20	12 66	0 79	3 12
9 90	2 17	16 47	11 59	0 99	7 58	13 33	8 22	17 86	14 74	3 27	5 30	18 2	1 69	6 20	4 54	12 33	15 22	19 48	10 25
12 2	13 63	4 26	1 49	0 8	9 72	19 57	10 59	18 18	7 27	16 48	5 48	11 21	6 88	2 38	14 76	8 83	15 96	17 30	3 70
1 18	5 17	8 40	12 10	17 19	18 11	9 41	15 38	14 55	2 40	13 78	11 38	0 33	7 63	16 47	10 72	6 62	4 55	19 74	3 57
8 66	13 84	9 64	2 98	0 45	4 77	18 25	10 26	17 69	6 61	12 15	16 76	3 53	5 91	1 70	11 97	7 84	19 41	15 52	14 47
9 35	8 61	17 24	2 39	7 77	18 93	14 14	13 71	12 62	1 10	10 13	0 2	3 91	5 53	19 46	6 64	4 92	16 36	15 31	11 37
14 70	6 1	2 62	0 51	5 89	19 31	1 11	4 79	15 72	12 30	10 97	18 36	9 80	3 60	11 77	8 97	16 36	7 8	17 4	13 7
11 69	10 96	5 69	3 62	14 1	13 27	1 57	7 77	12 7	6 38	19 51	16 55	17 82	2 37	9 63	18 5	8 64	0 90	4 15	15 11
4 19	6 18	17 18	8 62	3 18	15 84	0 49	9 68	19 1	13 18	5 95	10 50	12 7	1 45	16 78	14 81	11 75	18 69	7 86	2 21
1 32	4 70	18 28	15 61	3 51	0 55	11 15	7 89	16 71	6 87	10 46	17 65	14 87	2 10	5 67	9 22	13 87	19 51	8 99	12 82
3 58	5 9	0 73	11 52	19 22	8 46	9 31	16 33	12 80	13 48	7 70	1 67	15 98	4 77	14 22	17 48	6 53	2 70	10 33	18 7
1 59	15 6	18 81	2 31	19 82	12 96	5 85	4 77	8 37	10 10	11 45	0 8	9 86	16 80	3 69	13 81	14 23	7 11	6 51	17 61
16 33	11 49	1 89	3 30	13 2	7 33	4 58	15 3	8 85	12 89	14 65	9 72	10 41	18 96	2 72	19 15	6 1	17 42	0 4	5 28
8 65	1 62	12 69	7 28	18 52	15 18	17 5	13 63	3 58	4 89	5 6	10 51	16 5	19 40	11 47	9 59	14 46	0 91	6 96	2 1
6 60	11 34	19 46	16 53	17 36	4 56	0 34	9 26	3 37	15 95	2 67	10 82	18 61	1 73	14 46	7 56	5 21	12 3	8 58	13 96
12 49	8 29	0 15	19 83	18 54	7 98	6 8	14 94	11 50	15 97	10 31	2 52	1 53	9 36	4 39	13 6	5 21	3 13	17 84	16 47
16 55	14 29	5 81	2 86	0 97	18 11	3 21	6 49	15 80	8 25	13 12	11 13	10 8	9 45	17 16	7 26	4 2	1 61	19 56	12 73
15 42	6 38	0 1	8 22	12 21	13 45	17 55	18 78	19 40	16 90	14 88	11 11	5 21	7 28	1 26	4 21	9 2	3 65	2 19	10 67
3 79	12 62	16 50	9 21	2 37	14 96	13 83	11 70	0 12	1 3	7 7	4 20	17 39	18 70	5 60	6 80	15 40	10 97	8 93	19 14
12 47	9 49	7 9	5 90	17 22	16 84	4 54	1 98	3 20	11 31	14 40	18 99	15 53	6 74	2 62	13 4	10 99	0 51	19 60	8 25
10 31	14 46	8 51	4 56	6 77	5 47	16 96	3 94	9 87	15 11	13 76	2 89	7 14	1 2	12 75	11 42	17 86	0 7	19 28	18 43
15 71	2 97	7 31	9 1	13 77	19 74	12 76	8 12	6 56	3 29	1 10	16 81	14 31	5 22	18 83	17 11	4 19	0 69	11 28	10 26
5 73	4 7	2 60	19 24	15 29	7 49	13 88	9 56	14 86	1 21	10 28	0 66	18 43	6 20	8 56	12 97	17 83	11 81	16 86	3 51
9 51	14 54	11 81	2 85	15 21	8 13	18 65	1 68	3 39	0 27	7 11	16 93	10 37	17 62	13 38	12 84	5 71	19 24	6 1	4 73
9 13	7 96	16 13	8 98	6 14	14 48	3 94	17 68	19 59	2 79	4 47	13 13	18 62	11 86	1 12	0 30	12 46	5 22	15 56	10 78
15 15	10 6	3 70	4 67	6 23	2 98	19 2	13 84	18 8	14 84	16 50	9 94	7 99	12 89	11 51	1 8	0 57	8 65	5 90	17 79
17 81	1 42	5 7	3 46	2 11	7 87	6 9	12 43	11 79	15 82	4 81	0 60	18 45	8 90	14 46	16 64	19 16	10 20	13 26	9 41
8 57	0 19	6 94	1 54	4 56	10 67	12 50	2 51	3 3	9 28	15 69	14 4	11 87	17 50	7 70	19 36	13 57	5 20	16 51	18 20
6 43	0 89	18 53	14 22	2 25	13 79	5 96	16 25	1 55	11 16	19 56	7 15	8 15	15 5	12 64	3 21	10 77	17 25	9 30	4 10
17 79	9 29	3 25	16 17	12 13	10 79	6 42	18 37	11 62	19 28	7 16	8 48	4 72	0 53	2 17	1 96	14 41	15 24	13 6	5 92
2 74	19 93	17 66	14 36	18 92	7 36	13 92	12 62	1 80	0 99	9 41	11 70	5 97	6 38	3 78	8 91	16 33	4 53	10 83	15 26
2 72	4 12	0 46	15 85	9 12	8 29	11 76	14 79	12 41	13 33	10 35	16 45	1 37	17 37	18 99	19 66	6 13	7 80	3 34	5 85
0 85	15 58	16 75	8 56	19 29	13 17	18 64	4 5	2 14	12 3	14 40	3 32	9 52	1 74	11 31	17 47	5 14	7 76	10 64	6 30
8 7	19 94	18 51	12 99	17 56	0 85	6 94	10 69	16 81	2 78	15 45	13 79	5 27	9 12	14 27	3 82	1 87	7 51	11 61	4 72
16 56	10 40	19 33	15 79	6 55	13 2	4 66	7 80	9 9	5 31	18 8	14 87	17 41	1 55	2 70	12 96	0 58	8 12	3 83	11 61
0 78	12 85	4 28	3 15	16 84	9 88	13 41	2 73	19 23	15 70	8 4	6 97	1 44	14 53	10 56	7 8	11 39	17 72	5 93	18 20
0 45	15 11	9 60	10 43	11 49	17 74	4 14	16 91	18 75	1 80	12 61	2 3	7 35	5 63	14 35	19 37	3 14	6 74	13 54	8 28
9 55	15 9	10 1	6 4	1 64	0 81	11 16	7 51	2 3	12 63	19 77	8 88	5 29	13 92	3 66	16 46	4 96	18 13	17 10	14 60
19 68	14 1	11 72	18 2	7 96	9 28	4 5	1 46	10 76	0 97	8 18	6 59	17 11	5 22	15 27	3 16	16 78	2 1	13 57	12 45
13 62	15 79	2 83	17 54	12 33	1 54	11 21	7 19	8 22	0 66	6 87	14 88	10 4	16 79	5 86	4 12	3 67	18 36	9 51	19 47
11 17	7 60	2 79	19 38	17 23	16 25	1 44	15 68	12 52	0 63	3 78	9 59	10 86	14 3	5 56	4 12	8 41	18 6	13 5	6 64
5 47	2 36	10 96	4 75	6 38	3 60	0 87	9 57	7 11	11 72	19 46	1 28	18 19	16 88	13 45	12 12	17 80	15 76	14 1	8 54
18 25	12 30	7 5	6 11	10 15	8 48	11 25	15 17	17 76	1 79	3 69	2 56	19 84	5 5	0 45	14 91	13 99	9 58	16 32	4 29
3 38	19 15	11 97	10 69	12 73	13 50	0 34	18 53	15 83	4 7	17 34	16 55	6 19	7 50	9 10	8 1	1 76	5 80	2 89	14 12
6 70	5 10	7 76	19 85	17 32	2 38	15 22	1 6	4 14	13 92	0 44	9 61	16 63	8 86	12 23	14 60	3 32	10 67	11 66	18 30
8 2	7 97	3 24	13 40	5 46	6 12	2 93	1 7	10 57	14 37	9 53	15 4	18 64	16 41	17 99	0 93	4 22	11 90	19 88	12 95
4 80	17 12	18 60	16 11	8 8	0 18	7 15	2 58	6 87	3 79	11 14	14 92	5 45	1 14	19 60	12 22	15 3	9 60	13 10	10 23
14 58	12 55	1 14	9 45	13 20	0 6	3 27	15 90	4 49	10 79	6 69	11 21	19 44	8 69	7 72	2 48	16 31	18 89	17 10	5 30
17 83	16 89	12 13	6 76	5 31	18 1	1 50	0 41	15 39	9 57	14 45	19 66	7 48	11 16	10 81	8 34	3 33	2 9	13 3	4 87
19 62	10 30	7 92	4 78	5 4	12 9	2 44	6 80	3 4	1 21	17 21	11 83	18 4	16 40	15 47	14 23	13 69	0 16	9 94	8 50
3 81	9 47	4 5	1 32	14 62	5 30	13 74	15 5	17 41	0 3	10 22	8 51	16 35	6 85	2 6	19 49	18 71	12 55	11 66	7 9
6 75	18 50	1 6	2 79	15 27	11 27	17 40	14 77	13 44	5 47	7 22	10 1	16 17	12 95	4 42	3 76	8 41	19 33	0 26	9 57
2 31	10 64	5 96	1 26	11 64	19 55	16 13	13 54	14 96	9 25	0 68	3 1	12 1	7 96	18 35	8 69	4 91	17 64	15 87	6 60
0 61	4 80	6 1	7 94	3 34	8 89	2 46	15 71	14 34	12 46	9 93	1 77	16 17	17 92	10 85	5 85	13 91	18 21	19 23	11 84
9 90	17 9	3 49	12 1	7 66	6 8	2 8	8 97	14 33	11 3	10 29	13 84	4 78	15 21	5 71	0 12	18 23	19 48	16 42	1 7
13 6	10 77	12 50	19 40	3 53	9 72	0 2	2 69	18 75	7 10	1 5	15 72	4 92	14 96	6 6	5 81	17 4	8 6	11 31	16 89
4 85	0 74	13 25	6 26	15 8	19 40	14 7	16 72	12 43	11 46	9 67	10 12	1 86	5 78	7 38	3 52	17 98	2 41	18 59	8 59
5 82	19 76	7 80	15 97	2 42	13 40	18 47	16 22	10 78	1 97	9 30	6 69	17 10	12 21	0 93	3 37	11 58	8 51	4 93	14 65
7 50	18 78	9 22	14 51	15 95	13 26	12 22	3 5	6 79	10 96	8 6	2 44	19 42	1 92	11 40	5 92	17 61	0 20	4 5	16 93
12 81	1 12	2 9	17 85	9 60	4 53	15 67	16 1	3 6	13 79	18 91	8 17	5 97	11 25	0 12	6 16	14 64	10 80	19 73	7 79
17 43	11 21	10 57	2 33	1 53	7 7	13 66	3 71	14 74	12 11	15 69	16 56	0 48	9 26	5 55	18 46	8 20	4 95	19 61	6 47
10 32	12 20	15 80	14 37	18 21	8 82	2 12	16 97	13 35	4 88	11 73	1 92	5 86	7 41	17 91	0 79	19 90	3 63	9 66	6 63
11 77	8 9	10 49	6 94	3 62	2 96	19 70	16 57	14 83	0 2	12 74	7 95	15 45	1 79	9 72	13 12	17 46	5 11	4 49	18 20
19 11	5 99	11 68	13 69	0 34	14 32	3 66	4 52	10 60	12 83	15 13	2 13	18 91	16 96	17 79	9 28	1 73	6 98	8 21	7 5
11 5	3 65	17 14	2 76	15 99	6 59	5 49	7 10	18 83	16 88	19 57	12 51	13 28	1 24	14 72	9 41	4 83	10 33	0 65	8 83
0 26	3 98	17 34	7 49	9 23	6 89	19 62	1 53	11 54	2 92	8 16	5 15	16 90	15 35	10 56	18 5	14 23	12 41	13 67	4 92
7 95	10 92	19 84	4 45	11 46	3 13	1 78	9 25	16 65	8 69	14 69	5 76	2 83	18 11	17 38	0 34	6 35	15 39	13 13	12 34
15 71	5 75	19 72	7 40	11 83	16 85	14 34	0 74	1 30	6 98	9 53	10 55	4 24	3 84	18 21	2 87	12 57	13 81	8 85	17 28
0 43	7 25	5 58	9 29	12 64	13 74	19 84	1 59	10 88	17 1	2 71	6 13	14 76	11 81	15 37	8 36	16 61	18 19	4 47	3 25
18 40	14 43	9 83	17 67	2 1	10 32	1 13	15 25	16 60	19 32	0 77	5 90	7 56	4 47	8 79	12 67	3 9	13 64	11 58	6 62
17 87	11 13	2 83	15 7	12 88	9 11	13 10	8 53	14 11	4 37	3 81	6 6	18 67	5 74	1 72	19 35	10 63	16 5	7 8	0 29
5 48	6 30	14 83	3 30	1 87	7 32	19 86	4 14	12 98	16 83	18 24	2 34	9 46	13 31	15 70	10 91	8 82	0 31	11 11	17 43
6 86	12 36	15 31	9 44	2 45	1 15	0 86	17 33	18 25	11 37	19 15	7 6	10 95	8 29	5 18	3 86	13 43	14 66	4 51	16 31
11 75	4 14	13 11	15 45	12 8	1 71	16 93	10 15	9 77	5 66	6 11	17 98	18 60	2 94	8 34	19 30	7 78	14 18	3 94	0 85
16 73	6 3	3 4	1 52	7 96	2 47	5 18	4 98	17 79	14 60	19 45	18 18	9 56	15 83	13 19	8 75	0 11	12 25	11 33	10 89
1 8	0 30	10 81	9 52	5 94	8 67	7 16	14 67	2 87	13 41	12 65	18 90	11 61	3 1	16 14	4 84	15 36	19 21	6 48	17 56
15 59	4 78	9 41	12 9	13 86	0 2	1 98	8 85	19 53	17 24	11 24	7 92	16 98	2 81	6 36	3 9	14 22	18 29	5 95	10 76
