50	20
3 47	5 84	0 32	6 23	13 11	10 37	1 25	18 20	17 46	4 74	8 13	7 37	15 75	12 20	2 11	9 11	14 71	19 43	11 22	16 94
18 1	0 54	14 8	10 56	17 84	11 24	16 3	6 26	1 56	5 2	8 76	4 24	2 90	3 97	12 8	13 76	7 86	19 20	15 84	9 62
0 53	19 27	13 11	7 33	18 43	4 23	1 50	12 22	9 63	11 82	17 49	8 3	6 70	14 2	3 57	16 8	10 77	2 53	15 30	5 46
19 10	8 99	13 70	10 72	11 44	16 47	5 37	15 99	1 7	0 18	6 10	3 82	12 2	18 44	4 69	2 48	9 24	7 94	17 94	14 26
10 68	9 53	12 90	5 12	15 70	2 72	11 10	14 77	6 41	13 5	0 54	7 42	4 87	3 57	8 77	17 7	18 34	1 80	16 43	19 93
19 66	8 92	0 35	17 75	13 44	9 13	6 68	14 81	4 60	11 16	15 68	7 81	3 16	18 76	2 15	16 85	1 42	5 77	10 63	12 90
18 41	12 42	15 76	5 14	14 96	16 26	8 88	19 95	2 55	9 8	17 76	6 84	7 86	0 70	11 86	3 81	4 33	13 77	10 26	1 38
2 19	16 99	19 70	7 66	1 3	18 13	10 57	3 18	14 95	12 68	13 4	9 10	6 35	4 70	8 34	17 33	11 22	15 51	5 36	0 7
11 18	19 60	0 87	17 72	3 83	1 13	16 47	8 88	10 18	7 18	13 61	9 83	12 32	5 38	6 32	2 38	18 64	4 9	14 7	15 86
18 77	9 41	4 11	15 86	6 1	0 88	11 78	5 18	16 53	2 87	13 78	17 96	19 4	3 27	7 71	12 18	1 13	10 95	8 54	14 82
8 16	6 48	19 39	11 62	1 40	5 97	13 33	15 54	17 83	14 11	0 49	4 70	2 32	3 17	16 16	18 69	7 33	10 68	12 90	9 17
1 68	7 70	12 53	3 23	2 79	9 40	6 6	8 18	4 31	19 6	15 54	11 47	16 24	17 74	0 96	5 53	13 7	18 45	14 16	10 73
0 95	12 18	16 35	1 9	18 78	3 98	7 61	11 59	13 74	19 16	2 26	10 3	5 65	4 95	14 7	9 36	15 17	17 30	6 63	8 89
10 2	5 8	11 26	9 5	6 56	12 88	14 9	3 45	17 5	7 55	13 49	4 69	15 37	18 20	0 22	2 64	1 61	8 93	16 84	19 93
15 51	6 11	2 55	12 19	10 32	0 32	17 46	16 81	19 68	4 6	3 16	11 94	5 44	1 23	8 14	14 75	13 7	18 41	7 6	9 38
5 38	12 77	7 22	18 55	14 27	13 3	9 59	8 67	1 91	15 90	0 36	11 86	2 61	19 24	4 71	6 57	10 46	17 26	3 44	16 40
17 79	1 80	0 23	9 4	6 78	16 44	13 4	3 68	7 54	11 83	5 52	8 73	15 51	19 52	14 42	2 68	18 20	4 59	12 76	10 53
16 26	12 3	15 1	18 21	17 88	5 69	0 87	14 96	9 30	4 80	13 19	7 75	2 77	3 99	6 46	19 68	1 70	11 30	8 36	10 26
15 79	12 37	4 34	3 50	2 65	8 29	1 22	7 4	9 10	11 85	10 32	18 85	17 84	14 24	16 21	6 36	19 81	0 72	13 92	5 28
14 99	5 90	1 56	11 21	18 25	17 77	12 26	2 49	0 37	8 10	16 9	7 24	9 35	10 13	6 6	13 16	3 84	15 33	19 59	4 98
8 37	15 57	19 53	1 30	10 22	5 14	3 99	9 74	12 32	18 10	2 86	16 14	6 84	0 55	14 34	13 21	4 65	7 92	17 6	11 74
12 63	15 5	5 29	1 25	8 32	17 23	0 63	9 99	14 83	10 30	4 58	13 41	6 24	16 39	7 53	2 96	11 31	19 73	3 78	18 93
0 25	7 81	6 69	16 65	17 74	11 71	19 10	3 70	10 19	5 61	12 20	9 3	8 6	4 44	13 27	18 94	15 64	14 77	1 67	2 40
18 14	3 17	5 92	15 85	7 37	19 40	17 33	12 79	8 99	13 80	10 84	2 61	14 20	6 21	4 31	0 43	16 91	1 76	11 3	9 72
18 27	12 1	11 79	4 17	2 95	3 39	6 93	16 82	14 47	0 1	13 91	9 7	10 25	19 88	17 53	5 86	7 1	1 67	15 72	8 98
17 41	1 49	0 72	9 3	15 19	12 99	11 44	4 47	10 24	14 80	18 95	7 37	3 17	5 85	13 92	19 37	8 24	16 72	6 38	2 63
11 55	1 62	19 99	4 96	14 26	10 78	5 28	17 96	13 88	6 26	12 38	9 69	16 24	0 52	3 24	8 39	15 4	18 72	7 29	2 57
19 53	10 92	11 5	16 35	8 50	6 39	9 43	0 19	17 5	5 40	14 21	12 41	4 36	7 13	3 52	15 25	2 59	18 43	1 35	13 97
3 77	14 3	2 37	12 56	13 6	11 56	18 81	8 15	15 70	19 21	17 27	5 38	0 22	7 30	1 24	6 27	10 7	4 12	9 54	16 40
5 84	10 29	15 24	17 19	0 13	8 65	14 47	13 24	19 83	3 16	9 63	18 65	12 88	11 15	6 38	2 71	16 77	7 87	4 1	1 26
12 57	4 27	17 51	0 26	10 64	3 40	19 71	14 85	6 32	7 37	15 13	13 53	9 41	1 47	5 87	11 25	8 16	16 16	2 57	18 32
2 35	11 14	5 99	14 80	4 81	6 67	1 88	0 65	9 33	10 5	13 93	19 52	15 95	3 28	16 53	7 78	8 98	18 22	12 7	17 73
18 50	16 36	1 65	15 46	5 51	3 77	19 19	11 24	7 66	2 77	9 78	17 16	14 63	10 94	6 15	8 82	0 41	13 33	4 72	12 58
10 62	4 90	3 85	1 63	0 22	18 95	2 90	17 18	14 34	11 52	5 42	15 57	13 11	12 28	19 11	16 30	9 34	6 39	7 45	8 31
8 29	5 53	10 19	15 52	6 3	11 26	1 76	4 4	17 54	14 88	16 55	12 36	9 78	7 42	3 4	13 47	2 75	0 21	18 17	19 71
7 5	18 13	17 61	6 65	2 60	3 34	9 82	14 58	13 77	15 67	0 80	8 67	10 28	11 41	1 96	12 77	5 39	4 74	16 27	19 69
16 9	0 89	18 42	1 95	3 94	14 77	13 5	7 89	10 99	4 63	15 33	6 12	12 79	11 11	19 77	9 80	8 56	17 77	2 57	5 24
15 78	0 91	7 74	12 60	9 58	1 97	6 6	17 87	4 73	19 59	18 1	10 8	5 40	14 58	2 85	3 43	16 94	13 95	8 66	11 88
16 70	12 9	15 97	11 53	7 73	0 13	10 49	1 65	4 67	5 81	13 24	2 89	18 84	17 6	8 52	9 98	6 88	19 12	14 60	3 41
16 75	14 10	6 21	19 34	3 42	0 82	5 23	2 69	1 78	9 5	15 35	7 88	18 49	12 41	17 85	8 35	10 72	11 65	13 30	4 28
13 14	10 15	3 6	9 66	5 21	7 58	8 89	17 43	6 45	15 82	14 51	11 38	12 94	4 23	0 49	18 93	2 86	16 58	19 78	1 19
6 78	0 17	16 25	2 29	18 29	13 65	8 54	17 70	11 29	4 52	10 2	14 70	15 82	3 9	9 61	19 90	12 73	1 42	7 8	5 78
15 72	16 24	3 74	5 70	11 22	18 67	1 47	14 62	4 72	19 96	13 53	9 54	6 24	7 42	0 8	17 76	12 81	10 40	2 54	8 95
8 50	18 51	15 6	1 63	5 91	2 69	6 95	13 8	9 51	7 8	0 99	17 24	12 33	14 69	16 54	10 10	3 38	4 86	11 76	19 14
7 6	5 34	0 17	8 11	9 45	1 78	10 16	2 7	15 3	11 15	16 65	6 44	17 59	19 72	14 2	4 8	3 34	13 69	12 27	18 6
4 19	16 6	14 26	3 86	12 44	2 83	5 73	9 56	0 39	19 40	18 86	15 31	10 95	17 32	8 23	6 20	1 14	13 90	7 4	11 44
6 7	5 69	17 20	11 80	12 29	0 33	13 55	9 48	7 28	15 64	8 61	4 99	2 18	19 31	3 7	10 66	1 38	16 76	18 70	14 54
17 90	15 93	18 94	0 49	16 97	4 80	12 18	10 91	6 70	7 19	13 18	14 43	2 40	19 88	1 45	5 1	9 66	11 74	8 36	3 13
10 33	12 48	0 88	4 26	5 15	3 74	15 28	11 26	7 92	2 89	6 7	18 63	9 29	8 88	1 86	16 94	13 47	17 93	19 36	14 60
4 8	1 24	14 77	3 67	13 86	2 84	19 38	7 39	11 14	15 43	18 53	9 57	10 8	5 8	16 86	17 67	12 29	6 47	0 12	8 75
