10	30
6 47	22 17	14 49	5 31	20 1	17 36	3 41	1 77	21 41	13 37	8 73	11 98	12 28	16 31	29 3	4 26	19 87	2 6	10 55	27 22	9 75	26 65	23 56	24 78	15 17	18 75	28 22	7 47	25 71	0 55
0 61	28 32	2 65	22 89	18 22	7 64	17 23	13 32	27 38	12 8	11 8	10 27	19 8	25 89	4 7	9 3	23 49	26 67	20 2	3 25	6 61	1 7	15 36	8 24	21 11	14 14	5 53	29 23	24 82	16 47
21 47	6 48	28 83	18 54	17 93	0 5	22 74	19 53	29 47	25 35	20 23	4 28	10 71	16 8	5 15	11 59	24 21	13 54	14 96	23 66	26 97	9 42	1 6	27 74	2 35	12 58	7 15	8 48	15 16	3 3
14 2	16 6	24 92	11 46	23 33	8 76	1 66	4 95	21 29	29 15	18 88	25 64	9 11	2 41	7 3	27 4	3 22	13 92	28 61	15 6	19 87	5 69	10 84	6 33	26 86	0 24	20 6	17 71	12 21	22 3
4 87	6 83	13 1	9 34	29 96	2 43	20 53	7 96	17 74	16 56	5 55	27 12	25 53	18 82	3 17	23 80	15 27	24 68	1 97	0 40	26 21	14 51	21 5	8 17	22 64	11 45	12 14	10 38	19 69	28 35
22 53	12 33	3 94	4 88	1 77	10 45	2 97	18 55	5 61	21 85	25 38	24 93	19 51	13 23	6 99	26 37	14 64	27 51	20 6	7 40	11 52	23 49	29 46	16 59	9 8	15 50	0 43	8 28	17 80	28 98
14 73	16 61	24 94	21 24	15 5	9 29	26 3	28 66	12 21	29 48	18 11	19 95	25 69	7 29	0 51	2 73	23 82	3 4	4 13	5 28	8 15	6 9	20 6	11 32	13 9	17 42	22 68	1 62	10 34	27 75
23 87	6 72	28 94	3 19	9 16	19 20	17 52	26 89	7 6	14 12	8 35	21 89	5 92	15 83	29 34	27 61	10 27	11 82	22 13	25 26	1 70	16 22	20 56	12 64	24 5	0 34	18 98	4 90	13 96	2 86
24 91	23 5	26 50	2 56	21 28	14 45	6 44	17 56	18 60	0 92	7 56	28 59	19 29	4 39	12 18	22 33	1 55	20 45	3 94	5 85	10 69	13 82	11 83	8 35	25 41	29 47	16 47	27 37	15 88	9 10
29 56	7 72	23 13	19 92	2 70	1 35	14 32	26 89	15 47	25 76	16 10	3 6	11 47	20 70	5 82	28 60	12 41	6 66	18 23	17 53	4 20	9 72	8 2	24 91	0 48	21 10	10 89	13 92	22 54	27 21
