30	100
93 24	89 16	37 93	79 74	78 94	18 92	86 28	2 27	13 61	10 3	65 77	5 31	4 5	47 34	32 50	82 61	42 74	30 20	90 6	64 64	58 76	57 86	71 17	0 84	81 24	85 9	9 73	46 22	43 49	83 41	95 67	77 90	1 75	40 7	34 40	62 83	72 9	41 12	38 46	26 37	98 17	97 28	60 78	74 83	94 22	54 3	23 72	39 36	49 76	17 95	3 3	15 35	59 65	91 11	14 21	96 5	44 10	56 82	28 18	63 97	25 66	80 23	31 50	7 45	6 28	88 8	75 17	84 88	35 55	87 83	29 69	50 99	48 91	11 78	27 15	69 69	20 20	8 2	22 23	33 18	52 60	19 45	70 68	68 51	45 56	16 40	92 77	99 92	67 7	36 72	51 82	73 54	21 73	61 15	55 70	24 77	12 27	76 4	66 63	53 72
8 92	15 2	89 57	43 3	1 56	73 13	5 36	14 65	52 61	96 5	85 8	25 60	88 60	53 11	62 65	36 87	21 60	87 71	76 85	7 92	58 32	81 2	22 65	10 50	55 30	61 87	71 43	27 5	98 36	94 6	91 1	48 97	69 74	3 26	74 26	59 39	54 20	64 98	44 33	99 25	78 19	97 62	90 79	47 11	35 57	17 41	63 67	86 94	92 79	46 57	67 88	93 47	39 32	31 68	12 68	6 2	11 29	28 72	68 83	23 89	20 91	66 46	34 31	51 13	77 69	38 21	45 12	56 87	29 90	79 87	37 21	57 51	82 16	26 42	75 92	70 46	40 64	42 90	2 62	18 1	95 65	65 93	84 97	50 33	16 55	41 64	49 24	4 25	72 57	9 64	32 39	80 50	83 5	24 25	13 80	30 9	19 95	0 2	60 42	33 17
55 62	47 27	67 13	3 96	29 94	79 95	63 66	50 56	65 24	92 19	85 6	91 5	36 1	10 99	30 53	94 20	18 29	41 52	20 8	72 49	49 54	24 53	39 68	61 80	32 61	54 99	76 52	86 66	53 25	88 83	16 23	17 10	35 50	69 83	7 69	60 48	93 26	56 39	73 81	82 75	78 89	84 27	95 95	45 60	66 16	14 44	58 65	28 46	75 11	34 95	4 32	81 47	12 34	2 89	74 16	99 69	0 85	33 54	87 97	37 3	90 38	31 47	23 50	68 94	42 41	97 38	19 30	80 19	11 91	1 84	46 67	48 51	71 34	5 65	26 17	57 47	70 86	89 82	43 32	22 44	8 3	64 92	98 57	13 70	27 62	62 55	51 24	77 55	40 93	59 81	83 20	38 7	9 72	21 39	25 52	15 38	44 33	96 61	52 23	6 7
27 58	93 17	71 29	84 84	19 95	39 62	25 50	92 86	83 48	68 56	69 92	82 22	78 51	1 27	44 61	36 72	54 31	76 31	0 66	30 10	43 71	20 79	52 14	7 51	8 75	14 15	37 9	21 96	98 59	32 26	77 61	72 77	41 21	65 67	17 56	46 45	29 2	49 10	34 6	23 40	4 44	10 51	86 20	87 22	38 39	73 16	48 51	67 82	57 9	58 81	60 40	50 10	33 39	5 21	13 16	59 44	88 9	22 43	63 52	91 96	42 93	6 36	96 38	97 77	89 41	3 84	24 63	45 4	31 49	64 28	80 83	66 34	18 3	90 37	47 25	56 1	40 72	61 62	81 82	28 87	53 96	51 57	62 29	70 97	2 53	16 77	75 20	74 80	9 20	26 44	79 37	35 35	15 18	99 42	85 3	94 21	95 78	11 71	12 79	55 21
40 6	14 24	44 14	33 92	8 57	86 50	48 20	39 43	84 14	35 55	80 18	92 93	18 84	95 64	97 50	24 72	16 77	37 98	51 56	61 6	79 43	96 37	98 10	13 1	32 32	27 67	63 16	47 51	45 84	67 11	7 16	1 76	20 13	17 79	57 34	78 11	70 88	4 8	43 23	46 78	60 73	38 56	22 49	82 53	89 7	0 99	62 55	41 4	73 93	29 16	81 90	53 73	76 58	74 10	23 58	64 30	75 60	50 33	66 29	25 62	54 75	56 55	88 45	94 21	87 86	83 81	30 91	5 36	3 79	99 99	36 49	65 31	68 5	52 63	28 9	10 87	42 7	55 48	90 71	21 27	58 11	26 56	59 75	2 83	12 55	6 27	31 27	93 73	34 13	19 12	77 79	9 71	15 90	71 72	91 27	85 94	49 42	69 94	11 85	72 89
52 56	6 15	49 74	90 16	70 65	11 21	37 86	81 22	87 59	59 85	50 83	48 9	89 60	30 74	22 47	15 39	55 63	51 94	44 86	99 14	42 6	58 96	94 66	46 11	43 19	54 15	19 9	26 68	68 71	7 33	4 48	77 70	72 5	3 43	65 85	29 19	9 23	83 37	86 36	10 85	36 4	41 47	20 37	76 22	5 69	56 10	84 72	24 57	12 65	2 68	17 37	13 94	85 31	93 84	95 83	98 88	97 73	23 84	35 28	57 54	88 67	78 95	33 67	71 55	82 91	25 32	79 26	40 11	61 25	31 50	45 59	28 38	16 37	91 83	63 76	8 65	96 68	66 89	14 21	0 57	75 35	38 11	34 27	62 28	92 61	21 24	67 74	18 8	1 30	32 33	73 70	47 77	69 96	60 8	39 13	27 44	74 54	64 41	53 72	80 17
6 58	34 46	66 30	41 86	98 84	88 92	33 70	78 9	42 73	85 54	32 97	90 42	52 41	75 87	86 86	57 17	72 5	70 36	79 89	10 67	49 67	68 27	89 38	73 69	50 92	25 97	61 22	91 6	30 13	31 70	77 7	54 39	43 79	96 87	80 66	20 69	94 90	45 46	64 86	13 83	58 95	55 18	63 59	38 47	36 73	92 17	9 20	29 73	40 68	46 98	81 81	62 81	69 65	7 49	35 64	24 82	18 78	60 72	59 33	3 37	14 48	74 2	28 28	11 13	17 31	0 52	22 78	82 79	65 46	95 61	71 75	4 91	39 95	19 69	27 37	37 51	12 52	5 87	67 49	83 57	93 73	99 38	84 83	87 23	1 72	51 12	21 10	26 51	53 66	16 1	56 12	97 10	2 24	8 8	47 89	23 30	15 63	48 78	76 69	44 30
73 83	4 21	86 29	74 88	43 97	38 11	48 95	75 86	62 60	27 55	78 72	93 84	84 68	95 23	76 66	25 82	7 66	50 62	33 80	21 77	61 25	36 42	67 23	97 35	60 14	91 67	2 10	70 39	24 22	8 25	3 26	0 35	6 78	94 63	20 70	47 68	81 42	71 56	34 49	5 10	41 24	15 46	54 65	90 87	28 91	52 25	45 53	53 67	42 45	85 48	46 25	64 96	9 26	51 65	55 5	30 22	87 69	77 52	16 14	96 55	10 12	13 22	37 42	26 44	92 80	65 30	17 93	39 20	72 80	58 26	1 60	79 66	69 18	57 42	66 35	32 40	22 41	29 62	44 64	18 77	19 72	12 14	98 66	56 48	82 1	14 63	80 71	89 25	99 14	35 23	83 25	49 46	31 66	11 24	63 41	68 76	40 57	59 97	23 8	88 48
81 10	29 7	79 97	82 53	6 82	92 61	33 85	23 17	27 9	14 25	34 72	70 81	39 55	18 69	49 57	86 96	30 5	58 72	63 60	20 77	90 31	0 49	9 27	98 38	31 79	68 44	93 22	78 26	11 18	21 16	66 88	35 10	16 57	2 86	94 17	56 21	3 13	96 22	72 16	7 24	87 45	50 76	75 54	8 63	80 43	47 28	57 73	74 78	15 3	19 2	99 2	5 31	28 21	89 76	32 6	38 60	91 44	42 74	48 57	44 43	84 12	46 17	53 60	65 42	62 52	73 47	97 24	52 88	55 90	24 62	1 36	59 14	37 82	51 53	71 64	88 10	45 96	13 70	61 93	77 55	41 14	12 90	69 41	95 77	85 7	26 27	43 22	25 18	22 72	36 80	64 73	54 47	67 42	76 62	60 32	17 41	40 98	4 52	83 99	10 41
81 56	2 44	99 3	64 30	96 56	57 58	41 82	95 83	69 6	65 24	85 92	52 95	47 68	35 40	68 68	29 18	82 57	75 38	62 48	43 57	90 39	26 38	14 44	77 3	38 84	16 94	0 37	15 30	25 88	33 25	93 97	36 27	21 18	7 75	31 83	50 38	78 48	32 66	55 71	91 96	40 35	70 39	4 90	53 9	80 82	20 51	37 59	79 26	86 33	42 4	59 7	8 18	97 48	83 38	10 53	3 92	30 50	72 67	18 31	61 13	5 6	76 28	58 5	46 69	51 40	60 53	23 55	13 58	19 74	56 13	1 71	67 5	73 27	98 23	54 3	71 3	63 39	45 68	17 46	87 53	34 33	49 61	92 83	44 37	27 79	39 27	66 39	22 70	89 6	9 37	28 4	11 77	88 87	6 89	48 75	24 51	74 2	12 77	94 35	84 64
96 20	84 7	90 47	65 18	94 25	33 74	61 98	42 20	22 9	92 72	56 54	51 78	5 49	63 77	9 83	88 18	13 17	50 68	81 31	1 26	77 18	26 21	79 13	62 59	47 69	72 75	24 13	58 56	87 14	19 37	59 99	0 43	66 76	69 67	43 93	95 47	75 42	8 81	3 61	41 99	35 82	55 70	30 9	97 36	67 8	18 4	32 26	38 74	6 82	27 68	44 1	60 95	85 72	82 24	36 72	4 94	73 63	53 59	49 5	7 34	76 72	57 45	54 48	21 55	10 6	40 40	70 3	2 80	52 77	14 61	64 96	11 1	78 79	23 40	31 51	74 96	91 41	83 72	15 82	12 6	29 61	28 28	48 41	46 94	39 55	99 12	71 1	45 8	68 52	80 20	93 17	86 22	16 97	25 91	17 40	89 71	34 68	20 92	37 44	98 55
75 6	40 40	56 30	18 70	59 72	19 64	12 76	47 36	35 52	71 13	21 81	22 28	8 58	50 46	84 29	69 74	20 80	31 69	25 2	98 69	78 61	81 92	41 58	30 84	26 19	93 25	3 22	57 95	53 46	4 85	91 38	70 63	87 68	77 24	5 26	82 24	61 26	66 18	92 11	80 91	65 48	95 12	76 98	44 89	49 65	14 58	46 56	79 39	90 41	32 53	55 27	86 9	13 79	17 14	94 85	73 98	10 2	33 90	43 78	96 26	62 8	0 24	60 17	11 6	29 19	15 96	83 12	48 61	68 52	42 11	52 23	27 9	89 23	58 17	28 62	1 61	24 12	34 70	74 72	63 90	88 60	54 51	64 12	67 79	45 91	39 36	16 90	2 14	23 52	6 20	85 23	38 84	36 28	97 66	37 34	9 84	51 84	99 48	7 19	72 86
97 85	89 57	98 36	48 8	70 55	39 11	28 27	37 93	63 3	73 53	42 78	62 52	80 70	16 28	26 91	3 28	52 53	41 53	88 30	76 15	38 2	82 87	43 39	64 1	58 93	61 53	57 96	25 47	15 29	2 87	54 50	92 55	27 26	95 97	4 21	8 48	83 10	51 42	84 82	22 88	34 33	67 37	66 14	12 7	72 39	11 58	47 35	65 15	55 59	44 79	59 21	53 50	30 87	60 88	31 92	46 34	5 53	13 97	91 26	23 76	69 86	49 32	1 29	78 65	17 22	99 61	87 4	14 12	9 80	77 88	74 17	33 48	79 39	29 53	86 50	40 82	21 28	32 56	19 25	6 49	56 12	94 79	71 43	18 44	35 49	24 67	75 34	36 31	96 19	93 40	20 9	10 97	85 93	90 57	45 99	7 62	81 9	0 52	68 26	50 68
94 30	66 15	55 12	27 45	53 29	58 29	56 51	79 54	90 8	67 56	44 93	77 65	47 89	49 75	7 63	73 72	24 76	12 65	3 1	32 39	83 14	86 20	95 4	18 16	39 14	19 93	51 69	60 81	98 88	23 92	64 56	14 84	84 33	81 51	69 79	26 68	89 86	46 28	59 52	38 76	71 21	16 24	61 33	74 34	52 93	75 47	68 31	62 51	31 56	45 6	40 9	34 89	82 40	41 33	22 99	48 42	37 15	25 34	97 88	87 4	99 26	15 98	28 29	6 54	0 9	88 42	42 9	8 1	10 23	11 38	76 43	36 2	85 91	33 81	63 54	35 63	20 8	4 81	96 71	57 45	13 99	54 26	50 4	29 27	80 45	72 51	1 86	65 74	30 98	43 99	91 9	21 88	78 68	17 61	9 38	92 11	70 99	93 88	5 4	2 52
85 78	37 64	79 91	50 34	96 54	14 98	80 57	91 56	33 21	39 90	59 69	10 88	25 10	47 94	34 62	82 42	53 6	65 75	88 22	54 8	44 67	42 32	83 88	40 72	90 3	3 67	58 21	76 94	28 18	52 85	70 63	26 83	18 69	63 53	86 4	94 39	0 78	7 99	31 73	55 65	32 88	69 93	24 4	71 87	16 6	48 18	43 14	61 25	9 24	77 69	97 22	51 2	4 50	73 90	29 5	87 91	93 94	78 12	84 66	8 37	67 60	12 27	35 97	49 5	38 6	27 15	21 7	60 6	72 4	41 32	62 11	56 23	17 40	45 88	74 43	36 14	5 6	81 91	64 66	30 19	20 43	66 60	98 31	95 22	99 56	75 93	6 57	15 97	22 54	1 43	46 33	23 79	57 43	89 82	92 33	2 2	11 30	19 37	13 48	68 68
32 15	39 2	14 72	38 63	37 5	64 82	8 56	54 21	73 68	10 8	86 36	29 93	51 32	56 57	6 5	0 5	81 18	84 8	70 99	62 44	58 13	72 47	50 85	65 90	17 5	68 19	80 32	16 62	12 50	93 29	52 14	35 23	46 51	74 55	96 94	83 40	59 78	44 29	11 11	9 78	42 55	94 82	61 14	87 26	60 83	88 18	71 61	78 71	76 46	66 74	82 25	3 21	90 8	13 78	48 84	25 42	21 5	26 79	30 52	92 38	1 90	69 93	31 83	23 53	63 7	33 57	99 83	5 30	67 77	55 58	75 65	85 93	36 59	43 91	20 13	34 83	79 53	27 18	18 71	19 45	7 55	24 19	4 49	28 77	49 15	15 7	91 48	40 66	45 21	77 32	57 31	41 1	97 15	95 55	2 69	98 90	47 76	89 93	22 27	53 81
82 30	88 80	26 72	27 73	59 88	76 36	16 53	46 91	55 7	67 51	60 45	84 98	77 78	19 26	70 91	91 34	20 92	73 73	12 55	48 93	31 45	11 43	40 13	2 34	22 51	58 82	81 82	42 53	13 83	90 94	65 71	92 87	34 47	83 26	98 65	69 26	3 79	29 44	35 76	44 34	94 67	52 77	51 49	28 51	30 56	39 80	10 64	85 42	87 70	23 5	89 62	93 62	79 33	6 72	18 16	32 25	8 80	7 66	86 4	41 89	25 72	66 49	5 12	36 9	74 44	50 56	53 88	0 84	61 96	97 14	78 40	56 45	15 13	45 35	43 9	68 31	37 38	9 95	96 6	38 35	99 47	17 84	64 5	72 43	21 12	1 19	95 86	14 1	63 43	71 14	47 98	57 25	62 93	4 90	24 81	54 60	33 60	49 16	80 39	75 38
74 79	38 36	10 81	93 66	88 70	33 23	7 84	51 70	25 51	52 75	86 57	79 85	96 39	36 91	11 54	67 3	15 35	73 85	32 40	84 97	29 75	87 63	12 57	37 94	49 80	9 33	43 31	1 37	83 60	44 17	68 5	4 7	90 27	61 30	99 6	41 24	72 47	70 63	98 68	91 70	24 36	80 34	85 87	97 22	14 84	35 95	13 56	54 78	23 69	76 65	77 98	57 59	48 8	56 12	55 7	75 36	8 55	64 57	59 99	27 32	28 41	21 8	62 48	30 83	2 5	16 43	22 98	40 79	39 15	78 76	81 64	18 25	50 35	5 85	82 36	34 36	26 73	19 85	46 64	58 55	66 47	45 74	3 49	89 17	0 21	17 2	95 17	94 98	20 45	60 17	53 67	6 24	71 69	65 86	47 18	42 59	69 56	92 81	31 81	63 20
30 37	72 27	61 85	62 11	33 41	21 6	67 93	7 93	17 3	6 73	66 6	70 96	75 16	12 10	37 26	91 17	32 5	68 64	20 46	8 53	95 41	50 4	23 59	90 39	27 76	92 97	1 42	2 10	31 46	58 48	52 40	99 30	39 65	59 55	29 92	34 24	84 94	80 12	56 83	55 88	53 40	69 90	9 98	76 8	89 15	51 81	60 9	22 53	19 41	16 97	96 33	43 12	35 32	40 19	77 94	93 92	65 63	44 2	4 38	3 82	83 30	64 44	25 96	87 91	24 18	57 58	26 1	81 11	78 81	82 96	5 29	46 21	0 14	11 72	79 81	15 31	73 21	36 80	18 74	94 58	63 2	42 81	10 32	97 98	48 90	98 58	85 35	28 65	86 47	71 93	88 3	41 95	47 39	13 11	74 80	54 43	49 81	45 66	14 27	38 99
15 92	0 34	68 5	61 63	41 94	12 16	6 20	18 27	72 27	85 85	59 23	66 78	93 65	38 72	86 78	34 63	32 32	95 27	92 79	35 59	2 12	83 51	25 29	31 76	40 72	57 41	20 1	1 35	42 64	56 50	94 5	48 47	99 17	90 47	36 47	81 47	43 1	74 66	76 69	47 19	75 99	96 28	79 3	50 92	77 8	87 51	71 12	63 86	17 90	39 87	52 77	45 44	29 56	80 79	44 21	30 70	23 23	4 79	98 73	84 67	53 17	97 68	26 27	46 18	10 53	73 94	70 35	21 89	89 31	7 2	67 1	5 79	69 23	62 53	9 86	13 57	16 34	3 95	49 30	37 6	51 70	82 59	88 21	64 56	58 27	54 87	19 4	78 53	14 78	27 77	60 76	8 44	28 48	33 77	11 36	65 53	91 87	55 32	22 63	24 15
60 91	52 44	65 19	11 26	45 24	92 87	99 87	14 56	8 80	87 82	70 34	77 98	55 46	21 33	59 40	2 81	13 90	29 53	23 1	9 28	88 99	0 15	61 50	7 48	33 84	86 55	42 4	80 51	10 11	34 7	32 45	39 67	56 47	12 51	17 4	38 35	31 8	84 15	71 84	44 84	18 35	27 64	19 37	79 19	41 59	25 24	81 64	62 92	1 7	72 88	54 66	3 29	58 37	69 42	24 72	78 85	40 28	68 50	30 27	15 13	53 34	5 23	93 1	90 4	91 67	35 78	96 48	47 51	98 69	16 25	66 76	94 34	50 39	28 57	95 76	74 11	6 71	63 22	67 36	36 49	82 54	49 68	73 83	57 94	20 76	26 52	51 45	4 92	64 45	48 23	75 16	85 82	83 86	97 98	76 76	89 97	46 2	43 93	37 24	22 1
80 92	96 93	77 73	92 60	28 24	65 72	56 4	78 47	70 39	26 76	76 9	6 90	32 25	8 20	57 98	5 92	15 96	86 84	82 93	54 69	46 48	90 51	88 7	51 56	31 36	1 59	44 77	83 89	64 46	60 80	10 37	84 73	45 77	50 23	38 39	37 84	23 50	93 2	71 93	81 15	98 52	12 10	59 40	40 41	61 14	91 49	17 84	13 30	25 2	11 34	9 64	95 16	62 91	30 64	35 16	19 98	52 41	22 29	69 79	7 13	4 56	24 95	34 89	20 15	29 7	97 46	27 18	41 49	18 77	72 20	2 69	33 26	53 99	68 61	0 47	99 84	58 26	89 72	55 65	87 4	3 20	66 9	49 81	43 36	47 29	42 60	63 34	73 82	94 36	21 21	39 90	14 70	79 29	74 20	67 53	16 45	36 89	85 67	48 91	75 24
51 89	74 47	52 49	95 61	64 96	75 29	44 10	3 49	91 19	20 30	38 85	73 35	21 14	79 35	29 34	6 61	80 90	50 26	46 4	93 46	89 31	17 87	18 52	56 25	45 40	39 21	77 12	36 70	53 43	49 36	19 93	59 47	58 8	37 88	27 14	84 37	24 82	96 18	13 6	8 98	98 60	70 20	9 58	15 70	66 84	57 22	41 15	72 12	69 44	12 68	5 22	26 60	48 66	42 86	76 80	78 16	10 81	68 36	65 16	7 48	54 22	85 28	60 51	94 2	0 26	16 43	97 80	67 1	82 78	11 21	47 85	28 83	62 75	33 69	23 37	86 32	83 21	31 75	71 7	14 11	81 7	61 4	25 27	40 95	92 82	22 48	88 30	1 72	34 52	43 93	87 64	32 2	55 18	90 26	99 21	2 60	4 33	30 30	35 24	63 94
13 84	32 59	72 14	63 68	91 15	97 16	10 75	57 89	28 66	48 46	9 57	87 27	53 37	95 55	84 3	93 47	38 9	23 41	19 6	47 99	8 72	92 60	79 99	25 18	44 81	55 86	81 28	33 74	76 87	40 19	6 32	15 30	71 6	37 54	0 68	60 59	80 34	85 9	20 69	74 46	64 77	4 25	31 69	26 16	59 34	14 6	88 47	96 17	30 22	94 83	43 98	52 28	11 66	5 81	3 76	22 58	58 51	56 43	54 5	90 39	21 42	24 37	98 14	62 66	45 82	50 98	34 31	46 96	51 9	2 92	1 53	16 69	75 44	61 66	66 45	77 38	39 41	36 59	17 63	86 8	99 88	18 8	73 55	69 90	70 77	49 22	41 81	12 95	67 68	29 41	82 73	35 73	65 87	7 78	68 87	27 86	83 22	42 26	89 20	78 82
7 70	72 57	50 61	90 25	5 48	87 15	54 86	96 56	26 81	85 99	22 79	25 93	74 58	84 75	92 76	93 91	70 78	18 20	53 29	97 82	69 58	46 11	43 32	32 38	58 43	8 50	56 75	76 98	40 67	2 70	75 61	71 24	11 70	17 23	15 43	45 56	6 82	80 15	30 29	23 5	16 53	36 69	34 79	47 24	91 66	39 30	28 85	57 68	61 87	88 34	3 21	33 83	21 71	27 50	73 32	37 67	67 86	82 88	0 38	42 17	89 78	78 5	52 95	1 6	19 96	98 97	29 1	13 26	62 74	41 67	86 4	35 22	9 96	60 47	20 9	79 33	77 63	95 30	63 28	31 48	94 85	65 32	99 59	44 59	24 16	49 76	10 16	48 4	66 56	68 52	81 99	64 92	4 99	83 45	51 14	38 30	59 8	12 9	55 50	14 50
6 21	16 87	39 79	72 51	78 6	96 57	41 7	75 98	29 8	43 97	12 71	10 57	30 33	50 59	25 17	1 50	7 89	17 88	83 51	86 54	35 41	51 74	84 47	56 70	60 26	27 54	76 87	18 83	74 37	70 44	61 98	13 36	28 20	22 1	94 66	85 38	87 27	71 38	95 30	45 92	14 54	52 87	34 59	54 68	90 97	11 41	31 27	97 60	4 64	26 77	65 61	8 22	44 67	46 10	80 8	33 93	48 71	53 80	3 15	68 5	47 90	69 36	79 10	62 51	82 55	19 38	55 31	57 24	63 7	67 29	20 72	32 43	89 76	9 74	42 93	64 31	66 3	93 36	24 96	38 17	98 87	49 14	77 62	2 65	58 57	73 22	0 56	23 53	81 15	37 72	91 85	92 56	15 75	40 12	99 67	59 48	36 32	5 46	88 98	21 5
34 16	65 5	1 97	81 59	45 83	15 9	73 41	33 16	23 95	50 70	26 15	38 94	7 24	67 57	72 81	21 33	83 78	86 39	44 73	11 85	9 39	16 40	84 64	27 69	57 41	20 95	89 53	98 91	87 24	66 39	62 19	77 9	78 82	93 66	58 12	10 38	91 28	49 40	79 89	35 86	30 78	71 97	68 37	36 66	95 85	90 34	25 23	76 12	94 66	39 23	12 67	74 92	54 65	28 31	92 4	61 43	4 25	56 18	0 88	47 15	17 31	88 33	46 38	69 74	63 39	55 11	99 33	53 99	40 9	85 56	8 40	75 51	22 33	59 28	41 10	37 65	18 45	29 52	96 10	52 20	6 38	24 67	5 38	13 23	42 11	51 58	64 77	70 23	80 47	31 11	19 70	2 1	3 41	43 35	82 94	48 17	97 34	32 25	60 19	14 6
64 78	57 8	43 84	24 23	59 45	96 98	76 92	29 43	19 7	78 17	2 48	52 70	65 7	20 39	5 84	42 41	38 51	91 90	90 10	51 87	34 82	36 96	98 64	53 37	37 54	28 2	31 54	77 85	35 91	15 50	58 71	66 12	23 2	6 59	81 15	50 1	92 68	68 85	93 56	80 55	45 28	73 80	49 31	33 91	82 33	83 91	87 20	85 92	12 31	4 91	88 78	7 19	94 57	62 59	18 5	3 13	86 94	70 10	16 53	1 38	8 49	13 71	63 98	74 50	22 79	27 95	39 49	11 6	46 33	32 61	71 56	56 51	25 73	0 9	69 43	72 80	84 63	40 26	14 9	97 97	67 73	55 71	21 95	60 38	10 25	30 61	17 79	26 7	54 81	9 99	44 33	41 72	99 61	79 46	48 19	47 19	75 75	95 66	89 27	61 71
34 40	81 74	71 27	38 56	24 60	8 43	25 90	14 61	43 25	28 64	51 69	13 93	15 17	19 9	86 72	73 67	58 51	5 51	26 75	74 40	6 34	40 22	22 83	65 35	59 75	46 43	0 70	92 63	37 2	84 36	85 87	47 10	87 4	61 73	2 17	99 79	7 74	31 40	72 69	90 47	17 7	39 52	94 17	16 50	3 23	49 93	10 74	20 36	82 33	60 86	93 26	32 99	66 95	78 70	75 16	55 78	57 22	76 83	42 45	36 43	12 88	68 98	95 98	44 18	77 73	35 10	54 76	29 6	70 45	30 36	98 39	67 16	89 17	9 58	18 60	33 99	1 95	56 66	48 30	21 28	41 75	97 10	79 46	88 81	96 2	62 41	4 69	45 56	50 59	11 19	27 33	23 3	69 59	63 2	53 43	80 81	52 51	64 70	83 90	91 97
82 23	53 53	24 53	20 9	18 7	25 75	66 4	52 11	97 37	29 16	63 71	44 1	6 93	49 79	34 53	68 70	10 21	81 8	9 44	16 78	72 18	11 73	27 42	56 75	64 6	8 62	54 29	61 39	96 13	85 40	70 16	35 64	38 33	84 26	88 22	21 28	19 22	3 41	94 92	65 92	95 22	57 16	98 78	43 6	75 63	76 58	42 78	74 22	89 42	86 69	28 13	33 27	90 30	17 68	69 19	58 92	79 70	39 80	23 16	92 54	83 31	45 85	71 51	4 60	77 96	22 1	80 77	62 43	1 8	37 92	91 37	50 99	36 81	5 72	78 85	93 19	40 31	73 90	87 10	55 9	12 63	48 73	99 85	2 63	59 90	32 6	26 58	46 40	7 92	51 90	15 13	14 34	30 96	60 16	0 36	47 98	31 87	41 65	13 3	67 27
