70	20
6 123	15 144	0 174	4 169	8 158	3 113	12 126	17 71	9 187	14 199	11 108	1 116	2 186	5 36	7 128	16 146	13 120	19 83	18 174	10 119
18 37	4 75	0 126	17 175	8 2	14 60	13 16	1 49	5 163	19 132	11 117	7 28	9 64	2 187	15 177	16 73	3 59	6 171	12 119	10 1
14 96	6 148	13 190	1 69	16 122	4 135	8 173	0 177	5 128	19 13	10 22	9 85	3 166	17 56	7 83	2 78	18 40	12 14	11 199	15 185
7 190	14 132	9 199	6 109	13 126	5 157	12 96	3 170	15 131	18 138	10 167	16 91	8 29	17 33	19 177	4 1	2 15	11 162	1 98	0 124
6 196	16 191	10 175	7 95	9 163	2 58	11 152	13 20	4 84	12 184	3 29	8 37	19 120	18 119	14 93	0 138	17 27	15 105	5 167	1 63
14 148	6 23	19 24	7 35	3 128	12 166	9 16	5 74	10 110	17 85	1 116	16 177	15 57	4 71	2 40	8 67	18 107	0 54	11 11	13 193
9 150	13 176	12 98	1 153	14 158	4 18	10 64	2 124	16 68	17 115	7 179	18 20	3 11	5 72	15 23	6 140	11 68	8 57	0 56	19 149
13 26	16 43	15 186	7 147	17 133	12 111	19 4	1 67	18 189	5 19	14 194	8 146	6 77	9 64	10 12	0 184	3 173	2 129	11 194	4 34
17 138	3 187	14 193	18 165	7 185	2 58	5 70	4 65	6 62	16 99	9 200	13 160	11 137	12 196	10 117	0 46	15 69	19 189	8 110	1 142
7 179	5 74	16 56	8 55	9 155	18 81	6 147	12 196	17 115	19 35	10 92	13 173	14 6	0 69	4 161	2 125	1 83	11 76	3 107	15 152
4 160	5 135	13 82	12 73	2 17	19 105	16 157	18 196	10 122	6 191	0 103	17 106	11 109	14 141	3 83	1 38	8 138	7 68	9 13	15 174
13 197	18 87	10 33	4 150	7 95	1 114	12 112	15 175	0 171	3 23	8 84	14 94	9 75	17 48	5 172	2 46	6 41	19 119	11 122	16 123
0 140	6 29	8 174	11 7	15 35	18 175	12 104	13 85	9 14	4 46	16 56	5 160	19 194	17 69	7 30	10 179	2 22	3 64	14 144	1 136
5 174	17 33	8 153	4 177	10 68	3 70	1 102	0 167	2 67	7 37	13 122	15 119	6 111	18 6	9 99	14 30	16 138	11 40	19 152	12 165
3 107	7 159	8 78	16 196	12 41	6 153	0 160	14 5	15 171	10 76	9 138	1 149	19 7	13 100	5 196	11 160	18 59	17 144	4 171	2 137
19 68	5 13	17 120	15 160	8 27	1 13	7 135	18 4	14 76	12 47	11 44	13 96	0 114	10 41	2 17	9 186	6 39	3 17	4 32	16 49
15 46	7 18	19 186	4 81	5 1	1 153	14 177	2 122	8 2	18 182	10 157	16 188	12 27	11 92	17 57	13 147	6 19	9 101	0 47	3 53
8 177	16 163	1 156	14 199	5 121	11 62	17 100	4 110	6 86	9 166	13 7	10 12	15 194	19 26	18 173	12 7	7 198	0 71	3 101	2 6
2 29	6 97	5 107	1 59	16 97	4 36	10 13	13 181	12 45	8 31	11 122	18 92	17 144	0 55	19 102	14 6	7 130	9 162	15 56	3 74
12 5	2 200	16 108	15 125	9 192	17 102	8 96	7 189	11 103	13 14	14 113	1 23	18 191	10 44	3 35	0 72	5 156	4 187	6 26	19 188
1 164	6 90	5 37	7 34	19 95	11 91	2 163	8 65	17 58	0 172	10 63	12 198	18 94	4 166	14 38	16 191	9 11	15 108	13 130	3 157
10 91	2 49	19 160	6 122	12 159	4 10	11 15	14 76	1 70	8 85	17 116	0 136	7 103	5 140	13 168	3 75	15 81	9 50	16 129	18 103
19 14	8 30	5 49	4 95	2 9	15 163	3 127	6 199	1 89	17 138	7 136	9 170	12 168	13 90	11 52	16 130	10 92	14 42	18 5	0 111
19 128	7 184	2 193	17 148	8 79	1 149	18 18	12 178	14 125	13 64	11 195	15 68	3 32	9 18	5 179	4 124	0 29	10 85	16 3	6 16
13 119	6 80	4 9	14 48	0 83	2 81	8 174	10 85	7 68	3 60	17 128	9 10	18 144	19 101	16 174	5 145	12 182	1 124	11 160	15 172
4 129	9 93	5 119	6 77	2 165	7 45	18 48	0 176	12 40	17 167	16 98	10 10	11 53	13 151	15 79	1 114	14 23	8 117	3 104	19 68
1 74	0 144	10 79	12 192	9 103	17 23	5 93	19 49	8 166	13 95	11 42	14 110	2 111	16 9	4 197	18 16	3 159	15 106	7 153	6 80
5 89	15 6	13 171	0 54	14 128	17 141	7 32	19 195	1 105	9 38	3 165	10 89	18 57	2 147	12 147	8 91	4 81	11 91	6 141	16 194
4 111	2 86	9 139	18 184	11 16	17 52	12 179	5 94	8 2	16 59	15 187	13 57	0 116	19 178	10 185	3 83	1 12	6 186	7 45	14 49
4 44	16 159	0 19	10 179	2 58	7 29	1 153	11 69	14 2	13 97	18 198	5 140	3 40	17 199	8 164	6 125	9 82	19 114	12 165	15 58
7 79	8 119	5 66	9 54	6 66	12 167	2 198	1 125	15 84	19 193	10 56	4 88	17 195	13 17	16 7	3 131	18 2	14 4	0 150	11 66
16 182	8 32	3 123	10 148	6 73	19 191	4 82	7 177	11 189	2 92	12 142	13 126	18 38	0 49	9 41	14 166	5 126	15 60	1 58	17 181
2 169	14 142	6 22	7 64	16 41	18 128	11 86	17 199	3 152	15 133	13 135	19 79	9 99	8 76	0 20	12 103	10 130	5 65	1 122	4 117
19 140	5 12	18 196	11 106	13 7	17 2	6 183	3 92	14 163	10 91	0 94	9 77	1 151	12 69	4 46	16 10	8 68	7 113	2 197	15 163
13 130	0 52	5 112	1 167	11 153	15 11	12 195	18 74	19 1	7 3	17 48	9 38	3 6	8 96	10 119	6 174	4 174	16 123	2 134	14 14
13 135	7 46	2 108	9 71	15 15	19 19	12 52	6 13	1 53	17 186	5 178	10 102	3 79	0 71	4 180	18 90	14 145	16 155	11 191	8 152
18 3	10 8	16 129	0 192	8 52	3 5	12 52	15 45	2 60	6 105	14 159	4 156	1 108	5 134	11 177	13 16	19 171	9 29	7 99	17 193
2 17	13 55	4 90	11 190	12 67	16 172	6 117	5 25	19 63	0 145	9 167	8 40	17 87	14 118	7 196	15 36	3 69	18 47	1 104	10 11
7 78	4 164	19 195	10 21	18 55	1 7	3 195	14 171	17 76	8 188	6 29	13 23	12 35	11 36	16 33	5 150	2 30	15 137	0 123	9 98
3 4	17 185	15 119	6 136	0 81	7 40	14 46	12 51	19 133	13 7	16 52	18 151	4 28	11 176	1 97	10 98	9 26	8 178	2 144	5 30
5 111	7 159	19 51	13 15	3 28	6 125	1 4	16 128	12 87	11 139	14 61	8 59	10 100	0 8	17 12	4 16	2 44	9 5	15 13	18 149
3 195	1 47	2 33	15 45	14 34	12 169	17 36	0 42	4 184	8 21	11 34	7 192	5 72	18 139	16 131	10 104	19 97	13 66	6 43	9 128
1 139	5 150	19 11	3 150	14 6	17 57	2 145	11 143	10 100	6 138	8 20	9 136	15 100	16 133	4 12	12 30	18 159	0 173	7 2	13 26
4 64	13 126	19 200	16 171	14 64	12 187	10 55	3 107	7 84	18 19	6 83	11 39	17 71	8 178	5 129	1 36	9 135	0 143	2 9	15 6
8 167	4 23	16 158	3 124	18 182	2 53	5 31	12 132	0 169	17 35	19 55	11 15	15 178	1 127	13 94	6 184	9 190	10 143	7 42	14 188
12 140	4 59	18 165	7 121	17 173	9 194	2 94	19 102	3 185	1 7	11 142	0 152	13 75	10 17	14 150	16 50	6 16	15 126	8 83	5 138
2 198	15 142	19 29	9 66	3 194	12 90	13 146	17 3	14 115	7 85	4 63	18 197	8 143	5 150	11 55	6 41	16 105	0 75	10 133	1 166
7 139	19 141	13 48	16 69	3 154	8 168	10 16	15 162	9 152	18 187	5 57	17 49	6 196	4 192	0 102	11 140	1 194	14 165	2 100	12 163
15 164	9 163	14 21	6 76	12 110	0 98	4 56	13 184	7 168	2 72	16 188	11 119	17 111	8 117	1 144	19 19	5 37	10 120	3 101	18 43
17 190	2 21	11 145	5 143	4 59	0 34	16 197	13 140	15 115	18 151	19 150	10 5	3 105	1 114	12 160	7 196	8 179	14 61	6 175	9 162
16 29	8 48	12 197	0 131	17 60	6 29	7 33	4 67	19 105	14 51	9 121	15 65	5 149	10 200	13 140	11 190	2 179	3 162	1 178	18 91
1 155	16 193	6 142	13 41	8 33	3 17	14 102	18 198	19 137	17 75	0 192	7 4	4 4	10 184	11 34	9 170	12 124	15 72	5 73	2 42
12 98	0 116	13 59	11 93	4 170	14 197	15 195	17 160	5 94	16 95	3 97	19 44	9 97	7 181	1 102	2 71	10 88	6 133	18 80	8 36
18 148	9 65	0 176	5 162	1 90	7 135	15 175	8 25	16 182	19 121	11 145	12 103	13 151	3 44	4 83	2 21	17 109	14 192	10 56	6 17
17 30	16 189	7 199	15 162	19 178	11 178	8 111	4 22	1 89	14 199	13 42	12 167	3 159	0 102	18 64	2 91	5 52	6 143	10 164	9 158
3 179	10 91	18 92	0 115	2 123	1 87	11 4	8 57	14 197	16 20	12 68	9 9	5 73	7 59	19 128	4 85	13 138	6 128	15 14	17 82
0 35	12 45	4 184	17 125	10 155	19 67	16 5	14 132	6 191	7 153	2 35	3 130	8 57	9 97	13 116	15 102	11 115	1 140	5 123	18 192
9 2	13 16	4 113	2 188	19 34	5 153	11 53	17 37	10 137	7 32	14 22	18 84	12 90	16 18	0 158	6 36	15 100	3 77	8 97	1 185
11 103	19 15	9 163	16 19	17 111	18 172	10 5	6 54	0 109	7 184	3 48	5 88	4 26	1 162	12 87	14 76	2 119	13 184	8 66	15 129
9 198	3 44	2 138	15 178	18 184	13 23	17 98	19 13	1 94	6 118	5 10	0 75	16 129	10 13	12 35	7 116	4 171	14 93	8 104	11 77
1 198	10 35	12 102	9 108	14 50	6 16	18 24	19 163	7 85	17 41	11 118	0 108	15 73	2 45	5 164	13 55	8 148	16 117	3 29	4 74
18 70	11 91	5 78	8 23	4 29	1 173	2 177	15 80	17 41	19 97	7 81	13 159	6 64	14 114	3 159	12 159	10 130	16 21	9 105	0 44
3 187	17 58	18 193	10 129	2 159	8 3	0 81	5 103	15 41	13 118	4 143	9 123	14 47	7 75	11 20	6 187	1 35	16 111	12 8	19 53
1 74	17 189	19 113	13 20	16 55	7 165	9 159	8 148	3 143	4 121	2 30	6 193	5 123	14 157	10 74	12 3	15 124	11 127	0 4	18 136
16 11	1 42	8 40	13 14	0 26	5 45	3 96	4 155	7 166	14 93	15 141	6 72	19 143	11 187	2 101	10 178	18 165	12 191	9 164	17 119
11 107	5 87	12 81	7 19	6 164	18 78	19 151	3 34	1 197	9 100	15 59	17 169	0 114	13 164	4 135	10 81	8 43	2 67	14 132	16 35
5 118	17 9	9 94	10 106	3 15	4 82	1 26	14 151	0 170	8 186	15 34	2 5	12 150	13 83	11 62	16 120	19 91	6 147	7 8	18 117
0 121	8 96	5 189	10 129	4 53	7 57	2 140	19 9	16 109	6 165	9 91	13 148	11 19	12 113	15 86	18 95	14 125	1 86	3 127	17 28
1 128	13 85	18 141	15 136	11 182	2 94	10 165	19 122	14 184	8 114	16 152	12 56	5 120	6 184	17 188	3 54	0 78	9 11	4 136	7 54
12 115	10 86	4 184	9 178	0 55	15 197	8 95	14 85	18 127	3 29	1 101	13 106	5 142	2 104	11 12	16 23	6 114	17 132	19 61	7 33
