30	90
29 59	27 58	32 56	36 46	25 54	78 40	42 52	28 48	70 56	24 54	40 49	60 50	8 42	14 53	0 45	35 51	21 51	86 44	37 48	73 54	34 51	30 47	12 52	16 49	55 51	10 49	45 53	51 47	66 53	82 51	17 49	20 47	13 42	31 49	49 49	46 68	87 43	71 48	67 45	47 54	61 58	81 48	59 44	1 51	58 47	9 48	39 48	84 52	38 56	80 49	74 56	69 45	85 52	48 56	62 49	3 43	65 51	56 54	4 55	50 55	7 49	88 51	79 50	41 54	54 47	19 47	89 58	26 43	44 50	18 44	22 43	11 57	63 59	75 50	68 51	52 55	6 48	23 52	43 47	77 52	33 55	15 49	76 53	53 49	2 36	72 59	83 43	64 45	5 44	57 57
86 51	60 49	30 49	42 43	19 47	76 55	58 48	1 56	43 43	63 54	59 48	74 48	29 46	10 53	64 49	25 49	84 49	78 43	24 52	27 50	55 37	22 47	26 44	9 46	75 47	73 42	34 52	8 50	47 54	88 53	54 47	83 50	6 51	80 49	4 50	17 45	56 51	20 47	45 55	12 55	11 46	46 55	61 51	5 51	65 39	3 56	7 53	70 37	68 48	67 52	13 47	39 49	44 45	15 53	31 50	49 46	66 43	28 44	41 49	62 51	33 41	85 50	89 49	0 48	79 61	38 52	21 49	87 50	71 44	36 50	69 46	82 43	16 51	32 52	37 56	2 55	81 51	48 53	14 47	40 51	50 53	77 42	35 54	51 52	23 47	18 47	53 54	52 42	57 44	72 48
88 55	63 46	35 47	29 50	50 46	85 52	44 48	54 46	71 50	6 44	10 49	28 55	57 47	0 52	72 59	17 53	55 52	37 47	1 56	47 43	7 52	20 53	56 44	27 52	73 49	8 55	58 53	62 49	76 51	49 50	26 53	84 40	79 39	39 57	13 58	32 54	52 46	74 49	16 55	75 49	64 53	53 51	15 52	78 56	45 46	87 59	68 49	41 40	34 47	21 55	86 49	24 48	67 53	22 46	30 50	80 45	43 57	5 53	60 55	33 53	81 51	61 48	40 42	42 42	25 46	12 55	19 51	48 55	66 52	65 44	82 49	46 59	38 51	18 52	83 54	2 48	89 47	77 57	3 55	9 52	59 47	51 44	23 51	4 53	11 52	31 49	14 51	36 49	70 49	69 56
88 54	85 55	5 48	37 44	16 44	62 47	70 47	58 49	0 54	14 53	38 49	55 52	33 48	46 54	40 50	63 41	57 44	51 62	69 64	74 51	78 60	68 49	36 47	41 38	6 55	20 43	84 58	17 45	61 49	76 57	27 53	48 54	4 53	2 51	1 59	22 43	21 56	59 57	49 53	42 50	7 51	35 47	30 46	23 53	71 46	67 45	29 43	12 53	18 51	8 54	32 47	54 53	47 50	89 56	53 55	64 41	10 46	26 44	11 59	24 47	77 44	82 54	9 51	34 44	79 56	44 47	31 49	39 49	80 54	52 44	72 47	65 47	86 44	73 51	45 49	56 44	83 54	19 43	28 48	43 43	3 49	13 46	15 45	50 51	81 51	75 50	66 50	25 51	87 52	60 55
73 56	55 48	32 43	35 42	25 52	52 49	74 49	47 51	45 45	40 57	83 49	20 58	36 49	1 46	9 49	17 52	10 47	22 56	60 57	88 60	72 49	37 52	84 45	64 37	49 51	42 51	38 57	28 46	46 52	16 50	63 47	53 51	54 48	65 48	78 42	86 43	13 49	69 47	81 49	29 50	30 57	21 64	18 48	66 47	14 38	57 49	51 48	85 51	89 45	8 56	61 55	87 50	7 57	4 57	76 51	26 51	15 48	39 55	59 46	19 52	5 38	6 61	3 48	70 56	75 45	12 52	68 43	2 53	27 49	56 47	62 60	31 48	34 44	82 47	33 53	71 44	79 53	41 47	58 42	23 52	48 49	50 49	43 49	80 56	11 47	0 51	67 55	44 48	77 62	24 39
63 59	65 50	88 59	25 55	30 44	77 45	10 40	19 48	41 55	76 44	5 49	14 47	52 51	32 46	48 51	51 48	33 44	27 39	80 51	69 56	43 49	84 50	11 55	34 47	79 51	54 51	39 50	22 45	23 45	82 53	50 52	55 47	81 49	78 54	49 52	61 52	2 46	36 43	74 51	4 51	53 48	38 55	72 50	89 53	64 54	12 49	13 58	60 46	40 41	66 50	59 48	3 49	29 46	62 53	6 50	15 42	47 53	35 50	17 49	85 44	26 49	44 47	45 58	67 51	8 50	56 43	31 46	70 52	7 56	20 55	24 53	16 60	37 52	58 58	68 47	57 57	73 50	83 52	9 56	28 48	46 48	71 47	18 46	21 46	0 63	87 53	1 47	75 40	42 44	86 52
46 50	27 50	48 48	6 40	29 48	74 49	38 53	67 53	64 59	49 39	88 45	9 54	79 47	55 41	52 51	51 55	22 56	45 50	68 44	69 45	11 55	13 48	2 54	39 50	73 47	80 53	12 56	5 50	24 50	34 52	0 48	20 47	23 61	77 54	37 51	81 41	15 53	78 46	26 51	35 50	75 48	8 56	57 51	65 46	1 49	43 44	50 60	82 55	41 54	89 44	87 48	44 53	66 54	61 48	31 55	58 47	14 47	7 49	47 51	3 60	21 44	17 53	30 50	71 56	83 55	10 44	54 50	25 47	62 47	76 46	60 49	42 45	4 52	56 56	16 48	28 50	19 50	40 51	72 60	86 44	36 55	84 57	53 51	33 54	85 49	63 43	59 66	70 59	32 48	18 52
32 62	78 57	50 40	58 44	16 47	21 52	19 43	5 52	35 55	55 48	68 55	26 45	1 52	31 49	40 53	22 49	43 49	42 46	66 43	74 55	54 49	0 45	39 47	6 55	8 54	46 56	53 45	12 44	67 49	73 51	41 52	85 54	60 51	3 41	64 53	27 60	15 47	82 50	52 48	62 58	47 58	25 47	7 40	49 48	77 49	30 51	18 46	59 50	71 54	65 43	9 51	44 52	70 39	24 53	4 52	76 49	88 53	20 41	33 62	37 57	84 47	89 43	83 54	63 49	51 52	28 68	14 58	2 43	13 59	80 56	72 55	23 52	10 50	86 53	87 54	79 47	34 51	11 52	61 50	17 50	45 49	81 55	56 48	38 50	69 51	29 36	48 47	75 45	36 48	57 41
88 46	45 58	83 56	55 43	71 48	70 52	9 54	2 53	64 51	76 46	41 47	16 55	5 55	73 43	72 57	28 48	4 47	79 46	77 44	44 46	27 50	74 43	57 49	14 56	86 47	38 47	81 51	10 59	15 53	23 49	12 46	29 48	65 50	42 53	34 41	54 56	49 55	69 44	36 47	87 53	22 51	31 49	84 48	37 45	39 48	17 47	40 48	21 63	32 54	66 55	0 46	56 55	47 42	25 58	82 49	61 51	26 50	58 49	8 45	48 50	30 55	53 49	18 44	51 55	43 57	52 52	89 40	46 50	7 49	24 54	62 50	6 54	3 49	85 49	11 55	19 52	78 49	63 49	59 44	1 55	75 60	50 50	60 61	33 55	13 54	20 49	80 50	35 50	68 46	67 43
48 46	74 60	85 53	1 35	80 47	84 49	28 59	66 46	8 56	32 56	21 39	12 43	39 53	63 52	71 45	87 46	38 42	10 51	67 52	55 49	61 61	77 55	27 53	44 52	86 54	89 45	59 51	73 49	18 55	25 50	49 42	50 55	13 39	72 47	82 54	31 44	20 46	78 48	7 46	33 49	58 50	9 46	51 54	24 46	79 51	17 44	45 55	83 53	56 58	47 53	75 46	11 60	88 51	57 56	53 52	15 49	40 40	22 51	69 54	16 50	46 62	68 50	70 40	30 57	60 57	34 48	65 45	19 55	37 48	23 50	36 50	4 45	6 48	76 48	52 45	3 58	26 45	35 48	64 51	43 48	14 57	81 37	41 57	54 51	42 52	2 48	5 50	29 53	62 44	0 50
26 48	63 60	14 51	88 52	38 45	35 49	85 56	64 54	56 54	66 59	45 54	79 49	71 50	4 57	30 49	19 57	21 45	15 47	7 50	89 55	47 49	18 56	49 51	27 52	43 50	24 47	68 52	1 57	55 41	48 54	67 46	40 51	52 48	59 49	69 45	84 46	61 46	77 48	5 52	58 51	33 42	62 51	36 47	82 56	17 45	16 56	2 50	31 43	73 47	76 58	9 47	57 54	29 49	87 58	78 58	39 41	74 56	3 49	53 43	32 54	80 45	83 47	11 51	23 46	60 47	25 40	42 58	46 50	6 53	75 51	81 55	44 50	8 45	0 47	72 50	50 57	51 55	65 52	86 45	22 52	34 53	28 49	70 51	41 47	54 48	20 61	10 54	37 54	12 47	13 50
22 61	80 48	61 48	77 57	34 52	45 54	72 51	51 50	6 46	2 52	48 44	8 50	15 47	89 58	10 40	88 51	87 52	23 53	47 55	60 55	86 50	4 46	54 44	33 50	16 47	27 55	67 45	50 53	69 49	40 54	32 56	7 55	85 54	42 55	29 49	26 56	66 51	3 53	25 41	75 54	28 50	64 47	65 55	53 45	30 51	46 46	55 47	43 44	57 45	71 57	44 47	41 52	24 52	12 54	81 52	31 47	35 43	14 53	84 45	20 51	73 49	68 52	1 53	11 54	21 57	74 56	9 55	19 49	59 42	17 45	63 53	52 54	0 43	49 60	56 45	82 56	36 51	38 43	18 57	76 48	37 52	62 50	83 46	58 38	78 57	70 45	79 48	5 55	39 45	13 50
69 54	81 51	44 51	29 45	14 58	19 47	64 56	56 47	68 44	73 47	1 51	24 52	50 46	53 42	4 55	76 53	61 45	32 56	46 52	45 45	43 45	58 58	11 48	79 58	37 48	63 55	39 57	35 56	54 52	22 46	36 52	71 49	34 58	16 52	78 51	13 53	15 48	87 45	26 46	12 55	70 49	23 59	62 55	6 49	41 49	18 40	85 58	30 52	47 50	38 43	42 45	83 51	31 48	67 48	80 42	52 50	21 45	65 36	8 50	33 50	77 38	25 61	51 42	17 58	84 48	55 42	75 45	0 43	27 48	28 49	3 50	74 49	66 39	88 51	2 53	59 49	72 44	86 55	9 52	49 45	60 54	89 50	10 50	82 48	5 44	48 52	20 49	40 55	7 58	57 46
38 53	21 56	85 48	60 53	61 48	65 42	22 50	44 58	30 41	28 45	77 46	83 36	46 46	89 55	25 58	73 63	51 54	40 49	9 47	37 55	79 58	1 52	71 45	3 56	42 51	59 50	8 49	35 45	0 47	86 50	32 43	33 58	29 54	52 44	64 58	88 44	23 51	68 53	26 52	48 51	27 53	54 49	2 55	84 53	63 56	12 51	11 55	67 52	14 48	36 51	15 50	50 44	66 44	13 51	76 51	16 51	53 56	17 62	58 54	39 46	87 50	72 46	18 45	75 55	7 48	81 50	20 54	49 52	10 58	5 52	70 50	4 49	78 51	24 54	43 52	19 49	56 48	74 51	34 41	6 47	62 48	41 51	80 39	69 50	31 46	82 52	45 49	57 53	47 56	55 40
33 45	24 46	19 47	8 53	47 53	52 49	83 43	32 46	16 54	88 47	82 57	14 51	58 41	10 53	0 57	53 48	4 59	59 42	79 52	23 49	70 46	18 52	55 47	87 39	68 52	62 48	22 41	66 53	34 49	85 41	67 51	21 49	86 48	3 53	5 52	75 45	12 45	71 49	1 50	49 53	73 53	80 57	50 53	43 55	44 58	39 46	61 49	56 53	7 55	51 50	74 52	54 51	81 50	26 56	40 53	36 50	72 52	42 54	25 46	11 53	20 51	60 50	46 36	84 52	37 56	35 45	27 54	76 52	45 50	30 50	63 50	65 53	77 43	48 48	28 43	15 42	64 47	89 50	9 55	31 49	2 54	6 51	57 51	41 52	29 50	13 55	78 50	17 53	69 50	38 48
57 50	12 55	48 43	83 55	52 55	78 50	44 53	84 43	46 51	49 42	10 54	4 51	81 48	80 52	8 47	64 51	1 49	67 58	20 56	56 49	62 48	16 47	68 47	32 53	40 45	11 50	3 53	85 45	25 53	37 42	58 53	89 44	2 57	5 47	79 50	23 48	60 51	65 52	74 55	43 46	82 56	24 45	71 49	54 44	73 47	53 47	17 62	39 46	41 46	19 42	69 51	86 41	29 52	26 49	72 48	45 59	18 48	61 53	59 56	28 49	76 63	15 49	55 53	88 44	70 41	31 64	47 50	22 44	36 46	9 37	87 47	42 44	77 55	33 51	21 50	63 54	30 57	13 51	27 46	35 50	75 50	34 46	51 45	38 55	0 41	50 40	7 41	6 61	66 54	14 51
3 48	44 54	78 46	40 56	59 45	71 56	47 51	1 43	30 52	62 47	64 49	20 57	18 47	87 53	58 48	85 56	14 51	50 48	46 46	68 55	70 50	60 53	88 47	37 56	56 48	48 47	74 59	54 54	53 52	27 47	76 44	33 43	8 54	82 50	22 51	55 53	36 40	0 49	84 57	24 52	51 50	26 53	9 55	38 49	80 52	45 54	28 57	7 44	39 47	16 53	65 52	19 53	12 39	57 54	79 55	23 54	43 44	83 47	69 58	10 53	34 56	11 40	67 50	61 45	42 45	35 50	41 53	73 53	49 48	72 52	89 43	52 49	25 48	81 40	29 58	4 52	13 51	5 42	86 43	15 64	77 58	75 52	17 45	2 47	31 54	32 43	6 47	66 50	21 50	63 50
49 61	69 47	56 55	44 56	31 52	27 54	59 54	8 48	48 54	0 45	18 46	34 41	11 48	50 44	77 52	61 41	45 51	43 53	13 51	3 47	64 52	10 35	41 53	88 49	68 45	4 42	71 45	89 48	65 50	72 52	60 57	55 58	85 50	26 50	15 47	21 51	80 49	24 48	76 53	53 51	52 49	33 47	39 53	40 49	2 52	87 45	75 45	82 47	19 49	7 47	74 47	12 55	63 51	35 57	38 46	17 49	42 54	84 52	16 45	20 38	23 52	73 46	9 57	22 44	51 52	70 54	32 54	25 46	79 50	62 48	81 46	57 50	47 45	30 45	29 49	6 48	86 46	5 44	83 45	1 42	37 42	58 53	78 51	54 44	14 55	28 52	46 43	67 50	36 42	66 42
52 52	0 49	6 48	79 50	64 47	77 53	38 51	56 39	15 42	44 47	23 58	9 43	50 52	16 50	36 47	2 53	21 48	40 51	85 55	75 52	10 44	82 49	58 39	61 54	28 54	46 40	71 50	51 53	27 50	29 49	1 51	49 60	4 42	81 51	34 50	65 50	5 51	87 51	53 40	67 48	24 51	45 46	22 58	13 48	48 45	83 58	57 54	66 61	88 49	7 48	43 52	26 51	72 52	35 58	33 42	31 50	18 48	69 55	12 46	80 55	86 40	78 52	89 56	8 56	63 52	73 53	32 61	37 51	74 51	54 49	62 46	55 56	41 54	47 59	3 50	84 47	17 42	19 53	39 48	68 63	59 38	30 49	14 51	76 46	20 44	70 50	25 57	11 48	42 55	60 50
77 47	35 40	69 47	10 51	24 50	84 60	79 41	36 42	58 50	11 52	54 36	31 45	57 46	38 58	14 48	50 48	87 52	20 47	33 51	18 54	40 43	66 50	6 47	48 50	27 55	15 44	63 49	62 51	78 47	61 51	56 46	80 51	41 42	17 51	19 54	85 47	43 46	53 56	64 48	86 51	5 51	59 59	21 38	32 49	37 62	34 52	51 49	45 41	74 50	2 49	88 40	73 58	13 50	75 45	46 47	28 43	83 54	30 55	82 45	4 45	71 45	26 46	25 58	89 44	12 52	68 56	70 45	42 55	1 46	55 48	47 51	67 55	9 53	22 53	29 45	81 62	16 51	39 57	49 48	44 51	3 51	65 46	76 52	72 48	0 60	7 50	23 48	60 51	8 44	52 46
73 49	1 49	10 53	77 52	82 52	71 47	50 52	0 49	23 51	24 57	81 57	54 48	89 52	78 39	15 57	20 53	26 45	59 49	86 56	5 55	44 45	3 44	18 52	6 41	43 47	58 44	65 44	21 41	60 45	62 44	31 45	22 53	70 49	8 49	37 47	83 55	33 56	39 54	27 52	4 48	12 54	69 53	7 52	75 48	61 57	32 55	52 49	34 57	67 52	36 45	28 58	51 47	76 52	40 53	63 52	11 51	64 54	48 50	80 52	66 59	47 39	49 55	38 50	41 44	87 48	68 48	88 44	84 50	72 46	57 58	53 50	29 51	14 41	42 49	45 48	2 39	56 54	16 52	74 44	46 53	55 49	35 51	85 49	17 48	9 54	25 44	19 47	30 47	79 50	13 52
30 49	34 44	13 42	82 51	45 47	24 49	10 53	35 44	50 49	64 53	88 45	81 47	80 50	77 55	56 45	6 49	83 54	76 50	11 53	28 43	20 53	16 57	44 60	87 55	49 53	0 47	32 57	3 54	7 52	18 59	38 51	61 55	42 46	4 56	12 55	1 51	68 51	17 41	74 53	60 51	36 48	9 46	51 50	14 51	8 55	89 48	53 43	47 57	23 50	67 54	58 59	48 47	29 54	62 48	37 45	59 49	46 48	65 58	21 46	43 47	22 43	52 50	25 56	19 55	63 58	85 44	15 43	31 58	86 50	70 54	66 40	79 45	73 52	27 50	5 41	2 54	40 47	71 52	75 38	78 44	33 51	41 50	69 58	39 45	72 53	55 51	26 51	84 46	54 52	57 51
83 51	27 40	63 38	22 51	71 46	64 51	2 55	52 55	76 46	20 51	37 46	80 59	4 54	36 51	28 51	81 50	70 54	51 57	62 41	40 54	43 59	74 51	84 45	47 46	33 50	42 54	41 51	87 50	58 49	32 45	73 51	21 49	18 52	69 51	77 52	23 51	34 55	16 50	75 51	8 40	39 52	61 50	15 47	31 49	79 48	17 44	3 49	12 42	60 55	48 43	78 57	59 44	46 50	54 53	68 58	65 52	35 49	13 54	10 49	66 49	49 45	9 59	1 55	14 55	82 49	30 47	72 49	45 51	53 43	85 57	0 60	25 52	86 48	89 46	24 56	7 41	29 46	55 54	6 51	38 50	57 50	56 46	44 47	5 48	88 42	67 58	11 49	26 48	19 49	50 54
51 56	58 58	86 43	36 57	16 52	15 54	50 46	57 42	43 52	88 56	9 52	30 49	70 52	67 49	69 56	17 49	8 42	7 51	80 43	53 56	6 43	2 46	35 47	82 44	79 50	66 45	34 52	60 49	49 52	31 56	32 54	48 50	27 46	41 54	18 48	52 45	14 57	13 49	73 43	25 53	19 54	71 56	0 52	20 46	5 53	84 51	61 47	56 46	37 45	4 47	59 43	22 58	1 50	76 55	26 58	87 57	63 40	24 49	12 54	77 47	33 45	42 56	78 45	74 54	81 52	21 55	54 56	45 56	72 51	85 53	64 46	40 60	39 48	55 46	11 55	10 54	46 41	68 48	65 55	62 41	75 48	89 41	47 50	23 51	38 51	29 54	3 54	28 49	44 53	83 56
40 51	74 52	31 47	55 50	16 50	5 55	42 60	61 45	41 54	49 43	70 53	39 42	87 46	30 48	62 52	20 53	50 49	36 50	45 52	76 45	2 39	25 51	14 41	53 53	23 41	63 40	69 58	68 39	7 58	35 53	21 53	18 50	52 36	33 50	44 52	84 39	4 44	54 46	85 61	29 47	13 50	38 55	34 48	46 47	89 46	1 52	65 53	75 57	57 43	88 45	59 55	43 46	82 40	77 52	60 50	22 46	26 47	51 58	37 40	48 50	9 47	3 54	64 55	11 50	67 48	17 48	86 48	78 47	58 47	10 57	71 50	79 53	28 55	19 44	83 57	24 51	81 61	6 53	66 49	56 44	8 49	80 55	15 48	12 48	73 43	72 44	0 44	27 53	47 48	32 53
72 47	3 45	25 55	55 52	5 43	62 49	32 57	49 55	36 46	87 51	84 55	4 46	82 50	12 52	7 49	75 53	54 54	31 52	70 50	2 42	43 46	83 58	9 51	15 50	41 46	74 50	11 47	85 42	24 42	17 49	27 53	45 55	26 44	57 51	67 49	10 55	81 52	29 58	6 47	59 51	37 49	21 47	23 49	86 55	50 51	39 52	89 52	44 50	78 47	58 49	61 50	34 46	63 48	35 43	13 44	53 61	65 52	47 53	71 52	80 57	69 60	42 47	66 60	0 47	48 48	40 48	79 52	46 55	77 49	14 57	52 46	68 47	56 53	16 46	19 45	64 48	20 48	33 51	28 53	30 48	73 41	60 56	8 56	88 48	38 55	18 51	51 53	22 50	1 45	76 58
53 53	24 48	4 45	36 51	48 52	16 48	76 55	21 57	38 46	42 53	89 45	51 47	50 53	81 55	41 46	39 49	58 47	25 53	55 46	86 44	60 50	61 56	8 59	67 58	66 44	0 47	40 59	74 57	28 50	34 54	44 57	68 50	12 45	88 50	52 59	13 46	43 53	63 53	6 58	73 37	75 42	17 54	49 54	20 43	35 42	59 45	65 44	82 52	26 45	33 50	84 53	87 43	10 52	72 46	69 50	80 51	78 49	46 59	2 57	37 47	47 50	29 45	79 53	32 48	11 57	23 53	83 40	62 51	3 67	31 51	64 46	22 56	1 46	85 49	15 48	9 49	56 49	5 62	18 44	14 59	30 44	54 48	71 50	27 49	7 47	77 50	45 46	57 49	19 54	70 47
6 56	22 47	23 52	0 57	69 51	10 46	57 50	78 45	20 53	89 53	4 45	62 44	7 41	8 49	45 49	82 53	87 52	64 48	24 57	41 42	73 46	65 59	51 52	68 56	12 38	77 50	29 44	44 51	66 45	52 52	60 44	35 48	75 46	27 52	54 57	18 47	30 43	61 52	16 49	48 48	46 48	1 56	76 51	59 52	79 44	47 40	72 45	15 45	13 50	40 49	26 48	43 40	33 51	17 52	50 54	70 46	31 56	83 48	2 53	80 49	58 53	21 58	28 49	25 51	88 59	63 54	85 58	84 53	67 44	49 44	14 50	71 53	55 52	53 55	3 44	74 46	81 36	42 48	9 44	36 47	86 44	38 35	19 44	34 54	32 45	37 48	5 51	11 52	39 45	56 45
86 47	77 46	67 54	40 44	74 52	88 52	39 49	14 33	62 48	78 50	33 52	5 52	7 51	43 57	27 48	54 47	65 45	44 41	59 48	87 49	45 52	15 36	81 56	47 49	73 54	79 51	53 54	1 45	76 48	11 50	58 52	13 53	37 49	38 55	71 46	23 51	30 41	16 48	29 50	10 48	72 48	57 51	12 48	28 48	70 50	89 44	18 47	49 49	75 52	9 45	8 53	3 49	61 46	48 47	41 50	51 55	46 52	42 45	22 48	83 49	26 52	24 38	64 58	60 55	32 47	4 42	69 52	85 46	68 46	0 46	36 46	66 48	6 54	50 50	31 55	17 52	56 37	84 46	19 50	82 49	20 51	34 48	2 43	80 58	35 59	52 55	21 52	25 46	55 50	63 46
27 42	37 49	83 50	50 53	68 49	7 53	30 49	22 46	67 44	29 53	62 46	79 50	77 59	45 49	38 43	55 45	47 54	42 52	26 57	28 48	4 52	16 54	71 54	1 53	86 53	53 44	18 49	11 50	12 54	8 51	61 49	70 55	17 49	59 53	23 52	66 52	13 55	34 47	89 49	87 52	54 47	44 55	84 47	49 50	33 47	57 42	20 45	73 49	51 56	35 50	9 47	60 49	19 49	40 52	3 43	58 45	88 46	74 49	81 46	6 49	5 51	39 41	64 42	32 48	24 54	80 55	85 54	46 52	78 51	69 50	48 53	14 50	2 43	72 51	10 58	0 48	21 56	76 61	82 51	56 47	75 56	41 44	15 45	25 47	43 49	31 51	36 51	52 47	63 50	65 58
