90	15
3 35	4 150	2 95	11 103	7 61	12 71	0 27	1 79	13 43	14 188	6 63	5 171	9 172	10 2	8 147
0 33	14 144	10 36	4 84	5 129	9 151	6 151	7 30	3 42	11 110	1 165	13 129	8 141	12 182	2 37
13 84	4 122	5 91	3 70	9 118	11 22	7 185	8 101	6 195	14 25	10 199	2 106	0 192	12 103	1 154
10 141	0 183	11 19	7 115	1 142	6 152	13 177	2 51	4 14	9 46	8 184	12 77	5 56	14 21	3 83
4 27	0 63	9 47	3 74	5 129	14 89	2 61	8 72	13 117	7 104	1 21	11 190	10 130	12 121	6 110
1 99	8 13	4 14	6 2	2 27	3 113	5 111	13 190	0 105	12 192	7 192	10 190	14 188	9 177	11 181
2 107	5 35	4 83	14 17	1 69	11 136	6 105	12 83	10 123	9 73	3 105	13 17	8 135	7 46	0 15
8 134	10 9	7 77	9 121	12 108	1 52	2 15	14 90	4 76	3 11	13 174	0 144	5 78	11 173	6 121
13 199	4 141	3 115	9 192	14 67	12 82	0 135	5 29	11 71	6 1	8 75	10 42	2 158	7 7	1 74
2 138	11 120	10 124	13 71	1 15	8 15	14 124	5 69	6 176	3 176	4 120	9 105	12 147	7 146	0 36
0 88	8 126	12 46	9 82	6 149	11 183	2 61	3 124	14 25	13 14	4 39	10 64	7 75	5 133	1 48
11 107	4 35	6 193	12 63	0 41	14 144	5 88	9 118	1 163	13 77	2 28	10 72	8 178	3 112	7 142
2 44	3 169	5 18	13 21	14 3	12 174	7 48	1 30	9 94	6 113	10 61	4 105	8 104	11 120	0 199
2 54	14 159	5 41	11 39	1 66	7 91	6 87	4 118	10 5	12 181	13 96	9 29	3 32	0 183	8 184
13 29	3 16	2 13	5 66	9 187	7 146	11 190	14 20	1 177	12 170	4 39	8 88	10 171	0 37	6 54
6 44	3 4	8 176	2 105	10 64	4 159	12 178	7 48	11 88	5 197	13 32	1 93	9 6	0 95	14 97
11 159	13 36	8 169	10 186	2 49	7 1	1 84	0 134	5 120	9 3	3 168	12 109	6 22	14 193	4 16
8 104	2 30	0 116	14 196	12 32	11 55	9 4	5 118	6 33	7 132	4 25	3 119	13 63	10 33	1 55
4 90	11 27	10 200	5 165	6 27	0 128	12 122	1 48	7 155	14 160	9 18	3 112	13 158	2 141	8 165
1 4	13 87	4 147	3 127	14 157	9 5	10 132	2 80	6 196	5 81	8 13	11 77	12 143	0 19	7 167
3 145	2 92	14 89	5 121	13 42	1 98	9 56	0 4	7 113	12 57	11 180	4 111	10 98	6 12	8 141
4 103	7 82	3 41	13 74	0 120	14 185	5 82	6 55	9 139	10 37	8 182	11 93	12 144	1 130	2 172
8 59	7 169	4 34	0 155	5 33	6 144	1 64	9 199	10 159	14 179	3 57	2 107	13 83	12 87	11 2
11 185	2 23	12 46	6 24	1 1	9 117	3 81	7 67	5 162	4 166	14 46	8 51	13 104	10 83	0 21
12 42	0 5	10 94	5 74	9 197	8 25	13 170	4 153	14 1	3 147	1 47	6 169	2 130	11 160	7 88
4 62	7 84	6 184	3 139	8 49	13 82	2 29	10 148	0 86	9 99	14 146	1 100	11 150	12 156	5 47
13 168	7 197	11 185	8 126	5 122	14 89	10 87	6 135	1 40	4 115	3 115	0 2	9 80	2 59	12 137
3 141	10 125	9 98	11 116	2 46	8 59	6 157	14 175	1 34	12 101	7 75	5 6	13 88	4 132	0 65
6 119	0 82	12 5	5 32	11 119	8 183	1 137	13 20	3 7	4 46	9 115	7 9	14 9	2 119	10 116
6 12	3 70	4 117	0 186	9 93	14 170	5 153	10 21	2 43	8 142	11 93	13 83	1 118	7 78	12 176
1 44	9 191	8 76	5 132	2 31	10 43	6 111	13 138	14 79	12 171	0 101	11 42	4 197	7 30	3 74
4 2	7 78	9 90	2 180	0 31	5 30	13 102	11 147	12 105	10 97	6 127	14 62	8 148	3 75	1 11
3 33	2 53	11 88	6 119	7 70	1 116	14 41	10 189	9 39	8 123	12 53	4 165	13 4	5 19	0 139
0 177	13 21	11 110	1 10	12 43	10 140	14 151	2 98	3 9	4 104	5 148	7 149	6 199	8 169	9 98
13 112	11 14	9 104	2 128	4 92	3 109	6 140	0 126	14 51	12 2	8 22	7 29	10 38	5 141	1 117
7 199	5 20	11 111	8 9	14 89	0 139	6 141	12 22	3 12	13 68	1 111	4 45	2 153	9 141	10 128
12 105	14 105	4 176	8 139	3 76	2 73	9 45	0 50	1 4	5 37	13 33	6 105	10 7	7 160	11 135
4 179	7 31	2 165	5 44	13 48	8 167	0 142	14 146	1 66	9 79	6 13	3 135	12 196	10 95	11 36
11 62	10 76	0 162	6 187	14 100	9 178	4 197	3 13	1 100	8 197	2 154	12 18	5 106	13 81	7 175
0 191	3 175	9 127	4 154	1 53	13 10	8 13	10 20	5 147	11 36	12 112	14 54	6 145	7 147	2 94
0 38	3 73	10 33	7 32	13 192	11 186	4 39	2 71	12 115	14 69	5 128	6 190	8 139	1 27	9 69
0 183	13 41	12 113	4 64	5 127	8 47	9 166	3 144	11 45	7 53	6 35	10 43	2 103	14 162	1 130
4 76	6 60	0 105	13 69	14 159	8 20	1 133	3 69	10 35	12 54	9 118	11 177	5 80	2 134	7 22
9 159	3 54	7 100	2 118	6 82	0 115	8 72	5 194	10 6	1 145	14 13	4 133	12 174	13 178	11 21
4 56	6 156	12 57	13 164	11 166	2 74	1 137	0 52	8 13	9 158	3 66	10 92	7 100	5 4	14 156
13 80	0 97	5 98	8 118	12 131	7 135	4 61	1 100	2 154	3 38	6 34	9 140	10 47	11 186	14 28
8 131	7 199	14 186	9 108	4 168	5 170	6 63	13 182	0 61	11 183	1 189	10 175	3 26	2 185	12 32
1 114	7 89	12 118	10 55	8 107	3 13	11 46	0 135	14 88	9 178	2 111	5 64	6 100	13 48	4 117
3 51	1 179	2 95	6 191	5 127	4 35	10 9	9 35	13 48	12 123	0 200	11 114	8 197	7 185	14 90
1 21	9 123	3 164	4 18	10 5	8 197	7 69	12 13	13 105	0 170	11 117	2 9	6 181	5 63	14 16
11 189	8 105	3 182	6 123	14 123	1 62	7 48	10 186	12 168	5 48	2 199	9 13	0 21	4 23	13 124
8 26	1 157	11 44	12 95	14 187	0 132	6 92	5 96	3 135	2 108	4 39	10 151	9 163	13 146	7 112
4 40	6 11	5 42	14 175	9 97	7 41	8 52	2 42	11 131	3 18	1 188	10 132	12 196	13 34	0 28
3 27	11 104	14 10	4 155	9 100	8 89	7 15	1 98	12 97	6 196	5 156	13 89	2 42	10 55	0 39
1 5	4 183	2 138	6 4	3 64	5 115	9 143	0 39	10 101	7 15	14 41	11 17	13 30	12 198	8 53
3 191	8 92	9 200	12 123	11 84	5 80	13 65	14 190	7 48	0 171	2 54	10 194	4 21	6 73	1 130
0 172	2 5	1 132	10 60	14 191	3 38	12 7	9 95	13 164	8 127	6 163	5 171	4 36	7 15	11 112
0 93	2 19	3 62	5 61	9 28	13 143	7 71	12 16	10 178	11 157	4 187	6 2	14 33	1 71	8 183
8 41	13 45	9 2	7 179	5 180	14 78	4 180	0 172	6 32	1 157	11 138	12 154	10 89	2 21	3 106
6 179	2 82	11 69	5 110	8 186	3 118	7 110	10 45	13 19	4 64	0 77	9 57	1 68	14 15	12 20
14 93	0 134	2 133	7 196	12 166	6 144	4 191	1 79	8 174	13 49	5 196	9 95	11 9	10 189	3 113
4 148	11 110	0 76	14 198	6 174	5 71	13 178	12 106	9 118	10 133	7 45	2 76	1 106	8 34	3 34
1 95	8 50	3 170	2 109	7 120	5 7	13 173	9 58	10 184	4 72	14 38	12 162	6 95	11 105	0 74
10 34	5 59	14 139	2 5	11 64	4 68	3 184	7 58	9 156	6 128	13 144	12 108	8 157	1 116	0 46
9 190	7 188	12 99	1 79	14 66	11 131	8 46	6 95	2 88	5 38	13 97	10 194	0 27	3 74	4 145
3 132	14 190	0 22	13 50	9 78	12 35	11 146	6 100	4 125	10 95	2 175	1 6	5 81	7 191	8 61
6 57	7 84	5 33	9 159	3 27	14 22	4 59	11 54	0 20	1 43	13 93	8 111	2 182	10 76	12 103
10 54	0 126	5 53	8 152	1 20	4 55	6 38	13 42	7 128	2 187	11 86	9 98	12 105	3 186	14 3
2 94	14 158	9 20	10 38	6 186	4 125	8 116	11 90	5 174	1 86	12 8	3 45	13 164	0 142	7 25
6 77	8 174	7 167	14 118	13 22	0 126	4 153	2 153	3 11	12 14	5 134	1 97	10 83	9 43	11 11
2 152	3 110	9 17	6 158	5 13	14 42	11 109	8 185	13 69	4 144	1 171	7 111	10 98	0 160	12 19
11 6	4 20	14 147	6 192	3 141	5 154	10 39	0 167	8 5	7 49	1 117	13 192	12 105	2 81	9 147
13 82	0 152	9 197	7 118	3 88	10 14	2 179	6 162	11 173	12 131	14 200	8 148	5 30	4 4	1 39
9 40	14 16	5 170	10 114	8 59	6 66	1 33	0 48	4 60	12 26	13 51	2 181	7 194	3 110	11 136
9 68	13 131	0 126	4 149	14 47	8 134	11 147	6 186	3 185	5 20	10 30	7 10	2 159	1 82	12 139
6 112	13 6	4 13	3 145	5 154	10 119	11 200	9 165	1 47	14 45	2 141	12 113	7 44	0 161	8 81
6 48	9 67	1 179	13 159	14 184	10 175	8 171	11 25	5 168	7 166	12 95	0 134	3 10	2 176	4 79
1 26	13 152	12 43	11 43	5 141	9 33	2 103	8 19	6 119	3 137	7 41	4 99	0 58	14 84	10 112
0 36	12 107	2 145	4 126	1 48	11 198	6 13	3 30	7 200	14 103	5 112	13 165	8 136	9 74	10 58
3 173	7 114	9 50	14 175	5 186	4 177	1 4	10 20	0 42	8 130	13 175	2 172	12 149	11 15	6 191
9 128	5 192	6 90	1 186	14 99	12 157	4 14	13 47	0 78	7 51	10 182	3 48	2 33	8 134	11 188
4 130	10 171	11 79	0 147	1 14	8 128	13 160	2 134	14 53	9 149	6 136	7 132	3 129	12 169	5 36
14 128	5 166	6 41	4 177	2 76	3 27	9 103	13 2	11 31	7 13	0 103	1 183	10 171	8 136	12 167
7 165	2 170	0 1	6 85	10 25	13 122	3 20	14 119	8 127	11 143	12 142	9 170	1 193	5 152	4 197
12 190	9 144	0 125	11 119	5 168	3 29	10 190	8 66	7 32	4 196	2 11	13 120	1 14	14 109	6 57
12 140	7 112	6 34	8 100	2 175	10 96	5 39	4 133	14 124	9 54	3 11	11 169	13 50	1 29	0 85
3 3	13 123	14 105	11 199	1 66	5 87	12 125	0 58	8 18	10 8	2 112	4 52	6 158	7 6	9 9
12 57	9 83	6 196	5 49	2 27	4 55	3 50	8 68	0 90	14 167	13 101	11 59	10 56	1 87	7 119
3 163	2 130	14 24	4 141	7 20	11 145	12 141	8 171	6 103	10 120	0 80	1 81	5 109	13 170	9 182
2 43	0 70	4 123	8 18	9 155	11 7	7 7	10 81	13 60	12 83	6 132	1 136	14 97	5 164	3 96
