60	80
19 56	8 22	9 158	20 108	41 67	10 192	50 73	5 23	48 114	76 35	47 10	27 179	73 164	32 86	67 96	37 132	16 137	69 91	45 132	39 190	0 123	18 69	12 47	25 98	68 76	55 198	6 198	62 170	49 47	13 73	70 161	63 12	22 75	42 93	2 177	21 35	11 16	14 182	74 35	72 153	59 127	60 6	35 88	75 80	24 15	57 32	52 127	31 48	43 150	65 70	61 154	58 54	17 110	71 31	3 186	4 186	30 40	46 45	54 198	1 86	36 107	53 118	15 90	26 184	29 188	40 118	28 114	79 28	66 44	78 148	44 114	64 81	38 72	23 175	7 99	34 118	56 71	51 163	77 124	33 1
10 68	37 167	55 129	45 34	23 6	13 103	22 102	33 143	39 9	6 16	27 112	0 86	29 42	28 147	66 82	14 35	31 32	5 158	64 196	75 73	41 135	21 164	47 48	76 169	46 36	51 141	36 58	50 164	8 55	54 173	73 5	79 37	17 1	34 126	18 65	11 69	19 135	58 100	49 65	30 31	24 41	25 50	7 96	12 5	35 116	69 126	26 196	42 147	65 115	71 26	68 110	2 177	52 89	59 132	3 157	43 128	38 3	77 158	15 113	78 133	48 46	62 101	74 85	61 74	56 117	67 63	20 93	9 73	32 16	53 8	1 184	4 126	44 22	60 159	63 102	70 134	16 187	40 126	57 192	72 5
20 59	37 142	15 77	17 135	43 47	77 52	40 26	57 114	11 76	46 55	13 200	1 173	73 144	74 185	21 189	59 186	78 33	28 159	60 183	41 128	12 115	50 173	19 92	18 57	7 108	64 145	53 196	61 10	14 184	8 132	6 172	30 166	38 51	26 111	0 91	54 183	22 148	71 113	45 35	10 69	48 171	76 173	66 62	56 191	3 134	23 107	63 138	35 139	62 59	4 138	44 152	33 1	79 60	67 6	70 142	9 35	39 48	25 141	16 96	65 42	58 183	36 89	29 108	27 4	31 100	55 152	68 158	72 30	2 147	34 103	51 4	32 56	24 154	75 31	52 131	69 129	42 30	47 110	5 85	49 43
6 129	66 14	42 7	7 169	57 73	2 59	5 128	4 125	30 24	12 148	51 186	71 67	14 172	32 71	40 154	22 113	47 102	0 9	1 4	68 7	58 179	18 4	67 15	72 47	53 81	35 34	16 19	77 27	59 61	73 114	56 183	70 95	55 73	25 84	69 67	29 191	48 164	54 196	79 86	60 200	17 100	43 65	33 141	63 180	9 112	39 76	26 23	76 143	23 86	28 131	38 32	52 40	31 97	3 22	21 90	64 17	41 180	20 87	49 143	75 40	46 66	10 4	36 104	37 41	50 36	61 92	19 151	65 12	34 186	8 184	27 54	78 96	15 24	11 200	24 28	62 38	13 76	45 166	74 100	44 9
19 138	29 67	0 136	18 164	75 64	24 124	1 170	56 123	54 51	4 71	31 16	16 26	45 53	48 123	3 42	44 11	69 195	50 122	8 150	46 109	53 187	40 32	33 93	30 46	41 85	51 187	17 85	79 119	43 84	28 186	26 155	39 156	20 170	71 32	23 127	57 169	27 198	58 149	49 178	65 172	47 171	76 8	9 184	63 68	59 71	35 140	62 18	25 147	11 2	42 102	60 82	14 20	22 61	67 23	64 81	34 182	5 156	73 50	13 11	32 199	55 147	61 31	66 163	78 155	15 154	21 155	74 148	52 6	10 43	12 85	72 162	6 140	38 169	77 149	7 156	70 126	2 102	68 123	36 125	37 18
69 89	34 141	46 129	21 121	79 175	41 61	54 82	8 4	15 137	58 7	18 121	31 96	49 105	40 64	38 195	23 2	11 38	67 168	30 17	77 77	25 42	33 67	47 1	5 166	13 13	42 32	78 80	36 84	66 7	63 132	7 94	62 37	12 114	32 73	65 115	60 151	28 137	48 9	35 8	61 155	72 108	50 134	9 62	53 113	75 105	71 155	19 2	70 38	39 121	43 98	27 169	74 41	64 178	29 49	37 29	2 17	24 52	73 121	4 126	10 92	44 42	6 174	56 157	68 152	20 72	51 139	17 81	22 75	55 100	76 131	3 3	52 118	59 150	45 122	1 126	16 24	0 124	57 164	14 25	26 36
25 51	66 123	68 132	28 170	51 166	5 103	26 82	22 89	59 69	12 120	64 180	14 178	61 147	21 20	57 155	75 78	23 97	33 53	52 49	6 83	10 168	62 200	46 156	44 35	31 13	24 138	30 71	8 156	1 134	47 14	42 181	58 57	45 60	79 72	69 153	0 181	49 197	34 143	38 139	43 2	50 167	37 184	29 171	56 59	18 115	76 75	13 181	4 96	7 56	70 191	65 164	41 133	77 86	74 11	53 105	67 80	27 44	19 173	72 149	17 145	73 137	36 23	9 82	54 144	71 25	20 106	60 19	39 173	55 193	16 123	35 85	63 116	11 94	78 146	15 75	40 113	3 184	2 40	32 107	48 132
63 93	40 61	52 96	76 182	0 63	39 80	57 200	24 83	16 132	43 130	51 147	56 57	18 58	70 107	42 185	78 183	28 56	22 184	27 88	37 95	64 111	44 124	50 71	29 147	34 12	41 102	36 189	54 193	19 24	77 7	35 36	32 140	11 126	26 175	49 14	20 87	10 35	38 97	59 16	17 113	62 42	68 63	46 46	48 177	72 112	2 29	61 49	33 41	79 102	9 64	69 10	5 25	25 8	15 124	71 174	67 92	73 61	60 63	23 56	7 68	14 137	21 44	3 11	47 75	45 71	31 81	75 144	74 132	1 32	12 75	13 190	53 192	55 138	8 101	58 171	65 159	66 64	6 200	30 162	4 46
24 154	27 12	25 193	75 143	68 105	39 120	69 54	0 62	30 36	4 79	45 183	74 5	55 122	61 145	51 21	34 160	78 197	12 156	37 30	43 83	57 179	59 111	22 147	49 177	20 114	71 19	36 149	38 3	32 54	2 49	48 111	47 17	65 139	67 72	42 131	56 156	14 149	7 157	8 159	64 81	23 176	40 12	46 140	16 198	79 182	66 90	62 140	1 80	10 6	52 16	26 156	60 95	6 28	50 102	17 200	41 178	33 25	58 50	29 134	13 42	3 179	53 38	15 47	5 154	54 16	18 96	21 2	44 27	28 12	70 135	76 183	9 99	73 148	77 89	35 83	72 1	31 191	63 45	19 151	11 163
23 98	4 65	27 200	16 40	40 121	21 129	8 93	26 109	74 135	64 116	43 121	33 21	19 68	76 135	50 22	39 115	53 108	57 124	0 155	56 138	17 193	48 128	47 61	32 12	62 162	45 79	13 35	29 124	78 66	28 12	63 151	12 179	65 153	42 50	70 8	73 125	10 79	49 73	22 172	72 114	20 83	2 153	58 141	44 133	37 21	3 111	66 1	75 10	34 171	46 73	15 194	35 137	54 5	11 120	9 185	30 158	61 140	25 114	41 13	1 169	67 61	59 137	55 122	36 46	51 89	69 110	5 158	31 172	52 31	24 98	71 95	38 199	14 3	18 52	79 196	7 178	60 146	6 104	77 191	68 124
34 181	46 74	78 1	0 139	44 4	19 155	17 133	43 141	11 158	48 103	47 114	16 1	75 138	41 115	56 44	68 49	61 87	70 198	12 26	8 66	76 29	79 186	27 65	29 78	18 166	25 56	24 176	15 113	74 154	36 167	20 198	42 164	50 26	31 72	13 39	38 59	69 182	26 48	2 137	40 131	49 47	73 97	28 89	37 3	71 92	21 153	62 147	45 131	63 156	54 190	10 99	53 156	77 39	1 70	5 177	7 122	51 149	64 188	60 31	14 176	3 141	4 179	58 93	72 17	22 92	35 5	30 106	52 48	55 4	32 191	39 58	66 196	9 42	23 108	59 170	65 174	33 38	6 89	67 80	57 103
61 151	1 120	72 115	59 50	9 114	62 84	14 167	69 104	77 112	73 75	71 163	60 42	44 33	20 102	37 178	15 27	74 114	79 151	16 135	51 52	12 115	46 169	19 159	36 100	34 172	70 58	63 143	68 162	47 1	28 190	0 39	66 54	43 117	7 53	6 55	65 190	38 169	49 76	24 164	32 150	25 168	56 94	4 165	13 191	75 172	10 117	76 76	54 110	3 65	42 93	78 160	41 169	67 188	50 31	64 143	40 11	26 158	45 52	55 200	48 143	27 10	11 119	21 119	58 174	30 73	33 63	22 59	17 11	57 187	8 51	52 22	39 65	18 51	31 94	35 109	53 145	5 102	23 132	29 92	2 135
6 38	29 30	8 38	28 166	26 33	13 20	74 105	32 123	63 119	62 132	44 144	71 86	0 32	7 195	61 13	78 7	36 174	76 77	69 16	64 11	60 153	50 131	35 63	27 52	51 130	58 56	12 104	31 176	1 167	39 180	72 13	5 54	37 168	47 187	49 176	65 139	56 176	66 64	16 165	15 75	33 50	55 87	46 115	59 13	40 193	11 134	54 33	25 69	21 104	4 12	67 113	18 146	41 94	57 21	70 35	23 169	43 164	3 104	19 86	42 161	68 143	53 51	10 141	79 4	22 90	48 185	20 32	24 19	45 176	73 46	14 91	9 110	75 71	52 141	2 129	30 2	38 156	77 22	34 5	17 13
63 169	32 46	37 160	46 26	74 100	36 181	14 178	49 160	75 187	9 179	58 17	7 33	51 15	45 3	61 72	12 145	18 35	64 44	71 137	24 101	48 200	78 98	22 196	33 61	67 74	23 94	76 87	8 102	29 79	57 17	6 167	43 134	35 169	68 194	31 58	56 96	30 179	5 68	1 19	15 130	3 143	79 12	27 17	38 116	17 121	0 38	20 114	60 81	72 101	77 98	62 104	28 58	41 10	40 12	11 70	2 154	34 90	66 82	52 26	73 189	4 3	65 63	70 155	13 8	47 153	16 52	44 21	55 64	53 99	54 159	42 145	59 188	21 161	39 186	25 145	69 19	10 90	19 116	50 92	26 150
44 181	66 22	45 58	21 15	59 185	11 181	41 184	37 70	32 132	8 5	74 121	29 95	17 50	5 191	16 82	12 101	55 20	14 57	43 11	27 151	31 57	35 142	0 165	24 104	67 141	64 117	53 45	78 164	6 20	62 173	18 150	48 198	25 79	60 192	77 199	7 184	42 82	49 11	39 14	34 104	73 142	3 150	79 184	75 149	22 112	10 12	56 173	51 149	28 98	52 3	26 130	38 141	54 93	47 3	71 76	30 70	72 144	33 40	36 133	68 126	46 162	2 66	15 112	20 123	40 194	23 147	61 14	1 58	76 157	70 77	50 15	58 188	63 65	9 51	19 143	4 135	69 197	13 34	65 24	57 5
44 86	12 160	20 6	6 146	11 169	49 64	39 94	61 26	62 4	21 17	68 43	15 109	28 121	58 10	74 96	43 199	34 101	67 13	65 105	29 38	75 112	55 158	53 16	78 51	5 148	48 160	46 166	10 99	54 176	9 120	63 18	72 126	0 91	73 69	25 171	41 77	7 76	37 168	60 29	38 43	71 181	66 40	14 92	69 84	26 23	56 113	22 138	64 162	24 94	13 19	32 81	50 121	33 129	2 150	35 176	27 26	23 112	51 58	18 68	70 137	1 37	40 41	16 99	19 23	31 7	17 156	42 179	3 74	8 112	79 114	52 166	30 107	77 52	36 68	59 109	4 74	45 175	76 27	57 163	47 78
14 13	32 128	29 34	40 108	58 136	79 125	37 49	78 142	7 166	42 148	33 102	48 190	61 82	4 66	70 166	12 44	73 72	72 30	10 1	69 189	35 68	36 58	6 3	24 93	52 195	31 66	51 81	8 76	77 57	74 106	13 156	2 162	9 40	62 137	45 150	3 126	19 86	50 83	49 154	66 172	15 159	67 41	54 95	1 193	21 109	23 148	34 125	28 62	46 122	55 192	59 183	71 158	75 93	76 11	25 78	5 197	47 124	22 74	64 97	39 149	68 83	11 133	30 51	18 113	57 72	0 78	20 56	26 40	56 186	44 165	53 141	38 180	65 74	60 172	41 62	43 144	16 43	27 164	63 77	17 33
55 155	74 173	72 150	47 94	75 115	69 176	12 36	46 200	6 109	52 17	79 107	66 64	2 51	61 9	48 82	26 171	70 13	4 95	34 117	43 200	31 152	1 44	33 198	65 36	20 96	3 143	16 79	27 169	36 54	37 146	18 146	29 127	32 58	15 33	5 185	50 111	38 102	77 5	57 126	63 158	41 104	8 12	68 37	53 112	14 17	7 73	59 92	45 97	28 73	17 193	24 151	0 13	9 126	10 160	58 149	76 133	78 140	67 162	35 77	71 192	51 169	40 5	19 149	21 10	11 99	56 143	64 74	44 58	42 91	22 192	39 4	60 85	13 189	25 78	62 40	49 2	23 140	73 112	30 72	54 138
38 33	8 131	36 172	5 138	28 80	41 57	79 129	29 169	34 64	1 171	52 143	25 74	12 40	6 200	66 27	2 72	19 129	15 5	40 53	21 199	39 148	47 114	20 130	27 192	59 163	4 162	23 34	14 37	71 168	68 8	43 54	10 181	42 148	30 28	35 165	37 155	58 73	26 127	57 116	61 85	65 107	73 100	78 141	9 116	22 21	24 12	62 68	18 89	56 102	74 96	44 59	76 75	13 79	46 31	31 71	16 17	17 87	33 156	69 38	77 140	54 78	7 82	11 54	49 96	72 39	55 11	48 83	67 12	51 50	50 35	0 20	70 62	3 86	53 29	75 78	45 77	63 141	64 169	60 78	32 31
29 28	23 41	37 3	32 171	35 23	57 74	53 144	21 172	14 84	65 192	1 26	36 122	25 187	55 43	6 103	19 65	76 140	63 172	40 141	69 55	0 99	3 180	54 140	15 80	41 163	31 147	64 42	78 56	43 27	59 82	5 98	47 61	66 20	42 181	17 21	34 40	13 186	39 61	44 96	58 89	8 106	12 109	22 182	38 19	48 167	4 15	51 149	28 59	45 182	33 74	61 165	46 112	26 163	79 27	11 102	16 6	71 187	60 7	73 177	62 161	68 95	67 12	30 199	56 112	27 200	9 48	70 25	77 103	50 183	10 97	72 13	49 148	2 39	75 109	24 158	18 193	7 147	20 149	52 124	74 75
14 133	36 51	9 197	27 60	20 133	51 193	71 193	77 50	10 80	44 33	52 182	25 139	68 155	37 4	40 156	19 85	0 155	30 156	2 87	61 196	42 91	63 91	55 141	69 124	22 69	15 107	28 11	66 30	54 200	12 64	31 25	32 123	53 158	38 92	50 36	59 125	58 92	67 167	16 163	39 137	73 68	56 196	79 127	62 34	24 43	75 34	33 100	13 53	57 105	5 8	45 138	60 124	48 99	7 144	26 95	11 35	72 198	35 20	64 147	70 79	41 188	47 74	17 68	8 30	4 50	43 198	23 45	76 24	1 153	78 38	21 145	29 147	6 105	34 187	49 81	65 46	3 94	18 14	46 173	74 158
43 182	36 38	78 60	38 200	60 119	32 182	39 190	17 104	55 92	8 174	20 89	13 147	29 107	59 127	3 155	54 32	25 156	10 31	11 124	42 93	23 51	74 53	75 140	73 144	6 131	31 163	22 85	16 156	50 145	26 43	62 113	67 126	68 7	63 120	44 116	19 41	61 189	70 77	37 86	34 178	79 48	7 95	45 111	64 60	53 17	0 132	4 114	28 42	76 50	18 85	46 123	35 47	14 97	66 58	33 166	2 179	41 159	21 44	27 134	40 193	72 23	58 177	56 35	47 71	71 107	1 156	51 53	48 44	9 168	77 163	5 53	65 95	52 52	30 96	12 103	49 118	24 86	15 14	69 128	57 80
74 152	39 47	33 70	37 21	3 91	65 141	79 28	41 77	66 37	18 54	31 71	20 132	7 174	0 108	54 138	1 95	27 18	38 4	14 89	5 94	11 93	29 95	51 193	30 73	57 170	34 90	70 108	4 108	35 78	46 102	69 39	43 3	15 40	68 129	48 123	47 140	13 52	77 35	28 165	17 5	19 31	53 128	56 41	6 70	8 64	59 31	63 89	67 88	22 60	26 120	21 76	10 17	50 47	32 34	23 149	75 14	55 198	64 89	72 38	2 193	12 130	36 14	76 138	24 6	78 69	73 13	60 132	61 101	44 145	58 176	9 22	52 9	40 139	45 74	42 90	16 158	71 112	25 131	62 77	49 168
70 39	58 92	69 173	37 115	16 26	5 141	0 129	20 113	15 163	23 159	76 1	18 37	66 186	65 171	17 76	19 143	67 85	38 79	53 55	13 156	74 103	73 165	39 173	6 111	78 62	12 31	1 95	24 24	40 13	34 115	41 88	61 46	45 181	77 136	14 112	63 30	72 135	31 146	21 27	43 97	60 60	49 152	35 80	59 71	3 33	9 55	79 164	36 116	26 94	44 47	4 119	32 72	30 114	71 69	62 70	57 178	10 2	64 54	25 51	2 153	75 80	46 39	48 130	52 17	55 176	33 78	8 200	7 101	68 137	11 133	51 78	27 33	29 176	50 80	47 32	54 21	56 91	42 195	22 11	28 5
64 58	35 54	34 33	52 142	76 142	61 170	31 176	3 99	51 8	39 170	56 81	23 184	50 42	12 25	69 34	15 138	5 48	24 28	70 134	17 156	19 78	37 88	38 71	43 11	53 15	66 194	6 48	49 129	7 189	28 89	42 80	21 26	41 55	14 77	73 112	40 10	26 168	18 93	45 32	71 179	55 171	1 191	68 194	29 58	54 139	11 111	30 133	16 105	4 172	62 134	63 85	44 197	27 32	79 23	67 128	22 7	10 119	59 30	75 138	33 160	32 29	9 98	20 98	0 102	57 73	47 24	77 126	2 54	60 4	48 165	46 164	36 177	72 136	8 186	25 36	58 40	78 111	65 153	74 10	13 138
39 90	70 119	15 95	19 88	25 87	2 58	42 74	71 128	53 81	46 147	78 14	12 123	62 39	34 34	29 103	68 172	6 122	76 120	18 101	33 30	38 119	64 40	63 13	57 33	59 191	14 20	41 116	56 50	50 147	66 96	4 138	37 199	44 19	79 123	60 32	61 111	10 21	17 71	27 154	23 139	47 156	28 112	1 123	35 168	24 184	69 36	7 116	65 8	11 170	3 42	31 33	20 193	49 105	0 158	77 180	13 190	72 86	30 109	54 46	8 199	52 86	75 142	40 89	26 151	55 79	73 13	16 10	43 165	32 16	58 80	51 60	45 136	9 133	22 46	5 117	21 147	67 180	36 44	74 102	48 154
33 14	1 123	17 184	12 75	57 99	62 115	35 104	56 85	7 102	39 173	65 152	75 182	70 130	66 136	79 107	64 59	49 42	42 3	76 149	30 146	48 52	47 47	72 30	24 44	67 29	25 25	46 39	45 115	15 74	9 155	40 69	71 52	59 31	27 95	36 145	23 104	13 105	16 42	54 58	52 27	55 12	63 5	74 148	3 48	37 164	0 47	28 34	44 16	60 75	21 192	50 190	11 122	38 131	8 163	22 110	10 43	18 83	26 93	58 21	69 37	4 63	73 25	6 186	77 158	53 154	34 113	41 196	14 1	20 154	2 179	19 131	31 58	5 94	78 99	68 118	29 177	51 102	32 175	43 167	61 15
29 144	68 1	12 173	6 51	7 122	75 25	22 19	30 91	23 80	36 9	61 64	77 9	1 75	70 173	71 65	11 65	0 124	66 93	42 197	50 80	10 135	52 137	49 100	8 172	2 62	17 113	19 40	54 175	67 184	24 76	58 138	64 128	76 183	15 96	41 198	27 119	73 47	60 43	33 131	69 57	16 21	62 164	56 143	55 179	78 5	57 75	38 64	25 200	39 173	45 111	72 7	48 196	46 144	79 82	65 9	20 2	74 4	47 20	35 116	5 148	18 91	4 63	34 67	31 177	13 110	14 104	3 117	28 124	53 123	32 110	21 121	63 5	9 188	26 124	37 60	44 145	40 118	59 69	51 113	43 133
52 158	36 6	17 18	7 56	61 37	43 33	24 170	2 117	51 105	8 24	14 140	60 9	11 78	6 60	5 104	26 50	9 166	31 85	39 109	12 139	69 107	64 121	38 72	10 20	44 131	21 19	66 5	41 190	57 82	29 185	63 96	46 114	4 61	59 156	70 54	40 37	48 46	71 22	49 151	78 104	3 25	42 40	68 105	73 144	19 44	56 102	20 1	27 60	16 21	75 87	45 98	0 41	72 135	37 162	53 178	55 91	77 123	74 75	23 33	35 32	62 96	67 115	25 23	34 134	47 182	50 123	13 55	54 177	30 181	15 155	18 31	28 89	33 40	79 110	58 120	32 61	22 179	76 33	1 51	65 174
11 63	57 129	15 15	60 132	59 106	72 143	68 107	2 47	78 120	14 55	64 3	67 93	27 90	19 113	20 14	38 118	25 60	79 114	61 91	75 112	8 196	21 147	56 189	48 164	7 85	26 74	16 147	69 71	63 32	5 33	76 150	32 7	36 168	44 3	30 42	34 160	42 79	66 106	53 2	29 172	71 26	22 75	46 178	73 114	50 158	31 174	58 110	52 52	17 122	24 70	55 143	65 105	39 81	37 188	49 127	74 19	1 191	23 82	70 40	28 164	45 183	35 94	10 76	47 63	54 77	33 112	13 39	51 73	41 46	12 98	77 100	4 173	18 192	3 164	43 14	6 96	9 99	62 31	40 7	0 47
72 132	27 94	10 81	38 34	43 110	40 160	49 8	41 150	28 158	13 163	6 71	18 30	69 47	73 66	66 159	22 59	20 12	67 107	64 116	60 155	12 131	26 173	62 185	47 199	36 195	0 91	15 3	30 168	57 125	16 10	21 93	68 74	70 99	32 143	59 165	65 12	37 70	35 6	71 15	48 122	76 134	4 92	51 143	56 139	9 190	52 3	50 39	11 38	54 191	79 114	58 70	25 130	2 190	61 64	33 16	78 19	46 57	53 124	23 49	5 95	8 181	77 94	3 148	44 61	14 42	42 81	24 27	29 77	17 189	1 53	63 124	39 113	75 162	55 5	45 192	74 4	7 42	19 100	31 199	34 160
75 180	58 162	35 181	34 88	1 1	30 160	8 183	79 20	21 139	71 81	15 82	41 75	52 80	24 102	55 98	65 127	54 118	38 20	72 159	66 103	39 137	62 154	18 135	0 14	7 74	49 150	20 38	12 145	61 184	73 61	48 86	11 168	9 128	60 121	13 124	27 46	63 110	29 83	76 200	44 25	51 56	3 79	17 4	26 156	59 77	74 61	42 37	69 2	43 7	33 35	50 73	5 132	4 66	46 66	47 85	22 180	25 73	56 151	2 80	78 9	57 132	53 127	14 29	19 174	31 78	28 13	10 75	67 111	23 179	32 195	37 146	70 82	77 1	68 139	6 32	64 181	16 157	36 145	40 183	45 91
7 200	71 134	64 180	42 68	46 164	19 108	45 2	2 152	35 89	55 115	68 162	23 178	66 56	69 149	60 74	36 22	29 83	43 8	79 26	32 170	24 51	78 193	41 3	74 14	13 187	27 172	47 14	4 3	15 77	22 101	72 20	18 39	9 38	52 69	65 144	49 12	33 136	62 99	30 126	31 28	63 171	58 71	10 174	48 7	1 48	56 163	28 37	61 123	76 92	14 107	39 36	11 145	5 86	44 68	51 145	75 59	38 30	40 27	37 14	6 15	26 139	20 45	73 41	70 176	54 72	8 93	12 97	77 44	67 153	50 5	17 6	53 20	57 169	25 49	0 49	21 152	16 195	59 40	3 139	34 157
61 50	51 29	46 133	53 42	20 67	39 162	45 116	64 200	69 183	50 169	70 13	4 186	41 148	19 81	78 185	6 185	67 136	76 196	52 174	60 32	15 122	68 179	66 122	17 68	1 20	43 20	75 51	49 88	54 54	40 55	9 20	31 140	71 161	10 200	24 163	62 147	55 121	14 65	0 26	79 39	72 150	23 147	37 167	30 103	26 109	35 92	7 33	13 64	57 141	11 163	8 96	74 46	59 167	25 134	42 50	47 186	12 105	73 196	16 162	2 77	3 110	32 85	28 37	38 115	36 186	58 37	18 26	33 126	5 142	44 138	63 102	29 74	21 102	56 146	77 175	65 33	27 3	34 194	48 97	22 78
57 128	51 103	53 103	70 59	18 165	8 186	31 31	47 183	62 58	29 52	43 144	20 166	55 184	41 117	37 82	11 172	59 197	65 190	9 78	14 34	5 117	34 52	1 159	35 196	6 140	24 39	23 148	2 197	38 140	74 43	25 30	16 110	69 200	77 88	39 19	27 65	32 63	60 20	22 180	71 183	48 193	19 174	79 97	4 93	13 43	28 131	15 182	78 5	3 97	12 182	61 60	63 62	30 139	73 108	45 188	67 108	58 87	46 181	26 2	0 15	49 132	64 155	44 193	36 44	17 6	21 113	7 180	52 92	33 104	40 67	72 42	42 69	68 164	50 185	75 161	56 60	76 28	66 131	54 49	10 30
21 80	63 44	38 77	75 24	47 142	65 43	77 107	11 140	29 105	1 38	53 3	20 40	28 97	51 20	16 137	71 200	74 164	5 166	64 123	60 52	61 33	6 113	18 159	66 119	27 57	42 16	10 84	48 28	31 130	46 131	22 64	40 40	17 33	55 172	19 83	15 92	30 91	69 70	37 104	78 113	39 105	67 104	12 129	56 130	68 23	70 109	23 199	62 137	13 38	52 89	54 101	35 13	45 157	57 198	72 54	4 130	59 127	36 6	44 58	58 157	43 149	79 199	33 178	0 37	76 143	26 161	34 90	50 21	8 141	49 142	25 94	14 6	32 3	2 16	73 9	3 117	24 156	9 26	7 97	41 158
20 81	11 37	5 13	63 79	16 71	69 7	55 55	45 174	34 137	22 143	37 128	15 48	4 192	12 197	9 46	27 145	47 84	6 185	28 18	71 40	77 84	8 78	7 73	54 98	51 169	57 93	31 89	26 57	79 39	49 36	50 133	48 114	17 124	19 132	23 48	64 100	59 154	74 44	13 150	61 111	18 96	1 47	10 20	14 189	60 138	2 19	70 139	46 136	66 89	65 160	67 170	30 145	42 65	38 107	68 111	29 125	73 82	58 101	43 134	44 57	3 74	52 15	40 36	78 129	0 55	75 99	41 118	21 1	33 116	56 7	76 62	53 22	24 134	32 199	62 38	36 179	72 71	39 41	25 69	35 86
56 10	18 47	12 112	48 50	65 198	49 50	16 94	76 199	27 59	23 176	63 164	31 99	75 180	38 190	39 47	69 52	57 188	47 3	78 163	3 129	33 89	46 104	4 53	41 75	64 56	20 199	61 190	62 164	68 86	25 64	51 73	73 107	67 92	0 163	30 61	74 171	10 80	24 8	29 164	5 155	11 65	70 167	77 50	35 81	34 174	58 110	71 100	36 15	26 86	44 97	6 5	9 75	28 68	40 20	53 118	22 45	1 37	66 92	42 46	45 16	21 82	43 117	60 127	54 178	52 81	17 133	15 12	50 119	14 35	8 107	79 38	7 125	72 41	37 39	55 99	2 125	59 127	32 75	19 118	13 32
72 188	74 127	31 181	45 49	4 62	8 25	1 77	19 162	62 82	25 56	21 116	34 182	77 72	10 195	16 199	67 44	5 147	9 86	68 45	69 20	11 46	40 169	39 149	52 136	22 114	75 132	78 180	2 21	65 52	42 17	60 192	51 64	36 97	15 155	7 37	37 34	38 110	54 99	73 16	58 72	28 31	27 8	66 174	50 9	70 113	23 198	53 79	32 108	14 189	3 45	6 111	47 70	63 56	26 45	57 197	56 147	17 33	41 96	61 118	12 144	46 91	33 76	76 22	35 145	30 18	49 115	13 118	71 108	18 189	48 142	24 190	20 38	79 146	43 137	0 31	59 175	55 50	29 140	64 170	44 61
24 141	41 81	26 3	62 177	14 116	10 64	52 51	19 165	45 2	63 114	64 114	28 159	4 53	70 48	11 30	71 122	74 96	73 107	40 64	16 29	20 178	2 72	21 36	46 174	67 97	37 38	61 178	44 69	13 90	25 33	5 80	60 17	32 141	56 155	35 178	0 41	42 145	12 109	23 142	1 37	29 89	33 2	49 13	66 74	27 9	38 1	7 167	18 159	15 35	8 13	30 183	31 32	22 50	78 24	36 187	68 88	57 35	50 60	72 147	3 126	48 62	34 62	6 109	9 189	54 109	69 173	55 135	17 147	75 135	58 167	59 105	53 67	65 90	79 156	39 140	76 124	51 55	43 117	47 145	77 155
26 20	48 107	7 36	14 48	75 189	40 105	37 113	53 161	46 40	41 12	19 98	34 114	66 186	64 172	13 82	59 139	6 4	45 21	2 16	27 150	18 170	73 112	76 61	42 101	5 84	1 15	49 124	20 17	25 101	32 161	69 82	58 73	62 118	16 189	67 159	65 95	36 25	68 94	78 82	23 123	77 52	51 198	79 190	21 53	61 51	11 75	17 2	74 183	39 165	70 22	4 75	57 11	22 86	10 193	12 4	9 26	33 109	71 97	55 170	15 60	54 36	72 117	43 162	56 195	29 8	38 197	60 33	24 145	35 138	3 93	47 189	50 159	63 83	52 144	0 190	31 125	44 199	30 38	28 101	8 158
43 185	58 170	63 178	48 189	75 67	73 45	40 80	49 121	15 79	6 180	14 157	20 22	4 92	55 68	71 161	8 98	17 96	26 27	59 121	61 199	0 35	30 8	67 179	66 31	22 190	1 177	70 106	19 34	39 44	16 23	37 95	34 199	77 56	51 83	64 26	79 42	23 147	35 198	21 101	47 39	29 151	18 130	57 196	24 23	62 30	45 185	7 168	56 12	25 158	46 145	9 20	36 137	33 63	12 126	11 15	78 136	65 183	28 117	2 168	72 31	69 33	42 188	5 131	38 113	32 108	53 34	76 9	54 57	52 15	74 9	68 12	44 49	13 97	27 187	3 77	50 84	60 49	31 39	41 174	10 89
64 126	61 174	62 106	2 2	22 130	7 177	4 198	49 57	9 2	57 194	18 97	52 113	66 19	54 7	68 91	26 25	63 63	6 182	79 7	74 155	67 78	14 40	43 129	59 135	31 78	48 66	42 38	24 16	56 113	76 83	3 189	19 35	35 11	46 66	0 127	1 64	58 81	15 6	47 37	70 70	11 146	73 25	37 76	32 42	71 56	5 92	25 16	72 13	65 154	13 15	69 136	17 22	16 109	75 108	27 9	29 75	45 181	28 81	50 79	53 82	20 182	55 31	30 139	8 26	39 4	60 122	77 160	36 180	38 163	78 184	44 21	33 81	41 157	23 124	10 46	21 157	34 137	40 147	12 166	51 2
7 142	35 146	79 15	6 111	30 200	47 37	24 65	4 80	62 52	50 115	25 162	54 134	44 83	51 18	41 44	71 183	26 14	78 171	55 94	36 155	12 89	8 73	43 8	75 189	31 76	56 103	42 25	65 175	11 3	68 95	59 149	27 181	22 95	34 110	40 199	28 100	60 170	16 61	72 135	69 125	63 118	45 126	13 17	5 194	1 39	61 94	19 136	17 121	3 4	66 163	9 87	18 53	10 188	76 48	33 156	67 189	21 81	48 184	49 61	20 70	70 137	58 59	37 86	14 175	53 127	38 68	46 99	32 112	29 65	77 25	73 60	2 161	64 46	52 6	23 25	39 89	15 122	74 19	57 69	0 184
18 198	44 169	5 20	49 19	7 102	31 67	29 70	19 160	20 95	72 149	70 74	38 128	39 74	62 192	21 26	32 53	52 70	67 164	53 64	33 152	37 182	75 59	8 98	69 115	1 87	14 48	61 185	24 18	9 109	45 157	6 72	51 100	47 52	55 164	17 160	23 11	2 145	40 81	3 144	74 133	57 84	78 164	15 111	68 121	66 127	54 169	65 46	63 81	77 26	64 115	0 18	12 20	22 48	25 42	50 23	79 180	16 154	42 176	11 51	73 53	59 119	4 2	27 8	30 55	13 167	43 106	34 113	48 58	71 161	35 187	26 45	76 105	60 169	41 93	28 55	36 6	46 163	56 194	58 142	10 145
3 132	46 86	1 53	67 64	48 121	34 122	75 68	25 94	36 82	17 36	69 97	16 23	56 144	13 126	30 66	70 183	31 167	76 23	79 2	14 43	43 164	66 81	42 65	7 78	40 49	45 13	58 118	51 157	37 1	28 39	49 68	32 80	27 121	35 98	39 56	4 135	12 6	10 167	64 38	0 163	44 12	26 196	59 66	5 61	19 199	38 184	71 140	18 174	61 163	60 1	2 3	29 8	20 165	74 151	72 82	33 70	11 119	21 30	9 162	54 33	52 162	57 81	68 117	8 91	53 126	65 63	77 146	6 13	63 170	55 178	50 5	41 154	24 151	47 46	23 32	15 159	22 31	62 82	73 151	78 35
29 63	45 161	71 59	1 184	70 52	10 51	63 174	55 133	31 91	43 75	17 166	77 191	61 60	49 99	60 1	76 100	36 167	15 6	21 52	9 177	8 165	75 173	46 53	56 74	40 77	33 49	24 134	6 91	48 66	39 168	12 174	58 64	5 61	44 121	22 33	53 186	4 38	51 45	30 94	20 98	11 16	67 146	3 168	23 76	27 199	66 135	79 173	68 28	19 128	52 165	47 158	78 35	62 4	26 172	16 107	38 101	57 107	59 51	13 59	0 2	32 171	25 167	50 50	28 140	73 188	74 30	7 12	69 61	34 129	35 19	54 178	42 196	14 116	72 15	41 125	2 64	18 6	65 158	37 196	64 183
60 61	56 145	69 136	9 115	77 167	49 26	24 50	37 99	55 15	38 10	62 127	26 38	14 80	34 80	66 194	42 138	50 36	13 154	73 177	6 124	54 168	74 82	76 20	41 114	72 71	63 57	8 70	1 46	71 40	44 79	46 164	64 151	4 111	79 117	31 24	70 194	39 131	23 163	52 36	18 113	51 177	2 129	27 36	16 12	21 168	7 174	48 64	20 63	28 9	45 158	40 5	78 187	57 71	47 36	11 175	43 91	65 10	36 171	5 28	17 101	61 30	12 118	19 27	3 50	59 54	58 143	32 165	25 96	22 190	75 192	29 136	67 135	68 68	15 10	35 55	53 49	33 77	10 142	0 6	30 132
60 130	30 184	72 38	76 170	58 117	0 13	27 88	33 19	5 187	41 169	31 195	16 131	37 144	40 157	9 140	19 72	4 17	51 132	15 186	36 176	29 96	28 167	73 132	71 32	26 191	12 91	79 7	20 24	18 88	68 42	39 133	24 110	34 185	13 20	62 150	32 132	50 42	75 161	66 179	17 114	14 94	69 72	56 98	7 26	53 146	78 185	42 165	52 57	47 44	64 118	8 76	22 63	2 42	44 28	74 25	54 181	43 132	49 26	59 39	70 168	38 67	25 56	46 51	45 96	57 183	1 129	35 82	11 66	21 85	6 17	77 6	61 188	65 106	3 52	63 63	67 156	55 68	23 117	10 188	48 191
58 5	30 179	43 107	59 173	34 109	24 142	72 18	56 159	9 43	48 59	66 185	69 162	15 9	18 15	70 127	42 93	53 42	23 178	11 191	10 92	77 178	20 135	41 24	78 97	16 131	52 89	73 90	0 15	27 160	62 63	8 197	54 131	26 51	2 7	25 143	7 14	68 69	21 156	4 185	1 129	31 156	49 189	64 141	65 85	32 34	63 74	44 188	51 158	37 132	38 145	35 29	28 168	3 82	45 58	71 159	79 85	76 87	50 198	47 63	19 133	5 197	61 173	36 170	22 159	74 72	6 139	55 155	39 122	29 58	75 192	17 67	40 148	46 32	12 114	13 6	33 54	57 39	67 28	14 64	60 4
18 183	35 190	4 135	61 89	25 52	21 180	24 158	13 186	66 15	75 59	47 165	22 17	62 185	70 170	34 19	74 142	50 167	0 183	60 72	71 179	30 80	51 138	46 89	44 10	39 130	15 146	31 57	36 44	19 73	1 64	37 44	8 35	32 62	12 51	40 46	28 37	17 141	55 122	65 57	27 65	77 120	9 99	43 194	56 129	5 116	29 56	76 111	10 149	23 96	53 143	16 62	14 51	20 64	69 99	54 1	63 19	11 14	67 191	2 45	42 53	3 69	59 21	73 94	68 5	52 179	57 39	6 65	48 166	79 18	26 50	45 11	38 97	64 141	58 68	7 75	33 86	72 26	49 76	41 191	78 157
34 176	55 24	13 133	51 134	23 114	73 109	52 47	32 109	31 158	79 22	64 100	21 59	76 8	69 62	29 115	4 184	70 80	24 29	77 103	50 86	26 133	72 138	2 181	40 50	1 1	17 109	0 157	78 173	35 87	53 83	48 163	30 142	7 75	65 87	8 192	74 143	39 154	56 137	36 51	20 24	11 115	68 117	45 81	46 43	66 24	71 165	22 69	57 13	15 52	60 119	44 142	38 160	3 41	6 85	58 191	10 38	41 63	59 3	67 12	12 27	62 39	14 99	54 9	61 29	18 73	28 164	63 116	5 13	47 31	27 42	43 182	25 142	42 101	9 93	16 21	75 136	37 152	49 77	33 5	19 97
57 2	59 38	35 168	3 39	33 8	14 140	11 54	12 68	62 179	32 6	61 116	73 1	18 33	2 92	52 193	76 166	8 112	39 152	69 46	77 113	72 104	28 43	24 12	21 8	46 157	45 166	68 113	64 153	78 8	66 157	26 10	15 100	54 126	10 37	70 16	51 146	34 36	50 64	75 124	7 131	60 117	53 62	22 71	5 196	48 95	79 55	36 105	17 85	65 3	0 23	49 94	67 15	42 148	56 34	6 142	30 180	63 137	58 65	44 119	38 30	47 18	40 156	31 82	1 197	13 146	43 52	74 10	20 127	71 65	37 6	41 108	9 177	55 149	25 135	19 124	27 164	4 166	16 68	29 27	23 96
33 112	25 127	18 157	24 15	8 185	79 169	29 31	74 150	20 186	67 191	77 90	1 162	26 189	28 49	68 147	51 65	12 93	40 71	37 151	73 100	42 173	76 10	57 44	66 161	52 91	14 162	43 28	61 85	47 46	50 121	19 18	64 151	13 135	78 123	38 83	49 179	39 172	53 118	70 19	22 126	16 86	11 100	41 186	7 40	6 41	59 104	2 124	55 39	54 127	35 180	27 30	60 53	44 166	34 132	46 40	4 172	71 127	23 82	63 88	75 125	62 103	15 10	32 84	45 13	31 100	65 116	5 44	10 35	0 78	48 31	36 146	58 52	9 176	21 36	17 92	69 57	3 173	72 82	56 120	30 121
0 172	47 62	6 63	29 55	68 41	55 46	30 11	20 42	3 75	41 99	69 103	45 107	63 20	28 186	15 194	51 76	10 114	50 93	17 88	66 82	44 109	59 12	34 125	11 81	60 138	32 33	37 161	31 53	67 56	22 196	25 62	70 86	71 109	27 34	38 39	74 15	36 175	39 124	16 110	48 187	9 198	76 67	2 166	4 110	52 111	26 198	79 171	72 102	43 103	62 100	54 37	46 62	40 36	13 1	56 193	12 119	64 31	33 128	14 144	57 6	24 112	8 99	78 40	75 185	58 128	7 1	35 154	61 21	73 43	5 141	1 109	19 198	42 69	23 138	18 83	53 191	65 1	77 28	21 97	49 182
22 165	34 88	38 93	44 200	69 189	43 70	26 155	28 34	5 58	21 176	42 68	51 149	55 61	37 53	78 49	57 76	50 89	8 96	1 10	71 5	74 193	14 41	11 91	79 137	19 178	36 70	75 86	32 187	25 137	27 82	45 37	15 140	12 61	72 105	76 130	60 2	41 17	6 56	53 131	77 35	64 136	56 10	52 149	54 190	30 139	67 20	70 91	73 90	47 130	0 114	66 109	40 102	7 177	35 164	16 77	63 32	33 128	4 196	18 147	29 36	58 84	68 22	46 117	2 68	31 57	10 131	59 107	65 111	13 189	61 88	20 70	48 173	3 191	23 44	62 60	17 67	39 40	49 54	9 85	24 166
38 80	45 157	31 37	69 100	7 77	0 97	53 43	19 76	51 30	58 189	29 178	37 199	67 32	40 4	64 20	13 57	2 81	57 87	70 145	35 188	48 49	50 22	54 62	39 162	55 30	4 170	65 67	75 147	17 199	14 119	26 131	47 167	41 115	61 157	10 107	49 161	18 122	44 194	15 34	59 196	3 63	5 53	11 176	71 124	46 128	30 26	68 179	1 28	16 26	8 108	78 116	34 105	20 126	66 66	43 55	62 165	42 77	76 195	60 112	56 47	52 74	12 118	33 69	74 10	21 41	79 98	36 82	72 9	27 137	25 161	28 87	63 107	73 184	9 114	24 46	22 163	6 144	77 51	32 29	23 177
3 178	30 75	7 64	22 168	63 26	26 119	28 135	21 158	39 46	49 131	16 124	14 22	35 106	5 63	58 13	41 146	4 80	18 112	46 181	25 52	8 27	44 162	45 106	54 31	78 149	61 44	72 159	66 22	27 116	79 164	50 76	15 58	68 15	69 195	12 88	20 17	2 9	10 72	76 52	13 124	23 173	1 47	42 167	62 51	64 15	56 108	0 87	32 174	59 138	38 118	47 183	75 56	36 148	51 200	37 70	17 190	60 135	33 18	52 54	55 106	24 152	71 45	73 186	53 52	19 167	74 16	34 118	6 179	57 199	11 198	65 109	43 110	31 20	77 189	48 82	70 132	9 24	40 137	67 173	29 71
2 149	8 19	68 101	13 90	71 16	17 75	74 23	35 8	55 92	34 73	5 148	40 24	58 100	41 139	50 138	48 78	37 51	60 181	54 174	66 16	25 50	61 180	51 103	21 177	29 131	53 66	70 40	7 169	38 143	49 163	39 83	9 8	56 49	59 20	42 1	16 121	67 58	47 99	14 190	11 98	31 177	75 56	26 115	78 162	4 111	0 100	27 167	44 21	36 94	62 62	6 168	15 8	3 172	57 68	63 28	24 10	1 122	18 52	46 200	30 164	65 11	33 187	72 100	64 163	45 80	76 61	28 1	77 25	69 198	23 164	22 5	20 31	79 6	19 38	73 2	43 122	52 165	32 51	10 105	12 111
45 93	63 163	22 91	54 109	44 36	34 185	46 115	32 6	14 50	10 19	27 12	69 183	61 158	21 6	47 107	65 43	30 189	52 14	74 43	72 168	7 180	50 18	23 32	8 23	15 199	66 84	20 10	40 200	24 35	53 96	3 98	77 47	9 152	37 134	4 162	25 58	29 139	41 150	73 56	2 143	43 49	60 43	12 176	51 176	71 167	16 120	26 38	67 173	31 136	75 63	59 159	1 128	35 183	36 134	68 151	49 43	64 145	55 1	79 56	62 100	19 127	39 94	33 50	58 117	76 21	78 176	38 43	56 147	5 1	48 89	57 123	13 159	70 50	18 170	11 36	42 122	6 35	17 167	0 112	28 84
