90	100
82 34	57 197	11 157	70 125	52 83	91 36	81 44	22 159	8 62	44 104	36 165	94 97	9 89	99 195	65 110	76 128	69 184	79 1	23 124	13 84	84 137	4 181	18 3	32 170	89 72	51 129	49 127	74 118	16 186	7 167	20 128	60 32	98 130	30 6	3 81	92 173	27 67	5 26	19 23	73 159	59 173	45 47	50 81	43 61	0 159	88 128	47 80	10 7	24 25	67 169	93 112	25 159	6 13	58 111	40 25	33 103	72 27	95 195	62 77	41 87	64 63	42 186	17 97	66 185	15 16	29 109	68 101	12 200	46 198	61 167	77 168	39 176	86 151	85 92	14 69	56 60	87 6	55 69	48 177	97 136	31 116	26 65	75 94	80 70	35 140	96 18	37 126	83 166	2 127	28 137	34 42	38 65	21 171	53 100	1 49	78 125	63 77	90 121	71 2	54 160
22 57	65 116	75 105	30 148	35 60	81 107	69 62	97 68	31 30	73 128	54 177	95 110	74 56	77 59	8 5	76 59	87 157	40 41	64 42	83 25	84 146	33 105	29 50	9 10	17 20	16 85	15 104	7 154	89 184	59 10	27 190	11 168	86 105	49 90	62 45	13 30	72 29	42 3	79 165	0 23	6 166	38 172	2 19	14 70	41 78	5 119	12 33	10 151	94 117	50 148	45 9	3 153	28 60	51 152	78 105	36 178	34 193	91 72	61 111	4 200	48 132	80 143	56 105	1 48	71 168	66 115	20 94	68 112	52 24	39 16	60 21	67 178	37 105	18 49	43 34	63 34	44 165	55 195	26 46	21 118	82 151	24 111	93 21	58 4	98 127	47 136	57 140	19 12	99 184	25 110	96 137	85 110	90 119	70 167	53 140	23 9	32 184	92 57	46 175	88 81
25 190	80 119	79 104	98 157	82 174	51 26	27 121	74 191	20 138	28 86	94 130	1 156	69 14	29 90	76 189	33 195	24 173	48 149	61 153	10 136	2 91	4 128	64 78	5 139	44 181	59 52	62 135	35 75	22 31	55 38	17 68	46 148	70 67	91 153	11 132	75 42	56 121	92 11	18 124	49 109	65 147	41 85	58 180	7 82	12 13	66 119	42 63	85 49	72 25	97 6	37 36	3 154	90 92	47 143	88 14	30 64	13 120	52 195	95 82	23 190	19 46	57 43	87 89	26 199	93 139	36 55	16 164	99 54	6 87	63 98	89 165	39 196	67 15	86 152	43 116	78 197	9 34	32 193	96 180	31 139	34 14	0 145	53 97	45 178	50 170	68 151	21 15	77 122	54 134	71 55	81 195	84 131	73 123	38 38	83 155	40 70	14 61	60 193	8 53	15 169
9 26	82 157	36 156	93 97	44 102	84 62	61 195	78 103	20 142	33 154	71 132	77 134	12 166	98 112	65 109	43 160	13 149	8 126	87 189	0 37	1 173	28 53	38 100	48 199	17 168	19 84	68 23	94 76	96 72	67 169	74 80	6 140	92 142	88 143	56 93	57 154	52 100	50 50	22 145	31 18	7 126	16 15	27 38	42 193	79 10	75 76	70 7	11 163	72 117	62 163	10 152	51 93	46 124	58 145	41 112	81 63	90 12	64 179	54 80	53 122	95 78	23 66	18 5	15 194	59 69	76 29	21 59	55 186	25 18	66 159	32 137	24 199	83 157	3 20	45 85	35 91	29 97	86 19	63 115	39 26	99 197	4 71	89 186	40 58	26 16	14 19	80 25	2 200	34 76	5 53	30 114	73 192	37 75	47 106	97 36	91 51	85 8	69 56	49 107	60 95
90 125	80 19	15 14	46 18	23 128	60 89	59 2	17 2	97 164	48 39	99 126	6 174	1 44	22 30	74 103	51 147	25 144	68 122	81 94	50 34	83 200	45 52	52 145	37 160	13 151	79 180	10 27	11 161	16 45	3 63	29 25	31 71	53 46	75 87	92 101	0 102	78 117	18 173	35 141	98 67	64 193	32 177	89 179	39 188	88 38	20 30	66 112	84 60	65 123	43 162	69 33	96 168	24 62	93 6	14 109	4 28	9 133	54 94	91 42	5 61	34 189	55 192	77 136	42 19	94 65	38 135	7 119	40 117	49 149	19 196	72 15	62 11	85 128	71 184	95 146	57 12	30 46	73 111	58 131	67 82	56 66	33 158	21 31	86 148	61 23	70 117	12 117	27 36	41 14	63 61	2 33	26 101	36 55	82 167	76 5	8 189	87 144	47 12	44 57	28 91
94 64	50 112	2 38	49 189	29 200	89 55	46 2	48 190	74 114	35 21	90 87	81 81	77 117	85 47	13 182	27 59	98 51	15 67	34 123	30 17	95 124	99 200	22 102	83 190	67 82	21 26	16 31	0 155	12 40	19 114	56 105	40 4	70 118	9 92	17 78	1 182	8 43	82 109	10 147	51 112	80 135	84 37	26 90	4 7	45 57	75 176	96 34	23 27	61 115	69 46	31 68	42 185	97 147	72 84	86 50	87 49	76 135	66 124	63 54	68 134	52 2	65 173	79 89	71 180	20 144	91 86	38 190	78 42	24 140	54 181	47 109	41 120	28 187	39 78	43 109	73 52	92 165	59 160	6 133	55 12	37 128	64 38	93 34	5 7	62 176	25 147	18 35	44 115	57 168	36 21	60 149	88 157	58 8	14 158	7 81	53 27	33 70	3 158	11 105	32 177
39 193	54 156	10 95	11 88	97 8	71 192	80 121	87 25	61 44	40 2	6 14	16 127	46 135	84 86	88 73	22 42	93 97	8 108	85 95	79 147	94 114	82 73	13 17	7 99	83 95	73 79	76 154	75 76	81 41	25 117	12 90	31 163	29 62	72 128	37 99	45 39	53 142	99 115	68 41	77 120	60 176	32 59	78 98	44 48	92 126	50 132	64 62	89 149	74 91	52 52	42 3	4 5	96 68	3 117	20 177	67 101	41 124	90 92	0 125	1 171	48 136	30 58	9 70	35 71	57 24	98 66	2 124	14 71	38 194	5 193	66 193	95 136	24 172	21 146	62 182	69 65	51 158	91 177	63 63	23 109	65 126	70 134	27 5	28 181	49 14	26 39	17 149	15 103	33 48	43 127	56 195	59 18	58 198	19 126	55 73	18 158	47 59	34 12	86 129	36 127
27 144	1 103	38 25	25 166	95 83	13 153	98 23	32 135	31 106	43 79	9 63	65 91	99 41	60 88	97 126	80 149	84 113	8 132	21 95	79 174	48 45	7 3	96 98	42 83	46 117	75 23	61 134	64 158	69 173	37 42	72 1	88 77	73 105	52 152	74 22	44 172	70 115	34 165	6 199	20 164	93 9	89 15	56 114	62 109	82 23	87 191	55 70	5 134	36 160	16 158	63 51	50 60	18 64	2 23	23 169	0 152	11 53	41 2	26 55	29 135	4 18	57 179	92 171	30 128	12 188	14 16	33 186	49 70	94 187	78 143	22 15	24 69	85 125	47 44	59 158	90 185	83 20	68 85	71 131	77 147	3 76	66 20	15 5	17 168	76 87	58 2	45 196	39 14	51 34	67 10	35 24	10 90	19 37	54 81	53 5	81 149	86 124	91 60	40 44	28 17
83 30	9 155	64 26	78 135	59 13	85 90	91 135	72 35	66 129	84 38	99 128	17 135	69 91	40 167	98 19	94 173	86 169	54 37	50 56	52 56	39 34	41 157	67 19	92 72	87 176	48 105	13 160	1 140	55 24	42 118	38 64	51 82	18 195	71 162	81 16	5 79	21 170	4 155	24 31	88 30	6 97	26 189	29 101	8 12	0 1	96 122	25 167	2 196	95 73	34 176	74 147	30 21	15 87	11 174	16 43	61 90	32 147	19 17	44 169	89 195	79 155	82 7	10 10	65 142	3 79	33 65	93 177	73 56	57 80	56 129	76 190	43 115	46 112	62 190	49 101	31 185	75 114	63 160	7 140	68 163	70 106	35 130	28 124	53 176	22 200	77 108	60 2	97 11	12 38	27 181	45 175	90 128	80 103	20 117	37 4	23 130	36 171	58 94	47 9	14 39
58 139	66 140	15 114	40 134	48 188	2 172	81 82	34 47	85 20	27 93	13 127	62 96	45 122	99 59	63 144	75 168	38 14	49 137	79 42	8 118	37 76	41 158	3 106	20 172	86 37	61 90	31 114	23 134	80 9	5 99	96 121	92 188	35 10	89 37	90 170	94 192	88 155	73 170	67 86	24 139	25 61	7 63	6 125	43 24	82 197	69 38	53 25	93 98	54 133	4 102	57 38	50 41	72 43	84 8	47 178	0 150	21 159	60 188	97 102	44 41	1 68	56 7	10 129	30 174	87 46	68 119	36 182	11 6	14 179	91 97	46 171	74 67	9 138	52 60	17 170	83 56	51 126	42 166	64 12	19 185	98 124	76 147	77 117	65 156	22 38	32 85	78 66	39 161	55 68	33 71	12 37	16 162	18 113	71 33	29 146	59 78	26 114	95 149	70 51	28 30
99 23	84 148	93 167	55 97	49 99	91 125	45 182	76 23	14 82	81 172	11 68	36 111	47 70	30 43	54 155	28 132	52 116	34 191	24 19	65 149	94 154	15 114	59 139	7 146	31 29	12 53	13 30	39 138	35 60	83 84	87 184	71 182	96 190	46 91	58 90	9 166	86 31	17 93	10 62	69 9	74 80	41 105	33 59	25 170	79 135	29 184	6 40	90 179	27 158	8 100	26 97	20 23	56 62	60 131	0 54	21 37	22 134	95 122	32 154	77 166	4 135	98 61	67 194	63 146	72 189	68 34	88 57	85 119	66 83	64 180	89 47	75 45	44 25	82 200	51 200	5 32	37 85	1 184	23 154	97 29	38 195	61 192	50 94	57 1	40 86	92 167	70 62	78 62	2 91	53 87	18 150	43 125	73 143	19 15	16 182	80 128	42 45	48 137	62 165	3 71
29 68	32 200	56 82	37 107	51 43	71 185	79 1	84 58	57 131	67 136	24 128	85 104	5 179	53 153	65 112	36 58	63 160	31 169	3 125	11 199	1 153	58 11	4 27	68 74	34 191	49 105	28 153	35 72	96 156	9 13	40 116	6 19	81 138	80 45	64 49	89 101	10 78	88 107	48 17	27 80	30 64	83 103	94 50	77 13	95 56	90 102	93 174	76 160	7 68	0 164	69 21	73 2	86 35	75 38	38 176	82 25	25 108	15 101	55 167	87 162	60 41	74 191	20 179	70 172	97 167	42 10	14 103	41 150	46 121	54 167	13 107	39 160	45 122	98 112	50 199	23 46	16 124	19 79	44 122	8 86	17 12	62 40	26 111	21 66	12 134	66 153	99 174	78 147	52 177	91 98	18 84	72 2	59 25	33 8	43 177	61 14	92 123	22 144	47 112	2 19
47 120	57 129	8 33	59 7	0 131	99 118	64 127	46 57	82 91	87 65	5 125	21 122	68 80	26 27	92 94	73 162	29 1	66 38	3 28	27 19	78 1	25 73	72 16	34 51	56 122	90 93	2 105	60 129	22 167	18 10	49 129	52 167	11 156	62 198	75 81	43 99	12 171	23 94	77 100	19 162	36 73	88 62	35 40	45 17	1 153	20 93	93 168	50 95	42 168	53 120	30 139	15 84	84 2	97 7	31 78	98 154	33 22	63 189	58 163	96 24	44 27	65 176	91 117	38 129	28 44	81 84	6 126	80 94	32 22	17 148	69 173	51 74	16 157	79 165	39 12	9 40	54 14	10 42	14 136	48 156	74 129	86 92	95 45	55 10	40 10	89 47	41 172	85 162	37 104	4 70	13 127	70 69	71 191	67 45	76 193	83 72	94 7	7 91	24 80	61 185
13 182	18 19	91 66	47 172	9 189	92 182	22 125	62 134	12 123	10 77	3 57	85 103	26 80	98 131	84 144	25 193	66 110	1 198	4 129	65 78	32 167	11 114	76 152	89 49	97 56	54 73	33 18	72 174	93 94	21 12	87 193	83 115	20 101	28 28	69 135	23 55	99 94	57 34	60 47	0 4	96 190	88 84	36 162	70 177	43 180	55 181	35 26	30 130	49 71	40 12	37 188	90 83	24 8	82 176	45 110	6 155	39 24	58 128	53 173	59 34	34 74	48 112	50 123	15 166	5 132	78 119	56 105	17 165	38 88	7 172	86 130	74 189	71 42	75 38	42 65	2 180	64 53	19 149	29 125	94 124	31 68	27 97	63 137	14 26	68 119	80 53	41 159	8 16	61 144	77 107	51 68	16 116	81 138	46 157	95 192	44 124	67 75	73 189	52 87	79 47
85 45	90 187	40 141	86 39	21 81	36 120	25 154	88 56	0 186	44 41	71 167	51 70	45 13	43 53	58 124	30 144	12 188	18 130	97 59	37 161	75 18	70 131	69 45	54 151	92 168	61 172	57 44	35 99	98 140	28 200	65 195	79 105	1 59	8 179	77 9	68 149	41 56	24 111	9 72	89 159	94 25	19 64	23 30	49 73	76 196	11 24	48 78	93 95	20 25	42 147	82 138	50 191	32 82	39 66	31 29	99 112	52 39	2 9	46 88	33 69	53 155	55 102	62 179	72 78	66 160	84 180	47 35	87 88	27 22	64 121	7 168	34 117	78 101	60 172	14 53	17 103	16 97	95 36	26 27	38 141	10 183	3 30	59 49	81 30	83 90	80 156	73 80	6 50	29 43	5 99	15 7	96 14	91 42	22 144	13 57	74 163	4 191	56 40	67 148	63 91
54 53	63 81	8 89	65 91	84 73	23 169	45 120	64 65	67 30	6 78	0 81	47 37	98 166	85 82	42 164	69 89	21 149	97 135	48 4	38 52	19 159	20 138	89 29	28 5	57 114	32 94	99 104	13 173	59 51	49 35	77 141	50 151	91 104	56 68	60 192	27 94	41 1	37 19	95 30	80 194	72 12	36 165	4 145	9 183	81 69	93 65	87 37	22 39	83 171	30 139	33 197	18 176	58 159	10 68	34 139	3 4	73 94	25 167	70 162	15 162	35 92	2 155	88 168	90 133	55 171	76 150	12 158	26 97	82 51	75 32	86 46	7 153	71 176	94 51	66 92	52 102	44 5	5 120	61 7	68 128	96 152	74 34	78 11	39 6	31 87	40 65	46 45	24 122	29 51	62 99	51 141	17 49	43 111	11 78	92 1	79 149	1 15	53 150	16 38	14 18
33 149	16 117	89 59	45 2	32 33	26 195	17 15	34 152	41 189	20 100	5 22	4 1	84 23	62 73	86 77	82 1	60 8	61 175	19 156	14 114	29 119	97 126	25 2	44 28	48 18	9 155	67 149	11 151	43 172	24 160	38 108	69 176	88 26	51 31	57 25	46 47	81 140	3 30	96 49	12 9	47 96	77 160	79 53	0 10	10 177	59 1	76 93	42 169	66 86	70 134	99 18	49 49	40 7	98 59	56 159	58 194	64 79	1 18	80 188	73 19	36 197	27 128	72 141	21 138	78 146	74 156	28 53	54 76	63 72	53 80	8 9	37 91	90 149	92 16	68 78	87 110	94 94	23 99	65 129	6 28	71 178	75 49	7 127	83 123	39 147	91 166	35 84	95 88	15 127	52 121	13 198	2 8	30 39	31 15	50 131	85 115	22 50	55 101	93 76	18 194
47 184	16 40	7 27	61 52	9 68	89 102	81 148	95 121	25 19	75 41	93 160	19 125	51 53	91 194	79 53	52 13	60 79	84 50	90 124	65 2	46 193	38 181	4 178	37 37	49 7	71 88	17 82	35 147	98 149	57 125	80 48	32 148	34 184	76 198	55 36	77 87	48 197	94 178	72 87	54 197	0 35	70 150	66 74	87 163	88 97	86 34	42 136	69 106	28 56	40 38	67 25	85 170	21 115	97 14	56 101	82 196	6 191	58 26	62 194	23 55	44 153	73 10	43 149	29 35	5 73	53 121	41 115	10 61	3 194	20 120	59 30	31 179	74 167	50 39	96 194	33 159	36 65	24 44	18 101	92 64	30 48	15 51	63 50	14 142	8 130	39 181	13 142	2 119	27 150	64 58	11 49	68 156	12 53	83 166	26 32	22 31	1 65	99 103	45 117	78 25
24 170	55 76	88 56	21 46	53 113	83 51	47 70	19 167	38 99	17 118	13 110	7 81	65 180	73 153	89 61	45 112	93 57	33 10	95 51	94 36	77 96	76 27	61 66	41 19	69 106	12 1	6 50	1 4	8 93	78 119	74 31	59 163	25 28	96 114	72 46	37 147	36 118	92 100	29 83	81 19	52 58	98 153	58 6	5 78	86 190	46 145	90 16	57 122	0 83	67 161	82 23	56 183	20 180	91 175	3 155	27 112	44 198	54 168	64 171	34 72	99 112	60 141	14 131	48 103	35 176	84 21	31 6	79 16	30 50	15 115	66 110	70 112	42 149	10 193	18 157	63 140	22 71	39 43	85 134	80 169	87 87	62 24	23 135	11 134	49 117	40 109	26 137	4 174	43 148	97 13	51 25	28 115	16 134	50 31	2 154	71 51	75 88	9 166	68 94	32 102
77 13	42 199	34 171	90 26	55 105	56 105	38 152	49 109	53 189	18 134	61 130	47 53	21 106	76 113	30 20	87 5	32 138	37 128	43 64	52 163	40 141	80 51	39 18	91 150	15 129	45 137	22 105	65 41	9 93	60 49	8 79	28 70	98 161	84 152	57 66	66 140	58 156	19 164	70 93	99 156	10 102	68 91	92 46	71 187	23 112	51 185	13 3	54 148	79 132	16 185	6 77	81 50	62 168	25 181	27 27	14 27	94 136	29 136	48 43	69 157	96 154	78 15	35 62	11 64	41 198	46 92	86 181	36 77	73 76	20 118	33 162	95 28	93 65	3 1	17 163	4 22	83 10	82 118	59 34	7 140	26 96	97 63	67 117	64 90	44 99	75 134	0 163	2 170	74 69	5 156	89 66	63 132	1 113	24 31	31 198	88 41	50 127	85 137	12 186	72 164
45 111	4 129	17 69	87 16	71 49	97 184	74 10	91 158	6 9	85 95	80 168	72 79	13 92	40 156	73 121	12 81	66 61	21 104	84 178	90 127	93 171	16 84	27 177	37 171	98 193	10 9	35 13	31 20	62 112	83 168	38 183	81 185	23 34	9 107	68 144	60 51	8 74	61 98	88 120	64 185	41 61	59 59	0 73	44 152	7 190	28 152	29 122	49 179	52 34	95 113	14 120	3 10	65 80	30 147	92 122	69 112	22 155	58 178	36 172	57 142	67 106	48 26	76 1	70 100	1 116	77 27	26 26	54 53	94 116	42 77	25 193	32 170	75 24	96 195	15 13	39 98	50 33	18 103	53 112	63 58	20 103	86 154	19 169	56 181	5 28	82 94	33 60	2 122	89 21	79 3	47 114	34 116	46 146	99 135	43 156	24 65	78 123	55 29	51 83	11 52
35 28	80 184	15 34	85 146	39 84	31 45	89 37	1 181	98 64	13 101	19 179	62 34	33 198	12 90	11 109	82 23	83 29	72 168	61 18	69 127	79 184	92 179	0 11	76 83	77 58	14 20	94 23	71 56	36 69	8 160	65 46	26 99	43 58	7 33	2 26	10 132	58 91	4 32	56 82	74 97	54 72	42 195	99 154	78 183	84 149	66 114	23 147	57 83	6 70	50 34	60 195	91 190	87 66	46 15	18 188	68 47	52 34	3 193	90 10	21 30	32 180	51 48	37 189	40 80	24 102	20 157	70 49	27 34	93 25	16 175	55 137	96 197	67 69	41 105	73 192	97 25	5 9	63 167	29 20	81 40	38 176	49 32	64 183	59 73	95 156	34 67	25 137	17 86	22 87	75 12	86 135	53 90	45 19	88 87	28 185	30 125	48 128	9 159	47 111	44 58
32 20	73 117	84 27	35 83	65 10	10 92	47 175	14 143	3 118	29 197	16 172	64 48	40 12	30 47	90 25	39 197	63 47	11 31	66 180	26 167	38 194	21 74	99 148	87 21	24 94	70 24	68 70	8 70	44 123	9 154	19 90	96 110	67 89	5 190	51 160	41 19	7 93	50 75	97 162	82 71	89 23	33 98	57 43	37 143	75 142	61 25	80 31	92 134	17 1	86 111	69 187	20 36	46 19	15 136	56 51	28 132	91 138	6 12	13 39	94 126	59 170	71 161	27 87	76 153	1 60	23 49	81 3	18 84	12 90	4 85	2 8	79 144	93 97	43 181	52 56	0 52	60 81	55 14	42 20	62 156	58 95	88 181	53 190	25 153	83 129	34 172	48 15	49 13	98 31	45 120	54 52	22 56	74 92	77 123	78 28	36 4	85 68	72 7	95 157	31 5
55 15	54 136	88 175	10 100	14 60	45 156	87 63	13 8	65 143	4 177	61 41	23 159	46 93	70 136	47 199	90 153	39 127	72 105	51 13	6 76	1 80	0 97	75 138	28 182	91 107	38 120	17 65	37 127	66 80	33 70	5 67	99 195	57 176	93 153	43 37	34 10	31 82	92 107	40 16	41 82	22 118	59 66	29 168	35 13	18 165	89 123	53 51	77 88	68 42	25 186	73 180	20 191	94 115	50 67	16 8	7 9	80 82	36 2	21 138	3 198	56 171	48 156	49 86	82 176	58 88	62 91	74 71	63 124	81 80	95 143	69 188	67 84	98 20	85 106	84 167	78 199	32 34	12 173	42 155	19 33	76 160	15 59	26 172	64 10	79 11	83 11	9 2	71 39	97 106	11 55	27 147	60 96	30 78	2 169	96 94	44 82	8 55	86 184	24 107	52 2
67 81	88 11	9 33	48 57	57 153	71 114	54 107	31 96	12 189	66 150	23 132	34 174	58 90	4 152	63 140	93 139	64 89	73 152	33 42	24 149	0 3	80 172	17 92	53 189	29 175	91 182	44 64	6 184	78 43	55 138	37 181	61 156	86 4	1 141	43 139	62 192	79 10	32 176	47 140	82 14	65 102	92 101	30 11	2 71	39 124	77 184	69 110	95 89	21 130	15 186	84 2	76 33	26 188	81 17	42 174	36 26	13 163	72 73	97 78	41 42	99 108	56 40	28 33	51 21	60 48	89 183	3 168	45 34	19 108	94 12	11 12	49 60	75 127	7 68	87 166	96 99	98 8	40 6	83 162	35 78	8 107	90 139	18 100	59 131	85 96	10 14	50 106	68 98	46 103	74 118	70 71	14 132	16 21	52 190	27 108	22 188	25 40	5 104	38 68	20 62
62 59	65 101	9 8	21 69	85 120	20 8	78 151	8 158	84 67	89 7	60 144	18 182	66 36	43 101	22 143	14 130	82 85	57 21	42 32	92 7	32 93	69 40	88 68	34 91	86 158	40 118	28 185	46 133	47 157	93 116	98 57	50 3	5 137	16 45	23 39	91 50	11 18	2 190	87 74	41 130	39 183	77 138	72 108	59 10	83 60	12 85	1 152	15 126	94 92	27 109	99 31	51 70	30 138	44 162	67 86	70 3	79 177	53 119	73 7	3 150	49 114	68 84	97 178	4 81	33 17	7 159	45 38	71 160	19 147	24 90	56 33	55 30	13 125	96 158	61 178	36 114	52 75	35 89	38 197	63 120	29 4	25 182	95 196	10 16	75 66	37 151	58 75	90 170	48 160	74 129	6 130	80 110	0 189	54 41	64 66	31 5	76 7	17 173	81 146	26 76
84 116	32 183	23 66	41 173	15 118	51 150	10 48	1 155	66 200	67 97	85 152	24 183	2 43	38 155	30 124	93 163	46 85	58 159	31 104	99 138	81 133	40 75	53 25	49 174	43 115	56 47	89 91	75 112	50 156	6 179	64 136	73 126	19 120	72 112	37 6	62 70	98 197	52 85	25 184	27 174	4 9	42 97	74 53	97 182	45 46	33 59	77 155	12 88	69 146	36 131	47 156	8 108	22 132	88 49	17 198	34 41	60 6	39 174	95 113	7 84	83 82	57 126	0 196	9 166	71 155	55 123	21 182	87 177	3 117	79 42	78 181	13 35	65 180	63 191	54 186	20 120	29 70	82 155	96 26	90 187	35 29	70 132	28 167	91 143	86 60	11 115	18 41	59 55	5 135	68 32	61 140	92 133	26 75	14 118	48 118	94 144	44 62	80 87	16 62	76 106
8 154	48 198	45 170	55 69	49 79	93 13	41 16	30 84	76 62	0 180	6 41	87 193	66 182	82 9	74 39	52 56	70 168	89 76	91 88	84 9	79 129	14 45	38 92	11 100	98 163	90 63	58 14	53 172	88 32	72 87	39 31	68 38	97 91	9 77	2 60	18 64	78 152	19 153	32 57	27 158	13 198	60 84	7 103	99 138	57 65	16 19	80 130	23 72	62 69	51 173	3 53	59 5	73 97	64 56	67 108	17 156	81 29	4 172	43 55	83 127	47 46	5 183	96 108	85 137	61 93	50 85	21 190	44 79	12 174	33 174	15 148	24 31	34 93	95 189	69 109	36 29	1 119	75 20	22 154	28 6	63 152	35 128	71 22	86 84	92 187	25 197	94 98	54 128	26 139	10 53	65 57	29 29	77 125	56 50	46 159	42 154	40 43	20 123	37 44	31 97
98 143	51 178	58 126	69 83	42 65	92 29	94 121	41 103	20 120	7 133	6 160	32 153	99 200	54 110	5 41	55 141	14 53	9 41	96 56	63 191	3 69	75 5	0 178	30 192	83 11	22 43	46 14	8 78	71 11	70 182	52 144	17 27	56 112	88 197	68 148	95 61	31 181	77 158	36 165	87 123	80 189	85 29	47 46	84 54	49 44	43 18	97 40	12 157	40 19	65 57	76 39	15 145	4 178	34 3	48 83	13 98	64 137	59 152	44 191	78 111	26 168	35 111	74 12	91 25	81 190	10 183	24 142	62 184	29 4	37 60	90 54	66 79	28 92	1 88	39 79	50 170	11 49	61 170	89 32	82 40	19 134	86 19	27 31	79 4	93 103	73 33	18 26	57 167	67 173	25 47	53 31	33 97	2 84	38 168	21 166	23 122	72 7	45 126	60 167	16 127
48 105	44 75	17 29	19 174	45 179	94 163	59 62	31 188	93 89	10 11	29 57	86 140	39 167	30 84	89 50	57 130	98 109	68 64	6 29	7 76	71 41	26 167	23 109	56 67	0 121	62 106	61 117	88 80	43 76	1 195	20 151	63 198	72 3	96 164	60 30	55 149	4 112	40 142	69 143	64 80	28 51	81 185	14 40	87 140	77 41	73 30	5 99	52 117	78 116	3 117	92 27	54 153	8 148	74 158	33 33	84 101	25 29	27 90	2 57	79 105	9 60	91 157	24 44	65 186	50 113	32 60	76 36	58 200	22 44	36 90	70 67	82 62	67 86	16 113	51 169	49 163	41 71	53 105	38 60	66 176	75 161	21 53	97 174	35 48	11 114	18 121	95 109	99 125	42 67	15 154	85 14	80 71	90 159	83 12	13 111	12 182	34 62	47 140	46 123	37 9
68 150	2 135	22 30	12 81	46 34	31 162	83 125	19 150	73 98	76 39	64 99	15 135	1 142	35 41	62 14	77 84	13 194	30 56	94 131	61 69	95 156	32 158	72 75	69 51	40 39	91 139	52 95	90 103	5 144	65 43	48 10	6 39	82 122	41 158	43 28	25 177	17 138	98 159	14 65	89 108	99 22	10 164	0 162	71 152	92 6	96 176	42 23	18 120	56 42	21 41	79 146	26 161	24 145	50 9	59 47	3 65	49 121	84 89	81 84	86 1	93 175	16 38	11 112	51 71	9 155	8 169	78 111	4 54	44 154	80 120	36 170	66 109	33 9	20 109	53 7	97 45	45 150	55 35	37 167	63 142	67 40	28 165	75 45	70 64	85 13	27 149	54 157	34 11	88 160	60 16	23 12	38 67	7 148	87 140	29 144	74 18	58 37	39 106	47 103	57 114
3 22	40 15	84 193	30 193	96 190	23 56	68 112	97 64	7 57	37 160	35 124	25 103	93 154	76 36	19 4	71 44	33 54	87 129	55 54	18 190	45 182	58 85	60 157	34 53	22 195	91 101	57 121	31 54	48 183	10 149	95 89	20 88	90 49	8 58	44 76	70 48	81 58	69 66	46 63	86 153	82 151	80 13	65 129	78 90	5 77	64 95	74 110	52 167	9 36	12 83	51 136	75 1	38 152	61 165	77 154	56 59	73 71	1 42	11 179	88 92	54 21	17 130	14 36	89 111	42 108	16 92	85 154	67 24	6 7	28 179	98 143	26 26	50 187	2 14	21 44	0 73	39 17	27 172	29 101	49 132	99 31	36 146	63 47	83 83	79 170	4 177	59 17	15 103	94 8	72 1	32 51	24 152	47 113	66 47	53 45	92 179	41 35	13 200	43 198	62 21
83 178	60 4	41 192	76 66	8 104	86 75	16 139	84 162	42 154	4 191	79 87	20 107	35 5	30 184	94 18	71 134	52 100	33 17	55 87	82 34	2 196	56 97	44 28	62 87	93 46	40 189	96 56	27 189	99 153	70 3	34 6	87 32	14 127	19 119	69 10	57 131	88 34	67 14	61 34	85 186	23 82	95 14	77 174	73 11	63 125	39 41	3 96	92 112	47 135	21 97	90 167	97 190	9 198	68 22	50 160	13 178	10 96	12 12	1 15	29 32	28 7	24 116	5 115	38 115	91 101	6 196	53 115	80 38	25 21	89 1	58 32	31 13	74 85	59 200	65 28	81 168	72 25	64 115	49 37	98 130	7 144	32 67	43 4	0 29	45 93	54 69	15 151	26 150	22 100	11 155	75 56	36 103	51 173	17 77	48 55	78 91	46 107	66 100	18 82	37 38
53 139	20 159	22 5	51 18	46 146	60 146	64 91	59 152	69 135	34 112	28 126	29 171	91 182	6 55	72 164	58 177	25 77	77 198	97 94	85 82	82 79	18 131	7 61	52 118	80 17	38 126	30 23	13 99	86 45	35 41	63 81	44 4	54 101	87 52	9 8	90 155	81 184	33 19	62 37	2 156	43 62	19 38	67 88	10 188	76 69	39 83	49 163	42 32	74 192	17 51	48 35	84 82	88 13	79 86	24 81	14 65	70 52	4 191	3 44	23 177	26 123	21 69	8 133	5 104	11 79	31 66	55 79	71 1	15 55	1 138	89 151	12 59	32 139	68 109	40 126	61 52	16 180	50 1	57 173	65 195	99 6	41 92	56 167	98 109	78 152	27 90	83 35	66 47	36 195	75 148	95 22	45 60	93 29	47 6	94 184	73 23	37 106	0 155	92 78	96 90
64 124	17 125	25 48	94 41	93 185	99 164	29 62	44 171	53 123	66 119	72 19	27 3	50 74	77 13	46 42	28 142	59 51	6 163	69 132	8 33	95 186	70 166	54 147	84 78	68 122	71 28	67 148	58 40	5 100	12 5	51 36	2 131	14 43	83 182	38 128	11 29	78 136	89 107	22 49	55 66	26 159	15 75	63 51	96 101	34 138	76 159	19 136	31 130	37 135	49 91	9 110	41 75	82 68	98 197	10 122	21 10	40 173	35 157	91 72	0 124	4 17	23 65	1 6	75 190	85 155	30 176	36 90	57 185	16 200	48 184	20 172	73 121	3 77	87 183	62 87	80 96	39 55	88 93	13 65	56 200	86 3	7 147	74 152	90 196	42 73	32 167	79 30	60 198	33 156	18 50	65 120	47 132	24 200	45 156	81 163	52 35	97 58	92 22	43 57	61 162
21 191	40 149	93 171	78 186	50 198	2 56	55 65	66 44	57 196	83 179	14 54	92 53	51 96	99 98	64 127	52 82	98 41	69 46	43 157	61 15	73 7	22 83	12 158	7 87	9 103	1 138	44 79	94 163	39 33	17 147	38 72	96 44	81 186	67 141	3 13	11 183	19 60	56 129	26 86	30 23	25 154	90 90	84 42	45 1	41 111	54 37	82 80	5 28	6 84	24 111	58 160	18 85	68 188	80 158	27 102	63 147	72 200	59 130	48 145	74 161	29 60	46 31	65 15	76 77	95 41	33 11	23 138	16 96	97 199	70 169	85 92	0 91	60 101	28 103	62 18	34 90	37 158	32 123	75 57	20 177	13 18	79 42	8 166	15 109	36 107	91 198	86 20	31 5	4 191	35 178	89 152	77 176	49 81	10 123	71 184	42 14	88 110	47 76	53 126	87 150
85 73	92 45	25 73	61 175	87 54	5 38	2 51	43 138	73 106	84 187	70 23	98 64	46 74	62 100	13 194	97 44	39 36	82 26	72 27	74 179	0 39	64 63	88 10	47 33	48 27	41 16	50 86	77 106	24 96	96 160	78 48	40 50	76 20	38 73	4 183	36 32	90 148	20 101	37 83	63 55	23 13	66 160	81 194	8 25	27 180	6 54	26 154	11 118	95 194	57 159	71 5	28 71	94 118	93 106	69 117	7 155	52 137	22 89	60 110	56 170	9 44	86 32	33 126	35 15	65 57	19 107	51 174	16 132	42 114	83 25	89 26	91 174	49 97	32 165	29 2	59 98	10 161	80 92	68 65	17 97	75 99	15 91	30 84	45 109	31 36	55 125	21 47	14 119	44 147	53 46	12 53	67 47	18 83	1 92	58 172	34 163	3 62	79 113	99 31	54 156
44 191	51 140	2 180	77 145	46 147	13 80	27 127	64 17	67 90	94 167	73 53	42 32	83 194	47 104	54 75	55 112	62 6	50 113	30 164	90 191	80 5	16 140	86 21	60 124	49 82	48 56	14 1	95 30	87 30	39 170	99 85	61 51	37 148	20 75	32 111	26 75	24 105	68 49	35 163	9 87	56 108	92 40	65 196	57 181	45 6	36 137	71 185	43 93	8 91	5 70	59 129	17 34	75 25	28 140	63 65	69 24	93 165	0 155	84 89	79 44	81 117	53 146	74 9	52 140	96 79	19 31	25 145	78 140	31 74	40 34	34 65	3 115	18 199	29 131	33 124	6 47	88 11	85 95	58 72	15 68	23 86	11 49	89 143	98 62	22 141	41 85	7 145	4 163	66 166	97 65	72 98	76 35	21 30	91 164	12 39	10 33	38 9	1 120	70 22	82 119
49 129	66 29	78 77	11 83	18 42	80 49	82 101	0 129	29 21	39 126	59 182	10 196	51 159	4 16	27 162	25 180	33 4	26 33	23 151	84 25	24 134	28 4	83 131	76 136	61 25	97 147	64 101	91 164	16 166	5 126	36 146	44 20	34 32	1 86	95 120	14 11	41 148	85 179	93 154	68 44	99 34	31 197	58 163	65 127	92 26	3 109	77 36	6 141	43 101	22 50	94 123	72 85	17 121	50 5	7 198	55 30	71 19	88 125	57 188	52 84	67 62	30 130	48 124	54 59	46 116	15 44	79 94	60 37	2 197	87 165	90 182	35 51	53 90	47 186	73 24	32 151	89 57	20 66	37 186	13 61	63 61	45 126	21 156	74 13	56 114	40 98	42 158	98 14	96 109	38 119	69 177	86 171	70 36	9 114	81 183	12 181	75 178	19 131	62 148	8 124
54 100	98 122	5 128	33 18	6 94	99 193	46 166	38 173	63 145	80 172	87 52	28 98	36 133	95 138	12 73	34 60	30 199	21 132	27 38	68 25	88 30	66 57	83 97	86 29	61 85	70 11	56 137	22 104	52 180	35 36	73 17	84 36	58 72	96 146	71 109	11 37	32 127	48 60	13 13	29 161	78 185	14 136	49 37	24 21	59 179	20 109	31 21	4 26	0 112	19 84	67 37	53 20	81 57	85 67	72 180	25 191	9 183	3 26	92 8	69 160	77 7	74 193	37 170	97 126	91 79	7 165	90 63	76 123	45 88	16 90	89 116	60 112	82 68	44 102	94 181	42 88	79 136	23 90	62 62	75 52	2 116	26 181	64 41	43 79	18 177	1 11	10 147	41 36	47 6	40 83	8 71	57 87	15 58	51 53	93 1	17 192	39 152	50 182	65 48	55 75
66 118	84 8	73 115	69 11	56 11	8 166	98 34	95 187	26 33	3 180	33 27	99 61	92 188	54 61	74 141	78 113	86 154	65 105	75 127	1 198	81 78	17 144	59 194	58 184	68 155	21 72	12 2	5 146	2 129	11 165	87 104	55 24	79 169	31 169	77 54	57 163	44 159	19 134	22 7	35 192	50 151	76 170	80 41	94 70	20 68	25 79	45 76	9 82	85 66	37 108	24 148	46 135	51 85	82 180	36 68	88 72	34 15	52 26	14 132	42 57	6 35	15 175	18 22	67 162	97 45	91 178	48 137	49 100	62 71	27 111	90 11	89 52	43 186	83 139	60 54	39 95	4 104	32 154	61 12	38 6	96 143	16 16	10 53	93 8	71 125	28 57	53 21	40 26	13 86	0 115	63 128	47 150	72 155	7 36	41 195	30 24	64 73	70 111	29 24	23 174
16 73	43 23	97 79	82 108	61 145	85 5	62 5	68 119	95 187	70 193	1 96	98 101	33 138	71 27	87 16	86 73	53 185	66 174	76 173	44 119	8 161	84 110	31 156	80 198	13 150	74 186	45 139	35 58	4 54	3 77	59 73	37 22	29 146	47 58	58 8	6 101	15 100	36 192	42 54	72 26	27 197	9 196	52 37	21 78	57 102	26 80	63 130	20 84	38 88	5 50	17 134	65 18	88 85	23 197	91 190	92 64	67 169	7 166	78 4	64 181	94 96	30 165	34 120	0 162	11 40	14 106	19 60	96 32	46 57	48 2	99 98	25 73	39 36	89 70	56 22	60 15	73 97	2 129	32 69	83 149	77 110	12 124	40 151	10 59	28 137	24 134	41 69	55 72	75 116	93 169	51 24	49 84	81 87	18 156	90 121	50 32	54 169	69 167	22 135	79 10
33 105	15 118	11 118	84 183	28 54	55 192	53 180	46 81	94 64	78 153	26 39	20 84	7 111	99 66	47 85	18 165	51 75	70 65	75 83	57 188	37 5	25 198	86 138	0 170	10 58	17 197	36 25	14 37	76 154	19 6	9 193	79 175	92 89	27 139	72 106	85 174	39 111	16 22	29 137	97 123	87 140	50 124	2 7	69 29	49 104	67 66	68 52	23 70	24 180	12 199	44 149	54 195	6 126	56 17	81 155	31 6	73 196	60 56	1 18	30 40	21 30	42 53	96 19	52 67	80 116	83 163	48 67	64 134	66 93	62 159	34 150	74 152	3 178	58 33	61 34	63 138	95 126	41 182	89 39	98 28	13 188	4 150	82 150	5 160	32 185	90 67	38 140	65 179	43 5	22 47	59 25	77 113	40 144	71 195	93 193	88 108	91 91	35 32	8 46	45 7
13 98	88 89	82 199	62 190	40 117	31 179	74 182	3 43	86 6	48 170	65 31	73 32	39 159	94 150	1 28	72 189	8 47	52 165	76 103	70 161	17 179	16 89	89 136	90 101	34 114	33 118	59 143	20 78	12 69	28 142	97 63	77 122	57 50	83 197	38 165	67 131	91 8	49 178	9 146	81 158	10 43	0 22	4 118	15 154	21 122	58 154	37 173	11 164	93 188	42 171	95 3	87 142	14 173	41 98	96 156	61 113	80 92	35 59	63 146	7 94	22 96	54 33	78 39	98 165	53 5	60 82	45 162	24 66	92 46	69 152	64 93	32 193	26 40	56 6	29 9	44 65	25 107	75 107	51 134	99 167	18 173	79 53	68 25	43 2	71 130	66 193	85 100	36 113	27 65	19 22	5 115	6 4	2 127	55 105	46 18	84 142	50 108	23 46	30 75	47 180
11 130	40 150	66 117	77 154	31 94	18 82	8 170	71 132	93 87	52 10	89 83	58 108	28 60	50 6	72 189	70 198	21 146	88 82	96 45	79 24	24 146	99 192	75 83	73 178	10 7	45 146	39 183	48 180	20 87	78 168	19 96	44 50	47 28	81 183	7 144	6 166	90 170	13 29	80 156	63 57	1 1	57 67	46 20	53 16	30 176	41 55	61 105	16 60	91 45	35 72	27 85	12 102	32 141	49 170	74 111	54 174	5 90	97 155	42 149	43 55	69 84	87 7	65 24	84 177	22 123	15 16	64 72	17 180	3 138	23 44	37 86	29 103	62 95	85 146	68 92	14 78	82 40	56 69	38 171	2 76	60 5	34 163	59 150	33 31	4 107	76 50	67 98	92 140	26 150	83 157	98 98	55 30	51 180	25 110	86 15	95 17	36 103	9 92	94 83	0 42
19 196	53 150	76 101	80 94	37 193	45 152	91 30	59 8	54 110	90 82	73 64	93 196	57 123	34 140	13 112	5 141	99 162	12 49	95 168	29 102	51 123	71 90	84 49	96 180	23 93	41 56	35 69	0 64	27 171	67 36	40 88	89 105	92 35	83 133	55 164	69 109	74 62	15 127	44 9	79 76	98 138	33 66	47 190	43 171	6 74	66 146	70 198	14 185	97 114	10 62	16 7	17 157	8 126	75 168	42 126	50 170	7 196	65 125	39 121	82 97	81 85	85 32	31 43	22 39	46 152	1 109	36 86	2 192	62 153	88 84	77 39	61 92	28 163	9 195	24 187	86 119	60 14	38 71	94 188	56 17	11 101	52 2	58 94	3 13	26 8	20 35	72 196	48 18	32 150	68 57	78 179	49 119	25 133	87 93	64 130	30 26	4 151	21 191	18 154	63 7
88 1	72 78	51 90	34 58	52 181	23 28	49 100	1 67	59 10	9 63	43 33	81 80	83 30	63 12	74 88	0 153	40 119	25 50	37 71	64 138	98 14	53 117	2 162	80 12	54 193	15 13	20 85	99 88	7 124	50 197	16 69	17 64	18 93	82 65	73 120	87 112	67 20	90 47	41 91	14 76	31 190	84 156	75 114	38 151	36 179	45 47	94 33	27 143	26 77	96 189	47 9	95 119	32 99	8 48	92 171	93 154	68 82	58 178	22 75	21 165	71 50	30 192	56 140	79 72	4 191	42 87	3 56	12 29	10 17	11 186	78 200	13 174	66 102	89 62	76 40	46 176	65 98	62 97	55 26	5 6	91 71	19 153	48 12	57 24	24 153	29 51	39 78	28 175	69 39	70 130	6 129	61 5	60 68	97 185	35 183	33 126	44 79	85 200	86 157	77 118
39 13	95 42	13 16	61 115	67 56	1 107	36 195	87 112	62 173	19 164	38 81	48 65	5 115	84 192	74 36	88 153	53 149	14 143	91 170	42 128	18 25	50 167	96 131	28 6	72 180	40 77	63 160	98 90	78 104	81 32	31 57	8 108	12 189	46 193	65 44	11 75	24 98	35 61	6 86	25 150	82 171	58 36	2 62	64 84	15 73	55 33	79 178	17 59	89 130	26 136	29 5	92 72	43 55	3 99	83 124	33 54	52 158	68 95	23 117	30 120	37 189	97 152	99 35	21 169	41 166	44 82	0 14	80 167	34 121	10 68	77 170	76 97	56 173	94 16	75 199	66 8	16 106	71 127	27 101	70 165	7 180	57 51	86 169	47 102	22 65	69 68	49 85	54 112	73 24	59 115	45 101	85 58	60 185	9 86	93 2	4 49	90 14	20 27	51 72	32 39
8 155	34 112	12 8	75 164	70 123	11 118	21 18	88 123	86 7	99 72	90 103	23 116	25 175	18 156	73 49	2 21	84 187	66 105	22 43	5 14	30 154	13 36	24 46	81 112	49 82	53 148	48 100	35 38	29 11	63 109	1 58	95 116	6 28	78 129	40 195	3 171	20 15	33 85	68 89	92 168	43 141	74 33	91 34	62 105	58 14	61 164	79 29	31 64	26 179	94 65	89 129	87 120	57 115	28 132	85 43	96 65	64 26	83 116	14 117	36 9	80 158	71 191	44 197	19 62	97 74	55 26	37 57	51 45	77 60	42 101	7 55	76 96	9 10	67 96	54 185	27 30	4 185	32 15	56 101	41 74	46 168	47 3	52 139	45 172	15 8	59 24	17 77	10 117	69 144	82 40	50 134	93 131	98 121	38 92	16 63	65 36	39 124	60 152	72 100	0 160
24 80	40 24	99 78	92 74	25 138	53 62	3 103	58 181	9 87	2 18	49 151	28 101	54 138	59 66	83 177	68 35	31 33	44 79	46 141	73 40	22 30	71 180	20 108	21 122	88 187	26 96	48 12	27 175	97 174	56 190	11 164	87 21	75 166	84 67	70 26	6 117	34 83	29 159	93 69	42 10	77 53	66 104	12 30	65 175	1 167	5 108	16 132	60 45	39 112	4 157	64 39	81 155	78 188	41 6	0 155	17 153	67 189	89 76	85 72	57 14	98 55	95 124	7 84	35 116	82 127	79 60	8 54	45 183	36 149	96 195	18 136	33 90	10 70	14 188	15 34	30 153	50 106	47 179	37 56	13 171	19 97	74 185	91 189	62 43	23 93	61 186	63 160	94 126	86 39	51 31	80 62	76 147	38 171	72 144	69 3	55 109	32 126	43 170	52 94	90 186
76 37	88 20	44 175	27 143	20 12	66 78	23 16	40 156	25 15	2 6	90 148	59 177	33 33	43 47	53 148	92 118	93 34	57 168	62 92	68 22	52 67	24 40	73 113	31 28	91 182	16 162	1 162	15 180	38 89	49 53	60 188	6 73	39 135	61 1	4 82	9 189	75 116	82 38	30 66	85 199	63 97	48 150	58 127	79 172	95 61	3 64	64 91	54 84	74 29	35 21	32 106	11 183	94 139	97 34	8 111	50 176	65 72	51 178	98 29	56 135	21 122	42 39	80 91	28 200	18 7	78 150	7 60	5 195	55 108	45 136	13 39	29 136	34 161	41 184	69 95	19 130	99 199	47 96	37 51	71 16	14 18	83 124	81 120	84 74	89 173	86 31	0 174	77 85	17 135	36 64	72 173	22 48	87 177	26 24	10 139	12 193	70 167	67 58	96 42	46 3
26 73	96 111	25 140	40 62	67 30	56 79	98 112	22 2	75 194	97 48	80 57	4 43	72 6	49 40	83 52	66 165	57 158	81 167	15 49	43 77	17 28	28 80	36 8	95 18	84 181	46 44	9 85	76 146	24 147	64 62	42 43	10 10	54 89	52 187	77 11	88 50	89 164	63 91	1 110	18 189	53 118	23 135	2 118	86 194	65 35	51 182	5 194	85 135	48 94	61 85	68 142	92 179	44 93	69 55	78 106	58 131	32 30	6 142	74 148	94 26	33 27	60 141	55 128	93 135	90 190	37 183	79 126	39 184	12 87	47 36	34 147	87 168	3 62	62 20	45 135	99 92	30 79	38 126	71 140	91 51	50 168	11 142	82 189	19 9	59 42	70 131	16 94	20 90	35 129	13 178	0 29	14 125	31 190	27 147	8 198	29 158	21 6	7 191	41 24	73 90
66 10	56 134	38 128	25 192	76 107	19 160	9 43	2 5	68 114	29 151	85 34	86 196	26 120	72 108	49 147	53 136	50 16	63 9	37 6	99 124	48 77	3 147	10 70	8 42	14 139	52 128	82 157	42 85	81 6	54 176	45 189	0 116	70 161	78 25	91 105	67 50	34 169	62 39	44 20	20 42	33 164	7 156	51 151	30 118	24 168	17 101	80 79	18 179	98 138	95 110	6 70	28 166	92 173	35 103	43 171	11 18	12 145	61 130	4 94	16 117	83 120	1 83	55 168	75 95	15 68	32 116	69 41	46 151	74 46	94 179	60 111	87 198	22 144	13 38	47 2	88 92	5 78	64 149	89 50	96 131	97 26	77 105	39 9	65 106	31 128	40 14	57 167	73 31	84 8	36 111	79 42	71 115	90 172	41 2	58 86	21 61	27 171	23 35	59 194	93 53
57 179	44 17	30 200	86 135	52 48	92 190	94 107	25 23	89 88	17 9	58 39	9 132	67 69	50 35	49 130	76 41	91 178	1 63	62 50	51 49	45 11	71 60	47 145	55 134	66 9	35 178	27 112	69 108	77 109	38 74	87 175	54 169	96 165	6 60	11 131	36 71	28 171	82 50	83 151	98 127	4 97	75 17	65 120	39 20	59 90	99 152	3 63	42 67	68 23	64 144	5 134	85 50	70 69	88 96	32 112	19 76	46 168	78 192	18 167	34 94	74 156	13 193	63 188	56 142	33 140	95 34	90 84	7 86	24 47	79 57	53 195	72 68	23 157	2 145	81 141	80 183	43 46	37 167	8 147	29 173	15 101	12 33	60 61	22 24	73 137	0 122	21 2	41 44	10 73	48 40	84 151	40 22	31 17	93 179	61 162	26 174	14 72	20 32	97 127	16 26
65 61	78 89	9 194	44 21	55 107	26 103	40 25	24 43	41 92	46 124	48 83	61 145	3 2	98 131	82 77	4 157	18 2	11 4	23 170	2 107	80 128	33 165	47 122	68 23	51 72	42 176	1 20	27 135	74 53	39 137	66 167	70 9	43 107	8 21	50 158	88 121	63 199	96 19	10 65	87 40	95 20	85 30	16 199	30 127	32 98	89 178	28 86	94 10	15 111	67 62	56 2	25 124	69 140	64 156	38 197	35 79	73 133	20 105	57 94	62 13	31 142	21 173	37 78	77 115	75 104	7 112	71 32	72 37	29 122	93 76	6 44	17 132	90 173	22 26	19 34	0 30	60 22	54 131	12 139	59 68	34 131	92 167	36 157	91 16	49 92	79 164	52 110	14 183	86 39	13 74	53 108	97 133	84 200	45 3	76 87	83 35	5 183	99 113	81 173	58 46
1 173	71 8	9 140	15 65	90 41	5 67	26 8	91 169	70 51	2 147	13 32	72 21	55 168	3 168	48 102	68 184	69 170	0 19	18 56	98 15	27 29	36 29	22 199	80 68	83 68	40 39	17 60	67 162	32 131	88 111	66 1	39 147	6 141	58 65	21 62	78 91	45 170	86 64	11 170	46 155	35 195	59 164	96 53	84 85	4 14	44 18	16 79	41 179	62 109	14 38	50 40	42 32	89 46	64 135	25 110	23 117	76 170	30 60	87 181	12 139	29 89	73 161	20 50	28 50	60 146	75 168	81 62	63 64	34 38	8 107	47 52	24 76	53 168	92 20	54 52	74 2	33 25	56 69	95 45	43 134	49 49	79 35	10 191	51 141	93 191	99 23	82 110	61 135	77 4	37 197	38 24	52 43	65 21	57 164	94 158	97 176	19 182	85 61	31 23	7 176
95 39	34 29	91 52	30 21	71 198	0 28	69 61	72 14	45 63	25 69	84 1	6 166	26 161	54 62	87 15	63 178	90 18	20 195	40 152	1 13	76 152	10 18	21 98	35 109	55 103	32 164	50 126	41 157	8 26	68 111	51 182	36 110	64 110	2 60	92 91	24 65	12 165	65 71	75 139	19 65	33 159	49 53	47 188	89 182	14 141	31 50	66 50	81 166	5 149	23 167	4 148	43 6	98 178	17 200	67 125	62 40	28 25	56 97	13 163	48 153	44 142	88 50	27 194	3 154	77 51	83 166	80 4	82 102	93 154	22 70	96 52	9 4	11 48	86 164	52 63	15 142	53 27	58 114	39 129	94 153	59 170	61 147	73 122	42 97	16 2	74 149	70 92	7 39	85 186	57 139	99 1	37 60	29 15	18 111	78 190	60 183	46 46	97 163	38 123	79 161
86 109	85 154	55 157	44 107	68 86	30 55	29 100	96 22	8 4	31 61	0 186	61 72	84 186	79 60	13 80	37 126	3 53	60 170	39 137	10 99	69 101	12 156	17 4	89 149	64 161	63 102	18 151	95 70	47 127	14 138	82 180	77 77	73 93	76 125	7 178	92 157	23 191	87 200	51 111	38 120	1 166	58 80	2 116	22 138	71 154	16 64	67 153	88 109	52 31	94 52	36 57	19 161	53 45	81 23	49 184	62 179	27 9	35 17	97 73	50 159	4 29	5 65	45 109	24 166	78 174	91 75	98 8	28 26	90 177	70 104	26 195	32 125	6 197	20 178	43 112	21 25	9 20	65 182	75 96	56 160	66 104	59 131	40 48	25 102	11 199	41 167	72 69	74 115	99 55	83 65	42 146	33 37	57 108	46 126	34 182	80 168	54 157	48 73	15 171	93 35
19 85	18 72	96 190	80 158	64 168	30 135	6 65	17 151	65 36	29 199	81 93	57 133	63 126	23 53	70 46	56 42	48 156	51 50	35 77	47 103	77 56	36 169	59 190	95 1	37 56	71 28	9 112	42 62	4 172	61 111	67 47	26 154	89 172	14 76	83 180	44 90	68 156	2 152	84 75	33 157	16 69	28 127	45 85	0 20	54 171	73 11	49 2	7 87	12 90	92 85	1 113	98 88	46 169	38 180	5 138	20 133	91 177	75 180	22 49	24 16	90 26	66 50	27 9	50 164	32 140	99 158	15 27	25 56	82 14	21 200	43 65	40 64	62 23	78 176	69 75	39 192	85 118	52 145	86 186	3 104	11 89	72 143	74 95	88 70	31 160	53 194	60 119	76 126	41 186	79 72	87 62	97 67	94 123	13 141	34 165	93 45	55 11	10 73	58 199	8 187
98 194	2 158	6 119	73 97	60 57	36 164	95 107	45 110	70 191	91 65	48 55	84 98	37 96	12 115	1 23	74 34	67 172	65 76	41 167	5 8	90 64	54 138	80 119	66 159	14 175	4 77	93 74	51 121	94 121	47 94	78 137	49 175	87 28	99 94	89 17	0 10	26 149	64 92	28 4	77 101	11 37	19 121	97 1	81 7	76 172	33 35	10 78	22 27	9 34	92 59	57 94	17 135	46 176	18 55	42 123	44 153	55 158	52 25	63 126	43 148	35 70	31 175	96 33	3 6	30 42	13 123	8 83	85 177	16 169	50 165	53 196	82 102	27 64	59 25	62 101	39 37	29 19	83 14	7 153	58 196	72 176	24 139	71 97	88 128	86 105	56 151	15 48	32 64	25 27	61 134	20 132	68 83	38 95	40 27	75 21	21 116	34 62	69 62	23 89	79 102
99 119	18 34	47 152	93 195	78 176	41 42	49 141	60 65	95 94	26 31	10 144	55 96	94 195	22 50	36 132	25 72	9 84	32 131	64 195	74 121	23 91	5 101	39 184	80 84	70 8	28 172	40 60	35 131	62 105	91 76	16 37	21 178	8 31	98 25	14 138	12 17	51 197	92 34	67 51	97 176	87 171	54 136	90 61	43 5	88 161	11 166	27 27	38 25	75 103	89 33	56 168	0 6	1 119	2 8	84 37	69 22	42 174	73 173	68 200	81 145	50 159	3 128	77 11	58 197	65 2	46 23	37 170	34 4	59 60	61 142	85 90	96 34	52 12	82 141	63 196	31 44	86 156	72 43	30 87	79 35	29 30	83 108	44 176	57 74	6 12	4 113	76 2	48 108	45 51	13 29	20 64	19 98	53 188	33 170	24 175	71 13	15 33	7 97	17 107	66 142
45 83	95 183	76 65	86 197	49 30	93 185	62 144	31 68	46 68	94 16	79 27	37 57	97 76	51 129	26 44	58 170	83 87	13 191	96 157	2 185	48 51	80 145	91 123	19 60	60 105	88 13	35 68	55 161	89 161	17 63	82 118	14 4	87 46	47 128	11 15	1 119	63 185	7 63	36 57	42 30	90 92	27 61	29 193	43 103	24 199	9 65	92 4	18 66	5 187	78 133	10 139	22 1	12 5	16 104	56 99	77 189	52 118	50 43	8 94	74 132	69 152	28 184	30 51	67 155	65 57	6 121	59 45	61 124	32 83	98 105	53 164	39 33	25 52	41 175	23 16	66 56	15 42	3 143	72 170	54 196	34 50	81 135	20 62	64 32	71 2	38 107	33 139	4 158	84 187	99 46	40 82	70 22	44 170	0 52	21 128	75 77	73 108	85 46	68 111	57 6
85 143	59 36	8 47	66 188	9 125	94 56	11 104	35 184	37 53	0 184	80 160	15 23	78 120	56 100	29 26	58 119	57 34	31 40	39 85	32 92	49 157	41 79	24 4	81 96	96 128	70 99	5 175	91 191	55 151	28 116	73 2	99 23	43 142	47 111	68 194	23 164	92 124	6 1	36 23	20 14	64 42	44 131	48 172	65 33	38 193	33 68	75 159	34 173	13 46	19 58	50 70	21 187	95 198	93 83	27 127	89 191	30 159	7 181	79 83	97 59	51 157	77 54	74 158	63 71	90 142	52 129	84 104	53 48	62 82	83 87	46 57	71 25	3 48	42 145	18 176	26 44	1 79	12 14	76 118	40 126	86 37	16 127	25 57	82 89	87 77	61 138	4 173	14 52	22 36	69 149	72 128	98 199	67 187	60 2	88 77	2 89	10 63	17 113	45 1	54 143
38 77	77 154	7 88	86 134	22 87	71 44	91 197	2 44	4 170	72 17	23 59	19 132	24 193	50 81	5 67	49 178	70 115	28 19	83 38	12 71	17 27	80 199	53 132	84 28	31 132	11 32	54 154	64 60	27 129	0 179	13 88	35 150	94 36	21 131	25 53	43 55	30 161	39 22	63 57	26 124	60 195	65 52	29 42	92 171	68 72	15 143	67 181	45 193	14 196	95 186	33 199	18 51	78 183	87 56	93 144	75 133	73 73	8 43	37 114	34 72	85 111	82 153	76 143	66 38	47 31	97 132	99 73	9 176	3 200	61 101	58 84	81 167	51 164	1 134	56 45	40 177	46 136	16 150	62 93	42 59	41 57	88 39	36 34	96 192	89 82	98 37	6 21	57 74	44 82	74 115	59 123	32 164	20 118	90 162	79 51	10 93	69 123	55 94	48 2	52 65
27 200	88 33	33 192	13 9	60 169	36 85	46 22	66 179	97 22	18 27	39 8	21 8	53 116	84 62	16 153	40 150	11 37	31 177	54 120	72 197	12 11	59 96	56 148	96 154	26 182	92 39	79 17	30 172	37 104	61 114	76 93	86 98	49 122	73 41	52 139	24 151	62 30	5 46	57 113	20 72	68 77	9 152	87 194	65 97	78 180	99 138	81 82	45 135	82 187	3 55	2 11	44 159	1 49	47 53	35 79	48 159	43 89	42 168	4 33	58 194	10 115	0 117	83 82	75 98	7 182	67 85	6 38	77 71	91 28	34 115	64 120	74 14	70 144	22 14	80 97	29 21	63 11	25 9	28 167	17 87	89 182	71 57	85 175	19 92	98 98	51 165	38 124	90 108	50 136	55 26	94 131	15 27	8 143	93 22	69 162	32 172	23 126	41 165	14 30	95 91
85 181	56 64	5 183	6 195	34 62	77 114	31 109	97 185	62 146	86 104	51 111	65 194	94 18	24 88	87 159	11 187	54 140	80 53	4 123	55 147	38 165	17 169	99 100	30 83	72 191	44 140	48 131	39 111	73 195	59 122	66 138	7 21	93 173	27 111	71 166	53 177	75 75	12 146	91 190	2 169	45 80	28 151	61 152	52 129	29 23	81 181	22 139	40 82	21 78	20 173	88 149	18 147	90 3	37 158	82 83	63 180	70 27	14 118	76 113	74 38	98 49	49 83	19 83	25 129	35 39	47 49	15 181	57 68	41 91	92 32	23 20	67 17	95 28	58 13	3 67	50 189	8 108	89 22	0 198	83 146	33 152	43 106	78 39	79 152	32 124	36 150	96 57	9 193	69 108	13 107	10 143	60 98	64 14	16 102	84 167	46 198	68 194	42 148	1 115	26 23
32 70	41 35	78 35	35 190	96 2	34 64	45 112	40 50	79 11	68 182	0 178	25 60	69 123	36 96	20 52	10 94	66 82	59 37	1 156	58 194	81 65	87 107	88 177	72 163	23 38	55 166	54 128	2 199	61 45	53 190	7 79	16 86	46 163	15 139	27 38	99 174	3 139	30 96	6 124	94 62	62 173	37 31	74 138	31 25	86 162	93 191	73 121	28 185	29 159	89 124	47 61	22 9	65 51	43 42	4 182	56 20	9 174	85 100	48 149	52 188	33 192	80 11	70 101	91 28	97 109	92 82	5 119	24 33	98 9	71 181	57 159	13 188	19 98	12 85	76 161	26 190	49 94	67 55	42 130	21 112	18 62	84 51	64 192	11 139	77 184	44 200	83 38	60 192	75 154	50 58	82 95	38 188	95 96	39 158	17 45	51 163	63 93	8 110	90 129	14 15
33 12	77 86	38 186	34 23	48 174	97 110	9 134	71 14	72 134	43 35	35 117	86 130	1 170	80 83	52 7	44 144	60 1	6 143	22 133	0 77	18 27	85 107	84 193	87 41	13 66	17 154	2 95	28 137	98 4	93 128	88 180	39 14	79 57	8 103	27 50	21 79	47 87	24 82	67 9	10 163	15 147	61 160	53 77	56 5	70 140	36 59	16 180	14 14	99 185	11 36	75 68	58 101	40 15	76 43	96 65	89 45	49 41	30 190	51 53	63 144	12 126	91 115	78 134	82 57	90 181	65 7	26 145	74 57	5 142	81 145	23 21	64 72	41 187	46 28	54 71	55 115	73 117	50 98	29 87	4 191	37 158	31 47	32 51	25 64	92 9	62 63	20 28	57 191	7 191	42 39	95 173	19 185	3 22	83 83	66 120	68 191	94 151	59 113	69 50	45 187
2 162	29 54	50 81	61 103	57 41	28 137	66 172	41 123	15 17	16 177	72 138	52 153	85 40	92 107	84 166	3 184	51 68	36 169	48 142	22 150	4 40	71 121	43 151	78 62	46 175	91 169	19 158	83 183	12 150	60 193	56 102	44 185	40 160	7 120	86 37	62 156	81 55	45 186	89 135	74 27	53 137	31 151	63 138	24 154	34 186	32 29	17 180	49 195	98 52	10 59	82 170	65 7	75 84	30 19	25 7	5 170	0 98	68 186	23 172	96 194	27 154	21 124	87 132	39 77	97 90	13 58	77 127	70 81	64 105	11 4	42 65	35 167	9 49	55 192	1 93	20 23	54 13	47 149	90 118	14 147	33 144	18 198	73 157	93 37	67 84	38 63	58 56	76 40	94 143	99 41	8 60	95 157	37 118	88 91	80 121	59 141	26 125	69 70	6 50	79 180
83 73	89 71	45 50	40 187	96 115	75 33	87 23	68 102	16 189	38 119	51 107	70 90	20 55	53 96	73 59	94 28	23 69	52 10	69 46	57 167	93 173	2 152	9 75	7 45	99 80	62 144	74 158	58 11	18 3	80 181	33 62	90 42	30 98	71 65	43 94	81 5	28 153	39 43	86 36	55 67	97 120	56 186	31 58	49 45	8 88	91 37	82 178	85 167	14 139	77 151	72 136	5 84	50 137	0 57	11 80	60 183	1 30	22 189	21 132	95 90	19 160	4 190	63 138	34 129	67 180	61 116	25 54	44 33	46 196	79 88	6 131	13 15	76 102	17 153	15 161	78 46	66 136	24 51	64 151	42 41	41 127	59 164	26 2	54 155	3 157	92 63	12 152	48 126	35 112	88 41	27 143	37 130	29 13	36 71	84 47	32 62	98 141	65 93	10 118	47 119
67 179	98 109	24 31	41 162	71 75	45 108	72 101	12 24	55 31	39 24	13 138	49 38	37 189	99 173	68 146	7 168	64 128	96 184	58 164	52 83	87 168	4 170	0 33	15 114	91 21	5 113	11 44	30 70	97 66	19 184	76 49	85 144	33 136	94 146	2 98	47 20	66 154	92 192	73 69	84 170	70 18	27 198	53 170	29 80	60 130	89 33	31 103	63 109	65 145	23 199	54 122	20 162	50 149	95 192	21 142	42 160	35 44	93 182	28 105	61 155	86 60	46 89	48 11	10 52	62 35	74 66	38 95	9 69	32 119	25 45	43 32	79 60	77 183	78 46	17 38	3 44	8 114	59 156	6 190	1 70	75 72	56 109	83 187	14 166	57 155	22 197	69 2	40 30	18 11	36 92	81 106	88 155	90 24	16 37	34 106	82 130	44 67	26 5	51 194	80 152
2 111	95 119	51 117	81 70	64 33	41 52	43 180	12 58	85 108	97 86	98 136	74 154	9 76	38 82	93 21	24 98	32 69	1 108	42 198	35 159	60 132	88 66	28 13	11 154	22 43	87 35	63 18	62 135	6 158	96 70	82 61	30 131	57 96	36 171	18 68	67 161	34 196	84 29	45 154	19 19	78 139	16 168	58 133	69 71	65 123	37 68	44 169	66 76	77 9	53 111	25 130	17 23	61 49	70 116	33 7	27 20	55 101	75 13	73 16	94 105	40 176	91 136	54 41	8 64	71 193	80 125	10 173	83 105	7 158	31 106	23 134	72 43	21 138	68 42	48 170	47 169	79 59	89 184	92 58	26 51	3 27	56 140	50 14	29 192	49 98	5 47	15 197	39 117	86 137	4 118	14 6	20 137	90 30	52 122	13 182	99 184	59 76	46 112	76 180	0 159
13 161	82 115	72 160	2 136	40 187	84 199	81 133	87 77	18 128	41 71	66 110	80 98	89 16	57 73	75 189	12 7	54 27	8 18	33 71	1 157	90 165	52 40	62 87	67 76	36 121	9 146	44 75	43 93	6 183	60 183	55 41	26 195	17 43	37 6	69 186	68 39	28 140	34 53	32 131	83 115	20 61	11 191	97 78	39 133	16 192	25 135	98 159	7 16	61 7	59 123	58 99	3 61	88 155	92 119	77 166	24 17	15 31	31 14	0 68	50 167	5 138	21 55	53 87	65 173	85 138	94 122	96 88	56 180	38 110	51 58	14 105	74 155	99 54	42 45	91 1	49 42	71 171	63 2	79 148	70 156	64 107	76 80	78 140	73 67	35 195	27 99	46 20	95 200	30 113	47 102	19 39	4 88	22 162	48 17	29 87	86 175	10 14	93 44	23 89	45 58
83 68	55 8	29 139	50 153	59 20	21 41	66 22	9 89	34 128	46 97	6 124	3 170	16 189	86 157	69 147	51 21	67 136	87 171	98 196	17 128	24 70	10 69	57 15	54 141	12 144	38 150	75 94	97 64	35 68	0 166	61 62	72 94	37 176	58 43	39 196	8 191	13 191	23 96	64 53	70 77	22 46	62 139	36 164	48 104	40 112	18 187	56 162	88 18	5 197	53 160	99 176	26 111	33 125	81 163	45 86	71 95	41 111	92 132	73 89	30 134	19 139	32 8	52 127	11 11	28 96	25 190	1 81	68 186	93 35	78 147	76 173	20 120	4 142	77 162	74 122	94 86	91 102	42 160	15 153	31 180	80 166	65 195	47 67	85 34	2 147	95 178	14 160	84 120	90 73	60 144	43 21	44 35	96 189	89 74	82 130	7 31	27 68	49 136	79 91	63 6
50 97	94 10	45 130	28 126	84 85	68 168	33 71	90 54	40 18	92 25	99 39	46 152	42 139	31 75	5 115	14 139	1 116	11 39	29 11	8 179	26 53	0 160	7 60	12 92	24 32	16 57	20 126	82 174	75 95	18 92	13 56	74 141	61 80	80 31	27 156	87 174	38 192	15 117	57 73	2 60	35 179	70 165	34 130	60 91	48 105	56 113	51 32	89 154	19 50	93 30	39 115	32 10	71 81	95 111	53 89	76 17	72 188	30 27	25 17	67 151	78 156	64 166	85 158	36 169	59 97	49 133	3 84	77 168	86 98	83 24	97 90	65 44	23 120	21 56	58 54	66 23	88 53	81 168	54 175	98 23	63 151	41 168	52 69	10 46	73 147	9 154	55 167	91 15	4 18	47 154	96 165	6 93	62 154	44 52	17 161	37 86	79 27	22 126	43 119	69 72
8 164	29 26	36 63	55 43	54 149	93 72	11 30	81 16	70 159	13 41	37 94	56 181	95 174	79 11	41 188	83 12	27 49	0 195	74 154	2 93	89 30	84 89	53 177	76 64	26 122	78 194	30 92	82 5	46 24	64 23	12 8	14 70	47 88	85 65	21 157	28 100	16 65	31 148	48 13	61 16	38 14	60 15	87 143	80 125	15 53	68 125	6 8	5 132	4 5	35 157	98 86	75 136	24 151	43 37	58 125	3 29	99 2	20 87	45 128	17 154	73 115	34 19	86 156	59 18	18 138	23 103	42 1	94 169	32 196	22 115	71 82	63 187	57 48	7 124	33 31	10 166	52 194	67 30	72 155	77 81	19 190	49 113	1 26	25 100	69 107	96 161	50 108	90 67	40 169	92 107	88 6	97 43	66 39	9 184	51 52	91 66	44 113	65 74	62 6	39 18
31 145	92 157	24 90	80 45	95 44	18 27	70 140	15 79	45 136	83 19	39 119	40 66	53 192	50 138	27 36	29 10	48 161	17 147	44 43	64 153	7 118	1 36	19 113	4 49	68 140	62 131	98 32	49 99	14 194	20 109	84 28	93 116	85 58	22 94	35 76	79 127	56 23	69 26	9 59	75 152	46 102	61 179	28 162	59 152	13 96	73 64	37 173	76 15	58 10	25 56	66 121	67 134	2 130	32 138	33 68	0 34	99 4	10 111	47 13	36 92	94 151	41 193	6 98	12 80	3 15	60 46	11 62	8 41	82 62	42 143	88 24	89 9	55 165	30 125	52 139	65 46	81 46	86 77	90 181	77 157	78 187	54 155	57 61	26 121	34 145	87 197	74 96	16 110	51 10	71 35	97 28	5 2	63 91	21 19	72 139	43 9	23 13	38 44	96 179	91 47
38 163	51 47	36 136	1 157	6 33	40 56	60 31	27 103	2 171	77 50	80 108	84 129	44 88	25 57	73 80	94 128	46 34	91 31	33 28	88 59	99 1	19 32	95 198	5 16	79 50	98 190	37 162	17 132	81 173	67 171	63 99	82 71	70 82	42 174	54 93	41 10	86 75	39 44	26 78	62 131	11 42	53 27	12 103	55 154	14 60	50 146	96 12	8 78	15 123	18 186	83 106	7 190	57 142	34 147	56 131	78 12	4 44	35 9	30 64	93 59	23 195	48 77	13 9	0 10	61 96	20 143	21 61	16 15	43 86	66 116	90 80	64 56	3 107	45 33	49 135	59 25	29 64	65 98	97 13	22 43	58 138	87 197	10 10	31 178	92 46	32 85	75 28	47 103	89 121	72 121	28 7	68 140	69 157	85 40	76 24	24 190	9 4	52 171	71 147	74 38
79 5	10 32	50 154	86 136	59 165	54 168	5 100	25 9	32 176	8 117	95 63	21 81	22 125	4 160	9 36	61 76	72 103	63 48	27 67	71 196	92 61	26 120	49 91	73 133	31 76	23 174	29 107	62 18	56 15	85 161	55 108	70 75	51 198	64 8	46 124	17 22	42 98	67 39	89 6	96 176	52 58	98 148	78 121	47 157	24 2	41 86	33 3	11 161	0 74	6 79	81 132	68 164	91 166	93 146	37 126	99 178	7 135	20 9	69 42	48 199	13 139	19 31	53 110	28 139	44 141	40 60	1 108	83 85	38 54	84 197	35 180	14 107	12 59	57 2	76 51	77 13	74 69	45 100	82 94	88 32	75 57	80 30	2 177	3 144	87 189	39 57	97 141	90 37	18 122	15 126	58 90	34 41	43 89	60 143	65 125	30 55	36 13	16 90	66 87	94 37
53 62	67 81	13 198	54 183	72 121	0 53	59 114	90 112	30 100	36 12	97 79	57 152	95 185	18 138	89 55	62 85	60 114	58 121	79 174	21 78	94 107	65 168	5 173	43 122	2 1	46 24	56 171	3 30	73 14	31 69	78 199	35 161	85 160	64 107	61 107	6 56	9 139	28 166	47 137	55 181	91 107	25 48	69 152	50 2	33 48	92 160	63 70	16 172	80 151	22 110	48 119	81 180	29 1	96 55	82 8	32 122	42 18	1 158	10 64	99 9	71 184	40 131	19 131	23 67	34 193	44 135	74 63	98 22	70 107	66 55	4 122	86 163	68 7	8 114	20 25	84 135	24 128	88 172	87 86	41 180	51 24	93 188	37 91	11 18	7 108	39 78	76 64	75 124	49 138	12 190	83 164	17 78	38 85	52 45	15 120	27 51	26 178	14 30	45 60	77 12
6 15	24 10	62 118	87 154	81 170	41 99	32 141	11 54	94 8	33 54	7 107	59 178	86 198	61 110	43 139	49 6	92 96	99 10	98 85	8 38	75 163	23 160	37 122	44 123	22 54	82 5	66 35	1 114	45 24	31 32	72 184	91 166	2 47	29 121	79 160	30 15	88 32	16 27	20 129	55 87	35 96	97 174	54 69	52 168	13 71	56 106	67 11	27 121	18 148	28 33	65 190	21 95	96 69	63 121	3 198	84 143	68 188	58 79	47 196	48 96	19 142	95 34	60 57	15 126	36 118	53 139	50 51	25 200	17 6	34 107	69 140	85 86	93 105	26 21	57 11	71 159	0 44	90 141	39 169	74 99	38 54	78 38	42 82	12 112	46 106	76 46	14 142	83 8	77 126	64 16	80 141	40 30	73 38	5 90	51 177	70 6	4 199	9 107	89 17	10 128
22 199	94 188	18 103	28 180	58 84	86 142	63 120	8 176	43 77	89 190	98 154	51 123	2 167	81 38	61 103	82 146	24 144	55 62	68 153	54 173	33 119	44 173	6 179	17 50	25 95	60 77	80 96	77 13	37 147	67 126	15 62	38 162	71 62	10 80	75 25	14 31	72 147	4 87	84 134	97 196	76 63	45 139	12 194	29 199	59 27	5 157	62 122	27 145	21 197	31 127	34 116	66 200	9 68	95 139	57 76	16 4	73 18	69 172	3 28	85 140	47 138	49 144	50 84	19 152	0 158	1 1	70 150	11 83	96 72	93 167	46 72	42 43	13 116	79 81	99 25	78 195	64 84	88 76	87 74	74 173	92 57	23 74	30 131	91 108	65 137	36 145	26 146	53 158	39 104	7 72	40 111	35 21	83 65	48 165	52 150	56 102	41 156	20 154	90 191	32 114
58 168	52 147	20 6	82 73	44 57	35 17	40 195	65 88	51 136	42 164	73 10	31 81	1 102	36 105	32 193	90 112	29 73	9 131	23 147	17 196	60 137	83 104	41 163	74 144	6 71	13 41	59 26	57 171	89 125	5 113	95 133	75 174	67 160	39 33	87 37	99 114	86 149	69 74	24 189	53 139	49 188	78 161	28 126	64 176	10 160	25 145	77 32	93 124	85 151	61 71	56 123	94 121	45 136	46 32	43 2	84 134	19 99	26 128	8 133	63 5	27 89	96 195	38 108	48 63	18 151	62 77	11 77	33 82	97 145	16 142	7 163	30 10	50 198	80 49	76 51	47 193	79 149	88 36	3 119	14 40	34 139	54 46	12 69	4 85	0 195	37 18	72 14	81 192	91 178	66 8	2 175	70 189	55 125	15 109	68 195	92 32	98 11	21 181	71 170	22 3
18 171	51 55	46 62	47 98	90 123	75 3	59 55	33 127	87 164	97 162	20 122	85 72	53 41	70 187	93 190	41 98	44 144	81 164	23 67	39 98	62 177	98 182	38 157	54 158	50 56	80 145	52 41	12 82	45 186	92 50	63 194	91 56	8 66	17 58	61 90	40 197	6 63	49 143	73 162	11 55	25 74	66 58	82 172	48 9	88 106	27 168	89 63	15 18	31 18	16 200	68 98	22 56	76 135	29 176	28 184	60 150	57 59	77 139	2 128	96 107	14 70	71 190	35 154	74 185	5 26	86 183	79 117	67 37	9 84	37 54	43 169	34 129	1 163	64 194	78 13	7 45	99 148	36 186	42 123	58 139	10 106	65 65	69 38	32 9	26 15	84 124	94 101	0 180	13 138	19 55	4 77	30 192	72 181	3 53	21 167	83 190	56 191	95 116	55 20	24 144
14 132	74 160	55 126	24 49	38 114	91 35	88 140	27 20	71 68	79 160	51 34	68 162	22 78	21 136	47 196	58 92	37 81	80 36	48 195	0 77	19 110	34 162	90 164	70 19	72 58	44 163	36 11	93 110	82 159	84 14	43 133	89 57	94 107	35 97	50 143	65 183	75 141	78 20	17 153	33 21	31 147	85 160	96 27	63 37	39 127	67 166	29 37	81 68	95 84	97 35	23 55	49 27	54 12	53 134	56 7	15 192	5 108	26 139	30 45	60 9	98 107	45 23	12 147	25 102	62 50	41 117	73 45	16 197	9 3	87 136	11 111	40 179	20 97	61 139	8 187	52 146	1 73	7 72	32 196	99 174	13 98	4 28	46 12	69 60	28 171	18 55	86 65	3 71	77 77	10 6	59 161	57 57	92 194	66 88	6 157	76 33	83 149	42 103	64 27	2 26
73 154	68 147	50 118	1 53	89 194	67 121	65 180	11 119	99 109	64 168	75 109	96 102	88 111	74 198	33 136	38 142	14 158	59 129	29 194	48 140	85 77	54 24	23 60	24 108	2 134	61 54	41 33	32 74	94 113	0 176	43 7	20 187	28 130	5 88	37 121	16 154	71 133	66 170	10 18	82 17	63 164	70 71	81 148	15 143	60 133	22 163	19 193	77 114	76 77	42 118	86 73	49 147	55 45	69 99	51 182	91 44	78 11	8 134	25 5	56 159	83 183	58 121	13 41	92 16	45 76	9 171	36 147	53 144	30 118	17 118	4 154	93 178	3 31	62 5	35 185	90 126	97 89	7 144	31 116	84 148	72 110	18 91	79 82	12 35	26 105	57 170	98 98	95 70	21 151	39 147	47 166	80 192	87 50	6 68	40 163	27 70	34 113	52 122	44 56	46 1
86 131	31 93	69 122	7 168	40 123	11 99	76 44	25 57	77 96	28 75	36 57	44 12	0 84	83 141	96 126	88 98	63 39	58 94	54 179	46 1	23 183	60 27	53 19	64 73	3 65	29 164	5 61	48 106	6 29	24 153	52 43	4 168	35 126	49 158	98 91	93 159	73 12	2 160	27 95	67 38	89 31	34 158	92 47	20 98	33 72	91 55	43 180	16 95	32 113	78 180	13 62	41 141	75 34	87 69	37 114	14 174	55 200	8 47	62 22	72 93	74 20	79 54	81 103	21 45	50 186	17 28	18 13	85 46	39 109	97 70	90 172	22 167	80 5	95 57	30 151	56 162	12 110	99 131	65 38	59 52	45 197	66 28	68 146	10 154	71 101	61 96	38 33	94 93	15 190	1 111	70 8	26 6	57 73	42 193	47 166	82 13	19 45	51 119	9 79	84 95
60 130	41 147	75 184	65 81	88 117	62 132	38 145	93 51	68 156	54 138	99 192	33 96	3 107	23 109	16 44	11 7	61 113	6 23	0 136	70 88	30 67	51 59	31 122	82 138	28 188	95 88	40 193	32 30	90 137	12 63	64 17	20 26	27 100	44 192	39 79	83 160	2 153	55 51	22 190	86 14	97 183	29 66	63 4	49 74	53 84	35 120	43 67	87 59	25 85	85 100	89 51	47 136	46 77	84 130	9 63	67 92	15 170	1 118	14 1	18 183	26 176	96 171	17 69	71 10	94 87	52 173	77 16	24 55	59 45	76 61	36 22	74 36	10 180	19 189	45 85	5 69	13 161	78 123	56 92	21 26	69 42	91 132	79 86	34 29	4 183	80 127	72 86	73 118	42 156	98 14	37 128	7 155	81 154	66 146	8 141	58 30	92 7	48 31	57 29	50 180
47 36	53 13	79 199	22 109	43 158	63 64	75 152	17 108	54 21	12 136	25 60	13 190	92 178	81 41	26 131	44 120	52 15	27 134	84 137	31 91	56 97	60 171	91 78	87 158	82 126	78 52	70 28	35 172	51 133	0 81	11 29	85 152	3 21	96 124	39 127	40 91	6 17	8 45	86 57	45 72	2 135	42 147	55 154	46 73	30 82	58 167	23 128	61 94	94 28	36 154	59 70	72 29	68 113	32 147	98 166	48 88	33 87	16 158	15 173	18 128	5 86	65 24	50 118	57 91	66 81	76 153	80 142	69 82	73 153	64 182	99 2	21 134	77 103	89 176	19 11	24 57	10 176	88 152	90 128	71 164	37 25	38 72	1 27	62 95	97 17	14 182	95 33	67 79	29 128	49 183	9 91	7 149	34 190	4 25	28 35	74 46	83 146	93 109	41 190	20 139
93 154	98 177	82 22	45 180	74 6	20 62	49 151	22 13	55 28	66 152	43 43	83 125	68 72	35 138	3 62	73 45	70 163	7 173	60 50	11 147	91 139	29 72	26 189	95 63	0 191	85 159	23 190	32 189	41 59	62 13	61 135	36 55	52 26	88 135	13 113	46 1	40 179	2 124	30 6	47 194	19 189	86 56	65 135	15 164	81 72	24 53	75 40	99 90	38 99	39 22	9 69	16 83	6 68	51 6	57 98	87 41	59 14	89 30	69 131	50 131	79 165	54 2	97 84	21 26	31 164	72 113	14 70	1 30	42 67	63 67	10 98	76 20	84 114	5 170	56 6	64 51	34 114	48 31	4 67	80 179	12 103	25 34	18 13	67 7	71 97	33 76	90 163	78 126	92 103	53 110	94 155	28 184	27 21	96 34	8 118	37 102	77 83	17 179	44 183	58 13
