100	15
7 148	5 66	1 9	6 84	4 137	3 156	0 100	12 67	11 129	14 130	13 116	2 31	9 184	10 105	8 93
8 27	7 142	1 112	4 151	6 175	14 103	0 192	3 11	5 6	10 108	9 58	2 50	13 88	12 154	11 95
6 66	5 77	8 111	2 130	3 158	7 12	12 74	0 114	4 59	10 95	1 32	9 91	13 140	14 72	11 180
14 135	7 38	9 136	2 197	11 195	3 151	0 18	13 80	6 183	5 106	4 151	8 57	10 33	12 23	1 75
14 110	6 151	9 165	12 179	8 86	13 53	11 38	3 2	7 184	5 141	2 142	1 46	4 16	0 199	10 159
13 140	8 57	4 46	10 65	11 20	5 13	7 121	6 166	12 54	9 69	1 59	14 125	3 62	0 118	2 125
9 122	5 110	3 82	11 180	6 2	7 185	1 92	13 88	10 2	2 163	4 100	12 179	14 149	8 76	0 43
5 161	0 194	14 76	7 9	10 176	1 26	6 91	3 130	11 13	2 86	4 72	13 40	12 100	8 144	9 28
7 96	5 102	4 48	11 155	10 6	8 193	13 164	12 43	0 15	14 30	6 99	9 4	2 81	1 69	3 41
5 155	13 38	6 174	0 49	2 11	1 6	9 114	4 152	10 97	8 32	12 77	3 144	7 163	11 49	14 161
0 120	10 107	6 89	13 80	12 50	14 153	2 22	7 84	8 11	5 56	4 1	11 186	3 102	9 156	1 148
4 194	9 23	8 158	1 168	7 54	5 178	11 149	10 187	13 18	3 5	0 76	14 179	2 175	6 150	12 37
14 170	6 184	12 188	7 123	4 144	8 163	5 152	11 77	3 177	2 153	1 73	0 64	9 52	13 187	10 160
7 173	6 29	14 36	0 54	2 194	9 196	10 29	11 142	5 197	13 115	8 2	3 80	4 150	1 185	12 29
1 78	8 48	14 107	0 95	12 66	2 154	6 116	7 117	13 188	10 88	3 42	5 90	4 65	11 15	9 54
13 100	5 85	1 25	4 100	8 179	7 162	10 140	14 2	2 162	12 112	0 83	3 188	6 165	11 166	9 36
7 112	5 133	11 129	12 135	8 158	0 200	3 1	9 134	14 38	4 30	6 158	2 87	10 175	1 162	13 170
1 114	10 163	7 106	3 191	6 50	2 152	5 137	11 134	9 147	8 52	12 100	0 112	13 125	14 54	4 104
10 59	13 102	7 11	12 160	1 116	5 167	14 59	11 111	6 36	0 126	2 163	3 16	8 193	9 99	4 163
6 158	4 193	3 163	14 141	0 8	11 39	10 38	9 108	12 194	7 5	5 64	8 121	1 52	2 108	13 22
8 46	5 1	11 169	1 64	9 191	10 113	2 131	13 131	0 83	6 164	3 61	7 130	14 175	12 181	4 195
14 112	9 179	7 98	11 79	2 95	13 120	5 116	8 147	12 145	10 131	3 190	1 3	0 178	6 16	4 60
12 159	14 168	9 39	6 52	0 32	7 183	1 128	3 200	13 83	11 115	5 139	10 60	2 17	8 3	4 16
10 27	11 70	2 197	12 151	5 71	0 141	9 43	13 127	3 181	1 164	6 51	4 119	14 116	7 44	8 118
3 155	5 55	6 69	8 106	0 38	1 112	12 47	14 2	2 2	13 155	7 190	4 17	9 17	10 199	11 199
5 151	7 55	13 110	10 92	2 174	14 114	8 70	1 179	12 177	11 171	3 144	9 30	4 58	6 97	0 45
6 112	9 76	10 45	5 28	0 86	4 31	3 165	12 26	2 40	1 102	13 127	11 169	14 151	7 19	8 190
13 168	8 139	7 187	11 184	6 62	5 43	14 51	0 16	9 53	12 151	4 96	2 31	3 31	1 63	10 111
1 72	7 138	2 189	6 80	5 159	3 148	12 198	14 113	0 8	11 12	10 162	4 22	13 105	8 78	9 153
14 161	11 110	1 119	5 40	12 81	6 180	8 151	13 64	4 59	0 36	9 126	10 5	2 52	7 150	3 162
11 195	4 81	0 12	6 91	2 88	13 185	10 183	3 193	1 104	12 59	9 131	8 18	5 118	14 129	7 164
9 147	4 69	2 82	12 148	13 118	6 116	14 44	10 72	8 3	3 82	0 192	1 153	5 30	11 39	7 86
0 174	3 180	12 86	8 140	6 2	10 149	1 100	2 11	9 115	14 63	11 187	13 43	7 148	5 111	4 148
0 108	9 25	14 54	6 127	11 61	1 44	2 63	12 93	5 64	13 48	3 20	8 163	4 63	10 170	7 151
12 73	1 154	3 23	8 192	6 96	4 122	0 10	2 120	5 141	14 21	10 189	13 166	11 155	7 20	9 137
6 20	9 72	12 52	7 71	14 117	13 26	4 50	8 101	10 89	11 121	3 26	5 114	0 77	1 199	2 118
3 22	2 194	12 170	10 178	1 7	14 38	6 11	4 106	9 71	13 19	0 181	5 45	11 109	8 183	7 182
13 94	5 57	0 198	11 89	14 72	12 124	3 106	9 169	4 20	10 160	6 145	7 144	8 154	1 194	2 130
7 87	2 6	11 138	6 1	0 9	14 108	3 127	12 112	8 141	10 38	5 14	9 195	1 73	4 86	13 147
11 193	7 97	2 188	6 91	14 37	8 129	4 152	9 53	3 53	10 42	5 67	12 54	1 85	0 98	13 22
4 16	12 164	14 76	3 1	5 38	11 108	10 125	8 47	9 140	0 144	7 113	2 122	13 11	1 75	6 195
2 86	14 105	12 105	8 78	3 118	1 135	11 140	0 88	5 151	7 21	4 17	10 171	13 161	9 137	6 130
0 12	5 17	4 120	7 190	3 89	1 95	13 167	6 157	14 101	10 35	8 160	2 61	11 163	12 61	9 176
8 116	10 122	2 107	11 188	9 186	12 88	3 14	0 99	6 131	13 147	14 136	4 163	5 74	7 167	1 144
12 173	6 157	0 35	8 88	5 114	2 195	10 19	4 13	11 109	14 90	3 176	9 85	7 85	1 30	13 39
7 12	4 151	6 70	10 57	14 9	9 68	3 139	12 16	11 93	5 8	8 165	2 182	1 141	0 88	13 125
5 151	6 144	4 136	0 55	9 100	12 35	1 46	2 53	8 89	10 64	3 133	14 116	7 193	11 31	13 27
3 48	1 167	8 159	9 115	14 159	12 7	6 136	7 182	10 128	4 198	2 69	13 60	5 200	0 181	11 155
14 184	12 69	10 35	13 140	9 64	6 15	11 13	1 65	7 46	8 168	4 189	2 26	0 78	3 7	5 92
5 74	2 77	10 79	7 29	14 138	3 162	8 189	4 17	1 36	0 66	11 107	12 116	13 83	6 66	9 159
12 126	6 122	3 190	0 53	9 157	1 123	4 6	13 27	14 163	5 11	2 32	10 32	8 98	7 25	11 193
7 191	8 155	14 84	10 148	3 59	4 75	9 57	1 154	12 125	5 16	2 160	6 184	11 119	0 2	13 36
9 67	6 98	13 32	14 40	7 80	11 182	1 38	0 60	2 171	3 140	4 68	12 124	5 156	8 174	10 30
3 135	4 168	13 169	8 164	5 130	9 21	7 98	0 77	6 101	10 48	2 184	12 84	14 120	11 112	1 139
4 177	13 32	1 70	12 31	11 77	3 197	14 152	2 134	9 57	10 65	7 142	8 126	5 63	0 21	6 99
7 167	1 173	13 174	12 56	0 92	8 182	6 92	10 55	3 199	14 51	11 6	5 31	2 157	4 71	9 5
0 193	11 95	9 189	4 40	13 170	3 188	5 84	10 112	7 95	12 54	6 21	1 177	8 40	14 77	2 181
3 137	10 83	4 126	5 104	2 18	7 10	8 198	13 35	14 53	9 132	0 119	12 106	6 106	11 36	1 31
7 144	8 198	1 180	11 134	3 62	10 114	9 153	14 125	5 124	0 26	2 59	12 6	13 143	4 18	6 98
4 102	8 100	5 128	12 146	11 39	6 171	10 60	3 159	2 15	1 119	0 188	7 66	14 180	13 145	9 102
11 159	12 57	8 48	3 190	1 195	4 49	10 35	2 64	5 133	13 172	9 49	6 61	0 28	7 17	14 33
8 108	6 139	2 58	14 128	0 64	12 160	4 140	3 189	1 26	10 84	11 135	13 8	5 53	7 55	9 148
4 107	12 76	14 190	13 55	0 172	9 163	10 25	11 95	2 148	5 183	8 164	6 121	1 190	3 198	7 63
14 58	7 192	6 65	4 84	9 42	10 80	8 184	0 99	11 64	2 3	12 123	5 144	3 187	1 5	13 135
0 25	5 93	13 109	7 67	9 107	12 157	10 100	11 44	1 156	2 137	6 165	3 116	4 200	8 39	14 16
5 122	2 52	7 3	9 80	11 59	14 125	8 192	13 84	10 1	3 58	12 93	4 157	6 4	0 43	1 144
2 134	1 151	5 74	10 104	6 16	0 47	12 20	8 139	11 57	3 23	4 182	14 122	7 161	9 85	13 26
13 190	2 166	14 132	10 66	5 60	4 154	9 106	6 171	3 182	12 127	0 113	8 65	11 188	1 5	7 195
7 99	6 117	8 115	0 178	1 161	4 99	3 33	13 33	12 188	9 108	10 200	2 73	14 176	11 164	5 11
2 37	13 193	14 192	9 78	3 86	0 66	8 1	12 84	10 193	6 116	4 58	11 187	7 193	5 138	1 73
13 6	7 10	12 53	3 193	4 71	9 49	8 84	10 130	6 96	2 175	11 74	14 190	0 186	1 172	5 133
4 111	8 41	2 32	1 80	14 117	7 114	6 98	3 113	5 110	0 172	10 171	13 150	12 155	9 5	11 171
14 172	1 41	7 112	6 186	4 179	3 128	5 57	9 35	12 69	8 123	11 105	0 153	2 39	13 56	10 179
7 172	12 166	1 134	0 132	10 180	2 56	13 53	9 2	3 15	8 13	4 161	5 49	6 161	11 189	14 113
11 24	13 105	6 27	12 129	10 186	1 24	5 22	0 110	9 28	3 149	2 124	8 61	14 174	4 79	7 100
14 41	1 98	9 24	6 49	8 2	4 137	3 117	10 86	13 147	2 151	12 126	11 92	7 192	5 162	0 61
7 28	1 57	4 54	12 78	6 10	11 68	2 149	9 98	3 20	14 23	10 168	13 118	0 29	8 96	5 116
1 40	7 149	13 116	8 147	10 15	3 6	2 131	14 44	0 77	9 91	5 118	11 32	12 92	4 134	6 20
5 57	0 39	7 113	1 65	10 154	8 128	2 58	11 110	14 152	12 25	3 143	13 111	6 169	4 130	9 77
4 192	9 148	14 158	12 169	13 136	8 13	1 86	6 48	3 192	0 22	2 9	5 130	7 141	10 176	11 19
3 60	7 135	1 173	0 144	2 122	10 26	4 19	13 24	9 65	5 115	8 37	12 19	11 175	14 190	6 77
3 91	0 96	6 99	5 184	7 124	2 89	14 12	1 162	8 48	4 94	12 105	13 182	11 27	10 98	9 175
4 42	11 75	12 145	9 71	1 146	0 114	10 187	7 18	13 171	3 30	5 197	6 197	14 70	8 123	2 41
2 87	5 19	1 13	11 133	10 30	13 66	3 175	14 103	4 4	0 84	9 10	6 188	8 2	12 12	7 56
0 139	13 57	4 45	8 3	14 25	2 154	5 7	1 164	3 79	9 83	6 65	12 194	10 158	11 167	7 109
0 43	3 47	14 24	6 30	1 34	9 87	4 45	10 126	5 38	11 113	2 195	13 92	12 179	7 176	8 20
14 192	4 92	10 8	12 80	6 62	0 150	2 35	3 55	13 141	11 159	5 192	7 42	1 22	8 194	9 50
5 145	9 74	6 17	10 150	12 35	1 148	14 30	2 23	0 165	13 27	8 126	4 44	3 107	11 136	7 101
6 126	14 13	0 82	8 200	2 148	3 176	4 45	11 163	13 73	7 184	9 81	10 199	12 35	1 141	5 100
8 177	1 25	2 55	11 155	13 140	6 93	10 166	7 186	9 162	3 180	14 144	0 80	4 169	5 20	12 97
9 61	1 199	10 169	6 192	5 148	0 38	8 180	7 79	12 100	2 125	13 40	11 181	4 100	3 78	14 107
2 159	8 21	6 5	10 170	4 10	5 8	7 111	13 37	1 25	14 178	9 131	12 67	0 61	3 38	11 105
2 144	1 51	7 73	14 143	0 155	13 17	3 176	11 4	12 105	8 174	9 165	10 64	5 26	4 79	6 59
4 166	2 49	9 163	7 123	8 116	11 42	13 181	6 14	0 44	12 107	5 151	14 68	3 51	1 54	10 55
8 21	3 26	13 157	0 7	9 91	5 47	14 93	10 189	1 5	2 19	11 109	12 151	4 184	6 176	7 171
6 29	3 122	9 81	7 136	12 29	13 169	4 56	11 94	2 178	0 149	8 9	10 93	1 122	14 196	5 66
12 139	6 117	2 186	9 153	5 37	13 157	10 71	7 180	1 39	0 69	8 71	3 124	14 167	4 25	11 23
13 183	2 10	11 5	8 32	14 104	5 46	3 98	0 137	9 149	1 81	7 47	10 155	12 95	4 114	6 115
0 146	7 89	14 143	1 195	3 42	8 36	6 138	4 22	5 92	2 36	10 67	13 75	12 122	11 99	9 46
12 134	13 187	8 197	6 131	7 158	5 49	14 176	3 150	10 20	0 140	2 192	9 91	1 121	4 81	11 33
