10	15
8 49	11 54	2 52	0 46	6 54	10 60	12 56	1 48	13 50	3 45	7 59	4 59	5 52	14 35	9 56
1 60	0 49	8 58	9 48	3 46	4 53	13 46	12 56	11 48	14 47	6 51	2 50	5 51	10 53	7 43
12 53	7 53	5 49	10 54	0 57	6 46	9 57	8 57	3 45	13 54	11 48	14 61	4 50	1 40	2 42
2 51	14 51	12 51	13 45	3 45	8 52	1 49	11 47	6 40	5 53	9 46	10 57	0 48	7 55	4 45
6 51	4 46	5 44	7 47	14 53	9 50	3 49	12 49	0 54	2 58	8 46	13 50	10 50	1 48	11 44
5 49	7 55	8 50	2 51	4 44	13 51	11 46	0 48	14 44	6 49	9 60	3 59	1 50	12 52	10 49
14 56	10 47	7 46	12 48	8 52	5 49	2 53	4 51	0 56	3 53	6 52	1 43	13 55	9 47	11 51
6 54	10 46	7 45	9 50	1 52	5 47	14 45	2 51	12 55	4 51	13 41	3 50	11 51	8 56	0 40
14 51	9 48	10 50	2 51	13 45	6 56	11 49	1 56	8 45	12 39	4 50	5 47	7 51	0 50	3 56
13 49	3 44	4 50	1 45	12 52	5 45	9 52	6 54	7 49	2 47	11 51	14 52	8 49	10 47	0 49
