60	100
70 69	64 63	40 195	62 184	18 22	80 42	76 61	6 91	72 44	84 57	75 161	77 101	7 154	97 51	61 67	89 24	27 188	39 26	53 33	68 22	96 33	16 193	48 32	73 137	12 13	24 58	52 7	83 170	57 32	55 33	93 167	28 40	10 124	87 182	65 44	63 28	51 150	58 79	35 16	26 162	94 5	36 104	1 41	74 191	44 14	37 187	86 161	95 94	91 30	19 49	11 174	14 195	38 119	60 71	29 144	43 57	47 167	5 40	0 84	45 61	99 28	2 183	23 191	59 81	69 7	3 32	81 27	4 92	49 95	46 23	31 66	30 37	22 91	25 148	41 126	15 198	54 99	90 107	9 7	33 117	8 180	88 36	66 72	50 1	21 80	92 43	85 40	98 86	78 12	20 42	34 172	82 38	42 36	71 151	79 2	32 130	67 171	13 50	17 13	56 143
36 67	80 165	48 188	19 49	62 150	18 57	28 33	94 153	53 86	50 24	41 54	47 131	74 21	92 170	3 163	30 16	7 119	84 154	70 100	27 16	87 31	85 115	61 10	25 131	15 145	83 36	46 71	68 81	97 131	89 129	2 92	33 35	91 103	55 189	9 114	26 1	78 7	79 122	72 139	54 160	77 18	75 121	51 24	20 112	73 200	5 140	64 82	23 199	71 100	37 105	22 63	57 4	0 162	86 171	38 90	95 110	40 79	98 114	31 62	56 107	96 5	29 177	42 81	32 131	45 88	1 105	66 12	39 130	52 89	49 174	82 50	43 192	81 139	88 181	34 23	16 103	4 1	63 66	76 34	60 127	90 10	21 172	99 2	24 32	17 10	65 103	69 158	8 183	44 85	13 8	6 63	58 50	35 171	67 69	12 134	10 42	93 158	11 199	14 5	59 63
81 120	87 170	52 21	86 192	29 138	13 87	4 147	8 36	16 101	51 49	69 6	67 40	80 196	37 42	55 138	17 121	74 73	18 197	45 82	88 84	64 128	30 142	95 65	77 93	78 135	10 77	43 56	24 61	27 61	42 98	25 68	56 68	76 137	60 93	50 155	41 107	33 191	82 112	89 129	32 7	97 82	5 99	94 145	47 106	31 164	26 100	90 29	46 122	35 42	59 25	65 93	1 100	14 82	28 125	39 121	71 53	20 181	83 119	79 200	84 69	96 20	2 117	9 150	40 53	98 66	91 142	58 145	93 11	48 182	54 144	85 132	6 185	7 4	23 97	3 55	11 117	21 94	63 43	34 72	99 17	0 170	62 48	61 200	38 127	22 22	72 4	49 49	75 148	92 163	73 133	44 187	19 150	36 48	15 129	66 50	57 198	70 137	68 110	53 52	12 58
64 142	41 9	51 29	69 171	12 43	49 32	73 3	0 48	56 98	4 69	61 117	46 108	81 117	14 45	13 82	66 142	32 145	92 51	42 172	63 57	7 6	82 122	11 190	48 44	93 37	86 77	6 182	72 76	47 96	62 32	76 66	22 78	96 111	90 78	71 194	33 31	39 96	1 82	57 189	59 56	77 170	67 108	74 96	5 41	98 60	97 112	52 161	29 105	23 37	53 28	68 93	37 196	9 85	19 30	88 138	50 58	75 183	25 175	78 195	27 110	99 83	89 110	3 12	45 36	20 59	40 174	91 10	58 13	34 80	60 197	26 76	15 91	54 114	44 178	21 31	70 6	36 75	38 161	8 55	30 40	17 102	85 158	80 44	10 76	79 27	84 51	87 70	28 11	16 102	43 34	94 169	18 170	31 129	35 165	83 194	55 52	65 3	2 48	24 189	95 101
46 194	15 17	94 146	39 133	70 28	25 145	45 183	43 51	37 120	36 17	75 43	16 3	19 19	23 42	88 73	84 169	69 115	67 70	92 77	18 92	8 106	58 96	6 39	63 12	9 190	89 90	96 184	52 181	21 114	30 145	41 142	22 58	33 103	99 32	12 136	13 14	93 43	51 176	2 161	95 41	1 4	5 136	48 89	61 49	98 127	66 200	35 130	11 190	83 84	62 141	65 26	91 89	56 120	74 13	85 119	87 173	17 68	55 126	54 180	31 78	59 171	57 84	82 35	26 124	72 110	10 183	86 117	76 45	90 172	47 190	97 187	3 150	71 95	49 157	50 17	4 107	32 34	7 14	20 151	44 66	14 79	38 29	29 192	40 194	60 161	68 110	79 109	27 123	64 150	53 76	0 34	24 115	78 21	77 77	80 120	73 143	34 39	81 124	28 95	42 36
29 104	83 140	96 127	10 180	86 62	46 37	48 112	76 69	7 144	20 10	39 57	82 11	44 68	68 61	25 102	84 55	47 130	12 170	61 43	88 184	91 81	18 138	24 117	89 116	54 145	65 106	92 90	79 191	21 177	95 125	69 190	42 18	36 76	75 73	5 87	11 182	43 129	16 45	63 53	93 56	59 98	57 53	72 125	13 121	78 150	9 153	22 173	90 40	14 105	70 176	27 162	15 57	53 37	38 50	80 104	17 36	3 85	45 147	67 18	4 200	64 3	41 99	50 34	71 71	26 62	33 12	37 72	32 83	40 88	99 93	81 122	74 48	51 110	1 21	85 186	2 19	8 2	62 73	87 80	56 192	31 38	52 34	6 101	49 192	28 173	23 12	60 115	58 94	55 42	73 62	97 198	94 10	66 178	98 115	35 61	34 129	0 57	77 114	19 173	30 19
40 8	82 134	1 17	50 21	25 183	90 104	17 120	10 53	67 24	38 14	91 190	18 59	85 65	53 193	49 180	80 109	83 82	65 122	99 180	26 112	87 153	59 136	55 195	98 177	57 184	13 17	63 50	48 82	43 122	35 71	51 48	76 49	37 182	74 31	79 126	47 53	7 131	69 145	6 77	30 160	28 182	97 191	93 132	81 8	42 122	86 125	77 35	88 149	72 116	75 63	68 91	21 40	36 72	16 51	39 161	0 133	14 137	20 5	31 194	5 50	15 157	54 37	71 163	61 73	41 49	32 193	62 133	70 2	96 188	94 58	89 124	84 59	24 171	44 164	73 12	46 48	45 106	60 31	52 50	12 181	22 106	8 165	27 197	29 187	78 130	11 47	95 127	34 14	58 33	33 169	66 7	23 19	4 198	56 166	64 187	9 47	2 13	19 37	92 93	3 180
15 111	60 175	31 28	20 70	88 62	77 175	89 176	82 104	70 17	6 15	96 194	34 156	53 180	65 70	84 140	44 131	9 73	36 6	49 110	5 98	14 114	16 32	91 171	29 6	80 185	50 115	38 74	62 87	73 181	35 97	21 54	94 49	33 74	52 29	22 190	64 95	10 186	4 77	78 97	63 160	19 11	42 169	24 87	28 170	97 57	27 134	90 125	69 128	7 178	68 79	87 100	32 98	92 166	23 141	12 131	93 105	17 52	25 141	39 32	59 103	99 128	86 46	75 91	74 144	51 92	48 192	11 69	61 28	67 119	2 17	47 147	55 37	57 136	37 8	83 89	41 194	71 33	43 36	58 40	56 153	79 38	45 82	95 152	66 67	46 184	3 149	85 114	40 174	76 123	18 184	98 121	30 193	8 70	1 137	26 62	54 117	13 95	81 1	0 125	72 41
56 23	55 27	80 158	90 187	48 181	77 137	71 58	64 98	0 181	65 169	52 199	35 130	29 18	78 179	62 86	4 32	82 91	57 60	69 176	58 124	74 150	50 199	27 21	46 56	8 49	3 44	13 105	59 174	51 70	32 97	83 135	6 45	19 71	20 90	88 164	72 147	18 51	84 34	53 158	75 177	1 192	26 2	17 150	68 141	23 5	96 86	21 110	39 45	42 164	60 197	92 151	12 14	61 4	81 183	43 133	34 83	86 109	14 146	44 72	99 109	54 144	36 162	38 150	63 75	89 74	24 53	73 89	11 154	16 61	22 28	2 106	94 57	5 37	33 192	98 194	10 66	28 106	49 110	31 80	67 6	66 179	41 86	47 28	37 14	7 108	70 62	95 38	40 116	85 10	97 157	76 191	9 161	79 46	45 182	91 92	15 143	87 26	30 144	93 170	25 137
7 76	67 35	86 145	92 133	26 116	11 4	89 15	55 84	36 22	0 194	21 39	18 155	66 158	16 170	63 183	56 33	5 107	17 194	96 15	47 43	62 141	80 51	2 80	39 126	82 40	34 6	65 172	31 164	78 33	75 149	87 64	14 20	3 105	43 101	51 125	25 47	9 100	81 181	85 41	37 82	45 7	41 120	20 26	79 178	49 67	95 199	61 171	24 178	35 182	13 63	6 105	53 187	42 20	23 177	54 18	10 125	50 83	70 11	98 25	77 200	44 162	19 17	52 32	38 138	71 118	73 79	93 199	8 183	22 174	12 72	4 77	46 162	48 82	27 57	29 44	84 13	60 84	58 70	30 89	15 35	69 145	74 93	68 7	28 31	97 15	64 137	1 119	90 109	83 102	88 126	59 87	33 170	32 168	76 54	72 60	94 168	40 144	57 156	99 185	91 188
25 115	80 66	52 107	87 13	66 16	10 25	1 15	89 194	12 23	57 74	55 22	31 155	3 99	37 87	56 35	16 137	68 31	72 135	94 80	42 128	7 14	90 189	21 90	53 53	30 30	2 190	6 50	75 51	27 30	20 23	58 68	23 75	92 145	64 131	15 14	70 73	73 157	5 64	88 175	0 191	33 55	65 80	62 34	38 2	84 15	99 123	67 20	63 29	43 87	93 17	50 117	19 54	18 130	47 167	44 59	45 128	14 36	49 37	96 167	54 2	36 143	4 74	78 95	85 74	17 78	86 2	26 2	48 172	35 89	79 79	29 13	34 146	28 139	8 64	77 89	13 2	40 159	98 79	51 83	46 187	97 30	39 7	41 194	24 166	91 144	82 192	74 148	83 149	81 159	59 186	71 84	60 51	22 24	69 157	11 66	95 125	76 42	32 166	61 42	9 162
78 174	34 103	45 135	66 183	75 104	51 115	62 32	82 51	7 71	57 106	14 198	52 34	76 83	29 11	72 96	54 167	53 121	3 175	43 35	61 6	55 11	39 77	98 22	44 50	73 24	92 108	42 122	50 112	23 187	81 116	4 172	1 83	40 164	38 129	28 65	46 30	88 54	49 50	48 149	11 110	56 101	70 40	24 81	17 155	83 104	84 11	67 148	47 12	22 156	5 72	77 137	25 17	85 83	87 163	79 1	99 135	68 143	26 4	60 144	36 194	94 58	69 169	20 158	95 63	74 53	37 150	0 133	96 169	93 46	8 38	33 193	12 15	90 137	80 168	32 188	58 29	16 153	63 55	64 65	9 153	89 123	71 58	21 71	65 141	30 77	6 196	35 92	15 168	13 158	2 55	19 146	31 72	91 103	41 15	10 166	59 119	18 3	86 24	97 144	27 26
5 29	20 96	2 154	1 153	66 50	97 81	27 194	73 39	32 71	39 139	36 196	10 131	33 122	69 159	9 132	59 119	99 173	75 175	92 73	44 181	26 101	67 46	47 113	81 14	61 4	94 122	51 161	65 144	79 18	46 31	53 108	77 32	16 197	31 91	87 199	95 183	78 79	41 167	64 100	42 194	68 152	70 157	40 166	93 140	88 111	56 73	84 60	48 197	60 121	13 182	35 160	45 139	91 37	15 70	89 112	4 95	24 54	37 17	14 9	22 45	7 69	50 77	58 162	55 24	28 134	0 9	54 71	83 145	57 109	11 190	74 196	85 8	96 70	25 11	23 50	18 62	80 159	86 54	21 61	34 102	49 198	12 65	17 112	38 71	29 147	62 61	90 23	98 126	43 37	52 135	82 40	6 191	8 189	3 23	76 114	30 57	71 108	72 164	19 32	63 50
34 170	64 196	42 8	85 90	26 156	99 106	21 114	75 15	66 107	38 186	87 183	41 150	22 37	76 93	58 162	96 1	20 43	33 186	73 107	29 36	9 59	13 21	47 96	79 14	50 110	54 174	65 105	16 143	39 52	45 176	30 98	97 25	80 10	93 113	90 152	3 61	88 107	74 137	11 119	0 83	91 70	84 4	44 69	89 186	52 83	28 110	32 119	12 113	14 148	35 91	8 58	6 52	63 32	37 148	77 198	51 184	71 138	78 99	70 4	62 140	56 79	46 40	60 53	40 94	49 39	31 53	68 27	69 77	19 134	5 131	36 48	1 128	27 31	98 105	67 77	83 176	48 141	24 40	86 77	82 57	55 158	59 56	15 91	53 119	57 188	18 193	95 46	23 71	10 47	4 43	25 84	92 163	43 21	81 149	7 156	2 1	17 68	94 137	72 128	61 131
5 75	90 110	53 117	3 178	28 198	63 106	48 124	52 159	61 48	95 172	77 94	36 167	6 125	93 129	21 185	49 22	98 180	55 168	85 194	41 170	81 8	0 10	29 144	35 33	80 139	97 187	84 117	47 39	82 146	69 71	19 45	56 68	60 64	13 6	15 17	2 52	58 113	44 37	30 158	25 83	72 53	83 37	91 72	24 153	8 38	45 197	42 148	66 184	86 37	64 183	74 198	87 28	12 117	17 145	70 51	76 87	14 89	26 181	16 93	34 102	37 183	88 60	9 143	79 57	23 134	92 47	43 46	22 103	71 56	18 100	57 142	78 159	32 176	39 116	38 74	54 8	73 135	89 61	40 37	1 150	59 37	10 85	31 126	51 11	11 192	62 146	20 131	75 174	7 163	46 72	94 120	99 8	50 151	33 98	96 15	4 139	67 165	65 197	27 56	68 49
34 117	39 18	73 75	86 174	35 153	96 49	1 129	7 102	26 190	56 34	75 29	80 133	51 153	65 87	89 72	11 7	23 128	21 151	91 142	0 12	47 146	55 122	63 80	3 69	29 83	64 118	68 2	48 91	92 59	37 188	2 91	17 124	46 113	58 68	38 21	14 165	33 12	31 125	22 191	41 114	50 118	76 50	99 122	54 197	43 187	82 8	40 195	15 160	36 191	70 196	49 148	71 177	44 101	78 109	18 38	8 128	16 190	25 96	20 149	24 191	88 5	6 2	90 178	27 89	42 95	83 176	5 49	52 89	87 93	12 148	97 179	61 50	69 100	62 143	30 104	81 125	60 51	85 154	98 122	19 147	93 132	67 188	9 56	79 134	4 184	66 106	45 123	10 48	32 170	74 14	59 113	13 141	77 103	28 185	57 35	72 19	84 114	53 86	94 30	95 17
23 199	80 135	88 116	2 125	35 186	10 155	40 28	96 61	93 113	29 141	36 105	39 191	90 94	37 125	74 159	18 172	9 57	73 122	27 189	19 92	95 196	51 39	30 33	60 126	32 48	54 190	3 39	13 148	63 63	15 33	77 135	42 87	38 122	91 97	47 94	64 21	62 118	68 107	20 147	16 140	78 66	53 31	55 4	34 155	79 196	50 129	0 142	85 161	26 31	48 21	84 18	45 37	5 74	61 57	24 23	33 140	72 14	1 125	83 82	21 127	43 146	97 119	94 113	66 41	11 66	75 22	44 144	14 44	71 41	17 142	57 12	25 108	49 167	70 78	82 167	92 156	28 160	89 176	76 103	98 15	86 8	6 171	65 143	8 83	7 15	87 15	81 40	41 30	67 178	99 181	69 3	59 91	31 69	58 199	52 113	46 98	4 87	56 140	12 80	22 66
93 100	73 43	3 166	32 30	11 36	40 111	18 121	66 82	63 2	58 33	76 21	15 30	91 82	25 169	36 132	33 148	35 115	0 119	46 118	14 64	99 92	43 95	42 23	26 23	52 156	49 150	65 162	21 83	60 66	59 191	10 117	2 164	67 146	64 134	88 56	53 85	96 86	55 44	70 104	39 114	4 56	69 30	77 81	84 147	56 79	72 169	79 1	19 87	90 68	98 135	95 117	34 186	30 49	83 132	37 87	47 29	80 120	54 127	13 149	62 148	92 30	41 30	78 113	94 1	22 84	89 139	75 76	17 58	48 7	74 42	24 67	51 195	61 6	86 147	44 175	8 118	45 149	9 178	50 82	16 166	97 110	20 7	68 131	31 71	82 138	23 110	57 185	81 87	38 72	27 172	5 62	7 163	85 185	28 85	6 157	12 102	29 48	87 36	1 40	71 90
52 53	54 75	72 119	62 176	67 140	68 54	64 34	23 111	9 2	92 43	91 70	89 35	18 2	2 43	37 196	69 104	90 175	1 90	47 151	41 184	55 200	65 189	3 49	28 43	36 141	7 199	42 156	79 193	50 13	32 184	57 112	88 181	60 2	61 67	25 55	82 161	10 126	39 73	20 121	8 54	53 100	38 170	71 61	34 188	87 14	22 51	21 109	99 84	35 181	80 127	74 195	40 127	77 95	16 63	76 40	49 102	59 21	75 98	73 119	95 135	93 113	98 43	44 88	29 81	31 148	26 31	85 149	58 56	33 72	17 58	5 93	81 25	0 191	66 149	30 150	46 81	11 71	63 163	15 164	84 91	19 152	70 169	48 8	13 178	78 127	12 85	97 52	24 20	4 122	43 46	27 189	94 137	96 193	14 41	51 105	45 132	6 155	83 157	86 152	56 75
46 42	4 83	70 65	59 86	43 37	67 190	22 137	39 166	71 129	73 84	42 100	12 180	20 125	30 20	61 9	6 118	72 151	90 102	19 133	53 42	24 17	52 192	89 11	82 26	8 84	69 15	1 63	91 36	48 84	58 30	74 62	81 59	38 119	63 135	64 187	34 116	80 101	44 126	78 194	66 35	28 132	93 151	0 141	37 72	31 64	29 106	45 64	57 43	87 35	2 114	84 3	27 85	77 192	96 92	3 69	21 190	68 23	88 96	5 128	76 64	26 94	11 153	55 103	33 139	10 81	98 4	54 69	36 162	95 39	47 196	92 109	50 200	40 161	62 170	23 15	17 130	14 108	60 142	35 98	16 143	86 115	41 27	75 104	99 105	25 43	9 27	85 135	15 160	18 29	65 190	49 48	94 54	7 12	83 21	79 194	97 143	13 130	51 196	56 132	32 81
76 76	27 38	20 185	46 154	62 91	74 156	3 44	40 109	89 198	5 115	67 183	79 45	51 162	78 106	12 78	28 10	24 24	39 33	54 9	49 123	84 146	15 200	47 7	69 19	95 94	82 8	63 108	81 179	36 133	99 85	26 14	22 180	93 175	65 64	55 61	72 16	11 76	98 177	87 4	13 121	34 9	7 114	61 28	38 31	9 130	60 144	64 26	30 150	48 150	41 61	18 199	1 8	80 110	50 118	29 86	88 63	4 111	91 134	86 32	73 148	83 74	85 75	59 53	77 96	33 7	14 98	35 173	10 72	45 131	43 86	31 186	52 79	8 74	32 143	94 191	56 117	37 16	42 128	68 9	96 67	70 85	75 95	53 89	19 75	6 43	71 129	66 22	17 26	0 126	58 116	97 196	23 166	57 88	25 155	44 48	92 75	90 26	16 98	2 150	21 173
30 199	47 66	15 104	33 6	25 155	81 153	18 37	76 112	83 96	10 187	73 184	2 13	38 68	88 199	59 15	90 48	37 62	21 140	56 91	72 164	28 165	3 102	66 113	19 35	43 86	69 156	24 142	16 168	68 63	20 169	40 70	46 41	57 135	78 179	77 4	85 121	12 181	22 167	64 200	31 126	4 37	42 8	11 152	32 198	17 52	13 137	7 133	29 147	14 123	99 91	63 97	9 22	55 178	26 200	54 146	39 168	53 83	34 102	35 14	5 195	87 91	98 161	71 188	8 102	61 15	62 186	74 126	89 84	93 151	82 92	97 164	94 145	1 169	80 187	52 144	50 25	67 197	84 22	51 112	60 156	91 71	92 174	95 181	45 1	65 52	58 85	23 6	41 121	49 76	0 64	75 200	70 190	48 95	96 53	36 162	27 98	44 149	6 131	79 29	86 105
40 161	56 82	64 28	2 70	24 95	20 160	48 15	84 126	42 24	65 112	28 97	88 1	43 187	4 60	45 89	34 76	33 99	54 183	78 129	1 36	92 143	8 190	26 92	76 12	72 92	38 73	70 22	57 179	53 111	96 185	0 194	94 41	63 9	79 140	46 102	47 196	31 25	13 143	61 57	12 112	21 152	69 174	52 82	27 94	85 93	91 117	66 164	15 180	25 141	36 199	14 136	93 77	98 14	68 22	73 34	60 14	58 6	30 182	49 60	37 195	55 159	83 178	82 102	62 44	6 63	99 10	16 30	11 54	29 106	10 185	77 170	74 136	86 44	32 87	3 122	41 138	81 111	35 179	87 60	18 76	5 195	51 34	95 135	44 172	19 27	9 125	97 86	39 56	59 199	17 41	89 199	22 62	67 78	90 184	50 73	23 170	75 102	71 58	80 124	7 195
81 14	48 176	37 2	67 130	84 77	56 64	80 198	86 187	49 154	63 41	58 162	35 95	25 119	44 13	12 158	5 161	34 87	75 40	20 94	3 2	8 157	18 90	89 77	98 6	16 175	52 86	33 162	77 174	55 195	40 158	29 154	19 173	36 63	69 154	50 106	83 134	72 121	42 14	93 200	54 154	4 185	10 45	2 6	53 46	24 68	99 122	78 161	59 74	60 105	38 126	70 169	71 2	88 137	27 24	41 109	94 90	7 181	46 147	68 131	73 97	96 167	39 175	85 14	1 94	14 19	65 20	32 163	66 157	79 131	82 78	92 112	95 110	62 91	61 179	57 3	64 113	97 121	76 171	74 116	0 24	28 93	17 188	15 43	30 40	13 194	21 146	91 167	90 185	6 173	51 69	11 49	22 16	47 143	23 145	9 51	45 90	26 191	43 14	31 45	87 52
53 164	95 197	90 61	42 191	57 157	71 147	80 144	27 97	63 43	36 161	47 43	88 189	50 54	31 135	6 149	46 174	87 17	13 95	17 151	55 91	48 176	19 157	99 16	51 63	67 169	21 153	59 108	93 80	85 129	38 59	64 60	34 162	70 154	32 169	23 147	4 177	45 42	12 134	0 48	84 125	75 170	62 92	52 37	40 133	20 126	66 195	8 125	92 31	43 60	33 105	24 157	56 110	73 39	98 48	3 143	81 41	76 89	10 96	29 153	2 195	5 6	72 46	44 153	1 113	16 200	41 192	28 151	26 186	69 39	35 15	25 128	49 48	54 130	39 152	94 191	7 157	58 100	37 58	65 72	96 78	60 89	30 41	78 171	11 87	82 93	22 98	18 116	61 113	97 125	68 83	9 26	89 88	79 145	14 107	15 21	77 177	74 83	86 196	83 102	91 18
0 72	50 111	78 27	66 163	62 46	99 132	27 87	86 168	76 15	15 169	32 85	49 143	59 130	5 160	38 129	87 179	92 122	40 147	30 48	6 65	73 17	58 162	67 160	12 32	56 5	29 122	47 104	93 192	33 32	16 86	7 2	14 162	44 18	51 11	79 189	55 48	43 109	96 113	72 130	83 58	65 36	95 49	89 80	42 57	52 90	13 85	75 19	24 26	8 39	1 166	71 35	63 9	64 25	23 112	37 37	70 44	21 67	74 169	22 177	90 194	61 198	97 76	25 122	88 22	11 75	57 135	85 36	34 125	4 140	48 196	69 156	20 40	18 78	35 100	46 31	68 99	54 186	41 84	53 37	94 16	17 42	10 78	31 162	84 187	9 156	77 123	3 80	91 58	28 140	80 130	36 84	39 80	60 71	45 91	98 129	19 11	26 197	82 169	81 4	2 185
85 186	69 105	78 190	56 161	58 148	45 49	50 196	96 133	16 38	20 114	81 179	87 30	89 92	39 100	55 28	52 48	35 193	51 29	40 4	93 1	0 98	1 45	67 163	82 103	53 91	28 68	12 190	6 169	4 13	5 27	22 133	92 114	66 6	34 6	11 143	61 176	17 189	80 107	36 162	54 166	59 117	33 60	9 101	75 178	14 193	47 48	62 70	18 122	57 91	97 55	43 22	74 127	23 182	95 159	41 81	31 134	38 131	21 29	8 67	46 27	2 99	99 98	65 129	27 22	98 19	49 191	73 44	10 188	72 173	63 126	25 174	48 1	32 182	30 171	84 149	94 2	86 47	26 106	24 120	68 121	3 94	15 120	19 107	76 72	90 135	79 55	44 16	7 195	37 57	64 49	91 118	88 77	71 72	83 117	60 162	13 106	29 182	42 133	77 77	70 77
13 57	15 49	4 121	17 50	23 150	27 194	67 172	0 37	49 2	53 33	32 127	98 36	92 147	99 118	83 162	46 75	43 173	24 58	45 103	90 197	6 95	87 93	57 99	77 58	25 17	30 69	82 125	62 2	37 157	29 48	2 169	12 149	11 1	10 17	19 147	86 98	84 9	28 125	68 166	16 65	41 61	80 76	22 186	18 117	31 99	52 136	1 10	54 7	78 134	20 148	9 170	35 188	96 155	73 84	93 142	40 160	70 101	89 76	72 137	44 79	42 160	39 22	61 130	26 128	21 180	3 144	81 72	75 111	56 92	33 55	91 66	36 50	65 183	71 124	79 78	59 87	76 113	38 129	58 79	60 94	48 175	97 186	94 20	69 181	14 136	34 121	55 188	88 141	64 44	95 194	63 128	47 76	85 70	7 58	74 77	66 81	8 118	5 196	51 127	50 152
88 137	37 58	72 157	58 130	51 13	16 53	18 178	90 180	67 54	73 193	99 32	48 185	84 140	91 3	32 33	30 191	56 200	64 139	63 54	9 133	75 94	55 41	27 104	68 118	86 85	24 73	15 82	98 101	25 95	61 8	52 158	92 33	60 199	42 84	97 26	39 25	96 169	14 158	43 199	2 130	65 44	38 149	50 169	77 106	44 99	82 102	83 154	20 5	0 45	57 20	70 103	23 178	22 9	13 36	10 31	26 78	34 62	36 138	54 188	87 29	59 65	94 17	95 61	33 87	11 94	7 162	78 126	35 69	62 43	81 34	28 151	41 110	6 74	40 156	4 96	31 29	45 58	29 44	93 107	5 72	66 91	3 150	74 35	17 38	79 185	71 192	80 34	1 62	69 191	19 83	85 38	89 179	49 135	8 76	47 108	76 116	53 26	46 1	21 118	12 136
69 100	64 185	12 149	65 171	11 121	42 161	99 34	72 126	8 134	71 66	88 200	16 148	57 113	1 10	32 119	84 19	19 139	13 94	43 19	37 145	82 181	93 104	18 21	90 130	46 189	17 114	61 159	4 185	48 170	38 9	3 180	7 175	10 76	51 41	31 15	76 51	9 137	98 144	33 105	40 173	94 199	22 59	27 72	97 185	21 94	58 63	0 55	95 73	6 59	52 26	5 106	30 95	77 136	74 156	62 97	87 105	89 127	39 52	49 65	47 3	2 79	36 15	35 107	14 142	23 196	56 9	15 67	85 19	83 8	41 26	44 87	67 90	45 42	78 59	25 19	59 50	96 91	50 174	91 168	86 58	24 29	34 20	81 86	66 8	75 103	20 73	92 163	28 193	79 79	26 87	80 40	29 95	70 109	63 182	60 127	54 75	53 66	73 105	68 57	55 89
4 40	12 135	36 90	16 164	22 103	41 84	29 185	68 181	77 131	28 35	78 51	8 74	90 93	98 59	52 138	88 10	83 76	7 64	47 86	92 62	23 9	94 192	76 182	85 34	3 130	46 80	24 181	59 50	10 83	0 145	1 169	19 3	44 103	61 27	55 144	50 34	38 123	35 149	60 176	17 55	39 79	9 136	89 153	11 133	30 74	57 157	63 16	82 96	96 43	5 190	66 43	95 181	80 25	79 83	2 101	14 80	43 123	56 3	45 164	70 91	64 53	54 98	31 35	58 113	32 162	18 158	33 60	62 17	48 25	6 185	42 72	69 69	67 147	53 53	49 167	51 170	25 5	72 173	81 182	26 86	86 53	99 197	75 117	40 140	87 81	27 86	21 40	93 176	91 2	97 25	71 172	13 162	74 111	84 180	73 124	20 57	15 200	37 135	65 73	34 172
64 117	36 66	54 105	71 4	53 73	98 129	72 74	10 137	86 84	62 32	51 86	63 55	9 161	27 6	67 46	6 80	90 124	32 188	13 165	94 180	60 35	61 179	78 197	45 71	50 165	25 115	57 90	1 169	96 13	93 183	85 107	99 98	40 95	68 93	87 49	39 55	37 33	44 17	41 151	20 32	31 194	33 109	48 148	26 44	92 49	34 99	84 105	5 61	2 144	7 89	3 8	89 44	79 40	58 130	52 12	30 110	12 195	11 182	80 14	91 112	55 156	24 178	65 162	17 187	56 3	18 42	29 30	42 23	47 182	70 18	77 110	74 55	82 17	88 27	22 119	73 138	66 180	76 156	95 96	97 94	46 108	19 190	4 63	35 49	0 170	15 183	59 1	69 150	83 196	14 74	28 68	43 3	75 110	81 23	23 38	49 36	38 133	21 42	8 157	16 150
5 166	28 66	79 47	40 140	7 159	17 33	34 36	42 163	91 188	78 135	39 86	73 39	82 116	71 68	77 189	96 160	66 43	18 82	2 59	29 55	59 99	19 149	37 35	52 193	12 93	47 51	38 114	93 175	31 35	60 60	67 126	33 188	57 64	75 141	90 6	11 23	49 136	87 130	55 37	20 21	72 73	69 55	51 31	88 101	76 72	15 131	44 26	65 132	0 198	80 73	45 94	83 103	30 198	98 138	99 133	64 131	89 36	13 197	1 199	4 83	61 181	24 26	81 84	32 88	63 11	54 112	25 68	16 134	46 22	10 95	35 118	9 56	6 143	56 179	84 85	3 182	86 195	70 198	22 197	23 54	36 24	97 123	48 139	62 67	43 149	58 97	27 131	21 172	74 188	92 103	53 146	8 45	41 95	26 95	14 170	94 58	85 75	68 95	95 66	50 57
17 54	80 45	68 51	76 156	40 66	18 38	64 85	36 66	93 141	12 120	50 127	94 9	49 159	72 46	62 122	5 30	29 141	53 136	30 141	55 173	78 52	26 197	73 36	47 29	43 52	0 191	45 132	25 156	33 141	97 170	7 141	16 15	11 129	38 145	86 137	4 178	58 67	28 15	22 139	89 157	9 154	35 179	91 69	54 171	10 125	42 76	75 8	71 167	63 74	32 40	99 128	14 86	88 139	1 137	48 29	8 103	41 125	66 93	74 84	82 57	87 1	92 74	59 180	27 1	15 52	65 155	57 60	81 183	67 75	69 73	79 150	56 75	83 16	21 187	31 141	37 82	84 153	39 57	13 139	23 110	52 21	20 124	44 43	2 152	19 2	46 72	70 146	61 191	6 127	24 59	90 75	60 66	3 103	95 154	51 68	85 174	34 195	96 188	77 66	98 147
38 29	51 195	39 93	27 25	88 113	37 123	25 153	49 172	47 63	3 170	71 144	26 82	41 28	70 98	6 121	19 17	98 58	67 115	22 35	23 12	57 8	81 189	24 40	45 56	64 151	97 118	78 142	89 187	91 2	8 188	32 112	35 157	90 64	29 162	12 116	30 145	48 151	16 69	56 23	93 198	42 157	54 187	85 21	74 84	79 51	72 71	82 46	15 111	75 101	80 66	53 57	61 24	36 27	86 59	95 37	20 72	0 71	63 64	52 134	94 38	77 185	14 146	40 143	50 62	83 79	18 107	46 22	34 89	69 105	21 7	58 61	5 106	43 172	96 85	99 126	66 190	31 49	28 74	68 114	73 166	11 126	10 193	13 119	65 157	4 114	76 161	17 13	2 162	7 105	1 161	33 65	55 117	87 31	60 1	84 186	9 198	44 25	59 121	62 39	92 80
68 112	61 167	36 138	32 93	82 61	26 111	72 43	45 150	16 66	46 96	93 169	37 101	77 108	18 148	13 193	10 88	71 128	56 137	97 145	8 13	98 72	59 72	0 192	78 106	55 86	41 119	89 155	34 55	64 138	67 56	84 150	66 159	2 68	7 151	21 92	83 189	91 194	90 96	1 112	48 31	50 197	6 8	4 66	52 168	11 170	88 101	31 107	95 26	9 189	85 34	38 61	33 86	92 47	3 18	58 191	94 100	12 32	76 107	23 159	29 108	19 149	57 175	43 143	99 112	39 33	20 133	27 50	74 142	42 30	60 17	81 70	35 71	75 111	22 112	80 32	54 125	25 143	30 198	53 57	86 150	73 125	28 63	24 42	69 116	87 27	17 62	63 39	65 92	96 95	70 78	44 176	40 82	47 169	79 53	51 40	62 27	14 117	15 110	49 148	5 33
19 87	86 114	78 199	29 21	24 141	82 71	7 180	63 42	22 107	79 150	42 56	34 107	23 157	46 195	95 153	57 122	3 180	62 166	97 49	91 78	39 145	18 76	73 87	8 126	45 182	75 20	66 71	16 152	11 106	6 39	77 113	85 18	43 155	30 193	44 63	60 149	71 141	94 161	55 37	15 198	96 75	9 155	25 66	89 176	58 169	64 148	92 133	21 142	35 195	13 112	61 65	17 38	51 164	69 120	56 103	50 122	70 139	36 55	48 60	49 79	52 107	26 194	0 43	90 12	65 29	14 7	87 145	99 82	88 198	81 4	68 56	80 92	83 139	67 36	28 165	98 19	72 163	47 31	12 17	41 181	33 63	32 188	76 145	1 163	53 96	20 49	84 1	54 6	27 60	10 30	5 46	37 145	2 193	4 8	59 24	93 129	74 1	38 65	40 143	31 179
14 50	33 43	6 23	82 150	70 96	55 40	84 75	28 100	83 87	24 85	30 192	51 155	36 39	86 12	65 153	61 60	11 96	66 70	16 135	41 23	0 103	72 91	60 109	26 44	2 55	98 112	54 123	93 128	39 21	94 146	35 66	20 28	97 10	12 128	4 46	63 62	85 199	42 131	77 163	29 116	31 179	59 189	45 1	23 76	92 130	19 152	81 168	18 31	79 110	1 50	38 62	10 154	52 136	71 49	67 200	44 56	34 167	27 161	9 47	22 132	78 42	25 83	96 129	95 89	73 88	5 46	89 134	53 68	43 20	75 163	13 139	76 151	7 129	64 102	99 197	32 58	88 172	58 37	57 105	46 133	62 74	50 84	74 15	8 159	40 137	91 199	47 62	69 106	87 187	49 166	48 77	21 183	56 172	80 63	90 138	68 89	17 63	37 91	3 126	15 43
88 161	95 26	98 72	45 55	76 75	55 15	90 136	53 119	86 135	57 11	73 73	14 150	6 92	82 41	91 106	16 17	52 39	31 77	63 51	94 2	60 98	66 98	62 156	33 84	65 38	4 122	74 77	27 53	22 134	64 81	19 43	0 135	20 127	78 28	40 170	21 12	25 109	10 138	39 155	42 52	99 68	41 144	5 85	58 129	75 130	51 167	79 130	81 188	38 105	35 69	70 149	54 18	68 190	48 114	56 195	67 13	11 117	15 39	47 122	71 58	9 91	89 42	26 140	12 136	24 113	8 164	37 46	72 137	85 60	43 197	61 117	23 46	28 66	84 59	97 200	44 42	1 109	34 75	36 179	3 49	69 86	59 113	18 160	83 62	17 10	49 169	7 33	96 51	30 121	50 193	87 126	80 38	46 53	32 157	2 140	93 44	29 86	92 54	13 91	77 32
20 183	63 121	94 192	55 91	99 54	66 10	70 165	87 92	51 82	73 172	41 160	95 158	82 34	34 165	98 136	32 111	72 26	64 167	26 151	80 84	3 64	35 200	23 59	12 191	14 187	28 91	37 86	71 146	5 41	11 164	9 165	67 172	17 4	43 70	75 87	90 58	13 71	38 110	79 109	91 87	59 186	30 108	74 84	4 58	47 173	78 112	44 171	40 157	16 77	88 99	56 27	18 43	69 36	6 113	39 41	53 165	93 138	24 68	54 143	52 45	0 51	19 140	92 28	77 40	50 103	85 112	86 196	84 118	97 185	10 126	81 190	96 132	89 164	8 44	21 11	45 195	29 86	61 152	22 199	31 133	76 138	62 11	60 88	58 78	15 122	7 186	27 138	57 139	49 30	36 78	65 143	25 108	48 82	1 16	68 164	83 150	46 4	2 94	33 2	42 38
19 82	35 28	2 122	16 11	70 187	60 9	40 30	43 132	81 1	38 200	68 135	93 54	21 28	82 1	17 192	80 99	27 167	26 111	29 88	0 96	8 196	75 41	71 47	37 77	45 15	22 163	56 130	47 87	11 4	62 129	66 133	69 133	41 10	99 56	23 173	88 135	28 17	98 71	49 67	86 185	57 132	10 102	9 75	55 68	7 194	25 154	76 156	24 74	20 107	5 63	89 196	92 72	31 122	3 20	46 134	4 186	53 76	18 120	51 59	34 5	73 63	78 34	12 168	6 63	44 180	36 146	50 9	72 190	79 11	1 127	83 133	77 40	64 157	90 119	97 181	32 85	91 171	96 141	48 55	95 43	87 68	74 73	52 133	84 88	67 97	61 127	65 155	30 176	42 184	33 155	15 151	94 10	13 102	63 199	59 65	85 159	39 23	54 150	58 150	14 4
18 122	38 143	1 116	54 39	30 83	44 1	55 59	8 92	70 35	85 134	45 198	23 72	50 121	26 66	67 162	3 179	24 175	95 183	56 35	59 20	48 38	83 77	58 175	90 112	92 52	86 76	96 165	15 93	87 164	52 127	20 63	11 104	51 167	31 104	4 11	72 60	68 62	14 150	65 83	10 125	89 92	43 128	75 168	98 142	12 136	25 103	63 90	29 89	17 146	42 36	34 184	53 108	49 198	16 28	71 12	69 147	0 99	88 159	19 186	74 30	84 152	37 77	41 129	66 133	13 149	81 44	21 170	82 156	47 75	32 71	6 56	77 20	28 44	73 43	39 95	57 141	40 132	27 187	33 151	97 112	91 196	79 12	94 23	64 61	36 110	5 78	62 163	7 79	60 120	80 78	61 164	99 148	2 151	35 130	22 36	93 186	9 81	76 97	78 58	46 184
46 27	0 111	9 90	73 186	59 42	60 148	30 184	97 98	65 26	74 41	58 151	84 102	54 102	36 72	11 77	79 121	85 180	32 30	98 192	71 43	10 138	66 31	88 107	87 181	80 37	53 95	42 163	96 45	48 61	94 188	4 167	26 62	20 189	22 14	77 106	38 81	57 117	51 43	76 49	67 88	31 61	2 117	35 70	25 113	33 153	8 83	69 31	93 173	81 124	45 23	7 81	55 79	72 179	44 104	50 58	70 73	83 148	78 37	99 81	86 196	63 182	64 193	27 103	12 4	49 25	90 26	14 149	91 42	19 124	37 188	62 152	21 132	39 152	56 141	41 141	17 20	47 51	28 200	40 133	23 108	16 84	1 14	75 179	82 58	24 121	18 27	95 116	5 96	68 46	29 41	89 74	61 126	92 105	13 21	6 103	15 3	34 70	3 28	43 139	52 192
58 6	35 109	9 105	97 117	34 17	51 146	79 51	31 177	98 187	46 2	62 158	19 133	44 18	23 133	88 78	86 49	94 112	10 85	85 150	53 24	72 196	63 102	65 60	84 108	66 53	77 38	50 168	30 101	95 136	47 137	48 134	90 84	40 137	3 102	75 124	11 165	87 3	61 65	38 152	71 77	43 189	81 140	52 8	83 195	41 32	29 56	91 82	64 41	0 5	93 191	22 154	21 109	4 96	68 195	99 14	56 8	8 44	28 4	17 75	92 185	69 138	78 75	74 123	39 182	13 5	12 89	55 152	24 58	27 14	89 155	96 6	33 154	54 52	16 35	2 7	26 31	25 133	18 130	57 144	73 190	45 154	49 184	59 58	32 88	67 153	37 84	14 69	60 177	7 133	70 165	82 84	1 14	36 96	80 105	42 28	20 172	6 52	76 155	5 104	15 100
87 197	2 155	78 16	56 91	11 121	48 52	30 37	52 35	75 33	92 83	96 163	24 98	58 70	38 63	89 82	91 45	39 94	7 96	29 179	73 103	55 153	15 13	59 12	27 47	8 104	61 128	69 75	54 95	18 104	14 130	16 180	40 126	36 176	49 194	10 26	77 35	4 31	63 170	25 112	67 21	32 8	44 6	41 100	26 139	20 70	1 98	23 172	97 198	81 158	28 116	47 79	62 44	71 9	76 6	0 181	34 152	64 116	13 157	83 66	6 35	68 77	50 46	84 165	12 123	94 7	82 51	98 122	35 80	88 25	85 141	19 76	45 66	22 21	66 187	33 60	90 37	57 185	80 62	86 70	79 137	37 111	31 191	42 136	53 21	46 171	17 51	60 25	99 144	72 77	21 46	74 78	3 133	9 61	5 32	51 80	65 34	93 86	43 178	70 23	95 39
84 84	55 52	66 187	88 200	78 5	64 15	38 121	79 9	27 84	70 129	58 51	87 77	92 120	44 42	65 76	42 157	45 110	31 49	75 134	18 127	68 42	82 167	39 73	35 57	6 11	85 30	29 30	95 108	33 161	1 77	76 14	7 16	2 159	69 111	51 151	93 66	28 183	71 150	8 73	54 90	43 194	91 165	63 104	16 142	77 162	46 151	80 121	57 137	14 147	59 178	72 82	13 111	73 144	0 36	9 124	53 119	10 183	94 123	62 185	20 139	30 187	98 72	41 122	99 71	81 99	4 166	23 134	49 82	37 135	83 145	5 163	32 12	52 44	60 79	25 143	24 184	34 166	11 128	26 110	90 148	48 165	96 46	17 86	50 128	47 79	3 60	15 80	12 22	19 33	40 137	56 62	22 129	97 174	89 8	74 58	86 82	36 85	61 159	21 167	67 57
55 7	33 162	3 77	2 156	91 200	36 34	42 133	39 72	9 87	70 179	51 68	19 53	12 167	35 14	57 135	93 160	6 182	10 131	84 94	15 66	79 38	30 144	22 82	7 114	47 15	26 52	67 115	69 127	99 36	88 20	82 184	41 49	23 136	8 179	28 56	96 168	94 135	74 139	1 2	0 14	95 145	18 67	38 18	98 34	80 84	59 47	83 121	17 155	73 81	54 89	48 72	49 153	14 141	25 38	27 186	45 14	71 149	89 74	92 51	5 139	32 182	4 12	77 145	62 28	13 61	56 103	43 134	44 194	29 135	24 57	72 1	68 112	97 30	46 62	86 61	31 164	64 118	50 147	40 101	63 37	66 135	21 65	58 24	53 190	76 93	11 145	34 40	61 180	85 162	16 8	60 186	37 132	52 10	90 125	65 109	81 10	75 24	78 48	20 21	87 179
45 39	39 80	61 68	25 106	66 36	6 74	63 196	74 35	75 168	87 48	42 160	15 19	9 83	54 121	76 1	65 50	14 153	33 112	40 6	55 114	37 12	97 113	98 147	78 89	67 177	82 110	91 138	72 72	17 197	24 178	71 192	26 63	38 184	18 13	41 145	30 21	46 13	94 192	44 182	32 188	13 75	23 49	93 16	4 47	5 194	0 2	92 50	57 38	22 30	89 155	58 94	80 98	88 11	56 87	16 10	1 157	43 43	96 92	95 169	53 6	28 170	62 90	77 32	19 25	35 127	34 127	36 168	79 149	21 78	2 36	52 26	3 191	49 108	7 139	20 169	11 181	85 158	60 32	51 159	86 144	59 6	70 45	27 118	68 40	31 117	10 193	69 41	8 86	12 148	50 198	73 102	83 129	48 23	90 52	84 110	99 106	64 58	29 7	47 178	81 197
96 142	2 175	48 34	70 72	37 117	15 87	33 96	76 156	77 142	84 52	28 103	47 21	78 103	80 17	69 118	92 143	20 158	66 58	41 160	82 54	95 73	34 143	29 117	25 161	85 63	31 8	99 170	16 15	58 197	13 80	65 120	5 199	51 35	87 17	91 178	32 67	73 147	35 88	0 154	67 11	49 77	46 184	60 111	89 80	30 85	98 197	72 155	18 92	54 113	64 163	42 173	39 124	23 32	97 111	90 130	11 21	1 133	17 149	27 197	52 63	21 191	8 195	61 110	83 83	38 156	81 11	45 103	55 124	62 140	24 70	57 43	40 188	56 37	14 85	22 43	94 106	26 48	93 150	59 43	9 8	12 52	53 37	71 156	79 108	6 40	63 122	3 183	50 105	68 30	7 77	19 79	88 108	44 43	10 83	75 193	43 187	74 125	4 125	36 1	86 184
53 87	41 41	52 62	68 177	5 5	91 58	46 22	62 92	20 119	88 189	90 120	18 12	40 19	12 72	64 113	72 9	32 197	74 127	66 25	47 83	58 125	96 195	80 19	93 164	23 165	1 94	69 90	73 155	89 108	30 31	45 1	10 199	0 96	44 101	98 153	79 159	11 131	55 170	77 83	87 56	49 128	59 166	25 134	26 63	7 7	35 135	86 18	6 160	67 143	50 10	33 111	29 96	48 124	71 183	9 104	3 23	28 83	43 134	34 45	17 176	57 44	19 133	92 147	36 159	75 46	22 175	8 175	37 85	60 181	84 24	70 45	51 61	76 170	2 101	14 25	21 82	94 148	27 92	31 46	63 128	4 42	82 159	13 88	39 40	38 107	78 37	99 200	61 6	65 178	85 55	16 88	95 144	97 48	54 98	83 31	42 58	81 117	15 142	24 132	56 67
38 110	95 172	74 46	89 176	36 73	82 14	51 183	75 158	66 48	91 116	48 136	64 146	25 59	77 69	67 122	31 6	54 120	90 155	12 178	60 130	1 124	37 70	34 192	39 165	10 88	78 157	96 144	29 60	5 78	11 6	6 138	46 194	20 154	92 165	93 116	80 109	85 199	94 153	14 81	84 50	50 80	13 156	40 194	62 198	49 134	33 5	7 69	21 113	26 4	28 39	88 97	87 56	45 86	98 69	55 50	61 88	47 48	0 127	19 130	9 144	35 1	57 116	69 53	41 185	32 94	58 28	63 119	24 1	52 14	22 60	73 180	8 193	23 166	68 27	27 160	59 177	83 52	42 119	15 71	65 51	44 47	2 196	53 191	56 150	17 190	43 95	18 1	16 151	99 119	3 129	30 28	76 154	70 51	81 158	97 86	71 183	72 199	4 135	86 69	79 92
58 86	36 184	49 160	94 171	62 95	33 179	63 180	85 122	75 21	96 24	89 5	10 136	84 46	23 63	2 71	29 140	4 120	95 41	39 11	22 80	7 22	71 105	82 163	81 78	90 126	78 20	19 4	79 195	48 57	91 11	59 33	97 93	41 77	76 128	67 27	35 162	37 71	74 108	24 122	66 70	73 63	87 174	80 164	68 171	1 40	45 193	70 76	25 87	43 143	57 172	47 38	53 166	16 136	14 168	34 40	5 73	50 7	61 24	99 162	21 50	32 28	15 32	38 166	17 42	26 180	54 75	20 36	44 118	11 74	88 23	52 191	27 188	56 99	13 80	40 7	65 188	86 162	77 89	12 19	3 1	69 200	9 22	93 67	51 28	6 141	98 75	31 62	83 164	18 28	64 179	60 125	42 74	55 142	72 84	46 185	30 27	8 32	0 36	28 110	92 16
87 122	15 142	52 13	24 130	11 103	57 7	97 136	26 146	65 145	27 194	33 113	66 53	61 97	42 111	79 11	91 130	54 136	82 117	77 125	76 114	83 143	2 106	32 117	16 50	22 21	72 108	12 21	67 128	14 26	45 40	80 194	46 41	38 196	23 110	10 190	9 105	40 137	90 199	58 87	17 6	39 117	89 74	48 96	62 5	73 122	0 91	63 59	81 142	28 48	96 113	19 52	71 160	30 164	50 129	59 3	29 78	20 2	21 7	49 80	3 157	60 79	43 23	18 190	84 79	31 173	35 193	55 122	92 79	69 116	41 34	51 54	37 68	4 34	25 166	13 10	36 147	5 48	68 146	99 89	47 177	34 147	70 195	56 106	53 171	74 155	95 116	75 29	78 184	86 143	88 195	1 52	93 12	94 98	44 171	8 29	6 37	64 151	7 184	98 167	85 156
37 40	48 57	15 91	22 2	41 162	62 21	35 140	73 171	80 16	69 6	42 19	7 182	74 65	97 9	33 82	76 71	91 128	23 141	90 50	87 103	30 25	77 114	43 34	5 47	94 195	19 130	61 97	26 104	46 194	34 146	65 16	79 186	71 112	45 28	55 51	8 140	31 26	53 148	1 88	2 188	38 121	32 31	44 139	14 61	86 62	11 115	3 137	36 18	59 121	84 142	54 51	89 22	24 92	29 139	0 37	28 177	81 143	93 11	21 10	83 180	10 117	57 35	13 22	98 131	16 172	40 25	63 71	52 95	58 42	17 88	70 20	51 161	99 14	72 199	49 74	92 124	18 21	66 101	39 76	4 135	50 49	20 1	60 127	27 133	68 199	78 36	67 176	25 164	96 4	95 137	82 156	56 113	47 109	6 105	75 112	64 72	88 161	12 188	85 121	9 68
89 16	84 84	37 195	21 138	41 173	50 174	72 41	22 141	57 137	20 175	16 145	39 173	51 91	92 88	58 146	93 144	8 131	47 87	70 198	45 193	44 165	15 74	10 157	19 136	28 107	9 142	66 8	46 165	99 55	82 53	52 131	30 146	5 151	33 31	0 173	78 87	69 71	56 83	35 152	42 92	85 43	49 84	87 151	40 52	63 86	60 88	11 127	31 86	81 103	61 98	62 37	25 57	13 67	7 166	34 184	24 72	74 66	14 130	86 163	3 4	91 83	12 5	38 40	2 169	76 173	94 177	64 15	67 88	26 86	1 38	53 69	77 172	75 26	59 142	88 39	73 15	54 68	71 31	95 22	32 108	27 110	97 23	4 115	79 189	23 52	96 108	18 2	80 199	68 163	29 56	98 125	48 195	17 98	55 33	6 101	83 124	43 25	65 49	36 118	90 86
60 57	2 130	53 44	95 106	49 14	11 113	4 65	89 105	88 151	56 94	67 159	48 20	29 129	94 187	93 3	46 29	52 166	6 176	12 161	63 170	96 18	37 118	77 197	3 74	45 94	59 58	98 36	99 20	57 20	42 80	18 54	58 88	41 159	27 174	75 38	83 180	24 156	35 102	22 51	72 31	65 12	44 178	62 14	9 110	31 53	39 176	5 171	16 169	74 80	32 140	91 155	23 79	78 90	81 10	54 4	26 167	76 10	15 26	1 166	17 40	71 75	30 84	40 155	82 112	50 4	20 158	84 136	66 184	70 65	64 104	14 99	10 83	19 108	80 2	13 69	85 2	69 76	0 160	92 16	97 40	86 64	87 152	51 128	36 6	61 12	73 105	43 153	28 195	55 144	7 195	25 127	33 81	8 29	21 185	38 171	79 162	90 157	34 5	68 56	47 186
37 19	52 131	68 167	62 20	21 65	90 102	94 38	43 48	41 62	12 90	26 48	24 83	22 179	32 174	89 8	51 24	44 117	83 54	25 80	35 95	84 179	71 136	53 59	96 48	7 192	46 192	23 171	33 8	10 71	8 184	5 27	64 87	99 69	45 198	27 148	50 153	40 112	29 115	80 136	85 181	92 55	63 166	16 71	75 154	0 27	95 196	42 81	79 100	57 85	47 47	54 36	4 50	82 82	11 88	77 24	1 145	36 199	73 21	55 48	97 182	48 82	58 161	38 130	86 65	2 62	81 194	88 44	78 30	91 115	67 148	49 173	72 35	76 170	14 101	87 196	34 200	59 136	6 177	30 70	13 115	61 161	15 68	3 91	17 90	70 29	18 147	65 124	19 165	66 173	9 140	56 154	28 72	69 36	31 89	60 76	39 142	20 109	98 107	93 152	74 69
12 113	37 23	46 151	7 73	29 41	53 140	94 10	60 40	68 123	50 128	38 37	41 43	21 196	91 190	64 78	11 148	30 157	75 106	59 98	48 134	10 27	42 38	5 162	82 126	49 72	14 184	15 141	25 136	8 135	45 180	95 173	18 137	6 150	74 53	83 130	27 23	23 166	57 177	2 89	55 63	92 97	76 94	33 137	62 3	81 98	88 173	89 81	43 169	84 139	85 77	16 86	69 189	54 49	19 101	72 193	13 176	93 60	39 99	86 106	61 128	44 177	79 143	22 95	66 27	24 100	3 180	90 4	51 99	9 174	35 90	0 173	26 39	77 53	20 124	71 60	98 63	36 194	99 142	73 180	4 112	63 127	67 135	58 32	28 61	47 149	80 62	1 39	32 64	52 121	78 136	56 136	34 28	40 127	87 59	17 53	70 31	96 156	65 109	97 115	31 54
56 171	80 194	36 108	55 129	27 86	67 112	3 197	39 178	6 145	42 137	95 149	19 76	96 125	70 65	65 77	75 132	23 16	53 64	94 123	72 36	7 103	57 116	12 132	66 186	40 94	8 110	88 81	45 87	21 15	32 79	30 102	13 15	73 72	93 145	78 187	33 158	20 19	99 105	50 194	62 122	61 67	54 155	26 81	98 117	35 75	4 81	60 10	41 174	2 95	58 87	9 167	52 15	25 102	92 196	22 17	84 62	0 22	69 78	89 27	49 152	77 36	76 155	16 131	86 112	46 168	47 110	1 138	79 196	38 135	11 29	87 103	83 58	17 200	10 169	14 172	97 118	28 124	82 178	91 164	34 141	68 35	85 47	24 131	29 8	5 78	81 153	64 111	90 29	18 193	44 163	37 48	15 131	71 26	74 110	43 80	31 13	59 71	63 63	48 171	51 107
60 167	86 63	53 193	65 134	30 127	2 13	82 45	51 48	32 53	75 122	85 190	39 54	68 173	94 25	93 50	88 12	43 12	80 19	4 183	62 2	20 97	42 134	92 102	1 149	89 51	56 76	40 119	91 38	17 73	83 129	8 175	50 74	87 91	74 155	45 19	6 21	24 9	22 166	37 179	29 46	81 35	76 48	16 76	19 115	69 118	79 164	59 67	28 98	90 20	33 143	26 54	71 128	12 133	25 25	58 125	15 45	54 109	10 193	95 143	97 22	0 141	64 17	44 54	31 140	36 67	21 40	3 146	41 153	48 58	96 14	34 116	67 7	77 107	84 44	38 182	35 90	98 135	27 120	13 56	11 103	49 10	99 81	72 156	61 155	78 144	14 104	46 46	55 134	70 148	66 132	5 14	73 4	52 49	9 49	47 41	63 181	7 199	23 171	57 151	18 20
