90	50
35 97	38 166	39 58	36 189	12 10	23 200	17 175	41 54	26 86	16 141	47 109	18 186	24 169	43 132	21 141	3 80	2 26	29 46	44 4	45 25	10 44	42 111	37 6	1 90	19 95	34 159	11 121	20 6	25 29	40 110	22 132	46 24	5 125	6 112	30 82	14 16	33 182	28 126	13 66	8 35	9 74	49 111	31 154	4 89	27 90	15 166	48 193	32 116	0 124	7 99
15 66	9 118	48 28	1 199	43 75	6 123	14 49	16 120	36 127	19 53	47 111	40 57	18 100	3 68	5 187	2 18	11 145	21 48	29 178	12 194	33 63	22 120	45 144	27 71	44 195	28 165	0 193	41 17	17 79	8 120	38 44	24 130	26 144	39 58	20 20	13 8	4 146	37 158	23 17	46 7	7 194	34 106	42 21	49 69	31 149	30 24	10 124	32 136	35 60	25 162
18 143	49 42	33 187	14 53	7 51	12 76	47 115	26 40	6 175	45 11	15 94	31 143	34 161	3 109	44 92	38 144	29 159	28 152	40 104	4 36	1 127	16 155	17 75	13 9	11 51	41 43	22 200	39 61	27 166	23 69	48 106	42 60	20 88	24 54	37 36	35 94	36 106	43 112	10 110	8 181	32 13	21 48	46 68	2 140	19 53	25 64	0 199	9 188	30 66	5 86
41 84	42 24	45 159	23 65	33 51	34 181	21 167	43 46	3 197	10 77	1 74	25 70	31 185	35 187	9 49	16 109	7 139	20 171	18 131	37 171	49 138	17 135	38 179	0 47	27 13	44 164	19 191	13 99	32 136	39 121	5 84	11 94	48 75	2 182	14 53	47 163	4 76	29 173	6 151	22 18	24 20	46 55	15 135	26 3	30 191	12 34	8 85	36 32	28 172	40 130
7 49	17 113	44 144	14 193	23 165	36 123	49 113	28 156	46 52	21 115	39 73	43 73	10 194	18 49	26 88	15 14	27 161	8 114	45 78	3 133	0 193	1 123	38 59	12 164	6 65	31 72	24 47	40 41	11 8	47 152	34 131	41 130	2 56	30 185	35 88	16 22	32 113	20 27	48 104	29 104	33 196	9 93	22 115	5 30	37 103	25 196	4 5	19 1	13 57	42 72
11 186	43 65	26 14	37 56	23 95	20 86	12 139	42 24	7 39	40 162	10 6	27 187	32 62	39 34	13 25	34 86	6 44	14 4	45 148	22 5	2 61	17 195	18 77	5 8	0 95	31 62	46 178	19 91	49 127	25 104	35 39	48 154	44 58	30 200	24 26	16 48	4 179	9 197	8 59	28 189	21 94	38 149	15 166	29 196	47 44	1 74	33 134	3 52	36 7	41 83
35 108	40 7	42 167	14 111	32 40	13 177	34 117	3 60	29 99	46 104	8 78	9 45	26 188	20 78	31 28	1 131	7 15	23 22	10 42	44 95	25 11	4 122	24 162	0 75	15 191	5 190	30 86	17 175	18 1	47 176	19 155	27 1	21 128	12 153	41 152	37 15	22 111	49 134	43 105	28 12	36 89	33 26	48 24	16 108	39 152	6 176	11 120	2 99	45 15	38 155
27 160	15 61	11 143	24 84	35 118	48 37	33 180	37 22	10 56	17 1	3 130	26 186	47 148	1 63	30 27	13 142	46 169	2 172	21 136	12 44	43 74	7 121	5 2	41 157	29 195	34 186	44 131	28 139	16 169	42 165	8 154	38 81	23 76	9 118	31 84	14 105	49 84	19 33	4 185	32 50	0 10	6 90	36 102	39 78	40 146	18 145	22 46	20 189	45 21	25 94
40 163	47 119	29 74	2 19	20 106	44 85	9 126	16 81	6 21	32 191	49 85	33 87	13 63	27 40	4 80	26 61	14 133	25 175	15 115	12 33	42 137	30 74	22 114	28 94	39 121	34 144	5 145	3 24	7 178	21 14	17 37	18 70	19 161	38 107	23 167	31 142	36 4	24 14	48 108	0 88	10 140	45 137	41 170	8 54	46 159	43 66	37 161	1 121	11 118	35 98
13 196	3 99	40 39	37 14	7 73	30 143	15 177	20 80	5 66	22 135	4 57	23 107	44 180	46 118	41 189	16 67	6 146	48 95	10 194	18 182	32 72	25 87	24 132	43 52	26 133	38 41	34 126	14 152	49 18	19 83	27 74	35 42	45 175	29 153	28 128	12 54	0 14	1 179	2 50	11 114	33 70	31 131	47 76	9 153	42 178	39 185	17 153	36 95	8 184	21 123
37 182	0 71	44 84	32 89	42 192	26 5	40 80	15 77	43 32	9 40	25 193	36 30	28 128	14 25	1 36	35 103	23 181	10 67	24 86	49 40	22 114	48 58	4 185	47 22	45 155	39 146	46 94	19 109	27 165	31 152	11 84	13 183	33 59	2 57	17 115	16 31	38 126	20 19	29 194	18 18	30 178	21 170	8 69	12 109	3 150	7 46	41 185	34 46	5 18	6 19
45 84	25 128	28 123	15 100	32 181	12 187	42 169	17 87	16 178	40 67	49 118	8 141	30 125	21 61	3 199	36 117	9 101	31 85	11 46	47 8	35 73	27 167	22 56	10 179	37 26	6 91	14 34	41 113	43 107	2 189	7 198	23 6	19 99	18 115	34 16	38 173	26 136	4 74	48 107	29 128	39 128	13 62	33 104	46 23	24 162	0 53	5 111	20 7	1 61	44 84
17 93	45 37	38 168	25 118	12 104	37 119	3 128	7 139	36 29	48 70	26 36	13 61	31 3	43 37	44 30	47 117	21 177	4 150	16 147	39 144	18 131	34 68	22 61	20 36	30 111	46 194	41 68	0 77	14 83	10 122	42 92	35 1	32 18	2 19	24 175	19 72	15 34	1 83	40 114	33 135	49 35	11 165	28 129	9 198	6 77	23 104	8 33	27 134	5 62	29 147
10 13	7 20	1 197	26 125	15 196	29 82	0 139	47 153	23 98	18 103	31 184	16 116	30 13	34 62	38 9	40 169	25 10	4 112	2 163	9 128	36 71	48 14	49 81	32 142	42 181	8 172	28 4	39 154	21 54	41 105	43 1	27 25	45 126	22 7	13 9	6 44	19 174	46 76	24 31	17 142	37 146	35 151	12 86	11 10	5 52	14 4	3 44	33 198	20 159	44 107
17 80	41 93	15 2	6 137	9 82	46 40	1 88	36 86	20 10	7 149	13 179	26 75	49 13	38 27	22 13	23 130	39 25	28 118	10 99	40 171	29 22	8 85	33 2	18 23	31 28	19 141	24 149	11 69	12 199	2 103	43 26	16 165	14 135	44 63	35 153	0 185	34 38	5 105	25 104	42 40	45 51	37 149	32 105	48 88	47 42	4 13	21 190	3 179	30 8	27 66
6 6	18 67	21 137	0 61	37 88	25 187	5 80	19 117	49 159	32 185	39 170	44 22	3 86	16 174	8 81	24 108	34 12	45 118	17 81	12 176	10 121	29 16	20 38	9 146	38 49	40 110	26 166	31 73	42 48	35 29	2 10	7 142	22 16	47 61	33 186	46 125	14 181	30 73	4 24	28 190	1 83	48 60	11 162	27 147	23 78	41 5	13 65	43 104	36 178	15 87
7 174	10 102	20 79	19 56	28 31	31 22	35 160	4 80	36 115	6 154	11 106	17 133	8 93	38 4	41 109	37 176	12 107	3 185	23 150	34 198	16 25	42 54	46 51	43 174	0 137	21 31	2 117	33 116	5 137	45 107	22 102	18 195	47 179	32 76	44 107	49 5	48 60	9 79	14 130	1 9	30 53	40 108	13 134	15 52	24 58	25 106	27 184	29 138	26 55	39 110
38 38	3 2	0 131	35 25	27 137	1 88	39 69	13 162	12 111	22 72	26 92	10 35	30 26	14 191	34 44	7 166	31 112	41 174	29 122	23 153	48 178	36 144	44 31	2 149	24 168	16 193	20 177	21 5	33 87	47 93	49 144	37 180	6 93	17 115	25 154	46 200	32 197	28 195	19 72	4 68	8 25	11 8	43 133	5 173	15 104	9 157	45 103	40 95	42 119	18 41
17 100	36 102	27 156	43 112	37 22	26 65	4 47	20 140	41 56	29 62	32 13	22 160	21 162	23 106	14 25	34 42	44 19	16 123	30 101	25 131	11 86	46 53	1 166	35 24	38 186	18 33	49 153	15 187	7 22	39 24	33 56	42 157	9 61	31 13	48 104	13 200	47 184	40 16	10 113	45 116	5 95	12 53	2 7	8 104	3 107	0 184	24 118	19 130	6 128	28 82
39 56	3 7	2 188	15 93	48 81	44 155	46 123	5 128	47 4	45 73	9 17	20 84	16 94	8 33	26 48	24 49	32 127	18 144	17 47	10 149	22 11	25 62	43 26	28 144	19 153	42 197	14 26	37 74	36 27	38 179	31 125	6 200	0 64	23 84	21 8	1 183	12 32	27 67	41 74	40 25	29 61	34 14	33 83	13 93	7 5	35 157	49 185	11 12	4 193	30 106
15 167	46 135	37 137	21 54	30 7	1 12	19 156	47 162	8 129	28 12	26 154	11 99	4 58	14 16	7 148	36 10	25 192	35 77	9 41	24 187	0 83	44 10	41 49	32 8	10 118	45 69	29 175	38 74	48 85	18 188	16 172	39 168	22 80	33 184	49 172	6 150	40 62	17 61	43 34	20 181	12 141	31 3	3 177	27 104	23 17	13 49	2 174	42 72	34 46	5 13
31 126	7 71	42 63	48 199	12 109	8 98	20 103	26 79	0 52	3 159	9 68	27 148	4 77	21 151	49 177	32 144	17 195	47 16	19 30	1 44	30 41	45 94	33 39	39 112	13 99	11 98	10 157	46 139	15 106	5 82	44 137	16 192	36 78	38 15	14 96	2 162	34 76	24 90	41 98	22 192	25 197	6 114	35 59	18 86	23 10	28 164	37 110	40 24	29 138	43 154
9 169	2 138	38 51	31 168	19 59	20 92	24 95	12 162	15 4	6 197	13 187	28 125	32 150	47 198	46 166	42 95	44 133	14 101	17 167	41 155	33 23	3 151	8 88	18 16	30 111	25 72	43 70	26 103	1 179	0 130	34 51	35 113	7 68	29 43	11 136	21 198	40 65	49 32	45 157	48 169	5 30	22 101	27 10	10 90	37 192	39 141	16 88	23 162	36 148	4 33
47 142	2 147	35 70	7 171	29 24	43 68	27 94	16 61	17 185	18 42	10 67	8 21	23 122	41 1	3 120	38 81	34 177	6 174	0 9	12 127	19 188	25 125	1 166	9 110	36 81	31 162	14 114	22 99	49 98	4 19	45 17	24 167	39 31	48 87	37 12	5 183	42 194	20 105	30 156	32 5	33 98	21 189	46 90	26 149	13 39	40 72	28 51	11 153	15 70	44 32
47 116	26 56	24 188	35 25	22 118	30 112	17 78	42 21	27 41	37 195	38 199	6 25	41 193	19 180	8 37	40 153	2 134	18 42	16 134	28 29	33 24	11 195	39 168	29 89	1 36	4 175	9 67	0 156	36 158	48 125	32 68	7 173	34 90	31 5	44 29	43 70	45 39	20 36	21 12	49 62	25 189	15 159	10 115	23 72	12 98	46 17	5 148	13 113	3 55	14 126
25 185	26 12	40 45	12 111	35 164	11 77	10 196	46 62	19 31	16 174	17 186	30 28	20 192	39 75	23 42	37 128	13 154	31 78	0 102	32 39	1 55	18 177	48 154	6 156	24 125	28 10	44 67	14 191	8 19	5 119	45 13	38 139	41 101	43 15	36 16	49 141	7 51	21 28	33 135	3 50	9 136	22 41	27 191	4 113	2 90	29 149	15 67	42 78	34 153	47 156
15 126	28 61	45 109	12 92	18 121	5 171	16 137	19 33	37 159	13 84	3 158	30 198	49 189	34 15	29 143	32 22	24 144	47 102	2 19	48 66	44 118	38 200	21 38	17 174	43 149	42 144	31 158	9 193	40 6	46 26	7 49	27 30	26 193	41 143	10 98	14 194	23 117	8 129	36 96	20 173	33 31	22 162	35 172	25 111	4 16	6 59	0 42	39 30	1 16	11 192
44 31	23 41	15 171	18 93	34 12	7 114	37 60	28 168	41 76	45 193	31 98	12 116	27 188	48 46	32 64	43 125	0 56	19 94	9 117	16 114	1 43	14 148	38 130	29 114	5 82	10 58	6 126	39 22	40 81	26 43	33 195	11 124	2 184	24 42	13 159	35 177	36 85	3 56	49 190	20 7	22 7	42 43	25 134	4 62	30 94	47 132	21 65	46 5	17 24	8 36
20 110	4 106	0 38	44 159	15 3	19 147	39 10	7 16	25 199	5 82	49 199	10 5	31 186	9 22	6 191	13 24	22 146	36 22	26 112	38 128	48 189	33 91	14 153	34 188	29 116	42 69	35 152	41 20	45 159	12 105	24 105	27 84	17 19	47 60	40 102	1 164	46 6	2 88	30 31	3 190	21 169	37 55	23 5	16 111	28 22	11 7	43 47	18 95	8 191	32 52
44 183	14 72	9 197	33 115	40 180	0 168	13 133	10 2	42 109	49 106	18 82	23 130	4 2	1 87	39 113	34 44	17 5	8 155	16 96	27 66	31 58	32 108	45 66	28 115	21 29	7 193	3 37	43 24	36 169	35 161	30 193	11 137	46 53	12 49	19 39	15 98	37 77	2 53	29 7	6 27	5 178	26 123	41 131	47 15	38 66	20 116	25 162	22 141	24 199	48 30
1 188	19 129	0 45	15 37	12 58	2 148	39 135	31 117	33 150	38 178	25 4	8 183	14 10	47 84	21 34	28 21	3 2	44 82	13 91	48 23	6 176	45 104	16 89	9 78	11 71	43 160	36 22	26 84	10 71	35 120	17 22	34 91	22 78	4 37	30 28	27 187	41 19	20 128	46 175	23 80	5 132	18 75	24 20	37 70	40 15	42 131	29 23	32 155	7 129	49 7
34 115	18 115	36 152	20 143	6 116	47 44	10 176	25 151	44 159	22 11	19 139	49 127	43 28	37 19	30 105	11 84	41 150	16 59	0 196	1 86	5 114	45 152	24 35	32 140	3 160	26 102	7 191	12 65	23 63	31 30	28 88	21 127	9 94	13 93	27 8	17 19	8 71	2 48	38 186	29 183	15 109	33 197	35 145	46 113	40 117	42 38	14 9	39 68	48 193	4 39
32 182	39 86	28 17	48 81	44 171	27 32	12 69	36 124	40 181	17 180	49 117	41 112	29 192	20 12	10 67	38 11	16 8	9 120	6 178	37 59	21 64	5 15	25 130	45 96	11 163	34 111	13 69	0 29	7 135	14 82	47 165	18 193	30 183	19 194	8 182	31 161	2 67	23 103	3 14	4 82	43 91	1 17	35 150	26 169	24 115	46 22	15 106	22 33	42 138	33 71
12 105	22 58	46 47	28 127	16 88	39 166	26 82	37 29	23 152	40 161	13 154	11 62	7 115	27 25	45 162	3 22	20 11	47 88	17 163	15 163	8 52	21 91	44 49	48 128	30 70	42 137	19 1	31 146	9 182	1 47	5 93	35 71	25 191	43 27	24 33	33 138	0 127	36 9	49 40	41 176	18 65	29 64	38 135	32 7	14 86	10 47	34 88	6 83	2 133	4 144
13 19	33 102	39 185	40 193	4 52	5 75	25 120	45 26	44 5	1 140	26 159	34 46	37 33	35 33	28 32	3 70	23 76	16 195	0 26	8 20	15 145	24 160	48 80	47 35	36 67	46 182	31 30	42 145	41 41	19 174	9 131	27 14	11 141	12 103	14 154	43 3	10 132	17 61	21 128	7 83	22 134	32 154	18 12	2 132	38 71	30 156	20 166	29 166	6 7	49 112
11 52	38 165	10 67	34 19	36 133	29 80	33 56	3 168	43 41	39 168	9 198	31 119	22 173	13 143	5 60	21 150	25 103	48 23	42 51	19 41	4 63	7 99	23 187	2 148	45 4	37 31	49 43	46 172	44 89	41 162	17 132	20 6	16 128	28 44	35 165	26 111	18 187	1 144	8 119	32 200	12 116	0 193	30 192	15 133	47 118	24 48	14 38	40 63	6 9	27 25
10 61	31 94	17 169	22 79	44 114	25 63	9 33	5 130	15 163	39 55	14 4	7 130	2 62	13 17	37 159	21 123	48 89	12 140	24 99	41 186	38 151	29 17	34 134	42 111	43 101	26 85	16 81	49 1	23 197	19 10	11 152	18 171	47 67	28 123	0 87	4 72	40 69	20 5	30 199	36 118	32 194	1 49	33 69	45 88	35 191	6 184	46 148	27 33	3 41	8 145
22 117	44 51	35 13	42 120	10 45	8 110	4 27	48 32	16 129	49 110	36 69	30 148	31 198	47 145	1 54	41 80	40 121	39 149	7 131	2 2	3 37	25 57	37 115	17 168	13 152	15 22	5 18	33 194	0 136	43 177	26 146	9 19	12 171	14 174	21 86	29 97	23 69	6 108	28 29	32 31	11 44	18 77	46 101	45 142	24 125	38 121	20 71	19 196	34 3	27 112
48 7	18 16	42 144	38 11	3 183	45 164	41 68	36 1	46 195	15 191	14 190	34 59	39 70	35 71	16 129	9 69	27 85	24 31	47 187	19 68	30 50	26 188	20 108	0 89	8 37	2 57	28 27	1 66	21 167	37 60	22 89	17 192	44 162	40 92	43 155	25 54	12 20	29 101	10 169	23 184	11 76	13 158	31 106	7 34	33 165	32 122	6 21	4 95	5 66	49 19
33 54	39 108	42 184	3 81	36 190	47 70	28 114	7 160	5 22	6 105	9 6	24 14	29 97	21 27	45 42	38 198	0 91	34 104	46 81	32 12	2 198	22 39	49 197	15 123	31 20	4 77	19 49	20 37	18 172	11 105	16 162	14 152	23 196	8 69	25 3	37 82	26 73	17 78	1 19	10 177	30 128	13 137	41 173	12 86	27 26	40 176	35 186	44 158	43 59	48 175
24 168	9 36	32 18	23 184	28 189	5 163	49 69	7 83	26 142	11 109	20 3	13 64	30 151	38 58	39 141	37 119	1 130	18 88	31 109	33 144	15 118	17 176	42 106	2 46	16 186	46 95	43 162	6 76	0 21	22 59	35 153	27 112	12 36	25 73	8 124	3 170	47 170	21 41	4 10	48 181	40 136	14 115	44 152	19 79	29 99	36 115	45 57	34 48	10 151	41 99
17 14	14 71	16 22	20 104	37 70	46 97	47 82	29 174	1 143	30 103	39 87	3 160	40 20	19 154	6 105	35 58	11 96	23 141	33 81	45 46	13 130	31 23	27 71	18 199	2 131	9 32	36 105	43 2	32 99	42 94	7 122	12 185	38 12	28 160	21 21	22 90	0 163	34 48	10 140	15 38	24 21	49 76	4 171	5 20	25 66	41 24	48 141	44 66	8 109	26 119
15 181	1 182	9 51	44 168	26 193	5 28	23 1	47 112	35 4	14 83	4 68	7 22	38 124	19 194	41 13	11 119	30 155	18 112	45 102	39 87	25 64	33 197	16 131	36 86	27 46	40 91	6 113	32 33	46 86	13 71	22 131	2 181	8 130	43 81	34 7	10 86	20 124	42 159	37 32	49 54	17 81	28 18	3 193	31 146	29 86	48 7	24 68	21 182	12 32	0 165
4 74	18 51	17 101	47 169	11 199	43 124	3 127	27 72	29 154	41 106	16 130	26 82	22 59	49 170	44 191	33 167	45 161	10 181	7 62	42 168	30 13	40 165	23 79	15 87	24 158	9 28	46 131	31 25	12 33	0 114	48 7	6 19	32 181	20 15	34 190	38 3	1 130	13 180	28 192	37 181	39 6	21 31	2 125	8 154	25 90	35 191	19 75	14 35	5 194	36 163
41 101	13 39	14 99	8 30	38 90	3 122	26 155	43 134	48 34	23 104	20 26	15 23	16 18	44 13	0 84	45 129	11 102	34 67	46 142	36 179	21 177	10 4	18 155	42 102	17 192	31 25	32 160	9 49	7 63	28 141	24 181	5 35	27 59	25 111	30 58	22 156	1 198	40 127	47 155	29 41	12 135	2 6	33 90	6 130	4 134	37 86	35 75	19 85	49 93	39 149
9 153	29 67	41 8	18 200	30 39	17 75	40 43	22 122	10 42	16 85	23 85	36 86	8 144	21 1	0 108	27 182	32 87	26 77	35 4	11 24	28 85	42 122	46 76	39 85	33 98	7 180	44 11	47 189	31 200	45 99	14 164	6 162	4 160	3 170	48 156	49 114	37 180	38 45	20 116	25 71	5 100	2 180	15 20	19 150	24 133	13 143	12 19	1 51	43 148	34 161
17 177	22 102	3 180	46 11	5 74	12 184	11 39	9 103	2 146	39 18	24 193	41 125	33 113	40 52	6 40	36 1	30 83	16 102	13 194	23 134	31 5	38 121	21 148	1 5	32 156	8 94	29 32	7 77	49 165	35 69	20 115	28 86	0 134	44 107	45 19	43 3	14 116	27 166	15 113	4 24	48 138	10 53	19 50	26 135	25 142	34 2	42 183	37 195	18 14	47 66
44 72	48 56	15 141	25 70	8 15	39 108	20 60	37 199	30 58	5 131	46 48	17 3	14 117	33 167	3 175	41 115	43 54	22 197	7 123	4 13	0 64	35 109	36 29	11 179	10 113	32 95	24 19	23 14	38 5	40 158	26 25	6 155	13 197	34 105	31 50	45 171	12 116	49 116	2 155	27 79	1 92	29 67	9 47	18 136	42 54	47 89	16 160	21 39	28 115	19 154
45 70	22 149	1 184	33 127	2 174	7 140	13 50	37 78	5 172	25 10	6 30	19 106	0 188	30 30	46 160	9 13	29 22	24 40	15 111	10 90	42 85	20 84	43 121	39 143	4 96	3 22	23 128	12 35	40 2	18 45	48 80	31 5	35 10	11 65	38 86	28 37	32 90	27 132	21 73	41 38	16 12	34 171	17 72	26 129	47 104	14 190	49 11	8 124	36 64	44 18
12 113	38 84	44 48	26 18	3 92	32 133	13 192	46 25	1 179	18 149	41 134	23 62	20 68	34 64	43 26	49 173	30 12	11 37	39 70	8 32	33 86	10 45	40 183	21 127	19 146	28 6	2 157	36 79	9 170	29 42	47 136	42 96	24 53	7 170	27 7	17 185	5 33	6 145	25 104	15 172	37 128	0 130	14 147	45 19	22 105	31 174	16 179	35 84	4 160	48 189
49 49	8 196	35 146	12 11	39 159	25 136	14 109	13 77	18 199	44 92	34 67	47 57	2 65	7 138	21 77	38 44	19 48	32 115	37 181	43 164	26 52	41 74	31 184	5 157	16 185	1 52	48 86	23 66	11 42	36 109	20 104	15 8	24 185	27 33	29 122	30 15	45 88	17 52	10 15	28 146	33 21	9 136	42 138	4 105	22 131	3 44	0 154	46 64	40 115	6 171
12 47	32 170	48 47	31 119	36 115	44 132	40 154	10 131	49 3	0 158	37 46	5 32	42 179	33 182	24 160	3 19	47 178	34 49	4 132	35 52	7 88	45 168	6 50	18 79	46 150	27 183	25 72	22 199	26 95	30 186	43 117	39 75	41 108	16 94	38 51	17 167	1 3	29 150	19 150	13 24	9 5	23 184	15 44	2 79	14 9	8 98	20 62	28 106	11 142	21 61
12 3	48 51	28 26	14 65	42 15	34 145	29 185	39 194	31 125	16 136	26 144	6 139	4 159	22 67	35 130	49 97	46 25	8 136	15 62	20 44	24 107	13 47	0 169	19 32	43 76	40 97	44 200	37 10	11 26	10 61	17 144	47 193	3 78	5 101	30 65	7 24	25 182	18 2	45 167	33 117	32 63	27 62	38 44	2 45	36 121	41 195	21 51	1 116	9 12	23 11
1 156	0 132	15 15	29 35	14 155	40 72	48 199	20 21	2 81	10 129	36 97	8 118	13 191	30 72	11 129	9 6	28 13	39 108	3 72	27 55	34 15	47 184	44 185	35 100	26 112	18 175	42 77	7 122	32 156	45 88	6 75	25 93	38 108	19 134	21 73	49 154	33 81	37 32	46 172	4 192	22 21	23 70	17 49	43 11	16 106	5 64	12 161	41 114	31 144	24 19
41 12	3 94	48 105	37 40	38 35	7 129	23 28	13 98	34 121	39 34	16 96	20 96	46 109	1 34	10 152	19 17	21 128	33 26	24 196	31 28	15 32	9 147	18 33	25 128	30 162	0 3	49 19	4 86	45 45	11 2	2 161	14 139	27 168	6 164	40 87	12 69	42 95	5 151	43 120	36 101	17 132	29 16	32 133	22 51	35 74	28 5	8 54	44 137	26 7	47 157
23 54	1 100	26 53	21 16	35 136	3 110	30 74	48 20	9 28	19 26	0 62	20 75	17 11	27 23	18 190	29 31	33 30	8 188	32 110	38 97	31 41	34 33	5 184	15 86	40 28	44 87	7 42	28 24	47 8	49 185	12 35	45 134	46 32	22 192	6 186	13 154	37 154	36 43	4 172	10 37	14 110	42 98	24 23	11 126	41 121	2 194	25 120	39 118	16 153	43 158
19 2	6 169	20 36	30 19	44 147	23 4	22 199	40 33	5 140	47 184	41 3	31 151	36 101	10 49	0 160	28 144	33 43	45 197	34 109	26 89	21 115	29 21	37 126	8 165	16 149	1 126	24 126	12 138	13 120	3 58	49 56	11 58	42 84	2 187	32 79	35 14	9 42	38 121	46 125	27 83	14 82	39 137	25 66	7 100	4 14	17 37	43 119	15 97	18 92	48 188
14 48	13 33	21 52	49 48	35 123	5 107	22 130	32 182	33 94	29 162	47 29	45 169	43 93	6 98	48 184	11 54	42 131	12 78	36 7	1 187	0 49	4 25	23 108	8 131	2 106	31 90	40 168	16 29	17 68	39 18	37 84	25 97	28 187	19 75	41 90	3 50	30 96	15 32	26 84	44 40	34 47	24 138	9 181	18 94	27 102	46 183	38 196	7 29	10 124	20 125
45 179	41 172	2 176	25 46	48 105	0 125	49 88	42 42	24 148	46 102	3 134	30 86	13 196	1 78	23 84	4 182	19 1	22 167	7 143	38 15	10 106	12 64	31 2	5 200	34 116	36 65	20 1	32 108	47 84	28 145	18 15	11 198	35 130	44 36	26 27	27 76	16 100	6 173	17 2	39 73	8 141	15 20	37 80	14 169	33 184	21 28	40 149	29 76	43 64	9 126
18 147	30 117	37 82	22 41	49 13	35 194	46 32	36 142	20 75	21 123	31 130	15 9	44 126	40 84	25 123	42 60	2 9	26 4	12 146	32 136	45 112	28 107	47 85	43 148	17 82	6 157	41 52	24 174	5 154	3 161	4 158	1 87	38 74	14 20	8 42	27 5	11 185	48 51	10 58	0 34	13 86	33 3	23 102	29 7	39 116	34 79	7 85	19 152	16 58	9 10
47 84	38 35	29 53	12 42	48 102	4 15	34 190	3 198	5 92	15 102	18 184	17 150	7 14	39 169	16 60	45 166	33 151	6 182	23 81	25 77	20 25	41 39	49 93	43 70	31 84	22 117	36 25	30 117	13 93	35 42	11 178	21 84	46 157	10 194	14 3	44 64	26 119	19 184	42 37	9 9	1 117	0 97	8 25	28 94	40 182	2 117	37 114	32 127	27 145	24 100
35 149	45 121	4 10	2 57	41 112	33 144	0 55	18 174	11 197	14 179	31 8	24 145	27 7	48 61	10 84	22 185	20 70	6 174	32 70	47 1	5 36	25 30	30 128	49 72	7 180	16 80	39 36	29 13	43 166	17 106	21 121	3 59	9 15	23 110	37 102	34 28	1 102	38 12	13 144	46 70	44 32	15 173	8 105	19 87	36 130	40 177	26 1	28 170	42 114	12 33
46 9	12 105	13 156	18 97	48 68	9 142	14 119	23 73	19 182	3 71	49 126	7 190	43 131	1 141	16 47	31 195	36 112	30 152	22 151	11 180	41 58	2 161	45 17	42 42	24 52	38 173	5 51	6 195	27 12	40 8	35 55	37 58	28 57	26 81	20 118	17 183	47 139	4 109	29 147	25 3	34 2	33 177	21 86	15 27	10 90	0 192	8 109	39 129	32 72	44 135
49 151	13 111	43 148	48 73	14 120	39 146	12 15	31 128	30 161	2 46	47 48	42 123	4 171	33 9	18 88	41 118	27 82	20 141	26 130	29 161	36 141	9 191	32 36	3 79	35 80	5 117	24 119	37 111	11 40	17 130	19 71	7 177	25 110	38 42	44 15	40 169	22 130	23 25	0 7	15 112	34 177	8 13	21 51	28 159	45 200	16 174	6 197	1 60	10 94	46 17
15 186	21 60	5 155	41 150	28 25	32 95	9 74	45 77	1 67	16 28	11 99	8 184	46 60	47 107	13 25	25 41	4 31	49 113	12 168	26 72	24 145	42 79	27 123	7 27	30 118	10 12	22 148	48 149	2 161	19 139	37 114	44 9	23 170	0 111	39 115	35 199	17 144	18 100	20 81	31 35	6 34	34 141	36 171	33 77	40 149	29 168	14 69	43 6	3 107	38 11
38 85	24 176	32 168	36 134	42 126	28 96	35 69	8 82	14 103	19 128	5 97	6 9	33 12	29 191	16 22	49 145	41 77	21 146	31 102	48 77	39 152	18 193	10 149	45 149	25 179	17 150	23 93	27 92	40 62	3 147	22 152	2 34	20 15	46 28	1 37	4 83	11 149	15 178	44 63	7 81	12 40	30 175	43 188	13 16	9 161	0 9	26 28	47 148	34 100	37 173
49 89	18 44	7 178	44 190	16 107	47 147	0 12	2 200	24 80	37 131	29 142	39 42	3 31	31 67	25 58	23 187	30 164	46 130	21 9	28 1	43 197	36 176	14 71	5 163	26 126	10 142	40 35	27 104	20 75	45 16	13 191	4 93	12 65	22 106	38 56	34 141	33 115	35 54	11 22	41 158	8 58	19 118	1 124	32 102	17 168	15 45	6 104	42 140	48 86	9 140
16 131	1 101	31 50	25 146	21 62	30 23	27 191	49 12	17 20	37 50	32 36	18 190	39 148	47 149	22 77	15 22	11 135	8 188	29 84	3 109	9 36	40 49	36 40	34 114	33 198	14 94	42 96	13 150	0 21	6 35	41 194	26 148	4 36	38 19	45 18	24 79	10 141	35 136	28 188	2 24	44 17	5 16	19 34	23 119	46 85	20 144	12 42	48 158	43 78	7 178
16 134	43 152	35 102	40 143	26 166	18 185	10 140	20 69	9 43	32 152	42 159	5 90	46 73	48 66	1 153	29 106	27 172	37 105	3 154	6 170	23 139	19 29	11 113	38 78	49 96	34 46	47 154	33 20	2 116	39 72	24 37	22 97	41 94	31 51	13 49	28 133	4 115	14 40	0 119	7 34	17 21	15 115	36 143	21 78	8 104	45 160	12 138	44 178	30 49	25 29
11 107	32 156	23 188	6 101	43 34	7 130	42 18	28 199	10 184	44 44	37 31	46 107	35 92	24 25	33 24	31 112	34 2	3 155	1 127	13 42	26 92	47 53	20 141	30 134	5 106	17 19	9 109	4 83	21 178	14 156	39 83	0 33	41 36	2 142	48 52	15 95	25 93	36 93	38 186	19 97	18 66	16 113	27 109	49 88	22 175	40 86	12 113	45 30	29 47	8 113
46 12	12 1	25 126	28 2	10 91	27 191	1 38	37 144	44 42	33 172	38 85	31 70	40 96	19 8	8 137	5 159	34 16	26 197	35 128	14 29	17 125	24 22	36 130	7 24	4 19	2 3	43 26	47 38	32 179	18 67	23 111	45 35	22 133	39 7	15 161	3 63	11 176	49 140	41 84	0 23	13 191	6 85	48 77	9 64	30 160	16 141	20 34	29 185	42 144	21 44
32 143	25 43	49 154	6 2	3 98	2 11	27 134	18 3	15 42	41 155	22 148	23 79	7 142	37 34	46 159	24 1	47 60	14 70	4 186	40 178	17 71	38 99	10 90	0 152	26 176	19 188	29 156	31 156	30 140	33 192	43 196	45 95	36 124	16 97	13 140	44 1	1 89	12 97	35 73	8 28	21 165	5 85	9 77	34 18	39 13	28 140	48 140	20 104	42 170	11 70
42 173	25 69	30 144	23 113	35 136	0 36	10 199	20 183	49 180	2 132	37 153	4 1	5 23	26 25	41 173	22 77	46 147	8 35	33 76	3 182	44 16	27 78	40 34	38 41	29 116	34 93	13 117	6 48	12 102	7 55	39 36	17 59	11 38	16 108	1 124	18 188	31 15	48 122	28 81	32 94	36 86	24 197	43 99	14 54	9 130	47 101	15 17	19 161	21 27	45 32
28 63	34 109	3 42	42 171	49 110	44 97	36 6	14 121	7 143	5 181	37 156	26 70	30 108	48 150	2 89	17 147	35 128	46 10	10 54	15 81	45 14	47 117	23 25	16 92	39 6	33 151	20 194	6 89	1 78	8 186	18 66	32 11	38 72	4 16	19 99	41 82	25 13	11 8	0 128	24 132	12 169	43 157	22 72	31 177	27 83	13 188	9 162	29 132	40 56	21 151
33 108	47 100	1 78	40 181	21 52	8 4	23 81	30 27	25 188	10 126	42 117	16 9	12 84	35 159	27 134	44 69	45 46	13 192	6 192	37 23	14 115	24 128	9 48	41 90	39 185	34 78	29 180	5 25	38 24	22 38	26 95	4 52	20 105	3 41	48 177	46 79	2 124	17 112	36 121	7 93	18 184	0 93	49 47	31 96	19 170	43 118	28 24	15 172	32 112	11 158
37 31	24 96	34 37	23 67	5 26	44 170	15 91	48 6	30 24	33 176	31 142	8 165	12 102	47 127	19 6	0 152	39 56	13 156	2 64	40 99	18 91	29 108	22 164	6 183	11 131	27 104	46 63	25 37	43 87	38 118	28 35	26 131	20 41	35 51	10 158	9 17	14 70	7 15	4 156	41 9	32 117	49 121	42 19	16 101	1 17	21 123	17 38	3 158	36 88	45 97
3 25	25 25	1 41	17 115	31 174	8 181	24 72	41 174	12 178	29 100	4 34	19 138	39 195	37 179	26 34	22 11	45 82	32 95	43 20	30 119	38 161	23 75	28 155	10 135	11 149	5 100	40 194	20 189	47 82	48 18	46 135	34 25	36 51	0 43	44 138	35 89	14 100	21 24	7 135	6 134	15 33	18 146	9 22	13 99	49 86	27 42	42 112	16 96	33 14	2 197
17 150	14 89	12 186	16 182	9 147	3 116	38 175	25 200	37 165	30 47	40 82	7 123	29 33	24 145	10 154	27 80	15 161	46 44	49 184	35 148	5 180	45 186	32 42	6 95	22 30	1 1	44 170	2 60	23 43	47 114	18 197	34 125	13 84	41 106	21 57	4 8	43 190	19 93	39 138	33 197	26 104	48 28	0 74	36 2	42 185	8 139	11 141	31 56	20 154	28 169
24 50	28 9	40 64	38 100	41 97	9 162	47 102	15 118	46 123	6 2	11 173	0 196	39 110	3 32	33 54	19 169	10 44	12 191	45 131	22 161	23 103	4 113	16 95	42 132	26 92	49 153	30 28	32 128	35 124	2 102	18 117	1 18	36 48	43 116	34 141	29 193	27 156	31 163	5 17	8 25	48 104	7 140	20 79	37 155	14 199	21 9	13 106	44 93	17 172	25 72
27 172	26 40	4 85	7 55	17 98	47 109	12 105	36 149	8 82	13 47	44 180	14 35	35 104	19 78	29 91	42 16	10 132	21 113	1 50	38 181	6 20	9 76	18 115	20 25	30 45	25 128	32 139	0 114	48 94	45 21	3 169	41 23	5 32	39 172	28 92	2 79	24 36	37 107	23 124	33 200	34 179	15 156	16 74	49 56	40 102	46 66	31 51	43 174	22 196	11 127
46 163	43 62	20 142	31 111	49 97	2 98	40 180	9 36	34 165	17 172	48 94	0 121	41 23	28 15	13 141	39 79	29 184	21 21	22 36	6 137	33 112	30 167	47 60	45 185	36 57	24 8	44 7	27 124	26 104	12 80	3 115	25 56	7 109	15 181	38 69	16 37	4 94	8 188	5 20	37 73	35 170	18 190	42 61	11 33	10 14	14 51	32 29	23 191	1 100	19 20
30 159	35 103	24 100	44 31	27 86	46 102	8 3	31 100	39 28	40 43	37 123	6 122	33 65	1 71	4 156	49 112	13 128	34 81	38 16	10 31	2 148	45 182	41 76	3 124	43 54	23 200	47 200	21 57	0 150	29 85	15 198	28 80	12 104	17 82	16 186	32 195	5 149	36 29	22 5	11 149	9 194	7 128	18 77	25 50	42 87	48 123	19 104	20 123	26 175	14 119
31 160	18 99	8 26	11 92	17 109	19 62	27 10	2 28	34 22	3 140	0 24	25 63	5 58	10 120	28 58	30 163	37 182	46 174	29 1	49 163	20 2	47 198	36 148	40 152	38 75	24 79	13 134	48 194	14 193	41 107	12 5	43 106	21 22	6 194	16 90	15 40	35 37	23 35	1 36	32 158	39 53	45 45	44 8	33 82	22 178	26 1	42 19	4 113	9 17	7 185
45 30	6 27	25 63	0 79	9 174	47 167	20 31	32 16	1 174	44 189	49 175	19 175	43 188	18 186	48 29	26 68	29 21	16 113	21 25	38 197	27 80	41 125	13 62	22 179	28 36	11 79	2 172	36 1	10 122	35 75	33 154	12 136	3 8	46 118	34 64	42 90	7 76	24 120	37 31	4 171	14 62	40 66	23 173	15 175	5 88	17 91	30 74	39 95	31 167	8 180
23 125	10 121	15 43	7 27	26 184	43 133	49 113	39 124	16 125	13 114	42 167	48 98	6 199	45 103	8 21	14 182	34 170	17 83	33 167	2 151	1 106	46 181	0 37	5 62	32 140	3 128	30 80	44 121	41 166	29 124	18 190	36 172	21 102	27 165	20 25	38 103	9 34	47 168	28 44	35 60	40 183	24 16	31 153	12 130	11 66	19 151	4 198	22 101	37 109	25 33
49 197	31 184	36 152	22 78	28 117	12 22	27 145	46 90	23 159	2 39	45 127	20 51	33 114	32 188	37 196	3 63	26 85	38 147	4 37	1 40	43 120	14 171	41 51	17 37	24 120	35 150	5 38	8 57	44 19	16 55	29 176	47 173	10 138	21 159	18 183	42 101	7 33	40 197	15 148	11 171	48 18	19 42	39 155	0 35	6 173	13 165	25 55	30 48	34 85	9 21
38 63	20 137	16 166	23 80	29 10	36 3	34 136	0 121	21 146	43 9	4 150	33 9	15 39	48 34	18 117	24 89	10 40	26 83	45 10	2 160	42 108	47 81	3 67	40 44	11 46	44 28	22 92	31 7	39 7	46 42	49 72	5 61	25 111	14 63	13 169	27 66	41 172	32 149	30 41	19 37	8 30	6 39	12 7	17 73	37 109	1 190	28 144	9 129	7 173	35 84
49 139	19 101	34 95	15 55	21 175	27 130	31 25	25 72	38 21	20 31	42 187	23 4	11 187	39 107	22 111	46 122	4 40	26 23	1 79	45 68	8 136	24 181	28 123	44 62	43 168	10 33	48 113	14 87	47 146	7 180	5 54	37 82	33 73	17 176	41 152	18 169	6 27	3 15	16 6	32 67	12 122	13 145	29 137	36 82	2 145	0 131	30 36	40 27	9 62	35 186
28 74	7 110	16 87	23 169	24 20	46 127	21 156	3 3	47 99	44 166	30 65	6 115	15 175	41 48	25 31	4 78	49 168	35 29	38 174	5 91	1 107	19 144	40 13	20 151	2 138	39 197	31 159	33 59	9 123	37 146	10 141	32 139	8 152	11 99	27 56	34 56	36 136	18 170	29 199	42 158	13 115	0 12	22 152	48 112	17 172	26 30	45 90	12 161	14 190	43 47
43 56	26 10	31 87	36 167	7 16	1 123	29 197	16 180	41 113	42 99	3 35	35 175	13 150	46 144	8 71	48 158	22 173	28 132	24 142	27 69	33 38	44 41	34 145	11 25	47 19	19 86	0 44	45 144	14 90	15 179	18 171	30 170	12 136	38 100	49 107	39 155	6 98	2 111	20 30	23 82	37 88	4 22	40 130	9 174	5 165	32 29	21 121	10 17	17 198	25 65
