30	70
48 13	37 44	47 111	42 170	54 182	32 22	6 131	23 60	59 24	8 89	18 112	53 70	56 71	43 129	66 101	31 38	12 45	16 143	49 44	13 28	25 53	11 184	36 179	51 93	21 62	4 175	38 50	58 123	63 193	39 23	2 95	41 82	52 56	7 82	46 70	62 148	19 15	28 72	17 77	57 70	34 189	35 177	65 150	64 174	67 102	20 159	55 50	9 110	3 1	69 159	33 54	44 21	5 195	60 187	14 5	50 68	40 6	68 68	24 195	29 9	45 60	0 68	15 114	10 143	26 2	61 128	27 80	22 155	30 149	1 136
40 113	62 172	24 122	47 134	57 101	1 151	56 126	69 18	20 71	51 157	60 173	16 170	9 109	6 48	45 171	8 89	39 141	30 90	55 133	22 112	26 122	58 44	48 39	36 72	42 155	0 57	7 7	44 123	38 46	32 66	65 90	19 77	33 61	52 131	25 7	11 125	63 133	59 139	28 169	10 86	43 195	31 120	29 67	18 65	46 173	13 173	50 97	61 18	53 87	3 181	41 49	66 106	27 110	12 85	23 78	64 18	2 65	49 136	67 155	37 36	14 47	68 106	35 26	21 73	5 47	17 25	4 24	34 75	54 94	15 41
63 11	19 197	1 109	68 148	30 98	5 169	38 158	9 132	40 97	31 11	28 135	20 192	21 141	6 142	60 35	22 185	43 116	35 97	45 21	57 42	52 64	54 147	18 53	26 37	59 126	17 81	61 18	8 6	49 19	15 33	55 65	12 56	48 13	47 22	13 27	10 103	25 108	46 165	56 59	44 34	41 89	65 145	36 109	14 103	29 85	42 132	50 113	27 49	67 118	39 53	0 116	4 47	23 161	2 189	3 20	69 3	11 6	33 194	34 101	66 97	24 16	53 47	16 190	58 82	7 24	37 124	51 92	62 158	64 17	32 155
46 26	67 107	0 100	61 182	22 160	25 106	11 22	42 129	8 92	13 157	44 87	57 147	20 133	51 174	4 19	7 58	53 143	16 47	60 100	34 179	14 14	59 1	62 190	26 80	30 199	58 107	21 11	65 74	38 189	66 58	9 147	63 104	47 170	18 109	2 16	37 42	1 167	35 31	68 65	39 85	10 115	43 93	12 40	41 87	28 79	24 68	45 75	40 181	49 8	32 94	3 74	36 33	17 194	48 80	29 179	31 96	15 130	56 185	64 163	19 107	69 1	52 186	27 116	33 23	23 82	5 186	50 137	6 157	55 161	54 48
47 39	3 164	29 131	53 93	66 73	6 143	57 53	51 91	54 164	2 195	55 62	50 23	22 106	34 146	15 130	25 141	43 97	48 147	28 54	27 196	35 163	65 45	33 2	17 99	31 48	11 19	26 54	8 133	63 58	7 138	4 178	52 83	0 128	45 169	23 83	44 44	67 143	64 109	30 37	14 66	20 163	38 150	1 72	12 15	56 131	18 59	19 21	49 110	68 178	42 47	41 34	10 74	36 23	9 186	61 114	58 36	62 106	13 49	39 28	24 157	37 14	59 29	69 44	5 182	46 151	32 53	16 57	40 30	21 81	60 87
47 98	65 157	39 55	30 57	6 144	40 44	64 6	20 27	37 87	33 110	59 95	52 125	3 82	25 54	13 110	36 82	31 20	58 127	62 127	50 148	27 15	21 195	41 72	61 159	15 36	43 83	22 137	5 139	51 170	34 126	28 61	44 127	69 38	7 148	42 10	67 72	46 170	53 133	24 81	11 174	1 90	55 124	14 112	19 147	8 69	54 188	45 163	16 135	12 118	60 82	57 180	4 190	9 98	23 48	35 85	10 155	38 122	56 37	17 184	48 198	32 12	2 105	66 160	29 165	68 135	26 25	18 116	63 120	49 194	0 158
16 167	56 168	37 3	41 190	25 176	11 43	62 142	18 162	21 191	1 108	35 52	53 124	12 155	22 138	65 84	42 78	52 124	50 176	38 65	6 69	31 86	23 188	20 19	17 184	36 104	8 124	51 61	32 63	61 177	39 138	49 119	19 186	67 93	28 195	46 4	0 94	47 129	9 172	34 134	48 140	55 128	45 131	60 132	15 61	69 85	40 189	58 4	10 148	66 139	27 169	29 175	43 71	33 18	68 198	57 163	14 74	13 63	64 103	63 158	4 102	5 195	30 57	7 137	59 176	2 92	44 95	3 28	54 55	26 165	24 58
44 34	20 41	43 154	58 106	52 195	19 136	65 166	37 51	40 7	27 136	46 106	23 98	62 8	25 130	51 160	34 167	61 85	60 48	35 182	7 10	57 142	8 157	3 123	15 42	67 16	30 71	6 126	29 2	54 190	59 157	48 69	69 69	1 84	45 6	38 63	66 22	0 110	31 102	2 127	11 116	41 140	49 177	32 133	17 194	14 1	53 13	28 199	16 151	22 118	42 86	13 177	33 73	4 102	36 137	10 41	64 168	26 178	21 82	50 98	55 61	12 164	9 120	39 8	63 34	56 175	68 177	18 152	24 65	5 157	47 34
31 134	54 193	66 186	15 153	0 166	68 55	60 62	62 88	32 34	2 98	12 22	50 100	4 161	40 10	11 173	39 190	20 88	44 29	64 109	53 183	26 49	51 114	63 71	10 178	61 75	27 19	13 143	22 197	29 103	6 197	35 8	56 169	49 90	28 131	14 1	16 126	5 148	19 117	25 141	3 162	8 10	55 153	37 71	57 197	24 105	46 51	38 21	1 42	34 123	45 71	7 186	67 131	58 165	23 10	21 180	36 38	47 62	17 186	59 183	9 130	18 131	41 42	48 65	69 187	52 59	65 121	43 120	30 151	42 177	33 80
42 25	52 63	27 167	10 172	64 199	15 152	41 173	12 107	2 30	48 56	59 123	45 47	30 57	56 63	4 69	14 141	11 109	13 142	35 136	32 195	31 186	34 88	60 55	43 53	7 101	46 95	18 47	25 192	40 30	16 30	21 164	24 88	54 13	37 137	5 50	63 6	44 145	3 150	28 113	68 95	57 74	33 114	39 63	50 62	69 44	26 58	9 6	66 177	23 135	20 178	6 80	61 14	62 131	58 109	1 185	65 140	19 26	0 141	53 59	22 117	29 47	8 4	36 38	38 13	49 38	55 162	51 29	47 116	17 56	67 48
38 43	40 178	8 172	65 93	45 104	50 142	5 15	24 179	21 17	47 66	6 95	13 84	36 144	22 191	61 194	37 181	46 197	32 7	16 157	62 16	25 136	12 159	4 49	52 58	20 171	35 92	3 100	33 110	0 90	19 107	39 25	34 74	48 57	42 115	9 162	7 80	30 112	15 96	60 33	58 21	44 54	17 31	57 42	27 112	49 63	10 105	29 34	18 179	51 144	53 36	54 69	2 45	43 173	14 25	41 89	55 115	26 140	64 33	63 145	28 139	59 141	69 4	31 78	11 141	1 101	56 156	67 71	23 19	68 150	66 78
28 15	21 74	35 79	2 7	60 3	63 142	58 130	19 124	59 88	26 50	25 152	16 114	30 179	52 27	17 72	4 168	55 9	7 197	44 81	53 57	36 45	62 77	45 46	13 106	57 191	47 112	39 34	22 75	15 58	1 78	10 80	12 144	51 65	9 71	68 184	40 139	65 72	50 166	34 80	43 134	5 9	23 2	67 123	56 52	54 51	24 111	49 15	20 130	64 116	0 113	48 148	46 30	14 156	38 94	11 37	31 94	69 148	33 36	41 106	32 1	18 69	37 148	8 60	42 46	3 68	29 140	61 164	27 4	6 126	66 30
40 141	51 69	1 170	62 131	24 83	22 89	32 155	10 123	61 41	38 163	65 186	63 25	37 52	12 3	47 48	13 110	68 40	54 13	52 77	29 18	7 92	43 26	3 43	34 171	45 130	66 74	58 140	39 103	46 54	17 118	6 53	15 27	35 140	42 12	50 18	30 86	4 112	20 179	0 103	41 62	25 22	56 189	16 132	33 27	9 136	57 107	26 19	60 144	69 172	53 184	48 39	21 142	49 180	67 164	64 16	18 151	19 152	23 64	44 168	55 27	14 67	8 131	31 57	2 127	28 168	27 170	36 94	59 7	5 189	11 92
57 129	16 138	44 197	0 6	8 65	25 43	59 157	5 86	47 11	46 40	37 198	12 88	4 83	53 11	11 99	30 84	67 21	34 148	52 28	19 89	1 156	35 174	43 159	27 135	41 75	49 187	13 96	10 33	40 103	56 118	26 199	18 109	32 108	24 74	55 177	45 48	2 165	48 64	23 168	7 164	9 168	15 135	66 128	68 87	39 101	14 27	36 58	29 88	21 80	63 142	17 6	3 80	51 51	64 102	65 120	28 199	69 135	20 76	54 73	58 92	50 139	6 197	22 22	33 167	38 100	31 67	61 71	60 39	42 55	62 72
42 159	46 30	41 90	62 64	2 189	67 2	8 65	59 25	26 135	36 138	25 95	61 71	3 102	13 177	28 51	55 113	66 17	31 163	63 72	27 158	0 66	51 154	1 50	64 149	32 148	50 19	45 116	20 8	37 44	30 113	24 97	54 83	52 189	7 19	4 76	38 70	48 6	34 20	6 37	35 38	56 154	14 98	23 187	57 89	18 170	21 61	40 146	16 166	10 77	39 103	47 192	19 36	43 52	5 187	69 66	65 131	15 4	29 82	11 77	68 23	44 79	33 191	53 175	60 7	22 97	9 70	58 67	17 171	12 112	49 88
31 159	1 79	46 93	19 76	64 102	36 8	69 146	10 16	6 7	55 167	22 116	16 51	59 64	32 142	24 8	49 192	68 178	47 19	48 42	43 95	3 176	54 78	30 165	45 46	40 155	51 82	8 173	17 137	7 104	66 24	39 45	41 37	0 10	34 128	38 44	37 162	28 41	65 28	42 102	4 148	58 150	26 176	50 174	57 65	44 17	63 19	18 180	56 129	2 147	61 142	25 68	14 58	12 174	21 178	60 146	52 60	23 38	9 122	27 145	20 59	53 127	62 28	5 116	15 40	33 136	35 39	13 47	67 47	11 100	29 44
46 133	16 46	60 108	63 38	26 123	39 7	42 81	8 116	68 46	27 19	50 119	31 78	45 127	44 6	43 98	22 174	2 112	33 153	51 179	6 186	59 38	30 112	65 178	69 95	19 46	7 44	36 70	37 62	28 37	47 23	66 170	4 40	53 95	55 89	25 107	41 8	32 46	3 169	57 104	24 180	40 194	61 176	18 37	15 198	67 102	1 83	20 36	23 192	11 196	13 91	29 78	35 67	54 104	10 14	34 106	14 50	48 191	56 98	52 12	21 127	17 29	9 27	5 190	38 182	49 14	62 147	12 134	58 187	64 39	0 112
56 96	26 192	37 183	6 130	41 32	29 174	57 57	31 109	42 64	68 137	39 165	36 183	3 183	38 87	2 142	59 153	12 182	63 172	65 69	5 112	66 106	69 99	30 110	60 56	44 55	45 50	49 42	8 162	11 193	33 61	27 83	55 189	4 72	16 97	7 125	34 68	58 68	21 145	20 180	10 132	15 128	19 138	40 109	64 68	17 82	51 87	32 127	1 35	50 107	35 109	18 162	22 92	43 91	52 89	47 135	61 158	9 190	25 50	48 7	23 9	0 74	28 176	46 36	54 88	67 116	13 6	14 197	62 158	24 93	53 148
25 131	38 139	20 142	32 132	44 159	17 155	5 131	34 180	19 136	33 101	3 37	52 162	15 40	57 195	35 102	21 187	65 17	29 152	64 147	6 104	49 66	60 55	40 128	7 76	54 63	46 84	61 195	39 151	23 69	45 4	4 13	9 106	69 143	62 36	47 197	0 108	58 139	42 3	24 132	18 87	51 25	55 49	43 164	50 169	11 146	16 77	12 185	68 164	8 151	22 46	10 40	56 107	36 160	41 148	66 103	30 39	31 107	14 11	1 59	59 4	2 109	28 21	63 94	48 197	53 158	37 94	27 34	67 200	26 147	13 135
45 49	34 58	4 64	5 96	9 150	41 56	10 123	47 143	38 77	6 54	57 154	22 23	13 34	55 106	2 184	23 166	60 170	35 175	32 148	14 35	11 113	46 184	21 97	29 60	39 109	48 159	20 192	30 166	8 130	53 33	61 156	42 151	43 119	0 62	64 61	59 181	18 107	52 111	58 185	44 59	49 19	56 11	24 130	68 197	50 50	3 17	17 75	51 49	31 12	12 160	65 107	19 139	27 182	67 195	62 147	25 189	66 157	16 46	1 170	15 164	36 73	40 158	7 200	37 122	63 94	33 166	28 40	69 53	26 196	54 36
50 82	4 194	5 60	2 30	65 94	55 163	0 147	54 119	46 78	45 40	23 184	66 41	1 78	18 17	42 116	32 121	6 15	63 98	43 48	8 172	53 158	27 33	59 133	62 157	44 68	40 4	22 100	52 49	3 153	12 151	60 37	16 196	57 22	13 200	10 145	7 71	58 12	14 179	34 171	9 127	51 121	48 78	19 118	33 59	67 69	24 158	21 157	36 165	47 186	38 199	26 116	11 70	37 153	69 161	29 98	28 69	31 85	61 18	41 150	20 178	35 118	17 141	30 70	68 194	39 104	15 174	64 160	49 133	25 66	56 170
41 139	50 45	68 177	19 40	12 6	10 12	61 77	21 165	44 76	54 88	37 72	3 29	17 125	27 155	35 16	4 176	39 122	52 23	2 50	38 177	48 154	36 87	9 126	18 166	16 196	20 146	6 192	23 121	49 182	60 199	7 74	45 120	24 54	58 35	66 79	25 128	57 13	14 109	67 30	46 19	30 5	40 149	63 86	65 50	56 47	42 8	64 172	43 38	33 186	13 136	62 112	26 19	31 167	55 97	47 89	28 93	1 42	59 28	32 196	5 29	0 115	22 160	11 192	15 2	34 108	8 137	29 22	69 132	51 183	53 66
64 108	6 151	31 121	2 160	59 123	48 37	56 135	26 64	19 72	37 147	3 80	45 120	1 176	61 98	57 88	38 156	4 80	22 178	43 123	14 89	68 117	28 20	18 144	21 161	25 151	53 15	58 141	34 127	12 187	46 107	49 131	54 107	15 134	27 141	39 133	10 57	60 137	30 148	8 133	65 35	0 4	51 90	50 132	24 130	66 34	13 155	23 188	41 6	36 34	40 162	44 12	7 18	52 166	17 124	47 76	63 89	69 163	67 180	32 6	5 104	11 19	9 69	35 177	55 19	20 101	29 195	16 40	33 14	42 44	62 196
2 189	55 10	62 34	31 180	18 106	36 120	11 168	1 8	66 128	56 111	49 184	16 61	59 27	45 164	29 176	26 16	15 57	33 26	32 93	43 81	48 166	51 123	47 62	25 130	7 135	9 116	12 148	8 45	20 130	40 147	67 81	21 35	23 160	41 163	4 2	38 132	65 56	68 190	52 149	22 5	24 121	3 197	27 130	5 147	53 186	34 132	10 176	54 72	30 121	19 158	35 115	58 125	37 194	69 43	61 66	28 7	44 18	60 136	17 59	64 178	6 49	13 144	63 160	0 162	14 123	50 42	42 67	57 27	46 53	39 131
9 101	40 12	27 164	49 117	16 82	33 185	25 132	34 112	42 33	66 66	18 92	19 111	20 93	52 4	65 9	63 92	50 79	1 94	4 180	38 5	36 31	46 199	51 89	23 186	48 125	67 18	43 113	21 152	44 173	57 73	22 158	45 86	14 154	15 113	30 98	10 2	37 126	0 3	8 105	29 177	24 146	5 189	13 43	62 89	39 197	47 42	26 89	41 119	54 129	60 177	31 170	2 4	7 131	11 179	58 94	6 103	59 142	53 187	56 2	17 169	68 192	55 110	3 166	61 110	12 50	28 87	69 148	64 114	35 172	32 147
35 87	43 159	1 130	22 12	54 118	52 172	67 5	53 35	59 183	57 81	25 184	21 29	14 77	23 156	69 83	26 170	18 58	5 164	31 11	4 198	60 175	13 164	7 118	47 168	46 136	33 4	38 155	55 98	10 108	39 73	45 83	9 17	42 112	16 195	17 72	48 55	68 162	19 23	56 200	63 102	30 146	41 134	15 193	44 109	61 200	6 145	49 84	20 76	50 2	28 70	64 56	27 66	51 195	37 80	8 118	66 30	12 101	34 67	0 72	24 125	3 18	65 29	62 74	29 109	11 109	2 20	58 126	40 10	32 79	36 7
43 123	58 51	6 46	37 91	4 186	31 143	63 74	56 9	68 17	27 50	19 161	38 191	66 10	18 148	5 171	2 77	47 186	30 31	52 165	0 157	61 34	41 161	29 35	3 156	10 97	59 22	60 177	35 182	34 61	7 67	22 132	54 58	42 102	1 29	49 138	20 83	32 96	21 125	28 70	11 195	9 96	24 167	23 190	69 199	45 75	50 118	64 134	33 165	17 169	53 43	14 17	12 117	51 34	48 49	55 10	62 62	57 95	26 198	8 100	44 96	65 82	13 75	46 23	25 68	39 93	40 4	15 129	36 113	67 182	16 109
28 153	59 92	32 15	11 131	62 79	9 69	57 18	40 2	37 154	52 37	0 75	5 172	49 149	67 175	66 69	26 195	38 142	50 146	23 153	17 156	65 84	63 5	24 146	31 200	21 191	58 60	51 176	46 96	10 175	44 116	45 46	43 86	16 129	8 86	54 143	42 95	41 187	13 82	19 173	61 93	35 38	15 56	60 19	48 151	25 158	33 70	3 128	27 31	30 118	12 154	34 67	47 195	18 59	68 37	4 52	55 104	14 31	56 94	69 78	1 133	6 17	53 56	36 15	39 109	7 178	29 62	2 116	64 29	20 79	22 65
29 50	56 63	46 39	58 80	49 156	69 192	61 31	51 86	7 195	22 186	53 124	47 185	25 26	65 145	44 44	68 4	60 29	54 16	3 94	27 91	35 113	14 192	10 16	43 23	16 95	33 154	13 147	50 147	2 30	20 94	15 137	0 130	34 61	55 187	1 44	63 141	5 136	21 161	24 86	66 197	52 177	4 176	18 164	11 43	67 186	45 97	26 198	40 3	41 117	8 21	17 120	64 93	48 119	31 131	37 139	42 142	28 150	62 136	19 116	32 115	39 48	57 143	36 3	12 121	59 184	30 196	6 65	23 91	9 12	38 132
60 98	39 144	11 135	36 131	54 39	46 59	34 81	21 106	2 48	3 166	0 63	1 98	24 190	30 140	47 20	42 81	61 153	58 167	40 177	53 10	28 120	35 68	9 183	25 145	68 137	63 55	44 200	18 132	45 101	56 11	23 195	51 45	33 101	4 23	67 9	52 138	49 108	57 152	22 77	62 166	65 174	59 46	37 85	66 53	26 75	15 6	64 89	13 16	43 50	50 195	16 193	17 120	5 44	6 103	7 130	10 154	48 2	19 152	14 156	27 164	69 145	55 81	12 141	41 45	32 31	20 136	29 150	38 72	31 191	8 5
