30	5
2 49	1 46	4 51	3 44	0 52
3 49	0 57	4 56	1 46	2 47
1 38	0 42	2 47	4 53	3 54
3 51	0 48	2 50	4 44	1 52
4 53	3 55	0 60	1 52	2 53
4 64	2 48	3 58	1 48	0 45
1 54	3 45	4 44	2 55	0 55
4 47	3 45	2 48	0 41	1 54
2 50	3 54	0 50	1 56	4 48
0 54	4 44	2 53	3 49	1 57
2 46	1 58	0 45	3 49	4 50
0 49	1 45	4 50	3 55	2 51
3 53	4 51	1 57	2 53	0 57
2 47	3 47	4 41	1 54	0 52
2 58	0 47	4 47	3 42	1 46
3 44	1 50	4 47	2 46	0 45
1 45	3 49	4 47	0 45	2 57
2 42	3 48	1 46	4 56	0 49
4 47	3 38	2 53	0 48	1 47
3 47	1 51	4 55	2 43	0 46
0 47	1 53	3 46	4 52	2 59
2 53	1 45	4 47	0 51	3 47
1 53	3 49	4 48	2 48	0 52
4 53	1 55	2 51	3 54	0 52
2 57	4 51	0 54	1 46	3 58
4 49	3 49	1 52	0 57	2 52
4 55	1 40	3 44	2 60	0 52
0 52	3 48	2 57	4 46	1 45
3 52	4 45	2 47	1 48	0 51
2 51	4 46	1 45	0 44	3 55
