30	70
24 84	8 200	55 26	25 186	31 160	34 57	49 31	29 75	7 65	32 54	28 82	48 110	56 22	9 164	19 183	38 42	47 18	69 123	11 42	23 7	58 69	50 58	40 65	4 57	16 85	20 93	62 40	3 35	6 112	57 37	65 192	64 140	0 181	13 153	51 119	21 44	36 17	61 134	54 188	39 9	12 17	15 132	17 18	67 114	27 129	14 168	45 51	68 25	41 61	59 142	18 109	37 63	44 99	35 20	43 195	66 144	30 175	33 180	2 5	60 44	26 67	42 153	46 55	53 56	1 134	5 4	63 194	52 76	22 200	10 128
65 110	69 72	25 178	12 84	66 100	44 200	53 173	55 152	1 13	23 170	36 117	63 53	26 127	32 122	13 62	45 12	46 53	18 172	6 167	50 184	22 41	16 157	49 140	27 85	39 131	8 187	30 169	56 175	68 163	24 92	59 27	64 84	19 4	33 188	10 56	51 63	35 145	20 116	40 66	2 173	29 103	21 73	14 85	0 128	31 132	57 191	9 43	43 142	60 123	3 31	15 72	5 19	11 57	67 169	62 21	54 86	34 4	61 33	17 44	28 52	41 114	48 105	38 25	52 188	42 160	4 198	7 88	37 11	58 112	47 190
52 117	20 148	29 69	19 26	33 23	32 114	15 101	38 102	59 50	8 69	26 167	22 166	36 127	44 132	0 6	48 51	62 187	66 117	3 79	58 61	67 71	12 181	61 187	50 40	53 90	51 3	28 132	31 41	57 14	9 137	21 1	18 3	49 180	24 48	7 11	25 8	16 130	41 152	65 13	60 28	17 132	1 89	55 66	69 103	54 25	13 120	39 116	5 145	4 171	46 77	11 119	6 28	47 181	37 197	43 172	56 82	45 23	35 120	2 113	23 38	34 1	63 177	64 13	27 177	40 2	14 189	10 112	42 4	68 197	30 77
23 60	0 172	41 95	62 30	7 6	67 139	52 140	6 30	61 194	54 152	55 26	3 138	66 17	56 143	64 47	10 7	32 175	40 189	5 190	18 148	12 5	69 2	24 179	47 115	44 135	37 69	28 190	15 27	22 81	30 25	19 196	27 93	53 142	50 93	9 37	8 162	65 11	39 57	43 198	26 38	31 42	1 158	11 76	38 62	48 102	17 16	21 183	46 89	4 36	16 75	59 42	20 90	34 15	2 189	68 123	29 101	58 8	14 150	42 107	33 81	49 53	60 39	36 137	63 122	57 143	25 179	51 89	13 85	45 55	35 183
53 84	44 121	60 68	4 75	35 37	12 80	25 161	41 132	28 12	51 62	42 71	7 145	63 186	48 32	11 132	20 119	0 37	14 98	2 86	16 64	59 124	43 92	67 19	18 1	37 104	17 79	23 177	34 73	30 157	33 160	29 148	10 157	46 65	38 140	15 139	50 185	49 169	39 5	6 120	65 21	27 130	21 76	36 91	47 3	66 101	22 64	40 8	45 183	26 143	55 64	61 101	62 166	68 102	24 192	32 18	9 191	57 15	64 112	13 20	1 60	69 191	3 173	54 103	19 170	52 86	58 168	8 103	56 111	31 62	5 14
22 146	13 102	9 12	65 96	44 186	36 36	52 93	67 181	4 68	31 113	33 72	1 123	66 142	15 30	3 165	38 42	41 24	10 109	59 70	29 139	20 98	28 186	43 149	0 129	2 62	16 71	18 61	19 67	34 188	49 1	12 176	47 123	35 198	62 56	63 98	27 122	37 127	56 183	48 127	55 70	61 116	14 138	11 172	39 45	60 135	5 68	30 111	17 184	46 20	45 93	40 130	57 106	68 72	26 32	23 54	53 3	50 58	21 77	51 130	64 180	32 6	42 98	7 43	24 140	58 63	69 163	8 121	54 68	6 25	25 57
6 69	44 25	42 81	53 140	31 188	36 192	51 147	24 107	61 116	25 25	29 92	60 178	28 184	54 169	55 70	62 53	3 67	52 19	33 136	18 35	7 134	26 105	64 12	66 123	1 31	49 161	39 39	43 83	58 72	21 199	10 49	67 71	11 72	35 36	57 156	2 129	68 153	69 87	4 82	16 53	45 59	50 1	59 196	27 139	19 8	38 9	48 60	9 122	32 2	13 64	0 147	30 21	5 41	23 7	63 35	56 38	8 54	12 137	34 125	37 8	41 130	65 14	40 124	22 90	47 6	20 109	17 70	46 12	14 61	15 33
60 104	35 177	28 16	58 37	13 146	44 67	3 168	8 155	39 97	45 17	42 154	15 86	34 107	20 49	43 10	65 98	14 121	61 132	33 105	0 19	67 91	69 156	66 62	52 111	30 36	26 20	40 50	22 73	62 111	25 114	68 176	50 177	54 21	38 86	36 42	6 193	18 98	57 118	49 37	37 21	32 63	19 49	5 118	21 63	2 72	56 159	55 107	41 25	10 70	12 72	7 185	46 8	23 24	9 110	1 108	64 83	59 70	11 13	53 108	63 24	4 200	17 140	51 166	24 133	31 106	27 33	47 181	29 155	16 182	48 138
5 84	33 83	53 45	15 39	19 77	13 24	3 121	0 136	61 5	9 19	35 186	59 28	50 160	7 85	40 76	63 137	46 103	37 39	6 153	32 17	41 161	68 66	34 6	67 10	25 75	45 177	65 150	18 26	69 161	57 69	23 160	56 159	16 3	30 46	54 198	8 11	20 34	12 137	10 37	29 14	52 87	49 48	24 25	55 5	14 171	47 88	43 157	48 155	42 129	66 5	62 155	1 49	11 117	60 183	36 4	27 137	22 192	26 117	31 150	21 41	58 5	51 39	44 37	64 140	17 70	39 173	28 188	38 77	4 166	2 61
2 18	7 129	41 54	45 20	40 62	24 164	36 21	33 86	43 94	1 145	54 12	0 55	16 180	23 88	46 170	19 147	28 175	34 121	9 8	62 6	39 82	29 72	6 178	4 45	60 199	12 180	17 174	5 89	59 147	49 174	67 134	22 108	10 130	50 14	55 6	58 111	52 57	18 45	15 144	53 105	51 143	56 154	64 76	57 138	37 8	38 23	21 154	26 125	47 159	66 1	35 1	63 144	14 98	48 165	68 44	20 108	69 62	44 157	31 114	25 5	42 89	8 96	11 48	13 147	3 126	27 170	61 116	65 87	32 169	30 3
65 125	50 105	60 163	59 15	26 69	30 189	7 172	17 82	28 14	1 81	9 153	6 56	27 133	69 13	31 11	29 48	11 103	33 32	10 134	36 84	24 141	15 11	25 147	35 190	64 34	37 5	18 19	48 196	14 16	39 130	23 95	16 110	47 9	0 5	32 4	51 70	66 69	22 70	21 106	41 111	5 70	52 33	53 109	40 136	44 14	20 46	34 77	54 58	42 73	2 60	57 32	8 180	49 16	45 167	4 52	13 158	38 68	55 144	61 21	56 62	46 126	63 26	12 40	62 122	67 131	68 26	58 87	3 148	43 157	19 173
51 145	68 182	53 33	14 21	25 58	46 84	18 167	16 144	56 58	67 185	31 37	48 78	66 172	20 147	50 112	33 196	24 23	2 164	3 62	11 71	8 131	64 167	44 100	42 182	0 195	40 135	17 69	39 43	9 148	65 37	41 5	69 33	1 164	63 195	7 189	13 179	62 35	32 46	60 190	29 22	55 47	47 163	52 17	12 124	34 155	54 124	49 20	15 174	26 40	6 29	30 56	43 67	28 83	21 6	57 50	10 190	58 198	22 27	37 116	61 82	35 115	38 82	5 27	36 8	27 87	4 63	19 4	59 169	23 5	45 194
28 198	9 148	66 62	61 59	44 60	69 3	65 76	5 33	62 1	40 37	35 110	39 148	37 105	21 150	34 128	31 92	57 118	47 20	22 177	49 25	3 26	6 200	60 168	67 147	51 102	45 150	26 113	2 141	25 55	14 73	10 58	16 4	43 80	56 182	46 85	64 189	63 169	52 155	24 184	48 154	32 4	19 81	18 181	55 59	17 109	20 161	29 88	27 28	0 58	59 150	54 127	50 123	15 154	11 47	30 28	1 138	7 190	42 100	12 126	23 20	33 190	58 165	68 105	53 192	13 89	41 161	36 131	38 198	8 82	4 69
51 100	18 154	0 87	47 195	20 62	21 188	59 71	14 63	3 127	37 27	49 170	30 68	4 146	9 82	45 42	60 172	19 185	39 112	28 128	6 59	7 29	38 87	69 110	50 20	26 185	67 170	42 197	17 178	11 66	27 175	31 16	29 166	52 100	65 34	48 18	33 69	35 198	2 98	53 86	12 83	63 97	24 44	32 38	34 111	66 101	13 112	41 16	40 88	68 34	44 4	36 77	64 62	61 48	46 73	5 76	56 124	23 34	55 15	15 109	62 59	16 140	8 72	54 54	22 151	57 118	10 184	43 12	1 92	25 129	58 152
42 156	50 160	69 163	58 173	56 116	55 144	14 95	15 44	22 72	20 8	65 131	17 136	30 21	66 169	51 33	35 102	48 19	13 79	32 23	26 66	44 53	28 177	61 146	68 45	12 115	67 141	57 181	31 133	47 193	33 20	23 180	1 142	5 79	45 78	41 27	38 151	7 163	25 47	29 31	18 133	27 182	6 19	16 33	0 89	11 119	24 147	19 58	37 93	60 117	10 174	46 198	2 186	49 188	4 178	52 24	63 50	64 10	36 24	9 32	39 182	34 79	59 165	21 82	54 158	53 18	40 128	43 6	8 150	3 2	62 46
27 60	55 82	35 168	37 40	7 199	68 37	28 161	0 48	51 69	48 199	52 63	69 57	8 10	22 37	42 25	67 153	33 87	13 59	1 43	60 36	38 32	3 197	34 166	21 20	4 46	32 147	50 20	59 32	2 39	15 166	31 4	64 180	65 34	57 193	43 183	53 18	12 45	18 197	14 33	39 170	17 57	54 56	56 152	49 36	40 46	26 176	29 56	62 106	16 17	47 81	41 94	5 27	20 90	24 74	23 44	10 30	45 174	44 80	19 110	30 114	9 171	63 15	66 138	46 173	11 5	58 94	6 20	61 123	25 114	36 104
33 62	57 195	56 42	17 165	21 175	64 44	52 150	25 122	14 35	53 133	67 158	0 84	46 130	54 76	30 58	9 47	27 22	35 182	49 103	40 169	45 1	43 116	8 15	10 49	61 126	62 190	39 145	68 40	20 52	15 8	69 185	13 121	44 112	59 158	7 62	51 152	42 149	24 176	36 44	66 75	3 69	11 82	55 104	12 80	1 75	19 17	37 193	34 164	47 177	2 51	28 136	63 94	31 68	29 157	6 81	32 193	65 177	58 133	41 26	16 85	50 106	22 45	18 18	4 166	48 162	38 120	26 109	23 61	60 18	5 174
67 155	36 76	38 184	0 149	10 109	47 25	6 67	63 83	61 32	44 63	56 124	52 108	25 28	28 106	33 72	35 152	58 152	62 108	37 40	54 99	53 100	40 20	69 123	3 137	43 199	34 67	1 153	24 30	16 73	17 52	14 112	5 106	9 182	7 67	42 132	12 178	4 78	49 171	29 81	21 17	19 84	31 100	59 54	8 13	18 159	22 190	55 138	65 32	20 24	46 55	11 86	23 106	15 6	68 110	26 69	27 147	32 24	39 140	50 77	45 46	66 163	41 173	51 156	2 1	64 153	30 182	57 108	48 111	60 39	13 55
54 107	36 112	38 101	60 16	68 13	45 16	28 131	2 133	48 14	0 72	25 115	67 174	59 128	63 93	39 10	49 149	61 197	19 38	18 94	52 141	51 91	1 105	50 58	35 43	32 196	6 137	29 16	14 107	47 36	55 159	3 125	46 157	34 112	7 38	17 106	33 7	16 143	65 123	12 19	40 197	5 22	4 101	30 83	31 186	20 159	23 39	9 77	64 151	26 101	10 150	13 84	43 73	22 112	21 177	41 120	37 183	44 63	69 94	15 1	24 90	66 12	58 175	42 75	56 51	62 104	8 160	27 15	57 152	11 129	53 57
16 53	40 104	50 196	34 126	18 34	10 38	9 161	23 190	60 142	29 45	57 184	6 107	20 4	39 5	7 106	69 4	15 31	36 124	46 147	13 119	37 15	56 165	59 87	12 7	45 117	21 107	47 184	24 41	63 98	42 8	66 5	22 101	19 161	26 68	49 29	68 128	8 16	33 175	14 74	1 75	53 150	62 73	61 10	54 146	31 39	43 116	44 5	0 82	65 88	55 119	58 137	51 13	17 133	38 88	28 22	48 141	5 187	30 92	25 117	35 78	41 59	3 61	4 25	64 46	27 188	11 171	52 63	67 5	2 146	32 134
27 180	11 91	31 105	53 5	39 191	43 86	8 118	46 35	26 39	3 53	38 133	41 77	35 41	20 63	51 95	65 76	40 86	5 3	4 166	34 50	12 159	9 7	49 97	37 113	44 23	47 123	21 127	66 104	2 148	45 74	6 190	42 159	54 76	68 115	36 14	24 79	17 95	59 172	0 91	7 48	60 175	1 154	29 167	25 138	57 129	64 96	32 132	15 71	19 46	13 197	28 68	14 36	52 183	33 11	61 183	50 147	62 93	56 4	18 41	63 193	67 20	48 27	23 23	16 91	69 62	30 179	10 50	55 185	22 163	58 28
12 152	4 198	50 79	5 74	32 87	56 63	24 106	34 36	36 80	15 17	65 34	9 78	39 74	20 129	1 12	18 2	40 14	44 105	16 181	61 43	14 113	42 182	43 119	38 46	37 29	48 192	10 144	51 85	46 187	2 99	19 60	60 166	49 188	29 90	31 149	30 181	59 19	53 144	69 200	64 134	11 9	26 7	35 154	55 159	63 178	66 145	62 73	0 9	52 91	41 43	17 127	23 197	68 53	58 58	7 36	27 184	45 1	57 4	54 153	3 96	8 153	22 187	25 58	21 1	47 137	33 9	67 125	6 1	13 104	28 46
35 47	50 194	53 9	4 56	27 139	64 146	68 93	26 48	12 170	67 147	42 31	37 88	14 119	19 20	46 108	59 24	34 43	65 122	66 2	17 1	32 62	52 127	58 123	60 129	2 5	10 114	69 12	22 178	56 132	54 141	31 60	21 53	62 170	15 94	48 62	8 129	45 44	11 147	3 166	49 152	9 71	40 124	30 11	20 175	6 43	16 130	63 131	38 173	51 71	44 113	28 172	29 13	47 19	61 173	36 57	23 67	1 101	7 134	39 127	57 136	33 71	18 63	43 119	13 42	55 167	0 64	5 73	24 126	25 139	41 28
30 81	38 190	45 185	35 168	19 93	58 192	22 2	18 107	33 181	51 114	55 179	61 146	59 166	15 100	39 34	5 132	69 144	11 45	9 81	37 160	0 17	50 9	63 147	7 68	52 186	23 132	14 54	1 18	42 48	4 108	68 94	20 59	13 101	41 135	16 95	12 11	27 59	21 163	56 66	36 52	26 192	28 127	6 149	49 186	34 87	60 173	8 96	32 101	57 64	17 182	43 147	44 12	40 75	66 23	46 32	47 24	3 24	31 174	25 54	62 152	29 61	67 31	10 186	65 166	64 164	54 170	53 16	48 111	24 72	2 149
16 79	0 31	26 123	6 115	19 132	46 122	12 169	1 121	24 158	38 181	33 109	50 143	59 145	57 157	45 6	56 80	66 113	51 131	11 156	63 91	52 6	68 13	47 22	65 190	8 164	34 25	37 45	39 48	18 8	15 175	64 133	2 73	3 149	20 89	67 112	54 103	69 19	49 32	41 172	5 123	25 55	10 154	53 43	28 80	7 132	35 29	17 24	58 9	62 179	48 144	43 177	60 25	21 13	13 50	31 15	23 19	4 58	30 174	22 188	42 104	32 114	14 52	61 59	44 47	40 87	9 121	36 70	55 118	27 166	29 181
10 100	25 37	15 50	8 107	59 139	30 22	48 154	1 74	57 107	16 164	4 20	69 148	24 161	64 95	45 11	13 138	38 183	14 142	39 137	58 140	49 146	36 106	20 36	6 138	26 15	51 25	23 110	60 193	19 14	37 94	3 180	11 129	12 120	2 75	33 193	44 145	47 170	53 92	65 57	17 129	31 15	62 158	52 73	61 190	35 140	67 103	43 2	22 88	18 117	63 139	55 83	5 159	66 57	40 95	32 103	27 59	28 138	50 145	42 63	68 162	21 9	9 120	56 159	29 33	7 40	41 88	54 91	34 1	46 99	0 4
32 193	60 139	49 85	1 40	56 145	42 89	45 175	58 18	24 113	50 25	54 74	68 161	57 143	2 89	9 144	21 188	51 18	31 109	18 32	39 173	67 23	11 49	22 50	38 105	15 44	37 123	66 30	28 186	4 62	52 88	65 58	34 114	41 68	64 155	14 121	26 139	3 30	46 170	30 95	69 182	35 101	0 133	17 192	40 121	13 93	25 57	63 33	7 97	5 128	59 107	33 169	16 93	27 2	29 199	36 164	62 168	23 60	44 163	43 121	47 199	55 106	8 108	19 70	20 116	12 115	48 71	6 38	53 89	10 90	61 65
46 96	35 117	41 77	63 181	9 124	34 123	33 190	43 200	7 145	64 119	20 5	48 133	39 200	11 190	61 180	1 131	30 87	50 46	28 171	54 153	53 91	24 164	69 194	49 179	65 181	22 65	52 36	68 161	67 60	37 140	25 19	55 60	42 92	47 5	51 1	45 199	27 17	60 188	38 112	12 134	21 25	14 9	59 200	15 78	10 79	13 8	40 64	31 118	4 74	57 157	58 114	29 55	2 193	44 129	3 105	56 76	8 163	66 122	5 112	62 40	36 4	6 37	23 51	19 115	0 170	17 97	26 6	18 30	32 119	16 4
42 152	23 58	57 20	12 168	51 3	33 161	6 157	25 182	46 156	61 159	49 195	41 131	30 97	68 132	20 4	63 2	21 160	10 187	58 9	14 169	4 18	69 114	50 18	48 157	34 139	53 124	47 147	56 27	40 38	1 95	38 61	5 12	8 75	62 129	24 89	52 194	67 171	66 162	18 3	7 8	65 133	28 132	9 48	43 14	27 32	32 99	3 48	11 169	64 120	26 192	16 48	15 82	13 87	44 90	35 144	0 113	59 3	17 7	36 58	54 39	2 36	19 40	39 58	37 150	22 43	31 145	29 180	45 107	55 196	60 194
23 141	43 62	1 16	12 100	3 98	55 170	2 78	31 96	24 158	5 131	19 54	29 155	0 41	59 3	49 127	6 185	60 93	53 161	69 7	50 133	64 123	54 70	58 79	41 153	4 119	47 28	18 81	34 66	16 156	63 68	36 123	44 144	25 98	11 193	56 195	57 105	33 192	42 112	17 67	22 94	8 149	65 87	14 75	32 51	13 92	51 131	20 13	45 131	27 119	26 37	68 116	35 63	28 12	21 140	10 152	48 66	39 21	40 55	66 4	37 21	7 16	67 96	61 158	62 39	38 79	46 31	30 197	52 19	15 147	9 100
