15	40
9 43	36 48	7 46	16 46	27 56	35 46	20 50	22 44	2 44	24 56	23 54	13 37	38 57	32 58	25 55	14 51	3 50	1 58	31 53	37 50	29 48	0 65	18 50	28 47	6 50	19 42	26 47	4 48	12 55	33 49	39 46	5 47	21 44	17 52	10 57	11 59	8 55	30 39	15 54	34 48
36 48	30 55	22 48	5 49	11 48	31 44	33 48	9 48	16 48	6 44	37 44	4 56	0 56	21 56	2 43	14 51	26 42	25 48	35 50	17 51	19 50	38 48	20 52	15 44	12 56	8 53	18 50	10 50	3 50	23 52	24 43	27 59	34 49	1 52	13 51	7 43	28 44	32 48	39 43	29 41
2 47	6 55	15 46	38 49	7 60	19 51	17 58	25 58	28 51	22 43	13 51	16 57	21 60	5 46	3 48	14 50	12 55	1 45	11 50	26 54	9 45	18 61	23 52	8 52	29 45	31 54	36 48	0 50	34 48	30 53	33 59	39 46	4 53	20 45	27 50	10 48	37 56	32 48	24 56	35 42
37 50	12 50	25 44	1 54	22 49	36 45	31 56	24 53	10 51	29 48	32 57	38 48	34 49	9 55	8 39	17 44	0 49	15 50	30 49	13 55	5 51	21 46	26 50	33 53	28 52	7 47	16 53	20 48	14 57	35 46	27 52	18 43	6 45	3 44	11 41	39 51	23 50	19 57	2 55	4 47
13 49	33 46	24 47	35 44	15 47	8 49	6 45	26 55	38 42	21 52	30 54	18 45	20 41	14 59	17 46	29 58	28 49	16 60	37 49	39 43	7 53	5 56	9 55	31 49	32 53	0 55	22 43	19 49	1 43	10 49	12 56	3 55	11 49	4 43	34 48	27 57	36 58	25 44	2 45	23 49
28 52	12 50	29 49	37 41	6 38	14 56	9 47	15 56	4 53	33 51	13 37	31 43	10 47	23 51	19 55	34 47	38 53	1 53	24 47	8 44	21 51	0 50	16 45	20 46	26 54	3 47	11 51	17 53	25 43	2 50	39 55	18 48	30 50	7 40	32 50	35 35	5 51	22 49	27 46	36 41
2 42	6 52	22 58	1 47	0 48	29 48	19 53	32 47	3 54	26 53	33 50	25 57	14 57	37 53	35 57	10 49	24 52	9 43	15 40	18 54	31 42	23 48	30 57	5 52	39 50	17 52	21 39	8 50	38 52	12 47	4 53	28 47	36 55	7 53	20 46	27 42	13 53	11 54	16 50	34 46
2 50	34 45	35 42	0 43	3 52	33 46	14 57	5 49	16 52	24 53	23 56	26 48	22 47	25 54	18 51	7 54	32 50	9 51	19 56	1 48	31 62	30 52	8 51	4 47	13 44	11 47	17 47	10 54	12 43	37 59	28 50	38 57	20 57	15 51	39 62	29 55	36 52	27 47	21 46	6 53
11 53	20 57	16 56	26 49	23 60	12 50	18 54	17 43	35 57	15 52	22 50	1 53	24 57	13 45	36 45	14 48	34 57	28 54	39 47	31 50	32 52	21 55	7 53	8 51	27 47	5 48	37 50	33 46	19 53	0 52	30 51	2 49	9 49	6 60	3 49	38 52	4 55	29 55	25 44	10 58
1 44	27 53	5 52	0 55	39 48	24 48	34 53	9 46	14 57	8 44	12 57	26 54	16 43	36 49	21 42	18 52	25 51	4 46	28 53	23 55	35 51	6 44	3 34	22 37	13 54	32 61	30 55	20 57	19 52	7 49	2 52	37 48	10 54	11 56	31 53	29 46	33 52	17 54	15 42	38 51
15 48	10 49	23 43	3 45	0 44	1 50	22 50	12 52	17 53	27 63	11 49	29 49	37 43	8 42	28 53	16 57	32 51	34 54	4 49	20 60	6 47	35 51	33 51	30 51	2 47	19 58	24 52	26 49	21 49	39 51	18 49	13 52	25 51	14 48	36 52	38 50	7 41	31 48	9 46	5 55
24 36	13 53	29 54	1 57	16 45	33 47	11 38	32 50	17 56	37 56	2 54	10 56	22 60	35 52	36 49	0 53	38 53	9 45	6 50	39 55	8 46	5 43	18 45	28 52	20 50	12 47	21 45	15 63	27 46	19 51	4 40	14 36	30 50	31 49	23 55	25 57	7 46	34 51	26 45	3 45
13 57	32 45	23 47	10 52	2 54	16 59	25 46	8 57	11 49	17 48	31 59	20 45	5 51	30 50	21 55	18 46	19 44	29 54	35 45	12 46	9 47	38 51	3 49	22 47	28 48	0 53	27 42	34 54	33 43	36 55	14 58	15 50	26 40	6 44	4 54	24 47	39 57	7 55	1 49	37 59
3 48	29 48	0 58	33 51	6 48	19 53	15 42	4 44	11 45	34 55	27 59	14 51	20 51	13 50	38 49	8 49	21 45	18 49	39 54	32 47	2 58	35 51	31 52	16 53	25 56	5 50	10 49	24 50	28 53	7 47	30 58	36 51	9 51	12 51	37 48	17 57	26 48	22 53	1 53	23 54
25 54	35 42	30 51	22 49	29 46	39 42	17 50	2 37	7 51	19 62	37 49	11 52	6 49	28 59	31 57	15 44	0 40	36 48	23 57	4 53	8 48	14 48	38 40	34 53	24 50	32 47	26 50	21 44	9 54	5 53	12 39	27 58	20 48	13 53	18 48	16 45	3 53	1 47	33 55	10 40
