40	70
48 52	29 52	54 37	15 50	5 42	66 39	43 53	68 49	13 55	53 52	7 54	35 51	57 47	4 51	39 43	56 43	41 49	6 46	40 48	30 56	50 55	20 48	62 56	47 50	2 54	11 55	21 49	9 51	1 47	59 52	31 55	44 55	34 48	3 49	36 52	33 53	67 59	22 47	19 56	49 53	38 43	51 51	0 59	64 47	16 53	28 50	42 43	25 48	10 50	61 56	18 54	14 43	26 44	55 47	24 54	32 60	46 55	52 48	17 50	12 53	37 45	69 52	27 45	23 55	58 43	65 50	8 49	63 43	45 51	60 51
48 62	64 45	28 59	62 47	30 48	43 47	9 51	20 53	59 50	31 51	25 52	21 46	66 53	23 53	57 51	4 46	47 45	15 49	49 50	1 43	17 48	8 54	41 55	18 48	35 50	36 54	37 55	56 42	27 56	32 41	54 58	14 53	7 51	11 43	45 57	67 37	55 51	58 52	26 50	2 51	34 55	6 42	10 48	53 54	16 51	40 57	39 54	5 49	61 46	46 63	60 50	3 49	51 44	69 47	19 55	44 46	33 58	12 56	65 55	42 58	13 52	22 51	68 43	0 33	50 57	24 49	52 57	63 50	38 51	29 44
20 53	27 46	58 49	47 46	44 41	52 47	22 59	62 56	23 43	64 54	48 54	17 46	63 47	14 47	35 52	29 45	34 45	46 44	8 55	16 55	5 53	32 40	19 42	12 50	68 46	57 44	30 52	41 43	0 48	24 62	55 53	1 52	40 55	31 57	10 49	26 47	9 44	45 51	6 57	36 51	53 45	33 46	43 41	21 47	7 49	18 41	61 48	65 49	59 53	25 49	49 47	51 49	69 51	11 55	56 48	3 53	54 51	60 45	39 46	67 51	15 47	2 57	50 55	4 45	13 65	28 60	37 49	38 56	66 54	42 43
8 56	50 50	53 49	55 47	5 40	14 51	4 44	25 56	13 60	28 51	26 47	43 49	47 57	41 48	1 54	60 53	16 45	21 46	31 58	17 59	44 49	39 50	68 53	49 56	2 47	64 58	30 52	35 47	36 49	10 47	62 46	33 40	52 62	59 53	11 46	29 59	24 61	34 52	46 45	56 63	45 55	15 53	67 53	51 47	3 53	66 49	37 46	6 65	19 47	65 48	61 43	38 47	32 55	9 56	57 51	42 47	58 46	20 51	48 43	27 47	12 48	18 49	63 44	22 47	54 51	0 44	23 51	40 53	69 50	7 49
47 48	9 48	60 49	0 47	65 44	13 49	22 50	61 47	69 47	51 52	21 53	38 49	32 56	53 48	26 44	50 53	56 59	23 51	49 45	45 59	41 49	67 46	18 59	54 47	7 50	8 56	55 55	17 49	25 58	43 50	34 53	37 47	48 44	52 52	4 47	24 59	16 50	10 53	1 53	14 54	58 44	3 50	20 43	62 50	19 48	46 49	30 55	59 52	66 50	42 58	36 41	5 54	27 46	6 54	28 55	40 56	64 51	33 59	63 51	39 50	44 43	2 53	57 45	12 54	11 38	35 47	29 51	15 54	31 54	68 49
39 51	36 50	42 45	40 57	2 53	63 43	17 57	45 55	43 59	19 44	23 49	30 54	7 44	32 51	20 51	61 52	64 46	62 48	15 52	3 53	47 50	9 52	56 50	24 46	37 50	51 58	52 54	68 50	54 52	59 50	13 44	46 46	11 46	21 44	4 57	58 49	38 51	22 47	57 50	67 62	65 48	66 49	5 48	27 51	50 51	6 48	16 51	41 57	28 51	33 42	31 51	26 58	55 53	14 53	60 52	1 62	34 40	44 48	25 45	69 49	29 44	53 53	0 67	10 52	18 52	48 52	12 52	8 54	49 54	35 41
5 56	0 54	3 53	17 50	19 52	27 53	14 52	42 48	55 53	46 43	29 52	62 49	10 47	6 57	44 41	51 53	45 42	24 45	15 53	68 52	31 54	4 54	7 58	41 47	39 54	23 51	1 54	54 53	67 44	11 52	18 46	34 47	30 56	22 47	26 56	16 58	12 55	35 55	43 60	65 53	32 48	69 43	49 46	50 54	47 52	36 53	64 52	60 48	9 49	21 57	61 47	66 54	57 48	37 43	63 54	48 46	58 41	52 35	13 49	8 49	56 46	59 52	20 54	33 50	28 47	25 49	38 60	53 48	2 50	40 53
51 53	16 63	56 51	43 53	20 39	13 42	52 50	15 44	0 55	58 55	63 60	4 47	14 48	64 37	6 48	34 48	48 56	59 46	38 59	17 42	31 45	42 49	8 41	35 58	50 49	19 53	30 40	44 53	49 53	5 46	7 44	39 55	40 49	9 55	65 61	11 50	18 49	21 52	67 54	10 57	28 54	47 55	55 42	62 46	54 45	3 57	69 51	25 48	45 49	23 52	22 45	26 50	2 41	68 52	33 65	1 53	41 49	53 52	12 54	66 53	46 40	57 45	29 53	27 54	60 51	61 43	37 50	36 43	24 46	32 56
46 47	63 48	48 49	62 54	27 51	9 57	32 56	18 52	23 46	15 51	61 55	26 54	14 53	39 54	43 50	37 47	49 50	66 46	8 52	57 52	38 50	35 56	53 51	67 55	36 47	28 46	16 55	44 48	25 45	68 52	5 45	64 50	4 51	1 55	59 49	50 55	69 40	21 53	24 51	34 58	29 54	52 55	22 49	7 48	31 46	3 59	41 55	65 46	54 62	20 51	13 55	19 55	58 49	40 59	45 50	11 52	42 50	33 47	60 52	47 59	51 50	30 53	2 48	0 44	6 62	12 58	56 54	10 54	17 46	55 49
10 40	35 46	41 42	24 45	16 53	36 44	29 56	54 51	52 53	53 46	67 44	19 48	9 43	60 48	0 52	44 45	59 50	21 50	57 47	23 51	25 50	31 46	27 44	55 52	20 49	63 54	65 65	3 53	5 46	33 42	28 56	68 60	69 51	22 53	34 54	6 39	1 49	17 48	7 45	38 54	26 51	32 51	49 42	61 37	11 47	30 43	15 52	37 47	40 48	14 49	39 42	58 48	8 51	66 51	62 50	12 51	64 49	13 46	18 54	47 51	4 60	56 57	2 50	51 57	42 58	45 54	48 47	43 52	50 49	46 46
23 44	42 48	38 64	18 43	26 48	59 52	27 51	48 45	45 39	55 52	19 47	54 48	67 46	4 57	44 45	29 51	69 44	41 46	17 52	30 47	51 59	65 44	5 51	6 53	20 48	53 53	57 49	31 46	10 44	39 57	1 44	36 55	21 52	47 54	46 45	32 55	0 52	37 46	56 57	40 53	50 55	15 51	61 49	2 53	60 57	12 57	16 53	8 54	9 47	64 48	11 49	22 59	43 42	14 53	68 58	28 52	66 58	62 43	58 55	49 44	33 49	24 52	52 42	34 58	13 50	25 52	3 43	35 50	7 51	63 47
62 48	8 53	40 50	37 59	16 54	22 54	41 48	15 44	69 53	58 53	17 52	11 49	7 55	34 48	4 49	54 49	6 49	59 53	24 56	20 52	56 51	29 51	32 49	66 52	44 49	49 47	26 49	53 49	23 47	35 51	65 48	63 50	55 40	14 58	2 50	18 51	43 54	13 45	31 44	9 54	50 52	25 45	27 49	33 57	61 44	19 46	52 51	28 52	47 59	48 52	64 51	0 59	46 52	51 50	68 53	57 47	5 53	60 50	30 49	21 57	67 37	39 48	38 45	36 44	12 54	1 51	3 49	45 46	10 54	42 46
68 45	18 53	37 43	32 49	49 53	30 59	65 40	22 33	58 46	33 43	8 57	14 52	2 48	45 55	50 49	23 44	29 54	54 46	7 41	5 45	17 52	0 56	24 43	41 42	66 54	61 57	42 45	44 47	43 51	39 42	21 42	67 48	10 44	31 49	36 45	53 55	4 54	6 53	52 43	40 56	56 44	48 38	69 48	46 49	63 41	13 49	47 46	12 40	9 40	20 48	3 49	64 41	19 47	62 44	16 54	11 59	25 45	60 47	27 47	35 43	51 45	59 47	57 51	34 55	1 49	55 57	15 50	28 53	38 51	26 43
14 44	20 53	31 56	69 49	50 54	45 48	19 46	61 39	0 54	37 48	59 51	29 58	22 52	67 45	39 51	9 47	38 45	41 47	33 49	27 50	10 42	53 46	30 54	23 53	8 40	57 45	66 58	13 47	28 61	11 53	58 44	52 47	4 48	25 49	54 45	63 47	65 51	17 51	64 50	43 55	36 53	3 47	60 49	40 49	15 44	16 54	55 53	1 56	48 48	51 43	49 49	24 52	56 49	2 43	35 57	18 56	32 47	5 50	62 51	26 39	47 47	46 55	12 42	44 47	68 49	34 46	7 47	6 52	42 51	21 58
55 50	25 56	46 49	11 47	66 40	63 50	29 53	33 53	57 54	58 46	37 51	4 45	59 50	60 54	0 46	17 43	1 49	9 50	41 42	51 47	7 49	39 53	15 48	44 46	47 45	48 51	64 52	22 54	28 58	21 45	52 47	69 54	24 47	8 49	56 54	38 48	62 36	31 47	45 55	13 52	16 42	5 55	14 50	26 39	61 58	34 48	10 49	32 57	65 48	36 49	23 42	12 49	30 57	2 53	54 52	50 47	49 51	53 56	3 55	19 50	6 51	40 48	42 53	27 49	20 52	68 50	35 60	18 53	43 50	67 49
69 43	4 50	42 47	16 53	33 43	43 38	51 48	65 46	40 45	14 50	26 55	9 50	48 54	49 39	17 38	11 49	22 56	15 60	64 48	55 54	28 54	45 59	25 51	56 44	36 53	38 49	58 53	34 56	0 46	10 41	63 49	12 43	29 45	27 52	68 53	5 56	35 49	62 56	47 50	20 41	41 59	60 49	53 47	6 55	1 44	24 55	32 52	59 52	44 45	8 43	13 46	61 44	52 48	37 50	2 51	21 55	19 57	30 47	7 50	18 50	67 58	66 58	31 54	46 46	50 51	3 47	57 49	23 55	54 51	39 49
15 41	34 44	55 48	1 55	27 51	46 50	62 50	37 50	33 51	42 47	57 49	65 51	8 52	59 45	17 48	31 49	4 58	10 56	43 54	66 48	25 40	18 50	40 53	21 52	16 42	61 54	32 51	64 49	50 46	23 55	69 55	22 45	56 56	12 45	14 52	47 51	28 60	20 60	36 43	45 47	9 51	68 54	58 50	39 57	63 42	51 45	38 45	53 57	11 53	0 50	41 45	49 51	24 54	35 56	26 50	6 46	52 50	13 38	54 51	48 48	7 45	30 53	44 57	60 52	19 50	2 47	5 50	29 51	3 52	67 44
22 51	2 50	16 54	5 55	64 42	31 51	13 45	58 56	29 50	4 55	40 47	63 59	51 50	37 50	39 47	61 42	19 48	33 46	41 60	54 44	20 55	66 47	3 52	6 51	46 49	44 44	49 49	11 47	26 49	45 55	69 50	65 53	15 52	42 50	62 52	47 51	34 43	18 50	43 53	14 45	24 48	36 49	60 49	1 47	32 51	67 54	53 58	52 53	12 51	8 57	59 53	27 46	48 50	38 49	56 51	7 52	10 49	0 44	28 55	30 49	55 50	57 50	68 49	25 44	50 58	9 53	35 53	17 55	21 51	23 50
6 54	64 55	24 48	35 44	42 50	10 57	25 46	44 44	20 41	30 53	3 53	52 54	50 48	19 48	1 58	28 50	33 49	68 58	62 40	57 58	66 49	60 56	40 52	48 46	43 42	16 51	65 61	54 59	67 55	46 60	53 47	61 54	5 48	17 63	7 39	13 52	69 47	9 50	31 43	4 47	39 47	0 60	55 47	58 56	47 41	23 54	29 44	11 49	41 46	38 41	2 54	34 58	12 56	21 50	51 55	49 47	59 50	37 54	45 60	15 47	22 53	32 41	26 51	56 43	36 48	14 50	8 54	18 49	27 55	63 55
15 46	6 60	5 48	57 49	34 47	31 41	33 46	16 44	49 46	29 47	45 48	37 58	48 35	12 49	0 52	26 52	13 47	3 52	36 44	27 52	66 50	2 41	24 54	19 52	60 58	32 50	41 54	30 57	65 56	59 47	7 51	4 49	21 51	54 48	11 50	39 51	17 50	58 56	44 47	23 51	47 46	35 56	55 51	14 48	22 47	51 56	40 49	1 54	38 53	56 53	62 57	53 49	46 43	18 53	67 49	20 49	61 45	25 56	8 51	68 54	63 51	50 49	28 54	10 49	52 34	69 45	43 44	42 61	9 43	64 48
37 47	57 48	2 54	50 47	65 52	44 43	69 49	17 54	9 51	12 39	61 49	63 44	3 41	24 50	18 56	43 51	6 54	13 46	54 53	16 47	39 51	1 47	56 52	53 47	21 54	31 47	32 47	0 43	51 43	42 46	60 52	30 45	20 43	33 52	68 49	29 48	67 51	7 45	36 46	15 52	66 60	5 49	14 55	4 39	34 50	47 49	35 58	10 50	26 50	27 55	25 48	52 54	23 49	55 50	46 49	38 48	45 48	11 53	62 52	19 59	48 54	8 50	40 47	41 48	49 46	28 53	58 45	22 49	64 39	59 49
27 51	21 45	29 52	17 42	69 44	26 52	59 52	15 50	16 49	65 53	6 43	7 48	49 48	45 49	48 47	67 54	47 51	23 39	33 52	57 47	24 50	56 47	55 52	62 51	14 56	66 49	12 53	4 61	61 54	41 46	11 48	34 44	28 51	38 46	44 45	18 47	51 51	68 50	43 46	0 45	36 44	40 46	42 60	63 51	2 47	13 48	22 50	52 54	53 57	37 46	50 57	8 48	58 48	39 51	5 46	3 54	1 58	10 49	20 49	64 45	30 66	54 46	31 51	32 48	35 43	46 44	60 53	9 53	19 56	25 54
66 46	35 49	42 48	67 51	0 51	45 49	51 49	28 47	37 50	12 49	4 50	53 46	61 51	65 50	36 39	32 57	23 55	64 45	55 50	7 57	31 50	63 51	58 52	3 48	47 65	57 51	41 51	20 47	26 52	25 44	21 42	43 53	68 47	17 53	56 51	52 48	33 55	8 56	10 54	59 53	15 50	54 51	13 43	39 46	44 45	9 56	46 48	6 47	69 53	19 52	50 51	5 49	60 47	11 52	49 48	24 46	62 53	40 42	29 53	18 53	22 63	16 57	1 51	48 42	34 59	27 58	30 45	14 46	2 57	38 56
6 40	14 57	51 57	45 50	9 43	42 51	23 45	3 54	46 48	0 47	12 50	68 51	67 65	2 40	37 53	25 60	22 60	60 46	44 49	18 54	64 44	40 43	57 60	62 52	63 54	53 52	26 57	32 52	28 53	49 45	29 50	65 46	48 47	56 46	16 51	31 49	30 50	19 56	59 50	11 52	20 50	58 45	52 47	43 60	39 45	61 48	54 51	66 48	47 42	27 40	1 45	41 53	36 44	38 40	50 46	8 50	13 43	15 35	7 44	21 54	5 53	34 49	4 54	35 54	33 54	55 50	10 52	17 57	69 54	24 47
58 52	45 56	6 44	19 44	20 53	16 52	41 50	29 50	31 42	24 48	10 54	11 53	63 50	44 55	46 47	5 61	52 61	27 53	34 53	26 49	23 46	43 53	36 56	38 45	18 56	14 48	69 48	53 52	28 49	67 55	7 45	68 50	65 38	40 54	33 45	8 55	37 51	22 51	3 39	15 43	59 48	56 44	17 55	35 47	50 51	39 54	54 49	30 50	60 44	62 45	4 51	0 50	21 39	47 54	1 52	25 63	66 50	49 41	64 55	57 49	9 45	42 39	13 52	32 52	55 53	48 47	2 45	51 48	12 55	61 58
37 53	62 50	30 50	58 55	4 50	52 50	24 54	59 47	0 59	32 54	56 48	17 60	9 59	33 48	18 58	53 48	38 60	26 49	6 54	28 48	11 54	64 44	67 52	29 60	68 48	35 45	65 47	2 56	15 46	23 53	14 51	22 46	27 56	48 44	19 49	60 51	34 47	50 55	47 47	46 50	43 43	25 43	7 50	40 47	44 53	66 49	54 45	61 52	45 47	55 59	5 54	1 43	21 48	36 57	31 60	8 50	10 47	13 62	49 49	16 39	12 53	41 68	69 45	3 54	63 55	39 54	51 44	20 53	57 42	42 55
32 38	29 52	1 47	51 52	69 44	47 43	5 51	13 49	4 41	66 53	37 54	2 59	21 57	46 49	18 44	9 49	52 53	67 46	57 44	22 52	62 52	23 47	12 44	35 52	44 54	63 50	30 53	25 52	24 48	41 45	48 59	38 50	19 60	31 45	34 53	7 55	68 53	60 48	50 45	17 46	55 50	59 59	53 46	43 53	56 49	54 59	64 44	36 59	42 47	27 50	10 50	28 46	3 44	8 49	61 56	20 42	58 55	40 50	65 52	26 53	39 43	11 58	15 49	0 55	49 48	33 53	45 58	16 51	6 47	14 51
63 43	55 45	45 48	2 57	51 50	10 56	24 49	8 41	40 54	48 53	21 50	54 43	36 47	15 54	14 56	56 49	9 44	13 47	17 45	22 50	68 47	69 48	59 57	20 52	49 53	46 51	32 54	47 54	25 45	34 61	27 47	3 51	4 48	29 44	43 51	61 60	5 52	58 47	31 41	7 49	67 44	18 53	50 63	16 48	53 59	64 47	0 49	57 48	35 49	41 35	30 48	66 54	11 54	26 50	28 48	65 50	44 52	33 55	38 57	42 54	19 43	1 47	60 47	52 52	37 54	62 49	12 53	23 47	39 49	6 51
23 51	41 51	43 51	8 50	29 49	28 58	10 47	30 54	59 49	52 51	60 43	35 43	24 46	16 52	11 56	34 53	61 53	5 51	49 54	3 48	1 50	32 50	12 54	9 49	53 57	7 49	14 50	6 58	26 48	51 50	33 50	45 48	46 57	39 58	42 47	18 44	22 50	66 48	17 53	69 54	56 55	4 45	36 47	58 53	47 50	40 52	57 52	44 41	0 53	38 44	19 44	68 43	48 49	54 55	31 51	37 48	2 47	27 56	67 53	25 48	15 55	13 46	20 50	64 55	55 46	65 44	63 55	21 43	50 46	62 47
3 48	45 52	57 48	31 46	9 50	64 54	39 50	15 59	51 46	10 44	40 38	2 53	11 46	4 53	24 46	23 47	46 49	32 55	50 56	33 53	44 46	7 49	49 49	56 50	5 45	38 52	61 53	58 55	41 44	25 62	65 54	28 58	54 50	22 52	43 51	53 47	34 59	37 47	55 55	27 50	19 54	67 48	42 47	26 56	0 49	63 53	35 46	6 44	13 52	12 50	1 63	21 45	47 46	62 46	69 55	48 53	30 46	8 53	36 54	20 47	68 45	17 50	16 51	18 39	52 60	59 47	14 49	29 46	60 55	66 59
50 54	65 47	42 59	23 48	0 47	18 55	1 59	48 49	53 52	59 60	35 55	54 50	51 54	12 50	30 47	21 48	36 53	47 55	68 47	34 38	39 59	26 49	2 45	37 51	28 48	8 47	44 46	41 45	24 53	29 41	45 54	15 48	31 44	61 44	6 47	40 39	22 44	57 52	7 51	27 47	66 53	63 55	60 58	38 50	3 60	11 59	17 52	14 42	13 45	16 50	43 54	9 53	19 51	58 54	33 37	25 56	69 50	67 40	46 48	10 53	5 48	32 44	52 48	4 54	62 46	20 49	64 55	56 46	49 48	55 53
32 57	64 56	3 55	4 54	39 43	22 44	62 54	54 51	52 54	19 56	8 54	20 49	13 48	46 46	48 49	7 44	57 52	44 52	11 43	24 47	12 50	45 52	1 49	9 55	37 48	58 54	26 46	55 56	2 56	31 43	25 54	27 47	56 52	29 48	65 56	18 41	50 48	40 59	60 62	53 54	21 51	23 50	28 50	14 56	68 43	34 43	42 44	49 48	69 56	30 51	61 49	33 53	67 55	36 46	6 48	63 59	35 47	0 58	59 50	10 42	15 50	16 51	5 53	17 52	47 57	41 53	43 53	38 48	51 58	66 54
19 48	34 49	15 59	68 51	25 53	14 52	54 45	57 56	42 54	55 55	31 43	46 46	5 58	43 44	64 48	1 50	6 51	2 52	0 56	51 58	9 54	21 46	39 54	58 55	22 61	11 48	18 48	26 47	67 50	36 45	62 42	48 60	30 47	16 58	23 49	65 45	49 55	4 52	3 54	40 53	53 51	8 43	29 54	17 46	47 58	13 47	59 42	56 51	37 46	41 48	52 44	44 43	20 53	63 48	60 47	28 53	61 46	33 43	38 43	7 45	27 45	24 50	50 63	66 46	32 51	35 53	12 48	45 47	69 47	10 50
59 52	67 50	2 47	60 45	43 35	29 51	20 51	55 48	38 46	6 57	5 44	11 43	24 47	66 54	7 47	34 52	61 44	53 45	37 47	32 48	42 46	36 51	68 41	48 48	19 44	44 51	56 55	22 47	65 51	49 46	8 46	1 51	62 53	15 55	58 55	3 54	21 49	51 43	57 51	69 45	52 51	40 55	13 43	26 55	0 51	50 56	14 47	63 54	28 51	4 49	16 44	10 50	41 55	54 54	46 60	47 44	45 53	31 50	12 46	30 59	27 40	9 54	18 47	33 46	23 60	64 46	35 57	39 52	25 53	17 53
40 63	8 53	20 60	42 56	6 46	11 43	4 50	58 55	69 55	1 49	34 56	28 57	19 51	27 52	64 44	44 58	66 44	31 50	51 45	18 49	54 47	55 55	63 43	30 53	23 56	7 48	25 37	5 50	0 42	26 53	17 51	39 53	41 47	14 45	48 53	47 50	32 39	24 47	45 44	9 46	49 53	43 45	21 44	53 52	2 48	67 40	10 43	50 45	59 51	37 51	56 60	46 54	52 55	15 39	65 54	12 50	68 60	60 48	57 50	38 54	3 54	36 42	61 54	13 54	22 61	29 51	33 48	62 54	16 55	35 46
19 48	52 55	60 47	2 46	22 50	34 50	24 53	66 56	5 48	7 60	17 46	6 50	45 53	63 47	20 51	35 48	25 48	30 48	4 48	21 55	43 48	58 53	8 52	23 44	14 50	64 53	18 53	36 49	31 50	26 49	16 43	9 58	33 50	40 51	42 53	29 42	46 56	1 51	62 43	56 52	67 47	53 46	48 47	44 44	38 51	47 45	10 53	28 46	54 52	39 44	11 47	12 51	3 45	61 55	32 53	13 51	57 58	69 44	0 49	65 41	50 45	49 51	68 45	51 46	15 44	55 43	41 53	27 54	37 60	59 53
31 55	6 53	42 45	8 56	32 48	18 57	67 52	24 53	61 56	12 50	0 66	9 56	38 55	58 47	60 48	65 51	53 44	57 46	56 47	20 52	41 52	66 54	1 56	40 51	69 48	7 49	10 46	62 42	11 57	43 52	30 45	46 45	25 55	4 52	44 52	13 55	21 45	52 50	45 51	68 58	19 46	16 49	55 51	17 55	23 49	39 44	63 50	29 55	49 42	35 64	5 41	15 49	50 53	2 51	14 51	64 53	48 51	54 54	28 49	59 50	34 54	47 50	37 47	36 48	26 52	3 59	51 47	22 48	33 50	27 52
7 46	27 51	39 44	12 53	40 46	61 51	13 47	4 56	21 56	5 47	22 51	64 37	68 56	42 53	32 54	59 47	52 47	29 46	45 54	36 50	14 45	6 43	58 49	62 46	51 51	67 46	65 52	24 48	33 56	10 51	11 54	56 54	19 43	66 54	0 52	60 48	8 56	17 52	20 42	47 37	16 51	35 57	44 51	54 53	3 57	49 43	38 51	23 51	57 55	69 53	1 44	25 50	28 44	2 56	18 50	48 56	37 57	15 51	9 57	63 49	53 53	43 57	34 50	31 56	26 37	55 48	50 45	30 48	41 51	46 48
63 61	36 50	69 51	49 41	42 51	62 50	47 54	64 56	30 45	14 51	68 48	52 50	7 51	13 58	9 54	0 56	32 52	6 58	56 49	10 53	29 49	55 40	40 49	53 47	57 54	16 41	60 53	46 48	19 49	26 49	48 51	24 54	20 50	17 41	35 60	31 51	4 42	65 44	11 51	50 48	66 55	27 50	33 49	2 44	43 50	61 57	58 50	8 58	51 49	54 49	15 56	37 46	41 53	44 47	59 55	5 49	28 49	45 53	22 44	3 50	38 53	18 47	12 55	67 46	23 53	21 53	1 41	25 51	34 52	39 48
53 45	32 48	20 49	47 52	38 47	22 46	25 52	40 53	34 43	44 58	46 45	36 51	49 50	67 46	30 45	9 51	1 52	15 47	5 53	69 56	7 56	60 52	23 52	58 48	8 57	13 57	41 58	52 53	11 48	29 53	55 50	17 51	31 42	16 54	63 58	18 51	21 51	59 52	54 50	68 54	14 50	27 44	2 38	3 46	37 44	65 43	4 53	19 49	39 54	51 47	26 48	45 48	10 51	66 49	0 49	24 55	35 51	61 43	42 43	48 47	6 58	50 51	56 49	28 53	62 43	64 50	12 48	57 42	33 48	43 57
