15	20
19 55	16 52	4 51	5 46	17 57	12 42	13 46	3 54	10 50	11 48	15 44	6 58	0 56	2 47	18 46	14 48	7 54	1 43	8 46	9 54
10 60	1 54	7 45	18 48	14 46	4 42	15 46	19 53	12 55	6 48	11 51	5 49	9 54	3 53	8 48	2 43	13 52	16 50	17 52	0 43
18 45	16 50	7 46	11 55	14 46	3 55	10 58	1 55	5 52	6 52	4 63	8 45	12 56	15 49	0 49	9 50	13 48	17 51	19 47	2 45
10 46	6 46	11 58	2 54	9 57	12 40	7 54	3 45	18 51	17 57	13 42	4 50	8 47	5 42	0 40	15 58	16 49	19 54	1 52	14 50
17 53	0 56	5 50	12 56	13 60	2 45	15 47	4 52	7 55	14 60	1 51	19 50	6 54	8 55	10 54	16 48	11 39	18 52	3 55	9 57
3 48	4 55	1 51	5 54	14 54	15 56	0 47	8 48	17 55	13 46	10 48	18 59	16 43	9 54	12 50	2 42	11 39	7 45	6 57	19 39
6 58	19 49	17 51	4 55	10 52	7 50	15 46	9 61	2 47	12 53	11 48	8 49	14 56	5 51	0 55	3 42	1 54	16 57	18 48	13 37
12 46	8 54	17 45	14 57	3 54	10 46	11 48	6 50	5 62	18 55	4 49	13 60	19 49	16 43	7 55	15 45	1 53	0 51	9 54	2 63
16 54	11 47	13 53	0 39	14 45	19 54	15 47	7 53	5 47	3 46	4 54	2 57	12 50	17 61	18 45	9 49	8 50	6 54	1 53	10 49
16 49	4 53	17 49	10 43	12 51	0 44	11 49	18 53	6 53	14 49	19 43	5 48	2 49	7 56	13 49	1 51	15 47	8 52	9 44	3 46
14 49	5 55	12 44	8 45	10 44	3 42	11 50	2 53	9 47	1 41	17 49	0 46	4 53	16 54	15 48	7 50	6 58	19 52	18 60	13 46
11 60	1 44	7 40	13 50	0 50	8 49	4 58	18 59	17 57	10 48	5 52	6 44	14 42	19 47	12 53	16 48	3 52	15 51	2 47	9 54
0 52	1 57	16 52	19 47	5 51	14 46	2 50	6 53	13 51	15 51	7 57	18 43	9 48	8 46	4 33	12 45	10 52	3 48	11 49	17 44
19 48	13 52	0 49	9 50	2 43	18 49	3 46	7 48	17 49	12 51	16 48	1 54	4 49	8 47	10 42	5 47	6 55	15 48	11 50	14 48
16 50	8 60	6 46	4 58	9 40	15 51	3 48	18 53	14 45	0 56	19 52	7 52	12 47	13 51	2 50	10 52	11 46	5 51	1 56	17 55
