20	40
29 51	21 52	35 52	26 52	19 52	16 47	10 43	36 44	22 51	24 49	38 44	8 53	30 47	0 44	37 50	4 54	7 61	23 45	20 56	28 47	15 57	3 46	1 54	33 50	18 50	25 46	12 48	14 50	32 50	39 43	34 53	6 45	31 56	13 52	11 48	2 48	9 55	27 54	17 51	5 53
15 49	21 50	30 48	13 46	39 51	18 46	9 52	5 54	10 59	2 49	35 47	14 55	22 46	23 53	32 51	6 53	12 54	19 46	17 51	3 50	38 53	37 44	31 45	11 56	20 53	7 52	1 54	8 46	36 44	0 52	16 51	29 52	34 51	25 48	33 51	24 54	4 49	28 58	26 50	27 51
37 44	0 45	35 41	22 57	15 50	33 49	11 49	19 52	25 48	16 50	30 42	38 51	36 53	1 47	23 56	34 38	13 41	12 52	2 50	8 53	6 46	9 53	18 58	26 48	29 55	32 49	24 51	4 51	14 49	21 57	27 50	7 52	3 48	39 45	31 53	5 58	10 37	20 55	28 57	17 48
19 56	23 50	9 50	2 46	10 52	28 47	34 43	30 42	33 46	13 45	6 55	24 56	31 55	35 48	17 51	26 49	11 47	32 48	16 53	7 52	20 52	8 56	27 53	4 46	15 53	12 44	38 51	3 44	36 57	0 51	25 43	14 52	39 65	29 53	18 57	21 51	5 43	37 57	1 45	22 52
20 42	11 56	23 46	2 51	28 50	4 38	34 46	37 49	18 42	5 49	31 59	24 62	29 57	19 53	9 42	35 52	1 52	22 53	33 54	25 51	17 58	14 51	30 55	21 46	6 55	32 38	8 47	3 41	10 55	16 52	7 53	12 38	0 55	27 45	36 55	15 53	26 50	39 45	38 47	13 51
28 50	10 49	35 54	19 49	21 45	31 55	34 50	7 56	33 44	32 44	13 50	6 48	12 49	0 62	18 57	23 57	15 61	9 57	39 52	11 53	1 44	29 50	2 48	22 57	16 47	27 54	8 45	5 55	38 54	24 42	17 49	26 50	4 45	20 42	30 59	14 58	3 61	37 44	25 51	36 53
39 39	34 51	30 59	13 50	0 51	4 53	23 48	27 46	7 43	29 59	26 45	25 52	22 44	35 58	2 49	19 36	38 53	32 52	31 43	10 54	9 47	14 53	24 48	12 48	18 53	1 52	8 58	11 46	21 54	5 39	20 51	6 50	37 47	3 52	15 49	33 42	28 58	17 51	16 45	36 52
9 50	13 54	17 53	26 49	5 49	35 53	34 41	39 51	20 55	2 56	24 49	12 49	31 53	30 50	7 51	1 51	27 50	29 48	15 48	19 51	38 54	4 48	8 43	36 49	14 49	0 50	21 48	22 49	6 56	37 49	25 50	32 49	23 54	11 44	3 52	10 54	16 59	33 58	18 51	28 45
12 55	10 54	0 54	5 47	3 47	16 47	14 42	20 48	13 57	9 51	18 48	31 52	25 53	39 44	37 46	1 56	11 46	36 58	7 44	19 47	30 40	34 45	35 40	32 45	29 46	22 50	2 56	27 53	26 51	21 50	33 52	8 42	4 49	17 53	6 51	28 51	24 50	38 57	23 56	15 62
32 52	30 47	13 51	10 52	38 45	3 50	11 53	27 57	35 53	24 50	31 53	0 50	2 49	28 49	1 61	23 48	9 48	5 57	33 47	26 48	34 46	15 49	20 49	18 46	19 44	37 44	4 57	7 46	16 50	8 53	21 38	12 58	36 43	22 48	17 45	6 55	39 49	25 44	14 54	29 49
19 47	14 45	35 58	29 50	33 45	4 51	0 54	34 47	39 57	22 54	10 45	12 54	13 56	2 43	17 50	11 50	28 45	25 58	16 47	32 51	1 52	9 59	3 51	36 47	15 52	24 52	23 48	20 44	37 49	21 54	8 51	6 49	31 53	27 53	5 49	7 41	26 54	38 61	18 49	30 48
6 53	20 41	38 50	27 44	7 57	34 58	32 53	26 54	12 48	31 54	19 49	22 43	21 55	4 47	8 51	5 51	10 47	25 53	30 41	11 57	39 41	29 55	23 48	3 54	13 61	33 45	0 47	1 54	24 57	15 54	37 55	9 50	35 48	18 53	14 45	17 43	16 60	2 45	28 44	36 49
19 58	4 51	32 40	38 51	8 50	13 59	18 47	31 47	7 56	16 59	2 50	24 55	10 43	9 47	0 48	34 51	39 47	6 46	14 42	27 56	15 42	33 53	11 50	1 57	28 56	17 57	22 50	21 57	5 56	12 45	35 51	29 49	30 58	20 49	3 46	23 53	25 54	37 54	36 56	26 49
18 46	12 43	34 50	28 59	10 45	7 46	11 49	15 47	29 46	39 53	27 56	5 56	1 60	19 62	17 49	20 52	22 50	37 48	2 54	13 54	33 42	14 55	4 48	25 47	31 48	23 50	0 50	16 49	9 47	21 51	8 41	26 37	36 61	32 50	35 48	38 43	3 58	30 56	6 57	24 49
30 41	31 47	20 50	13 49	34 51	5 46	25 57	3 46	29 54	38 51	36 45	7 57	35 53	28 42	21 49	6 50	4 46	16 53	24 43	0 45	14 64	32 50	33 46	1 49	15 50	37 53	27 56	39 54	9 58	22 54	23 49	2 56	12 42	19 52	26 46	8 57	11 47	18 59	17 43	10 49
8 42	13 45	15 46	7 51	35 47	11 53	34 58	39 32	32 50	0 50	12 43	14 49	28 46	9 49	4 45	5 61	31 47	29 57	10 55	33 52	25 51	26 54	2 50	38 50	30 54	20 39	3 51	1 56	18 55	23 49	6 55	22 53	24 55	19 43	27 50	36 48	16 43	37 55	21 51	17 50
17 53	0 56	34 52	18 50	37 48	14 45	2 55	32 53	30 48	38 58	31 49	23 51	9 53	24 45	8 45	16 55	12 51	19 45	28 50	7 43	11 49	3 45	29 61	21 40	25 50	22 56	33 40	4 52	1 47	27 44	13 60	36 40	10 52	6 53	20 49	5 47	39 41	26 51	15 53	35 46
22 52	36 48	23 45	26 48	35 44	19 47	31 50	1 44	29 57	20 58	12 61	8 55	37 48	3 53	7 54	21 50	5 54	38 45	13 52	34 51	33 48	18 64	25 45	14 56	39 57	4 56	0 51	11 51	15 51	9 60	27 59	2 44	30 52	24 54	10 44	17 53	16 53	32 45	28 53	6 51
33 48	0 47	9 44	22 51	18 49	37 60	23 50	5 50	3 49	29 45	13 49	35 42	32 46	28 45	10 47	27 56	24 50	34 50	12 47	11 51	21 57	7 51	4 42	17 50	6 49	16 49	14 54	30 58	8 39	38 46	15 54	19 55	36 50	20 43	2 45	26 56	39 53	25 49	31 44	1 59
32 54	26 51	27 45	7 53	20 53	24 56	1 54	28 46	18 46	33 41	6 47	17 54	10 45	22 58	29 41	3 46	39 48	30 51	14 48	13 58	8 51	15 53	4 51	12 57	11 50	25 49	16 49	34 57	23 52	38 56	35 40	5 45	2 48	36 44	19 53	37 46	9 46	31 40	21 50	0 57
