40	15
12 47	14 42	11 53	9 45	5 52	1 46	6 45	8 41	4 45	2 42	3 50	10 54	0 51	13 45	7 48
9 54	8 44	1 53	4 51	2 53	13 48	3 49	14 52	10 56	5 40	11 55	7 53	0 51	12 50	6 40
13 50	5 49	14 48	1 40	6 49	8 48	3 54	9 49	11 50	12 42	0 51	4 46	2 59	7 46	10 46
0 50	10 48	6 50	11 49	14 42	4 39	1 56	8 50	5 53	2 50	3 53	9 54	12 49	13 46	7 61
3 56	10 39	13 45	7 48	5 59	12 54	2 59	11 44	9 50	0 49	8 50	6 56	14 60	4 50	1 47
12 43	7 56	6 48	3 51	13 48	0 51	2 47	11 51	4 52	14 46	5 52	1 45	10 48	8 48	9 56
4 41	1 49	8 54	12 46	10 44	6 44	9 42	0 46	11 53	7 48	3 45	13 48	14 50	5 44	2 52
7 48	10 48	14 52	13 44	4 51	3 55	12 52	9 50	1 45	6 53	8 50	0 48	2 50	5 49	11 54
5 47	0 45	9 53	7 48	6 52	13 50	3 56	14 56	11 55	2 51	12 51	10 50	8 46	1 45	4 50
4 39	6 50	12 57	8 48	1 53	9 52	2 45	5 49	13 47	11 58	0 44	14 47	7 48	3 51	10 49
2 50	1 52	5 53	12 41	0 59	9 51	10 55	14 48	4 55	11 57	8 39	6 51	3 60	13 46	7 41
13 42	2 51	3 50	14 51	6 51	4 53	7 50	8 53	1 54	11 44	9 44	0 46	5 43	10 50	12 49
3 52	10 53	13 44	11 56	5 50	9 56	14 52	4 53	0 43	1 54	12 49	7 48	2 54	8 53	6 62
6 45	5 49	0 56	7 50	3 51	10 54	8 40	9 41	11 49	2 40	12 49	1 60	13 46	4 47	14 58
13 46	8 49	12 55	7 43	14 50	0 49	5 47	10 48	9 52	1 42	6 50	11 50	4 53	3 51	2 52
11 58	6 55	0 46	7 53	10 53	4 45	5 46	13 59	1 45	9 39	2 44	3 54	14 54	12 43	8 46
13 50	2 51	6 51	11 52	4 41	14 46	7 52	9 53	1 51	5 46	8 58	10 49	3 50	0 52	12 53
14 47	1 43	6 52	12 50	2 46	10 54	8 49	0 47	7 46	9 52	13 55	4 54	5 52	11 39	3 53
9 55	10 47	5 56	3 42	13 49	0 41	11 57	14 55	8 44	6 52	4 45	12 58	7 46	1 56	2 55
8 48	1 46	2 45	6 55	5 48	9 47	0 64	10 48	7 50	3 47	11 51	4 52	12 51	14 59	13 51
0 55	14 45	5 47	3 44	13 46	2 46	4 51	6 55	1 55	8 45	11 47	10 53	7 52	9 54	12 53
14 51	12 50	10 46	8 45	11 48	0 56	3 44	7 50	1 46	2 46	13 53	9 42	5 52	6 44	4 43
1 49	3 41	9 43	8 50	14 57	11 52	2 46	10 47	0 54	13 59	4 41	5 57	7 45	12 53	6 43
12 52	13 55	7 55	14 48	6 46	0 60	3 45	10 44	11 42	9 55	5 46	1 52	2 55	8 43	4 46
5 49	0 49	4 53	10 53	7 52	1 50	13 52	9 42	12 43	6 47	3 47	8 37	14 42	11 40	2 45
6 50	7 54	2 50	13 54	12 50	5 43	9 54	11 47	8 49	1 49	4 49	3 54	14 51	0 54	10 51
4 41	5 47	12 52	1 61	6 43	10 48	7 57	13 50	0 42	14 45	11 54	9 46	8 61	3 44	2 49
5 55	0 49	11 46	8 40	1 51	12 49	7 53	2 47	14 56	6 48	10 53	4 54	9 58	13 55	3 48
11 53	6 50	9 48	10 64	4 51	13 57	5 45	8 47	1 51	12 57	2 45	14 50	7 57	3 54	0 52
8 49	12 52	0 52	6 65	7 48	10 52	4 59	5 51	11 51	14 48	3 47	9 47	13 50	1 48	2 49
14 49	3 50	9 49	6 49	4 54	11 59	1 43	12 53	13 53	5 52	2 46	0 50	7 54	10 53	8 51
0 48	13 54	3 52	11 40	10 52	1 45	9 53	5 52	4 53	7 57	14 50	6 52	8 49	2 49	12 43
7 50	5 36	14 49	12 49	10 54	9 57	11 57	1 55	8 50	3 59	4 49	0 52	2 46	6 46	13 51
8 53	9 53	1 43	13 48	2 52	11 55	14 54	10 49	12 60	7 49	5 52	4 40	6 44	0 48	3 49
10 49	13 57	12 46	7 52	2 46	5 48	4 48	0 57	9 46	3 44	14 44	6 48	11 57	8 51	1 42
6 40	14 52	1 43	3 46	5 36	2 54	0 53	7 51	8 47	10 50	12 52	11 61	13 46	4 46	9 51
8 52	12 48	14 55	13 56	6 49	5 42	9 50	7 49	0 52	3 55	11 43	10 50	1 45	2 48	4 43
3 55	1 45	6 62	10 54	8 50	11 54	7 55	5 47	12 51	2 55	13 53	4 52	9 50	0 52	14 53
2 48	12 52	8 51	6 55	5 52	14 55	7 44	0 49	9 47	4 54	13 52	3 48	11 57	10 49	1 50
4 53	14 57	7 50	5 40	8 37	0 54	12 51	10 47	6 50	2 39	1 55	3 44	11 43	9 50	13 48
