30	80
26 182	41 15	0 83	44 105	69 121	3 84	23 142	2 135	1 173	73 43	60 154	40 126	15 151	68 116	31 8	6 36	55 102	27 130	78 17	33 5	4 30	36 125	18 151	57 63	45 55	8 67	53 188	14 158	22 102	30 9	47 178	64 84	62 89	74 35	79 189	43 62	49 171	54 12	21 26	42 91	75 85	12 85	34 164	70 198	77 36	37 181	19 62	59 112	61 166	20 90	71 200	10 77	11 110	65 153	28 195	52 64	13 24	67 138	46 156	29 1	32 177	16 78	24 81	58 99	51 63	5 37	25 57	9 172	50 45	48 76	35 146	17 22	76 178	72 5	56 81	66 27	7 76	39 197	38 43	63 125
36 189	6 26	58 135	61 125	70 16	13 179	57 38	38 167	78 54	4 66	5 55	34 91	9 24	55 172	29 176	39 122	62 31	48 102	18 40	27 65	65 183	68 148	52 197	7 137	1 51	77 190	64 94	11 76	25 108	60 186	15 11	20 160	69 177	66 129	32 97	40 84	21 110	51 141	45 125	43 42	26 101	53 118	54 151	2 81	31 98	63 194	30 64	56 130	16 174	76 30	10 97	44 153	12 29	0 6	33 59	23 142	71 151	72 152	17 117	47 9	49 67	42 146	19 103	46 134	75 95	67 12	50 122	35 47	37 103	28 3	59 187	24 48	22 40	79 149	41 91	73 13	14 142	8 118	74 4	3 197
78 88	16 124	32 140	62 38	28 119	65 144	36 148	35 58	21 144	25 11	1 173	22 131	0 36	71 194	6 164	4 54	74 186	41 29	76 17	31 188	51 57	43 25	5 49	45 42	26 29	38 96	39 26	13 2	11 140	75 18	53 59	57 27	70 185	67 113	68 133	54 25	59 57	29 181	14 4	49 166	46 127	24 126	23 62	47 124	37 100	66 59	61 153	72 152	33 192	63 133	3 140	2 187	58 67	7 23	12 183	73 136	20 104	8 146	15 179	77 48	44 14	34 28	30 39	18 195	19 53	56 7	40 111	48 76	17 188	10 183	55 180	27 167	60 77	50 163	9 163	42 14	64 174	69 58	79 141	52 57
54 10	32 139	73 162	77 40	62 158	64 150	4 57	69 154	75 173	34 195	68 21	48 139	41 177	59 60	67 199	33 26	14 188	40 186	42 188	36 109	31 186	27 164	29 195	10 187	2 17	38 178	21 101	72 120	13 147	9 123	19 58	22 77	74 42	46 12	6 12	65 172	20 29	44 62	17 84	70 185	18 147	37 12	60 26	51 136	45 168	66 94	24 86	71 38	63 43	30 124	52 190	79 13	49 151	39 89	5 21	57 70	15 197	12 170	11 158	28 161	55 125	0 93	61 71	16 24	1 116	50 151	53 126	58 160	78 157	76 184	3 177	35 147	43 146	25 45	8 19	23 48	47 49	56 70	26 143	7 196
56 103	60 30	11 151	26 100	65 20	75 29	27 100	66 148	79 67	36 62	67 82	55 169	20 67	44 41	4 149	15 102	14 25	29 30	54 175	72 28	78 119	25 10	41 110	34 108	13 73	71 181	31 37	61 21	0 137	8 19	74 64	33 152	73 25	32 170	63 68	10 102	49 45	35 139	43 100	6 78	47 114	39 70	46 184	37 58	7 195	48 86	24 106	22 199	62 181	17 97	52 148	1 177	2 71	50 197	16 63	64 183	51 130	58 82	42 146	45 103	40 50	18 1	28 73	76 19	12 99	70 142	19 102	38 134	57 65	77 88	59 140	69 160	30 141	23 134	3 1	21 44	53 75	9 48	5 169	68 80
23 172	69 119	28 190	54 117	78 37	22 77	17 120	0 23	61 62	59 105	36 19	35 111	16 151	41 7	58 87	20 62	38 9	37 126	60 181	56 33	32 3	30 51	52 134	53 89	49 129	46 68	21 27	70 70	14 133	5 178	8 145	72 75	64 52	62 78	26 200	25 98	34 136	63 24	66 110	2 152	77 11	9 24	50 178	42 167	33 114	79 59	67 138	1 126	48 149	43 156	4 93	18 111	76 199	45 144	65 156	68 42	31 192	19 122	57 54	39 177	3 6	75 156	27 192	55 134	7 200	15 130	6 177	73 14	47 76	44 13	10 195	74 1	71 188	40 11	13 96	12 108	11 39	29 31	24 165	51 45
66 116	14 11	73 47	65 100	77 37	64 156	38 177	0 112	74 28	58 136	48 139	63 53	54 145	53 179	42 172	59 195	5 36	32 192	60 120	22 72	62 120	18 59	71 55	45 96	39 111	37 13	46 137	35 75	36 181	51 40	55 82	49 8	21 40	52 128	31 150	43 104	61 136	7 60	78 113	72 54	4 171	23 85	1 137	50 177	29 140	68 180	79 129	44 85	75 153	40 103	10 54	12 200	8 5	47 113	11 99	13 78	19 137	41 174	30 95	20 110	2 131	17 23	28 126	56 137	70 194	15 84	16 133	6 154	27 131	57 179	24 55	69 85	34 6	76 125	67 145	25 168	3 109	9 154	33 19	26 35
2 103	48 155	18 130	24 70	50 84	8 2	51 176	49 163	61 17	17 71	57 174	28 175	26 165	56 113	41 150	27 14	22 65	10 101	15 55	59 139	13 56	37 165	4 74	21 177	31 98	64 113	47 190	43 165	70 48	67 197	53 152	77 78	11 30	46 52	23 42	6 72	25 73	66 151	20 179	65 61	33 197	75 39	44 140	73 168	1 157	3 121	45 94	14 178	30 75	71 51	29 14	58 27	34 69	69 167	74 180	42 42	0 98	16 22	32 196	52 197	39 18	9 53	55 143	72 164	79 36	12 73	76 123	38 98	5 66	78 196	40 37	60 128	54 163	63 65	7 63	36 16	19 131	62 82	68 51	35 153
20 175	2 140	4 88	22 178	8 77	37 72	62 185	72 168	1 121	64 96	5 175	21 115	69 133	51 148	71 133	66 182	58 147	12 130	75 149	29 168	34 60	73 190	55 30	46 105	52 57	44 171	60 184	16 47	79 133	78 41	70 179	53 90	40 69	39 47	11 33	0 95	28 87	14 2	38 79	61 26	63 94	24 180	18 63	19 61	31 131	15 27	25 8	36 147	30 159	59 81	23 78	74 4	54 29	77 101	13 144	42 63	26 146	35 69	50 177	67 171	33 106	57 107	6 42	65 155	9 11	45 75	32 146	10 81	49 44	7 191	41 9	17 37	48 139	43 168	3 98	68 187	27 133	47 55	56 54	76 160
27 164	15 7	59 6	31 184	5 163	68 145	36 117	40 36	17 101	47 116	65 120	16 21	73 132	33 139	64 50	45 57	13 68	34 60	25 187	23 160	39 60	52 60	38 29	76 23	48 154	6 53	0 113	58 144	72 111	49 78	28 1	71 154	77 62	56 185	63 102	70 55	19 91	3 91	74 6	37 47	43 112	55 166	79 149	41 107	8 174	4 189	10 50	46 65	21 42	24 101	57 52	30 143	69 57	75 141	14 119	20 89	32 108	51 17	44 83	22 144	7 67	26 171	62 148	11 120	60 188	18 154	42 166	61 101	12 165	53 190	66 133	29 46	35 110	2 19	50 14	1 164	9 67	78 194	67 176	54 71
7 107	56 172	38 46	47 133	3 60	10 54	61 97	54 15	69 200	14 134	60 128	48 7	6 137	27 49	44 54	36 190	51 108	65 141	4 149	25 89	30 135	8 175	26 148	29 10	53 36	34 174	39 189	0 96	59 66	66 126	70 29	32 4	15 94	2 121	13 84	28 106	1 23	16 196	31 176	45 182	55 73	20 73	67 15	23 143	24 95	41 55	77 198	74 127	35 187	21 11	72 4	11 103	12 51	17 156	62 3	9 108	43 170	57 116	73 85	46 188	52 183	78 86	75 51	18 156	63 9	5 18	49 131	42 76	58 43	19 31	68 71	71 190	33 193	64 108	79 138	37 176	76 58	50 45	40 135	22 165
14 129	33 96	79 96	45 21	68 87	46 154	2 94	59 166	78 154	74 49	37 139	7 76	30 120	24 172	0 47	22 164	69 114	29 65	54 51	9 146	31 123	58 65	77 18	11 11	4 102	25 73	70 145	47 32	62 163	53 2	34 43	75 84	8 130	10 51	43 188	27 90	23 102	1 172	60 93	15 108	48 31	39 116	5 117	49 132	38 109	17 102	20 104	6 134	73 104	66 8	3 63	12 112	41 170	36 31	65 35	55 19	57 127	56 129	50 72	19 67	72 200	42 116	40 79	64 86	76 120	28 198	21 110	16 183	63 155	71 157	32 120	35 178	51 124	18 44	52 199	61 84	13 76	26 130	44 149	67 13
33 35	47 181	16 28	7 157	45 163	35 72	58 72	9 110	63 180	53 170	19 171	56 142	60 119	75 20	0 92	30 86	1 172	34 72	11 37	25 174	29 75	17 56	28 83	67 115	14 69	68 136	52 81	3 144	37 101	43 69	62 85	15 153	13 38	12 10	72 51	54 180	79 129	32 117	41 138	20 48	48 184	21 169	10 76	71 168	61 91	5 34	59 77	42 13	76 134	51 12	2 141	74 59	49 128	26 59	27 58	4 1	65 151	18 83	69 37	24 63	55 173	50 155	39 43	70 177	77 182	44 62	73 72	6 75	22 160	78 51	38 5	64 189	23 75	40 36	66 19	31 50	8 41	36 173	46 156	57 116
11 122	8 168	19 39	7 133	63 97	62 56	35 118	44 63	50 159	45 169	22 172	48 45	69 60	26 7	70 99	0 7	64 105	60 11	30 124	23 193	55 17	51 79	42 56	38 100	77 114	4 106	9 96	61 97	28 84	14 143	17 144	36 130	57 149	15 33	53 121	31 123	25 86	52 58	71 66	68 117	16 149	41 61	24 118	37 117	6 90	54 164	21 62	76 193	27 187	13 127	58 148	18 55	12 171	56 12	65 184	39 122	33 11	78 100	32 82	46 144	75 5	66 197	3 61	47 95	79 15	2 93	20 181	43 173	40 131	73 30	74 135	1 102	49 36	5 18	10 17	72 48	67 32	59 123	34 127	29 12
46 89	29 110	73 81	7 137	59 141	53 155	3 88	11 60	69 73	37 21	8 187	48 114	28 21	72 86	26 187	50 117	1 94	40 166	57 115	22 34	17 68	79 196	36 154	27 156	10 7	51 73	42 107	65 168	25 2	49 122	68 191	54 134	78 88	75 76	77 93	30 88	12 162	71 182	15 67	34 69	56 142	32 91	18 9	6 96	70 69	60 24	52 126	23 10	4 26	62 169	5 22	44 44	74 67	45 93	20 53	58 49	61 151	67 77	63 132	33 150	39 23	16 37	13 190	35 75	14 29	76 138	0 130	47 198	55 13	41 30	43 137	2 193	24 7	21 133	9 89	19 198	38 138	66 59	64 24	31 149
61 124	68 162	26 129	41 66	52 115	48 31	19 183	47 44	2 102	49 93	23 192	15 107	65 105	55 53	17 41	71 197	21 70	9 118	25 52	13 96	39 173	53 29	30 107	32 190	78 38	69 162	43 79	11 97	75 114	44 162	63 126	38 81	6 15	62 30	57 180	35 199	14 81	72 123	29 175	28 5	42 128	22 1	60 87	12 160	16 20	70 85	51 163	4 32	37 160	79 195	58 8	24 104	27 21	8 71	50 161	0 138	3 75	7 148	73 67	40 96	59 156	66 133	54 60	45 157	77 113	33 190	10 55	31 196	5 146	18 180	76 136	67 151	20 96	1 44	34 85	46 125	64 102	74 76	36 62	56 140
76 80	36 47	65 101	58 77	5 169	43 112	26 82	46 107	73 56	72 82	2 98	15 32	77 121	61 195	24 147	4 155	68 69	60 196	1 6	33 12	0 83	28 171	74 124	8 19	25 121	10 119	16 186	38 70	78 27	39 13	14 7	55 48	12 93	17 66	31 180	48 18	6 90	63 66	70 73	67 190	32 45	35 39	34 23	42 198	3 177	71 60	27 88	57 145	22 30	20 71	18 166	79 194	11 125	23 61	41 151	56 92	9 40	52 52	51 173	66 188	40 13	47 130	7 141	37 152	69 143	59 35	54 54	64 96	29 88	13 20	50 39	44 55	21 153	75 36	30 189	45 56	53 151	49 7	19 97	62 62
74 141	49 86	19 78	14 197	26 165	36 111	38 13	39 172	53 160	66 42	1 24	45 58	9 26	76 65	63 181	55 128	8 162	65 19	64 149	33 127	57 159	32 116	40 99	58 130	46 15	43 77	35 9	5 79	71 32	59 182	23 158	11 49	24 73	67 4	2 125	51 169	13 175	54 113	4 187	62 162	77 144	31 108	60 132	20 33	16 172	41 135	70 112	47 47	48 131	44 105	69 154	42 51	28 143	68 162	12 64	10 43	27 63	15 200	37 123	30 162	52 39	72 145	25 161	3 7	0 197	21 139	6 145	79 1	50 154	73 40	61 121	34 61	18 129	22 134	17 4	78 157	75 165	7 139	29 184	56 138
17 172	10 154	76 54	36 70	65 36	28 58	73 119	70 78	0 179	41 148	59 170	13 77	26 15	18 176	44 28	11 140	34 172	39 174	14 71	67 105	38 106	29 53	6 149	15 124	77 184	68 72	46 157	53 138	1 170	9 37	22 187	4 94	49 30	61 46	8 200	48 6	60 122	58 43	7 101	62 130	66 77	52 85	63 173	3 78	64 133	51 114	55 185	45 80	78 183	35 190	31 33	32 74	71 48	33 69	37 33	56 82	57 171	24 101	21 65	50 40	43 86	54 22	30 41	42 8	40 171	5 182	19 148	25 143	69 136	72 183	23 35	74 152	27 164	16 131	75 182	47 84	79 123	12 40	20 69	2 196
56 53	42 104	64 33	3 81	32 162	23 112	8 83	69 139	37 191	19 26	27 60	9 91	17 62	38 141	50 16	40 76	2 5	45 110	66 198	72 135	59 24	21 198	52 147	31 121	7 190	53 80	35 40	15 23	29 31	49 52	47 194	25 35	78 141	48 28	20 153	34 4	62 190	77 18	46 128	36 195	44 37	10 133	1 27	11 27	0 54	75 34	71 95	33 139	68 167	54 66	79 154	28 9	61 197	76 30	67 84	16 194	18 150	43 120	74 106	4 13	5 98	26 121	58 137	65 64	63 80	70 165	12 149	41 173	55 191	73 9	13 186	51 93	39 103	30 98	14 68	22 97	57 121	60 75	24 131	6 134
5 4	24 167	44 85	28 104	66 84	51 30	46 10	76 154	73 190	74 167	52 153	54 103	23 80	4 183	16 36	43 122	47 98	32 114	29 148	49 34	48 48	1 45	19 62	13 139	69 155	55 60	57 198	11 122	26 2	14 33	18 22	63 130	77 122	53 129	71 148	61 46	9 31	3 155	10 86	33 4	38 113	68 140	50 88	34 109	41 118	78 14	20 84	7 21	72 172	31 184	25 93	65 87	0 33	30 95	22 131	60 182	42 135	17 156	40 4	59 61	12 101	36 53	37 127	6 180	39 154	27 71	70 42	35 53	8 129	15 64	21 140	67 106	2 115	64 110	45 162	56 103	58 130	62 115	75 193	79 31
14 130	24 161	66 20	2 45	46 17	35 173	10 73	42 75	45 157	15 75	53 199	64 137	1 41	13 55	22 163	11 103	8 26	43 31	39 25	3 28	60 110	31 159	7 34	77 172	62 83	12 144	26 185	50 163	55 69	79 87	70 69	71 98	76 105	38 105	0 62	75 74	52 39	33 190	56 91	32 118	17 86	67 136	74 120	57 155	18 89	37 28	48 182	30 3	23 34	69 129	44 92	21 109	29 136	34 127	20 6	68 156	4 62	51 34	9 152	40 25	25 135	47 125	73 186	27 139	16 95	78 64	59 80	72 154	49 159	19 119	36 88	5 146	65 67	28 94	54 113	58 94	61 44	6 122	41 115	63 124
13 192	14 138	29 187	73 61	39 91	23 200	0 150	58 184	28 23	32 159	5 143	11 77	71 149	20 190	65 33	63 95	36 136	4 89	66 114	30 6	67 195	44 155	18 200	49 167	41 11	70 106	62 137	33 69	6 39	77 133	72 173	75 29	7 165	25 3	61 54	54 96	26 169	46 49	3 110	78 181	57 145	50 195	68 56	51 66	42 151	16 20	56 85	59 110	53 162	52 78	43 84	37 181	12 5	10 165	35 157	2 123	38 196	9 132	76 41	19 191	8 15	24 91	21 30	69 81	34 169	40 97	79 109	27 43	55 10	31 68	64 54	60 193	17 42	48 41	45 115	74 116	22 167	15 186	47 122	1 89
56 176	6 197	25 138	14 93	68 179	9 3	13 31	78 70	63 78	74 134	44 8	10 171	34 117	45 197	12 129	1 34	23 63	48 157	7 80	70 56	53 141	33 181	8 74	61 200	59 185	27 75	22 199	24 35	3 171	30 84	31 110	4 16	60 30	73 196	69 100	42 158	46 55	76 88	72 172	64 83	67 169	47 44	65 86	20 170	17 87	40 197	0 37	77 44	5 162	54 83	18 50	19 95	26 87	21 174	79 152	41 37	16 96	57 193	35 193	28 173	49 79	43 15	39 128	62 96	29 79	71 95	36 91	32 117	75 118	52 57	55 141	51 162	11 52	37 167	58 130	15 68	66 79	2 90	50 18	38 29
8 84	2 74	56 157	71 81	0 77	25 2	26 12	24 66	21 84	16 28	23 166	52 44	46 154	40 99	50 87	78 131	58 194	33 155	11 142	17 7	72 115	77 78	35 164	27 145	38 7	29 57	14 49	30 5	66 83	48 182	68 164	42 13	10 80	49 185	7 111	28 21	65 31	75 21	73 127	22 179	57 190	62 42	45 192	18 46	76 95	53 6	69 44	19 51	60 44	13 139	9 46	64 31	55 6	37 9	79 73	70 190	61 186	32 82	51 22	3 41	6 169	59 162	43 35	74 136	15 199	63 88	36 151	67 55	1 43	54 193	12 187	34 176	20 193	4 8	5 59	31 14	41 79	39 25	44 151	47 176
67 129	19 28	11 79	28 22	18 2	42 67	10 137	40 154	54 48	39 59	44 64	27 122	48 65	25 34	35 94	4 77	66 25	8 22	64 97	79 182	59 137	60 141	63 175	65 132	24 35	41 56	75 180	0 48	72 153	3 193	1 21	49 6	22 33	57 28	43 127	30 94	14 166	46 22	20 141	78 62	21 172	55 35	26 145	69 77	74 78	68 83	51 95	33 12	9 162	23 170	13 161	17 57	45 123	56 66	15 82	47 151	73 58	38 104	36 124	62 85	77 47	29 69	71 108	70 18	32 22	50 63	7 157	34 123	53 27	2 161	52 164	61 110	6 48	76 38	31 161	12 44	5 177	37 99	16 176	58 143
3 120	25 17	58 40	26 69	19 11	34 169	2 36	73 85	37 111	24 14	46 21	45 129	6 120	23 144	75 50	32 73	33 49	51 196	1 44	27 79	52 33	50 106	42 64	48 102	69 187	15 186	29 153	61 25	65 93	36 22	38 89	31 41	30 145	49 9	78 51	64 145	60 73	7 81	0 164	70 165	77 3	11 57	62 33	21 151	57 185	10 90	8 178	18 153	4 144	66 10	14 175	35 115	56 106	63 178	20 125	74 116	72 129	40 113	28 96	12 177	55 171	47 102	9 152	53 38	43 179	5 75	41 103	54 48	39 110	76 175	22 108	17 111	16 92	59 186	79 88	44 61	68 11	13 82	71 81	67 132
23 47	0 181	63 8	71 41	2 194	59 28	61 64	74 170	21 3	9 165	14 53	66 140	10 148	40 108	17 26	52 147	24 56	79 89	76 141	54 140	13 19	29 177	60 79	27 59	47 54	22 14	44 11	39 145	75 93	46 14	38 12	53 196	32 164	26 74	35 29	43 92	48 14	68 18	45 51	3 58	41 149	19 29	28 70	72 147	67 178	73 142	42 63	56 164	49 62	6 18	34 167	8 96	16 111	55 78	31 3	1 57	7 156	78 138	20 89	62 88	65 100	77 100	57 6	50 149	70 45	64 151	51 140	58 95	37 145	36 89	18 16	30 96	33 60	5 33	15 32	69 7	4 119	25 186	12 179	11 92
52 42	15 13	74 73	22 69	31 200	40 171	4 200	57 59	78 132	68 96	2 167	6 67	45 64	0 115	73 45	35 44	17 102	71 39	12 7	14 173	28 45	50 35	48 110	62 53	58 62	37 99	3 184	59 50	32 49	20 184	19 110	18 184	51 162	16 23	1 191	70 44	27 82	65 72	26 5	44 200	7 117	77 175	29 135	38 18	60 59	23 27	69 6	67 163	5 136	76 94	54 52	43 191	10 46	66 107	61 148	72 64	55 188	9 61	53 93	47 188	21 25	36 95	41 133	24 74	25 3	33 113	79 53	56 90	63 45	46 37	64 105	13 82	8 173	75 198	42 127	11 48	49 43	34 81	39 147	30 89
44 172	53 167	19 171	31 98	47 44	6 29	26 198	68 165	11 147	62 101	43 54	54 199	77 109	56 55	72 34	61 130	30 184	64 122	17 72	46 96	2 86	71 124	13 85	60 5	9 57	16 179	7 165	65 177	51 141	59 78	22 32	79 148	70 77	15 33	57 30	41 104	18 137	27 163	5 27	69 106	74 106	32 125	35 4	28 32	25 106	0 8	37 47	21 73	14 37	3 81	24 132	29 39	10 13	78 112	42 130	67 148	39 181	58 104	63 36	73 143	50 66	45 57	48 158	23 86	55 101	76 168	33 193	4 120	34 159	20 6	12 151	40 195	1 98	38 107	52 177	49 107	66 90	8 95	75 54	36 136
