70	90
66 66	48 133	5 44	49 145	1 9	81 162	76 111	37 32	47 61	53 94	85 10	83 73	2 146	75 175	36 149	43 161	34 76	3 29	0 62	18 160	56 22	77 111	78 12	59 160	86 115	42 19	68 37	84 5	70 74	61 84	74 155	39 108	72 192	20 104	7 88	31 175	4 97	11 75	9 155	38 110	16 52	50 194	21 6	73 191	88 94	24 153	64 46	12 122	29 163	28 130	17 118	26 30	32 84	41 161	14 17	79 166	30 88	6 98	52 118	71 66	89 56	45 74	22 123	8 40	27 99	25 160	13 154	35 53	44 19	51 121	65 114	46 82	69 102	67 119	62 191	15 18	23 95	87 66	80 10	63 52	60 2	40 97	33 139	82 104	55 8	10 78	57 183	58 56	54 27	19 64
25 22	20 88	26 149	30 169	10 74	11 84	31 188	54 73	83 18	36 129	13 146	34 79	29 88	72 38	65 89	56 73	53 150	21 7	32 153	24 117	60 50	77 95	12 181	66 143	79 4	55 58	18 137	9 20	38 34	84 122	81 187	7 164	64 118	59 171	17 121	78 179	44 116	22 28	86 175	62 175	39 181	6 187	74 191	37 123	87 197	23 163	35 50	82 188	16 107	88 150	2 24	3 191	51 64	45 116	27 96	71 20	63 41	57 75	70 26	61 157	58 72	43 4	41 171	14 179	73 23	67 147	49 136	46 125	19 14	40 71	89 194	28 16	4 33	42 86	8 70	68 171	5 44	75 125	48 146	33 179	15 7	76 25	69 75	47 134	80 79	1 177	50 9	0 121	85 22	52 32
61 161	79 13	53 69	16 87	67 140	89 80	3 144	24 187	55 180	72 13	2 40	48 15	46 163	47 199	83 97	76 62	68 148	10 178	34 44	8 129	86 113	59 132	31 186	13 116	26 181	85 180	4 137	19 89	71 160	30 171	41 185	45 77	33 65	69 34	52 11	77 171	49 73	54 177	87 189	82 20	44 47	58 196	60 182	15 115	32 5	57 192	27 2	81 70	64 48	70 124	63 164	22 86	50 151	39 149	5 63	56 85	75 162	11 140	51 43	14 76	0 64	7 82	73 41	29 175	28 91	6 155	84 31	78 102	18 138	25 110	20 44	62 1	43 160	36 197	35 64	12 74	9 87	21 73	1 127	88 63	17 13	37 195	38 59	40 98	74 97	42 36	66 86	80 97	65 88	23 90
37 51	12 108	51 116	27 3	50 172	80 25	23 180	25 157	35 4	71 182	84 77	65 27	77 42	3 22	68 133	76 124	47 124	29 62	86 68	75 21	57 57	18 166	62 114	24 165	34 99	21 87	28 156	69 140	48 78	19 143	16 145	85 53	88 94	64 21	0 121	81 15	10 154	13 46	40 25	26 64	15 182	87 25	14 66	22 45	44 59	67 158	78 49	79 194	58 152	9 121	72 143	17 50	60 172	74 75	70 182	49 195	5 185	46 7	7 28	45 193	31 85	89 14	83 42	32 140	8 166	63 63	11 18	56 83	61 150	41 33	53 167	2 191	6 181	73 119	82 187	55 173	38 158	1 144	43 88	39 125	30 95	52 68	66 115	36 136	33 13	4 13	20 14	59 77	42 101	54 110
89 139	15 36	84 33	83 93	9 175	11 188	58 133	10 116	67 35	49 200	69 100	73 186	81 110	62 163	31 193	16 166	41 168	0 85	12 185	70 80	3 70	13 28	64 74	39 52	52 45	5 48	88 70	59 109	50 71	77 57	28 40	46 80	37 192	29 92	74 124	47 56	18 106	33 26	60 128	66 42	87 43	6 126	2 125	71 4	57 147	76 87	51 189	34 32	23 29	44 111	75 142	48 23	40 89	53 89	55 84	80 52	63 33	78 97	35 63	61 159	86 148	45 121	82 87	38 7	20 88	25 188	36 81	30 65	24 159	1 89	85 184	14 149	19 35	43 142	32 28	17 24	56 125	72 110	4 126	8 90	79 132	42 72	26 104	54 2	27 68	22 144	7 40	68 63	65 158	21 75
15 139	31 35	73 4	60 121	65 37	24 118	81 126	69 27	22 185	63 33	41 61	67 89	39 166	5 90	54 176	9 153	34 32	62 115	59 32	86 23	6 165	16 56	44 62	71 159	87 40	74 101	35 182	42 69	36 149	72 58	56 104	48 165	4 79	84 186	3 7	88 139	80 157	20 18	21 133	52 184	19 12	55 7	66 176	8 111	25 15	49 177	78 135	61 174	82 137	75 105	17 179	32 199	77 150	89 128	2 189	47 78	26 166	13 137	12 157	64 73	79 128	7 91	45 97	50 1	37 139	11 88	53 88	14 91	1 154	57 116	38 169	27 89	58 53	76 119	68 31	70 183	23 44	0 102	83 70	46 170	18 34	28 97	85 28	51 175	40 118	29 82	10 85	43 18	33 167	30 174
40 147	11 30	80 200	3 110	46 44	22 12	74 64	48 168	4 158	30 142	49 25	5 81	0 161	65 84	56 42	33 35	81 195	61 106	79 196	84 107	72 70	14 99	55 133	2 166	7 189	12 7	39 98	66 114	47 36	63 156	34 136	38 107	8 53	19 107	17 189	44 5	21 99	10 148	53 183	37 11	31 95	43 9	9 159	41 155	36 45	68 157	18 187	24 14	52 148	32 7	27 153	20 126	35 98	89 118	73 132	75 29	67 163	86 122	28 162	59 43	82 186	54 128	26 200	83 118	87 125	15 54	70 151	58 142	88 52	71 122	78 114	45 10	76 47	23 42	85 94	77 34	60 100	62 8	64 164	6 47	1 8	13 147	51 95	16 43	29 150	42 50	25 50	57 130	50 56	69 23
37 191	31 105	24 160	48 184	88 119	76 39	68 35	6 166	43 154	84 193	25 103	67 28	60 131	89 62	50 73	34 64	5 163	64 126	10 31	77 169	62 152	83 108	52 70	78 42	28 75	42 54	86 119	53 42	19 44	80 83	33 58	61 112	44 16	32 174	22 120	56 157	38 144	1 24	20 182	18 46	21 154	70 163	75 61	16 11	81 166	11 144	27 1	40 55	55 96	65 22	35 199	87 157	79 197	29 118	0 192	57 70	58 149	59 179	7 37	73 24	23 199	41 179	71 87	17 72	8 51	15 176	74 135	12 145	36 137	72 124	26 113	13 56	63 60	85 185	69 20	45 165	9 192	49 83	30 47	14 127	39 100	4 140	46 54	3 65	66 86	82 1	54 123	2 52	47 64	51 77
17 156	76 118	85 21	58 111	3 180	37 174	87 5	50 146	14 8	5 26	61 21	8 178	64 158	84 50	69 13	19 109	70 59	51 180	54 170	48 149	26 174	57 147	12 52	38 18	7 1	40 28	11 96	2 160	71 189	66 54	35 76	34 152	32 129	53 48	0 68	42 50	83 110	88 58	56 146	75 169	65 95	47 9	67 22	89 103	23 142	16 160	10 63	13 52	79 86	21 48	44 189	27 63	82 160	45 167	15 58	33 10	18 51	52 29	49 13	81 182	6 127	46 121	30 58	63 24	43 86	55 17	78 83	36 153	62 130	24 38	68 45	28 149	86 158	73 129	41 161	1 12	9 34	4 190	25 19	60 34	80 139	74 17	22 144	72 43	20 124	31 100	29 184	39 90	77 30	59 30
61 80	16 11	43 52	40 150	77 29	81 9	89 10	34 47	20 99	73 80	11 80	19 140	55 106	58 131	75 102	23 2	15 87	54 131	64 44	70 187	74 50	72 166	52 191	22 69	9 120	45 49	42 120	44 157	84 185	1 81	32 19	24 125	21 106	63 139	38 71	86 155	17 131	60 193	49 156	18 93	3 103	7 3	57 194	48 8	51 154	69 160	25 120	12 118	66 5	37 172	27 194	47 133	6 47	13 168	53 152	82 179	30 67	29 143	62 88	5 69	0 103	36 163	35 5	78 199	46 158	83 132	33 113	67 60	76 66	2 97	41 72	31 61	50 91	65 25	28 81	56 190	10 31	39 176	88 68	4 167	80 167	87 150	59 146	85 64	68 163	14 68	26 125	79 125	71 19	8 120
39 186	83 184	88 56	47 189	55 121	68 12	75 147	80 84	11 159	23 9	51 134	26 178	4 112	16 140	86 118	22 27	14 41	62 11	54 192	48 124	19 57	59 166	69 160	74 107	32 107	61 162	1 35	81 91	0 89	57 174	21 75	63 153	82 167	76 23	45 161	85 45	89 123	15 69	42 107	40 15	27 103	43 110	7 2	2 9	12 97	44 4	70 63	28 4	3 127	60 200	78 45	72 96	67 16	9 127	31 37	10 137	20 182	41 151	5 19	29 134	34 93	87 104	50 125	84 116	64 164	66 104	35 137	18 18	53 118	36 179	17 164	6 59	13 29	71 92	33 39	24 134	25 160	37 41	65 136	49 78	52 148	8 8	73 166	77 79	58 67	56 67	30 159	38 140	79 30	46 161
24 5	13 148	11 193	27 8	55 36	19 196	75 132	85 144	35 147	62 18	12 164	14 98	17 107	3 47	37 32	48 194	72 116	31 100	36 80	49 59	69 79	0 51	39 136	40 144	59 153	71 138	60 55	83 91	50 35	68 91	6 15	29 152	15 122	57 28	45 116	84 28	41 119	32 54	46 199	67 56	89 9	86 101	8 62	21 120	78 74	25 5	79 42	23 34	42 124	74 128	4 125	52 112	61 167	38 2	28 96	64 34	2 5	1 97	65 50	56 24	20 112	30 158	88 165	76 4	18 150	44 125	87 197	70 172	33 101	81 1	53 115	58 109	47 192	26 193	73 49	54 160	63 27	82 170	51 123	77 125	9 86	80 109	43 75	10 59	5 15	34 149	22 195	66 32	16 34	7 83
46 116	21 116	51 197	75 171	68 42	55 129	42 1	49 25	19 107	1 118	61 109	60 30	30 179	22 144	8 144	86 155	71 38	77 105	20 183	88 14	54 145	11 53	73 25	5 148	79 87	14 16	7 144	27 129	24 14	69 76	80 100	70 49	66 189	36 91	83 40	89 53	50 146	59 22	28 163	3 154	82 140	48 134	41 54	78 16	67 107	18 159	13 161	52 76	39 123	56 155	87 50	45 64	37 41	23 10	16 200	31 190	38 78	6 90	58 53	74 110	53 113	84 126	40 131	29 11	0 76	64 182	62 98	4 106	44 198	35 191	33 9	81 153	47 61	10 118	34 152	32 153	85 86	63 67	57 93	17 126	43 54	72 14	76 94	26 124	12 183	9 105	65 39	15 35	25 142	2 71
41 100	31 129	3 55	34 142	52 60	69 157	63 33	28 14	25 1	51 117	1 63	30 89	57 98	59 124	53 132	16 52	47 110	13 183	48 68	42 44	76 153	55 66	64 181	86 63	58 108	83 116	46 166	78 8	68 166	20 88	54 118	67 116	72 115	43 100	37 125	39 30	27 194	26 23	12 34	2 113	8 95	24 190	50 193	21 139	88 171	82 136	6 96	23 149	19 65	4 94	77 147	9 21	73 59	11 129	29 194	74 195	40 170	84 53	44 115	33 49	81 20	5 43	0 186	22 116	66 157	18 188	17 91	15 89	56 67	61 66	7 111	10 139	35 121	62 115	71 119	36 132	45 122	38 127	79 102	14 92	32 103	49 188	87 123	89 130	75 30	80 107	60 93	65 175	85 191	70 171
54 97	44 38	72 106	23 27	16 145	60 178	10 148	81 125	63 20	19 138	20 82	6 174	47 94	30 46	80 172	0 81	29 46	50 181	22 88	71 104	8 65	88 164	7 165	35 48	36 164	62 147	82 27	15 152	38 187	73 13	25 137	66 70	12 117	86 139	89 27	9 6	2 46	52 127	4 12	42 15	55 195	39 164	64 71	13 110	41 48	34 191	56 117	37 137	5 17	61 194	26 154	28 149	21 189	1 43	18 5	46 140	74 55	45 37	76 25	40 125	27 44	58 17	24 162	75 75	49 175	48 174	33 57	85 88	68 123	14 126	31 21	78 184	69 168	17 17	59 188	32 15	53 33	65 142	79 84	57 96	3 56	11 122	83 34	43 1	84 91	70 184	67 56	51 147	87 161	77 86
80 134	44 8	88 52	2 65	42 200	31 96	19 167	26 3	1 149	8 156	59 6	21 105	28 39	79 18	17 4	20 55	57 182	54 138	60 114	33 114	7 55	32 24	12 103	5 60	27 121	65 4	56 55	63 125	73 160	3 137	35 147	18 83	48 119	64 92	55 64	89 90	72 53	39 105	83 100	9 163	49 12	68 173	67 26	43 191	58 28	84 200	14 164	22 80	24 40	51 173	47 176	4 72	74 55	85 14	66 183	6 156	23 152	34 116	30 51	50 198	41 180	13 132	82 64	76 2	81 171	87 199	15 34	45 135	61 147	16 158	75 13	52 65	70 197	71 148	29 62	37 151	36 195	46 128	86 169	0 153	62 194	69 90	40 138	11 114	25 93	38 173	10 5	78 132	53 15	77 26
57 196	25 189	75 147	36 187	68 124	54 45	34 194	23 38	22 55	74 150	88 103	84 100	26 77	62 26	32 21	38 176	14 189	73 191	79 148	8 91	67 151	10 169	83 131	39 18	35 70	46 97	37 114	19 118	65 41	44 145	77 196	0 16	12 46	63 127	89 99	81 47	72 1	49 132	20 100	30 57	13 20	29 115	82 187	31 74	45 49	17 186	86 57	24 6	50 69	21 169	51 148	4 123	52 16	40 141	3 185	87 156	7 90	1 155	18 167	61 19	78 102	59 155	47 175	27 144	43 200	60 66	6 126	15 86	71 142	85 29	58 54	11 138	16 106	64 85	33 35	41 155	2 82	28 142	76 189	66 166	70 117	5 159	69 145	55 171	9 191	80 112	53 69	56 147	42 144	48 10
6 121	29 149	45 197	72 3	22 15	69 199	40 122	88 146	48 165	38 71	31 55	59 45	15 56	87 194	25 146	61 192	4 30	10 68	33 144	78 100	16 176	24 188	19 100	57 44	20 31	43 132	35 199	54 188	64 127	12 32	80 90	73 75	68 9	66 33	2 35	26 179	27 88	47 189	70 38	44 182	60 71	30 126	42 25	1 95	65 70	86 168	13 105	58 15	83 117	77 12	7 160	23 49	89 141	21 176	79 109	41 23	53 29	8 1	75 108	62 114	39 139	51 198	63 2	36 199	32 72	49 191	14 159	11 128	56 88	84 110	3 111	9 60	34 51	81 18	50 155	17 59	55 14	5 67	28 141	67 56	82 106	0 54	37 86	18 35	74 55	46 46	85 150	76 147	71 171	52 195
13 99	83 27	12 53	70 62	29 49	61 155	26 115	49 180	47 45	86 190	30 177	48 67	40 115	19 91	73 194	34 92	64 116	28 157	62 32	69 24	24 21	35 112	1 26	15 74	58 100	32 36	88 83	77 80	44 109	6 16	87 188	4 191	50 64	10 9	21 98	2 144	7 67	78 172	72 109	55 100	81 121	8 115	20 151	25 182	16 20	5 51	46 197	31 198	0 32	14 124	52 107	59 87	43 21	89 103	82 170	56 183	71 52	54 37	75 171	51 91	53 8	41 158	39 116	9 127	22 30	27 27	42 34	76 72	74 175	57 20	36 9	67 145	17 17	33 170	37 120	11 132	65 134	68 160	80 143	66 181	23 116	38 41	3 76	84 112	85 66	45 133	60 121	18 16	63 158	79 158
87 85	89 170	42 126	59 85	28 174	77 99	31 69	47 18	32 84	86 36	14 163	8 1	38 168	74 97	72 33	68 28	67 141	15 45	23 187	44 30	19 81	78 21	79 174	88 190	73 148	53 83	83 55	85 140	18 180	81 180	40 76	39 85	49 119	37 40	75 1	10 41	64 103	34 87	70 179	13 149	5 93	84 11	12 69	71 138	11 160	35 31	69 120	62 179	50 9	54 144	22 47	66 116	27 59	33 186	6 88	46 178	24 158	52 99	21 58	43 40	48 152	16 192	61 64	57 26	25 146	26 79	55 109	58 155	56 149	30 48	7 164	1 158	0 178	63 84	51 47	82 9	29 78	3 31	9 183	45 89	41 40	80 172	17 14	65 96	60 41	2 44	36 27	4 129	76 181	20 180
47 198	62 144	70 174	36 77	72 151	1 187	31 44	79 134	17 70	76 21	69 44	21 32	0 22	27 21	8 97	89 15	77 170	88 48	59 18	49 121	6 77	84 157	50 38	15 25	63 134	25 190	19 118	61 113	66 10	52 147	32 179	73 115	54 45	2 156	44 4	74 44	41 12	87 24	34 109	67 109	29 104	51 165	35 192	39 200	82 16	78 162	4 33	64 134	40 71	75 109	23 178	48 129	57 92	3 104	42 77	56 19	14 120	65 170	24 61	86 83	81 195	9 123	60 95	43 77	55 138	58 169	18 91	28 105	85 162	13 159	22 105	11 15	5 41	16 108	71 109	45 142	46 100	68 137	7 99	80 96	30 193	26 147	83 98	10 140	20 153	53 70	12 85	33 22	37 194	38 56
25 167	19 151	63 121	15 123	60 140	56 131	4 94	54 191	38 33	34 35	11 193	7 64	37 145	67 60	83 103	73 193	79 19	21 147	51 56	8 75	9 157	89 113	70 10	3 67	80 137	57 121	16 195	86 46	20 78	75 114	6 107	29 124	55 87	41 146	26 133	36 56	74 115	88 157	28 26	12 180	39 52	61 188	23 94	44 149	64 35	53 73	47 68	66 193	33 96	48 60	71 109	52 37	59 132	84 42	62 188	69 11	82 81	40 151	58 38	77 146	65 17	76 78	13 7	49 14	43 6	31 173	46 141	2 57	24 58	68 200	18 111	22 66	10 87	30 15	5 72	87 84	14 100	32 47	45 42	0 69	50 116	35 63	81 36	27 10	1 143	78 78	72 124	85 97	17 76	42 100
71 125	68 49	27 77	26 98	28 194	2 48	61 96	89 125	59 182	70 140	43 173	39 177	52 56	34 162	82 20	85 106	21 164	50 160	55 103	11 52	19 125	45 157	79 189	32 122	47 10	57 95	14 141	58 52	5 108	60 143	65 158	76 127	78 163	1 149	53 6	41 80	44 88	54 62	24 28	63 52	86 187	56 196	37 52	38 63	62 91	15 166	17 195	12 159	7 98	73 138	29 153	22 148	13 200	77 192	18 54	23 22	75 186	48 180	4 119	72 109	0 111	33 119	31 104	36 123	66 59	10 145	80 164	87 54	40 31	88 142	3 24	25 110	51 4	30 68	9 37	20 16	67 196	49 88	42 83	84 56	16 43	35 172	74 148	46 112	81 147	8 76	83 32	6 54	64 27	69 36
36 122	26 49	51 26	76 45	88 46	42 8	59 121	67 16	7 46	81 160	46 60	66 153	28 161	55 163	63 129	71 29	69 78	34 165	41 154	75 121	79 20	21 34	12 78	57 193	72 162	44 134	83 122	87 32	61 182	68 40	45 40	60 163	65 67	53 150	40 38	64 46	32 137	85 52	38 45	74 147	73 46	48 188	23 55	77 130	86 175	3 68	54 47	80 163	11 72	9 168	39 19	35 29	19 10	30 108	20 188	8 138	25 145	49 167	14 23	78 158	18 12	10 80	89 49	27 17	31 9	6 122	1 87	82 111	0 108	2 79	84 163	24 68	29 154	16 80	4 108	5 119	17 94	13 129	52 25	70 156	62 110	47 180	43 122	15 2	37 53	33 195	58 131	50 166	56 131	22 106
17 57	63 33	38 132	26 147	68 28	59 79	61 6	9 94	29 61	13 14	31 98	66 149	19 65	72 83	75 149	4 165	65 75	5 189	57 60	54 181	84 177	34 59	47 188	53 63	83 5	78 61	25 199	43 177	33 47	56 29	44 36	48 67	18 67	37 102	74 140	89 45	14 182	77 108	0 129	52 180	42 3	49 67	3 141	55 48	15 171	71 165	60 75	23 12	50 34	16 191	41 73	10 32	28 22	36 114	87 38	24 169	85 134	45 28	12 147	6 33	69 76	11 44	82 32	8 130	67 159	58 137	76 124	62 146	22 82	80 151	39 141	32 46	79 73	7 53	70 194	20 179	1 191	51 72	2 90	40 31	30 196	73 192	86 30	46 187	27 96	64 16	21 127	88 90	35 75	81 34
15 87	76 191	1 147	10 169	19 59	70 48	33 39	14 156	52 56	58 174	60 131	61 114	16 155	72 124	17 52	82 70	3 197	40 93	13 21	54 15	22 38	80 120	45 109	65 40	89 55	31 195	47 48	6 130	73 97	26 70	34 32	43 108	5 22	51 47	0 39	88 7	74 198	29 136	67 70	49 183	48 121	2 26	12 34	53 162	50 125	37 106	39 146	75 113	28 123	84 30	57 73	18 58	30 152	44 48	59 41	64 194	36 9	66 53	7 1	20 79	81 34	78 148	63 167	68 63	69 169	42 180	24 87	83 43	27 5	41 184	8 61	38 141	62 96	85 59	4 175	21 41	79 165	23 56	32 175	9 158	55 143	87 71	25 200	71 116	77 53	56 29	46 180	11 143	86 166	35 4
69 108	61 160	81 103	43 175	18 95	54 54	76 45	21 176	80 97	74 24	75 29	34 162	29 129	2 18	14 126	65 39	44 79	68 56	32 168	42 15	3 8	15 159	39 37	24 143	66 108	26 176	83 127	89 91	0 16	47 68	20 110	49 87	77 165	60 83	6 128	52 144	22 123	86 107	1 80	23 89	71 90	59 172	78 143	13 122	63 178	27 65	17 180	62 182	56 106	33 144	72 41	10 84	7 71	36 86	25 44	88 148	37 128	82 72	38 172	5 24	67 147	11 106	64 95	73 171	45 3	12 190	46 30	58 118	87 69	84 50	35 198	8 179	16 106	85 134	30 188	70 157	4 177	31 130	40 197	55 56	9 170	53 47	57 197	51 7	28 40	48 142	19 39	41 90	50 78	79 120
86 98	82 134	74 36	22 161	54 67	55 22	5 70	16 173	72 43	32 121	29 127	56 95	57 188	63 12	80 129	44 104	3 7	59 68	0 158	13 19	61 38	73 194	41 76	69 61	15 190	43 155	10 184	76 113	14 45	35 193	6 78	42 21	19 40	24 160	37 96	39 118	50 123	70 14	68 120	33 131	78 168	9 194	62 20	48 164	53 34	12 136	46 103	85 52	47 54	8 106	66 96	2 55	45 189	36 128	27 34	83 106	28 10	38 15	34 16	26 62	81 46	4 100	64 54	17 190	52 7	88 101	49 33	51 9	65 88	1 39	11 34	89 69	25 44	23 173	87 171	18 96	20 4	58 147	67 59	84 54	40 39	31 194	71 100	21 187	60 89	77 122	30 140	7 160	79 135	75 181
51 82	2 75	76 169	84 171	28 170	8 103	56 111	34 128	35 102	61 53	83 77	18 12	65 137	85 133	80 11	22 103	78 200	6 50	63 197	1 135	5 150	30 78	53 106	55 181	75 200	0 164	89 1	82 169	62 100	43 178	3 39	81 181	14 123	31 46	9 108	66 157	46 3	17 4	86 122	40 71	24 158	15 44	58 185	4 46	27 12	10 196	26 132	73 173	38 147	67 179	64 17	41 27	44 136	12 136	77 65	47 151	49 48	32 64	20 132	33 86	25 30	13 45	70 141	45 64	39 44	37 132	71 124	54 54	19 149	87 14	57 158	69 123	52 46	16 112	74 43	21 113	29 37	60 24	23 136	48 92	50 75	7 181	36 137	42 114	68 141	11 33	72 196	88 133	59 121	79 119
59 125	2 28	34 120	74 189	47 41	27 132	76 17	32 30	80 63	53 178	9 99	1 93	8 141	14 143	36 175	5 82	86 35	19 94	77 160	21 177	31 178	66 184	22 157	38 191	70 107	85 19	3 169	24 119	10 194	35 141	56 163	11 149	45 165	23 176	87 169	17 105	12 97	64 163	16 106	62 61	29 33	41 157	7 41	73 99	30 156	15 192	67 154	88 67	20 23	40 58	42 188	50 8	37 72	82 59	63 165	52 182	39 87	75 77	0 65	58 91	79 177	54 173	71 116	26 37	65 83	49 192	28 10	33 183	43 63	44 159	55 54	69 121	72 17	84 56	89 167	68 140	83 175	18 16	48 62	13 60	51 82	4 57	60 173	6 185	46 195	81 101	61 30	25 153	78 149	57 57
12 160	44 98	81 156	87 198	48 43	30 62	71 92	26 173	21 18	55 110	70 120	88 16	62 31	5 59	41 171	10 196	20 178	72 99	64 17	80 126	24 144	60 193	31 10	76 149	7 120	47 194	78 161	25 69	27 11	50 17	4 70	17 50	35 119	77 123	46 145	84 35	43 22	69 107	65 111	85 27	45 173	61 119	18 150	16 196	37 196	63 65	8 108	73 71	9 139	89 46	49 172	83 74	54 115	74 115	6 43	14 74	58 84	19 42	42 8	33 109	51 198	36 139	66 113	29 94	34 97	28 101	38 180	59 16	82 33	68 34	0 40	23 114	15 138	1 146	22 186	53 162	11 116	2 47	56 104	40 198	39 119	57 47	13 126	3 121	75 9	52 148	32 180	67 138	79 189	86 9
79 71	28 200	80 192	87 119	82 15	76 53	62 192	86 34	29 90	21 3	42 157	18 49	5 35	55 109	72 115	46 60	61 41	74 88	89 187	0 162	17 118	36 137	83 81	68 177	58 185	11 16	59 80	10 50	2 29	4 103	63 115	49 182	25 116	14 28	40 21	69 100	34 103	66 163	27 82	16 51	3 96	13 158	52 89	77 63	57 91	30 50	1 135	56 145	26 136	23 12	7 78	81 175	75 108	71 145	22 122	33 85	67 41	24 60	88 180	8 154	12 102	35 196	53 4	73 81	78 172	48 186	64 12	6 190	51 162	32 78	43 34	41 178	15 87	37 63	39 64	31 34	54 103	70 157	65 111	85 189	19 118	84 64	45 28	9 2	47 15	50 170	38 80	60 106	44 120	20 68
82 5	9 3	55 130	76 19	69 96	62 91	89 95	86 57	79 29	75 55	26 125	74 145	87 29	80 179	88 82	4 90	33 68	13 18	35 61	67 187	81 117	57 171	41 134	7 32	2 140	36 64	84 185	11 132	0 71	29 95	18 26	48 108	42 136	1 94	85 47	49 147	3 171	6 31	54 7	56 157	60 19	72 20	34 36	68 41	27 123	39 168	52 89	51 59	61 14	12 30	65 157	46 83	37 119	32 114	47 198	53 48	28 176	19 45	59 9	14 72	5 12	70 141	43 189	38 32	71 114	10 177	58 66	25 111	22 69	16 167	78 137	17 123	31 164	63 69	45 190	24 133	77 133	83 171	21 16	30 34	50 57	20 114	23 42	64 19	15 137	40 79	73 113	44 166	8 193	66 140
58 89	77 152	30 149	84 165	18 187	36 55	19 77	88 58	38 109	54 73	76 8	9 154	15 16	39 149	14 50	69 173	13 40	34 132	24 146	89 187	7 20	55 141	64 152	50 122	44 193	61 9	71 93	82 12	37 70	42 39	87 85	27 178	70 95	3 166	60 76	17 162	81 82	79 133	11 160	49 98	47 182	16 72	53 125	4 163	56 148	5 90	83 176	72 72	65 130	2 22	25 44	66 115	22 197	59 150	28 56	48 30	1 164	68 28	6 43	85 26	20 143	73 139	86 4	63 36	80 137	21 37	46 80	62 44	67 126	10 175	75 28	57 44	74 24	26 106	29 180	12 154	41 7	23 150	78 149	51 141	0 75	43 199	32 29	35 90	40 133	31 176	45 140	52 137	33 176	8 188
68 158	30 128	26 160	52 159	69 106	74 110	21 11	85 104	6 195	51 125	83 65	84 136	81 145	33 121	64 71	58 173	73 56	14 13	11 183	59 75	39 162	87 158	63 1	18 128	0 129	4 59	75 15	41 33	36 124	40 61	67 194	78 113	71 14	8 90	80 101	28 193	12 128	10 20	55 62	22 181	53 162	44 129	79 20	86 177	89 78	60 148	88 47	70 110	65 62	5 113	37 67	23 87	57 195	31 15	38 122	19 52	7 16	17 159	66 23	1 47	82 154	24 147	48 97	45 114	32 175	54 30	16 58	3 67	50 14	9 156	20 48	15 46	25 134	2 84	46 58	42 50	77 166	27 83	29 59	35 47	72 19	62 164	47 177	76 71	43 167	56 171	13 37	61 138	49 183	34 36
26 96	45 149	9 109	28 135	17 131	24 47	79 38	6 150	22 145	27 39	19 163	35 90	41 67	53 125	3 164	74 165	5 32	82 79	65 17	37 143	38 161	39 102	66 50	70 35	71 79	78 114	33 107	88 152	75 108	56 60	72 97	76 166	84 194	59 182	15 114	63 138	62 75	32 150	40 19	80 72	18 98	50 111	4 178	57 108	8 121	34 170	16 49	87 138	14 158	47 56	54 110	48 146	69 89	43 71	7 181	60 44	77 6	46 7	64 77	67 24	29 17	2 83	0 76	21 135	81 60	44 86	36 81	30 47	12 86	52 31	1 52	20 22	68 37	83 188	23 90	25 193	58 145	11 67	89 3	73 22	31 173	55 182	13 117	51 65	85 33	10 160	61 2	42 127	86 147	49 180
20 62	18 165	58 170	39 59	32 162	38 21	79 114	33 39	40 81	87 66	42 110	66 166	70 167	7 62	15 166	43 175	72 137	55 133	67 87	35 25	71 13	2 82	50 147	73 35	1 112	81 22	36 20	6 148	14 124	51 132	26 135	47 163	3 151	28 37	10 190	13 169	44 162	24 144	65 173	59 89	30 75	76 171	11 7	64 96	9 20	77 171	16 188	85 80	78 108	22 93	34 186	57 170	27 139	74 200	83 122	69 94	60 58	54 138	56 182	86 138	89 84	61 6	46 31	53 177	23 170	17 51	5 30	19 111	82 127	45 41	4 73	80 103	63 191	84 159	62 56	21 39	75 196	49 79	29 16	88 118	25 11	31 121	48 1	68 53	41 19	37 82	8 79	52 156	0 66	12 120
29 82	79 198	72 62	83 173	85 46	52 121	23 34	73 110	82 29	63 98	43 183	0 195	59 16	65 83	5 155	48 32	49 3	1 183	69 75	66 172	60 93	86 2	74 157	84 53	55 89	58 92	40 105	89 87	28 173	39 43	57 125	34 101	26 30	77 36	47 196	45 62	62 200	44 74	61 178	4 184	68 108	35 195	67 107	71 64	78 41	75 54	54 93	41 19	64 18	8 175	37 86	12 11	14 88	2 198	22 110	51 167	11 103	19 198	38 173	16 193	88 35	10 128	53 187	32 26	80 200	27 35	81 72	18 100	76 152	20 87	70 98	31 40	42 54	56 27	6 183	25 146	36 68	50 25	15 171	13 167	17 22	7 10	33 9	21 98	9 44	3 176	30 15	46 83	87 105	24 76
59 124	57 86	33 48	7 142	38 75	41 17	81 102	88 183	56 11	79 85	73 128	85 166	61 162	62 4	14 116	40 97	5 149	46 158	63 188	48 124	16 9	13 163	32 197	6 127	68 17	76 39	74 198	34 196	66 194	86 52	45 23	83 40	21 193	29 152	65 69	11 115	9 85	19 95	77 45	4 64	24 3	12 161	17 148	15 47	55 20	51 78	0 140	52 15	36 165	27 51	22 18	50 38	8 28	87 172	84 93	54 132	89 58	2 152	44 136	25 26	18 141	26 2	78 45	20 152	39 50	42 139	80 138	30 187	69 122	70 50	28 77	10 31	67 51	47 23	75 159	53 95	35 8	3 166	72 103	23 124	31 197	37 193	71 82	60 14	1 127	82 158	64 186	49 9	43 67	58 50
39 36	17 91	58 98	43 22	74 155	48 104	24 46	30 85	21 192	46 170	67 186	20 53	84 33	13 90	11 103	79 196	15 197	64 143	81 44	37 67	7 82	72 75	40 5	25 29	34 116	9 30	32 95	45 37	57 193	27 172	59 78	89 46	26 66	3 66	70 41	33 157	53 38	54 6	61 146	49 191	68 63	82 170	38 35	50 95	63 102	42 23	28 167	19 138	23 183	4 184	51 199	29 200	8 154	14 187	88 29	16 173	77 11	1 13	31 74	85 59	75 117	5 59	86 92	78 4	56 146	36 40	44 129	66 175	22 163	73 95	76 60	47 133	6 145	62 161	60 101	55 145	10 95	12 164	71 123	35 12	69 39	65 40	80 99	18 15	83 73	2 100	41 93	0 3	52 83	87 65
13 188	53 13	72 44	3 156	11 50	33 72	38 32	56 143	39 194	83 176	77 32	89 166	81 99	64 41	5 43	34 153	66 62	8 162	18 94	25 88	30 192	63 148	69 31	73 70	32 187	44 183	47 72	51 113	43 159	22 13	88 18	71 197	78 91	36 151	86 184	14 97	58 96	41 83	70 174	85 156	28 55	57 163	4 66	21 199	31 133	68 8	52 135	82 174	76 34	37 147	87 124	16 193	59 148	7 2	50 37	15 61	29 77	61 134	46 132	62 72	45 119	17 145	23 91	10 49	55 179	48 100	84 121	65 122	75 55	40 32	9 184	60 185	0 16	80 152	6 6	19 77	1 104	42 72	67 171	26 187	24 156	12 189	2 40	20 152	35 198	74 188	49 149	27 80	79 161	54 34
87 14	36 194	1 36	2 16	47 142	54 55	76 141	35 179	84 67	63 22	32 126	86 171	39 34	6 43	31 55	85 17	88 146	82 66	89 29	51 77	60 122	20 186	9 40	58 147	8 134	0 121	10 147	3 102	75 86	74 7	81 189	27 77	49 108	21 70	53 6	50 111	19 77	34 108	24 33	64 29	59 72	46 34	33 112	25 11	80 9	26 49	77 182	71 92	17 193	55 90	37 155	42 118	65 149	23 200	5 32	38 171	57 34	83 137	69 119	11 171	45 186	41 143	28 140	15 149	16 151	44 68	7 81	22 21	52 181	73 45	68 50	56 79	40 48	43 137	30 135	18 86	14 129	12 90	48 103	66 164	62 156	61 149	4 14	29 173	72 132	67 115	79 110	78 43	13 105	70 83
47 94	34 69	79 27	26 91	45 162	81 126	62 170	64 192	29 153	35 7	12 83	49 119	53 29	56 27	80 173	70 58	25 22	57 139	89 195	86 181	28 177	75 137	41 117	74 162	58 46	19 108	48 28	44 115	8 100	40 127	65 14	69 3	31 146	68 24	27 118	36 192	76 123	71 171	72 59	2 46	37 125	54 140	84 90	51 144	43 193	32 62	61 99	67 120	24 41	7 158	83 66	60 12	20 116	73 82	11 140	38 102	10 177	18 140	87 130	0 13	33 13	66 152	17 126	13 101	50 168	77 66	16 99	3 37	21 32	85 88	23 117	6 141	59 57	78 121	30 95	9 89	82 11	5 28	52 52	88 96	46 116	15 11	1 126	4 104	22 150	39 28	63 89	42 157	55 121	14 57
67 124	29 152	53 9	12 11	77 147	88 103	15 99	50 72	55 196	52 58	28 73	58 145	23 93	24 152	68 118	31 115	0 15	4 99	33 28	62 90	64 149	73 20	57 135	7 80	20 5	42 18	14 117	38 83	36 39	16 190	13 137	1 165	32 66	61 144	43 134	25 130	11 127	21 50	75 117	76 150	8 186	70 186	59 114	87 10	63 55	74 49	35 22	9 34	84 58	79 180	18 165	41 56	3 63	45 102	39 57	22 7	10 182	48 37	37 77	47 105	34 99	56 101	27 153	85 122	72 174	26 146	86 175	51 21	54 6	19 91	69 171	65 156	80 80	6 6	46 118	78 91	17 35	82 93	2 142	5 188	81 103	83 123	40 130	49 155	71 142	44 47	89 95	30 90	60 19	66 173
4 84	82 64	13 200	53 112	73 138	25 9	19 147	66 17	40 200	79 159	42 192	78 187	85 35	21 175	57 35	32 178	75 114	27 19	46 107	9 192	10 72	48 176	37 169	67 143	83 191	0 36	1 157	58 6	17 133	28 142	43 142	30 152	51 104	76 32	59 94	36 197	16 40	50 200	44 72	2 27	6 124	11 144	15 25	20 150	41 49	64 98	8 1	35 145	31 9	55 10	56 134	81 77	87 57	72 46	47 175	29 163	22 188	69 119	61 48	80 122	26 40	14 169	86 21	70 124	45 166	88 92	74 27	23 60	12 170	65 168	5 106	68 83	54 86	39 62	24 182	63 95	3 154	34 31	52 91	49 138	18 66	71 164	60 87	89 165	77 163	62 18	84 20	7 93	33 192	38 70
30 165	38 32	36 60	73 188	89 147	79 70	74 38	69 162	66 178	55 124	4 117	60 85	45 52	51 15	76 46	8 22	83 22	7 132	48 198	56 118	53 200	15 152	2 6	75 99	35 153	58 46	81 6	14 191	57 86	82 58	5 79	54 148	16 86	70 29	71 137	64 85	9 71	0 117	61 169	3 41	77 47	32 95	43 56	21 159	37 47	87 17	26 26	25 84	68 145	63 103	80 64	78 181	49 136	65 114	18 127	23 91	59 98	6 25	17 175	88 84	85 63	40 45	42 33	29 134	46 200	67 40	12 115	22 137	72 105	50 51	31 197	47 74	33 183	39 5	27 47	41 52	10 194	24 127	19 60	28 159	62 186	11 61	52 38	84 42	13 100	1 141	86 81	20 158	34 163	44 177
38 16	51 68	36 91	20 136	73 89	49 109	72 102	32 190	34 43	70 132	85 181	1 98	63 130	43 1	88 140	40 180	57 160	26 13	11 21	12 167	22 27	67 87	56 144	30 29	45 122	28 140	69 91	8 24	78 2	19 59	89 98	54 162	76 12	37 155	87 162	31 137	71 132	81 9	80 76	58 152	24 112	59 39	42 110	39 196	77 168	82 107	33 62	86 144	44 136	17 95	60 72	35 121	16 141	14 34	23 57	50 131	3 62	7 182	46 127	25 130	0 175	9 23	48 68	65 88	84 34	21 27	41 111	27 173	2 73	6 106	53 93	74 145	62 129	15 25	29 69	83 165	47 62	55 184	5 145	18 20	13 84	61 9	79 90	52 99	64 46	68 177	10 48	66 11	4 30	75 174
51 186	40 152	27 89	86 6	23 65	29 86	3 198	57 155	36 132	83 132	10 157	21 41	45 128	89 37	74 67	46 176	69 4	65 181	77 24	31 113	26 46	59 81	48 11	49 97	62 69	75 181	38 116	79 191	5 80	50 48	18 31	11 101	58 101	82 76	9 17	53 106	70 159	34 141	15 8	30 181	78 186	54 163	16 48	81 97	13 200	56 2	24 174	76 154	37 114	7 10	41 49	80 174	17 88	42 71	33 44	72 47	55 3	87 167	88 111	64 117	2 27	61 143	20 78	71 122	43 132	66 2	1 12	25 109	60 120	19 161	47 127	14 42	32 153	68 38	44 186	67 125	28 66	52 74	35 83	85 6	6 42	84 28	8 26	4 160	63 136	22 126	12 46	73 146	39 113	0 169
44 153	71 62	28 110	69 179	75 114	73 67	43 43	72 74	9 103	45 155	38 151	10 106	19 42	66 164	7 62	36 187	22 125	63 89	64 121	74 67	52 170	88 148	39 76	87 154	83 131	57 92	49 91	29 3	47 151	81 46	2 192	54 28	55 128	50 107	58 22	30 150	13 101	56 48	1 51	77 129	21 49	53 142	86 114	15 35	51 107	11 22	79 51	35 124	8 198	27 22	25 26	70 44	23 49	20 30	60 127	78 93	12 143	59 179	42 177	16 132	32 17	34 149	4 123	26 39	0 188	62 197	84 168	41 155	31 63	24 149	61 84	40 100	14 107	33 132	89 198	68 21	17 31	48 113	3 61	6 33	18 30	76 142	46 106	67 55	5 135	80 59	65 106	85 124	82 59	37 47
53 96	19 169	45 40	23 81	86 123	48 70	18 131	11 200	51 162	84 138	20 106	60 184	38 183	25 36	65 174	40 81	32 77	2 135	46 100	56 157	79 132	39 52	69 165	77 53	82 32	64 156	66 47	30 109	55 43	52 196	0 165	87 122	41 159	34 8	83 195	63 138	29 197	59 52	31 118	73 65	21 80	35 100	43 91	36 149	62 43	76 96	88 140	14 84	8 97	70 7	75 16	80 107	9 71	3 18	61 15	81 168	57 126	15 48	26 130	28 46	47 17	49 134	22 138	7 73	5 191	17 113	50 66	85 199	44 45	6 72	27 50	71 157	16 121	67 70	54 166	42 43	13 179	74 75	4 104	72 147	24 77	1 42	12 93	33 147	78 193	37 50	10 39	68 141	89 150	58 80
60 43	3 89	30 162	28 89	72 110	44 159	50 116	89 26	13 198	71 126	10 122	39 141	43 96	27 54	34 182	4 92	29 106	35 28	21 137	38 13	67 37	26 125	61 150	65 17	49 139	41 150	33 119	55 19	9 139	31 58	37 157	42 58	15 39	1 135	78 13	14 89	36 38	52 63	53 94	54 6	87 30	85 86	58 51	77 186	57 67	74 78	82 150	48 115	64 148	23 141	25 101	56 79	59 165	45 60	22 151	51 55	75 174	32 68	68 172	19 18	86 82	2 154	83 161	8 185	69 130	16 185	88 69	62 89	17 177	47 27	24 193	63 102	80 191	18 81	70 88	20 122	46 2	84 9	7 53	79 126	73 48	5 94	66 6	12 100	76 27	6 31	11 79	40 69	0 174	81 162
49 45	72 138	39 111	53 192	41 105	42 158	30 63	70 118	80 97	88 105	86 54	18 129	7 63	22 27	82 28	78 194	35 196	33 86	47 72	89 158	81 105	20 99	77 100	48 100	45 190	31 74	25 53	51 193	10 120	16 63	50 57	0 186	56 196	74 12	46 176	29 116	68 112	79 133	24 89	63 194	61 99	69 134	1 177	36 99	11 39	3 2	66 36	52 120	84 24	23 63	34 56	54 189	9 154	21 199	13 193	44 97	4 36	57 177	27 82	59 70	12 54	40 108	38 67	75 68	17 37	2 170	26 72	60 155	65 18	58 25	76 157	85 193	15 17	5 4	14 73	71 198	62 20	55 155	64 54	32 115	43 198	37 77	67 178	6 163	87 129	8 103	28 41	73 14	19 131	83 19
22 134	27 191	62 77	53 158	80 117	25 24	32 126	69 139	19 20	12 133	34 22	52 34	56 53	23 63	28 119	64 62	85 96	6 73	45 136	76 153	61 76	59 7	17 76	0 99	10 152	74 67	84 127	47 108	41 6	87 64	4 174	26 200	57 19	29 194	50 77	86 169	16 148	51 142	39 93	7 146	18 70	60 159	13 142	48 43	67 17	65 16	83 75	43 183	46 120	58 194	79 48	1 108	20 139	88 75	42 52	70 144	5 42	72 125	15 95	3 70	82 179	78 20	8 159	24 63	35 27	68 193	77 154	44 131	66 101	71 83	14 65	11 140	89 167	31 102	38 28	55 71	30 87	73 133	9 14	37 150	75 134	33 1	54 131	81 153	21 17	36 190	2 34	49 99	63 69	40 24
48 191	19 94	36 143	34 19	29 168	44 116	37 129	32 108	73 100	63 176	89 54	74 66	77 87	85 171	43 158	31 52	54 173	52 100	33 159	80 2	57 156	20 85	51 130	13 23	45 70	4 7	65 99	66 62	60 139	6 70	30 134	67 127	9 92	47 135	3 163	38 16	86 163	68 130	71 30	69 134	18 67	76 131	35 134	0 1	58 5	70 70	10 99	49 2	72 139	78 3	15 2	75 10	27 200	61 15	23 132	24 68	40 165	22 179	62 29	46 161	17 140	1 188	64 45	88 197	59 62	16 114	50 100	26 54	25 68	53 182	12 175	42 176	56 64	5 196	21 54	2 13	81 27	83 188	79 19	39 73	7 88	28 142	55 72	11 15	8 16	84 82	82 181	14 35	41 113	87 7
16 169	77 147	51 104	23 32	17 96	5 146	19 158	0 56	67 195	18 68	43 93	83 26	58 25	85 120	61 85	36 90	78 80	33 155	37 190	21 159	13 113	29 123	60 56	42 138	46 182	75 176	82 170	15 60	76 36	39 139	34 132	2 153	3 76	79 54	41 39	86 167	32 9	72 178	50 197	38 50	55 98	84 177	88 199	89 72	80 28	20 17	68 96	73 113	57 2	30 18	24 40	40 200	70 84	87 185	27 79	7 102	8 148	44 91	9 196	49 112	62 16	1 93	6 186	35 191	48 30	71 14	74 84	14 193	47 135	59 163	11 145	53 175	64 151	12 95	28 134	22 165	26 162	31 137	65 130	4 121	69 16	45 98	52 58	66 126	54 29	10 171	81 44	56 56	63 71	25 69
9 131	15 95	1 50	7 44	29 83	65 36	71 54	17 123	20 59	74 13	48 131	40 91	21 27	61 92	18 160	50 39	70 115	28 63	56 194	4 142	87 164	84 40	31 154	59 108	3 59	75 157	11 163	16 98	73 179	53 19	38 89	33 120	42 192	5 46	47 84	41 18	0 104	19 122	8 69	2 65	52 129	78 37	55 173	44 46	32 103	54 189	63 190	6 9	77 33	89 134	43 43	57 157	13 9	46 12	34 63	80 13	23 116	83 113	49 178	36 59	35 46	25 190	58 107	85 118	26 141	76 169	66 14	60 9	45 100	51 137	10 39	79 116	30 93	72 91	82 67	14 97	64 95	69 178	67 87	62 47	37 36	12 194	27 172	88 71	81 99	39 10	68 48	24 131	86 178	22 37
67 122	60 187	83 11	2 110	49 21	65 170	19 36	27 79	17 158	80 123	73 174	9 88	25 17	54 75	33 139	13 176	89 8	51 152	26 183	85 152	24 136	20 148	44 184	76 2	63 6	23 120	6 36	3 26	52 141	50 32	57 108	18 51	22 43	11 101	62 168	38 110	71 2	55 51	59 131	7 126	64 54	21 166	58 53	77 122	12 27	15 184	34 117	74 48	1 119	36 188	72 128	69 3	45 19	46 75	14 142	81 197	75 118	87 167	39 118	5 149	10 126	29 68	66 147	43 84	70 63	31 39	61 182	68 71	56 42	42 64	32 101	37 98	28 124	35 112	0 81	48 190	86 163	4 96	47 175	41 119	8 150	78 73	40 118	88 103	79 8	84 123	82 91	30 103	53 127	16 148
64 129	58 77	87 161	21 76	37 26	75 98	53 194	5 36	6 45	49 84	59 40	24 6	0 185	9 66	29 158	51 62	68 30	20 28	79 130	74 182	72 26	84 50	14 99	56 23	66 136	38 92	83 29	40 155	88 171	41 128	85 80	16 112	3 200	60 138	82 94	57 123	78 102	76 143	63 100	22 106	35 20	19 191	30 184	12 166	69 141	36 195	50 46	33 99	13 166	77 123	80 153	44 130	46 148	39 5	62 15	55 107	18 43	71 37	65 26	81 42	73 36	89 83	10 51	26 151	1 23	52 152	31 128	45 63	25 113	34 98	43 13	28 148	2 53	70 148	54 116	15 65	4 31	48 103	17 154	7 107	42 95	61 114	8 140	32 169	86 160	47 59	23 154	11 180	67 111	27 198
71 40	11 149	53 121	74 198	83 55	10 164	58 16	20 49	69 3	52 26	22 13	34 170	16 196	79 171	24 191	41 78	26 182	28 88	44 57	60 76	13 184	21 93	3 28	23 169	29 187	89 102	37 133	76 48	48 8	54 67	14 4	59 170	7 39	75 1	57 43	72 31	12 62	82 176	5 150	47 113	15 110	27 131	17 153	30 118	88 25	31 106	70 150	38 168	86 66	50 19	9 128	56 10	4 98	81 53	61 157	18 154	87 88	77 16	32 78	64 6	49 139	19 53	80 79	1 177	84 80	66 148	63 91	33 126	40 198	6 200	45 188	67 166	62 140	25 146	85 184	8 163	35 83	39 83	2 53	43 45	46 145	0 66	42 92	55 32	65 145	78 96	36 34	73 62	68 94	51 31
53 122	66 139	14 64	8 16	85 177	52 131	61 165	36 21	7 189	48 163	31 190	77 93	86 64	28 124	70 146	64 43	54 199	75 68	1 16	40 81	13 68	69 118	16 59	41 182	89 124	24 85	82 133	17 15	4 149	73 196	10 198	58 197	35 148	29 196	45 22	56 36	80 34	15 58	67 110	6 132	65 116	72 57	43 67	87 144	39 176	5 170	37 33	63 145	51 168	47 149	49 124	12 184	18 27	9 113	26 108	27 76	34 138	38 195	84 127	74 47	46 44	0 112	22 37	68 164	79 139	23 120	20 153	44 57	59 78	42 122	33 44	88 139	21 96	57 96	25 53	19 2	11 103	60 108	71 146	2 41	32 106	62 173	78 43	50 23	76 20	81 111	55 145	83 138	3 123	30 190
56 154	70 69	62 10	79 9	3 36	45 109	60 50	10 33	57 59	81 182	41 78	61 195	49 172	87 67	4 54	59 172	78 34	27 2	89 183	16 167	37 190	21 125	51 139	48 186	32 175	12 3	42 174	65 60	83 136	20 176	15 29	50 182	63 22	66 86	46 25	0 184	23 7	29 121	64 146	35 190	9 118	53 32	68 73	11 18	33 53	86 22	44 170	25 122	17 70	88 82	28 91	72 16	58 139	40 60	55 198	74 19	39 27	2 77	54 151	5 159	7 55	6 185	52 23	80 144	8 67	19 169	26 64	73 186	34 181	67 34	30 146	47 196	36 70	38 46	82 187	31 17	18 19	71 189	69 192	14 157	76 86	22 77	84 42	85 43	1 15	24 20	75 193	43 51	13 21	77 83
3 78	12 98	64 81	72 41	49 10	14 157	68 108	1 103	76 51	67 24	16 62	44 153	32 138	45 29	88 76	13 197	48 169	40 78	75 120	26 170	25 152	78 106	29 191	9 5	38 65	56 199	41 172	6 23	66 43	39 53	89 17	65 78	28 71	37 104	17 191	5 190	35 66	55 79	31 70	21 30	0 136	8 176	70 37	51 174	27 79	22 62	74 175	71 47	73 176	43 172	84 195	11 83	85 42	83 92	33 176	63 38	81 11	4 173	7 35	15 68	18 101	77 102	80 61	54 76	10 153	79 15	47 140	34 185	24 10	69 144	46 12	50 97	30 177	19 85	61 57	52 53	53 189	57 134	62 91	87 127	59 53	58 39	2 32	42 173	20 179	36 111	86 181	60 196	23 187	82 157
49 155	31 20	0 155	21 147	19 61	63 169	79 57	24 172	68 102	35 4	4 194	33 95	62 189	22 189	52 62	18 94	87 160	47 6	40 47	9 145	20 163	60 63	74 27	41 139	86 174	26 33	56 193	44 8	5 133	80 12	3 25	8 2	50 193	23 51	72 73	17 137	38 46	82 108	30 80	81 3	46 92	10 136	85 44	69 172	58 116	13 48	84 100	89 33	27 113	6 166	70 16	55 145	57 64	53 121	73 159	32 67	7 179	29 119	36 188	1 191	11 98	43 79	39 98	48 15	61 8	88 10	28 67	77 54	45 164	51 81	65 110	2 128	16 137	75 4	71 137	78 15	83 73	34 171	12 155	67 118	59 61	37 112	54 166	25 158	76 110	14 73	15 49	64 54	42 31	66 50
85 53	73 113	45 56	49 128	17 14	3 165	39 77	19 133	68 165	13 21	28 190	4 136	12 140	77 43	18 150	54 47	24 177	42 34	51 126	81 21	52 51	5 131	66 184	22 110	36 33	9 25	0 31	84 41	67 133	6 154	86 185	25 50	50 153	14 161	16 195	8 182	88 119	62 126	41 179	33 74	72 158	89 19	20 26	37 127	44 157	75 199	60 91	34 104	46 155	82 109	1 98	7 167	31 104	47 189	83 142	26 123	78 30	11 99	35 144	29 81	32 139	38 191	71 169	61 117	63 79	56 88	43 105	80 133	58 193	69 133	87 45	53 155	59 176	65 154	30 63	57 168	76 164	27 33	74 99	2 104	55 109	40 127	79 6	48 44	21 165	10 61	70 39	64 45	23 6	15 183
87 192	54 84	28 85	6 143	13 20	51 77	77 78	17 76	52 55	88 45	43 155	68 147	53 191	59 82	73 176	26 31	66 47	24 23	75 23	19 108	49 74	2 194	39 36	25 109	8 103	29 79	21 87	63 165	89 9	10 97	67 137	64 49	78 174	20 113	79 186	83 80	41 122	40 47	16 82	71 160	58 56	35 59	55 177	82 181	61 53	60 166	30 17	27 133	62 173	15 141	11 9	31 176	42 43	12 109	22 105	70 106	44 12	18 138	9 9	56 154	5 89	69 122	81 12	14 108	76 92	48 173	80 174	84 25	7 127	57 179	23 160	47 17	50 133	65 37	45 196	36 56	38 179	72 182	86 185	32 103	4 176	0 18	46 9	3 146	74 70	85 36	34 27	1 2	33 13	37 13
43 144	78 175	41 172	72 100	23 22	81 87	86 151	26 109	53 81	68 125	51 54	63 101	76 59	61 186	46 156	88 55	87 197	82 46	24 13	54 60	40 135	79 114	44 178	9 156	73 103	1 101	14 10	66 92	75 64	15 177	58 5	32 44	84 39	39 93	74 186	64 40	85 92	0 90	35 24	52 195	2 72	33 200	47 40	34 49	28 123	67 88	37 3	20 191	49 89	55 96	70 58	50 118	30 166	18 50	77 16	48 19	42 112	59 86	69 179	56 148	29 104	22 98	7 109	19 135	5 163	10 1	3 147	89 142	8 35	31 183	71 198	16 50	62 176	27 14	25 62	4 131	65 172	11 152	57 104	12 96	17 43	21 113	60 166	45 119	83 3	36 163	80 98	38 34	13 50	6 132
69 114	27 6	16 136	8 56	49 77	89 169	71 109	61 146	60 28	13 171	31 110	29 105	67 156	80 125	12 174	33 195	45 130	24 94	18 167	55 60	17 134	34 41	65 92	48 73	6 65	4 72	74 82	73 13	0 52	78 169	10 138	11 4	1 56	2 27	36 63	32 122	87 92	47 84	3 132	54 91	85 19	7 59	88 139	26 46	50 141	83 197	64 171	75 70	46 181	53 99	81 186	58 187	41 142	14 31	35 20	70 178	42 8	79 135	43 134	57 30	59 47	72 102	62 8	25 145	30 18	37 15	86 108	39 163	23 155	63 84	9 95	15 26	68 11	52 188	56 154	21 178	38 97	84 36	28 191	77 162	22 62	20 9	51 8	76 71	19 116	66 190	44 14	5 109	82 135	40 14
61 45	12 94	78 70	74 84	0 200	17 127	41 197	46 130	43 12	80 199	72 125	32 139	6 38	2 63	22 144	36 138	73 50	8 8	9 83	14 29	53 22	19 174	70 26	49 55	51 31	62 165	69 72	89 37	67 168	16 49	48 47	25 22	20 128	27 112	11 37	21 122	28 187	56 33	45 53	39 184	26 131	59 54	34 152	24 81	87 39	47 109	37 64	5 6	66 122	10 140	4 123	77 34	68 153	13 169	84 99	63 96	64 134	23 99	42 191	75 139	33 129	35 110	29 33	15 173	55 136	85 187	52 48	50 175	1 64	18 181	82 50	7 80	71 16	44 111	79 155	31 138	58 65	57 85	81 48	76 64	54 177	88 137	30 41	40 161	60 70	3 7	38 200	86 128	65 170	83 31
16 134	15 43	35 76	55 115	73 142	60 25	34 178	2 163	48 28	64 194	18 123	71 87	58 165	22 60	41 112	46 126	32 70	8 149	24 122	67 103	68 195	74 147	29 177	66 125	14 167	77 71	75 189	70 22	61 133	83 177	43 20	12 152	4 105	6 136	52 69	37 48	38 158	11 200	13 49	78 98	53 159	57 111	5 115	27 24	39 163	51 184	36 96	42 60	10 44	86 60	3 100	69 179	31 29	7 101	9 22	40 22	87 70	59 195	45 134	63 183	84 83	54 177	62 3	47 65	56 52	89 167	28 8	25 12	23 37	72 23	0 197	19 172	44 153	21 90	76 152	81 65	17 9	49 105	82 1	88 179	1 55	30 94	26 118	79 185	50 11	65 196	33 113	80 79	20 95	85 170
77 152	44 24	8 116	43 193	75 15	20 50	2 105	34 139	79 138	69 172	42 124	13 67	11 20	31 50	41 196	71 45	68 33	82 4	51 15	14 19	53 189	63 70	59 133	52 192	84 128	40 150	19 118	1 82	80 162	16 186	37 54	12 150	64 191	67 17	39 138	58 113	9 78	17 124	4 106	88 175	66 104	0 73	29 92	49 17	24 92	28 101	30 92	33 7	81 71	61 139	76 99	60 137	45 97	7 121	18 162	22 175	47 135	87 43	35 144	73 170	36 42	83 115	86 12	50 41	48 66	26 199	25 35	15 11	65 11	74 181	5 70	6 149	21 69	10 126	85 196	72 127	32 186	27 41	70 35	3 180	62 25	23 3	57 58	89 37	38 146	78 115	55 27	56 48	54 87	46 146
