100	30
9 140	4 163	10 15	13 87	12 141	23 169	17 62	2 82	21 133	18 180	19 43	22 78	29 9	26 19	20 77	0 157	11 9	14 137	3 141	15 106	27 1	8 21	5 181	16 191	25 10	1 56	24 10	7 151	6 153	28 165
29 78	8 160	24 74	11 45	20 182	28 138	22 191	12 110	5 46	25 168	23 195	3 174	2 82	17 26	16 176	4 179	15 94	10 30	6 12	21 48	0 70	13 89	1 150	26 41	9 56	18 193	14 129	19 53	7 126	27 136
5 192	21 158	9 24	14 33	13 134	18 108	1 92	17 15	10 136	4 3	11 164	24 117	27 22	6 100	28 199	3 23	26 55	23 142	16 31	2 117	15 177	12 78	20 21	25 75	19 113	29 9	0 146	22 172	8 171	7 22
22 109	3 186	15 124	14 129	7 167	23 129	1 193	11 16	5 152	28 179	25 103	13 163	0 68	26 19	24 65	6 134	20 100	17 180	9 61	8 168	10 102	21 200	12 31	16 29	19 136	4 90	27 25	18 66	29 90	2 131
11 25	3 44	20 32	0 70	19 7	16 99	27 66	29 108	10 177	2 27	23 188	28 171	5 155	1 43	7 135	4 161	14 15	21 18	12 184	26 190	24 22	18 184	8 196	9 72	13 75	22 154	25 165	17 149	15 188	6 196
9 36	28 168	2 21	4 44	29 10	5 156	11 187	3 85	8 119	27 124	10 118	20 177	21 51	23 161	13 76	12 125	17 101	19 16	1 138	18 101	26 8	14 135	25 178	24 144	22 119	16 168	7 164	6 13	15 129	0 200
19 200	1 125	22 54	0 58	7 151	3 131	29 63	24 18	2 160	16 18	13 138	4 120	8 79	14 21	9 89	5 143	17 41	12 54	26 106	6 72	15 111	25 170	27 105	10 168	20 81	18 72	23 6	11 175	21 48	28 187
1 196	17 149	0 109	18 160	7 169	14 8	29 178	4 1	11 59	21 45	10 82	2 86	26 140	9 174	12 142	23 12	5 99	16 51	28 53	25 49	13 61	6 8	27 170	19 30	22 39	3 158	20 190	15 117	24 65	8 113
8 37	23 118	26 72	27 4	10 51	7 74	17 32	0 56	6 7	11 87	25 77	29 132	20 179	4 141	15 200	13 61	18 10	9 148	14 159	22 70	21 191	28 124	5 174	19 140	12 119	1 200	2 183	3 9	24 152	16 76
18 7	8 82	20 187	21 168	11 176	2 11	9 43	24 32	27 171	1 163	19 97	13 169	4 185	29 77	5 51	25 58	6 8	17 184	22 180	7 169	16 72	14 164	26 47	15 88	10 109	0 8	12 189	3 154	23 64	28 143
7 127	24 11	25 167	16 97	17 52	6 144	0 109	10 117	19 3	27 146	20 100	23 165	3 22	13 199	1 49	26 54	8 101	9 195	12 149	14 65	4 158	21 80	29 140	28 101	11 74	18 178	5 123	22 112	2 106	15 31
6 109	14 200	15 64	12 80	24 93	17 104	4 20	10 86	25 175	13 56	19 15	8 90	0 159	21 15	27 123	18 147	28 20	7 23	9 56	29 155	5 162	3 173	16 59	1 55	26 90	23 175	11 180	2 23	22 116	20 60
9 44	4 78	8 172	22 141	24 24	25 124	15 142	23 61	26 77	29 175	0 105	17 1	7 16	5 129	27 144	14 54	21 72	11 38	20 163	12 79	6 18	19 40	2 13	18 52	28 73	13 161	3 137	16 115	1 179	10 113
14 129	22 185	17 174	2 60	23 82	24 110	16 80	1 122	29 139	0 112	3 24	11 89	4 48	12 110	8 82	27 158	19 180	20 84	25 34	13 139	7 100	6 92	28 115	26 180	18 177	10 5	5 89	15 14	21 108	9 149
16 192	0 7	27 169	15 158	19 19	3 182	29 81	5 147	25 27	8 43	14 197	10 131	6 99	17 149	21 43	1 31	4 47	2 156	28 70	22 197	13 94	20 143	23 42	11 111	18 164	7 171	9 86	26 29	24 160	12 149
23 40	26 87	7 71	2 73	24 146	21 169	4 50	15 158	13 18	19 109	10 77	29 182	12 28	8 37	6 154	0 200	14 12	16 30	27 107	1 54	20 102	17 78	5 100	25 159	22 180	28 14	11 161	3 113	9 61	18 2
29 107	8 101	12 174	28 117	16 110	17 162	11 103	3 176	26 109	27 198	6 179	1 153	13 61	14 60	25 165	23 177	22 91	15 158	10 135	0 122	20 136	7 27	19 149	9 48	24 102	21 165	2 116	18 126	4 158	5 90
24 21	9 37	20 182	18 31	16 131	0 81	7 53	1 175	22 7	10 159	28 98	19 43	27 139	25 192	5 161	17 153	26 180	23 53	11 109	8 174	21 134	29 144	2 139	14 81	4 60	6 42	3 181	15 117	13 31	12 134
15 6	3 48	27 163	6 190	18 84	4 111	11 198	26 197	28 36	29 84	16 38	24 163	22 110	8 114	17 20	7 77	5 47	13 100	20 92	9 159	21 44	14 131	12 112	10 186	19 76	25 179	2 167	0 123	1 142	23 197
8 28	29 150	26 170	28 165	9 132	4 64	11 28	17 40	6 160	12 200	7 192	14 183	2 99	21 105	25 60	23 133	3 46	27 167	10 105	20 37	24 86	0 44	15 85	13 183	22 167	19 5	5 185	1 62	18 125	16 74
8 166	10 58	20 76	13 126	1 35	26 6	7 152	21 14	28 162	5 28	15 157	2 50	17 158	4 194	24 46	6 28	11 110	14 84	3 13	0 181	18 175	9 14	22 131	16 145	23 192	29 60	12 84	27 53	25 13	19 76
1 195	9 105	3 142	6 136	20 71	18 83	26 38	27 94	4 154	12 128	5 27	21 140	28 31	8 79	25 51	19 110	24 2	14 182	2 141	17 10	29 65	15 29	0 70	13 25	23 59	11 105	22 28	7 9	10 23	16 91
8 185	26 140	9 121	23 149	28 25	13 132	3 51	2 127	25 4	11 4	19 25	0 177	1 52	14 3	17 53	16 197	15 107	18 56	20 156	4 126	6 41	22 37	7 119	29 92	10 73	21 66	27 86	12 103	24 167	5 36
8 199	22 62	3 102	20 175	11 6	9 63	28 38	7 67	29 115	14 162	24 41	23 155	2 7	27 199	16 189	5 74	26 117	15 101	4 66	1 129	0 16	12 146	19 167	6 160	17 20	25 58	18 99	21 183	10 133	13 7
15 51	28 180	12 184	4 118	8 93	29 133	26 176	23 167	5 123	16 200	0 65	2 76	17 71	24 77	27 115	11 152	19 68	14 96	20 104	3 12	21 17	18 81	9 107	13 155	25 36	7 154	6 184	1 103	10 111	22 178
9 102	25 133	13 198	0 175	16 45	10 15	11 69	1 160	26 28	18 180	8 93	17 97	22 168	7 93	21 138	29 92	20 49	24 143	4 25	5 74	23 57	19 44	3 82	15 5	12 70	27 73	28 65	6 191	14 174	2 144
15 189	13 122	11 20	14 172	4 141	28 11	29 7	18 134	6 148	22 21	2 26	16 136	20 5	8 56	10 168	26 42	21 2	23 177	25 28	7 151	9 28	19 172	0 1	24 31	27 142	1 168	12 94	17 43	3 63	5 182
1 194	3 126	11 192	21 197	15 142	12 85	26 117	19 14	2 47	6 169	7 153	22 78	9 195	14 18	5 123	18 50	25 137	29 198	17 14	24 134	20 106	0 111	10 23	16 91	8 55	23 27	4 16	13 150	28 111	27 111
18 112	11 33	0 78	19 181	14 109	6 182	9 9	2 161	13 24	4 55	22 119	12 199	17 40	15 116	8 166	29 10	25 51	7 38	24 101	21 175	5 42	23 50	16 111	20 190	10 139	28 91	27 177	1 145	3 132	26 162
4 25	22 165	2 93	1 16	9 145	3 176	19 29	28 134	26 84	10 160	0 160	17 96	29 33	24 88	23 149	7 34	6 113	13 186	16 199	14 33	21 37	15 136	5 132	18 84	20 15	12 200	25 79	27 77	11 8	8 51
25 183	0 70	7 9	20 121	27 34	18 176	14 107	29 156	8 157	12 78	17 158	6 93	10 132	5 148	15 17	21 160	23 167	24 24	26 193	3 70	1 162	11 192	19 12	4 163	16 87	22 73	28 126	9 28	13 84	2 128
2 153	21 35	9 106	8 192	12 74	28 34	11 165	15 42	13 101	18 95	25 123	20 198	3 102	5 128	26 129	19 55	1 5	17 67	16 2	6 116	0 28	14 156	22 44	29 151	27 173	24 114	4 122	10 154	23 156	7 142
22 174	26 8	10 69	2 26	19 127	14 122	0 52	28 123	18 20	29 41	4 193	3 103	12 118	16 173	1 63	15 115	27 53	21 199	20 108	23 140	11 23	6 168	17 62	9 135	24 192	8 40	13 156	7 95	25 97	5 147
29 11	7 196	1 96	9 13	28 4	15 157	23 83	10 23	0 22	8 99	6 12	5 35	11 37	17 137	27 45	13 66	19 105	22 11	14 176	16 20	3 52	24 121	4 23	12 163	20 2	26 151	18 140	25 90	2 81	21 71
18 97	0 168	23 64	24 23	12 8	4 74	3 100	19 126	27 130	28 43	25 82	11 194	9 80	15 148	13 117	6 9	8 20	20 168	17 172	1 199	29 63	5 175	2 13	26 113	14 199	10 193	21 75	7 153	16 30	22 40
17 43	11 119	19 114	13 17	18 74	29 18	9 81	7 94	12 82	0 151	6 166	8 7	27 167	4 139	20 15	16 70	3 72	23 192	2 192	14 40	15 166	26 188	1 102	10 59	5 5	21 111	25 158	28 65	24 66	22 61
13 47	8 131	21 39	12 169	18 167	14 78	17 76	16 39	29 13	7 39	15 24	19 147	24 150	9 188	1 161	25 191	4 28	23 2	2 48	0 21	5 134	11 169	26 184	20 73	22 185	28 96	10 27	6 21	27 21	3 105
10 144	16 115	27 156	18 140	9 47	12 100	15 74	25 53	6 108	19 164	3 47	11 101	26 50	14 117	8 9	23 31	29 193	28 61	24 13	7 160	5 84	13 39	2 151	17 146	21 121	1 113	22 41	20 17	0 32	4 8
12 19	5 150	29 131	28 187	0 172	7 50	19 120	15 75	18 120	6 142	26 89	1 147	8 49	9 119	4 120	22 98	24 14	3 192	14 133	27 4	10 193	13 10	17 92	23 60	11 30	25 60	2 99	21 190	20 188	16 156
29 105	15 183	19 119	22 5	9 171	6 129	27 56	25 62	5 10	21 101	18 122	0 16	26 36	2 65	23 51	16 27	12 170	14 24	1 177	20 92	8 46	28 189	13 37	11 67	17 6	7 56	10 199	3 34	24 63	4 180
19 29	27 142	29 20	8 3	6 23	28 74	11 139	18 102	15 7	5 170	21 116	23 89	16 154	14 123	2 182	17 159	7 112	10 34	13 10	0 180	9 163	25 101	4 185	12 168	20 84	1 174	26 28	22 90	24 125	3 20
6 83	8 135	16 139	9 90	22 42	0 193	12 191	2 10	29 141	24 116	10 57	7 179	15 4	28 31	17 27	27 111	25 129	14 49	3 90	20 176	1 105	26 106	21 17	5 186	19 87	4 118	13 166	23 200	18 15	11 171
3 174	21 88	12 116	2 109	0 44	11 172	20 84	8 195	27 55	10 125	1 11	6 82	19 131	18 72	15 168	4 6	28 106	17 93	29 141	22 110	24 122	26 32	13 140	25 88	7 69	9 10	14 148	16 26	23 166	5 32
19 159	26 158	2 95	13 42	22 90	21 198	9 31	28 46	3 50	16 68	27 155	12 44	1 97	10 39	11 140	29 32	14 193	18 105	5 151	4 196	0 68	24 185	17 160	25 80	8 155	7 194	6 21	23 115	20 120	15 72
8 194	12 94	16 70	28 1	26 74	22 23	2 21	27 46	13 94	17 4	9 142	21 53	18 39	15 120	23 53	0 141	3 27	1 24	25 89	11 173	10 17	4 178	19 66	5 192	24 25	14 86	6 146	20 61	7 67	29 52
4 140	13 109	7 130	26 33	22 103	27 167	0 81	1 74	20 67	5 89	15 171	16 195	14 181	18 40	10 102	6 175	28 15	25 130	23 81	9 34	21 68	12 71	8 165	11 116	17 80	29 198	24 155	3 115	2 132	19 6
28 146	18 104	6 10	12 97	8 128	9 45	16 88	4 3	1 62	11 93	23 63	24 49	20 83	26 144	10 132	13 91	5 121	19 4	22 200	21 77	7 74	0 33	3 43	2 162	27 160	25 117	14 134	15 30	17 125	29 82
28 87	19 15	18 121	3 199	27 165	9 195	23 15	25 29	29 74	2 13	22 59	11 88	7 199	20 149	6 43	5 18	17 1	12 90	0 88	1 26	15 115	26 159	4 123	13 52	21 182	14 74	8 59	24 140	16 35	10 12
5 64	8 134	9 30	0 28	25 173	18 73	12 71	26 181	4 68	11 200	21 28	6 35	3 59	28 38	2 50	27 127	20 176	24 60	23 170	17 131	13 121	14 126	1 136	7 75	19 188	29 132	22 74	16 198	10 144	15 191
28 122	25 34	18 29	17 151	29 154	2 103	3 179	11 44	14 138	20 162	13 66	21 167	27 118	12 199	0 138	22 88	8 23	9 66	19 107	5 86	24 11	16 55	15 116	4 34	6 139	7 188	1 186	10 188	23 53	26 59
4 89	9 161	23 45	24 66	28 74	8 90	10 78	15 35	6 40	25 66	18 45	19 181	21 62	29 77	22 122	2 38	0 48	1 49	27 29	12 140	7 70	26 63	17 36	3 42	11 11	14 133	20 168	5 11	16 144	13 125
5 168	25 94	0 147	8 49	17 41	6 128	7 51	22 149	2 1	13 3	14 72	20 110	3 169	27 148	24 156	28 76	10 91	18 90	12 184	29 17	15 8	19 155	21 50	11 80	26 70	1 176	9 100	23 113	16 190	4 69
24 5	27 160	0 46	26 26	8 13	25 50	1 163	22 147	11 191	6 64	18 157	20 2	2 119	9 82	5 137	10 140	13 78	12 4	7 119	29 175	21 140	16 86	3 69	23 162	17 134	28 158	15 199	19 109	14 166	4 40
5 28	14 114	25 183	6 155	2 7	1 152	19 148	3 26	22 190	11 188	8 198	13 88	15 176	7 156	16 148	10 168	4 91	17 43	24 139	12 163	21 39	0 152	18 126	9 144	26 186	23 128	28 112	20 188	29 60	27 108
22 89	19 92	4 96	0 83	6 140	16 53	10 89	13 21	3 129	7 117	21 156	12 62	24 185	5 200	28 32	15 26	17 98	11 89	9 124	29 122	25 48	14 112	8 41	20 9	1 110	27 46	18 96	2 185	23 195	26 155
2 20	27 186	13 169	22 77	3 11	4 159	9 20	18 61	16 93	14 55	6 198	23 153	8 112	10 48	7 118	1 22	17 61	21 60	26 158	25 32	28 83	15 157	19 167	0 29	5 151	20 72	12 79	24 97	29 74	11 132
18 154	15 46	24 43	16 140	4 76	21 174	26 10	1 116	22 59	13 160	27 9	20 42	14 148	2 112	10 121	5 34	28 82	12 178	25 87	9 149	0 134	6 39	7 76	8 97	3 94	29 146	11 10	17 129	23 160	19 89
15 6	5 108	27 50	18 32	6 159	11 159	14 52	0 150	28 125	24 31	20 51	26 140	25 37	7 34	4 163	17 101	3 87	22 6	1 37	19 42	8 188	2 160	21 144	16 136	10 3	29 82	9 47	23 77	13 55	12 162
1 163	25 6	21 145	2 83	16 98	18 198	29 61	6 45	24 29	12 164	23 159	3 74	19 16	4 48	8 26	5 102	15 105	9 122	22 64	28 96	7 81	17 105	0 148	10 151	27 168	11 141	20 169	13 184	26 189	14 78
27 90	12 182	3 25	4 11	8 200	11 3	9 110	0 98	20 87	25 136	6 159	14 32	22 136	2 88	21 21	7 26	16 147	13 93	19 77	29 93	18 165	10 178	28 82	24 175	1 164	26 188	23 16	15 66	17 43	5 162
3 7	17 185	25 50	9 49	2 144	22 163	23 8	24 41	4 166	8 88	29 77	6 147	19 172	5 154	13 73	20 74	28 148	21 126	14 192	15 149	26 88	7 68	12 46	10 51	11 181	18 164	16 72	1 153	27 90	0 7
6 88	12 143	11 142	24 155	13 63	5 40	26 33	19 33	28 130	25 76	23 114	20 157	14 180	9 121	15 60	3 96	1 74	18 67	2 137	21 142	16 143	0 53	27 118	17 134	10 4	4 110	22 144	7 17	8 27	29 42
29 18	21 141	24 5	27 188	26 166	8 150	1 191	19 195	5 164	2 177	12 20	3 85	4 54	16 106	10 104	13 41	0 100	28 31	22 14	25 74	9 168	11 119	15 53	23 123	17 178	18 108	7 44	6 143	20 186	14 92
9 139	13 119	8 69	7 103	24 38	22 26	23 110	1 137	12 149	11 28	18 23	19 95	27 187	3 43	16 49	17 198	4 123	15 95	20 23	10 174	28 99	0 182	5 116	25 170	14 178	29 188	26 93	6 172	21 178	2 74
13 65	0 38	12 108	11 151	4 124	25 45	23 198	16 141	26 19	7 25	9 155	2 102	5 51	14 42	22 188	15 154	27 163	18 16	3 135	24 121	21 44	10 46	29 124	8 39	20 105	17 79	1 28	6 108	19 93	28 129
16 100	3 59	4 107	28 131	19 49	20 18	7 155	14 29	6 107	17 27	12 83	25 117	21 174	9 5	24 51	8 8	13 103	5 174	22 27	15 68	26 136	0 41	18 195	2 36	11 85	1 18	10 39	29 186	27 182	23 148
27 143	14 41	16 183	5 22	11 5	26 73	17 175	4 159	18 140	24 119	10 26	8 21	23 64	21 98	22 51	9 125	7 98	25 93	20 20	12 191	1 138	28 100	3 194	19 56	15 151	6 28	2 190	13 23	29 183	0 41
17 190	14 169	24 166	18 163	5 184	23 65	6 144	26 108	16 65	0 27	4 4	27 113	21 91	29 91	10 111	28 150	25 34	11 112	3 196	12 130	1 130	2 91	19 19	22 149	15 137	8 144	7 161	20 55	9 169	13 159
4 199	5 148	0 97	19 141	9 95	18 129	27 126	25 76	21 99	22 114	16 31	24 115	29 143	14 121	11 29	6 107	10 48	3 48	20 165	2 139	28 137	15 70	13 81	1 166	26 52	8 66	12 167	17 121	23 177	7 128
16 176	19 39	2 150	29 185	3 184	24 22	21 185	26 99	4 31	27 189	17 142	13 16	18 121	0 135	23 29	1 78	6 144	11 82	7 85	10 173	5 23	12 62	25 89	20 54	28 105	8 93	14 121	15 85	22 200	9 129
18 75	29 182	28 154	6 98	8 96	20 46	23 193	7 65	26 159	5 39	3 190	27 58	9 47	24 92	15 58	1 21	10 139	22 10	25 133	11 55	2 50	21 152	16 151	14 35	0 4	19 18	17 9	13 26	12 49	4 166
6 38	23 176	21 126	4 83	5 83	16 188	24 80	25 26	0 117	1 112	17 107	8 125	7 114	18 88	26 49	13 157	20 54	19 4	15 25	10 147	3 185	2 145	28 131	11 174	29 159	9 75	27 15	14 36	22 112	12 34
13 169	5 100	21 154	12 77	25 153	4 175	11 87	22 88	2 47	27 102	20 117	1 43	0 189	26 113	16 105	10 42	28 13	15 174	7 159	8 179	29 172	14 100	19 143	23 112	3 30	6 199	9 119	24 112	17 82	18 90
7 120	24 199	4 14	12 136	14 27	5 42	19 192	3 147	15 10	0 122	16 157	29 142	2 2	22 54	18 71	8 96	17 161	26 51	9 97	27 161	10 51	20 185	13 15	11 102	21 44	1 114	6 130	28 44	23 114	25 138
23 67	11 151	0 97	16 121	29 172	6 6	22 162	15 104	20 38	28 167	10 54	25 42	1 59	9 141	17 8	7 39	24 170	2 148	19 39	5 153	4 178	3 38	18 175	12 150	21 158	14 140	27 196	13 195	26 42	8 44
18 99	15 82	20 157	9 166	23 93	19 9	1 91	24 150	17 131	28 23	29 116	27 118	16 191	12 154	10 120	26 9	11 27	6 75	13 134	14 189	3 58	4 97	5 162	2 67	21 37	0 110	22 185	8 58	7 156	25 10
18 60	21 180	26 10	23 115	5 77	12 99	25 74	2 68	10 138	8 183	24 116	14 116	13 198	0 13	9 108	6 141	29 76	1 86	15 11	4 48	16 8	11 6	17 200	3 78	19 53	22 136	7 65	27 151	20 45	28 72
0 98	16 132	21 148	10 28	25 178	9 125	28 146	8 66	23 140	27 190	26 68	20 1	18 79	12 75	24 70	4 32	19 61	14 106	7 152	11 33	6 26	1 134	2 36	5 181	17 176	22 122	15 145	29 7	13 145	3 155
10 116	21 187	25 119	2 192	4 103	9 29	11 139	18 39	16 99	3 27	5 13	20 120	14 185	19 14	7 173	22 17	13 55	0 17	23 165	8 117	12 152	24 179	27 46	28 21	15 60	17 33	29 145	1 191	6 28	26 44
10 79	17 45	19 37	27 93	29 116	22 187	9 8	0 58	7 97	1 169	25 19	11 117	14 81	5 68	28 46	15 190	3 171	8 163	26 8	16 183	13 86	4 123	23 185	6 24	2 28	20 172	24 23	12 41	21 163	18 165
12 154	2 23	20 116	7 162	29 155	3 172	24 191	8 111	16 75	9 155	4 41	22 134	25 169	21 154	10 142	1 64	0 167	6 62	15 53	27 98	18 160	11 38	19 158	26 149	28 159	23 39	14 53	13 155	17 191	5 113
3 192	1 117	26 134	9 69	8 92	11 124	16 51	2 53	28 124	24 20	25 25	12 177	29 74	10 16	14 181	19 35	23 132	4 128	21 184	17 12	5 139	20 158	27 193	13 111	15 14	7 127	0 73	18 127	6 61	22 74
28 128	24 105	13 190	11 113	9 31	22 128	26 77	0 57	23 104	25 20	19 120	15 122	14 6	29 194	5 69	12 95	20 18	21 200	16 168	7 168	3 135	4 60	8 193	27 122	6 128	10 18	17 52	1 122	18 58	2 128
23 166	12 30	21 116	22 174	18 161	14 12	20 69	13 93	11 23	2 47	27 147	1 70	5 149	15 61	28 106	24 97	16 107	19 174	10 163	26 10	25 64	0 180	6 187	4 114	9 162	17 23	8 199	3 26	29 67	7 158
17 196	7 53	8 166	13 162	29 5	28 59	26 137	5 119	3 52	16 73	21 176	11 132	23 47	1 14	2 46	22 195	14 183	20 94	15 178	6 116	18 179	9 185	25 149	12 149	24 30	10 190	0 130	19 188	27 69	4 126
1 124	19 150	5 40	27 32	7 3	25 88	16 173	6 154	9 141	23 32	0 69	20 97	29 66	17 14	21 17	12 152	28 191	22 155	26 187	14 7	18 162	3 35	8 68	2 161	15 168	4 26	13 150	24 10	10 73	11 163
9 139	1 74	24 56	21 171	4 120	14 54	11 132	28 92	19 154	2 5	3 132	7 63	16 97	10 66	13 200	23 185	8 149	25 112	22 2	0 53	5 135	17 83	12 138	26 69	29 66	18 97	27 64	6 62	15 6	20 138
3 127	25 123	24 11	23 8	20 165	28 196	17 70	1 112	4 188	27 173	15 115	26 83	5 52	18 110	7 133	2 151	29 132	19 196	14 153	6 74	22 62	21 157	8 95	11 10	9 25	10 89	16 33	13 191	0 76	12 48
28 143	7 117	26 131	18 194	3 119	16 180	12 104	1 23	24 34	10 143	25 10	29 186	22 11	9 18	15 101	21 28	4 121	6 106	5 67	0 140	20 144	8 96	13 162	14 35	17 133	27 74	19 92	11 93	23 70	2 147
28 127	4 179	20 191	27 174	9 12	29 141	5 124	10 16	23 163	26 156	22 165	8 56	0 67	21 101	2 4	17 87	12 191	1 170	7 164	13 100	14 162	15 161	6 125	16 16	24 72	18 31	25 7	11 198	19 48	3 158
21 115	20 98	19 186	28 41	10 5	23 41	15 12	9 15	13 117	26 128	12 86	18 110	16 113	17 8	11 102	6 15	25 9	3 139	24 69	5 112	29 186	27 42	4 8	1 52	0 177	22 16	14 181	7 10	2 151	8 4
3 96	23 147	11 124	22 168	28 5	27 194	9 195	4 185	17 186	8 122	24 17	25 181	16 42	2 77	13 30	21 25	26 31	29 11	1 44	14 26	0 56	5 147	10 121	20 80	12 123	19 136	15 129	7 111	18 26	6 139
25 39	11 103	28 188	17 27	14 142	26 181	16 6	2 69	6 182	4 194	5 185	15 106	22 64	3 88	27 28	13 45	20 51	0 116	12 19	29 74	19 100	21 170	18 28	24 26	23 65	10 127	7 41	1 105	8 38	9 42
0 184	11 2	29 24	4 2	14 182	5 109	21 15	20 62	7 124	26 134	8 171	22 196	16 133	28 145	17 101	6 96	10 25	24 36	18 125	2 96	1 62	3 153	23 81	13 126	15 32	27 85	9 73	25 185	19 192	12 60
6 183	0 83	21 137	22 108	12 44	1 135	18 71	3 115	17 70	19 165	5 194	24 198	7 179	8 70	11 66	15 134	14 198	25 46	4 15	28 106	13 100	26 45	10 151	2 1	29 181	27 119	9 169	20 157	23 131	16 34
25 161	17 153	18 194	27 91	21 13	3 67	20 168	8 3	22 123	28 58	26 81	5 64	7 154	0 20	4 41	13 96	16 181	2 101	10 98	1 58	12 85	19 174	14 76	29 179	15 21	9 108	6 12	24 199	11 97	23 136
6 197	18 67	19 81	10 139	9 52	8 158	4 52	1 141	21 17	2 137	14 45	27 138	22 74	16 54	23 78	17 74	13 110	5 13	0 113	29 23	24 13	7 102	25 110	12 51	26 61	3 21	20 139	15 189	28 17	11 112
16 147	28 37	7 141	23 19	12 144	2 123	25 189	8 14	18 8	22 182	1 128	5 180	29 136	21 170	9 138	19 69	24 192	11 193	15 177	6 83	4 14	27 105	20 160	13 142	26 120	14 70	17 94	3 48	10 76	0 77
28 100	19 198	3 164	7 101	4 145	1 19	5 195	18 21	10 187	9 179	8 74	12 123	17 174	11 129	6 81	26 29	2 132	23 132	29 91	27 40	20 65	21 170	13 36	16 102	22 190	24 41	0 27	14 79	25 129	15 65
26 157	16 6	22 142	24 35	0 136	14 12	20 74	17 79	2 101	25 130	27 157	8 57	12 124	19 60	4 83	1 200	11 37	15 200	13 4	28 100	10 82	18 81	9 181	21 112	29 44	5 46	23 5	3 30	7 168	6 75
