10	30
24 44	28 58	0 55	6 53	23 55	11 49	26 57	29 52	1 42	8 54	16 46	22 55	17 52	27 55	4 42	10 56	19 57	3 43	9 50	18 49	13 48	12 44	2 58	15 49	5 61	7 49	20 48	14 50	25 49	21 57
20 39	5 51	11 43	10 50	1 51	21 44	2 54	18 52	12 50	4 52	6 50	9 54	24 54	29 55	13 51	15 48	25 60	22 45	27 51	26 48	7 54	28 50	8 37	0 40	14 56	17 43	16 46	3 53	23 48	19 47
12 49	9 55	27 57	25 50	5 50	11 57	15 53	14 56	8 54	7 57	23 56	1 48	21 55	4 52	0 56	16 51	18 51	20 56	2 50	3 42	13 48	17 46	19 47	24 42	6 49	22 53	28 55	10 54	29 49	26 51
21 43	18 44	24 56	12 52	7 51	27 48	26 42	2 42	4 46	5 37	22 50	0 56	19 57	9 55	11 52	13 54	1 54	17 43	8 46	29 58	14 57	28 48	3 47	6 51	10 44	25 51	15 53	16 47	23 42	20 48
20 51	25 51	10 48	0 49	28 49	18 46	13 51	24 47	16 53	8 44	22 42	29 47	23 53	2 52	1 44	5 53	14 52	19 48	3 52	21 52	11 47	9 49	27 51	7 59	12 47	4 52	15 48	6 51	17 51	26 51
7 48	17 56	15 59	18 56	14 50	13 55	5 55	21 51	24 46	19 44	3 41	27 52	11 45	29 45	26 50	1 40	4 37	12 45	23 57	0 47	16 61	6 60	8 53	9 42	10 58	28 50	25 50	20 49	22 54	2 48
2 44	6 44	4 47	1 52	0 56	26 48	8 53	28 52	16 42	15 52	17 60	22 52	20 50	5 44	29 51	27 59	18 49	24 42	13 48	19 61	9 49	10 49	23 52	7 49	12 49	25 42	14 50	11 53	21 45	3 54
22 52	19 54	17 50	10 52	2 44	11 49	12 49	29 38	6 49	26 43	20 51	5 58	14 53	4 47	7 59	8 46	16 56	18 43	21 43	13 45	0 49	27 51	23 55	3 48	9 59	25 57	1 47	24 46	28 50	15 57
17 54	16 41	8 58	6 51	0 48	11 49	29 50	20 44	21 47	26 52	27 49	18 55	15 54	9 44	5 44	14 47	2 54	12 43	28 48	23 52	13 51	24 36	4 55	19 53	10 51	22 57	3 45	25 45	7 51	1 49
4 47	19 54	7 39	3 48	29 54	26 55	0 50	20 53	8 53	14 48	28 56	17 54	16 52	2 59	11 63	24 57	22 54	6 59	18 59	25 51	27 50	1 43	5 48	10 55	13 48	23 54	12 50	9 46	21 60	15 52
