30	60
25 50	42 45	38 47	52 49	49 42	4 53	11 48	21 49	57 48	44 44	17 48	18 51	8 57	16 42	54 49	43 51	56 51	40 51	58 50	29 52	14 50	15 51	24 43	46 45	51 50	3 49	30 47	7 49	33 44	12 48	2 43	45 49	39 56	48 51	26 51	50 50	37 41	10 47	9 46	34 60	41 54	23 53	35 53	55 52	47 50	5 46	1 51	22 52	20 57	27 53	59 49	36 56	53 54	6 42	31 51	13 55	0 59	28 51	19 66	32 49
18 48	47 54	58 51	2 49	27 55	29 37	6 56	23 48	3 49	36 60	37 49	52 61	24 53	14 49	1 52	16 47	57 49	46 43	31 55	56 47	50 52	30 52	53 55	39 42	45 43	48 47	12 55	25 53	54 61	42 50	20 45	17 47	13 62	7 52	5 52	9 42	32 48	21 55	41 47	28 50	19 40	33 53	38 46	34 51	15 51	55 46	49 52	4 46	22 47	43 51	0 55	44 58	40 50	26 53	8 48	59 49	51 58	35 48	11 57	10 40
2 48	18 46	23 55	10 49	28 50	19 56	48 47	14 51	43 52	0 52	1 57	39 50	34 55	4 51	57 50	56 55	54 50	46 54	9 57	59 52	17 57	36 49	51 45	25 48	37 47	49 63	3 47	12 47	55 47	42 43	7 53	22 43	58 51	40 54	8 49	16 47	20 51	50 51	30 46	15 50	53 50	6 42	31 53	11 49	13 49	52 61	41 53	26 53	47 53	29 54	32 47	33 46	45 53	5 50	27 59	44 44	35 60	21 52	24 61	38 55
50 58	56 54	22 50	51 47	35 53	45 56	0 51	27 43	4 47	58 53	21 37	3 48	32 54	14 48	5 49	2 55	52 49	10 48	54 41	47 58	53 51	55 50	25 47	11 49	30 53	17 48	43 58	12 47	42 53	41 51	26 50	49 54	40 53	16 46	20 49	38 46	15 49	23 52	59 61	29 43	31 48	46 43	19 50	8 48	28 57	36 48	57 55	37 53	34 49	6 42	1 51	13 49	44 55	48 53	18 46	9 62	33 37	7 57	24 49	39 44
14 51	13 37	59 58	32 57	56 55	58 64	25 46	50 44	1 52	22 60	29 54	53 45	31 50	33 39	48 45	4 50	16 52	19 52	42 45	54 52	18 46	5 49	51 41	40 56	27 49	36 55	23 51	45 48	9 59	2 42	8 48	46 58	6 49	21 49	39 54	28 54	11 55	12 56	35 50	3 55	41 46	10 52	43 50	57 54	0 46	44 47	7 60	47 53	30 42	38 44	49 50	37 41	34 53	26 58	52 46	20 52	55 44	15 43	17 56	24 46
33 49	38 42	30 54	37 40	18 54	29 57	3 50	15 43	56 50	28 49	48 55	20 53	6 47	23 50	2 49	46 51	16 53	5 45	10 46	11 52	43 47	4 50	27 50	13 48	44 41	34 45	51 57	36 59	41 58	58 47	21 52	32 48	54 48	9 45	40 49	19 43	55 46	22 49	53 51	50 50	52 45	57 47	35 45	25 52	47 53	14 45	45 45	59 46	0 56	31 43	24 42	8 52	39 63	17 49	49 54	1 52	26 47	12 41	42 46	7 50
14 50	59 50	7 48	36 41	33 51	13 44	45 52	31 51	20 58	5 48	47 42	15 54	51 58	28 42	16 51	27 50	53 52	11 52	30 50	25 47	52 51	12 51	4 50	6 50	17 48	55 54	29 57	56 53	2 43	48 43	8 55	22 43	44 50	37 52	32 47	49 52	39 50	26 50	21 46	10 51	50 58	1 53	18 47	46 52	57 46	9 44	3 45	38 45	23 38	41 45	58 40	40 50	0 52	54 45	35 49	19 51	43 57	24 46	42 48	34 65
17 49	6 55	5 50	8 51	35 60	28 58	54 57	32 50	10 49	45 39	51 54	15 48	41 55	16 52	46 51	38 55	9 61	43 52	58 52	49 47	25 43	11 57	22 55	27 51	30 47	36 49	21 46	19 44	37 54	3 52	52 50	4 52	59 55	14 51	48 50	40 46	39 49	55 51	53 53	0 42	23 49	26 48	1 52	50 48	33 46	42 51	47 42	29 53	18 51	13 46	12 50	20 57	24 50	7 47	34 49	56 47	31 52	2 38	57 48	44 50
14 53	21 38	44 56	16 41	49 53	57 49	55 46	22 46	38 40	0 53	3 48	45 46	9 51	53 57	29 53	4 51	47 52	24 44	40 47	51 52	2 47	41 51	28 55	23 43	34 52	17 51	43 46	50 57	1 46	5 54	46 43	35 54	36 39	42 48	58 42	52 48	54 53	30 48	20 53	10 53	7 52	13 54	18 61	6 47	15 46	25 53	11 52	37 48	27 47	48 50	8 46	12 39	31 34	32 44	39 53	59 45	33 61	56 45	19 54	26 48
59 53	27 57	36 61	4 52	37 48	2 42	39 53	46 55	10 49	47 49	28 54	7 50	18 51	13 54	58 50	52 55	56 41	35 50	8 57	30 48	19 49	32 54	0 56	12 47	6 55	5 47	16 46	57 52	14 50	38 48	20 59	24 47	43 50	55 55	9 47	41 44	48 48	42 49	15 52	11 54	44 45	17 50	29 55	54 47	33 45	34 46	1 53	23 52	31 43	25 48	3 54	51 48	45 56	49 55	50 50	21 54	26 46	40 49	22 52	53 51
58 56	4 47	31 55	37 50	1 52	0 36	30 57	5 58	46 39	17 52	26 58	54 48	15 41	38 49	20 55	19 51	11 48	25 56	29 49	12 47	39 45	22 43	16 53	50 46	8 50	53 41	59 49	14 52	24 46	32 50	52 47	41 52	48 51	45 50	28 43	3 46	21 58	33 48	49 50	51 50	13 49	7 53	18 50	57 47	34 55	6 50	40 50	23 48	43 44	27 54	55 47	36 52	56 44	47 44	9 47	2 57	10 50	44 50	35 38	42 48
30 54	54 51	55 50	49 47	31 45	40 49	5 45	0 43	4 53	13 52	34 47	20 51	18 42	14 45	56 46	16 57	53 61	8 49	22 50	29 52	23 48	24 54	27 42	33 47	19 48	57 45	48 50	58 54	59 52	39 43	47 45	28 55	6 42	44 50	2 50	3 54	52 56	36 45	7 49	37 53	10 49	26 49	42 50	38 47	15 47	21 39	32 50	17 45	41 52	45 49	9 51	43 54	12 48	51 51	50 47	35 51	25 58	11 54	46 48	1 45
58 51	28 49	7 47	3 61	10 51	31 56	23 47	21 56	49 54	35 52	5 48	41 51	14 53	22 58	47 45	20 51	54 47	4 50	6 54	26 44	39 51	52 51	8 54	51 48	38 48	24 50	37 53	11 48	19 52	17 61	30 54	42 52	2 42	0 50	43 50	33 50	53 40	27 48	29 52	59 53	44 58	50 49	36 55	9 52	16 49	55 48	25 51	46 44	32 60	1 53	57 50	40 57	56 46	13 55	45 58	15 51	34 55	12 55	48 49	18 48
21 58	30 50	27 45	8 56	15 55	31 51	41 50	22 56	13 53	56 51	50 50	14 48	12 55	3 53	36 61	55 48	7 50	11 63	32 47	40 52	18 42	23 45	42 45	45 50	54 50	2 49	5 42	59 56	29 49	43 51	17 51	44 61	20 43	0 51	6 44	47 53	26 50	34 54	58 54	28 43	35 51	49 48	24 47	46 54	57 55	39 55	51 49	9 45	52 50	10 47	53 58	4 48	16 52	33 55	38 46	25 55	19 49	48 54	37 49	1 43
51 48	3 56	10 47	8 56	37 48	12 55	38 44	52 46	45 58	59 44	34 52	50 62	56 45	25 49	2 49	18 55	6 56	53 44	27 46	58 53	15 46	26 55	23 41	32 45	28 49	36 47	54 43	41 38	46 56	20 48	17 55	57 53	40 49	24 44	42 55	0 55	5 43	1 51	11 58	14 42	31 55	39 49	48 56	16 48	29 55	22 56	7 44	44 53	55 37	33 51	19 47	49 54	9 51	47 53	43 55	13 50	30 49	35 54	21 56	4 50
20 51	47 55	10 50	34 53	58 50	50 49	57 53	28 48	30 45	22 52	17 48	35 51	0 45	40 59	24 50	11 38	18 48	39 52	42 50	46 46	45 52	31 43	55 50	16 55	25 60	48 51	6 48	53 44	38 41	37 49	43 53	2 56	33 58	32 56	27 45	44 55	14 52	26 48	1 46	12 52	29 50	51 40	5 49	8 47	7 50	56 47	3 39	9 45	49 46	15 48	52 59	36 43	23 46	54 44	59 51	21 60	4 50	41 53	13 53	19 56
26 42	38 47	14 47	4 52	55 60	31 42	18 51	59 47	9 42	13 53	41 45	37 42	28 42	22 48	11 57	21 49	15 51	51 48	30 57	46 50	58 53	33 60	7 56	1 55	27 47	23 57	49 50	42 59	10 51	29 43	32 58	16 61	44 53	36 53	52 51	56 47	47 44	50 41	5 48	39 43	45 51	20 47	0 56	17 50	25 52	48 59	19 50	12 57	24 61	43 54	40 53	35 48	54 46	53 56	57 61	34 54	8 42	6 54	3 64	2 54
32 56	46 42	37 46	29 55	21 51	57 56	52 50	16 47	41 43	7 43	22 52	40 46	42 48	6 53	19 48	35 54	26 53	47 55	5 45	0 50	9 52	51 47	25 45	10 49	45 51	30 48	4 46	43 51	55 57	34 59	50 51	53 43	12 48	14 56	15 43	11 50	28 54	58 56	59 42	2 49	3 49	20 39	18 47	1 51	31 45	13 47	38 50	48 49	24 48	36 41	17 55	39 47	49 52	44 53	54 48	33 50	56 50	27 55	23 46	8 56
28 47	32 40	36 45	13 50	34 47	6 47	33 53	16 46	19 44	15 47	18 41	29 58	43 51	55 47	58 47	56 50	7 42	31 46	2 56	49 52	23 46	47 48	41 47	22 49	8 46	51 54	39 48	12 46	37 44	46 50	52 47	48 54	25 48	27 48	30 47	40 58	4 50	38 53	20 49	45 41	35 50	1 47	42 54	14 56	54 47	0 53	44 43	3 47	21 46	26 45	53 46	17 49	50 57	59 48	24 55	11 45	9 48	5 53	10 52	57 49
38 55	3 44	5 51	27 56	26 48	1 61	15 49	16 46	17 51	24 52	14 47	2 47	23 49	12 50	42 46	4 50	36 56	9 43	51 53	46 46	6 43	32 50	11 57	20 50	28 52	56 45	18 52	59 60	8 50	52 52	54 50	29 48	34 39	44 52	33 51	37 52	25 56	48 44	58 53	57 42	53 56	35 52	50 50	43 55	0 51	55 37	45 47	22 44	30 56	39 48	21 45	31 56	19 60	13 44	7 47	49 46	41 49	10 53	47 47	40 53
53 43	38 48	28 54	13 50	26 54	33 54	55 53	11 46	46 49	24 48	18 41	14 42	21 47	31 47	7 57	9 51	43 41	2 52	8 47	20 48	16 61	32 56	17 41	44 47	56 59	45 44	23 49	12 62	10 47	41 52	0 48	30 55	34 47	5 55	49 48	42 57	4 48	47 52	37 47	57 45	35 54	51 51	6 48	27 47	58 47	1 50	22 43	36 47	25 56	3 50	29 52	19 56	52 44	50 53	59 49	15 47	54 46	39 53	48 43	40 54
8 53	15 53	16 55	32 57	33 60	26 53	47 49	36 63	49 55	27 50	6 52	30 42	57 58	53 53	43 54	40 46	34 53	59 53	42 49	22 44	38 46	5 45	17 46	52 42	20 53	11 54	48 50	1 51	55 50	25 41	37 45	19 48	58 49	41 46	39 46	29 47	54 56	46 43	0 39	51 51	18 43	10 46	4 50	56 46	2 56	35 50	45 44	24 46	3 55	14 50	9 51	13 52	44 46	50 59	21 47	23 48	31 53	28 47	12 48	7 55
47 54	6 48	42 46	41 55	55 55	3 45	21 52	35 44	59 50	11 51	26 42	15 56	1 58	16 47	23 47	25 41	48 49	52 57	19 53	58 49	33 52	4 49	2 53	29 48	49 59	0 47	10 56	7 49	28 38	36 47	53 48	20 49	14 52	51 50	34 48	46 51	57 48	22 49	38 56	39 54	56 53	24 44	31 51	37 55	50 52	9 47	27 54	17 52	13 64	30 43	18 54	40 55	12 54	54 44	5 50	43 53	32 50	44 49	8 49	45 59
38 47	20 46	39 57	50 56	11 46	56 49	22 52	16 50	13 47	3 50	9 57	31 53	37 56	2 61	41 54	19 56	4 54	40 49	5 37	10 52	43 54	21 48	30 43	23 48	18 52	49 55	14 45	44 53	47 55	53 55	34 38	27 49	28 55	15 51	45 51	35 44	8 58	25 50	52 43	42 42	48 52	17 51	0 50	32 41	55 51	33 51	54 50	59 62	1 46	58 51	26 45	24 56	12 44	36 55	51 55	7 53	57 47	46 51	6 46	29 45
46 57	1 56	33 44	14 45	55 55	32 48	5 50	22 56	3 48	47 43	0 45	15 49	28 49	35 47	38 49	51 50	34 45	44 51	2 55	58 56	10 56	56 53	50 58	36 41	26 60	25 51	23 41	29 46	4 47	39 59	57 55	6 60	9 58	31 53	45 46	40 54	11 45	16 55	52 48	49 46	54 41	41 53	8 43	24 40	20 50	13 43	37 50	48 46	18 43	19 55	59 48	21 46	43 50	30 56	12 44	17 50	42 50	53 56	7 45	27 54
9 49	41 56	54 49	5 58	40 59	57 57	17 54	25 48	16 51	53 56	1 47	20 38	55 50	46 49	15 53	21 49	4 47	35 56	8 46	58 47	52 46	29 49	2 53	49 52	37 51	26 54	51 50	48 50	30 50	33 55	11 49	23 39	3 55	43 52	32 47	13 47	12 50	18 53	0 42	28 48	47 49	31 48	39 46	7 45	59 52	42 52	19 52	24 54	27 54	6 36	36 45	45 52	10 51	22 46	14 50	44 57	50 56	38 54	56 48	34 52
47 50	15 48	6 51	58 53	59 46	25 56	57 57	50 50	27 52	33 39	23 49	55 53	38 48	48 61	7 48	5 51	16 51	3 48	53 54	22 50	45 56	4 58	32 49	44 56	19 46	1 44	8 41	18 52	14 49	34 43	30 53	0 48	52 49	54 43	40 47	11 46	2 47	51 54	37 49	20 51	13 58	39 51	41 52	26 56	9 53	35 49	12 53	17 55	36 55	49 51	42 44	10 38	21 61	56 62	29 58	31 52	28 61	43 47	24 53	46 53
44 53	26 51	5 40	0 54	25 41	8 55	22 56	56 54	55 43	37 48	17 56	4 48	46 47	40 44	41 51	54 40	32 49	33 48	15 54	29 57	45 48	1 44	7 56	11 49	38 47	58 48	6 49	51 50	9 52	35 55	57 54	39 46	59 52	27 51	49 47	19 52	28 50	12 57	2 53	18 51	43 60	52 48	50 44	14 58	13 56	48 52	31 52	24 53	42 54	34 41	20 53	21 50	53 48	36 47	16 57	23 52	10 49	30 44	47 45	3 61
5 48	43 51	55 51	8 56	10 45	0 54	17 51	30 43	12 52	14 44	6 44	20 46	49 59	19 47	38 51	58 54	52 53	16 53	50 47	27 46	47 51	18 44	21 51	40 48	25 40	33 57	45 46	35 56	44 57	53 40	42 50	54 44	31 56	48 55	37 54	41 52	11 56	24 53	22 53	57 58	26 43	9 63	59 47	7 55	46 54	23 49	1 54	32 51	2 52	34 46	36 49	56 48	51 51	13 45	28 49	29 58	39 43	15 45	4 50	3 47
46 45	9 43	8 41	50 41	56 49	49 47	6 57	23 49	1 52	52 50	3 49	48 56	40 47	36 47	29 55	13 48	44 54	30 53	15 44	22 50	14 50	35 48	10 43	53 48	59 51	37 53	24 48	12 39	25 48	19 42	55 36	34 44	39 44	58 59	17 58	54 55	11 51	41 59	33 52	26 46	45 51	47 50	21 48	51 41	31 47	18 45	27 54	28 46	0 45	32 49	7 51	20 45	16 52	38 49	43 48	42 49	2 55	4 53	57 45	5 45
