50	60
18 172	13 74	39 11	22 27	46 37	21 60	26 172	47 84	36 74	31 184	38 37	16 103	29 132	17 5	27 32	32 134	50 191	0 184	58 127	6 187	10 165	23 124	55 197	52 40	37 88	43 146	20 77	5 186	40 25	24 27	12 73	59 170	33 84	49 33	8 76	41 102	56 78	44 10	15 159	48 15	30 61	34 103	28 118	14 199	45 162	53 138	35 3	42 15	25 30	1 189	9 62	3 102	11 182	54 97	19 137	51 79	7 57	57 159	2 60	4 195
6 22	15 73	34 100	10 193	20 40	42 23	18 18	28 61	50 110	19 173	39 181	29 101	40 37	11 127	7 88	0 159	14 69	36 162	8 99	9 71	21 188	16 23	26 180	47 45	2 27	56 71	45 162	30 112	22 19	38 14	48 63	33 176	44 120	57 122	5 84	4 1	46 90	1 158	17 167	58 36	27 47	49 90	59 131	32 122	12 54	51 162	25 112	43 189	54 134	37 73	41 155	3 77	55 17	13 111	24 27	53 28	52 168	35 19	31 50	23 120
7 80	12 44	22 142	2 72	28 82	32 152	1 124	47 84	21 83	5 24	6 188	46 122	38 67	34 169	33 133	53 95	19 48	55 36	40 92	9 180	59 7	11 101	56 83	18 25	16 57	52 126	23 178	15 63	54 15	43 173	13 185	51 97	45 29	42 83	0 84	49 87	25 108	57 149	29 6	17 66	48 70	35 149	39 94	36 194	41 55	30 127	31 100	58 7	3 24	27 184	10 30	20 53	37 164	4 128	24 50	44 78	26 72	50 60	8 56	14 137
37 133	27 162	46 139	14 170	53 191	12 178	7 40	51 47	10 147	11 172	33 179	55 84	4 112	9 136	39 83	17 42	30 102	5 89	3 173	29 42	50 180	2 3	21 15	42 48	54 1	19 59	28 149	45 129	22 113	20 69	57 122	40 175	8 43	6 68	44 60	48 139	34 126	56 103	59 118	41 143	1 121	26 65	52 134	15 78	23 115	35 69	32 171	0 171	36 70	58 168	18 87	47 136	31 128	13 145	24 185	49 105	43 8	38 190	25 144	16 11
55 28	45 99	4 96	54 90	10 161	12 12	1 185	53 125	31 73	36 60	52 45	28 10	33 60	42 4	56 152	0 67	59 155	3 55	48 169	8 73	35 199	21 170	15 127	22 58	43 18	18 161	13 93	40 155	41 168	44 40	46 7	38 138	37 128	29 35	51 148	9 110	26 175	6 45	19 39	14 97	27 194	34 118	20 150	24 189	16 96	5 29	50 96	39 141	2 8	47 31	58 13	49 34	57 172	32 150	25 52	7 111	17 179	11 43	23 93	30 28
53 128	2 24	35 168	38 59	6 59	36 62	24 97	48 147	47 77	29 120	58 171	22 182	27 71	59 10	54 69	18 75	17 179	30 107	0 145	32 165	39 8	25 84	19 111	9 159	49 10	41 90	10 171	44 89	12 21	31 95	13 90	45 109	52 45	51 15	46 179	5 97	34 177	7 112	3 44	11 141	20 180	43 94	23 177	28 185	56 1	21 172	16 131	55 111	1 131	57 77	14 123	26 171	8 35	50 106	40 199	4 194	42 36	15 106	33 177	37 198
51 158	54 34	14 113	43 67	20 155	49 72	29 48	18 78	35 21	21 109	25 17	8 111	34 81	57 2	59 131	52 168	55 74	38 17	39 166	47 128	28 65	9 186	3 155	46 99	6 123	0 148	53 85	26 74	40 90	11 69	10 107	5 62	23 120	7 33	4 48	13 100	45 189	27 40	36 25	33 181	12 154	44 67	48 26	31 124	19 54	17 86	42 3	1 57	2 135	24 152	22 185	16 187	32 148	56 148	37 47	41 124	58 127	15 106	30 59	50 61
38 94	47 69	48 5	49 110	45 185	27 55	15 153	7 165	29 37	8 3	0 162	16 98	39 85	50 97	59 78	14 175	9 21	36 173	58 122	52 120	40 156	5 94	32 32	11 27	43 135	12 109	23 162	51 63	13 91	21 138	18 94	6 67	1 96	25 22	28 83	57 92	24 125	17 153	46 170	34 101	2 140	20 153	30 136	53 95	41 159	55 58	44 150	10 144	22 106	33 125	42 87	31 13	4 84	37 2	35 31	54 34	19 107	56 160	3 149	26 98
8 187	18 103	13 189	59 87	23 47	38 106	32 100	55 17	39 6	4 136	48 22	0 39	29 87	58 38	43 113	46 132	53 105	19 110	26 121	45 177	17 113	22 34	25 130	20 195	56 198	30 25	5 110	34 187	24 18	49 177	7 123	51 52	6 155	54 147	27 47	41 80	42 83	35 144	31 158	33 42	12 77	50 33	37 120	52 103	16 117	15 167	36 78	10 171	9 136	14 178	28 21	47 181	3 159	21 47	1 17	57 68	40 141	11 96	2 24	44 1
35 10	50 130	13 67	37 149	9 162	28 63	46 129	14 69	34 111	55 90	11 171	6 36	44 92	42 66	17 148	31 24	2 81	18 165	15 186	40 108	8 39	1 67	23 12	7 86	32 116	19 65	52 133	0 19	5 86	27 166	49 151	24 72	16 153	57 170	21 73	53 81	20 85	29 43	30 185	26 33	59 8	25 138	45 143	39 146	3 104	36 125	43 99	51 24	54 187	10 5	12 47	22 45	48 9	4 50	58 144	38 183	56 14	41 168	47 15	33 73
45 70	52 119	7 96	36 140	29 70	57 57	32 85	18 45	14 156	20 10	5 124	9 145	2 190	54 30	10 175	12 29	6 195	15 193	33 193	17 10	8 131	26 145	39 147	3 130	38 117	58 115	35 149	44 141	24 107	46 112	50 81	53 65	48 200	23 65	28 88	51 39	42 117	22 184	27 28	13 112	11 144	21 110	25 92	37 145	4 71	43 9	40 22	41 122	34 79	1 2	31 32	16 21	49 3	56 137	59 98	0 35	55 98	19 35	30 157	47 153
20 58	25 145	42 30	52 94	35 179	24 76	33 12	48 89	28 7	51 34	59 198	9 2	49 73	50 195	5 66	11 22	31 8	46 144	2 181	58 80	21 58	41 24	36 136	3 145	10 11	6 63	22 153	56 123	47 46	54 111	1 110	57 111	14 115	26 20	45 88	27 2	17 53	55 104	34 152	37 27	7 121	43 148	4 38	12 127	15 177	44 174	18 125	23 150	30 175	32 73	29 123	40 1	38 189	53 77	8 75	13 195	39 111	0 46	16 183	19 175
12 108	15 92	38 176	51 180	25 121	7 159	52 99	1 97	48 3	58 4	53 122	44 86	40 40	0 97	22 83	13 81	5 103	56 178	42 31	37 149	46 167	8 17	39 135	55 79	47 178	54 25	10 71	16 117	59 49	24 184	35 125	29 48	26 56	30 94	9 49	49 188	32 109	17 120	57 126	3 34	18 132	20 144	43 23	4 87	11 29	34 47	23 111	36 30	33 196	19 167	21 103	31 130	14 91	6 138	27 2	41 114	28 181	45 98	2 145	50 53
56 60	42 26	33 173	11 10	13 168	49 74	48 169	15 70	52 183	28 130	46 94	27 123	6 123	8 11	24 179	22 70	51 86	41 147	14 40	34 102	5 37	3 12	58 23	57 95	37 26	31 200	39 108	7 5	45 153	38 157	1 163	55 192	12 46	19 162	9 111	2 195	16 151	4 155	36 40	23 75	10 145	59 163	32 68	20 27	35 198	18 120	21 55	53 109	47 93	44 27	54 64	29 129	43 161	0 12	26 104	40 151	25 3	17 99	50 22	30 176
2 161	15 157	22 195	45 80	10 188	36 109	30 157	1 198	56 153	42 29	55 124	7 127	21 72	25 121	28 179	48 108	13 190	6 109	39 49	31 110	33 96	8 54	26 53	38 156	54 49	46 153	27 95	43 9	59 44	53 64	51 155	20 190	41 160	4 171	24 76	0 193	47 94	35 67	50 72	9 24	19 29	49 150	32 170	58 144	3 121	14 36	44 197	29 177	23 64	11 73	5 132	17 102	57 156	37 197	34 76	52 33	40 111	16 6	18 155	12 117
24 9	32 117	26 182	45 136	36 193	51 155	46 195	39 110	55 91	6 8	0 99	22 139	11 196	40 65	33 116	43 4	4 22	44 6	18 81	34 32	54 78	14 127	3 29	20 76	57 91	30 5	58 106	59 32	49 53	13 163	16 116	15 176	2 28	25 98	5 108	29 104	17 143	8 125	31 158	1 184	23 169	7 91	48 37	38 58	9 5	53 3	56 77	37 5	10 88	47 4	19 116	21 120	12 171	28 146	52 84	41 3	50 77	42 77	35 161	27 4
13 55	42 108	34 46	31 37	22 180	28 178	23 143	7 2	35 130	29 144	27 88	37 32	26 110	30 170	39 35	33 102	18 148	40 64	20 195	5 9	45 85	1 129	51 167	8 128	4 170	56 104	49 88	46 184	9 65	17 87	58 160	16 119	54 119	15 176	47 129	55 150	10 40	24 118	48 180	0 184	43 158	14 115	41 150	25 50	36 139	38 155	52 78	44 104	59 183	32 117	3 24	57 75	11 112	12 174	6 142	53 169	21 131	19 11	2 103	50 5
48 114	1 185	19 159	23 114	55 191	43 154	45 178	15 157	0 59	26 193	58 34	16 28	11 65	59 142	36 115	56 128	3 95	21 96	54 126	57 88	40 187	33 7	7 9	30 42	53 30	8 168	18 106	20 172	10 167	6 134	27 26	34 49	39 132	47 124	50 47	52 2	5 172	46 154	24 111	37 51	35 177	42 114	44 144	12 89	49 10	51 13	28 5	13 20	29 4	25 124	17 174	9 176	4 170	22 181	14 110	38 177	32 71	2 144	31 60	41 117
37 97	57 164	24 76	50 93	19 78	40 172	10 143	8 71	5 187	4 181	13 42	49 24	52 46	12 23	54 69	29 132	0 71	32 177	15 145	7 79	56 193	6 112	2 120	1 96	27 108	59 158	48 100	17 2	42 198	33 70	43 24	38 56	23 128	20 191	18 11	53 143	46 134	41 49	45 94	14 87	51 190	58 104	11 66	26 38	55 137	22 35	16 117	3 72	21 79	30 39	36 92	47 36	34 48	44 95	39 103	9 72	25 7	28 86	35 108	31 197
30 87	22 92	59 14	45 9	51 80	28 134	42 148	20 122	3 3	5 63	47 41	18 145	4 10	36 1	26 52	9 89	32 128	13 140	52 126	38 97	2 161	10 108	12 167	6 163	1 43	57 163	46 32	25 99	14 31	54 178	34 21	24 15	19 1	23 98	55 67	21 159	50 25	31 121	11 110	35 11	8 88	40 29	58 54	16 193	0 137	39 100	44 126	33 22	48 89	15 110	37 176	49 77	27 142	56 111	43 155	17 138	41 35	53 193	7 34	29 174
57 8	49 49	37 27	9 138	25 156	43 46	52 117	0 48	47 31	21 60	29 30	36 146	3 41	23 195	26 22	41 65	31 108	24 30	20 31	28 112	45 112	32 164	50 60	19 131	56 153	1 95	35 38	16 177	46 165	42 126	53 10	27 53	12 62	44 175	17 185	58 134	6 112	48 174	54 54	8 81	5 153	39 74	2 159	18 195	40 150	51 18	13 21	55 46	33 156	34 162	14 142	4 70	59 127	30 142	7 48	38 98	11 24	10 15	22 177	15 150
0 45	38 134	2 133	53 21	33 54	43 181	57 168	46 22	3 187	35 124	37 129	28 40	10 166	24 200	55 126	49 41	36 184	25 28	11 171	5 105	21 165	34 140	23 57	12 108	4 11	51 101	42 55	27 45	17 98	32 76	18 29	22 184	54 172	44 37	39 113	13 155	47 68	20 6	8 192	29 195	6 175	40 144	41 44	1 135	56 178	59 50	58 126	16 69	26 91	14 29	31 158	15 84	45 169	7 65	50 41	30 127	48 194	52 9	9 19	19 199
33 194	29 9	26 190	21 145	2 148	38 82	35 14	1 86	53 141	58 191	55 78	37 162	44 126	14 34	3 101	23 126	43 80	51 50	54 151	17 11	50 172	48 176	8 65	49 87	20 117	16 130	40 56	30 187	59 96	42 140	32 110	52 180	56 135	5 143	19 132	36 2	10 140	45 54	25 186	39 51	34 76	24 25	13 73	12 24	18 165	27 131	22 59	47 193	7 116	57 171	46 180	28 24	6 58	11 131	9 12	41 14	4 156	31 72	15 68	0 135
49 175	52 9	59 84	58 50	28 175	38 48	21 153	17 98	22 104	26 91	30 138	45 43	8 112	14 44	53 17	7 91	34 154	56 63	41 91	15 131	48 90	50 7	12 79	44 163	43 44	55 142	5 57	37 64	20 176	13 130	24 156	35 39	0 188	42 127	4 159	3 25	33 24	10 74	32 124	27 173	16 183	36 90	11 164	2 120	40 156	47 115	1 76	39 146	6 181	54 114	29 101	25 57	19 51	57 30	23 122	18 195	46 9	31 116	51 73	9 3
17 142	54 116	58 182	1 63	31 113	35 23	8 85	29 123	49 44	12 106	41 131	51 36	30 158	37 145	53 21	4 12	28 46	46 79	42 184	44 11	50 52	3 47	52 4	56 92	32 79	20 175	23 125	10 85	38 182	25 67	36 39	22 184	5 52	24 190	21 172	2 56	18 176	16 98	0 163	48 173	9 86	33 72	47 155	7 101	43 125	57 5	13 126	14 155	27 64	45 184	40 125	55 61	59 23	39 73	26 186	34 4	6 115	15 164	11 75	19 85
6 8	37 85	47 168	42 156	15 16	10 75	9 26	58 155	53 129	11 154	21 78	23 82	35 74	33 184	27 53	32 194	24 152	22 153	3 34	13 94	43 169	39 28	14 107	30 38	45 94	7 94	0 192	59 33	4 64	46 104	25 145	49 47	57 157	44 176	26 29	50 77	12 11	40 2	17 105	56 166	41 25	31 174	20 137	19 130	29 31	8 177	48 189	55 76	36 32	5 68	54 18	18 146	38 139	1 152	16 175	52 17	2 27	34 181	28 128	51 127
8 138	42 72	16 25	33 69	10 83	11 85	30 60	51 182	20 106	37 143	55 195	56 143	15 191	59 47	7 72	34 46	54 152	0 114	57 68	50 62	36 123	3 81	41 162	18 115	21 101	9 160	35 155	28 30	5 174	29 59	26 117	38 194	19 112	2 198	6 75	17 51	44 82	53 13	52 62	22 180	4 142	23 35	49 200	31 158	24 17	25 177	46 8	39 179	14 43	1 5	40 168	12 56	13 162	27 147	47 143	32 115	43 125	48 161	45 80	58 124
6 29	48 76	9 118	42 117	29 78	20 59	3 20	37 39	18 101	38 61	51 187	44 194	17 170	56 102	58 91	23 109	49 89	16 104	33 39	59 25	19 106	31 24	0 4	57 124	41 29	7 44	28 24	35 18	45 112	32 1	5 31	13 175	4 47	26 171	36 93	12 23	2 9	43 188	54 48	8 172	52 96	53 149	27 139	24 136	25 125	22 175	30 166	50 128	14 137	11 185	39 59	40 76	34 141	21 105	10 130	15 163	55 69	46 166	1 107	47 196
9 111	3 64	21 86	35 140	54 175	24 170	25 168	39 39	55 191	23 75	34 39	49 131	2 16	28 98	42 132	33 191	20 46	50 100	27 53	18 54	0 141	14 158	41 8	30 2	37 79	17 41	12 52	57 96	31 75	46 55	38 197	15 62	11 187	51 197	58 123	32 189	7 95	26 59	52 85	5 123	40 10	22 112	59 145	19 182	53 74	48 119	36 64	45 7	6 147	29 136	56 103	43 38	1 60	44 148	10 44	13 31	47 180	8 120	16 29	4 167
21 4	18 113	54 94	43 110	39 118	0 191	1 104	27 200	33 152	50 190	22 24	14 160	56 131	36 88	30 72	32 195	10 46	9 135	2 44	6 197	42 70	44 43	31 22	47 130	59 101	29 16	15 144	38 166	34 105	23 71	52 7	46 126	19 198	4 146	58 66	37 101	53 68	16 38	12 30	55 148	49 53	24 68	41 72	45 143	7 179	28 182	35 113	20 173	51 16	25 58	57 155	17 120	11 110	8 10	5 18	48 118	3 143	26 191	40 171	13 19
46 175	25 200	43 67	41 118	32 70	27 130	6 165	44 58	56 177	50 156	59 183	29 66	35 72	16 93	17 133	40 58	36 118	21 116	53 106	13 142	57 182	39 194	48 112	45 67	37 5	33 38	54 22	26 144	8 132	34 121	23 197	11 128	0 62	31 137	38 104	14 43	18 154	22 180	2 165	19 131	49 104	30 11	3 65	52 44	1 106	47 2	28 49	9 16	51 127	5 79	7 176	55 108	4 12	24 61	20 96	58 98	15 155	42 164	12 55	10 53
13 10	4 75	47 170	36 195	42 26	18 67	1 190	38 178	10 78	34 26	28 42	30 188	29 178	27 8	24 111	16 86	51 162	3 75	7 60	21 142	49 28	43 146	2 110	31 84	20 30	32 47	39 136	57 136	23 165	35 18	8 111	25 190	55 137	17 99	59 196	15 160	12 21	0 48	11 120	44 31	26 61	53 33	40 5	45 42	5 127	56 79	14 25	6 26	50 135	58 24	9 136	48 46	33 83	54 195	41 110	52 80	22 40	46 84	19 16	37 105
55 100	12 175	37 159	0 135	41 4	59 27	57 194	25 7	56 56	19 114	28 197	34 59	13 145	15 3	11 67	33 112	30 129	58 15	16 197	23 76	2 128	38 140	8 129	52 183	26 71	35 75	29 54	10 85	39 44	44 88	40 58	4 92	48 62	43 40	27 129	1 152	3 45	22 35	9 114	45 176	20 174	42 171	47 2	5 152	51 7	24 65	6 99	31 117	14 187	36 97	50 148	32 18	18 102	54 194	21 46	17 12	7 97	46 51	49 38	53 147
2 100	45 14	9 50	7 125	18 178	40 10	35 59	36 73	5 77	10 192	51 15	16 85	56 133	41 196	15 169	25 48	30 59	1 25	47 120	37 103	52 136	13 31	58 191	14 151	6 196	59 25	46 176	17 128	55 60	29 42	23 54	24 74	54 61	44 35	0 200	53 48	27 66	32 148	8 93	50 40	28 131	22 94	11 74	57 113	31 143	21 36	34 157	49 79	26 1	33 54	39 191	48 146	43 122	4 119	12 133	20 141	3 143	19 48	38 8	42 54
20 150	48 198	27 85	4 198	42 24	19 1	0 123	53 64	7 9	32 117	56 163	5 157	34 28	36 138	57 165	44 109	3 137	16 74	43 47	2 3	25 90	52 158	51 159	13 27	50 101	24 30	47 98	28 15	38 23	23 98	15 134	26 137	8 77	59 101	45 9	12 183	40 6	18 191	30 27	33 102	1 12	17 39	29 2	58 152	9 2	39 180	37 63	21 81	14 191	49 74	35 51	10 111	41 49	6 54	11 39	55 174	31 50	46 109	54 23	22 132
14 83	17 64	5 33	40 150	9 21	59 48	4 8	49 121	50 155	37 191	22 58	11 93	32 132	45 128	35 96	23 13	19 53	29 174	34 5	26 124	7 128	56 69	25 37	3 76	43 199	47 21	6 5	54 88	24 154	46 57	1 78	12 15	48 13	53 57	15 10	16 72	38 51	33 43	0 40	27 28	58 172	44 143	21 98	42 61	51 164	55 93	52 85	39 80	8 177	13 15	2 20	36 27	20 107	41 154	18 144	31 35	28 54	30 44	57 78	10 183
0 130	53 105	21 23	42 15	3 52	34 22	37 76	17 121	26 136	23 104	19 195	39 126	7 43	29 186	12 140	30 140	38 111	4 157	13 115	50 90	18 97	48 130	6 133	59 200	56 94	43 182	33 117	27 7	9 5	11 95	58 10	15 38	31 7	40 21	52 92	8 99	51 165	36 66	20 147	14 158	2 123	55 153	5 13	1 158	44 190	45 169	57 80	24 100	41 79	16 135	49 60	47 23	25 126	54 104	28 118	10 67	32 163	22 150	35 121	46 51
20 116	54 199	9 44	25 197	31 86	1 95	15 49	50 3	23 69	28 187	18 149	47 183	29 187	17 176	13 182	5 123	41 132	22 69	58 120	16 137	14 79	10 122	21 117	43 91	8 56	57 148	46 120	42 91	55 56	6 119	59 125	11 114	24 162	48 31	49 33	53 11	56 186	36 168	35 143	38 86	12 42	52 50	51 13	33 30	26 47	7 28	3 182	30 157	2 130	44 114	32 139	37 13	40 134	27 82	0 72	19 24	39 58	45 170	4 35	34 137
43 131	48 97	39 41	19 179	17 132	41 8	51 130	59 13	24 7	45 47	9 63	3 166	15 104	21 83	8 67	55 108	44 10	11 182	57 104	53 189	36 41	35 79	38 191	30 9	46 85	20 112	23 177	31 159	27 103	34 133	28 71	40 121	6 39	50 43	14 143	12 194	5 110	54 23	58 139	10 181	26 88	49 77	18 188	0 68	25 124	47 20	29 157	16 121	52 73	4 159	42 51	56 31	32 189	33 93	13 143	22 74	2 36	37 63	1 176	7 135
43 50	29 51	22 11	44 81	10 197	50 149	6 139	51 32	25 25	49 113	31 178	5 36	2 40	15 92	35 116	53 104	13 174	12 30	47 12	32 177	42 79	4 132	54 142	46 44	56 170	40 198	9 58	20 139	52 43	28 104	8 6	1 179	36 102	24 70	57 125	14 120	19 63	21 51	55 72	26 41	11 67	3 53	17 128	23 24	34 125	37 139	45 89	48 62	41 200	58 189	7 66	30 179	16 163	0 28	33 177	27 179	59 133	18 189	39 106	38 120
34 132	27 121	49 81	40 110	39 153	8 81	58 198	26 90	36 17	31 76	12 93	16 34	28 18	44 129	6 50	52 91	0 100	2 164	13 128	41 9	56 63	20 65	3 53	47 11	30 184	55 69	48 8	59 65	57 78	54 84	35 33	53 112	43 88	17 49	19 129	7 86	32 200	9 74	51 61	10 192	21 120	11 189	33 18	23 135	50 79	45 169	18 134	46 140	22 135	4 170	38 163	1 163	37 160	14 7	25 77	42 105	15 5	24 55	5 50	29 123
4 22	6 123	30 3	48 80	13 41	50 96	58 179	42 148	46 124	51 130	59 80	41 93	33 108	34 147	10 43	20 195	32 125	26 141	43 114	36 50	21 21	56 161	37 171	27 33	16 134	28 103	44 35	49 34	35 77	57 128	52 33	1 165	45 107	53 48	11 145	0 38	8 120	23 65	54 179	7 112	22 165	31 102	18 120	2 102	40 54	15 166	38 180	9 51	25 151	14 27	12 127	24 131	17 69	29 95	39 20	55 135	19 171	3 29	47 121	5 45
35 111	40 28	15 184	47 99	4 175	20 140	53 16	23 129	11 180	7 53	37 124	57 73	2 51	5 10	3 34	24 123	18 98	22 139	29 30	50 87	36 183	41 2	28 157	26 112	0 38	52 52	13 78	9 74	27 194	12 169	6 190	58 148	1 54	32 106	16 14	56 98	38 47	49 142	51 14	46 125	21 44	25 22	17 184	44 109	55 166	31 157	19 172	45 183	34 181	54 135	10 121	8 175	59 74	33 72	48 116	39 200	30 127	43 17	42 57	14 168
13 7	1 177	4 36	34 136	47 79	57 129	51 60	29 8	15 158	24 67	6 67	41 128	3 91	50 189	0 99	11 188	48 22	32 17	46 159	25 2	22 86	19 175	37 147	39 165	26 129	21 26	31 134	7 26	33 96	35 92	44 29	23 180	38 42	43 79	53 157	58 190	8 178	28 21	54 191	10 169	36 111	59 114	5 79	14 169	42 192	52 99	40 4	17 149	49 195	20 144	9 181	12 103	45 155	30 11	18 63	16 175	27 112	55 114	56 165	2 177
37 140	15 162	41 189	8 177	47 42	38 101	14 63	39 165	45 118	10 35	16 81	33 125	1 59	32 145	6 40	17 108	58 110	5 100	21 199	57 121	54 7	12 148	2 9	13 199	27 123	31 188	53 65	49 194	35 105	26 129	48 89	11 133	9 92	56 27	7 4	51 123	19 31	55 20	44 23	3 175	29 80	4 24	20 2	28 105	59 101	50 79	36 62	0 128	23 107	30 200	34 188	40 196	42 42	43 57	25 58	52 84	22 182	24 68	46 29	18 2
4 137	38 163	10 98	2 74	28 124	31 110	12 104	33 55	18 17	17 128	47 78	27 186	23 72	43 151	6 30	22 142	24 80	35 147	3 156	48 194	21 54	42 8	7 113	26 128	13 65	36 135	16 86	37 99	25 12	39 40	14 109	8 2	54 18	59 77	46 108	52 71	15 93	11 187	20 190	41 40	5 58	50 59	51 101	32 88	55 88	56 163	40 108	53 69	44 182	9 126	34 53	58 105	45 147	49 33	19 183	0 198	1 76	30 151	57 18	29 80
19 114	41 196	13 114	36 94	56 139	42 159	29 77	2 195	55 99	53 32	18 95	57 159	28 183	10 102	21 169	43 57	8 41	52 15	5 131	6 115	47 124	32 13	46 71	3 173	50 131	23 143	1 128	20 42	33 120	40 59	0 33	16 171	9 23	54 180	48 3	38 177	14 193	51 44	44 44	59 55	4 41	25 16	7 90	49 82	45 184	12 34	26 55	30 198	37 9	58 117	24 93	22 58	15 25	39 95	35 176	17 97	27 51	11 48	34 196	31 169
57 62	35 119	11 7	48 162	56 47	49 82	10 80	50 131	38 161	22 149	17 155	54 60	30 114	15 99	41 177	52 33	24 107	3 152	13 184	59 21	19 154	46 11	47 118	16 170	31 16	23 136	58 104	2 68	4 97	26 2	51 123	7 143	33 173	18 138	39 104	44 169	55 196	36 131	9 47	37 112	53 170	42 28	27 88	43 113	8 88	6 99	20 85	45 157	32 44	25 134	28 111	40 183	14 121	1 5	12 60	0 89	29 127	21 56	34 154	5 117
44 40	8 167	53 178	42 42	31 21	30 25	11 144	41 105	9 14	28 175	20 35	3 150	38 114	51 189	6 64	1 9	23 154	39 39	21 82	13 63	46 31	10 121	14 67	56 29	12 156	16 34	22 146	15 180	0 90	50 19	5 172	7 13	32 198	29 68	4 140	18 137	19 151	26 167	55 184	40 154	25 127	34 169	58 73	17 84	24 9	27 184	59 6	35 109	45 63	37 46	54 182	52 36	33 116	49 181	47 40	43 131	57 47	2 68	36 4	48 1
13 110	20 104	38 54	35 131	47 126	25 186	30 131	6 151	41 136	33 182	34 117	4 70	10 141	26 48	29 51	8 54	2 168	1 178	32 161	31 10	28 161	46 69	17 184	53 78	12 110	48 197	9 4	11 71	23 149	43 89	58 144	37 190	39 17	50 185	55 142	21 70	44 44	45 87	19 56	36 52	54 166	14 100	40 138	24 179	16 101	18 132	0 86	3 26	59 151	27 3	56 9	5 121	57 189	15 6	22 191	49 67	52 168	7 103	51 42	42 162
