70	100
97 68	48 182	29 128	69 178	90 105	6 14	81 122	0 46	43 86	70 16	76 33	17 154	98 18	59 127	19 62	32 196	11 27	34 160	27 102	61 88	46 28	91 172	30 40	56 170	65 141	88 158	63 101	1 40	38 191	78 176	82 154	64 17	96 26	57 168	26 113	54 185	4 19	2 55	44 120	37 1	16 169	36 103	8 183	89 188	10 22	73 149	3 28	35 27	15 184	52 88	41 11	28 130	5 148	94 168	93 101	75 177	95 46	68 121	66 69	18 97	99 98	79 70	84 147	74 151	71 146	85 103	53 150	7 48	13 122	33 115	47 116	62 167	86 182	80 1	25 170	14 101	12 6	58 39	39 28	77 200	42 61	23 175	49 7	72 71	87 187	20 153	21 52	31 53	45 171	55 180	24 80	67 165	92 96	40 93	50 151	22 94	83 31	51 129	9 143	60 97
92 95	46 16	42 11	84 61	35 97	95 144	89 165	79 120	77 44	59 48	39 21	94 113	4 59	62 134	14 130	63 160	58 40	10 7	6 134	24 138	80 79	5 164	13 37	47 163	22 142	48 36	15 111	44 61	32 91	50 101	91 140	18 171	11 19	69 81	1 185	82 138	0 64	88 180	23 163	7 189	86 140	45 61	29 72	20 25	52 179	98 124	93 199	71 171	76 104	3 143	40 62	61 101	41 102	37 69	43 176	28 190	60 32	27 144	97 68	72 196	36 101	66 54	78 16	54 154	87 120	56 61	67 150	26 9	53 45	25 139	73 78	34 10	16 141	31 171	74 131	12 167	51 54	64 102	21 175	85 55	9 183	30 12	55 181	38 24	90 147	2 5	68 135	33 174	70 111	8 146	83 91	99 144	81 59	17 197	75 181	96 135	49 17	65 41	57 151	19 33
6 158	52 63	45 199	3 36	42 146	44 9	98 57	2 113	11 42	31 22	29 143	84 174	93 29	18 31	59 67	51 191	72 112	57 116	43 86	7 147	82 18	9 2	77 123	56 85	80 188	28 177	78 97	60 78	10 33	12 190	33 23	22 87	13 62	65 5	76 6	87 103	75 120	46 197	47 82	1 106	16 33	71 27	26 137	83 169	24 139	62 72	53 67	97 132	74 143	35 16	20 151	90 89	39 67	86 196	67 193	85 10	50 168	5 195	88 199	21 164	64 186	58 186	27 43	73 1	54 154	0 108	94 31	69 63	99 28	41 70	63 70	49 27	55 142	48 143	68 77	61 80	30 122	25 143	36 111	89 81	19 167	14 94	17 117	8 136	37 180	66 3	70 199	4 192	34 165	15 70	23 145	32 151	96 76	79 140	92 88	40 187	38 49	91 35	81 165	95 23
77 4	82 176	37 136	52 10	55 174	54 38	16 21	72 182	66 35	9 59	62 38	64 36	58 75	6 159	63 138	0 37	33 141	30 140	95 104	15 89	45 177	24 116	57 46	90 123	1 31	21 9	3 134	61 46	35 44	12 48	39 87	44 128	81 30	94 19	85 121	5 117	76 135	67 84	42 113	73 155	11 78	91 94	48 145	46 171	23 150	28 40	40 45	78 65	14 31	38 18	26 71	84 36	25 7	87 127	65 71	79 200	56 32	83 29	50 50	41 137	68 185	92 134	4 25	80 178	22 67	34 53	32 83	93 132	75 112	60 74	69 69	31 162	2 200	8 121	53 143	18 25	98 5	71 97	13 58	86 191	96 129	49 27	20 136	47 23	10 150	89 38	70 118	99 99	17 183	36 6	74 45	51 191	59 84	7 120	19 189	97 95	88 103	29 23	43 68	27 42
83 157	2 138	51 191	1 153	64 54	47 197	41 157	74 192	65 180	33 135	88 183	29 156	95 12	62 41	8 47	73 161	20 122	75 109	4 90	34 51	46 78	68 178	81 101	19 45	94 110	23 41	52 49	6 126	77 161	21 41	27 152	40 134	43 34	70 1	9 144	58 25	61 164	31 99	49 189	18 84	76 37	72 29	36 185	22 30	82 13	16 127	71 2	15 41	28 129	87 7	53 137	50 94	39 121	13 176	60 19	59 110	42 162	57 108	25 98	44 125	7 186	79 72	5 20	93 105	3 200	86 117	69 49	35 63	24 106	14 2	96 57	85 80	56 85	12 38	78 80	97 145	91 64	38 114	99 153	10 182	90 5	0 187	26 56	89 133	11 130	66 141	30 29	48 69	55 177	32 185	92 181	84 68	80 176	37 153	98 58	17 64	63 107	67 48	45 153	54 71
19 148	77 134	9 111	67 196	91 62	26 59	92 123	50 80	93 104	56 37	70 99	23 61	17 70	81 6	7 12	69 108	8 31	94 9	84 42	35 22	97 189	4 192	89 108	33 33	86 181	37 124	34 11	2 66	66 26	73 104	31 123	20 62	45 197	59 80	43 112	74 95	16 171	95 65	36 104	1 64	78 89	62 96	98 195	58 87	27 26	82 96	24 109	60 145	87 171	18 105	83 63	79 107	40 19	5 42	65 136	53 67	55 175	49 121	22 74	41 94	96 37	85 45	0 135	75 80	90 126	21 9	32 194	6 186	68 189	10 143	38 142	14 32	61 111	48 138	25 1	57 49	15 37	52 139	42 191	76 196	46 97	11 75	30 118	12 70	72 87	71 154	13 192	28 123	64 17	88 43	80 47	99 112	54 130	63 151	47 49	39 138	29 143	44 40	3 125	51 89
30 1	42 99	89 171	64 47	73 27	48 160	74 156	51 5	39 153	35 89	81 18	5 4	71 66	15 134	95 185	92 34	54 98	76 50	87 94	13 54	44 162	50 177	99 105	60 49	53 80	11 53	1 11	21 51	12 50	14 21	75 179	68 38	32 101	91 95	27 32	19 66	63 54	33 108	41 90	52 178	8 117	25 159	40 31	0 132	78 28	70 52	16 31	2 6	6 106	97 140	20 52	18 31	96 107	59 43	26 2	82 176	77 171	10 98	66 14	23 36	90 60	17 156	43 82	83 110	69 30	38 126	24 1	85 50	34 30	49 129	88 47	98 104	9 59	29 173	62 103	56 119	31 176	72 14	67 182	36 19	57 174	79 124	46 15	28 85	61 135	45 50	22 188	55 28	58 193	86 8	3 102	80 54	4 87	94 92	47 120	65 154	37 163	7 46	84 149	93 20
13 150	75 166	30 129	7 34	89 112	35 111	49 58	90 121	18 89	31 160	85 70	43 154	46 121	27 160	84 179	24 14	39 169	61 198	16 124	1 153	69 133	77 12	29 171	20 129	95 78	5 179	88 8	23 75	17 105	9 38	25 103	36 25	2 48	57 139	98 153	72 17	53 35	59 113	63 181	67 175	8 20	70 185	40 35	81 66	92 115	28 38	45 73	54 174	42 69	10 88	62 42	91 20	38 97	74 18	93 102	32 80	97 29	0 76	44 145	83 17	6 175	55 107	48 142	68 76	51 41	47 131	12 13	50 74	19 183	94 152	26 166	4 10	41 45	71 191	73 124	78 94	3 54	58 40	14 129	76 56	22 70	15 87	60 86	11 15	21 145	56 139	34 81	79 198	65 133	96 169	87 186	66 40	80 149	52 122	33 35	86 5	64 63	82 128	99 192	37 168
29 33	31 127	44 127	5 144	97 141	26 62	2 81	98 108	28 154	61 169	84 81	94 115	10 128	21 74	0 147	77 118	48 129	57 166	47 127	70 45	78 42	73 143	20 18	85 193	68 96	42 35	92 167	83 52	14 99	6 74	27 39	71 1	88 134	58 2	90 140	4 94	51 95	65 164	13 138	35 125	52 108	46 105	72 58	99 108	18 121	82 11	1 128	15 20	50 136	66 151	69 125	63 164	24 179	30 70	37 40	32 180	9 102	49 71	79 191	86 131	39 102	8 193	54 82	23 163	25 101	53 157	64 2	74 24	81 141	67 195	76 105	16 195	12 4	36 121	22 6	96 60	33 158	56 87	59 121	34 67	41 117	80 17	55 78	3 131	45 14	17 193	89 189	93 19	95 38	91 3	87 130	60 7	40 2	38 111	11 19	19 102	43 3	7 155	62 129	75 110
97 159	90 168	80 4	79 35	49 61	6 74	58 129	72 28	13 121	17 56	34 56	26 52	91 63	50 178	31 97	65 148	3 140	45 13	30 195	63 173	99 3	41 153	82 60	61 90	77 83	7 125	89 26	21 61	0 101	98 139	59 74	66 188	54 183	74 61	87 175	56 177	37 89	60 66	51 43	85 21	76 3	84 125	43 25	5 67	93 141	92 22	38 137	15 89	86 88	36 74	10 92	33 123	44 190	64 153	22 35	47 106	81 59	53 104	78 77	94 134	55 107	35 67	18 123	28 163	88 90	24 129	27 141	40 145	83 24	14 131	75 105	68 100	2 140	19 143	46 24	69 41	52 160	1 200	73 148	95 34	57 196	16 122	29 145	96 22	8 24	48 158	11 98	9 96	32 119	71 106	70 177	25 5	4 46	20 100	23 116	39 135	12 98	67 159	62 104	42 165
2 145	55 144	79 40	66 161	3 22	73 99	59 61	69 35	34 121	26 196	20 97	5 16	47 131	97 100	35 61	53 196	46 57	31 43	58 56	95 187	18 180	36 86	7 100	30 99	37 23	54 6	84 153	49 96	38 156	87 90	48 10	13 49	77 65	89 31	70 58	76 15	75 45	21 25	82 187	17 167	27 19	61 155	65 62	83 78	64 155	99 82	10 160	43 47	67 99	25 16	14 198	96 48	8 128	74 65	50 131	44 96	40 166	19 100	62 130	88 25	15 186	9 36	63 165	1 120	68 145	39 57	51 159	23 123	24 77	29 106	52 160	57 8	11 194	90 7	86 160	0 62	4 33	6 159	41 26	16 108	81 62	28 61	78 167	93 16	91 37	33 169	80 50	94 163	92 180	60 55	42 125	22 82	12 107	45 199	32 53	98 157	85 187	72 34	56 25	71 191
26 175	17 87	75 78	97 55	88 194	90 20	77 159	58 174	36 193	63 172	94 84	68 91	84 112	71 38	43 25	55 152	41 67	83 60	65 125	95 159	70 110	34 155	56 20	31 109	39 148	51 25	86 181	78 28	47 4	21 195	18 116	14 16	89 199	72 71	15 22	10 104	93 151	49 126	44 164	57 59	82 74	20 83	1 46	54 73	50 125	38 13	61 80	74 62	60 172	8 113	85 18	13 17	5 4	23 92	53 103	27 135	12 89	48 72	66 180	67 111	35 41	87 95	81 125	29 142	91 119	0 150	22 70	25 64	69 179	6 168	37 101	79 28	42 161	30 37	45 122	59 101	28 41	98 84	3 1	16 15	62 151	99 28	4 163	7 38	33 116	64 146	52 98	46 162	32 29	40 114	24 102	73 176	2 185	96 200	9 113	19 70	76 69	11 48	80 150	92 152
36 144	66 158	56 173	21 171	19 90	0 34	81 106	88 53	54 140	69 95	30 195	31 79	53 190	61 138	14 168	76 188	73 2	3 40	59 95	99 88	7 106	16 138	41 160	47 122	63 41	85 134	45 11	40 123	22 121	75 68	15 179	70 103	91 14	72 171	62 52	80 146	17 130	20 185	58 17	42 98	24 88	49 32	18 43	79 140	9 199	77 185	8 95	12 135	96 79	98 61	92 70	60 136	65 31	51 130	33 191	2 82	27 169	64 192	83 190	68 138	82 22	32 111	4 176	86 50	87 193	11 65	67 64	46 120	13 154	71 92	28 62	23 52	89 95	78 4	1 162	38 163	55 176	43 49	74 151	6 109	94 161	90 152	29 132	35 100	84 18	37 155	5 163	50 53	34 73	39 150	25 53	10 179	44 50	97 39	93 30	95 74	48 7	26 83	52 40	57 3
72 118	64 193	54 15	5 105	1 29	25 128	40 34	9 117	42 35	75 27	84 46	71 78	97 20	21 31	53 15	74 50	11 121	8 121	37 27	15 97	36 52	24 157	96 44	23 113	39 10	32 109	48 155	18 24	77 111	69 12	41 117	35 83	62 3	94 118	99 46	60 137	61 161	80 114	98 191	52 177	2 149	46 72	93 32	29 29	27 148	13 175	44 57	79 178	7 116	34 90	49 85	81 149	59 29	89 37	26 28	70 122	51 90	3 142	0 164	45 144	50 190	95 31	65 160	63 194	87 151	30 151	43 68	12 200	47 180	10 12	68 194	31 58	67 5	92 8	38 41	33 92	83 149	20 188	22 77	85 124	4 18	91 11	58 14	66 45	57 26	78 52	73 126	90 159	88 122	55 106	16 19	6 164	17 173	82 71	86 168	76 102	14 97	19 54	28 47	56 17
65 81	10 67	66 176	54 4	62 163	69 149	1 197	49 27	70 121	92 146	43 109	20 190	86 113	0 18	42 7	39 63	25 150	29 3	13 52	93 132	31 133	21 171	17 102	97 186	81 30	79 172	4 37	12 196	74 36	50 63	90 40	47 68	76 184	60 96	77 127	89 153	94 59	91 37	98 97	33 177	41 91	18 116	9 48	53 87	88 85	40 127	59 85	85 38	58 95	84 107	34 122	68 82	22 21	36 96	19 186	35 119	56 172	55 173	96 131	78 113	75 144	45 62	23 82	61 53	99 167	82 13	28 107	48 26	51 147	95 162	57 89	32 177	24 190	73 136	46 42	26 168	3 117	16 87	80 86	52 57	71 151	5 129	6 5	63 152	27 88	15 80	64 100	7 173	37 141	67 153	44 123	83 85	8 157	38 5	72 179	30 158	11 42	2 56	14 68	87 68
57 199	44 187	73 129	82 134	75 168	37 39	86 148	52 25	85 59	34 149	66 26	22 48	62 19	61 188	90 70	12 137	8 190	32 74	45 30	39 115	13 125	28 104	72 159	87 50	93 171	40 42	29 145	16 49	60 127	48 82	59 30	14 63	78 130	55 141	26 161	2 98	76 123	67 30	30 9	35 18	88 126	98 13	31 123	77 183	23 77	7 29	0 90	10 156	21 176	63 138	49 144	4 89	70 1	83 156	17 156	96 18	11 16	36 152	79 99	94 110	3 116	64 74	27 137	42 16	91 8	80 79	24 154	68 190	54 54	71 61	47 167	15 92	50 22	81 194	95 165	51 163	92 41	97 194	6 99	43 171	9 112	53 94	19 8	99 164	58 179	41 46	65 156	33 45	89 158	25 66	74 141	84 186	1 174	46 89	56 133	5 121	38 157	69 132	20 90	18 141
35 97	98 143	51 175	47 51	41 124	39 87	64 87	61 146	46 46	26 109	3 24	19 47	75 176	17 1	60 94	71 62	5 191	8 117	29 45	62 131	63 85	89 120	25 25	2 81	55 150	44 39	91 166	80 22	31 124	28 113	70 159	38 31	58 27	33 111	99 191	43 55	10 131	42 99	96 54	50 128	0 13	78 43	37 60	12 130	86 66	34 93	94 157	83 114	54 61	69 155	27 189	66 158	90 73	24 53	88 13	16 40	73 40	40 50	7 14	45 123	74 18	76 34	22 183	4 52	15 77	92 195	30 9	36 19	9 19	67 152	6 47	81 15	72 196	77 116	85 105	20 179	13 95	14 122	82 111	59 189	11 100	32 91	97 31	93 99	49 163	23 83	52 127	53 187	21 200	56 25	95 134	87 177	84 161	68 6	18 27	57 22	79 147	48 31	65 24	1 3
10 24	74 81	88 176	45 196	59 161	60 173	20 74	16 131	55 99	31 22	87 65	27 145	23 174	0 139	42 22	89 43	13 63	4 184	51 96	9 140	71 122	1 114	67 5	52 66	47 10	85 3	14 86	43 143	72 40	91 150	12 172	70 151	65 49	46 172	76 9	17 48	93 62	94 59	18 16	99 94	44 145	25 141	39 130	6 181	37 166	84 96	96 200	34 59	49 39	80 18	11 133	57 180	35 199	53 37	19 81	77 188	24 30	2 6	5 181	92 197	33 70	63 44	90 45	8 65	66 84	15 25	41 175	62 134	81 121	86 185	22 29	78 75	36 83	73 107	56 179	98 26	29 50	54 48	21 119	32 137	58 23	3 12	48 109	38 90	61 73	40 133	50 191	28 145	79 192	95 42	26 83	69 41	68 168	75 145	30 64	7 42	82 195	64 174	83 69	97 84
7 160	46 62	8 111	41 88	20 4	53 190	25 195	1 4	85 39	50 23	21 15	0 137	48 29	67 57	89 169	95 4	81 198	92 135	61 12	33 57	99 45	73 56	42 194	44 24	16 89	68 180	86 24	47 123	29 49	49 191	60 23	72 25	64 43	6 176	76 186	5 151	96 147	27 105	78 69	69 2	17 20	10 20	13 51	38 182	18 40	74 161	22 148	43 108	70 173	15 101	9 121	75 15	52 110	79 94	28 56	32 196	87 82	91 32	54 143	12 156	65 162	2 169	66 9	19 28	45 3	63 112	11 141	82 15	37 168	98 12	90 191	35 100	56 141	62 26	39 54	55 33	51 189	58 197	94 112	80 122	24 33	59 91	71 159	34 81	57 2	83 53	77 163	30 1	3 129	88 156	97 114	4 140	84 108	93 89	14 179	36 93	40 44	31 193	26 90	23 182
38 177	53 49	85 64	0 133	8 193	12 183	80 110	18 178	70 90	57 164	34 42	49 184	90 79	11 72	7 35	97 23	36 84	5 6	67 5	79 165	19 53	64 49	27 145	52 176	33 70	39 195	58 147	91 42	37 178	81 24	96 51	43 178	78 125	25 50	68 56	77 78	62 95	31 113	21 200	30 100	41 127	6 28	44 86	69 31	48 72	71 192	24 2	74 104	23 135	51 84	54 181	22 160	3 25	61 39	28 89	89 37	87 87	26 78	73 91	63 118	84 64	50 38	60 143	9 31	56 154	13 21	2 120	72 153	92 131	83 200	94 35	40 103	16 167	32 128	65 195	95 185	66 187	14 8	82 176	46 111	47 105	20 131	42 38	75 126	1 169	59 9	45 145	29 38	98 69	10 145	4 36	93 68	55 52	86 96	35 118	88 11	15 89	99 86	76 27	17 58
27 52	32 93	82 143	65 185	78 99	17 105	63 186	79 34	23 93	80 37	48 188	74 181	5 113	11 94	57 154	19 141	15 79	26 159	73 56	86 132	1 122	88 62	29 170	40 68	52 193	94 154	14 125	64 42	99 40	41 92	60 26	70 5	44 94	53 29	83 79	38 82	75 2	47 150	7 165	95 136	30 25	45 69	98 101	22 117	90 135	3 15	2 49	69 178	61 195	91 52	55 19	25 149	67 141	72 115	37 111	59 53	42 120	10 90	24 26	49 96	8 167	71 65	13 26	93 146	76 178	33 140	16 176	54 190	85 97	50 48	87 19	62 69	21 25	6 100	35 12	20 43	51 165	46 176	4 177	66 173	81 170	12 173	77 189	28 13	96 191	9 166	31 133	56 7	89 187	84 137	58 51	97 191	43 12	0 101	18 113	39 166	68 13	36 155	92 5	34 51
63 1	59 180	66 56	71 35	14 158	54 72	45 15	22 16	56 115	85 145	6 6	10 109	77 10	12 81	38 63	93 11	1 152	86 187	73 38	91 183	94 57	98 191	40 57	60 157	47 58	74 121	23 67	92 31	96 182	49 120	44 149	50 172	52 71	95 95	69 27	46 156	83 181	58 148	4 164	13 9	25 20	34 69	9 145	51 44	67 85	87 38	65 98	27 25	31 162	53 199	90 165	11 94	97 85	37 142	82 112	78 90	29 53	33 30	0 190	72 126	17 92	79 23	89 185	8 47	84 155	43 107	57 163	20 171	75 34	15 74	41 16	7 109	39 106	76 159	81 44	64 127	16 4	30 14	61 107	55 27	88 64	19 76	21 193	28 126	70 176	5 114	3 49	32 18	2 44	99 190	68 128	24 143	80 88	18 111	36 129	62 147	42 161	35 76	26 181	48 64
86 190	32 85	45 95	31 31	41 104	27 119	57 197	75 178	91 139	37 70	22 142	58 92	11 123	88 200	43 198	18 198	71 120	61 155	33 65	85 113	1 15	70 159	29 31	81 45	0 16	36 26	66 60	20 16	14 183	94 56	49 163	40 139	10 34	83 79	39 7	17 142	34 86	69 145	55 92	3 78	52 31	24 80	42 158	63 135	79 183	25 37	97 198	4 197	96 130	90 34	65 111	8 88	46 6	84 27	73 51	19 50	6 82	76 128	56 22	72 98	78 187	15 82	74 120	95 128	21 117	26 85	35 115	64 74	13 50	77 89	82 139	98 72	48 33	12 57	53 181	93 31	47 145	80 193	51 117	23 105	9 128	50 133	30 65	99 148	68 191	62 100	89 200	54 87	59 193	2 137	44 89	92 162	87 55	28 160	38 169	5 45	67 91	16 44	60 52	7 57
4 64	68 26	89 182	43 13	48 175	79 45	17 104	56 109	76 140	98 24	91 77	13 67	81 23	8 109	57 160	72 17	67 58	23 15	69 37	39 2	82 162	75 134	97 185	6 97	95 73	53 39	31 102	16 149	62 181	55 1	50 112	64 118	52 176	40 7	70 25	80 187	47 1	12 93	35 98	29 142	36 37	20 2	51 165	94 173	0 48	21 188	96 154	73 2	42 54	15 140	9 162	66 186	63 73	25 185	28 2	84 53	26 12	92 137	88 50	11 187	83 42	49 174	45 195	10 38	7 51	58 176	3 69	44 92	32 199	93 173	33 191	54 89	87 115	18 48	99 32	61 73	90 141	24 51	5 185	30 50	41 107	46 8	59 15	78 116	86 180	38 90	19 146	34 56	71 181	74 33	85 92	1 196	14 67	60 69	22 149	37 51	2 147	77 192	27 69	65 172
94 83	64 179	80 84	96 58	55 8	12 171	33 44	30 19	57 151	26 38	31 151	36 129	66 188	82 171	41 19	2 157	28 37	65 113	27 190	53 83	91 55	90 185	86 55	4 14	97 16	54 163	9 74	38 7	1 98	49 68	78 138	70 13	71 83	68 95	39 11	48 173	15 160	69 133	43 113	18 25	76 178	19 61	85 74	13 13	42 55	11 36	84 100	67 109	56 155	50 142	95 93	14 22	35 24	17 141	25 95	5 100	10 47	0 150	58 16	81 128	20 178	98 161	62 99	83 145	93 39	29 138	47 176	7 139	61 124	16 161	44 47	3 171	34 163	40 178	46 98	52 189	88 126	24 86	87 151	21 172	92 68	8 43	77 10	75 113	59 95	6 119	45 134	89 145	32 101	60 33	37 164	74 113	22 7	99 68	51 134	79 182	23 3	73 142	63 94	72 141
69 24	19 38	51 157	8 121	81 6	40 51	22 143	92 159	47 4	0 18	66 103	4 83	71 130	44 7	94 146	60 128	93 85	18 70	2 188	10 154	23 43	29 126	72 82	12 19	16 41	76 126	65 170	27 179	85 130	33 167	28 98	41 146	26 95	95 91	54 86	97 174	53 97	77 97	25 77	20 182	96 187	13 111	89 126	87 20	56 41	90 64	31 175	38 198	67 48	57 56	49 158	88 109	70 174	52 95	68 74	55 110	78 163	99 171	6 100	30 27	59 68	75 135	64 51	61 192	73 15	43 4	34 137	42 102	80 123	37 167	83 141	3 3	82 140	9 95	36 143	62 198	84 82	11 198	86 100	35 78	45 152	32 117	79 15	5 152	50 191	7 83	74 142	98 51	15 172	58 169	24 62	39 31	17 154	48 13	63 109	21 34	91 107	14 15	46 180	1 158
39 184	12 53	83 86	23 56	3 26	36 197	91 43	2 35	63 97	58 14	42 116	62 176	26 108	4 29	6 63	32 175	56 196	49 14	22 56	92 166	77 112	55 86	71 18	33 38	17 113	93 149	13 52	18 162	50 74	78 90	97 4	79 101	69 188	29 86	0 50	70 35	11 123	53 12	21 192	8 47	40 176	76 82	96 130	5 6	1 128	98 79	59 180	74 55	95 117	24 140	73 24	48 131	25 180	99 106	89 67	64 188	46 76	80 157	51 67	61 141	65 200	28 23	85 123	60 164	54 50	20 131	57 88	47 116	72 26	87 44	86 101	75 136	10 54	67 182	19 66	66 58	90 193	35 141	31 4	84 162	88 44	34 143	15 8	82 16	16 58	27 110	68 24	43 127	7 87	81 150	37 109	44 98	41 138	14 12	45 91	52 56	94 161	9 20	30 88	38 15
7 40	25 117	97 20	92 37	11 142	20 133	3 112	80 140	51 176	40 1	6 117	93 61	76 199	29 34	67 164	54 178	23 53	73 30	44 79	10 92	71 126	89 95	48 140	58 126	72 49	18 27	43 127	14 60	68 70	77 163	96 188	49 139	5 153	70 31	2 72	19 61	35 102	83 78	45 72	60 168	47 107	90 35	22 42	53 167	42 153	38 64	86 142	57 100	15 53	31 119	62 143	94 156	75 181	4 133	33 169	13 64	66 172	79 86	0 158	24 121	46 30	9 149	59 119	84 8	63 12	27 69	81 64	91 197	12 114	32 183	36 162	64 26	1 89	34 135	37 152	28 166	56 165	30 32	21 89	88 121	41 57	74 118	17 180	52 173	95 61	78 92	98 74	82 140	61 16	8 69	87 152	99 20	39 53	85 86	55 112	69 159	65 186	16 69	50 15	26 97
99 52	66 118	42 15	65 122	4 136	21 32	50 199	79 118	5 109	98 46	17 22	36 8	82 183	6 121	12 47	95 144	91 90	64 56	75 13	43 45	38 44	40 115	70 176	51 128	25 55	7 67	44 35	83 119	86 2	2 88	39 70	29 131	10 151	90 196	94 119	30 41	69 28	96 181	57 180	33 20	68 128	81 150	54 103	72 114	76 187	93 75	49 193	35 55	26 42	56 9	22 200	77 91	28 107	48 96	45 158	62 21	24 44	19 144	15 17	32 155	16 31	46 133	52 196	71 143	18 94	85 128	59 37	61 188	58 175	1 156	92 15	13 13	41 42	27 36	47 147	37 90	73 54	87 3	80 150	8 145	55 123	84 194	20 172	3 24	88 168	31 26	9 21	11 5	78 155	53 49	63 135	67 26	74 2	97 146	0 174	23 101	34 11	60 103	89 116	14 30
3 165	12 107	68 159	63 28	89 177	19 94	21 118	78 3	28 88	76 174	93 53	64 191	39 33	61 9	80 92	43 180	90 78	95 92	32 193	66 95	60 93	4 159	9 192	20 81	62 59	77 17	52 194	74 171	73 162	71 194	16 186	38 165	54 142	40 152	69 191	7 142	26 118	1 127	86 133	70 95	84 179	48 73	49 192	46 74	50 134	99 167	23 24	53 47	67 13	58 101	97 33	83 90	92 114	18 179	55 107	29 168	5 180	82 69	98 78	81 32	17 2	56 36	36 14	14 109	59 30	65 3	72 146	88 61	91 41	15 40	30 61	44 60	0 173	22 187	24 149	25 168	87 54	42 138	51 182	37 94	31 64	6 76	75 86	35 142	11 93	8 8	27 56	2 60	79 75	57 191	33 73	94 119	96 59	85 71	13 18	45 118	41 90	47 155	34 20	10 153
16 93	33 7	43 11	91 98	8 18	18 78	75 146	53 113	95 44	3 47	87 124	51 136	6 67	24 162	5 19	12 14	56 44	22 149	27 171	38 192	55 161	59 65	71 173	93 79	84 79	21 180	31 122	68 17	78 99	85 143	66 174	89 159	20 105	36 104	63 118	42 193	96 141	41 185	86 41	70 154	34 148	45 159	4 157	88 76	57 119	76 177	99 81	28 104	80 8	49 22	19 79	69 11	25 180	58 38	50 47	13 48	40 111	44 177	98 150	54 66	14 42	52 128	2 50	82 133	72 147	35 86	83 171	37 19	48 161	10 166	7 91	29 100	30 185	92 195	23 81	62 46	9 64	39 90	11 199	90 97	67 86	46 33	26 162	1 157	17 101	77 89	61 92	97 152	47 149	73 136	74 179	0 159	79 3	60 29	15 154	94 126	81 193	64 7	32 61	65 141
20 199	74 54	24 100	77 184	95 108	92 154	97 51	2 21	99 149	70 182	50 154	47 46	75 173	44 102	19 86	0 87	48 172	23 70	83 99	78 11	41 109	28 38	34 160	25 137	1 190	90 119	10 89	94 41	38 143	88 30	54 140	16 197	13 51	30 6	64 84	60 184	63 31	58 147	18 60	86 161	82 95	85 166	22 169	80 49	5 31	55 192	32 128	76 11	6 167	57 52	56 7	93 90	87 188	12 28	33 73	46 145	43 20	31 100	39 162	96 113	68 85	15 12	14 118	73 35	98 29	26 133	84 88	36 1	9 14	29 64	71 79	35 174	59 173	67 75	7 38	8 195	51 59	4 61	42 182	79 83	53 111	65 34	21 74	69 58	11 25	89 133	27 74	3 188	37 40	72 45	62 192	81 53	61 157	66 179	52 200	40 91	91 181	17 151	49 188	45 71
44 37	53 24	71 4	37 186	43 128	59 106	14 119	78 12	72 65	33 57	31 15	85 190	22 106	97 125	49 136	2 1	68 43	34 64	48 99	42 113	76 8	17 62	13 79	9 152	27 164	19 117	74 197	62 179	0 20	47 87	93 8	60 2	75 25	21 92	69 28	70 183	45 101	35 131	63 147	82 100	58 158	84 31	92 121	77 145	61 126	54 61	88 166	23 62	15 109	7 33	36 92	83 109	20 42	50 14	16 19	26 89	94 109	73 128	51 5	10 61	56 38	6 143	87 190	30 108	96 57	1 48	32 30	80 176	18 108	65 78	46 147	40 152	95 94	4 13	12 152	98 87	91 112	86 86	52 174	5 111	11 21	24 13	55 105	57 98	8 60	28 44	81 79	67 39	29 60	89 97	3 9	25 68	64 12	39 61	90 10	79 95	38 160	66 60	99 78	41 102
94 116	30 62	62 59	38 105	92 163	13 116	33 146	47 98	73 193	95 143	85 143	74 150	29 14	35 168	3 69	58 124	9 99	96 148	87 20	15 189	81 18	60 100	52 13	50 192	90 94	99 118	36 28	10 115	77 66	7 152	2 23	37 147	78 21	24 122	31 74	72 78	27 8	23 77	65 43	39 95	14 138	91 187	46 17	97 178	75 190	79 137	5 99	32 61	4 155	86 38	16 48	61 81	42 188	56 41	54 97	71 60	21 195	8 79	82 24	93 77	68 137	25 36	55 32	11 99	19 97	69 63	6 20	17 119	22 33	34 120	12 71	67 91	48 84	45 114	66 162	51 176	41 101	88 157	76 110	26 32	64 186	70 90	53 40	98 113	43 12	49 135	44 173	20 154	84 29	57 14	80 122	83 48	63 137	40 22	1 6	18 139	59 109	28 131	89 91	0 108
22 60	97 176	94 75	75 100	80 195	85 82	78 32	8 37	4 13	81 158	68 107	16 26	10 28	76 185	69 193	37 117	65 196	32 151	59 68	58 189	23 112	42 156	15 39	25 42	45 50	28 174	92 51	55 147	7 103	38 166	3 199	17 132	26 160	62 85	13 75	86 88	61 171	89 27	82 163	56 2	63 63	41 194	77 7	6 2	29 132	96 14	27 52	0 145	57 117	21 10	48 28	47 36	14 22	20 98	84 18	60 112	9 7	70 90	90 180	93 200	98 123	18 132	83 120	19 159	30 28	35 80	66 86	1 172	43 20	73 25	46 103	44 95	53 177	67 31	91 179	72 75	51 198	64 137	31 42	33 1	2 158	95 102	74 60	40 193	12 22	79 54	99 14	11 63	50 39	39 25	24 34	49 92	88 4	71 37	54 8	52 66	5 127	36 62	34 63	87 86
89 102	75 188	42 105	47 48	58 116	65 168	83 108	67 193	34 21	17 169	78 176	92 28	97 16	52 118	13 55	77 162	90 63	88 66	33 84	69 106	79 149	48 130	51 53	84 99	44 174	1 140	25 71	95 9	27 132	0 136	62 186	21 156	72 173	39 64	60 199	66 131	41 50	49 196	23 54	64 13	86 85	99 104	8 138	2 99	15 198	82 107	32 125	50 165	37 98	11 21	53 71	71 24	19 79	40 99	91 135	46 150	38 71	6 149	63 81	56 17	3 197	5 87	70 106	68 26	31 128	16 103	74 127	35 39	4 135	59 46	87 87	54 17	9 108	80 146	29 154	85 29	24 183	10 191	73 77	28 121	36 121	96 145	12 180	45 68	14 99	7 46	18 112	94 118	76 58	22 4	61 28	98 188	26 93	55 43	93 192	57 190	43 14	20 153	30 144	81 18
15 89	58 93	22 63	27 193	91 143	97 3	90 140	95 132	7 129	74 111	69 88	64 71	34 105	21 183	92 144	39 181	13 193	54 40	47 58	81 68	29 157	24 62	9 84	20 28	3 97	37 8	46 62	62 106	45 64	55 181	94 131	16 135	76 176	31 47	17 33	1 183	30 189	99 101	36 129	41 72	56 67	51 185	8 181	48 144	28 57	4 192	73 119	85 175	32 89	14 63	82 24	79 31	5 190	0 19	71 112	65 76	53 81	88 54	87 12	19 79	57 91	10 178	18 53	98 7	35 123	80 143	11 86	67 169	50 89	83 118	72 106	44 199	12 41	42 11	66 43	60 16	6 80	89 60	86 117	59 55	68 62	78 45	96 176	84 10	2 134	77 196	75 50	25 54	38 175	40 83	43 28	93 81	26 156	63 108	70 99	23 45	61 71	52 75	49 66	33 10
32 139	6 112	66 55	51 123	33 103	31 63	57 108	49 120	79 70	81 138	58 12	67 124	2 103	11 73	64 42	9 57	23 112	97 9	94 119	43 50	88 174	55 21	4 128	96 97	75 87	92 179	70 151	90 116	52 91	13 12	7 153	30 172	39 189	44 90	0 97	86 92	16 126	61 130	63 26	84 105	25 15	50 6	98 6	77 118	89 36	99 122	1 105	91 69	59 189	45 139	76 81	3 14	69 153	24 15	87 58	14 24	18 179	38 52	8 55	72 81	78 199	28 153	15 135	21 61	42 17	65 108	17 159	53 36	12 23	26 14	10 143	41 183	60 143	68 20	95 124	35 122	40 101	71 20	34 42	74 33	85 81	93 16	56 46	47 38	27 162	36 69	48 82	82 91	62 171	73 194	80 102	29 129	37 86	22 181	83 115	54 96	5 75	19 13	20 42	46 191
55 98	45 184	64 115	78 149	87 149	12 21	98 132	77 82	30 134	88 13	34 17	18 130	67 16	69 25	91 88	86 85	24 86	72 24	81 25	31 5	6 124	99 192	7 56	0 67	62 112	54 68	14 189	37 134	70 56	19 182	29 143	56 55	74 88	8 132	58 174	25 7	85 80	33 196	48 42	4 177	21 145	63 150	65 28	10 25	2 159	44 91	5 193	79 118	43 92	50 45	71 149	38 189	47 147	84 121	22 91	53 94	92 118	52 159	49 60	11 179	46 118	60 70	83 166	20 99	1 36	42 109	27 190	76 119	57 149	3 177	35 183	17 1	97 58	95 196	15 191	13 26	93 93	16 112	82 183	73 153	28 57	66 116	23 117	51 183	68 35	39 92	41 110	40 137	61 100	32 72	9 98	80 26	36 105	75 169	59 175	26 96	89 188	94 165	96 140	90 184
31 135	75 174	40 29	1 197	50 101	13 107	18 128	48 132	51 184	15 169	82 35	59 176	58 188	35 90	88 49	17 54	92 199	20 200	22 141	46 139	64 193	19 146	80 156	67 160	24 117	38 99	55 78	54 155	5 128	62 161	68 101	27 17	90 84	3 135	85 179	37 68	23 1	44 120	91 106	96 37	66 17	52 40	57 162	69 66	29 2	2 96	47 89	14 44	12 124	0 165	6 54	93 149	65 147	99 126	25 65	70 77	89 176	61 179	86 22	26 30	87 135	7 115	41 154	81 116	36 47	56 95	72 182	16 60	53 47	78 69	4 58	10 192	60 198	8 186	42 71	11 174	32 132	30 197	21 13	39 154	34 69	98 100	9 15	49 91	76 155	77 46	83 86	33 125	63 22	84 143	71 79	95 60	94 130	43 63	28 66	73 127	74 46	45 43	79 44	97 97
78 123	22 118	8 195	19 91	37 151	85 90	88 56	30 101	95 21	3 51	82 69	39 7	70 150	67 150	23 136	74 41	29 125	58 52	83 198	31 187	1 56	68 196	54 49	73 121	2 56	15 91	64 142	32 175	0 163	50 168	12 161	81 154	44 20	93 99	47 160	18 30	69 168	10 5	13 121	17 59	90 79	71 168	16 148	49 111	59 70	53 105	76 43	48 171	98 108	33 169	36 81	25 178	27 33	87 120	91 173	55 34	20 107	60 158	5 7	46 4	9 129	89 86	62 175	4 114	96 86	94 129	72 54	35 86	99 152	28 98	77 85	80 175	26 125	6 136	40 12	45 103	66 90	42 143	57 86	51 121	43 77	63 168	65 192	24 106	84 120	61 167	79 185	86 181	52 9	97 7	14 119	34 43	92 54	41 12	75 124	11 35	7 142	56 58	21 123	38 28
45 109	11 58	22 182	1 52	76 16	51 179	81 148	55 85	44 178	35 192	60 18	14 59	74 12	36 167	77 187	90 156	41 182	50 123	15 71	73 110	39 22	99 138	32 93	2 35	38 106	82 109	64 195	27 132	98 93	56 137	92 196	18 38	42 93	87 167	0 186	53 140	47 16	34 173	23 97	46 39	69 137	68 26	61 63	89 41	10 50	62 161	80 160	25 54	9 56	59 183	43 112	28 161	91 183	13 56	84 63	21 10	79 94	5 183	66 3	48 106	4 35	54 163	16 139	19 5	49 62	20 22	33 82	3 23	17 109	86 129	70 162	85 28	29 18	95 95	83 10	30 70	24 125	67 13	88 69	58 110	71 107	97 63	78 189	63 162	65 59	40 186	7 177	8 61	93 170	52 102	94 7	75 175	6 169	96 118	26 134	57 157	31 137	12 115	37 130	72 100
58 39	71 163	2 9	46 79	37 62	67 5	12 175	45 45	41 177	34 80	81 191	68 136	47 108	11 124	24 157	43 12	42 41	66 135	19 151	59 63	95 38	18 107	88 42	96 40	83 99	60 22	56 124	6 197	77 119	94 97	76 14	8 67	90 167	27 122	20 191	55 89	53 95	49 106	38 124	61 101	57 29	99 196	84 178	98 144	65 19	92 62	64 160	17 165	52 190	87 182	50 78	9 22	16 115	3 31	30 27	86 176	51 195	13 162	1 44	32 196	39 21	48 93	25 11	35 193	36 188	91 11	21 104	40 54	31 48	7 63	70 20	73 185	82 111	29 196	62 146	22 115	26 9	0 186	79 42	10 72	15 8	54 138	4 49	69 94	28 162	93 181	44 104	72 78	97 16	14 182	89 127	33 106	78 191	80 106	85 60	74 158	63 24	23 62	5 119	75 75
64 93	60 102	92 198	86 56	22 152	26 136	17 167	18 35	0 124	59 54	51 27	68 126	69 52	33 187	28 131	6 100	35 101	14 129	87 100	82 12	71 90	90 4	52 159	15 62	78 54	73 152	46 64	1 88	5 56	13 167	45 192	48 171	54 5	91 7	24 175	38 47	94 187	19 107	81 176	58 22	79 76	7 24	56 22	39 176	43 119	8 189	72 194	65 93	74 80	3 198	83 9	77 6	44 172	61 135	32 192	16 136	20 182	96 152	85 124	67 178	21 59	75 161	42 113	89 112	62 86	37 63	97 178	49 6	31 37	84 25	10 1	95 165	9 107	34 48	29 152	23 2	12 200	53 184	98 23	11 200	47 79	30 191	66 49	76 180	40 27	63 177	25 86	27 47	80 86	70 79	50 145	99 59	36 55	41 176	4 147	2 67	57 18	88 148	93 158	55 156
99 44	51 101	62 164	86 81	6 48	18 123	64 164	2 152	74 6	69 179	43 59	47 14	59 196	65 80	33 82	27 33	77 33	78 76	41 17	38 56	79 193	85 130	81 3	94 100	16 119	83 181	50 62	90 171	17 30	29 167	36 30	76 187	12 107	13 151	5 149	58 167	10 27	48 162	23 187	25 186	20 49	53 43	84 1	15 107	57 168	55 151	75 23	44 39	98 112	87 89	30 78	7 42	9 117	4 26	49 55	67 128	72 132	80 197	21 155	82 152	45 82	31 152	40 165	22 77	92 197	89 69	1 14	93 200	88 37	63 131	68 70	70 119	66 29	46 163	35 47	39 159	26 192	32 79	24 56	61 125	56 157	73 86	34 166	54 37	96 191	60 52	52 30	19 26	3 134	0 130	37 167	91 2	95 79	11 13	28 127	71 44	97 127	8 91	14 42	42 21
55 30	16 104	41 115	1 45	0 153	9 129	70 95	7 165	54 125	45 159	87 49	69 163	47 179	59 15	95 86	60 5	68 74	76 31	66 114	3 135	67 11	28 49	33 32	75 158	50 88	62 159	36 106	78 112	31 45	71 89	25 199	51 42	12 86	79 118	97 185	84 139	38 121	98 29	19 192	48 196	89 86	72 38	57 34	21 16	85 152	29 100	26 159	73 116	35 23	43 31	80 63	23 22	42 84	22 149	83 120	58 150	37 136	77 27	96 62	86 63	17 13	40 129	5 120	99 101	4 171	11 53	64 31	49 84	81 37	53 68	63 160	20 25	91 34	56 59	13 110	8 122	88 42	74 100	18 97	2 200	24 57	6 13	15 86	52 139	93 142	34 188	92 161	10 182	27 166	94 170	39 194	82 18	90 93	61 34	46 110	14 200	44 40	30 63	32 134	65 11
41 160	15 36	79 26	1 89	6 58	60 30	8 155	63 157	88 85	93 123	83 180	10 144	14 10	26 182	50 138	7 113	95 110	42 79	65 144	91 42	31 64	22 131	62 142	84 151	16 115	99 5	5 52	24 87	32 117	43 167	30 191	23 97	37 100	69 143	34 135	94 127	46 192	4 112	47 106	39 7	3 67	51 45	82 40	98 46	49 71	77 160	52 192	45 176	29 71	67 194	2 87	17 158	71 178	68 96	0 124	27 90	80 57	97 151	86 123	35 112	85 2	18 64	44 105	90 132	20 96	89 54	11 103	19 49	25 86	73 124	75 141	21 43	38 149	40 45	78 44	53 128	54 40	13 2	96 33	56 176	87 6	66 1	61 127	58 3	76 60	9 89	55 79	92 137	28 73	57 50	74 187	12 105	72 168	70 48	64 86	48 64	81 173	33 169	59 85	36 190
58 57	5 89	98 137	49 52	9 6	89 126	18 28	61 36	93 69	42 161	76 134	47 106	74 73	20 185	17 129	86 169	54 40	46 103	4 64	24 117	12 97	55 136	15 185	14 56	27 155	78 135	0 63	84 194	37 50	77 10	67 142	87 123	16 7	25 75	10 159	31 62	40 115	41 116	50 159	60 35	39 136	63 53	68 137	64 28	59 53	34 62	21 151	35 87	82 191	51 198	85 122	80 10	2 192	97 160	65 45	7 46	6 54	56 199	83 171	33 114	95 47	53 18	28 137	48 164	1 38	88 30	62 125	94 145	75 57	3 75	36 54	26 58	32 76	38 24	44 150	52 118	72 132	70 122	69 188	99 6	30 135	23 181	43 164	66 61	57 9	29 176	8 11	92 102	71 195	96 69	81 157	91 86	79 105	22 200	90 160	13 188	19 123	73 29	11 188	45 72
11 127	50 107	8 101	29 164	52 67	47 152	81 52	67 75	54 72	85 73	7 1	4 157	62 66	83 185	15 140	63 145	59 150	88 192	86 116	49 49	60 70	46 61	27 51	74 142	70 120	1 70	3 78	26 65	77 36	13 133	36 31	6 89	9 185	32 31	38 8	22 142	57 111	30 178	42 122	91 196	65 34	69 15	56 147	25 174	55 60	97 108	10 135	95 118	23 155	41 158	82 137	0 114	94 63	87 193	80 169	72 34	16 182	68 32	51 99	96 39	37 21	48 186	5 42	17 105	76 184	58 13	53 66	39 46	99 84	93 134	61 154	14 133	34 112	28 48	45 200	89 85	84 1	75 44	40 67	24 47	2 159	35 46	64 47	20 60	43 99	21 8	33 145	19 114	12 93	31 109	92 38	78 143	18 110	66 158	98 77	71 95	44 112	79 84	90 20	73 95
22 119	28 56	80 38	31 99	49 155	64 57	77 130	89 192	82 7	72 46	13 65	57 42	34 107	47 45	71 115	1 87	5 69	51 152	98 3	68 107	86 14	32 41	83 160	87 87	62 97	27 65	54 60	74 94	26 49	43 50	90 10	84 155	76 164	81 30	56 123	99 153	40 106	93 39	20 66	70 4	53 149	35 109	78 72	7 8	25 113	33 60	41 155	38 9	37 9	55 30	97 107	2 157	92 163	66 18	60 57	15 37	36 109	91 105	48 77	17 5	8 158	21 135	18 195	12 55	44 148	73 30	61 154	94 90	45 33	39 66	50 118	95 196	65 105	59 147	75 56	11 75	58 80	19 169	14 137	24 187	10 129	16 185	52 185	69 90	96 34	23 101	3 168	6 10	0 93	9 16	46 173	4 34	42 99	67 64	29 2	79 7	85 91	63 103	88 100	30 18
54 150	34 74	25 185	45 22	69 150	74 115	33 150	42 82	3 151	62 187	50 2	59 122	87 94	63 187	41 10	70 4	89 92	2 54	73 25	60 188	15 142	44 12	68 145	4 18	67 99	29 19	10 131	58 40	37 109	6 9	96 14	38 86	95 90	66 91	28 46	11 146	47 48	93 180	72 194	7 161	64 23	0 117	18 9	86 132	76 18	39 166	48 101	97 42	13 1	77 130	92 32	84 141	56 65	78 97	22 66	12 144	19 110	16 152	46 3	98 160	80 180	65 44	36 165	20 44	27 28	88 192	24 151	85 13	26 152	40 14	21 50	14 69	75 96	52 2	71 87	91 159	81 123	51 95	82 23	5 182	8 68	43 12	30 57	53 111	94 118	31 68	57 100	17 187	61 168	99 47	55 133	83 106	35 184	1 37	49 52	90 19	23 144	79 31	9 129	32 182
53 102	72 57	40 29	81 6	46 121	75 132	28 18	35 78	78 149	3 192	93 94	33 80	52 130	69 15	1 138	61 42	31 172	23 82	65 178	95 155	85 67	9 199	70 177	26 4	88 134	49 29	22 117	87 127	74 175	14 186	76 116	99 154	36 151	38 86	97 126	82 8	15 90	11 91	60 87	73 143	92 42	30 148	94 115	34 157	90 131	39 152	45 26	13 62	62 59	29 118	12 190	20 192	37 4	50 178	56 38	51 17	63 150	5 156	96 151	25 167	10 147	55 63	24 101	86 163	4 148	0 34	84 178	16 25	6 83	41 58	77 93	43 18	71 73	21 72	59 3	7 9	98 170	64 39	8 143	17 48	18 120	19 107	80 71	27 153	44 110	58 49	54 10	47 17	67 43	2 7	89 111	32 155	57 190	79 16	91 168	68 172	42 153	48 173	66 78	83 81
65 196	27 178	33 140	48 171	57 63	80 160	22 197	93 57	66 49	78 175	39 102	21 103	71 128	0 118	1 52	6 176	59 122	28 7	30 4	42 68	99 111	92 147	13 192	11 33	97 168	68 188	5 147	64 66	70 146	31 2	90 24	82 95	34 131	2 114	8 193	23 2	16 27	81 156	7 138	29 28	67 41	53 129	87 72	89 140	44 39	50 144	86 119	45 145	54 82	25 65	77 157	74 126	14 63	3 50	61 121	55 146	62 11	49 116	12 150	32 162	20 199	91 76	58 7	85 157	18 125	10 88	96 184	63 69	76 147	38 152	35 123	36 115	17 179	98 46	94 9	52 161	56 125	88 156	41 26	72 178	60 69	9 170	15 119	46 176	40 143	69 103	95 168	19 180	79 53	26 46	37 23	73 124	43 39	24 181	47 133	84 190	75 141	51 30	83 22	4 133
71 101	92 98	82 44	57 41	29 3	87 8	50 149	18 60	44 156	46 50	78 167	55 50	41 63	64 138	4 50	84 139	94 174	66 105	19 42	93 80	0 96	56 186	1 49	98 160	97 153	20 182	91 127	2 20	9 130	30 34	52 109	74 173	36 113	89 180	99 160	3 150	81 180	48 192	58 166	69 116	77 29	13 146	23 93	31 20	12 176	28 106	39 131	10 82	38 2	27 27	43 178	70 91	25 58	40 46	90 108	21 159	35 1	22 64	83 121	68 31	15 144	79 129	59 43	6 188	88 93	32 119	60 176	73 188	11 59	53 82	75 75	26 174	34 24	47 27	5 181	42 83	51 75	80 37	67 22	61 135	72 157	14 44	8 86	63 51	24 154	86 30	16 44	65 155	54 186	17 176	37 142	33 177	45 98	85 79	76 64	62 105	49 9	7 84	96 149	95 102
62 49	83 134	78 142	24 95	60 149	14 171	46 114	38 108	3 129	98 19	40 77	32 182	44 93	5 122	11 194	31 195	54 181	45 114	17 186	18 153	66 115	88 113	23 148	73 73	29 100	95 26	75 168	67 31	91 28	13 64	25 66	7 13	56 150	16 180	10 69	30 89	99 36	58 122	12 132	71 104	96 13	63 120	48 15	97 73	72 31	92 7	65 64	41 171	33 89	76 108	82 173	27 10	37 15	81 94	36 149	53 84	21 189	19 168	34 90	93 15	2 152	47 182	15 81	49 82	57 18	61 117	85 180	9 154	87 119	68 105	26 110	84 6	79 52	80 26	59 153	69 40	74 170	89 188	4 116	77 112	1 37	50 81	42 153	52 140	35 40	22 33	20 124	43 109	51 148	8 179	70 102	6 164	0 48	94 108	55 139	90 60	28 45	39 147	64 116	86 179
65 85	8 187	89 155	71 62	45 102	96 134	51 174	58 86	35 112	64 23	18 80	4 44	95 178	17 158	66 195	32 155	46 86	59 37	13 200	53 71	23 189	0 111	50 103	43 44	42 128	73 59	81 166	72 95	21 1	28 84	7 6	91 193	52 88	99 120	24 156	12 178	30 4	26 38	76 2	98 45	79 130	25 116	34 9	74 103	77 39	85 71	88 35	3 23	92 169	27 63	69 90	10 2	38 193	16 16	40 171	6 5	86 13	82 165	39 92	2 130	94 38	22 2	61 157	48 160	33 127	55 92	83 85	62 194	49 104	68 106	31 149	37 157	56 84	54 81	1 181	11 141	87 77	47 83	14 156	19 153	75 30	84 84	63 3	70 178	41 163	78 129	5 44	44 40	90 127	80 114	36 97	93 62	57 46	67 55	60 165	15 54	97 154	9 178	29 163	20 54
81 19	64 128	78 191	33 72	6 119	35 172	30 30	86 18	34 71	54 165	11 160	60 113	1 137	10 112	32 61	7 136	92 52	61 196	14 161	24 60	96 173	20 140	39 60	99 66	90 115	17 43	87 34	31 76	41 104	43 89	79 116	3 104	83 4	59 23	16 10	47 199	8 79	84 160	0 115	68 157	94 169	27 174	12 172	2 151	65 183	80 155	40 59	53 160	82 171	73 102	72 31	23 8	98 85	13 113	26 189	36 10	93 86	66 131	38 79	49 71	63 144	15 165	89 116	44 26	67 33	46 16	19 72	74 29	95 55	9 42	56 29	85 11	77 23	55 81	69 66	42 13	5 106	91 76	62 91	4 119	22 92	51 13	25 27	97 15	88 80	28 87	70 50	37 101	58 151	57 167	18 65	71 67	75 133	21 76	45 193	52 13	50 104	29 157	76 84	48 64
32 120	10 193	74 54	15 4	97 167	82 41	8 7	44 160	6 72	86 72	49 197	51 157	52 91	13 77	12 196	55 156	5 183	31 88	16 133	23 51	62 44	38 158	95 171	69 154	56 27	58 2	50 70	73 162	25 3	34 111	80 15	87 36	91 58	9 35	4 95	48 171	17 116	79 3	47 124	43 110	84 109	92 22	90 50	27 91	0 75	68 124	42 31	66 24	46 174	14 55	33 152	21 177	22 102	78 38	40 163	72 28	71 25	63 104	98 51	60 88	45 5	59 11	37 4	93 181	83 47	53 150	7 179	30 34	36 29	88 135	1 153	76 127	39 175	75 19	19 66	67 186	54 82	61 15	2 131	85 16	89 152	3 175	29 173	18 34	41 122	70 27	35 198	96 71	65 8	26 118	24 14	20 80	81 57	94 162	11 190	77 13	99 42	64 99	28 109	57 84
3 157	90 105	86 26	47 99	29 38	67 6	52 89	74 168	75 197	7 183	97 189	13 160	48 171	84 136	66 178	55 191	79 22	10 154	65 157	6 177	9 7	50 73	8 171	76 51	2 136	91 158	58 138	49 65	57 184	54 9	41 150	53 54	17 161	14 95	24 10	80 167	35 175	60 181	5 196	44 198	88 189	96 42	99 142	83 195	27 15	20 106	38 156	18 60	15 40	22 83	12 134	37 12	87 137	85 11	73 46	43 139	94 170	45 109	28 170	77 59	62 84	42 160	25 80	0 54	39 101	32 195	78 99	89 51	30 189	51 149	68 98	46 58	40 200	81 177	61 55	92 109	70 34	21 94	26 135	72 44	59 30	16 167	1 183	11 87	82 173	93 132	56 188	71 128	63 61	98 125	31 47	19 135	4 150	23 199	64 41	33 85	36 42	69 175	95 170	34 58
78 23	64 46	32 156	99 171	31 38	85 51	9 151	5 18	71 43	63 132	49 61	80 14	88 107	76 145	98 78	87 134	40 197	81 131	94 194	90 131	93 130	48 10	82 117	39 77	7 151	69 43	56 57	92 79	83 170	37 168	62 79	79 88	59 46	97 185	21 162	12 6	35 14	53 59	67 110	89 52	34 100	70 1	15 2	4 87	73 141	24 29	36 137	61 29	45 174	23 57	44 58	8 95	10 69	29 72	51 157	13 139	68 86	28 37	86 34	38 10	54 186	47 42	1 24	17 156	26 82	46 13	57 79	25 149	75 33	58 48	11 122	30 85	2 47	72 198	43 106	60 85	95 197	91 2	0 139	22 59	18 87	50 189	16 124	65 52	27 178	77 54	41 68	20 160	33 163	14 97	19 147	6 113	55 153	84 85	52 147	66 139	3 134	42 171	74 178	96 170
90 79	57 61	1 143	12 137	48 115	4 39	73 193	66 126	26 1	8 53	56 94	10 19	37 157	65 137	59 197	82 5	7 192	41 125	84 50	99 142	76 83	80 126	72 176	83 180	54 100	5 191	23 1	2 34	43 99	6 68	36 69	31 156	92 17	0 193	67 116	89 123	71 197	93 95	63 115	75 25	95 100	79 61	9 121	18 58	91 195	29 91	85 46	45 77	69 145	16 61	52 133	33 35	96 55	88 144	64 8	74 35	97 97	70 195	46 101	87 47	51 195	94 96	78 93	61 12	58 190	11 141	81 72	27 156	49 53	62 5	17 115	3 99	44 199	77 54	34 68	68 125	22 163	21 189	42 195	60 119	47 189	55 71	35 18	20 157	25 180	39 104	30 183	98 137	38 85	53 93	13 24	19 104	32 105	15 120	24 18	86 81	28 150	40 192	14 35	50 92
26 147	80 86	79 123	89 61	31 146	43 119	12 87	1 148	41 94	38 41	15 9	82 82	68 50	63 25	25 102	92 124	76 57	24 47	13 31	5 99	78 109	75 177	95 4	16 135	64 190	46 167	62 99	72 28	49 34	56 180	97 59	22 195	34 40	74 189	7 179	99 62	6 102	40 177	18 48	57 98	85 47	60 196	71 86	83 20	52 164	32 15	88 187	9 83	44 109	17 145	58 100	77 55	39 183	84 18	29 111	96 108	30 102	69 132	73 99	91 152	8 177	54 18	67 172	59 116	4 190	0 103	90 141	36 191	50 50	35 140	3 172	28 33	42 106	48 67	37 13	94 153	11 63	66 128	33 134	93 193	23 148	61 188	47 32	65 81	10 59	2 26	53 162	20 166	70 174	51 11	87 88	19 128	86 167	21 161	98 16	27 8	81 44	55 31	45 7	14 33
7 130	31 33	91 111	75 2	42 54	17 114	14 9	77 182	88 140	3 60	44 104	82 177	97 113	80 117	32 155	19 36	89 117	8 169	56 24	36 199	23 9	21 151	24 185	27 169	90 108	74 160	48 107	46 53	34 88	66 173	67 4	61 110	2 21	58 60	20 14	87 163	69 199	54 144	68 86	40 191	84 150	43 157	38 35	28 189	95 161	29 136	78 38	4 8	83 79	26 86	92 56	25 52	70 28	15 11	0 39	47 2	37 148	41 86	55 89	35 86	45 147	72 170	13 55	59 75	11 31	65 27	85 117	30 123	73 57	33 144	86 105	16 85	57 78	71 173	81 122	22 4	96 5	51 66	63 156	18 148	94 27	62 121	50 79	52 22	1 39	9 139	64 137	93 92	49 8	60 177	12 51	5 96	98 120	10 77	39 139	53 130	76 199	99 56	79 96	6 56
3 192	64 36	27 196	72 151	95 31	51 157	56 67	99 117	8 39	22 98	32 46	54 26	65 139	46 9	70 56	60 194	21 95	10 93	89 116	12 94	90 44	96 114	7 82	83 189	36 70	49 66	41 50	17 11	53 179	52 126	35 37	31 84	62 199	26 2	84 98	14 138	16 196	77 104	4 140	15 104	76 171	1 69	23 133	5 121	85 105	88 115	18 128	42 40	37 185	55 125	81 93	87 57	6 136	39 186	80 125	79 107	57 155	66 189	86 45	94 88	98 109	75 157	71 195	92 19	19 84	59 15	82 27	78 42	58 181	30 141	43 75	68 6	29 100	69 187	91 136	2 151	44 177	11 42	38 39	74 19	20 45	50 143	97 175	9 173	47 103	25 70	0 5	48 73	73 69	63 154	67 61	34 51	45 182	24 90	93 13	28 82	13 148	33 74	61 162	40 135
59 199	7 123	41 134	71 178	98 85	28 31	8 134	68 196	85 19	99 188	72 23	60 97	39 42	33 160	14 193	34 34	90 91	97 25	25 139	13 193	47 129	49 27	46 147	75 88	79 111	9 108	6 113	18 86	77 179	55 54	66 106	27 141	3 123	26 109	92 157	57 25	78 29	94 166	19 63	56 3	11 150	15 95	43 50	37 131	32 152	67 102	62 92	83 64	20 111	84 189	74 90	58 13	76 66	31 113	23 145	35 116	22 96	63 168	10 147	48 191	54 144	73 19	88 198	64 166	16 47	96 170	86 143	69 159	29 151	81 132	80 154	70 71	4 111	51 88	65 20	91 123	45 3	36 150	2 153	40 44	61 120	89 68	42 187	1 28	52 96	17 180	30 131	82 16	5 39	12 94	53 188	38 167	87 167	24 112	95 29	21 198	93 150	50 154	44 39	0 152
12 117	74 165	10 181	34 75	25 145	51 143	49 53	70 55	92 18	23 121	48 123	1 196	78 106	20 169	98 92	46 192	5 177	53 45	2 126	30 93	43 22	55 85	24 4	26 81	72 67	82 195	80 74	11 145	28 51	33 49	86 13	42 129	90 72	66 26	32 11	7 86	22 192	37 164	36 51	6 34	50 148	95 28	35 155	31 82	57 194	77 80	76 106	58 8	9 192	45 12	73 153	3 118	94 62	17 30	41 57	60 155	99 54	0 121	47 15	19 151	21 78	16 69	93 75	63 26	89 148	85 51	65 57	56 156	88 134	52 71	18 199	44 94	38 87	96 166	15 151	81 148	40 27	64 167	79 120	83 153	67 120	54 72	39 48	97 172	68 72	69 130	8 62	61 159	13 188	84 175	91 88	71 11	29 111	4 158	75 199	87 94	59 163	27 146	62 4	14 71
71 187	82 43	41 114	83 47	25 33	95 10	8 6	87 74	55 35	9 179	48 116	3 45	26 136	91 197	19 107	39 158	79 22	15 48	92 29	44 71	66 157	49 108	37 196	67 52	76 114	38 136	65 155	16 145	89 140	28 58	13 139	81 87	1 147	45 41	18 91	84 62	12 188	31 181	96 71	24 122	75 199	61 168	46 88	33 76	17 82	77 5	29 184	0 98	35 47	34 57	21 14	5 142	80 162	97 146	50 53	56 111	62 41	4 160	85 24	86 94	30 29	40 50	74 105	90 13	72 109	7 188	63 196	64 15	6 186	27 99	68 165	20 184	70 73	78 115	59 186	14 71	32 81	98 29	43 126	94 114	57 198	88 63	47 31	58 55	99 150	54 174	73 156	11 9	53 62	10 162	2 151	42 76	22 72	36 45	93 199	60 34	23 158	52 66	51 154	69 100
8 95	77 123	40 75	1 161	42 82	21 101	20 20	35 20	36 68	78 3	91 94	12 129	51 180	24 42	60 185	45 31	22 181	79 44	31 161	72 97	44 174	65 86	54 7	39 5	71 150	48 167	18 94	87 33	68 66	10 15	47 46	58 15	85 67	37 175	73 160	59 6	74 163	84 94	7 41	75 39	9 38	81 42	41 106	80 5	88 33	2 149	86 179	66 126	53 44	57 57	26 69	92 67	89 106	50 87	11 117	94 144	0 114	33 87	61 106	4 93	19 114	43 163	69 121	93 169	14 28	63 86	30 80	17 47	25 26	5 139	28 55	32 112	56 35	82 98	64 89	15 103	95 58	49 199	98 93	62 147	6 159	70 75	96 57	83 114	38 18	16 73	13 106	90 48	23 141	34 199	27 121	55 84	29 189	67 46	52 16	3 30	97 102	76 17	46 34	99 141
39 172	17 129	45 83	31 135	75 115	28 94	34 159	35 175	81 56	76 80	29 83	15 178	88 175	58 102	84 67	78 27	47 188	5 54	7 52	73 192	14 56	89 8	41 200	33 8	64 158	19 37	95 47	10 159	91 110	21 194	79 119	69 41	72 112	1 189	9 131	60 50	85 133	87 199	53 75	13 3	32 107	68 133	42 89	57 10	54 144	80 170	83 13	63 48	8 90	23 63	74 177	77 92	2 167	55 7	50 83	43 100	12 128	0 63	48 175	49 69	6 118	18 193	46 188	25 162	26 198	90 98	66 21	70 151	3 58	98 72	86 174	59 136	99 48	92 6	24 107	16 78	82 166	11 198	56 168	20 118	22 1	37 118	44 13	30 46	4 199	96 94	65 62	36 194	52 40	93 26	94 70	40 179	97 29	27 149	51 189	71 65	62 200	38 88	61 24	67 124
64 104	95 24	91 106	60 133	78 125	82 2	97 77	2 175	38 143	88 163	67 172	49 105	71 146	50 83	14 171	81 83	79 126	85 166	0 18	11 93	86 166	17 133	72 125	7 37	10 169	39 10	1 62	33 133	84 114	51 93	30 14	92 76	29 154	8 147	34 49	28 43	18 84	31 109	26 139	76 16	87 74	27 85	65 21	12 87	47 44	48 14	13 165	4 142	36 40	19 29	6 178	9 72	46 85	74 168	61 122	75 153	16 62	32 48	66 181	57 70	54 62	37 2	98 38	90 59	99 158	22 79	20 120	44 23	96 3	63 57	58 10	62 159	43 31	45 142	68 146	5 79	21 142	89 79	59 193	41 196	52 30	93 118	80 112	83 71	56 121	3 54	42 168	35 151	55 14	15 11	69 7	25 137	73 141	23 46	70 24	77 195	24 127	94 124	40 176	53 3
