100	5
2 10	4 194	1 160	0 181	3 24
3 119	1 83	0 87	2 68	4 92
0 108	3 185	2 59	1 100	4 128
2 128	1 88	0 121	3 115	4 52
4 2	0 76	1 170	3 183	2 193
0 37	4 6	2 145	3 120	1 125
2 28	0 61	3 57	1 106	4 190
4 19	0 1	2 107	3 68	1 153
2 149	1 132	4 112	3 187	0 81
4 61	2 200	1 168	0 71	3 148
0 112	3 149	2 131	1 144	4 156
0 118	1 163	3 132	2 136	4 133
0 122	4 165	1 46	2 106	3 130
1 59	4 185	0 34	2 178	3 193
0 14	3 127	4 24	1 119	2 11
2 30	0 83	3 84	1 36	4 43
4 127	2 7	0 89	3 129	1 116
0 80	4 175	2 123	3 40	1 171
3 184	2 143	0 7	1 193	4 162
3 103	4 27	0 54	1 31	2 80
2 17	1 193	0 187	4 80	3 186
2 141	0 45	4 6	3 7	1 23
1 134	3 106	0 75	2 97	4 150
3 107	0 86	1 174	4 115	2 103
1 47	4 4	2 184	0 29	3 9
2 15	3 190	1 151	4 116	0 95
4 13	1 65	3 87	0 56	2 23
0 5	1 103	4 167	2 154	3 30
1 189	3 139	0 197	2 157	4 94
4 165	2 51	0 144	3 48	1 106
2 185	0 171	1 84	3 131	4 101
4 192	3 112	2 105	0 133	1 168
2 184	3 18	4 67	1 33	0 152
2 128	4 84	1 152	0 45	3 152
3 184	1 188	4 133	0 78	2 123
4 39	0 192	3 109	1 19	2 16
3 110	1 5	0 120	4 41	2 68
2 25	0 194	4 114	3 52	1 37
4 179	2 167	0 187	3 117	1 106
4 132	2 120	3 113	0 79	1 20
3 189	4 194	0 105	2 34	1 86
0 35	3 156	1 141	2 113	4 183
1 172	0 66	2 43	4 101	3 38
2 183	3 163	0 83	1 55	4 25
1 138	4 59	0 131	3 64	2 6
0 199	3 84	4 192	2 73	1 111
0 126	4 182	1 62	3 12	2 64
1 30	0 168	4 139	3 10	2 14
1 67	0 5	3 64	4 155	2 156
3 47	1 34	2 123	0 139	4 58
1 145	2 42	0 43	3 198	4 5
1 55	0 145	2 100	4 55	3 94
1 127	3 188	2 15	4 195	0 93
1 192	0 38	4 105	3 83	2 76
2 57	4 173	1 131	3 39	0 15
3 139	0 187	4 111	1 85	2 58
2 183	4 115	0 106	3 12	1 186
1 151	0 10	3 154	4 160	2 8
2 177	3 101	0 167	4 113	1 166
3 69	0 164	2 51	1 29	4 27
1 4	2 140	4 75	0 109	3 180
1 65	2 191	0 111	4 35	3 157
1 67	3 88	0 40	4 29	2 181
0 127	1 72	4 96	2 193	3 29
0 123	1 40	3 67	4 20	2 77
3 94	0 31	1 28	2 65	4 192
4 149	1 99	2 13	0 171	3 148
1 23	4 96	0 64	3 99	2 151
4 164	2 144	0 184	3 120	1 149
3 48	4 136	2 174	0 51	1 92
0 183	1 121	2 13	3 115	4 85
0 152	3 47	1 141	2 26	4 138
0 47	1 64	3 128	4 170	2 193
4 85	0 6	2 128	1 5	3 9
0 19	1 139	4 62	3 44	2 197
3 94	2 62	0 180	4 135	1 175
3 168	4 91	2 85	0 45	1 151
1 99	3 56	4 80	0 90	2 127
2 174	4 133	1 119	3 129	0 44
0 16	4 113	1 124	2 10	3 143
1 124	4 170	2 165	0 93	3 72
3 191	2 112	1 149	0 50	4 190
1 46	0 65	3 174	2 45	4 153
4 9	2 65	1 14	3 54	0 49
0 56	3 53	2 164	1 176	4 75
0 79	1 43	4 32	3 149	2 86
1 74	3 195	4 8	0 190	2 50
4 41	3 65	1 154	0 47	2 26
4 195	2 192	3 48	1 26	0 113
1 103	0 19	4 183	2 5	3 114
0 134	1 19	3 138	4 132	2 171
4 9	2 6	3 37	0 130	1 41
2 126	0 96	3 81	4 11	1 62
2 41	3 128	4 49	1 12	0 110
1 119	3 109	0 174	4 17	2 84
2 169	1 3	3 70	0 182	4 102
1 181	0 149	4 69	2 109	3 8
1 100	4 14	3 75	2 91	0 173
2 101	4 26	3 132	1 47	0 182
4 82	3 4	2 54	1 157	0 186
