40	15
10 50	1 55	5 42	6 48	7 49	9 53	14 49	0 50	13 55	2 45	4 47	8 55	3 48	12 43	11 41
11 46	0 41	1 50	6 49	8 50	7 50	10 60	4 45	9 54	12 42	13 43	3 48	14 55	5 56	2 55
0 46	9 57	11 55	1 44	7 51	14 51	13 47	8 53	5 55	3 56	6 54	10 52	12 54	4 49	2 47
9 55	6 43	12 56	14 61	1 41	7 51	10 53	13 52	3 54	2 57	11 57	8 54	0 53	4 46	5 44
10 53	2 56	13 50	9 49	11 54	0 45	12 48	1 56	6 40	8 53	3 48	5 46	4 44	14 39	7 50
14 58	2 50	4 48	12 55	10 56	5 57	6 51	13 49	8 44	9 45	1 58	0 46	7 48	3 52	11 50
11 57	8 47	0 50	14 49	13 46	7 39	6 46	12 53	10 51	1 44	5 49	9 50	2 52	4 57	3 42
0 47	5 54	13 48	1 44	10 52	2 51	14 52	4 52	6 56	12 49	9 51	11 54	8 57	7 51	3 58
3 50	0 48	4 58	12 53	7 41	5 45	2 54	10 50	14 58	6 46	9 40	1 52	8 53	13 55	11 45
3 53	13 48	5 50	14 39	4 48	0 47	11 42	1 53	9 54	6 51	2 50	10 50	8 55	12 45	7 53
2 51	0 53	1 49	6 49	3 55	8 57	4 49	13 47	14 56	11 61	5 51	10 38	7 49	9 47	12 43
5 40	9 56	0 49	1 43	4 56	10 47	12 48	3 55	2 52	13 50	14 50	7 48	6 48	8 52	11 47
1 56	11 38	5 62	4 42	0 48	3 53	8 56	2 55	12 53	10 54	13 51	9 48	7 49	14 47	6 43
4 47	12 48	5 43	10 51	1 54	8 45	3 49	0 60	11 48	14 54	13 51	2 51	7 46	9 47	6 48
5 44	14 45	12 50	13 60	3 44	1 47	4 52	2 52	0 38	8 56	9 50	6 49	10 48	11 48	7 43
3 48	0 51	14 53	4 51	1 54	6 60	9 43	5 48	7 48	13 50	12 57	2 51	11 48	10 42	8 52
13 52	7 43	2 53	10 59	9 55	6 44	12 39	1 44	3 54	8 50	14 49	11 45	4 52	0 48	5 58
9 54	2 46	1 47	0 47	13 40	10 44	3 50	11 52	7 57	4 52	6 47	8 53	12 58	5 42	14 46
12 43	0 41	5 53	3 50	2 50	1 44	6 53	7 53	13 50	8 53	14 46	4 42	11 54	9 61	10 48
7 49	14 53	10 52	13 48	11 54	12 55	5 58	9 46	6 53	2 49	0 59	3 51	8 55	4 49	1 53
7 48	13 44	14 52	10 44	0 54	6 55	3 54	1 44	5 41	11 47	9 44	2 52	12 48	4 57	8 53
6 51	9 45	7 52	0 60	3 49	10 50	5 48	11 51	12 38	4 44	1 58	2 46	14 50	8 52	13 50
6 49	3 50	8 50	11 51	12 53	13 52	4 47	9 55	7 53	5 45	1 41	14 53	10 43	0 56	2 45
5 51	1 55	6 40	14 53	12 45	11 43	2 45	0 46	3 41	4 61	13 44	9 47	10 39	8 48	7 51
3 52	11 48	7 49	12 54	13 56	9 40	6 45	1 45	5 47	8 48	0 45	14 47	10 53	2 45	4 55
9 57	5 54	12 55	7 50	1 46	14 53	4 55	11 49	3 44	10 54	0 44	2 45	8 48	6 47	13 55
10 53	4 47	3 43	2 52	1 53	8 42	9 50	6 57	0 41	12 40	14 59	13 48	11 51	7 49	5 48
12 45	5 44	3 51	13 52	8 51	11 57	0 54	4 53	6 58	2 46	7 64	14 46	10 42	9 50	1 46
2 54	10 52	3 59	7 39	0 49	6 55	1 47	12 50	14 45	13 40	9 51	5 41	11 46	4 54	8 47
12 50	14 48	13 52	3 49	5 42	4 65	1 45	2 54	0 45	11 49	6 44	9 45	10 40	8 59	7 51
6 49	4 45	14 54	9 48	5 49	11 48	7 60	0 52	1 55	8 43	3 57	13 47	12 53	10 40	2 44
3 49	2 62	8 54	11 55	10 52	4 53	7 50	9 50	12 52	1 43	6 44	5 42	0 51	14 49	13 56
13 51	6 52	3 51	2 49	1 46	0 55	14 44	4 48	11 49	9 52	7 49	10 48	12 48	8 44	5 48
2 53	9 61	10 52	7 52	14 44	13 47	0 50	1 51	4 51	3 52	5 54	8 59	6 52	12 53	11 49
0 48	5 46	9 47	1 50	8 48	10 49	11 44	3 48	4 59	12 44	14 50	13 45	7 50	2 43	6 46
6 52	13 47	14 53	10 52	0 50	9 56	12 50	11 45	5 48	8 45	7 54	3 52	4 56	2 55	1 49
1 50	2 45	8 45	9 45	5 47	10 57	6 50	3 48	12 48	7 48	4 51	13 54	11 49	0 48	14 55
11 48	8 52	2 53	7 47	4 48	14 50	5 41	13 48	10 51	1 45	6 49	12 49	9 49	0 48	3 46
3 54	1 43	13 53	10 63	9 55	8 51	12 50	2 49	7 54	6 57	11 54	0 44	5 44	4 51	14 51
2 45	7 46	4 57	14 47	8 54	13 54	10 54	3 56	5 56	12 55	0 55	6 49	1 49	11 49	9 47
