40	60
59 45	10 56	50 55	32 45	21 57	17 54	1 52	41 49	49 48	23 56	18 41	29 49	0 57	28 45	43 40	47 51	5 56	46 60	36 52	34 52	56 51	54 52	52 52	40 52	25 60	2 50	19 47	53 52	7 47	12 54	38 52	31 49	45 53	44 54	22 56	37 50	58 45	24 44	26 49	55 52	14 48	20 40	33 53	57 59	9 50	27 53	15 47	6 53	42 42	8 48	35 47	16 56	48 51	30 59	13 49	11 50	39 46	3 54	4 53	51 54
49 46	46 53	42 43	15 61	17 49	31 47	7 51	55 56	52 53	58 49	56 53	14 51	1 48	34 53	29 51	33 49	44 51	8 53	59 57	20 52	2 49	11 46	3 51	45 44	24 36	39 50	37 53	16 52	19 54	6 57	35 52	57 47	47 50	40 46	51 52	18 37	10 50	41 47	32 48	53 56	21 50	30 47	48 51	50 55	23 47	43 44	12 54	22 50	28 54	13 46	26 53	5 52	9 45	27 38	25 56	36 52	0 37	38 56	4 58	54 51
55 52	3 57	5 52	54 52	59 53	50 50	37 53	13 46	44 55	57 49	32 44	22 51	14 57	40 50	31 57	28 43	53 49	21 51	7 42	20 42	23 53	10 55	6 50	56 49	11 50	2 51	46 51	48 50	0 56	45 52	41 47	18 54	58 49	34 51	4 50	26 55	12 48	33 55	15 50	52 56	1 45	29 63	24 47	49 49	36 53	30 45	19 49	43 45	38 55	35 48	9 54	39 45	27 50	25 51	42 49	17 48	51 51	8 42	47 60	16 50
36 49	6 57	48 52	20 54	9 51	17 45	56 47	41 40	15 53	27 44	33 43	13 54	53 44	22 55	0 49	26 54	11 44	44 52	51 45	35 48	30 42	59 58	2 45	42 60	54 53	7 53	40 55	50 50	46 51	32 54	4 44	49 51	28 42	57 46	34 51	3 50	58 33	23 53	43 47	38 54	8 54	45 53	55 47	29 41	24 49	47 44	31 51	21 61	25 46	14 47	5 48	18 48	37 45	52 50	12 64	16 51	10 45	19 63	1 48	39 50
33 50	22 53	15 51	31 50	51 49	9 49	53 46	46 52	49 49	18 46	12 51	50 52	2 48	8 49	56 43	41 49	16 50	14 49	47 46	29 54	13 60	54 56	26 53	6 47	21 41	40 42	42 47	34 53	1 46	37 49	35 52	24 55	27 40	39 45	10 48	58 53	48 43	20 45	59 45	32 45	43 52	30 55	7 61	45 51	3 56	36 53	52 47	57 50	55 48	28 49	11 53	38 52	25 52	17 57	44 56	19 53	5 61	0 45	4 51	23 52
33 48	11 45	10 50	38 48	37 52	57 50	16 52	46 52	17 45	0 42	36 50	23 52	54 48	20 48	59 47	44 44	3 49	31 51	18 54	48 41	45 52	4 47	32 46	9 41	56 40	42 57	53 53	51 51	39 51	52 52	24 44	7 54	13 47	6 49	30 53	40 52	15 47	29 49	50 64	19 48	14 50	47 54	5 52	41 57	21 49	12 51	1 66	58 46	49 49	35 47	22 44	55 58	27 50	43 51	8 56	25 45	34 53	28 51	26 50	2 47
14 43	26 48	40 56	46 51	31 47	45 51	43 43	35 57	36 41	6 40	10 52	20 44	49 50	56 56	41 45	17 54	22 52	4 52	48 47	0 38	16 40	23 53	42 54	9 47	21 48	38 49	57 51	30 49	5 54	51 52	53 42	39 47	59 51	50 49	28 46	52 46	37 52	13 46	58 52	2 46	1 45	29 58	33 53	47 52	3 59	12 51	27 53	32 48	34 43	54 51	18 46	55 61	44 43	25 46	7 63	11 44	15 51	8 56	24 48	19 49
49 56	40 41	10 45	59 49	38 53	54 47	21 48	58 49	18 48	33 38	19 50	51 56	50 55	24 58	39 48	16 40	11 49	27 57	36 48	29 55	2 52	20 45	4 50	8 41	35 42	13 54	32 54	57 50	56 46	30 52	46 53	25 50	34 56	3 51	44 48	17 57	22 38	6 54	31 49	15 52	53 43	43 38	28 53	7 51	41 46	9 42	47 47	1 53	52 49	45 46	12 55	37 58	5 48	42 53	26 57	14 57	0 54	55 50	23 46	48 46
58 51	56 54	6 52	38 49	24 49	52 59	36 43	30 52	50 48	43 52	45 46	54 49	3 33	32 52	31 47	57 52	48 50	17 44	14 46	49 54	33 39	59 51	7 45	21 47	44 40	35 54	41 61	13 47	9 48	2 45	4 40	27 46	40 37	28 52	37 51	0 42	11 57	1 56	20 55	22 39	47 58	34 42	5 47	16 53	55 51	18 53	39 49	42 47	25 53	29 42	12 42	23 54	26 57	19 53	15 52	8 51	46 54	51 50	53 52	10 45
26 52	50 47	30 53	53 45	31 56	15 46	19 51	33 52	3 58	36 45	37 43	51 49	46 49	8 46	4 55	58 54	23 52	10 53	43 50	16 49	11 52	42 56	6 48	17 49	52 49	29 50	22 46	35 58	40 54	28 48	2 52	34 52	41 54	14 45	55 44	54 47	44 44	9 59	57 57	5 49	7 47	21 46	24 44	38 50	1 56	39 48	0 47	49 56	45 55	32 47	47 49	12 50	25 58	13 46	56 49	59 50	18 49	20 55	48 50	27 56
49 54	51 42	25 56	55 49	44 55	9 51	10 43	32 45	22 44	34 54	8 46	23 49	21 54	48 48	14 43	50 43	31 56	1 53	5 50	56 44	52 49	57 54	0 51	3 45	16 41	54 55	43 49	18 47	6 56	27 44	59 55	45 54	4 47	58 38	41 53	20 57	26 53	28 48	13 52	46 52	15 45	24 54	2 43	38 49	40 47	29 54	35 48	17 45	37 54	7 55	39 53	47 47	19 53	11 58	33 40	30 48	53 50	12 49	42 45	36 48
1 47	26 52	18 50	21 49	43 50	44 56	25 47	20 56	12 45	59 48	8 54	4 46	6 47	40 48	38 53	14 51	5 48	56 53	33 43	36 48	32 53	3 46	51 48	52 53	17 52	49 48	35 50	23 59	9 56	53 48	0 49	2 49	19 46	42 48	58 60	41 62	27 49	16 47	39 46	48 44	45 55	7 52	28 54	11 51	10 59	13 50	54 49	24 51	46 55	29 49	47 49	31 52	57 48	22 46	37 53	34 52	50 48	55 53	15 55	30 50
29 54	35 47	5 40	43 49	40 52	45 46	17 48	49 62	15 47	53 54	1 41	13 43	34 52	36 46	55 51	12 51	38 52	0 48	24 47	8 50	30 48	3 48	16 47	21 51	37 47	27 53	58 47	19 40	7 51	46 47	18 47	47 48	44 48	22 47	11 42	41 55	56 56	20 50	10 53	33 44	25 38	57 49	48 48	51 47	9 52	59 50	2 50	50 46	14 46	42 48	23 51	31 51	26 53	39 53	52 56	4 55	32 44	6 54	28 44	54 54
4 46	56 46	17 49	19 58	44 47	18 51	7 53	59 38	40 33	5 52	41 51	11 54	46 47	31 45	28 50	39 47	57 47	8 58	55 50	38 51	6 41	33 55	0 50	45 58	27 52	36 48	53 61	42 42	21 44	20 64	13 49	3 59	35 48	32 54	58 46	30 56	23 46	1 49	22 60	2 44	54 53	16 50	52 47	14 60	29 56	51 49	34 52	43 46	49 59	25 42	47 43	26 47	10 51	12 51	37 47	50 53	15 60	48 54	24 48	9 50
54 45	46 48	25 56	48 52	44 58	6 45	30 42	55 47	13 46	16 49	39 47	57 50	28 51	51 48	58 45	53 49	1 49	45 49	34 48	9 40	7 58	24 47	27 46	18 50	33 46	37 48	15 47	59 53	22 43	56 59	52 52	19 50	20 52	14 54	23 52	49 45	21 48	29 40	11 54	50 56	43 48	47 52	0 53	17 50	26 53	10 50	40 43	41 47	42 55	31 43	38 48	2 46	5 46	32 46	12 56	35 53	3 52	36 49	8 48	4 48
16 49	44 53	9 48	31 55	26 49	54 50	48 42	10 52	4 52	30 65	17 44	58 49	2 55	21 45	50 47	6 50	28 55	42 52	11 50	47 50	57 37	0 47	49 52	14 44	18 49	41 51	52 51	25 51	32 47	55 60	7 46	23 47	43 57	3 45	22 45	38 49	36 55	8 50	13 55	56 52	45 46	15 57	29 42	37 51	19 56	24 57	40 47	27 46	34 49	46 52	33 42	59 53	1 41	20 50	39 52	35 53	51 47	53 53	12 48	5 55
44 47	25 46	23 45	53 55	26 55	54 36	10 45	57 56	38 52	16 55	24 47	36 56	29 50	47 43	52 60	14 54	40 50	12 50	31 50	18 55	50 42	9 43	2 51	27 51	19 54	6 49	51 57	1 43	3 42	8 50	43 54	28 51	15 58	49 41	41 41	4 50	7 50	32 40	55 53	0 52	46 52	56 44	45 47	33 48	22 54	30 47	20 46	35 59	42 51	11 46	21 43	5 44	37 51	59 57	58 47	13 50	17 48	34 55	39 51	48 51
58 56	54 36	39 54	19 54	14 48	8 45	37 47	50 54	38 50	27 49	55 42	3 49	6 45	29 53	35 47	13 44	43 48	23 47	17 53	47 56	5 53	42 56	1 51	56 36	12 47	36 51	7 53	24 52	53 49	2 48	44 52	28 50	25 52	33 38	4 58	9 46	59 48	51 47	46 43	21 52	40 40	20 54	15 44	16 54	57 50	22 45	49 50	41 52	34 52	32 46	11 47	18 51	0 47	30 48	48 50	52 43	10 49	45 57	31 52	26 46
11 42	40 52	49 54	46 44	32 48	39 34	15 57	16 56	1 56	33 37	8 56	26 45	37 48	17 54	52 48	5 53	58 43	3 45	55 45	18 46	12 51	10 52	31 49	43 48	57 56	47 49	20 53	25 46	28 52	23 46	14 52	56 47	35 51	24 44	54 48	29 45	6 54	4 49	50 47	2 43	34 52	0 49	44 54	45 51	41 47	27 45	59 48	30 42	36 59	42 54	53 47	9 49	19 54	21 41	38 49	48 49	13 50	7 50	22 46	51 52
4 44	37 49	14 47	57 51	49 49	20 48	23 51	19 41	41 43	56 44	6 43	55 50	0 53	3 51	5 53	27 60	58 50	48 54	7 45	46 45	28 53	50 52	54 46	38 39	33 55	30 52	25 45	29 50	40 50	22 55	31 44	24 48	35 60	8 48	10 59	17 48	12 47	1 49	44 51	52 53	13 47	34 49	2 55	53 51	36 57	26 47	18 51	59 46	42 47	47 49	15 46	16 50	43 41	9 41	11 50	32 46	51 48	45 47	21 52	39 50
38 53	13 52	50 52	26 50	8 51	42 46	10 54	25 60	24 47	57 42	27 51	12 54	39 48	18 54	15 42	9 54	55 50	14 51	54 48	35 59	28 50	11 53	36 50	30 54	40 54	2 50	6 45	51 56	43 56	49 49	31 42	48 45	19 44	37 43	0 51	58 46	44 52	22 50	23 56	56 55	34 49	59 55	46 57	7 42	5 51	33 57	53 52	4 51	41 54	1 47	52 45	47 54	16 49	32 53	29 53	20 45	3 49	21 59	45 47	17 51
23 50	43 56	8 48	41 44	4 48	59 53	18 47	49 49	31 50	21 48	2 48	20 49	3 55	47 53	13 47	36 53	27 51	57 44	12 49	22 46	6 53	28 53	7 49	42 45	55 51	14 49	39 46	16 47	40 51	33 48	34 59	1 59	0 51	29 57	50 50	24 48	35 51	58 45	44 53	54 49	32 57	26 40	38 51	5 56	53 50	15 50	48 43	46 50	56 56	51 51	37 40	25 50	30 51	45 48	17 46	10 42	9 48	52 45	11 58	19 48
59 64	17 53	10 53	35 55	8 53	0 58	32 48	5 58	1 56	6 46	33 62	46 56	21 52	51 47	22 46	23 54	14 46	7 54	28 41	34 51	9 48	49 51	45 54	47 44	16 46	50 54	48 55	2 49	40 45	11 46	38 51	52 48	19 50	39 55	30 52	31 53	43 60	36 49	20 50	44 46	58 45	13 51	55 49	37 52	56 50	42 43	27 46	3 52	4 52	24 48	15 47	26 50	25 48	57 54	53 45	12 47	29 54	54 49	18 54	41 51
55 49	3 48	15 52	53 50	13 48	4 54	7 45	27 50	48 59	12 53	20 56	14 50	54 48	5 57	26 49	58 48	32 39	30 47	17 49	22 53	47 59	19 52	31 48	9 53	57 51	34 46	0 53	29 52	43 51	28 41	11 50	52 47	25 51	44 42	50 59	18 58	37 40	33 56	45 53	51 44	36 53	24 49	49 51	35 51	2 51	39 45	10 44	6 44	1 53	8 44	42 45	56 45	21 49	41 49	23 50	46 48	40 44	59 49	16 57	38 53
22 49	38 52	31 45	48 46	4 50	16 44	39 52	35 45	9 56	1 53	29 43	15 59	5 39	10 51	42 49	21 43	6 63	30 53	14 50	8 50	47 48	17 48	41 54	11 47	28 52	12 49	18 41	32 52	45 52	53 50	33 42	59 52	58 50	52 49	19 50	2 49	25 46	3 50	7 41	43 44	13 55	40 45	37 55	20 55	0 52	55 50	24 45	57 48	23 58	26 56	49 51	27 56	46 47	34 51	50 44	36 42	51 48	54 45	44 52	56 53
25 50	16 43	41 43	53 60	11 54	13 51	46 51	49 51	59 51	2 48	54 51	5 52	28 47	0 50	22 52	18 53	44 46	23 48	50 51	31 54	33 46	20 56	47 51	27 53	19 53	26 52	39 45	8 48	17 50	58 48	45 49	30 52	56 49	38 49	43 52	36 49	35 49	29 50	14 53	1 53	24 44	34 44	4 49	12 53	9 53	48 46	40 52	10 54	7 51	55 53	3 41	52 54	32 48	51 48	42 61	37 45	57 47	6 59	21 46	15 52
6 47	17 44	26 50	52 44	46 57	4 37	12 48	29 50	43 46	25 52	36 46	9 51	49 50	56 51	16 59	0 52	35 47	54 47	10 49	59 53	51 57	42 51	45 51	24 55	38 59	22 46	21 59	32 51	18 46	30 54	50 57	44 52	39 50	19 52	47 42	48 44	13 43	31 47	20 43	34 43	2 56	55 54	28 49	33 59	5 56	53 52	58 55	8 48	40 41	1 53	23 57	41 46	3 37	15 54	7 54	27 46	57 52	11 53	14 53	37 53
31 48	23 54	3 52	25 53	58 48	11 58	6 54	28 51	40 54	53 45	54 48	34 56	22 52	21 48	57 45	50 53	36 51	15 52	32 57	37 46	42 52	16 54	47 47	43 61	4 48	51 48	24 49	27 53	20 56	8 46	41 44	9 49	45 44	2 51	33 59	59 57	46 52	38 59	39 48	13 48	10 52	44 47	26 56	49 55	18 51	52 51	12 48	29 51	17 40	1 50	30 49	56 49	48 50	55 45	35 49	7 50	14 50	5 62	0 59	19 47
32 46	17 43	50 49	25 44	37 42	39 34	57 55	7 46	28 46	2 45	42 48	44 45	46 53	33 52	29 47	12 52	23 59	5 46	58 56	4 51	10 62	53 47	52 47	56 53	9 47	11 37	34 52	41 47	1 43	8 58	15 51	38 47	0 46	14 46	3 56	59 48	20 55	27 57	54 56	31 42	48 48	24 63	22 54	45 49	21 49	13 50	51 53	6 40	19 47	40 48	47 56	26 57	55 44	18 47	16 46	36 52	35 55	30 42	49 57	43 48
48 49	45 39	44 46	11 50	18 59	30 54	23 55	57 45	56 42	4 45	24 54	6 45	31 47	7 55	17 49	10 42	15 50	51 57	37 56	36 50	43 52	50 49	21 55	52 59	29 57	12 54	20 51	13 58	25 47	32 49	1 58	34 49	54 53	49 50	27 49	59 45	53 39	19 54	38 51	42 47	9 52	33 50	46 49	8 49	28 51	22 55	40 49	55 51	16 53	26 53	2 48	0 59	3 45	47 48	14 46	41 44	39 56	58 57	35 43	5 59
42 55	59 46	47 43	20 50	16 52	33 48	3 48	36 46	14 52	30 53	55 42	4 52	40 53	15 41	49 49	39 47	56 48	43 51	23 51	10 52	1 50	27 48	45 58	24 58	25 40	8 47	21 44	5 54	18 52	44 46	26 45	12 45	54 62	17 47	11 60	31 57	48 65	50 50	6 47	51 49	37 48	9 57	22 52	7 51	58 47	32 50	46 40	35 55	52 52	2 47	34 52	41 43	0 51	19 46	29 45	57 54	53 52	38 55	13 48	28 50
37 55	4 49	39 51	44 54	25 55	59 37	45 56	38 51	29 45	57 45	40 52	32 55	17 51	1 43	46 58	6 49	52 53	16 52	22 58	31 55	51 57	35 53	20 49	11 55	12 46	13 53	48 42	7 50	30 52	53 57	27 55	23 48	0 61	50 51	3 45	36 50	8 52	9 54	15 45	24 45	14 45	18 49	43 47	2 61	5 50	42 55	55 48	41 46	26 51	10 55	19 54	33 52	49 55	56 48	28 38	54 52	58 49	21 46	34 43	47 52
9 51	35 39	18 46	0 54	29 47	3 56	1 43	48 46	36 47	4 48	26 52	49 56	20 51	10 43	50 41	46 58	39 48	44 43	19 54	43 51	7 58	40 55	25 39	23 52	13 46	32 54	45 47	22 49	8 55	31 45	54 59	57 47	58 53	28 52	12 52	56 53	15 52	47 50	53 45	55 47	34 50	33 47	6 49	37 38	24 50	27 55	51 49	16 57	59 55	5 43	14 50	41 51	42 46	11 45	38 52	17 50	52 60	2 46	21 54	30 50
50 45	20 53	6 40	46 51	9 56	28 45	19 55	39 47	56 54	33 47	21 59	47 48	13 55	7 62	53 59	35 46	1 45	24 53	57 48	37 51	11 51	42 60	8 53	16 42	23 55	43 59	29 53	41 56	30 47	55 45	10 62	14 56	34 51	0 50	26 54	5 57	44 56	31 52	25 54	22 52	18 46	45 44	27 45	38 45	32 47	2 50	48 43	17 37	40 48	58 47	49 49	4 46	15 48	36 46	51 52	3 58	54 51	59 46	52 46	12 46
25 52	26 45	56 47	29 38	14 58	24 57	52 58	12 46	46 54	55 45	32 44	59 55	30 51	28 56	50 46	15 44	53 50	36 51	44 48	54 44	23 47	42 42	38 50	5 47	20 53	45 51	0 52	4 50	21 47	27 53	1 53	35 44	3 45	51 46	9 53	18 42	22 45	43 39	58 51	17 50	13 53	6 48	2 53	10 51	8 48	49 53	57 44	37 46	16 53	33 57	34 58	31 49	47 53	11 54	48 59	39 40	40 44	41 54	19 55	7 52
51 44	9 48	34 51	1 49	59 52	57 51	44 55	48 51	3 50	10 56	22 44	26 45	37 41	38 52	30 44	41 45	40 44	55 56	50 51	46 41	4 49	53 49	43 56	11 49	16 52	14 53	58 44	33 47	47 46	49 42	15 52	42 50	18 53	39 51	17 55	5 42	6 47	21 48	56 46	19 41	20 45	28 45	25 49	36 50	54 55	31 49	13 51	32 41	2 54	45 52	29 54	27 57	12 46	8 57	7 56	24 49	0 48	23 46	35 43	52 49
16 53	24 48	44 49	36 53	47 49	49 56	45 46	0 45	19 48	38 40	3 54	13 52	46 50	9 59	57 47	51 43	15 50	56 45	11 53	25 48	12 50	23 47	26 49	1 47	29 49	35 56	53 50	8 49	58 49	4 61	30 52	43 45	40 57	14 47	32 58	52 59	27 46	50 45	55 54	39 51	54 46	5 54	59 46	17 47	20 46	37 48	34 53	6 38	31 50	10 53	28 48	33 57	42 59	22 50	48 54	2 46	7 49	41 48	21 48	18 49
46 55	9 54	13 56	28 41	33 46	54 48	58 47	39 49	37 55	7 47	17 49	22 55	15 42	30 53	23 43	16 52	34 53	32 51	10 48	49 49	50 48	41 41	8 47	0 48	38 47	27 55	6 53	59 51	52 44	48 56	26 54	44 52	3 47	19 48	11 54	40 60	31 48	57 44	35 46	56 47	18 52	55 49	4 48	53 53	36 50	29 55	1 53	2 46	43 50	12 54	14 49	24 46	42 51	45 55	20 52	47 49	21 42	25 47	51 43	5 56
25 54	4 48	53 55	2 44	15 52	50 53	21 43	11 45	33 52	0 58	20 48	7 48	31 52	56 50	45 50	43 57	30 49	1 46	47 48	35 53	58 49	26 43	48 50	46 54	16 53	42 43	14 48	24 51	29 52	17 53	41 51	59 52	32 45	8 46	55 52	51 56	38 53	44 42	54 52	57 55	5 61	37 38	10 57	39 51	19 60	9 53	23 47	34 52	22 44	52 51	13 58	3 47	18 47	28 48	36 56	27 43	40 50	6 51	49 55	12 52
24 54	32 44	4 47	51 40	54 51	19 38	35 43	0 57	38 46	47 62	55 60	31 49	45 46	53 41	34 45	36 50	3 54	12 49	27 51	56 49	15 48	17 45	6 51	39 41	41 54	40 55	43 51	20 48	28 45	50 49	52 38	16 56	42 44	2 44	59 55	13 50	44 49	8 51	49 55	23 49	25 58	11 53	7 55	10 50	18 44	33 56	48 57	26 51	30 51	9 48	14 46	22 46	1 51	5 57	58 48	46 51	21 47	29 54	37 41	57 53
