100	20
1 12	14 87	8 142	17 147	3 192	15 32	5 112	4 137	13 49	0 70	6 31	19 80	11 76	9 25	12 50	7 142	18 167	2 139	10 132	16 33
14 64	12 116	7 56	6 134	17 36	13 43	19 176	9 193	10 27	0 89	18 54	2 97	5 5	8 190	15 6	11 23	16 193	3 41	1 158	4 138
7 178	14 94	8 79	18 149	4 15	13 17	9 148	6 1	12 187	19 42	11 53	17 77	3 65	10 128	16 55	5 74	2 119	0 124	1 59	15 71
2 34	8 78	3 179	14 134	10 5	1 173	15 192	0 39	6 92	12 61	18 117	9 159	11 175	17 6	13 52	5 61	4 42	7 150	19 113	16 1
13 178	12 24	1 89	3 64	17 11	14 154	6 50	19 195	5 26	9 4	0 131	18 63	7 103	11 181	10 40	15 52	8 99	2 133	4 108	16 172
19 84	16 124	4 155	9 113	17 85	12 159	18 179	14 171	8 129	6 128	11 40	10 20	7 165	13 26	15 84	5 111	0 150	2 170	1 31	3 101
16 89	13 82	10 188	8 137	3 41	11 137	0 188	9 171	12 134	17 183	2 170	4 36	15 100	6 96	19 26	7 196	5 79	14 163	1 25	18 162
2 29	4 188	13 152	14 158	19 87	8 15	5 116	6 147	15 139	0 169	3 131	12 142	10 142	11 104	9 169	18 18	7 67	17 163	16 194	1 140
9 142	16 119	0 120	3 121	13 93	19 54	5 106	11 33	7 50	8 157	18 194	6 104	15 101	2 191	14 102	12 177	1 83	4 30	17 120	10 63
14 111	9 140	5 131	6 163	15 185	4 110	18 98	0 131	16 41	13 56	7 30	10 142	17 178	1 78	11 116	19 162	8 102	3 140	12 63	2 67
8 32	17 185	18 73	3 181	7 50	11 186	12 174	14 112	0 171	5 167	4 57	16 67	9 112	19 26	2 184	6 116	15 168	1 2	10 89	13 86
0 114	4 183	2 147	6 138	10 16	19 85	7 61	13 116	12 157	11 142	14 99	3 171	8 115	1 89	15 74	9 115	18 3	16 35	17 70	5 127
3 70	2 136	8 159	1 143	18 182	5 101	7 143	11 69	19 51	12 19	16 124	6 136	4 118	10 137	0 28	9 154	15 15	14 172	17 76	13 7
2 178	0 93	7 169	3 184	17 155	13 3	4 17	10 85	9 10	1 102	19 166	12 55	6 199	16 181	14 44	11 97	8 63	5 138	18 105	15 130
17 139	13 176	11 129	8 45	9 83	6 137	12 31	2 174	14 118	1 151	7 178	4 193	18 177	16 110	15 2	19 57	3 127	10 106	5 61	0 108
11 154	6 28	2 25	0 46	16 193	3 15	17 38	1 189	5 113	19 100	8 188	13 121	9 39	12 184	15 84	4 183	7 15	18 115	10 132	14 77
4 83	2 157	17 91	3 141	13 36	10 36	14 200	1 168	19 131	8 94	5 13	0 84	11 135	12 187	15 56	7 116	6 134	18 200	9 197	16 181
15 185	19 189	6 183	10 37	2 148	5 186	18 63	17 113	16 156	13 39	1 96	7 126	8 65	11 75	14 114	4 159	9 137	0 122	3 75	12 58
18 149	14 132	15 121	19 85	5 9	12 96	10 182	16 9	0 200	2 4	1 63	17 42	3 105	13 64	8 78	6 56	4 114	11 144	9 78	7 81
12 163	15 136	17 189	11 117	13 7	9 159	0 148	6 158	16 11	10 80	3 17	18 9	8 181	2 60	1 170	19 194	5 62	7 17	14 151	4 49
13 151	18 191	7 78	1 91	19 32	14 69	17 89	8 123	10 76	5 192	11 35	12 133	3 67	0 50	4 159	9 6	6 20	15 124	16 194	2 8
7 128	9 125	14 47	15 20	12 108	5 165	6 149	10 30	2 154	1 117	16 147	0 185	17 106	3 170	19 157	8 80	18 116	4 107	13 188	11 57
8 100	10 158	14 2	19 64	18 185	2 25	7 156	11 122	16 157	9 15	4 140	6 18	17 79	12 175	3 94	1 156	5 120	15 13	13 25	0 126
5 119	2 134	8 176	3 126	13 122	17 180	4 92	9 95	12 64	1 78	7 116	15 81	11 95	10 66	0 133	14 48	6 11	18 69	16 192	19 43
8 36	14 112	7 101	17 37	10 100	0 83	15 64	18 124	19 187	13 60	5 155	2 29	11 148	9 114	3 163	12 109	16 54	6 109	1 145	4 199
3 152	10 34	4 132	18 176	14 43	5 10	11 130	16 22	0 119	19 22	12 100	8 22	9 95	2 93	15 138	17 20	13 197	7 51	6 59	1 59
5 64	13 45	4 90	19 193	0 136	10 100	2 169	18 46	9 88	16 191	15 59	11 16	17 179	12 123	3 168	6 89	8 196	7 102	14 100	1 94
16 198	19 28	14 79	4 93	15 165	13 175	12 96	7 101	10 143	17 20	6 52	18 99	1 140	9 80	0 69	2 137	11 32	5 52	3 32	8 38
14 35	16 164	3 139	18 17	8 79	5 31	1 111	17 114	4 105	7 176	0 135	11 93	10 22	6 50	19 80	13 72	2 8	15 190	12 145	9 50
4 173	11 139	3 165	19 124	0 178	1 152	13 40	15 79	10 155	8 115	12 191	14 74	7 60	2 126	16 16	6 116	9 181	17 52	18 108	5 132
9 104	10 47	3 72	13 178	18 160	14 46	12 25	17 15	0 37	2 192	11 100	5 171	19 189	6 180	7 137	8 124	4 120	15 13	1 143	16 157
11 59	17 193	1 31	4 157	3 168	8 103	2 106	16 180	14 161	18 99	9 200	15 34	10 186	0 140	19 160	5 75	6 165	13 169	7 128	12 41
8 160	3 188	17 131	12 170	16 95	4 19	18 80	7 88	0 189	15 96	14 52	11 192	1 124	10 145	13 25	2 194	19 198	5 135	9 44	6 124
3 174	0 58	12 129	19 31	9 122	11 134	18 110	17 60	6 109	4 94	2 112	5 24	10 47	15 20	14 185	16 121	7 161	8 36	13 110	1 101
18 94	2 15	15 12	14 55	16 145	19 163	6 193	3 183	10 140	5 22	8 17	4 89	9 20	17 145	7 109	11 189	1 149	13 113	12 23	0 60
2 151	18 40	16 108	7 42	12 87	13 144	5 42	10 37	6 97	1 113	4 193	15 113	19 198	11 180	9 89	14 81	17 73	3 119	8 100	0 11
12 192	10 146	16 37	14 132	13 183	4 54	6 142	3 44	0 33	11 15	18 92	1 71	15 192	7 43	8 115	19 10	2 63	17 92	9 146	5 25
2 165	16 100	8 84	9 135	19 77	10 68	17 9	6 151	4 51	11 50	3 10	12 139	15 104	18 156	13 68	14 65	1 157	0 9	5 45	7 34
13 62	10 32	5 151	18 117	4 188	19 147	6 100	8 184	15 143	3 7	9 10	1 91	2 140	16 3	11 33	0 38	7 8	12 192	14 37	17 45
4 67	13 163	18 29	2 121	7 39	1 135	14 68	15 84	10 158	12 165	8 120	16 101	6 138	17 159	0 68	19 93	11 27	3 49	5 141	9 152
16 124	12 187	3 141	10 161	4 86	0 22	14 150	15 101	1 133	5 20	13 184	2 191	17 49	7 47	19 155	18 100	9 63	11 150	8 171	6 47
2 63	17 12	10 95	9 31	13 172	6 139	0 77	18 6	12 97	15 154	7 42	19 195	4 101	1 122	11 59	5 17	3 17	8 62	16 180	14 188
18 157	9 58	15 105	0 44	3 148	12 162	8 76	14 48	13 129	11 31	19 149	7 137	2 189	4 171	17 149	10 189	16 151	6 41	5 98	1 173
12 26	0 53	17 101	13 34	18 167	8 20	1 164	4 62	11 141	14 101	15 112	9 143	2 33	19 98	3 142	10 21	5 113	16 112	6 98	7 175
2 93	17 125	19 33	12 132	16 16	6 70	14 44	8 173	7 199	13 120	1 123	9 65	3 158	10 145	18 152	15 71	4 100	11 55	0 91	5 52
15 168	13 4	8 11	7 194	0 140	1 191	14 43	12 22	5 139	16 55	9 187	3 8	11 31	18 177	17 22	6 38	10 151	2 1	19 105	4 157
13 66	16 50	11 130	6 21	17 152	7 43	12 83	3 171	10 191	9 193	4 194	1 112	8 52	14 187	5 27	19 124	0 154	2 4	18 126	15 36
7 170	1 135	16 94	10 190	2 169	3 91	5 197	9 197	12 146	0 64	13 55	11 78	15 7	8 115	19 130	18 43	17 127	6 104	14 99	4 172
10 55	6 198	9 55	15 43	13 33	4 126	2 129	12 171	0 189	16 79	18 126	14 147	5 174	7 1	11 86	8 150	17 28	1 8	3 171	19 156
2 192	18 161	19 46	10 20	6 81	15 11	13 145	8 135	1 67	3 36	7 126	16 96	17 180	9 51	4 5	11 89	5 15	0 37	14 147	12 193
18 200	0 116	3 52	8 42	7 182	14 145	15 4	2 191	12 116	4 105	6 8	17 71	9 49	11 8	13 127	10 89	5 92	19 44	1 158	16 181
10 88	17 74	4 80	16 9	15 142	0 76	1 134	13 94	9 175	8 63	3 135	11 190	14 156	5 112	6 164	19 10	7 135	12 5	18 50	2 76
19 200	15 28	6 106	14 48	16 94	13 79	11 117	7 100	0 96	18 8	9 190	5 175	12 139	4 119	10 142	2 45	8 62	1 138	3 105	17 87
16 81	9 56	2 102	8 124	18 135	14 72	3 156	10 103	1 144	6 58	19 181	7 24	5 47	17 126	11 44	15 53	12 107	0 11	4 128	13 80
12 191	6 187	9 72	19 171	2 98	18 90	7 52	5 130	11 140	15 100	10 143	4 154	14 37	3 90	0 170	1 168	17 80	13 124	16 190	8 121
11 160	3 57	14 148	18 33	12 58	4 86	8 54	17 85	16 27	2 37	7 105	19 155	15 10	1 187	5 135	6 45	13 19	10 146	9 180	0 195
0 54	13 46	4 94	9 52	7 42	3 28	17 81	12 100	14 145	8 181	19 40	1 169	2 23	11 1	5 170	16 127	15 182	6 162	10 45	18 64
19 141	9 134	2 159	1 146	15 128	3 35	11 22	10 24	14 86	0 199	17 110	12 2	6 155	13 54	18 69	7 159	5 120	16 105	8 165	4 123
13 46	15 91	14 143	16 57	19 76	0 6	7 51	8 198	17 142	9 90	1 47	4 65	3 88	2 174	11 49	6 147	18 24	12 43	5 73	10 105
13 90	1 103	16 27	15 84	11 28	9 1	17 112	8 43	4 192	6 69	7 58	0 38	12 115	5 77	18 42	10 3	2 158	14 148	19 49	3 114
10 3	0 26	4 175	18 75	5 80	7 139	19 12	12 184	11 140	16 50	13 54	1 13	15 105	8 25	9 68	3 88	2 196	14 94	17 124	6 38
6 105	0 47	1 161	2 115	18 176	15 159	12 90	3 60	10 103	19 185	4 196	17 64	11 115	5 53	13 73	9 140	7 128	16 30	14 174	8 165
8 116	11 132	3 99	5 181	17 71	12 175	0 61	19 59	4 124	2 74	10 2	18 138	6 104	16 88	9 43	14 95	13 31	1 96	7 153	15 70
3 183	12 112	15 172	8 142	17 119	4 100	1 126	6 54	7 128	14 183	9 80	5 177	19 25	0 108	18 152	2 191	10 76	11 9	13 137	16 85
15 82	3 186	6 98	11 149	16 115	19 82	2 152	14 32	4 84	5 178	18 50	13 175	10 63	9 51	12 95	8 18	7 167	0 138	1 95	17 173
3 12	7 89	16 44	8 23	6 133	11 197	14 39	17 90	9 184	10 8	0 68	12 192	15 40	5 182	1 80	19 29	4 77	18 175	2 10	13 37
8 71	4 27	16 24	15 103	1 151	17 110	10 117	19 127	3 125	11 119	2 198	9 150	5 199	7 167	18 47	0 151	12 112	14 124	13 144	6 85
17 173	8 24	13 88	12 30	18 1	7 1	16 155	3 151	2 86	5 92	6 94	11 75	4 115	9 69	19 85	10 49	14 196	15 29	1 46	0 55
19 29	16 135	4 7	6 27	14 100	3 37	0 196	9 34	13 48	1 56	5 83	11 198	2 4	15 168	10 53	18 149	17 174	7 59	12 198	8 128
16 181	1 71	4 78	8 185	15 144	18 115	13 77	11 5	9 138	19 109	0 10	17 18	3 82	7 134	5 42	6 46	2 155	12 129	10 22	14 117
5 15	7 63	11 33	0 32	12 28	1 92	19 27	17 14	3 136	4 69	8 50	2 93	14 138	18 22	6 19	10 23	16 83	9 150	13 89	15 29
2 132	4 99	7 12	10 13	14 145	18 23	1 193	8 114	17 196	6 26	16 40	11 48	15 169	3 88	13 135	12 132	5 197	0 127	9 171	19 89
4 150	3 130	10 56	8 86	19 198	1 59	7 10	6 123	9 139	11 16	17 182	2 117	15 164	16 14	5 98	0 81	18 102	13 98	14 96	12 192
19 102	2 25	16 164	1 187	3 45	12 198	10 53	9 75	7 195	0 145	8 159	4 133	15 158	14 161	17 108	13 21	18 72	11 57	5 17	6 140
7 16	8 187	19 122	15 153	18 134	0 83	4 174	14 79	13 121	16 93	12 9	1 98	11 46	9 5	10 56	5 182	2 136	6 133	17 130	3 72
0 149	2 42	11 177	5 23	6 87	12 143	1 125	7 140	18 145	15 187	4 71	19 179	14 59	3 159	8 166	13 10	17 153	9 44	10 41	16 96
7 110	12 89	15 173	5 6	4 72	1 183	19 28	3 136	10 33	8 22	6 37	17 70	11 104	9 5	16 140	18 130	13 200	0 120	14 130	2 150
3 126	16 149	18 133	15 36	11 120	0 70	2 26	12 153	13 141	10 97	4 160	5 117	8 72	7 72	17 49	19 8	6 126	14 18	1 4	9 14
1 110	0 107	6 128	5 78	14 28	8 44	12 14	13 1	15 144	11 122	3 101	16 90	9 169	17 10	2 19	10 156	7 75	18 125	19 84	4 38
5 177	12 126	19 71	7 107	13 8	6 9	17 97	0 4	4 4	18 9	9 148	8 195	11 68	1 71	3 97	10 197	16 159	14 151	15 131	2 11
9 80	0 20	13 190	18 56	8 49	5 58	14 197	2 73	1 79	17 141	7 57	11 179	12 142	16 32	4 58	3 162	19 159	10 174	15 11	6 87
3 96	2 59	15 118	13 33	9 104	0 163	14 157	7 42	1 10	5 93	16 174	12 128	18 125	19 120	8 102	11 9	4 102	6 81	17 81	10 34
13 57	12 25	17 187	11 137	6 105	7 108	5 76	3 157	8 88	14 87	9 104	18 128	4 80	19 115	0 180	15 118	16 26	10 119	2 3	1 148
8 128	18 160	10 153	7 130	3 110	14 172	0 116	19 108	15 180	6 20	16 74	11 106	4 179	5 91	12 26	9 144	17 96	1 32	13 59	2 42
6 116	4 87	17 75	8 116	0 87	5 18	16 189	2 11	19 53	9 166	12 98	7 62	10 63	13 197	15 130	18 90	1 42	3 36	11 121	14 194
16 76	9 194	0 61	7 25	17 168	1 155	13 42	11 159	4 54	18 194	5 132	19 22	3 46	8 198	2 94	14 135	12 152	6 64	15 196	10 112
6 33	13 107	19 22	14 67	17 99	1 172	8 94	2 13	18 143	16 147	9 34	7 131	5 163	12 91	15 76	11 89	3 33	0 30	10 67	4 193
16 56	14 69	18 191	0 142	13 132	2 5	11 146	7 109	12 142	10 124	4 49	6 99	15 178	19 94	5 145	9 49	3 80	17 78	8 23	1 70
15 31	19 122	3 122	4 43	6 170	9 180	16 117	8 135	5 179	13 187	12 178	18 4	2 182	0 45	11 103	17 151	14 85	10 36	7 197	1 3
11 98	6 189	8 111	1 198	7 185	5 172	19 3	3 41	0 179	12 141	14 144	15 176	16 102	17 94	10 105	4 6	9 125	13 71	2 98	18 25
16 149	4 130	0 121	7 70	19 66	1 29	5 63	3 64	11 33	8 85	17 63	15 14	14 78	10 31	6 35	18 5	9 71	13 25	12 33	2 194
15 163	18 11	1 74	16 112	17 25	19 17	9 29	12 16	5 160	6 175	3 162	0 81	4 71	2 10	10 147	8 194	11 153	7 112	14 35	13 70
3 155	4 97	17 102	14 153	13 57	0 136	18 95	15 33	6 116	11 184	1 123	12 55	16 73	7 190	19 117	10 161	9 68	2 153	8 137	5 177
16 82	9 82	13 70	15 187	3 29	0 60	1 81	19 106	4 21	12 139	10 79	8 62	17 82	18 85	2 47	6 1	11 105	7 133	14 21	5 99
0 118	3 69	7 80	16 125	2 146	4 96	11 187	17 90	10 107	15 166	5 189	18 198	8 88	19 189	13 83	12 152	1 130	6 85	9 11	14 117
13 72	0 45	6 89	5 67	18 79	15 49	1 61	4 182	8 106	2 169	17 97	14 151	12 153	19 28	7 115	11 170	3 6	10 56	16 174	9 98
18 77	10 13	15 96	4 69	14 73	9 43	0 159	2 104	13 101	12 190	6 65	11 197	3 78	16 51	8 104	5 169	19 50	1 132	17 118	7 68
3 195	0 106	4 67	11 27	9 192	19 3	15 90	14 129	10 29	6 175	12 104	7 83	8 156	16 68	13 69	18 102	5 197	17 163	2 28	1 101
8 200	16 140	1 33	4 193	7 73	15 11	19 8	13 80	12 147	2 125	17 1	11 178	9 10	3 87	0 180	6 193	14 154	5 103	10 153	18 197
5 139	3 34	18 91	2 66	19 17	11 134	8 199	10 77	4 190	15 104	0 141	1 189	14 101	6 25	12 133	7 6	17 86	13 75	9 59	16 24
