30	80
65 179	72 123	46 24	33 137	2 54	13 183	55 146	73 122	0 19	26 96	11 74	12 182	52 16	5 131	38 178	17 175	63 96	41 165	57 109	39 148	28 174	60 154	58 109	40 33	27 167	23 184	51 27	4 191	14 9	31 62	49 19	24 119	69 70	74 190	79 99	67 139	7 197	54 160	37 6	1 179	47 124	34 99	61 91	66 147	9 81	22 68	44 186	45 103	50 11	78 195	75 102	64 45	77 193	48 80	20 78	43 136	56 40	32 166	42 98	36 22	16 163	3 145	70 162	18 139	25 30	53 28	68 169	62 162	6 114	30 63	19 169	29 192	8 155	71 179	15 65	76 69	35 100	10 2	21 66	59 68
24 84	30 134	59 198	56 57	77 163	76 21	27 156	70 28	7 69	53 92	10 44	36 168	57 189	17 52	16 68	39 155	40 30	73 183	0 169	38 7	23 95	20 142	43 73	9 92	8 105	67 127	42 171	45 138	61 115	62 49	72 13	11 151	44 100	46 26	22 191	4 30	2 166	3 140	50 160	21 26	79 152	31 105	13 91	34 4	55 172	49 183	58 121	60 66	75 15	1 126	64 81	15 111	32 92	54 45	33 137	26 175	41 182	29 84	47 8	69 54	52 77	78 29	6 155	18 176	14 126	5 86	28 194	74 42	12 141	71 10	25 86	65 103	68 12	51 13	35 139	63 186	48 157	66 19	19 106	37 53
32 54	16 171	9 34	34 31	55 137	19 180	29 40	79 168	64 85	5 78	3 184	11 2	27 111	38 59	24 2	4 53	67 144	50 178	37 172	2 49	75 121	78 110	53 108	74 160	22 52	45 166	23 103	35 168	70 107	69 105	42 22	41 39	17 89	40 195	36 142	13 115	39 156	8 66	60 103	43 164	47 87	77 196	61 10	44 187	31 128	28 38	33 28	52 131	57 200	66 5	59 139	20 33	65 172	73 178	49 72	10 110	30 104	56 90	6 61	68 118	15 62	71 174	63 57	18 5	48 53	25 136	51 30	0 156	7 126	46 192	1 117	76 137	26 74	14 79	58 114	72 38	12 156	54 95	62 70	21 191
44 182	46 64	53 57	14 125	3 162	7 3	34 193	28 42	45 89	9 96	27 114	39 147	47 113	64 140	48 189	43 88	76 17	72 191	37 162	8 169	29 24	31 156	10 145	26 84	42 96	35 169	17 195	74 159	19 191	5 89	41 187	2 186	56 39	15 138	57 36	6 80	21 99	73 112	32 143	36 14	12 136	20 24	65 197	63 101	62 55	69 16	13 140	50 86	49 66	0 188	59 91	68 21	18 151	16 18	25 120	33 169	40 52	52 131	1 33	54 175	79 115	23 74	51 84	67 66	58 2	75 21	66 17	4 37	60 27	30 66	77 21	22 13	11 103	55 156	24 177	71 133	38 22	78 153	70 21	61 147
44 49	49 193	33 70	9 100	13 156	75 173	23 40	24 177	22 179	66 68	69 108	54 132	72 145	2 107	37 58	74 38	71 59	7 30	6 89	16 16	36 51	11 31	77 83	5 50	67 191	57 130	31 185	3 38	79 195	52 68	47 183	70 104	63 146	21 168	18 53	65 160	55 63	26 86	4 17	51 148	20 83	38 127	40 110	64 120	10 95	29 131	25 54	58 128	8 149	15 25	35 170	27 56	32 160	53 115	42 192	43 199	30 179	48 118	73 176	17 20	34 17	62 107	56 29	59 136	50 43	60 58	1 39	19 200	61 107	14 200	41 10	0 164	28 58	39 152	46 48	78 151	76 183	12 178	68 129	45 51
60 96	29 74	38 191	23 165	21 3	51 72	11 36	55 71	33 128	78 148	43 183	75 58	4 154	66 101	15 6	8 141	24 61	20 152	41 141	67 190	49 66	65 45	42 16	22 42	76 2	64 44	50 12	69 177	19 105	77 14	31 26	57 147	3 44	45 189	28 174	70 121	74 99	0 19	2 59	26 81	1 164	44 60	9 70	71 13	5 57	30 109	13 28	59 91	16 45	37 33	34 69	47 44	14 133	61 138	32 97	39 160	35 16	36 130	58 196	62 168	48 144	25 82	53 63	18 89	63 174	73 134	17 130	72 180	46 122	54 120	7 60	10 33	12 199	40 73	56 82	79 68	68 8	27 108	6 52	52 78
71 28	53 41	8 132	7 90	19 92	51 141	22 149	54 171	25 1	48 91	39 161	28 195	14 29	64 56	9 17	63 148	57 39	46 79	3 118	12 135	36 121	47 37	2 14	1 99	44 155	37 77	77 15	68 157	60 129	62 197	31 189	40 185	61 191	29 116	56 165	4 145	23 192	55 178	32 150	52 71	21 124	18 140	33 97	15 149	26 99	13 70	59 123	10 91	50 99	16 121	17 154	66 59	49 153	35 119	58 184	0 123	41 139	30 168	67 189	11 35	27 14	75 151	5 165	42 59	65 40	72 125	38 54	20 87	34 35	73 60	79 78	76 102	74 17	70 153	78 187	43 110	45 48	24 6	69 83	6 123
57 30	76 42	22 134	9 95	62 106	6 70	23 56	56 22	34 174	70 169	74 129	55 87	11 59	14 77	59 156	26 55	60 140	65 2	13 172	52 105	67 133	41 49	61 155	47 83	24 75	2 144	73 95	31 2	32 33	42 37	39 17	28 106	43 34	3 43	29 176	38 95	17 173	27 35	53 20	40 17	0 101	78 13	58 162	75 110	4 49	63 175	25 84	36 34	54 91	48 193	72 71	77 25	64 180	8 113	30 36	19 14	79 173	50 60	5 104	16 83	71 44	10 154	46 157	21 139	37 8	7 38	12 171	15 42	33 34	49 142	20 79	68 185	66 84	1 40	44 157	35 41	45 131	69 165	51 198	18 152
64 171	28 165	79 29	9 105	37 39	71 65	61 22	13 116	65 80	2 131	74 110	30 162	12 174	76 64	31 102	11 189	57 113	8 190	69 58	21 77	14 40	22 22	77 19	29 26	50 68	70 98	52 140	7 122	47 101	46 110	17 182	10 69	78 79	23 124	26 180	58 129	40 169	4 14	36 33	1 29	53 73	68 133	67 200	45 80	34 148	51 132	54 147	56 61	38 27	39 115	55 169	66 80	32 175	33 104	48 82	60 59	42 135	20 166	19 8	18 178	63 48	27 53	16 155	75 175	15 42	43 28	25 90	35 14	5 9	0 91	3 62	62 78	6 68	73 106	59 55	41 63	49 15	24 165	44 59	72 84
48 156	58 172	14 103	1 131	10 57	11 132	62 8	16 91	36 183	3 80	33 146	49 83	27 160	63 74	23 156	64 156	60 55	28 9	37 194	55 17	79 136	19 165	25 58	66 159	15 43	9 157	50 137	2 146	31 140	73 73	18 173	72 126	78 148	56 24	57 192	7 112	44 196	61 32	69 41	45 199	75 50	22 41	26 19	70 162	71 26	32 88	40 200	41 144	54 50	6 91	21 21	59 157	30 94	34 52	0 91	17 116	8 27	68 138	65 50	67 100	29 126	42 13	5 72	20 132	35 15	74 115	24 107	53 80	12 132	52 167	13 128	38 41	47 155	39 55	4 130	46 88	51 90	77 79	43 71	76 77
5 156	33 38	37 10	75 66	2 176	39 123	20 153	14 189	57 39	64 19	73 119	68 101	40 94	58 13	54 61	13 85	0 144	41 150	67 3	27 139	25 109	47 67	72 65	38 125	16 194	43 16	79 148	7 7	36 119	52 173	49 77	56 82	63 102	31 181	76 99	24 33	78 50	51 137	11 57	53 57	26 118	60 40	44 9	4 157	77 153	21 48	69 127	48 27	46 67	35 113	50 189	62 107	42 149	65 130	61 180	74 170	12 122	66 165	10 161	3 163	28 114	17 23	55 118	15 153	22 146	19 53	32 84	9 1	71 24	30 86	23 28	8 168	29 38	34 48	70 2	18 52	59 9	6 89	45 51	1 176
57 22	52 120	60 86	77 168	20 44	63 59	51 7	26 42	59 93	14 185	29 192	33 114	69 60	76 18	23 99	6 93	46 94	12 36	58 92	45 89	72 103	22 180	34 174	35 151	38 145	25 75	28 26	79 121	8 91	74 69	68 103	32 79	36 36	50 137	78 168	3 57	30 129	70 111	0 19	9 43	16 54	21 9	64 84	15 195	18 78	2 200	54 108	66 12	4 32	41 68	11 184	10 134	7 138	49 123	75 189	42 33	44 47	56 173	47 94	24 45	67 195	27 150	39 117	55 87	31 45	19 27	5 61	43 25	73 74	61 103	13 7	48 128	37 52	65 4	1 12	40 152	53 37	62 125	17 34	71 134
49 73	9 174	51 21	20 88	17 184	32 158	25 128	38 58	19 22	0 152	42 199	41 14	4 116	43 55	68 172	26 20	46 181	63 20	35 89	78 158	67 160	59 163	71 181	12 175	29 72	5 158	48 77	76 102	53 18	60 49	1 136	54 12	74 162	58 91	61 63	55 72	21 172	16 96	23 52	57 24	37 147	50 90	8 151	64 195	62 153	70 64	45 177	44 39	10 32	39 77	52 189	73 91	72 83	11 89	56 98	18 3	28 31	79 30	34 4	14 178	77 96	7 185	31 95	15 3	66 65	36 173	75 10	33 77	69 186	24 52	2 183	65 97	47 196	13 114	22 72	30 149	6 23	40 147	3 34	27 80
38 79	74 171	1 43	62 11	36 149	30 13	78 122	14 35	33 115	22 139	3 143	46 86	50 189	11 97	45 88	23 173	20 1	68 104	65 91	21 191	47 131	32 161	73 192	75 48	29 131	17 83	7 143	39 12	4 30	41 91	53 17	67 64	15 60	66 129	27 145	54 189	12 148	64 192	28 166	31 31	40 13	26 55	58 132	44 130	63 3	57 63	52 128	71 135	70 58	49 14	8 82	69 117	48 129	72 73	6 130	51 179	77 61	0 91	5 119	59 154	61 26	34 15	35 176	16 107	25 170	24 195	43 82	56 4	79 84	76 82	13 34	10 113	2 197	18 6	9 98	19 121	42 117	37 125	55 17	60 148
60 41	55 31	7 117	3 148	12 74	75 143	36 180	66 90	17 4	39 85	64 64	20 149	25 69	38 56	61 111	77 153	44 39	4 5	1 64	56 31	31 23	45 13	69 95	62 27	57 164	5 59	76 190	35 10	16 83	74 87	18 9	59 183	24 24	30 24	65 76	13 51	47 69	29 28	67 156	32 24	52 19	51 145	21 179	53 95	43 76	48 154	27 195	78 61	54 102	8 76	73 11	50 107	0 56	70 40	37 120	15 166	63 129	28 62	19 166	68 34	6 143	26 26	22 78	14 135	79 109	46 134	9 35	33 189	58 57	49 17	42 197	72 56	41 98	34 171	10 77	71 177	2 9	23 45	11 66	40 57
71 136	43 38	46 122	77 128	51 162	60 165	59 43	53 152	19 181	35 79	58 119	67 23	73 47	54 58	21 17	16 71	22 115	32 77	7 104	20 122	23 101	28 162	37 123	63 13	39 39	52 134	40 44	75 116	61 100	33 84	31 113	29 12	57 18	66 43	55 139	48 186	3 130	4 71	79 118	5 86	36 139	76 194	26 73	50 193	49 161	0 176	24 136	72 151	11 96	38 150	45 122	68 179	13 109	42 10	74 61	64 51	47 161	9 94	14 10	62 136	10 40	69 79	41 159	2 118	25 56	15 192	8 137	27 27	56 38	6 170	1 153	70 111	65 110	34 67	17 99	30 98	12 27	78 41	44 143	18 146
75 172	27 70	59 65	71 83	48 150	35 46	25 180	21 121	18 73	20 146	77 45	32 168	12 88	28 184	3 21	34 110	51 177	54 160	57 80	58 135	22 27	65 140	61 4	55 121	42 145	76 51	74 128	1 146	66 172	64 95	13 12	33 163	72 75	52 128	24 193	23 55	69 111	46 14	68 44	62 140	16 66	78 34	15 42	8 22	60 59	67 16	56 78	45 199	4 173	10 194	17 146	31 113	41 74	14 177	47 200	0 72	39 32	30 155	73 29	5 41	43 177	50 4	36 3	53 177	70 102	26 100	7 46	63 174	11 11	37 192	40 147	19 168	44 88	6 10	49 25	29 101	79 154	2 21	38 161	9 41
0 66	16 111	32 66	3 13	21 53	41 49	76 189	43 167	19 143	22 136	74 39	67 45	15 184	49 188	12 159	39 132	59 130	45 44	36 153	35 70	54 152	33 149	44 126	71 154	17 40	25 43	9 61	8 44	38 16	64 194	37 45	50 15	61 154	51 132	62 148	58 71	26 112	60 36	78 142	42 9	6 107	20 96	56 132	73 114	14 54	68 196	7 197	24 191	75 63	1 11	65 9	63 182	27 130	29 83	40 117	18 116	5 44	72 190	4 101	69 145	28 129	66 14	79 164	2 162	13 180	30 26	57 90	10 127	31 138	46 47	52 57	34 126	47 193	48 156	55 109	11 144	23 11	77 47	70 123	53 166
44 152	55 23	53 87	14 82	70 28	29 49	1 81	13 135	71 198	12 151	60 64	28 27	23 127	30 60	5 71	11 144	65 44	2 85	40 116	49 80	33 23	36 80	17 187	46 119	69 110	45 74	3 132	77 112	79 103	8 35	57 192	72 172	22 12	66 161	42 158	21 188	43 25	59 76	41 114	25 122	67 61	34 52	26 79	50 50	39 101	48 164	10 132	24 32	18 39	63 7	15 16	38 173	7 87	78 15	52 28	20 125	47 151	35 27	73 114	32 154	51 159	56 136	6 52	19 20	16 158	9 21	37 83	58 168	64 64	27 144	74 182	4 160	31 59	75 118	61 4	0 83	68 192	54 167	62 12	76 4
46 169	34 74	6 52	27 164	0 30	57 184	14 32	25 130	24 142	77 181	41 196	21 106	7 88	28 93	65 26	15 88	22 97	73 76	13 2	10 78	1 16	63 99	42 89	62 87	76 14	29 137	39 165	59 179	38 137	9 25	20 74	47 153	3 195	75 73	37 197	58 138	19 150	33 77	12 75	53 143	69 85	8 70	72 126	30 190	32 130	36 88	54 5	60 112	55 143	17 44	70 191	18 78	79 65	61 37	44 193	71 188	23 153	64 36	26 50	68 38	2 15	78 186	5 30	52 125	49 29	45 130	31 21	40 191	4 135	48 133	35 60	51 19	74 55	67 50	16 26	50 192	11 81	56 16	43 149	66 46
30 196	2 124	3 132	37 31	72 74	11 197	38 200	45 82	67 141	9 150	7 139	71 29	41 135	32 47	39 21	78 72	44 80	55 74	63 1	61 88	66 50	76 185	36 166	0 39	59 16	77 62	29 168	26 186	18 61	15 86	53 178	14 154	40 2	34 19	20 164	60 41	58 200	25 25	12 185	52 130	35 34	27 87	50 58	13 97	57 61	62 124	74 42	6 177	56 58	21 69	1 83	65 161	22 137	19 7	73 101	70 35	51 3	33 117	79 99	48 80	24 22	75 114	17 15	68 49	46 129	28 166	64 34	5 50	47 49	4 68	31 129	69 50	49 188	23 61	8 35	16 48	43 68	54 169	10 186	42 50
23 42	5 190	61 147	25 16	69 9	16 191	71 89	33 167	60 193	59 26	53 200	11 50	56 1	50 108	41 142	43 194	73 121	40 60	2 97	28 29	79 141	46 58	63 61	22 190	14 143	55 108	66 167	65 49	24 81	74 157	44 116	78 191	72 53	77 100	31 70	38 14	15 71	36 46	27 109	39 164	35 2	29 185	6 189	26 193	42 175	32 157	13 50	1 89	48 69	75 125	62 62	18 151	4 199	19 52	54 131	45 85	34 66	51 37	67 100	37 81	21 64	52 54	68 93	12 43	9 1	47 11	64 146	70 160	76 49	30 6	20 189	17 167	57 127	8 140	0 160	3 122	58 36	10 65	7 46	49 94
35 151	36 195	5 101	59 108	51 37	54 107	21 124	68 135	45 44	18 120	32 139	77 165	43 114	70 47	55 60	64 91	56 188	34 106	7 96	66 164	31 76	67 33	22 164	71 83	39 73	48 152	44 145	8 34	19 138	14 160	24 78	1 11	76 82	3 162	23 19	49 178	52 164	28 57	30 94	69 169	53 126	63 26	10 81	50 60	78 126	62 196	38 196	65 29	6 134	25 71	40 21	42 29	17 53	79 35	26 51	46 163	72 187	15 70	41 156	57 195	74 115	61 102	4 145	33 41	37 64	47 135	2 162	60 137	11 68	16 183	0 7	12 15	58 67	20 138	75 191	73 17	29 1	27 128	13 184	9 110
46 199	28 26	30 89	63 34	21 30	6 36	74 173	60 38	51 30	57 47	40 170	18 150	24 197	14 161	7 167	71 21	23 180	52 36	65 16	43 133	69 164	78 4	29 100	58 87	75 6	5 199	26 20	53 33	8 161	56 11	39 12	20 46	15 109	64 116	22 58	37 72	33 54	77 113	27 180	11 60	45 119	76 24	31 71	10 89	1 150	3 57	59 79	32 97	9 31	50 129	55 36	73 192	79 91	66 11	62 195	61 19	47 196	70 57	25 184	13 43	67 189	42 40	2 128	54 130	16 62	44 195	4 82	68 55	36 15	0 144	48 132	38 192	17 78	49 190	34 149	19 23	72 180	41 106	35 146	12 128
7 112	77 96	68 200	25 140	37 139	30 16	0 58	14 36	44 37	21 161	32 137	48 188	3 73	2 20	50 4	29 117	23 22	71 41	54 173	49 107	72 122	51 19	61 138	40 48	67 128	45 175	75 188	66 150	63 144	13 186	31 36	10 163	43 2	5 63	36 166	56 36	6 73	47 35	57 28	39 163	79 96	73 128	69 44	17 37	78 113	34 73	70 111	74 57	18 2	33 10	22 184	4 154	16 55	35 43	20 62	65 113	62 47	8 55	55 39	58 3	11 162	26 110	52 165	59 5	46 119	41 110	27 74	64 33	28 114	24 38	76 183	19 68	12 3	9 110	42 100	38 199	60 179	1 74	53 10	15 10
4 135	52 165	8 57	54 107	59 192	74 169	25 130	49 98	14 105	22 97	50 29	70 146	51 70	72 52	60 89	46 28	17 200	66 73	29 54	2 68	58 114	39 97	40 27	73 49	10 67	6 127	5 116	27 41	71 82	9 87	33 9	79 169	24 65	44 102	64 99	47 12	41 7	11 173	13 93	61 31	55 171	68 39	67 147	28 163	18 69	77 1	7 73	21 12	69 82	35 119	42 102	53 102	31 94	16 183	34 77	63 182	56 21	45 77	20 56	32 160	38 36	43 88	30 1	3 179	36 78	57 117	62 29	76 194	23 119	78 34	37 107	15 52	12 159	65 111	26 7	0 120	75 139	19 3	48 32	1 40
39 27	61 106	15 158	56 130	43 171	77 196	33 46	52 64	76 17	30 49	71 50	9 143	58 3	6 65	13 149	41 10	62 120	47 90	19 81	21 15	37 128	45 127	14 157	51 22	48 55	34 73	46 102	70 124	12 9	63 53	11 21	7 125	74 28	55 95	20 74	10 20	79 131	53 145	75 112	73 60	4 33	65 158	27 189	78 125	64 32	5 25	31 95	22 91	32 18	67 55	26 133	40 140	54 46	60 46	1 190	49 50	50 133	25 146	57 163	44 119	23 108	68 102	8 156	35 103	3 8	59 118	24 144	0 112	38 196	72 61	42 58	17 119	69 197	18 44	29 14	16 89	36 197	2 106	66 167	28 62
58 52	54 135	29 50	51 50	64 86	28 44	63 154	55 163	20 192	22 84	14 111	70 185	50 68	61 133	44 19	15 155	38 125	78 57	73 93	21 165	40 114	31 80	66 7	0 139	24 159	37 78	59 64	45 190	2 189	12 84	42 112	11 15	77 15	23 163	56 146	32 49	68 33	47 9	60 83	4 51	6 73	57 197	3 136	7 26	10 60	72 162	27 172	5 146	41 11	43 134	75 171	36 185	74 26	53 127	67 113	76 6	30 151	39 106	35 150	52 165	18 168	34 98	62 169	1 65	65 71	8 164	49 37	26 36	46 60	9 56	13 145	79 28	69 84	71 104	16 34	48 79	25 102	19 146	33 173	17 103
22 121	29 7	55 79	6 96	20 47	37 52	14 134	45 119	31 65	49 140	12 182	13 96	65 45	61 110	69 40	36 10	53 166	26 97	42 4	70 80	17 66	25 33	5 164	7 46	60 112	44 5	21 118	59 157	11 174	73 137	77 116	34 99	38 166	74 179	10 118	8 109	50 125	71 44	39 163	48 97	68 162	40 57	75 157	3 164	33 136	19 76	2 181	4 108	23 179	54 162	79 50	64 92	43 125	47 163	46 99	28 78	9 53	52 80	24 146	57 94	16 80	51 16	58 175	18 83	15 133	62 55	30 128	35 9	41 84	78 67	27 112	56 192	32 123	66 120	76 200	63 176	1 28	0 116	72 137	67 137
53 179	79 49	27 118	7 175	77 84	9 141	34 177	31 52	75 113	45 140	21 51	73 72	1 61	8 63	29 45	66 136	19 50	10 67	6 59	71 106	39 51	36 67	54 3	20 167	42 75	55 79	2 176	49 25	16 104	17 118	65 78	60 197	32 199	68 152	63 29	59 40	41 126	52 196	4 91	22 153	69 110	74 172	46 50	57 93	62 85	48 181	3 184	35 157	43 168	38 75	61 105	50 15	64 90	44 44	70 156	78 105	30 24	37 86	24 195	58 26	15 101	11 12	0 17	5 4	40 3	12 61	13 50	23 3	76 149	26 30	14 39	56 188	47 16	25 60	67 61	72 193	51 187	28 68	18 146	33 84
