80	80
75 113	49 116	61 171	7 190	51 194	38 195	13 34	57 13	5 29	8 159	15 67	41 145	30 2	63 167	4 52	47 159	48 62	73 73	44 119	55 26	78 144	37 79	53 15	17 191	58 121	16 103	6 38	22 163	60 181	39 33	77 3	59 52	27 178	64 111	23 49	46 163	3 45	68 146	24 166	56 45	32 175	25 48	43 134	72 48	74 104	19 93	54 172	62 23	18 32	33 100	35 121	1 150	11 106	70 114	28 124	67 57	52 42	42 178	31 51	76 71	69 96	29 110	71 4	12 168	14 169	10 183	21 171	0 175	2 122	26 161	45 111	66 95	40 123	9 32	50 144	79 58	65 145	34 161	20 189	36 119
0 32	20 109	13 58	47 155	45 25	54 123	6 83	18 58	1 81	23 5	74 102	31 118	64 77	77 11	79 180	10 188	55 16	9 122	2 132	41 161	65 134	70 17	28 121	67 41	14 27	49 166	37 175	75 183	44 185	57 25	58 190	61 153	7 183	50 120	48 121	35 163	19 129	29 120	17 79	72 26	46 137	15 153	4 187	68 193	33 102	60 84	5 145	36 116	38 62	78 20	26 102	73 158	51 100	12 85	16 1	22 123	42 160	34 87	21 112	8 194	59 112	52 122	39 71	63 3	62 114	53 165	3 177	11 77	69 69	40 160	25 48	71 149	30 43	76 176	56 47	27 3	43 86	66 130	32 13	24 97
59 168	79 3	58 139	65 86	23 12	33 113	22 121	19 85	57 183	60 76	75 118	68 191	76 128	51 187	25 146	35 26	13 31	48 90	6 188	46 77	47 111	9 171	18 129	49 185	70 190	40 57	39 151	28 72	10 74	21 39	26 139	3 45	52 4	2 3	32 155	42 88	62 30	43 79	50 192	7 63	24 130	66 132	36 14	15 65	55 7	69 57	17 22	77 198	34 15	45 50	41 103	37 80	20 118	14 93	12 173	54 45	73 97	4 81	8 194	11 63	1 135	30 15	72 155	44 191	78 101	74 117	64 49	0 88	31 163	53 66	61 181	71 196	63 181	56 33	67 108	5 183	38 27	16 43	27 27	29 147
67 165	70 173	27 107	47 145	75 51	23 124	4 173	54 181	36 104	32 53	6 119	12 77	60 70	35 97	30 50	17 100	52 155	58 199	15 187	46 200	50 5	2 90	79 180	8 193	45 41	61 39	42 77	3 133	33 147	76 34	22 44	7 57	43 107	59 18	26 30	74 76	1 85	66 51	40 181	77 109	57 104	5 13	63 198	68 123	56 85	51 59	44 17	39 24	69 100	48 74	10 47	9 91	0 12	37 27	18 161	53 8	29 109	34 129	25 52	11 27	38 182	73 141	41 70	65 106	64 68	16 96	78 84	49 174	55 26	14 139	72 12	13 186	24 151	31 177	71 132	19 50	21 3	20 79	28 18	62 65
66 152	1 127	50 51	4 144	39 166	51 61	42 58	21 80	63 63	3 191	41 122	17 64	10 137	15 85	5 57	78 190	36 154	77 52	34 86	31 67	56 74	67 162	46 40	58 170	73 29	52 33	47 33	75 76	70 165	43 4	22 135	55 10	74 33	44 70	12 111	38 8	13 35	32 111	26 122	0 143	23 122	61 26	24 45	48 136	6 113	25 78	7 103	60 119	71 73	57 198	59 105	9 165	30 100	65 105	49 8	64 5	29 114	45 154	8 166	2 155	14 109	28 36	35 6	68 185	11 104	27 199	62 146	19 195	40 83	76 81	37 6	16 119	18 142	79 16	69 154	53 19	20 159	33 73	72 170	54 61
12 84	10 38	37 123	30 159	13 39	3 194	1 149	70 136	64 106	40 190	42 154	62 39	16 170	15 41	8 66	32 200	74 137	60 141	48 82	36 141	56 59	58 28	5 89	61 143	21 58	52 144	46 44	2 87	50 193	75 27	72 138	68 176	45 181	41 88	49 49	57 24	28 153	17 67	23 84	51 137	14 132	55 23	77 58	6 145	53 20	47 186	67 26	22 32	31 88	25 30	35 87	9 113	79 166	34 88	29 39	54 4	33 108	69 185	66 80	63 36	78 13	26 130	7 103	39 189	4 103	59 11	27 123	20 103	18 33	24 192	0 165	38 194	71 79	43 138	44 114	19 132	11 188	65 147	76 68	73 84
59 194	21 17	55 85	14 164	29 184	63 100	79 195	52 60	50 186	62 82	56 107	20 160	60 151	36 97	3 189	72 21	37 186	26 57	38 53	67 30	10 97	8 53	9 66	48 45	19 68	76 64	28 78	57 82	15 101	75 189	30 30	1 47	16 70	23 199	45 73	31 87	17 24	11 80	35 192	46 171	70 97	34 153	22 134	12 87	66 59	27 11	71 83	0 128	73 114	43 18	39 2	58 136	33 141	13 168	5 176	64 33	41 112	49 71	18 190	53 98	68 78	54 73	2 39	25 71	7 160	6 130	40 91	69 85	78 165	44 1	74 139	32 89	47 176	65 96	61 156	4 44	24 15	42 159	77 89	51 124
73 193	76 24	55 73	31 66	32 107	1 188	53 24	26 145	48 47	11 195	67 108	25 101	7 11	23 185	77 160	37 195	57 47	54 101	19 138	36 171	12 115	18 94	30 41	64 71	51 106	29 182	40 85	21 198	16 81	24 83	22 24	59 17	0 12	38 29	65 197	66 78	15 118	62 156	56 165	71 26	35 82	3 32	41 21	63 133	70 36	28 62	75 3	60 123	33 103	5 194	43 47	10 32	69 181	9 108	6 171	17 176	20 31	8 191	4 190	49 14	61 61	13 20	50 90	78 103	74 195	52 25	45 149	39 79	47 22	27 104	68 65	58 106	42 2	14 96	2 25	44 196	46 182	34 26	72 192	79 120
50 198	52 120	43 108	36 19	62 88	59 98	47 46	27 11	9 30	12 167	76 139	72 5	16 11	61 76	5 121	4 138	55 165	48 109	33 147	23 96	70 30	32 157	71 179	73 80	67 163	69 70	79 192	41 175	25 94	10 95	18 116	51 58	29 86	56 93	38 168	68 50	6 68	1 57	11 107	26 106	74 148	34 11	3 109	57 64	21 21	31 73	42 176	77 128	20 48	14 33	63 186	15 78	66 25	17 87	46 83	58 170	19 163	53 80	65 111	39 52	0 49	7 171	35 145	54 30	28 183	45 177	8 10	37 128	30 47	78 50	44 61	40 76	2 152	24 54	64 77	60 110	49 108	75 51	22 65	13 43
35 93	38 25	41 28	37 178	7 84	34 77	45 42	6 126	56 24	55 124	76 163	30 109	17 104	63 51	78 21	44 178	49 143	16 54	67 36	79 160	51 146	11 145	10 7	33 13	0 110	8 134	39 99	40 170	46 15	15 183	14 146	23 169	24 119	59 52	20 195	71 58	43 65	1 12	4 20	31 101	32 155	64 76	50 44	3 142	18 147	70 177	68 90	2 193	62 153	53 136	29 157	25 7	36 102	65 56	5 9	27 113	57 119	66 119	52 29	9 92	58 179	74 118	75 1	19 97	28 80	73 58	54 129	12 171	72 5	77 137	22 22	48 48	21 87	47 67	26 14	42 13	13 154	69 112	61 192	60 105
50 87	44 7	13 19	0 10	19 84	36 171	18 30	67 107	75 193	3 24	39 135	2 42	53 102	16 92	73 105	58 177	48 122	1 140	23 53	31 161	70 68	26 160	45 117	51 74	21 194	6 87	47 43	76 183	52 60	60 164	57 154	77 10	34 143	14 105	54 87	15 149	28 9	59 38	68 2	61 54	78 3	41 85	42 143	27 21	10 150	62 55	20 160	38 15	49 32	30 147	29 157	9 64	56 164	40 73	79 129	4 38	71 108	63 108	74 32	37 107	25 118	17 166	24 170	66 194	5 17	69 168	22 101	43 8	8 45	72 84	33 171	11 2	12 90	35 72	32 100	46 49	64 190	7 101	65 194	55 31
54 142	77 190	79 87	40 78	15 190	25 28	2 91	33 4	41 97	56 170	60 59	75 43	38 97	48 168	66 165	72 199	7 115	47 188	36 143	34 46	9 178	53 138	63 22	14 87	37 59	17 125	68 51	43 193	32 190	64 102	5 24	69 155	62 64	55 41	35 122	58 73	65 94	50 115	23 140	4 34	71 130	0 161	73 54	49 74	13 32	18 117	28 25	29 20	20 12	44 199	76 29	26 192	59 81	46 78	52 28	16 62	22 178	11 84	70 15	51 6	67 30	24 67	31 1	39 67	30 176	12 168	78 80	10 116	61 83	1 177	57 163	21 171	3 128	74 24	27 138	8 31	45 165	19 15	6 39	42 115
33 82	65 98	64 22	30 148	51 114	12 61	8 7	6 19	34 140	11 165	1 111	55 52	5 117	79 168	40 139	16 56	47 149	25 20	28 130	67 141	10 135	46 26	75 36	9 54	37 42	76 21	53 181	7 132	29 165	58 150	19 128	57 114	42 81	49 27	2 17	14 185	38 90	72 101	68 32	56 28	23 114	43 14	52 125	59 30	62 198	0 193	45 66	77 31	54 177	63 193	27 71	48 110	17 178	22 26	60 83	78 180	35 113	71 125	44 197	31 125	73 193	74 95	61 92	50 178	13 125	36 159	3 4	70 101	24 44	20 103	21 160	66 170	4 68	69 196	41 81	26 195	39 162	18 17	15 65	32 184
50 39	57 33	25 151	10 51	28 195	23 157	49 133	27 55	1 118	8 155	68 154	37 65	17 114	30 96	38 148	31 96	45 59	74 116	39 111	12 117	36 12	78 187	26 127	64 82	35 52	29 189	34 25	2 163	70 19	56 124	61 110	43 194	73 31	75 71	7 101	15 77	69 80	67 3	42 87	16 85	59 106	53 118	51 125	76 122	65 171	24 98	32 102	55 13	47 116	71 110	46 131	44 137	5 106	18 142	77 157	21 147	19 108	20 138	63 50	40 90	22 172	11 159	9 154	60 34	62 111	54 158	3 130	13 139	58 16	72 21	52 123	33 112	79 72	6 186	48 194	41 21	4 160	66 33	0 84	14 45
27 136	45 89	55 154	4 38	16 29	56 189	2 124	51 138	77 36	11 196	17 46	31 30	37 40	61 124	23 165	59 159	79 21	66 169	58 156	7 65	18 41	13 68	53 97	26 41	5 129	54 115	15 47	20 148	63 134	19 130	70 194	1 49	73 87	75 191	68 7	28 51	29 101	38 161	43 114	22 152	60 68	9 26	76 140	41 41	46 167	39 40	50 64	25 64	10 92	30 123	47 138	44 179	65 129	33 195	32 82	8 129	48 76	6 144	36 112	24 38	0 176	35 177	42 67	71 140	14 158	3 113	72 94	67 27	49 132	74 90	21 10	62 167	34 90	40 166	69 195	12 52	64 166	78 113	52 126	57 66
42 199	48 154	74 153	32 64	56 53	67 5	34 74	1 178	4 112	9 101	47 64	19 40	13 76	43 157	61 37	30 189	21 89	7 191	78 55	12 46	51 67	0 188	14 50	50 4	2 56	36 14	31 55	66 188	41 78	5 186	71 128	60 92	52 45	38 52	59 177	18 142	72 142	70 111	53 16	22 178	10 10	45 21	8 47	40 199	24 179	26 101	39 109	20 140	77 168	55 24	75 112	28 169	16 166	76 185	23 162	27 90	64 44	44 174	79 46	57 175	54 154	73 36	37 200	46 86	35 107	68 152	49 141	33 73	58 91	3 115	29 97	25 11	62 65	6 185	69 65	17 36	11 196	63 196	65 51	15 8
16 131	40 187	75 73	39 194	21 102	13 24	33 15	30 126	11 56	32 64	22 93	41 91	71 55	47 64	28 79	8 126	34 4	70 126	60 9	9 21	19 60	55 45	57 167	66 92	0 100	48 59	59 63	72 148	1 198	63 27	14 36	37 7	38 160	35 123	42 132	69 159	44 21	12 88	74 87	15 80	73 10	27 13	77 10	79 65	78 104	49 197	31 193	50 7	65 153	43 105	3 170	36 132	68 136	18 160	29 48	67 93	20 99	53 138	17 140	54 60	76 138	61 95	24 137	46 192	58 6	2 32	26 90	64 140	23 17	52 189	7 30	25 111	51 85	56 99	6 58	45 62	5 143	4 71	10 136	62 128
31 106	27 81	32 129	44 166	78 143	41 45	26 92	18 191	67 86	59 53	75 188	43 72	73 113	17 81	23 61	57 55	24 169	37 76	35 145	39 125	8 106	22 30	79 149	50 197	56 194	77 196	58 141	63 29	55 5	71 13	52 154	15 63	60 77	10 50	25 87	65 94	1 153	16 31	20 44	2 7	51 181	40 189	11 197	53 193	69 84	14 83	36 32	49 31	33 180	0 63	45 23	9 84	4 195	28 98	47 181	72 27	66 114	74 15	76 38	19 196	7 135	5 165	48 89	34 31	21 116	30 135	54 131	42 2	38 83	13 188	61 142	70 18	64 36	68 34	46 179	29 42	3 72	62 115	12 32	6 80
57 12	60 68	21 125	51 165	69 29	25 67	7 162	6 51	45 123	34 133	23 145	35 184	32 160	16 155	18 133	11 68	3 53	14 114	27 25	33 51	0 140	58 26	13 74	10 31	71 54	40 115	49 9	63 106	30 38	41 124	77 62	22 17	54 116	17 174	66 125	64 184	74 178	70 190	24 82	8 4	47 24	67 109	19 68	79 68	1 117	28 41	68 128	59 193	61 128	39 144	42 171	31 114	46 57	53 74	72 93	38 47	56 194	15 153	65 182	29 114	37 87	50 25	43 114	44 61	5 14	75 188	76 92	78 26	26 147	48 2	36 75	73 122	9 110	2 165	4 5	62 88	55 71	12 178	52 168	20 123
20 60	50 82	11 112	68 176	24 169	48 35	30 148	69 69	1 145	21 194	60 152	77 100	19 52	8 5	39 78	78 7	44 71	41 133	14 137	28 121	38 72	32 179	46 26	65 26	56 175	40 170	22 6	71 44	33 34	53 128	64 102	51 10	2 34	16 180	74 160	54 200	15 40	26 106	13 91	12 69	27 193	31 52	37 38	66 72	59 14	7 105	45 95	10 33	73 23	58 96	6 123	4 44	55 4	3 66	76 38	35 78	5 126	61 84	63 62	29 156	52 28	42 161	17 104	34 149	67 17	47 191	25 13	43 63	70 34	72 98	75 97	57 146	18 19	9 87	23 18	79 5	62 187	36 37	0 133	49 199
32 200	42 84	73 124	29 60	64 172	10 10	18 13	61 52	58 58	49 24	27 12	4 101	74 15	68 48	43 188	38 146	25 75	50 33	70 194	48 180	40 5	56 34	78 143	76 36	26 47	46 126	47 81	31 38	28 103	16 54	6 46	65 146	23 87	54 88	63 31	79 136	53 187	52 69	44 102	51 22	17 96	39 101	62 23	5 187	72 149	13 128	33 67	34 30	8 86	59 102	36 48	9 62	69 35	21 115	71 157	77 132	1 80	67 161	7 14	19 82	37 152	66 56	24 117	15 22	0 17	75 36	12 164	35 76	30 106	57 48	22 86	55 175	20 62	3 44	14 167	45 79	41 95	2 79	11 100	60 187
35 141	46 149	5 156	64 36	28 115	39 95	78 68	50 189	38 24	26 159	47 182	44 66	74 87	56 72	16 174	57 200	15 191	60 195	1 154	62 150	27 147	41 13	30 150	66 199	61 136	32 115	22 51	21 177	70 7	19 171	55 171	14 109	17 138	6 122	37 184	71 22	54 111	0 161	23 166	73 152	40 90	69 167	43 11	72 102	52 163	4 195	59 125	18 2	7 59	34 65	2 200	65 29	53 53	58 185	63 41	12 95	20 144	67 32	33 182	49 144	45 25	29 25	42 172	36 62	79 114	25 156	24 83	11 72	51 84	3 60	77 158	75 47	10 118	68 49	13 108	8 200	76 77	31 113	9 68	48 164
20 164	17 70	8 5	56 38	74 116	42 179	45 36	27 70	38 140	77 125	59 66	18 195	78 30	5 162	37 41	39 8	49 30	33 119	76 100	73 126	70 173	7 113	11 162	47 95	12 41	46 95	13 179	75 3	19 82	26 74	44 37	66 82	34 73	58 33	24 160	69 48	23 54	9 83	10 81	55 148	51 119	52 91	50 3	64 57	48 84	63 191	25 109	14 48	16 94	29 145	35 197	67 75	32 191	60 136	53 115	72 41	40 5	21 179	31 48	6 187	15 139	71 89	41 151	22 45	28 170	61 129	54 68	0 139	43 149	68 139	3 51	4 195	36 73	30 102	1 58	65 165	57 50	62 183	2 162	79 164
41 171	50 39	18 109	46 43	77 193	79 29	65 95	28 93	48 106	10 194	78 49	54 166	20 133	66 116	25 164	36 14	0 109	39 180	60 28	27 174	38 21	3 57	9 158	76 135	64 40	26 86	8 67	62 1	58 17	75 89	24 53	19 31	22 157	40 167	32 27	67 34	34 173	7 117	29 36	5 140	13 147	30 42	31 37	21 167	4 62	2 83	1 100	14 9	52 97	73 151	42 193	71 32	6 110	55 8	37 118	59 73	11 2	15 194	23 88	44 172	12 119	69 178	70 153	51 190	53 188	16 100	61 89	49 91	47 135	56 127	57 62	72 193	63 38	35 121	33 149	45 86	68 74	74 62	17 118	43 184
12 42	73 26	9 31	52 129	54 179	16 170	57 108	46 151	34 34	20 174	50 133	45 103	10 121	72 55	53 80	43 138	61 92	33 74	2 167	18 122	36 83	38 188	71 70	78 37	17 92	13 128	37 189	58 176	14 80	41 149	6 199	11 92	25 153	63 49	19 189	70 23	5 103	69 93	48 83	62 27	60 175	32 197	35 196	66 95	15 14	31 115	1 116	24 74	79 102	27 196	7 131	55 107	3 141	65 98	44 116	42 5	21 125	28 145	76 161	47 116	8 155	30 52	75 165	39 56	40 98	74 63	26 16	22 14	67 98	59 167	49 194	29 86	0 192	23 185	4 34	77 3	56 43	64 22	51 32	68 21
8 79	6 115	46 98	35 102	31 187	55 111	5 17	62 116	9 27	34 148	43 70	67 113	7 126	72 96	39 44	24 13	40 11	20 61	68 147	77 8	36 113	66 53	74 115	78 194	16 35	1 151	2 2	58 45	10 104	0 64	37 170	71 77	29 191	54 155	11 125	17 61	73 150	25 46	30 200	63 71	52 184	59 17	13 157	23 105	14 116	64 157	4 115	28 52	61 124	41 168	26 135	32 177	22 71	51 22	57 141	76 66	45 15	79 58	21 189	44 110	19 5	48 83	12 55	50 177	49 167	18 18	60 36	70 10	56 90	27 119	47 121	53 174	38 16	75 156	15 145	3 123	69 5	65 57	33 93	42 153
36 103	60 161	19 124	1 96	57 157	26 76	49 43	59 71	66 37	62 126	65 193	3 144	76 12	18 130	69 105	55 58	53 128	27 106	72 98	15 25	70 2	64 149	7 178	2 25	4 135	20 94	35 22	77 68	44 37	63 63	23 2	43 48	71 94	52 108	58 194	73 117	32 162	78 162	25 18	31 83	50 25	45 102	29 113	17 14	14 162	38 111	11 108	12 5	9 153	51 172	75 102	28 100	8 181	6 8	0 178	42 49	24 94	22 67	79 136	56 111	16 147	39 154	46 99	5 116	74 37	48 78	13 7	30 35	40 172	68 127	10 133	54 145	67 27	47 62	61 58	41 155	34 97	21 68	37 183	33 26
49 64	25 76	64 121	19 47	32 60	0 155	59 179	17 19	45 11	57 55	1 100	68 188	73 97	12 185	3 62	5 90	11 84	27 78	35 67	41 67	66 26	6 64	38 178	23 8	13 104	60 51	43 152	39 123	77 181	54 133	14 181	71 43	42 184	61 148	7 133	21 154	63 153	65 139	30 55	50 116	52 71	4 4	34 55	10 168	36 62	69 45	37 124	40 15	67 88	31 175	78 198	75 130	46 153	24 186	16 68	74 157	33 137	44 173	29 72	55 148	51 76	76 10	70 89	26 173	58 111	56 81	9 73	2 175	53 6	72 84	79 2	22 77	47 89	48 186	8 155	28 2	20 89	62 7	18 134	15 176
68 170	4 73	36 37	19 98	24 142	5 7	31 55	8 104	48 76	46 39	37 51	41 186	67 132	16 146	70 113	2 150	51 8	69 105	10 44	73 19	55 189	21 79	18 47	43 118	42 104	15 112	30 66	34 154	0 143	56 62	40 77	3 3	25 77	26 162	20 58	66 57	61 106	60 196	17 19	12 107	44 67	72 175	63 100	53 100	64 149	14 85	13 50	47 137	32 68	79 164	23 63	49 88	9 103	1 186	38 104	74 134	6 186	71 6	54 88	27 25	33 140	59 53	65 147	78 88	77 57	52 138	62 106	22 4	58 105	11 57	76 165	50 123	7 64	45 127	28 89	29 148	35 138	75 45	57 109	39 23
21 150	70 198	27 67	68 167	69 195	9 118	51 91	73 129	13 154	31 116	76 29	47 133	3 91	52 15	53 89	11 26	77 15	15 121	63 102	20 127	23 133	49 75	54 66	57 132	50 54	58 79	74 170	10 105	18 197	16 33	37 111	61 156	4 62	19 109	41 130	79 73	42 22	24 60	26 146	2 180	22 49	32 6	34 190	0 104	5 134	60 77	17 76	71 72	8 83	33 116	64 97	44 196	78 26	35 140	7 21	43 75	66 190	25 156	38 66	59 95	48 161	65 4	75 124	62 101	39 77	14 197	30 108	6 71	55 128	45 95	46 2	1 94	72 76	56 109	67 126	29 45	40 66	28 26	36 168	12 178
32 91	6 177	37 86	12 24	28 197	59 62	66 181	40 20	51 29	42 43	75 48	20 165	72 56	65 146	62 156	27 116	57 130	26 48	24 87	41 94	9 122	43 182	38 144	54 72	68 38	8 100	56 168	31 17	13 97	53 39	33 98	1 84	46 132	19 10	67 119	77 2	49 110	3 51	35 148	50 150	21 151	76 5	55 25	58 33	10 154	5 3	17 184	15 148	16 131	69 78	11 134	64 172	78 28	73 114	25 134	30 40	39 157	52 149	22 182	2 148	74 13	70 11	29 179	0 144	7 116	34 58	60 115	4 10	44 72	45 148	79 62	36 191	63 153	14 123	18 174	23 90	47 42	71 158	48 113	61 135
26 11	40 86	62 198	29 130	72 27	20 61	79 145	49 175	17 134	4 36	27 198	12 158	69 16	36 11	14 188	42 103	18 12	38 69	73 109	59 148	24 4	67 12	44 146	3 133	61 57	58 111	63 169	22 110	21 27	52 169	11 195	35 108	76 69	55 51	75 192	56 54	64 80	13 31	28 101	46 47	31 57	37 45	65 83	8 42	7 193	39 131	25 9	71 145	2 198	68 120	30 173	33 32	78 167	77 94	16 118	32 56	70 152	50 64	5 166	10 55	57 168	48 79	0 120	66 93	1 118	34 66	47 124	9 168	74 184	45 115	54 82	60 100	23 174	6 139	43 48	19 193	41 191	51 157	53 137	15 149
41 80	68 43	48 180	21 26	16 8	75 96	63 46	13 149	8 131	7 151	28 155	65 163	72 120	67 38	58 86	79 100	59 153	0 40	1 29	2 104	69 158	6 157	27 14	25 173	30 45	19 41	49 80	18 152	31 27	77 126	38 193	33 105	43 25	74 76	60 157	39 133	14 118	34 155	26 6	23 65	55 161	9 199	45 143	35 122	78 165	4 14	37 127	46 141	51 69	5 72	57 175	17 99	73 166	12 194	32 53	36 43	76 183	22 94	61 6	11 10	47 67	70 155	50 177	66 189	15 42	64 113	54 25	56 64	3 71	71 158	52 93	62 91	42 69	29 18	24 132	10 136	53 171	44 141	40 145	20 51
76 4	35 111	40 76	42 162	64 60	49 96	7 87	6 22	56 141	19 74	70 47	58 140	0 133	75 93	43 177	24 200	25 60	10 156	53 136	2 75	8 152	18 178	69 46	38 37	15 131	28 168	45 185	60 139	57 150	50 51	12 143	27 41	59 127	71 148	77 54	23 79	14 40	51 165	16 61	62 162	37 48	26 22	21 67	3 20	17 62	11 57	47 198	32 102	5 133	52 78	22 97	55 117	46 51	33 116	41 186	61 188	79 2	36 172	9 143	4 1	29 102	31 176	63 165	34 155	73 46	67 19	65 84	78 113	74 148	66 75	39 139	48 13	68 197	13 50	20 45	72 187	1 178	44 175	54 91	30 162
69 141	3 137	35 194	62 4	31 117	46 29	42 170	23 16	59 50	14 92	5 158	79 49	76 7	71 160	61 16	77 194	0 27	13 158	60 14	7 78	32 165	72 151	74 148	17 92	65 12	64 179	38 155	73 106	24 120	44 139	41 72	63 147	2 39	20 105	40 182	78 51	57 90	1 179	70 168	21 129	56 138	45 15	10 117	4 76	36 145	33 106	19 92	43 107	48 137	66 197	49 98	27 21	11 51	16 91	22 122	67 134	39 4	54 158	47 186	53 118	28 123	34 190	15 122	29 24	68 155	58 166	75 41	50 12	18 48	9 182	37 20	30 42	6 22	26 11	8 193	55 12	12 185	52 42	51 178	25 89
27 60	62 183	49 185	67 190	9 145	22 200	70 124	3 44	64 184	20 1	37 163	73 78	40 86	8 43	19 78	14 66	1 58	69 145	41 158	77 77	50 111	65 85	79 17	66 114	32 108	43 109	36 152	30 2	60 13	54 17	46 157	58 133	18 150	55 112	71 30	38 86	15 46	25 27	21 184	59 3	2 200	39 4	51 2	23 177	11 30	13 2	31 156	63 191	4 77	10 181	47 38	52 74	33 67	6 186	78 75	12 35	0 180	61 101	34 22	74 153	44 171	17 173	57 73	76 36	48 30	75 62	28 28	68 71	42 24	56 125	24 146	7 115	72 145	53 137	29 11	16 5	5 89	26 70	45 154	35 134
54 193	28 2	70 75	20 75	13 138	59 129	42 9	73 6	33 15	44 187	76 97	7 59	23 179	30 51	6 73	43 187	48 82	66 54	15 169	50 13	41 54	29 165	14 159	68 24	65 71	17 189	67 48	32 112	27 114	72 143	69 10	61 182	18 83	31 56	9 118	56 120	47 91	74 75	26 101	64 174	19 171	46 44	37 146	63 17	16 143	34 191	4 10	11 30	38 111	60 173	45 53	5 166	49 85	40 2	22 188	3 187	12 24	0 55	55 102	21 60	25 164	1 25	24 180	2 118	75 82	62 140	78 46	58 46	8 113	71 45	57 197	79 11	77 56	52 94	53 17	39 7	35 103	10 183	51 25	36 50
55 22	46 86	56 123	58 31	43 26	37 11	24 19	27 180	57 128	29 193	30 143	50 102	77 167	48 4	26 63	78 75	3 64	54 114	74 20	47 61	60 81	14 82	7 125	32 53	45 41	1 127	5 99	51 85	72 110	40 7	2 82	23 63	10 170	52 183	16 158	44 65	62 16	6 126	11 166	42 186	63 90	67 122	31 118	73 144	79 21	71 34	53 14	68 140	36 111	35 57	65 191	28 48	41 158	15 190	49 94	39 191	21 32	9 19	69 168	25 111	22 71	17 76	34 85	13 192	33 187	12 90	18 37	8 116	75 49	76 11	20 58	59 198	0 47	38 78	61 75	66 81	70 180	64 108	4 153	19 40
47 106	44 170	9 65	56 177	23 182	28 137	58 22	35 115	16 80	32 105	37 41	51 7	39 55	60 144	17 107	46 85	4 66	67 48	36 145	20 3	61 31	76 173	42 67	21 99	7 79	70 21	8 85	78 111	65 131	64 26	49 21	62 127	38 188	54 150	2 138	3 35	24 71	13 46	50 97	26 194	79 60	10 183	5 188	30 23	18 28	29 107	31 10	11 109	55 184	40 151	69 84	43 46	53 175	27 43	0 147	19 61	41 80	57 175	59 31	12 193	66 32	34 119	52 7	1 4	48 6	15 189	14 92	6 5	45 4	25 119	73 149	75 45	33 194	72 142	77 166	63 48	22 21	74 144	71 39	68 93
11 38	66 85	7 124	27 152	47 172	41 117	2 5	45 118	62 187	58 142	38 41	49 85	6 114	69 135	9 120	24 21	54 54	79 53	71 187	67 122	60 61	23 74	12 162	21 119	26 2	74 20	44 197	4 66	55 186	30 73	32 69	61 143	16 29	52 180	46 116	10 103	51 27	0 30	17 139	48 137	36 133	43 120	70 192	65 4	14 98	56 73	1 50	39 168	37 84	29 118	18 134	31 50	73 17	13 196	25 140	33 40	63 7	68 100	78 56	42 135	50 58	5 192	22 111	53 12	57 71	3 154	64 101	59 166	76 27	28 92	35 99	20 16	75 130	72 126	77 149	40 64	15 147	34 22	8 159	19 143
44 73	68 70	70 104	30 74	37 135	8 44	4 34	71 48	6 171	47 195	12 198	38 16	50 62	59 190	64 49	76 154	24 75	63 141	13 16	18 88	22 190	73 87	16 44	14 37	69 82	34 153	75 100	61 200	26 30	11 185	10 65	40 108	79 84	21 152	20 196	25 157	46 21	28 1	53 8	27 82	15 184	32 68	52 198	66 89	62 165	78 157	35 191	48 15	77 113	9 121	45 62	2 151	5 70	42 109	57 146	3 37	67 167	17 2	58 52	43 185	19 134	74 173	54 181	49 74	29 50	1 35	60 139	55 54	36 48	39 40	23 99	7 176	72 123	0 12	51 166	56 140	65 157	41 126	31 52	33 44
75 180	39 92	7 99	19 47	59 46	53 97	56 176	50 164	1 44	25 174	46 22	68 89	41 189	18 12	66 111	30 180	34 111	15 30	49 157	12 62	58 173	52 145	28 5	73 6	20 26	38 79	78 197	5 177	54 80	44 47	29 27	21 79	47 198	51 124	32 171	0 16	40 101	74 84	22 110	26 121	71 75	6 165	3 40	60 59	11 36	77 154	70 48	69 142	24 194	2 72	31 191	36 167	13 104	23 104	16 59	63 62	76 138	57 163	9 54	45 104	55 83	27 60	4 105	62 83	67 156	65 133	8 138	35 161	17 109	33 132	43 149	14 102	79 150	72 105	10 29	42 98	64 104	61 52	48 4	37 10
6 188	51 193	66 189	3 195	71 85	20 118	25 3	53 48	73 178	59 16	26 56	0 27	63 153	28 48	5 59	77 34	54 83	19 74	12 74	38 199	50 36	14 141	42 44	43 57	9 192	15 137	21 20	24 22	76 92	17 164	18 141	8 81	65 157	79 150	55 70	56 90	41 151	33 109	36 74	72 16	62 116	32 143	31 76	68 137	52 22	13 97	2 36	11 95	1 53	29 70	34 197	60 125	74 42	46 115	58 102	40 190	22 190	44 125	48 151	23 188	39 24	64 9	4 123	7 55	69 192	75 57	16 153	37 181	67 99	49 3	57 87	47 70	70 165	35 96	27 80	30 198	10 154	78 44	45 81	61 36
60 127	59 164	52 138	50 170	39 10	32 112	9 96	20 35	7 179	38 79	28 101	74 160	6 192	4 20	16 56	21 91	15 91	54 58	33 178	5 167	64 44	61 63	43 100	58 156	45 60	72 34	2 134	51 36	30 12	17 82	26 175	42 171	46 43	57 35	63 78	3 159	66 76	44 161	76 49	12 95	23 94	47 154	18 84	34 70	49 189	10 166	62 168	71 176	69 75	29 184	65 76	68 88	78 150	79 18	11 101	8 125	19 107	73 163	25 75	24 165	56 163	14 164	41 4	37 74	75 43	36 93	67 92	13 13	22 29	55 106	0 83	40 96	31 85	77 88	48 104	70 196	1 64	53 76	35 50	27 134
45 56	3 93	32 128	7 64	25 177	67 147	40 156	1 27	78 188	2 76	53 23	11 53	65 81	23 182	16 168	34 199	37 131	24 193	41 177	55 160	0 134	63 57	13 13	51 194	12 121	77 78	50 198	6 49	31 162	75 22	60 96	5 168	36 15	61 54	79 77	42 160	4 28	22 50	17 21	76 79	72 192	8 27	56 5	48 185	19 32	10 174	35 103	70 180	9 76	68 176	20 57	69 168	14 175	57 21	18 69	26 136	33 52	43 105	73 98	49 2	64 166	38 75	44 188	27 36	71 189	28 149	29 134	46 155	59 173	21 124	47 105	74 80	30 62	52 164	54 128	39 129	58 188	66 142	62 185	15 18
11 88	77 112	49 12	39 60	66 33	41 53	58 102	34 78	59 13	4 131	78 188	16 17	7 166	2 9	53 49	6 111	20 70	40 175	9 147	57 21	35 173	28 165	0 71	45 183	30 106	38 118	14 21	65 79	68 69	51 161	13 104	69 91	3 111	64 192	23 141	26 42	50 155	61 130	15 134	79 14	63 38	18 187	73 98	5 75	54 31	48 107	55 195	17 93	21 194	46 117	37 143	10 33	75 27	74 129	36 32	62 84	27 11	22 102	76 186	67 161	60 78	25 150	1 24	70 156	24 40	52 127	47 182	56 116	31 184	19 135	43 188	12 38	72 179	44 93	33 112	42 120	29 17	32 148	71 57	8 36
33 98	62 79	18 140	42 127	55 130	21 81	64 150	10 161	43 135	72 172	47 161	41 92	23 110	29 170	16 119	5 124	49 94	63 111	0 47	28 57	71 79	26 11	32 154	59 52	37 25	4 176	6 76	53 178	77 179	78 136	22 99	67 24	11 149	36 51	79 83	60 42	40 71	7 6	65 133	57 98	31 117	70 164	74 46	66 189	34 61	9 27	13 171	50 105	12 89	1 22	45 121	17 65	39 122	56 15	8 120	19 150	3 56	2 190	46 64	54 49	20 79	73 52	24 28	30 153	35 64	76 149	69 60	38 125	25 189	75 14	58 136	68 113	52 18	44 101	15 175	48 3	14 195	27 93	51 37	61 153
22 87	23 32	49 167	51 11	32 81	38 192	29 197	74 65	44 105	0 177	2 23	45 194	16 46	36 154	6 89	47 144	11 193	52 99	67 8	17 55	61 168	27 164	75 96	41 98	7 151	19 34	56 78	20 168	59 188	60 121	13 82	8 144	62 192	1 140	35 47	63 94	78 52	33 113	73 76	25 90	42 31	40 36	4 135	50 190	12 183	3 97	9 36	30 115	26 1	69 12	72 47	53 52	39 70	37 81	55 41	24 151	65 127	46 158	18 81	57 94	5 190	79 179	76 162	77 115	34 168	54 49	68 164	64 189	66 25	70 150	21 95	58 190	31 116	71 3	48 47	10 127	43 82	28 86	14 152	15 117
25 69	45 119	42 153	71 182	10 136	62 131	70 187	33 112	24 161	76 7	34 11	14 190	1 112	67 169	77 195	46 120	8 115	26 50	20 52	75 176	13 84	69 130	38 38	41 108	50 140	16 143	65 98	27 128	78 66	18 175	19 91	63 32	28 18	17 91	22 3	57 159	58 6	72 93	11 24	51 179	79 50	73 135	0 80	54 6	36 199	3 199	29 141	47 166	59 47	53 109	7 24	5 100	12 93	52 113	44 69	49 193	30 84	37 121	74 169	40 11	66 14	35 35	32 34	9 118	21 151	48 65	64 14	15 184	31 187	39 142	68 45	60 102	61 136	4 119	23 83	56 89	55 126	2 61	6 196	43 107
24 122	64 44	63 2	66 72	47 48	38 39	18 128	5 53	46 152	48 81	57 19	50 196	56 142	61 188	49 200	16 91	70 179	20 6	78 5	27 143	72 4	8 20	43 159	65 124	21 69	74 62	23 36	29 161	32 31	25 71	17 42	51 31	36 177	76 164	75 32	28 166	11 153	44 96	26 31	34 117	60 11	73 21	22 11	58 91	69 175	3 74	0 193	62 160	52 105	71 101	2 98	39 138	9 119	13 133	41 114	4 110	14 92	77 84	55 100	35 139	12 63	53 76	68 135	7 200	6 11	67 105	31 37	10 144	30 101	45 30	59 97	54 67	40 133	42 95	37 70	19 175	33 117	1 70	15 47	79 69
36 174	16 153	17 40	51 177	67 36	49 48	25 161	34 125	76 64	27 17	46 25	44 199	40 83	66 39	8 90	73 196	57 155	43 74	64 184	55 39	35 194	75 118	72 179	18 187	74 98	71 172	26 24	23 70	9 174	20 43	69 146	24 18	41 135	77 119	33 82	54 171	70 113	29 30	14 35	0 85	48 98	3 42	59 14	60 142	68 115	5 194	78 187	45 59	4 64	12 147	38 2	19 61	30 122	42 13	52 124	63 68	65 99	62 52	11 56	61 146	22 26	6 190	37 160	56 118	79 151	31 66	21 94	1 128	32 142	47 118	10 142	53 4	13 29	7 191	50 199	15 141	58 69	39 194	2 64	28 69
58 95	63 121	41 194	24 90	14 57	32 175	1 174	77 95	64 130	5 106	53 66	72 83	54 67	62 61	65 192	9 23	46 54	29 67	68 128	51 181	75 167	27 176	49 70	50 61	66 54	31 86	28 46	25 147	78 23	60 153	42 37	8 110	15 161	37 195	19 78	30 95	76 166	59 148	2 59	11 190	44 60	17 2	12 22	34 185	35 79	4 46	22 155	20 111	38 26	43 133	10 182	23 65	56 169	33 31	26 182	45 62	71 8	47 158	67 175	39 161	73 70	70 95	6 24	3 138	55 152	69 38	79 32	74 64	7 175	61 83	40 116	57 193	13 125	0 14	52 78	16 144	48 58	18 119	36 109	21 93
2 101	5 98	41 102	59 129	28 130	61 114	39 112	24 160	27 22	60 159	10 62	69 50	38 79	36 103	72 20	14 71	62 87	45 193	79 136	35 157	52 29	71 131	23 59	73 140	33 125	76 111	29 83	57 131	26 80	66 161	65 8	58 24	40 67	30 156	19 31	34 43	50 178	63 98	56 62	70 62	22 187	78 39	55 28	53 47	54 163	21 162	49 168	1 199	32 162	37 24	74 179	46 59	77 196	7 76	18 12	15 73	64 170	13 156	67 73	47 193	3 181	44 27	51 177	20 24	75 112	4 49	6 135	16 140	25 111	9 126	42 79	48 111	68 183	11 151	12 174	8 98	43 122	0 28	31 77	17 188
42 189	66 122	43 61	69 181	50 55	70 194	15 64	22 135	19 114	6 150	38 127	75 120	68 6	67 177	78 152	21 192	11 14	41 139	74 163	2 59	8 77	49 67	7 31	79 25	58 11	4 73	64 52	30 156	61 119	34 79	63 129	73 17	5 165	45 113	65 64	25 194	1 25	10 51	33 69	14 148	62 128	29 59	53 135	27 58	20 145	46 97	36 39	40 81	24 175	9 135	31 79	32 54	47 145	56 11	52 122	54 6	13 98	23 176	16 70	35 137	48 194	76 96	17 145	18 170	26 72	71 82	51 68	3 185	44 46	59 28	72 46	57 197	39 119	12 146	37 1	28 185	0 156	55 13	77 25	60 102
24 52	9 111	29 188	17 69	69 55	6 6	32 37	34 171	63 139	48 24	52 130	70 183	35 84	41 71	8 15	75 173	68 127	65 192	14 198	13 83	50 2	55 38	45 149	77 45	3 31	38 180	76 160	0 45	46 76	67 22	79 187	57 139	26 176	60 97	19 95	58 40	62 176	74 70	2 118	12 16	54 15	4 112	40 199	20 138	64 46	25 95	36 197	23 18	73 78	5 39	31 96	44 146	1 120	10 64	71 19	39 63	43 87	28 139	47 32	56 174	11 96	37 146	53 44	16 161	18 40	15 14	33 14	27 51	21 168	49 142	78 160	42 21	30 168	61 110	51 56	22 188	7 103	72 61	59 182	66 151
25 60	41 112	50 8	42 117	26 136	59 65	69 21	66 126	31 109	56 172	70 163	6 122	35 123	78 197	17 59	29 137	19 90	2 99	39 77	46 35	57 125	22 52	5 161	14 53	9 190	72 90	75 116	38 191	36 45	62 149	54 188	18 95	28 143	73 96	58 39	8 173	33 190	47 155	1 191	40 26	13 151	79 43	45 24	49 80	71 19	15 172	11 100	65 181	23 54	44 192	27 194	0 24	20 7	74 134	48 72	53 67	7 76	55 197	43 152	10 175	12 91	24 9	61 8	32 99	51 121	16 25	77 191	68 116	3 63	64 157	34 10	76 26	37 53	21 3	30 22	52 115	4 45	67 45	60 40	63 147
68 81	47 45	35 92	61 135	63 160	48 117	6 56	70 58	78 124	58 55	38 183	55 181	39 28	22 22	14 79	77 126	60 122	79 142	49 109	17 28	24 20	64 79	59 5	3 184	2 162	43 142	37 126	15 37	57 101	73 105	28 45	42 51	50 57	4 131	52 158	33 173	18 59	40 136	41 118	56 156	9 46	45 130	1 70	19 192	53 85	75 64	21 122	67 183	76 47	27 53	34 99	46 103	29 192	7 17	44 179	32 118	74 108	69 6	11 183	20 52	13 13	16 14	23 45	36 106	54 21	12 180	66 15	65 99	26 192	62 20	51 84	0 174	8 131	5 189	71 52	10 50	31 113	72 27	25 187	30 94
41 106	69 195	50 60	59 59	63 124	49 95	61 33	13 135	19 163	57 51	0 16	66 161	37 199	43 103	36 34	32 55	10 62	25 108	70 14	62 183	64 189	79 106	74 36	1 83	75 177	76 109	54 18	58 142	55 69	48 117	18 152	60 181	8 135	77 24	11 141	29 114	51 9	38 59	40 129	21 108	71 127	73 68	16 87	28 104	7 29	52 84	22 120	12 75	24 173	2 142	5 134	72 167	34 194	78 107	68 105	26 136	23 143	46 107	15 149	3 29	67 197	6 173	42 75	44 200	27 36	39 15	35 193	9 63	33 155	30 145	53 29	20 197	17 40	47 52	31 112	4 172	14 43	56 128	65 56	45 110
73 178	1 55	59 189	18 88	2 20	29 158	11 161	62 126	8 146	7 145	76 133	79 152	42 165	0 47	54 138	3 45	24 21	77 40	5 45	48 151	64 23	10 96	20 65	71 90	14 77	17 32	50 65	16 178	22 200	63 100	45 181	41 184	68 50	46 4	37 62	30 136	26 102	23 61	52 177	39 196	28 56	36 45	12 27	56 169	66 114	47 174	53 85	69 81	6 5	51 17	15 47	70 189	55 23	13 195	60 140	57 200	78 30	74 193	19 118	75 124	43 32	31 83	32 165	33 60	72 127	34 101	35 156	40 23	44 199	58 196	25 103	38 114	61 147	49 191	9 166	65 118	21 68	67 167	4 197	27 28
47 12	72 112	2 74	48 61	6 187	12 147	21 144	23 140	8 80	78 92	17 96	7 154	79 67	76 139	73 198	50 66	20 45	30 26	60 86	74 90	43 64	44 59	55 123	40 163	29 196	61 47	57 171	77 158	46 112	34 149	26 73	28 166	27 160	3 198	68 15	52 105	71 42	5 2	38 90	36 96	62 183	22 109	63 193	75 154	32 14	58 190	11 76	4 148	14 70	18 180	59 89	19 76	54 3	25 97	33 172	9 98	10 101	69 173	53 83	39 150	66 195	67 200	1 158	42 27	24 40	49 70	45 187	51 82	56 197	65 30	13 183	15 13	41 135	37 104	16 17	31 168	70 135	0 10	64 75	35 100
59 127	63 48	53 133	78 48	73 91	55 52	79 14	0 3	31 90	67 36	60 125	41 181	71 88	46 30	66 141	30 1	20 2	37 190	74 153	18 166	3 47	38 44	57 175	77 139	33 41	23 87	39 83	14 65	13 167	15 4	51 101	75 33	34 45	36 111	43 184	11 33	32 171	4 152	25 6	56 140	40 33	64 113	27 28	24 62	47 82	50 18	70 31	29 61	48 31	26 157	72 63	58 40	21 54	9 151	54 60	52 165	45 134	35 31	42 81	1 190	44 87	69 88	49 10	16 153	22 84	10 183	6 74	65 191	76 98	5 108	28 47	7 87	12 118	2 108	62 22	19 47	68 127	17 104	8 72	61 189
62 146	63 144	21 116	43 60	4 199	10 99	24 53	26 44	67 83	25 43	44 7	45 196	36 170	75 155	57 105	30 65	41 41	50 156	39 88	38 118	64 119	71 57	14 193	27 108	1 30	0 78	37 195	68 123	35 197	12 20	23 146	13 107	59 53	31 104	20 60	18 168	32 174	2 145	15 110	48 1	56 13	69 24	17 13	52 49	51 115	54 23	5 169	58 151	78 45	7 137	3 21	55 153	16 73	53 25	76 113	8 132	73 170	46 162	77 136	34 28	79 4	66 35	60 28	19 31	42 68	33 46	9 32	29 64	6 110	22 15	65 63	61 125	11 68	74 66	28 175	47 12	40 56	72 71	49 87	70 6
54 10	29 60	39 153	74 175	78 91	37 100	17 193	28 190	27 70	58 6	65 184	57 84	20 75	50 134	16 146	55 161	13 174	30 5	72 43	25 14	75 132	77 19	15 77	62 7	63 150	4 177	2 109	45 6	26 21	70 17	53 175	14 172	19 179	34 139	67 76	49 84	8 10	38 105	43 140	9 72	60 114	23 39	59 156	24 174	6 84	35 40	42 35	31 47	61 180	66 111	18 138	22 200	68 166	51 163	36 200	48 168	33 165	40 29	3 86	79 159	44 164	56 158	10 64	1 178	46 13	71 100	7 18	69 71	64 41	0 36	21 171	41 41	12 170	47 74	32 194	5 46	52 102	76 24	73 141	11 176
76 195	74 196	47 6	62 100	7 181	10 134	66 68	73 193	31 197	53 197	58 30	45 20	36 163	60 50	24 113	67 126	33 28	63 168	79 176	22 36	49 109	4 15	23 123	34 140	44 27	9 27	17 148	51 67	50 90	57 119	64 71	29 152	27 102	37 123	70 173	5 61	32 108	13 170	65 49	12 85	11 58	59 9	2 79	55 36	68 148	20 49	77 127	6 24	30 22	48 85	1 35	18 55	72 193	46 200	56 132	15 37	54 82	35 152	19 62	26 7	28 152	40 104	14 33	8 71	61 184	71 9	25 128	42 5	16 177	52 122	3 147	39 175	38 160	78 85	41 14	69 136	0 138	75 118	43 117	21 187
55 27	0 152	9 72	69 37	66 112	43 194	11 119	68 63	4 162	78 93	16 195	79 75	1 163	21 130	58 83	60 108	63 12	49 29	48 132	25 1	47 163	7 142	30 45	35 45	27 124	5 182	61 16	71 56	22 157	44 6	65 161	17 32	62 52	33 24	36 64	12 113	77 26	13 197	52 141	28 93	15 184	3 144	76 192	45 56	64 122	31 186	23 76	39 75	74 102	14 56	37 39	56 102	29 96	67 143	32 5	50 17	19 184	26 64	57 176	41 30	75 40	59 74	54 51	72 147	6 166	42 140	18 148	40 152	10 42	46 66	34 192	20 183	24 35	38 140	8 21	73 5	51 19	70 150	53 144	2 104
11 53	58 193	26 31	60 106	8 7	5 2	56 9	41 46	55 150	61 53	7 73	48 116	74 175	21 185	36 186	51 35	31 68	24 145	47 139	0 147	22 110	44 11	20 196	79 90	30 118	53 28	13 148	28 58	19 95	62 125	50 82	9 150	23 76	73 29	54 64	34 177	77 88	75 57	52 90	71 69	38 140	46 50	29 53	10 108	3 109	35 173	64 49	17 117	43 114	6 183	69 131	65 32	42 58	14 48	4 198	59 194	16 10	67 131	40 198	33 78	70 158	45 181	76 142	49 82	63 116	57 180	72 38	12 102	18 198	1 34	2 151	25 111	15 124	32 85	27 119	37 109	78 183	66 89	39 107	68 115
18 111	31 100	74 66	47 149	15 8	4 178	5 73	2 172	34 103	67 164	38 170	79 167	61 95	22 109	51 138	24 76	75 94	54 126	56 106	72 65	48 53	35 38	23 100	53 29	45 108	20 189	41 119	29 113	42 93	73 82	68 31	3 126	39 168	57 34	8 145	25 143	27 171	7 138	60 111	77 6	1 144	69 118	19 90	10 136	50 48	65 147	33 84	66 89	49 32	17 198	63 120	76 92	64 150	37 146	62 23	12 103	13 146	78 107	46 53	28 19	40 55	0 193	6 55	9 109	55 195	11 97	32 72	52 116	30 84	71 73	36 2	44 96	14 10	16 83	26 155	43 147	70 59	21 44	59 56	58 115
76 61	36 4	32 66	12 182	34 44	40 9	0 112	22 104	57 180	30 156	47 159	71 102	61 110	35 19	26 103	78 41	73 149	50 47	74 149	43 175	52 189	37 91	63 26	1 88	13 1	72 7	51 27	5 98	49 194	79 1	48 84	4 111	16 101	21 115	53 168	24 199	44 166	28 112	23 61	67 112	60 57	46 123	7 150	59 3	17 183	10 167	20 137	19 112	56 140	62 173	66 165	3 151	6 153	58 2	11 168	70 42	42 151	64 108	69 97	31 196	38 40	8 87	55 107	65 101	18 165	27 83	14 137	75 153	29 28	15 198	77 82	45 26	39 12	41 94	25 176	9 65	2 49	68 174	33 186	54 153
54 68	1 137	62 11	23 138	73 31	75 141	19 154	30 136	51 115	46 71	40 148	43 121	38 47	4 184	44 2	20 67	13 158	78 126	3 128	21 134	25 99	67 192	59 44	9 56	47 154	26 78	34 45	29 142	57 98	69 166	33 109	79 89	48 18	56 124	8 109	16 100	76 11	36 129	66 146	37 170	42 107	70 98	24 125	53 59	74 150	0 160	6 140	39 199	58 63	10 24	12 108	63 153	22 36	50 159	52 77	15 192	72 16	32 137	77 16	64 47	61 38	65 97	17 95	27 167	35 42	68 192	5 16	2 110	31 149	28 5	14 160	49 38	11 171	45 13	55 48	60 191	7 96	71 132	18 10	41 70
64 170	54 44	28 133	20 124	29 156	65 183	43 127	70 51	8 183	53 83	19 38	75 137	59 163	5 156	7 148	42 44	30 8	25 133	63 75	3 34	58 135	52 66	47 56	22 136	14 62	18 109	34 83	67 108	9 57	66 135	40 40	71 83	26 188	0 192	39 27	69 86	16 40	10 38	11 61	17 24	32 19	61 8	76 20	55 83	38 6	21 38	78 140	44 59	74 90	60 148	31 85	41 114	46 14	36 136	1 79	79 20	6 155	13 125	27 92	51 33	35 85	68 67	4 38	73 100	37 39	33 133	62 193	72 166	23 154	2 134	48 34	57 68	15 108	24 183	49 17	12 65	50 123	56 31	45 179	77 39
65 107	4 127	73 117	78 138	25 26	22 131	61 180	1 137	34 85	24 13	21 109	33 24	16 1	9 16	58 116	47 93	27 135	30 147	68 88	15 167	43 103	2 143	38 131	42 160	71 123	35 81	72 159	70 79	56 179	60 11	76 116	10 62	32 3	31 21	40 169	39 33	55 80	74 11	13 169	37 162	79 132	5 85	28 113	6 24	12 48	52 54	44 117	54 171	45 187	49 8	63 148	59 78	19 192	53 168	14 128	18 160	64 166	77 104	69 130	20 159	50 117	11 66	51 104	46 16	8 138	26 182	29 83	7 183	0 41	36 3	67 145	3 165	41 42	57 24	23 33	75 72	66 84	17 44	48 23	62 112
4 187	46 174	76 137	74 135	9 20	75 91	51 69	24 69	68 158	78 32	52 153	64 29	10 43	77 153	65 96	33 81	35 15	12 186	55 166	11 196	21 111	62 177	15 24	20 181	0 191	2 120	41 8	57 106	39 54	22 117	32 161	19 38	61 189	27 128	42 110	23 114	5 92	31 24	49 29	28 93	16 95	70 110	73 8	14 92	1 169	59 53	30 107	66 83	47 127	54 158	63 115	17 169	67 128	18 106	25 108	48 82	7 97	36 138	45 130	50 48	6 175	79 112	44 88	3 61	71 122	34 156	43 176	13 170	40 16	26 129	69 52	60 157	53 143	29 178	38 195	37 112	58 94	72 195	8 184	56 192
75 188	30 37	74 185	73 48	65 32	23 30	55 45	49 19	56 129	76 56	27 61	3 189	25 187	72 137	50 98	2 10	37 102	21 36	43 156	69 74	59 139	29 153	34 158	53 63	46 63	22 4	15 82	58 113	52 7	57 179	39 29	14 52	68 57	36 125	10 130	54 22	18 47	51 63	16 84	70 128	33 51	44 66	5 186	0 30	13 25	64 122	71 166	32 3	24 20	60 148	17 188	28 200	26 58	35 84	62 141	20 36	40 139	79 99	63 48	6 118	42 43	48 197	1 89	78 123	19 83	31 123	61 81	8 133	66 17	45 56	41 98	12 79	47 190	77 62	4 94	38 59	11 183	9 144	67 66	7 112
16 184	67 70	60 106	23 172	46 63	21 196	69 126	79 27	43 68	14 75	76 156	2 161	51 16	4 127	25 42	29 157	26 125	5 60	71 180	18 19	63 48	66 197	34 69	57 118	72 117	42 110	20 179	49 163	52 153	7 77	10 23	27 174	13 9	56 197	47 119	44 50	8 159	40 63	35 177	36 25	78 170	17 11	1 151	30 82	55 109	22 116	68 72	11 188	75 141	31 39	0 8	38 129	24 114	73 172	64 170	32 68	58 33	74 176	28 85	65 152	33 190	9 20	3 112	53 175	61 78	12 62	39 119	41 94	6 102	48 152	19 108	54 92	15 21	70 39	50 43	59 74	77 153	37 86	45 166	62 159
78 200	70 73	0 196	76 70	56 72	6 37	48 139	63 148	59 163	2 199	47 187	69 177	17 200	33 48	22 45	64 101	9 18	10 75	29 150	60 69	72 83	74 77	67 74	8 155	1 7	61 193	31 91	4 45	62 193	52 104	3 99	50 157	77 2	44 57	53 112	43 54	79 156	71 200	23 168	49 171	12 64	40 139	51 60	20 16	65 31	15 160	25 99	27 37	35 190	34 115	73 137	14 134	18 72	68 34	75 79	26 135	54 59	19 152	66 152	32 104	36 62	38 49	7 128	41 96	37 65	42 122	13 50	55 44	46 74	58 199	45 113	28 175	11 33	39 173	21 193	30 48	24 182	5 11	16 148	57 40
73 16	50 129	15 86	4 41	51 159	79 56	60 187	75 163	21 157	54 9	57 32	27 79	11 147	63 150	76 147	29 177	72 192	53 153	12 59	46 31	10 118	0 200	34 150	32 105	38 180	37 144	2 35	41 149	14 77	22 6	64 183	20 177	24 116	56 126	62 108	65 6	17 179	74 124	69 78	25 16	55 76	78 48	19 99	44 77	61 12	31 107	40 91	3 4	13 20	5 94	18 143	35 92	33 69	71 23	45 89	49 3	58 87	59 55	70 67	43 46	48 51	52 30	16 74	47 200	67 97	28 85	8 20	7 93	68 18	6 55	30 163	26 63	9 41	1 197	39 109	66 76	42 110	23 83	77 163	36 115
28 180	2 88	36 143	47 185	30 137	0 69	17 70	43 127	61 102	57 18	73 63	15 181	42 40	78 52	29 139	55 76	79 12	34 147	71 194	9 45	10 170	49 117	19 59	32 32	52 160	62 175	67 103	45 2	6 103	39 95	25 4	20 120	48 94	7 176	75 121	26 36	33 42	53 43	14 11	12 41	13 24	51 135	16 121	44 104	68 113	50 193	63 198	70 199	23 98	18 130	8 115	1 125	69 190	41 167	27 109	40 10	21 189	38 185	31 113	58 121	74 181	4 200	60 115	3 158	64 40	46 3	77 146	5 18	22 162	35 92	72 93	56 186	24 188	65 199	11 3	76 74	66 87	54 60	37 75	59 157
65 143	73 91	70 74	64 126	78 145	75 8	23 156	44 71	16 172	2 150	50 52	19 18	74 173	1 5	15 47	54 115	7 27	20 77	55 5	71 57	6 157	25 111	67 133	40 132	60 174	29 104	9 111	24 15	46 52	51 162	38 97	41 180	69 137	49 143	28 153	62 8	77 198	0 181	22 93	18 185	8 25	61 49	36 33	43 180	63 166	66 112	68 64	58 167	76 151	37 34	3 189	26 182	4 74	33 70	27 11	48 162	5 23	32 107	17 117	59 142	52 113	47 86	56 19	30 166	34 13	39 65	11 111	13 12	31 79	21 171	14 73	57 182	12 124	53 186	35 171	79 95	45 11	42 47	10 140	72 44
37 71	69 84	7 171	19 93	57 10	26 40	64 125	28 196	15 48	17 101	78 86	76 65	33 13	39 25	8 198	72 116	47 8	61 64	51 109	42 40	36 127	52 138	41 63	63 73	21 141	32 90	48 196	14 133	75 180	35 27	25 48	46 196	45 156	12 157	56 24	11 160	67 101	24 148	43 132	55 130	30 162	6 105	3 60	53 91	16 74	44 150	71 74	77 182	79 157	74 177	65 127	31 115	59 174	23 19	73 151	38 139	62 175	0 64	34 149	1 165	29 128	22 125	10 193	70 187	49 123	50 80	40 21	5 80	54 180	66 142	60 28	9 86	2 160	20 150	68 62	4 155	58 187	27 188	18 4	13 135
29 13	53 45	15 182	14 141	2 48	71 1	8 187	62 37	73 147	79 130	75 101	45 189	63 185	38 78	24 59	7 16	65 76	57 198	70 75	1 5	74 131	9 148	10 68	34 158	59 48	41 133	18 181	32 178	44 135	35 37	46 131	16 25	6 1	50 142	67 97	12 73	3 168	47 74	25 109	22 135	60 119	77 169	78 4	66 169	68 36	42 190	72 159	19 167	43 147	52 191	40 143	28 121	21 16	55 39	51 29	49 27	64 84	26 184	76 25	4 28	0 68	13 133	27 26	23 95	39 153	20 172	5 182	17 66	56 151	48 24	30 38	36 48	31 109	33 38	61 65	11 172	69 172	37 185	54 24	58 133
