90	60
48 108	47 53	18 54	38 174	29 172	4 91	9 58	10 130	59 128	19 146	15 6	0 126	40 2	1 76	26 152	56 137	41 77	16 24	51 21	43 48	12 113	53 96	22 167	35 187	23 35	44 90	11 194	27 11	55 78	49 38	20 122	39 148	3 67	24 200	34 153	32 122	30 23	46 123	33 169	31 21	5 37	17 61	42 38	36 199	8 187	28 132	45 192	25 111	6 26	2 191	54 11	58 50	14 131	21 65	37 173	57 107	13 106	52 7	7 2	50 61
44 62	18 138	3 154	50 41	51 147	17 139	11 197	36 193	16 87	53 4	57 80	41 31	8 11	46 164	28 105	5 105	45 49	29 145	34 174	15 81	30 49	32 129	52 157	19 188	0 174	42 63	27 86	35 194	20 16	12 199	26 109	14 3	37 143	9 123	49 174	40 24	25 139	24 25	39 121	7 44	58 127	54 138	6 194	22 129	10 6	59 59	56 51	21 80	2 136	33 182	48 5	4 200	13 108	47 42	31 47	23 73	38 189	43 50	55 15	1 175
47 27	59 24	25 87	31 62	6 77	7 134	35 146	55 14	56 77	42 113	57 158	5 100	0 112	22 53	1 142	18 59	4 2	21 132	37 98	53 112	23 134	15 93	46 64	20 20	44 121	8 41	3 95	41 133	30 27	17 193	16 129	48 143	40 148	28 109	26 193	36 114	2 83	45 32	29 161	52 125	51 188	33 150	58 136	49 94	11 49	39 45	34 155	13 61	24 35	19 176	12 38	38 21	27 63	32 9	9 1	10 41	54 23	14 189	50 131	43 27
40 66	19 22	44 87	45 54	47 65	11 149	55 33	6 171	46 21	43 98	30 25	56 44	28 100	59 44	2 122	38 152	14 138	32 51	15 2	17 3	35 51	48 125	22 140	4 140	58 121	34 76	10 139	18 152	49 162	29 139	23 56	54 165	39 192	7 190	33 148	24 94	21 120	9 91	8 36	16 42	25 197	5 46	27 79	53 18	37 96	1 199	3 130	42 144	20 131	26 45	36 100	50 42	51 79	0 7	31 29	12 115	41 81	57 154	52 87	13 106
56 117	28 26	1 57	5 91	35 121	40 62	52 117	43 30	3 36	11 134	14 79	20 39	25 164	57 155	49 81	44 61	9 11	18 122	26 9	34 162	10 199	27 68	47 25	51 8	13 122	31 151	16 25	15 189	24 174	38 163	19 33	7 119	22 151	42 91	55 200	32 149	48 106	54 197	53 192	2 77	12 179	50 16	0 121	17 21	8 45	58 140	29 96	41 185	33 154	36 48	46 46	37 52	45 148	30 173	6 95	23 60	59 180	21 109	39 83	4 123
29 113	44 167	18 124	25 81	56 39	23 166	21 78	1 179	45 180	3 65	36 89	0 148	24 14	32 49	43 147	2 156	6 76	17 157	9 134	57 24	14 33	30 74	47 93	41 37	4 3	37 186	49 154	35 14	28 166	15 5	19 49	55 105	59 175	5 98	39 55	38 152	16 57	8 198	26 50	12 112	27 119	31 44	22 131	52 90	54 142	50 94	48 173	46 56	42 183	10 39	33 73	13 189	20 100	40 162	11 76	58 4	53 24	7 44	51 81	34 5
1 155	25 162	40 120	6 58	4 128	3 191	2 62	58 60	19 93	49 174	23 87	38 73	33 186	14 42	20 54	54 33	9 129	0 185	21 20	37 47	18 121	10 59	35 73	41 167	28 181	12 135	30 146	5 22	22 8	48 71	47 121	34 9	29 147	32 66	36 44	42 47	39 181	52 123	13 97	44 49	59 173	43 181	45 66	27 128	26 21	16 158	15 48	8 155	56 9	24 182	50 84	11 117	31 170	46 12	55 169	51 118	17 44	57 28	53 148	7 67
34 16	37 94	8 101	58 192	3 77	28 44	2 11	43 64	55 195	26 199	13 91	6 108	53 77	7 52	50 122	39 194	14 119	21 39	57 25	48 51	4 11	32 74	47 117	40 189	18 165	24 1	45 164	36 123	30 78	49 47	41 38	9 190	15 58	16 138	46 100	29 79	38 198	52 114	20 13	56 48	44 172	23 180	25 151	19 34	1 103	33 141	17 129	51 8	12 145	22 63	42 137	0 43	11 152	59 49	5 121	54 79	35 153	10 48	31 28	27 5
24 70	12 158	34 37	31 105	14 194	55 60	6 54	27 20	45 191	11 15	2 154	5 175	39 103	47 58	18 26	8 102	28 16	41 198	59 37	32 118	23 116	35 49	9 176	10 109	4 140	22 124	19 135	58 70	56 143	36 41	16 40	17 109	15 60	38 93	3 7	54 177	13 113	44 166	42 62	49 101	26 172	30 139	21 179	50 35	25 19	48 80	46 175	33 135	43 26	29 4	52 11	7 52	1 32	53 155	57 26	40 170	20 93	37 183	51 157	0 130
52 174	8 151	58 144	36 64	0 58	23 136	34 105	49 92	54 148	42 1	15 104	48 194	13 102	56 69	30 102	57 164	53 106	16 195	22 136	46 119	51 107	29 60	25 191	41 160	2 141	24 47	5 116	38 169	39 74	28 7	14 189	26 186	11 123	32 166	9 64	35 55	50 133	47 99	3 152	31 188	18 146	37 148	10 45	44 146	17 189	43 164	40 183	7 105	45 84	21 189	55 171	33 23	19 200	27 41	6 108	20 120	12 82	4 6	59 57	1 121
52 135	37 56	46 82	57 106	55 144	56 189	40 144	43 122	58 165	29 58	41 121	15 178	48 62	14 196	10 49	26 18	45 18	13 97	8 142	12 84	39 78	47 30	31 95	32 159	22 44	18 28	51 127	7 131	24 48	5 168	16 159	36 125	11 77	30 151	17 174	20 157	34 112	42 155	59 197	3 64	53 19	49 18	6 65	21 29	38 71	2 42	9 200	44 93	19 134	28 44	35 16	0 69	27 2	23 66	4 192	33 43	25 142	1 147	50 116	54 26
9 174	28 175	57 82	58 101	30 69	10 11	34 49	21 63	14 173	18 39	11 105	2 15	13 44	27 164	52 114	25 152	3 111	43 179	31 68	44 122	51 87	53 179	59 75	1 47	35 175	5 182	54 192	22 24	33 160	41 36	20 86	49 186	16 36	29 7	38 157	12 156	24 112	19 176	32 158	4 57	50 166	55 124	8 143	56 143	37 54	23 139	45 82	42 64	7 40	6 151	46 49	47 154	40 192	48 77	15 27	26 111	17 114	0 8	39 102	36 70
56 118	26 184	12 34	49 16	52 165	36 175	50 84	6 166	57 69	38 199	18 190	7 1	40 69	53 151	39 59	51 48	22 164	33 182	0 12	25 169	31 169	58 101	30 26	1 32	13 154	27 61	45 132	46 114	41 76	2 99	55 33	10 33	34 199	17 31	48 196	54 42	15 45	23 134	21 134	37 154	47 173	24 91	43 181	44 119	29 129	16 112	19 26	14 15	32 51	3 3	28 11	20 14	11 97	42 153	9 191	4 93	8 101	59 25	5 157	35 110
24 176	14 156	29 122	21 35	43 18	49 136	33 161	53 107	55 182	39 183	26 142	16 23	10 86	38 176	41 43	23 97	57 94	1 86	35 79	51 164	32 152	19 94	2 200	31 9	34 200	18 142	15 196	47 35	27 46	59 198	44 163	5 127	30 104	7 5	13 3	22 159	4 171	58 10	42 65	56 114	25 195	36 52	28 182	46 104	40 39	0 9	8 60	45 101	50 77	37 125	9 179	11 5	12 200	6 20	20 187	3 104	17 200	48 187	52 146	54 171
5 27	6 182	57 69	2 148	50 36	21 117	47 151	32 185	38 159	17 70	16 39	30 24	4 129	14 159	10 112	51 6	20 175	59 59	52 89	54 115	58 15	13 61	27 111	15 74	1 29	44 150	25 179	55 3	45 188	31 161	19 127	36 86	18 130	11 105	39 25	7 62	23 85	0 56	40 146	34 186	8 42	46 152	3 144	56 108	9 20	26 128	49 140	42 157	43 168	35 77	37 190	22 137	53 133	48 61	24 81	33 155	41 108	28 128	29 118	12 41
29 160	46 13	3 106	55 90	16 156	0 113	42 37	36 109	32 3	8 145	45 138	14 156	54 181	28 57	35 117	20 88	40 181	18 144	6 105	26 108	34 51	37 135	9 192	11 191	21 7	7 93	31 186	51 83	10 187	23 94	25 180	41 126	15 131	47 16	44 42	30 189	17 184	1 125	2 189	52 159	22 54	50 17	24 167	43 176	57 57	58 60	13 90	4 70	49 101	56 146	12 171	53 146	33 145	19 98	27 188	59 114	5 6	48 179	38 150	39 23
28 68	13 79	55 104	29 56	30 151	14 92	24 109	25 167	5 88	0 29	11 125	31 97	9 150	12 132	38 172	10 177	46 200	16 179	44 70	48 185	35 136	26 156	56 63	2 59	51 153	34 95	33 65	23 36	1 114	7 50	40 199	41 32	37 54	21 118	22 182	59 166	17 162	53 17	4 119	36 44	43 109	27 147	58 117	54 188	49 97	50 102	47 136	19 70	45 173	32 142	18 5	3 47	39 14	15 23	57 19	42 59	6 22	20 1	52 56	8 14
8 172	12 155	27 125	51 16	49 49	48 197	59 6	22 60	47 183	23 59	3 44	44 200	1 152	2 195	9 174	50 34	30 179	19 103	26 54	56 25	42 3	18 20	15 196	13 172	10 200	52 90	25 133	7 156	5 155	17 160	38 94	31 155	34 5	6 92	58 27	57 175	43 194	28 147	37 98	21 184	36 15	20 107	14 171	11 84	33 128	39 84	32 120	46 178	35 43	54 27	0 12	24 25	53 93	16 191	4 1	41 102	45 101	40 172	29 141	55 38
15 32	28 79	37 76	57 101	24 163	56 25	2 133	36 42	29 78	58 186	51 97	39 127	48 36	9 97	7 158	13 49	21 47	45 53	59 191	14 188	5 101	46 52	19 105	20 28	31 90	4 159	34 166	54 54	44 168	18 106	50 22	12 149	26 139	8 29	11 103	43 73	1 152	10 110	0 43	30 3	25 191	42 158	55 145	16 83	40 160	17 169	32 173	47 168	23 77	22 116	41 46	49 7	35 149	53 66	52 161	6 71	3 45	27 132	33 135	38 198
18 177	0 117	34 157	14 9	9 47	23 93	44 9	7 4	8 120	19 86	37 66	53 138	12 58	51 188	16 19	32 3	42 122	31 155	47 193	50 76	59 198	45 84	21 38	13 52	46 147	10 191	54 138	41 74	24 127	43 186	35 70	33 158	20 20	27 193	6 167	55 84	57 32	40 76	17 114	26 61	56 122	4 148	52 141	1 163	2 56	29 191	11 30	22 10	30 103	28 69	25 154	36 6	15 104	49 178	3 189	5 164	58 134	39 161	38 180	48 29
5 131	3 64	47 132	45 64	10 3	28 161	1 150	52 109	11 129	49 114	4 153	6 102	55 146	25 5	8 24	16 137	34 82	20 111	51 37	33 36	43 158	42 78	54 45	53 11	13 83	2 3	59 156	39 152	0 150	56 178	32 69	48 160	26 152	46 42	22 81	37 130	41 158	40 47	58 103	7 190	23 44	14 151	27 101	17 194	15 42	18 154	31 165	24 64	29 176	44 64	38 89	30 157	57 94	36 136	21 189	9 199	12 7	35 180	19 73	50 200
11 30	32 92	4 196	30 183	50 183	52 100	16 171	48 101	17 29	27 194	23 14	54 191	40 192	14 60	28 72	7 61	37 63	29 23	0 29	19 183	21 127	13 185	33 15	47 96	22 109	39 7	53 174	43 184	26 32	1 3	49 72	58 190	44 81	6 174	18 88	36 172	55 186	56 95	3 76	41 57	24 95	8 180	42 133	15 99	38 76	34 85	20 61	31 141	9 160	59 128	57 30	35 74	45 106	51 4	25 155	12 143	2 160	10 29	5 52	46 7
56 145	19 11	58 44	41 121	17 124	21 183	36 63	18 64	47 189	55 102	52 195	45 54	4 131	40 144	46 78	7 150	24 187	44 95	50 49	31 56	3 97	10 177	38 32	51 31	28 29	32 151	33 102	27 68	48 178	2 12	25 85	53 32	13 160	59 165	26 30	30 113	16 151	1 154	37 95	35 76	23 35	57 7	43 195	5 189	15 13	14 3	22 160	49 124	39 18	12 156	42 119	54 200	11 115	6 80	34 189	9 76	29 15	0 24	20 61	8 93
33 152	15 48	17 81	34 200	2 61	19 114	8 117	9 87	26 77	54 149	31 98	55 40	59 26	16 67	47 54	52 18	46 9	20 59	25 115	22 133	3 29	43 104	51 38	23 105	21 148	18 121	35 26	24 73	39 166	5 180	4 124	13 96	6 158	49 14	12 167	41 195	42 72	37 5	40 99	45 196	30 82	57 124	27 136	53 100	38 178	11 168	28 78	1 52	14 49	29 75	56 74	0 54	32 139	58 116	48 154	7 7	10 54	44 59	50 77	36 24
46 10	47 200	41 132	3 134	12 117	2 169	5 179	57 31	24 154	30 13	11 146	33 83	16 147	53 36	38 96	29 140	21 102	49 82	25 73	23 197	31 131	35 1	0 125	15 172	40 139	4 158	43 137	37 106	26 37	56 148	7 162	55 38	8 177	59 189	48 103	13 108	39 22	20 112	45 33	18 35	17 157	36 145	22 17	28 174	54 121	58 98	51 54	10 30	27 97	42 54	14 64	52 125	34 15	1 63	44 76	6 28	32 114	19 113	50 35	9 37
12 118	37 154	10 2	6 153	31 57	55 83	33 79	50 178	34 27	8 56	19 186	9 102	22 114	3 78	2 66	56 28	35 94	1 193	29 150	32 164	13 137	28 32	53 152	48 22	4 104	41 69	30 139	11 140	49 17	5 104	26 41	44 39	54 45	14 103	58 115	42 5	0 64	38 165	39 118	47 60	59 77	51 67	21 133	7 72	45 194	36 141	17 17	20 44	15 113	43 145	16 172	57 170	25 119	18 137	40 135	24 85	46 9	27 90	23 57	52 24
44 182	23 133	30 47	14 10	36 156	58 105	26 153	16 9	22 137	3 133	56 177	25 92	48 81	33 75	34 164	24 170	18 16	59 49	27 53	38 105	41 180	29 52	1 128	28 141	6 127	21 81	20 25	13 38	35 134	47 149	45 125	49 161	42 167	17 64	54 33	40 182	0 130	52 167	7 65	12 67	10 101	43 99	51 182	9 7	15 5	31 154	37 111	11 154	57 41	39 98	2 34	46 106	53 46	50 16	5 186	55 77	32 16	8 63	4 142	19 127
10 187	13 106	59 62	32 68	41 76	49 26	54 63	51 177	2 59	5 118	19 17	31 162	26 48	15 169	44 81	34 132	8 142	53 113	6 184	56 195	14 52	29 92	21 127	35 191	12 72	48 133	25 140	45 98	47 181	11 4	42 147	27 169	4 113	3 35	9 197	36 140	18 157	43 100	7 45	33 144	52 134	17 5	22 39	40 75	1 5	37 151	28 184	24 188	38 119	55 24	39 49	30 38	46 47	16 28	20 60	57 5	23 166	0 16	50 48	58 166
19 136	4 193	43 124	39 153	20 163	28 13	6 33	37 140	33 124	24 71	35 124	17 157	22 147	8 168	50 11	25 152	32 198	30 118	5 183	23 195	26 70	52 69	48 45	55 189	47 100	9 186	16 127	13 116	3 17	14 8	10 176	49 164	54 161	38 196	46 124	45 144	18 94	27 175	57 181	7 108	12 92	2 31	40 106	36 7	34 120	42 27	21 158	56 183	1 146	58 63	53 159	59 92	29 18	51 36	15 26	31 103	11 55	0 107	41 46	44 195
0 114	53 105	21 88	58 74	46 93	59 160	55 1	34 195	40 69	31 31	47 196	57 129	32 164	22 178	1 164	11 63	5 7	14 183	3 20	29 27	23 115	30 57	43 138	33 170	24 24	37 186	56 161	39 106	45 192	54 178	48 65	9 6	16 153	28 139	8 124	10 123	12 76	44 72	13 102	2 61	19 70	20 84	18 4	36 59	26 170	42 167	25 152	41 167	51 156	7 189	27 170	15 17	38 159	50 146	49 197	4 25	35 195	6 109	17 89	52 67
34 98	11 78	9 164	48 194	40 161	46 113	5 119	10 96	52 148	28 177	56 192	45 34	31 179	51 17	8 181	20 183	18 22	4 87	42 58	26 82	57 44	41 80	23 103	21 34	6 145	49 80	15 35	29 132	7 86	14 195	47 91	30 140	13 97	24 78	35 177	58 31	39 177	3 120	54 113	36 41	0 118	38 194	2 21	19 39	22 93	17 181	59 5	12 28	53 157	16 24	1 172	43 116	50 8	37 21	25 68	44 19	33 82	55 85	27 156	32 90
55 62	25 94	54 153	15 191	39 75	47 10	58 121	14 53	27 42	5 180	13 193	18 162	59 169	4 21	44 103	6 117	24 115	38 117	41 20	57 78	42 152	16 195	33 92	12 152	40 127	36 7	29 29	49 68	53 45	8 199	21 120	11 60	23 100	26 45	7 190	56 196	35 186	17 141	1 29	45 151	20 96	48 172	10 153	52 92	50 129	51 195	22 14	0 124	32 26	3 42	43 90	9 49	31 81	19 166	2 177	34 100	30 195	28 93	37 136	46 83
42 190	20 153	50 50	49 93	30 37	19 168	16 149	5 188	33 142	11 70	17 66	9 67	15 65	58 87	24 111	43 141	0 143	39 58	35 147	44 182	3 99	10 39	53 109	48 101	32 174	2 35	51 78	21 15	57 167	52 157	13 96	29 75	41 163	12 20	54 46	27 144	47 112	14 118	7 167	55 193	8 77	23 197	40 198	46 11	28 9	36 111	26 28	59 19	45 113	34 46	6 69	38 168	22 72	37 180	4 1	18 25	1 196	56 77	25 160	31 17
59 63	53 72	12 117	18 52	47 135	20 119	23 94	24 44	54 82	8 117	9 13	29 190	7 123	52 191	5 88	0 134	6 133	33 193	48 65	36 13	15 53	50 30	28 26	55 123	11 41	40 191	30 143	3 128	35 57	51 151	19 107	38 156	16 119	22 110	32 130	49 162	21 170	44 109	26 174	37 3	13 199	10 116	25 34	57 139	41 122	34 6	58 156	31 149	46 139	45 123	27 80	56 82	39 141	43 45	14 152	2 138	42 37	4 135	1 42	17 164
20 23	39 157	21 101	28 2	31 192	18 155	9 86	24 65	40 9	25 109	47 57	43 14	52 151	49 102	7 177	30 178	15 157	59 199	22 124	51 173	41 108	53 193	12 99	35 93	6 177	44 123	14 33	50 88	54 149	57 55	17 194	33 104	42 45	8 5	27 185	45 42	19 76	11 192	55 132	2 36	29 188	38 116	23 152	1 171	4 112	13 167	34 16	10 189	37 177	46 115	3 113	58 161	36 21	32 53	26 65	16 137	48 137	56 175	0 9	5 88
27 132	17 11	20 105	31 194	54 87	38 41	2 180	6 134	43 2	10 187	48 192	0 73	57 173	24 128	30 14	33 29	3 76	7 143	13 93	53 164	51 93	36 132	12 12	22 64	19 157	11 187	55 24	40 153	26 153	52 169	35 146	4 167	45 108	47 197	34 63	18 52	14 81	58 40	44 79	5 56	9 28	23 20	37 26	59 173	8 200	49 15	28 194	25 47	39 14	46 88	42 59	16 72	1 191	15 7	32 160	29 25	21 49	50 60	41 167	56 12
33 81	23 149	19 19	15 113	22 193	35 133	34 66	41 88	10 130	30 193	21 97	48 43	57 9	55 163	28 162	32 121	9 155	17 182	6 65	1 8	2 71	16 18	53 99	3 102	46 142	51 187	39 197	56 133	47 91	58 14	13 98	49 38	5 56	4 121	7 78	29 175	14 9	59 50	45 91	54 93	38 63	37 196	18 110	31 128	36 152	12 16	40 154	26 200	27 198	52 69	24 136	0 191	8 147	20 22	42 184	11 71	43 140	25 193	44 179	50 40
34 133	19 187	55 36	56 36	28 12	17 162	48 90	3 129	39 27	20 141	36 36	6 76	46 176	54 136	51 194	42 54	9 41	33 131	49 40	25 53	26 70	35 7	0 125	29 141	32 158	27 7	23 58	22 46	7 141	15 40	21 164	13 199	58 73	5 5	44 64	53 109	41 99	2 87	1 94	47 67	4 116	40 127	57 32	43 169	8 51	38 10	31 177	50 53	10 92	52 143	11 81	59 103	16 121	18 29	12 129	24 126	14 6	30 172	45 78	37 70
4 103	49 39	9 91	23 183	11 25	38 18	48 45	59 46	2 181	3 145	51 115	41 165	37 22	16 195	52 123	42 80	21 101	30 72	24 80	45 49	39 3	36 144	58 128	54 133	50 129	53 61	20 163	10 123	35 71	31 46	1 148	12 116	5 75	43 200	34 100	27 58	29 52	6 13	17 22	44 46	8 132	7 193	47 78	26 159	33 20	32 33	28 94	40 97	56 121	19 117	22 158	14 34	46 158	55 93	15 45	13 167	0 117	57 81	18 24	25 175
14 56	27 99	56 38	36 99	25 21	8 132	42 182	29 28	1 193	19 165	34 25	59 168	18 81	26 136	50 102	58 172	11 162	47 128	5 96	46 52	15 149	12 99	41 196	3 72	17 26	28 73	57 72	7 99	52 47	44 88	32 1	20 93	24 9	6 157	35 164	0 89	53 4	22 43	2 147	48 178	31 177	13 188	43 48	30 136	9 66	55 143	4 70	40 197	37 8	23 5	45 151	39 102	16 44	51 179	54 85	49 75	10 164	21 54	33 1	38 153
17 154	19 135	4 57	49 53	29 60	34 126	57 133	47 18	36 20	35 61	55 3	58 110	38 102	53 177	27 92	11 89	31 81	15 200	26 163	44 143	28 33	45 135	20 143	32 66	5 117	16 133	59 66	50 70	13 144	51 135	2 185	40 136	25 84	42 114	10 132	8 24	21 41	52 177	43 30	24 182	39 98	23 48	22 164	33 169	3 137	14 166	9 28	7 200	1 140	12 83	46 155	56 29	41 35	0 95	54 150	6 133	48 128	18 189	37 141	30 65
59 149	17 22	24 23	11 81	21 119	33 34	19 68	58 154	44 130	36 108	26 22	8 106	13 149	9 175	48 58	38 150	56 81	41 79	37 125	29 69	47 21	46 182	7 43	22 18	14 174	43 65	15 131	30 130	2 74	57 142	45 88	12 184	18 73	40 106	0 26	3 154	16 192	27 26	25 63	32 90	42 162	39 26	50 4	34 181	10 28	55 146	51 189	35 42	49 179	54 37	6 79	53 71	5 197	52 123	31 5	23 23	20 118	1 95	4 52	28 35
26 139	45 2	34 134	22 154	57 187	19 141	54 7	40 156	3 43	36 80	2 165	10 119	59 25	52 39	48 56	12 14	6 42	20 52	47 42	27 147	42 95	24 192	39 88	1 196	4 119	13 119	41 137	18 103	31 85	43 148	50 158	56 26	5 4	33 63	23 82	53 10	55 123	58 12	38 127	11 42	49 22	8 26	14 1	51 27	7 33	17 172	37 85	16 88	25 190	35 159	44 33	30 143	21 127	46 151	15 108	28 6	29 119	0 25	32 93	9 120
11 158	50 160	53 192	55 174	10 143	51 40	29 67	15 51	32 83	38 189	7 90	54 18	27 151	47 113	59 152	24 193	5 145	40 157	41 59	20 8	39 100	34 178	1 184	28 4	12 146	26 190	37 94	13 136	6 114	18 196	0 169	58 4	16 106	19 157	23 5	35 77	49 115	44 141	30 32	14 192	9 31	52 169	22 70	25 130	45 153	46 192	33 103	43 62	36 142	56 80	57 156	8 103	3 50	48 23	4 57	17 194	2 145	31 122	42 80	21 161
32 96	39 15	38 44	41 60	54 162	42 16	47 52	36 77	7 67	26 124	5 106	31 148	21 72	18 175	37 185	17 196	52 43	48 189	6 140	46 15	12 173	56 163	49 120	2 125	45 56	24 175	30 155	40 106	58 26	53 173	10 47	44 108	25 72	43 147	4 12	59 31	22 85	20 72	15 13	8 123	13 135	29 3	19 178	33 63	35 71	55 133	57 6	23 127	28 127	16 8	34 74	1 136	51 59	14 80	3 156	11 99	27 174	0 149	9 72	50 159
1 199	42 62	31 47	32 6	16 140	8 112	49 15	34 42	46 187	0 11	2 18	36 55	6 113	23 87	5 109	27 119	33 51	43 168	35 12	28 101	55 82	11 153	53 190	56 58	18 56	15 159	48 152	25 173	44 80	17 47	26 54	54 179	9 20	10 133	39 198	22 129	47 114	58 95	13 64	57 192	21 184	40 136	24 53	50 117	38 171	14 63	59 157	29 195	3 33	52 35	41 143	7 172	37 182	45 29	51 28	30 160	19 13	4 123	12 94	20 158
31 104	48 60	25 60	30 36	39 160	42 160	10 29	17 58	22 123	44 100	29 164	54 137	50 116	4 67	11 192	28 31	13 123	36 29	35 197	34 197	27 60	46 191	0 192	41 184	18 125	51 102	37 109	1 140	2 181	26 199	23 135	53 125	16 148	45 32	47 134	20 88	12 112	33 186	52 2	38 175	9 31	40 18	49 172	24 156	8 103	6 39	19 6	5 137	14 9	43 61	57 95	32 120	58 89	15 109	3 140	56 39	21 183	7 52	55 92	59 86
30 184	35 9	51 30	44 191	58 121	43 161	1 167	41 64	5 155	56 85	49 170	13 185	3 189	7 109	25 53	50 193	57 130	23 3	52 44	17 26	18 138	26 30	6 45	42 142	54 197	16 11	34 10	36 157	21 28	19 124	45 170	32 174	0 84	4 179	9 15	10 59	15 90	28 187	59 109	12 41	2 141	39 94	24 14	55 27	48 110	8 19	46 172	47 59	53 185	37 194	20 14	38 184	22 187	27 189	11 200	33 7	31 125	14 151	40 104	29 46
21 177	51 22	30 89	33 92	48 109	13 183	24 142	28 187	5 161	20 149	57 197	50 65	31 112	55 13	3 10	39 10	7 79	35 35	1 21	12 95	16 30	26 68	9 170	10 185	52 120	40 86	43 133	47 142	44 79	34 117	11 98	59 70	22 172	17 182	23 164	2 78	29 85	54 145	32 70	56 190	14 57	41 119	19 42	58 71	38 14	0 178	4 137	46 39	42 191	37 187	25 165	53 22	6 84	45 137	27 120	15 84	18 45	49 94	8 180	36 145
3 12	34 28	48 82	2 199	31 139	10 30	18 124	56 91	7 142	51 10	23 199	46 157	57 197	44 35	58 13	14 15	20 193	13 91	26 198	27 48	30 82	22 82	45 189	38 13	43 165	33 103	25 109	6 179	55 101	52 136	15 68	9 73	8 103	47 130	16 171	39 197	37 23	49 26	17 20	5 6	50 94	0 93	11 110	59 120	21 169	24 89	29 9	1 20	41 76	12 125	36 82	54 59	40 191	28 182	42 186	32 175	4 193	35 165	53 30	19 135
54 59	32 171	35 57	40 77	33 178	41 115	12 130	48 96	55 13	16 93	10 16	24 164	15 163	26 93	44 26	30 61	14 15	11 70	37 3	59 113	18 137	58 47	27 122	49 177	7 47	21 18	0 138	23 128	50 179	34 23	29 100	22 133	51 98	46 30	13 120	47 169	25 199	8 95	28 28	38 194	2 105	9 156	56 175	57 52	39 51	4 90	53 129	20 56	42 105	5 117	1 41	17 174	43 194	36 119	19 117	3 200	31 140	45 80	6 188	52 44
6 41	36 143	17 143	41 185	8 119	47 94	22 190	30 177	5 19	21 46	56 163	40 39	23 6	44 94	20 24	43 34	58 144	9 90	49 45	13 190	42 43	26 198	19 199	37 10	2 106	54 126	1 42	59 37	11 194	27 159	16 139	55 116	25 11	14 30	15 169	50 163	24 115	48 52	10 38	0 112	57 111	31 125	33 125	51 50	28 129	7 105	52 24	12 23	29 114	34 99	18 172	35 168	32 102	45 113	39 139	53 28	46 151	38 163	3 135	4 94
0 143	41 2	15 43	16 194	24 111	6 55	21 5	44 190	23 17	11 9	37 189	17 119	2 52	9 31	27 8	20 14	56 8	31 79	54 151	48 26	13 113	29 40	47 46	18 113	34 60	32 92	7 82	43 81	35 178	46 192	53 140	12 150	33 90	4 37	8 2	19 66	40 98	22 185	28 4	45 3	26 39	1 7	58 49	36 133	38 83	59 61	39 35	51 148	52 9	30 196	5 109	49 196	25 162	55 89	57 112	14 55	50 161	10 42	3 30	42 137
11 35	59 77	53 66	16 133	22 162	42 91	18 126	41 180	7 25	25 13	19 137	14 87	29 192	32 88	3 107	44 76	49 82	54 148	50 71	10 133	43 90	0 10	38 128	27 120	45 84	30 111	20 133	37 32	28 31	58 93	21 170	1 48	4 50	23 53	47 125	9 89	8 98	31 37	40 57	2 147	57 34	5 185	48 86	52 143	17 98	12 153	6 3	24 78	51 49	36 12	46 108	55 118	15 101	26 72	13 63	33 101	34 11	39 82	56 149	35 122
45 74	18 165	11 134	8 196	53 135	57 35	41 55	16 106	22 186	54 103	47 53	52 4	50 97	7 65	38 145	42 42	43 134	6 129	31 198	26 61	14 197	24 106	34 108	39 178	36 16	30 112	1 65	40 45	21 180	32 135	19 163	17 38	20 110	9 52	28 103	49 183	5 64	46 94	37 184	23 10	10 79	0 39	51 100	59 172	13 48	58 144	15 191	33 190	48 123	4 49	27 196	35 104	29 182	25 184	56 24	2 41	44 171	3 138	12 191	55 186
8 66	33 161	39 17	30 173	48 169	12 187	41 123	51 194	16 178	52 106	23 161	3 187	29 199	38 43	37 117	49 4	6 20	24 71	17 198	26 74	18 193	58 191	55 85	10 29	2 44	46 22	57 110	47 190	44 126	43 41	35 130	56 150	31 99	25 158	54 95	36 68	15 194	20 199	21 91	42 182	40 9	4 121	28 167	59 26	50 22	22 101	53 184	34 50	13 83	9 77	32 158	45 10	5 174	19 186	11 98	1 117	27 185	7 193	14 90	0 174
35 94	18 88	9 135	40 37	27 129	34 153	5 91	52 43	14 168	41 122	56 97	13 11	16 123	31 175	17 30	51 110	46 170	36 66	57 173	15 19	58 198	32 22	6 110	47 173	25 28	30 33	3 137	0 71	20 133	45 134	2 6	4 22	53 115	19 1	33 199	12 124	44 94	50 112	8 23	21 15	49 150	26 85	22 137	24 197	38 145	28 109	23 38	1 24	54 146	39 99	48 21	11 135	59 12	10 111	7 133	37 157	55 181	43 85	29 43	42 66
8 13	4 112	53 126	38 139	22 70	23 71	51 177	52 26	46 11	45 133	28 95	27 176	50 176	18 10	48 163	59 104	44 170	10 96	15 17	7 69	35 106	56 142	26 186	11 149	49 81	16 165	5 98	30 84	57 120	34 126	1 32	55 61	14 68	43 171	17 182	58 130	25 137	9 8	36 72	29 169	40 65	24 134	33 122	47 75	12 197	6 7	37 59	31 43	54 63	2 16	21 86	0 70	42 183	39 35	13 75	32 8	20 13	41 24	3 127	19 199
12 65	29 43	23 134	9 40	33 196	57 113	37 171	46 116	41 75	32 1	8 178	7 98	45 182	43 31	22 44	58 88	25 70	10 141	39 42	2 118	20 161	56 2	35 18	5 40	49 57	38 77	16 26	48 20	11 73	17 83	51 157	21 181	1 40	55 186	6 163	19 46	53 119	36 27	18 68	42 55	34 64	47 139	59 110	14 111	50 152	3 77	13 5	4 160	30 9	27 187	40 83	15 74	26 133	54 193	24 48	0 134	44 76	28 106	31 188	52 99
53 24	40 14	47 37	7 6	50 155	34 21	51 191	0 42	54 9	49 102	9 127	17 14	39 147	19 52	10 4	11 123	59 52	4 130	46 136	3 88	32 13	8 79	20 169	12 145	48 100	15 55	44 90	36 182	57 126	42 28	33 60	38 172	26 39	29 174	27 30	52 67	30 63	28 8	16 34	18 166	41 173	23 145	25 68	6 124	13 150	14 81	5 135	55 74	58 24	22 40	37 152	31 42	2 15	43 49	24 154	45 132	56 160	35 17	21 126	1 87
0 145	20 173	19 73	7 173	42 76	17 177	2 66	9 96	23 169	11 165	1 101	15 184	46 31	21 180	56 197	57 176	49 44	55 192	44 170	8 154	53 53	18 80	39 186	12 108	14 34	6 85	40 72	13 147	43 64	5 176	47 65	59 196	54 122	16 161	3 148	37 76	38 154	33 53	25 66	24 168	45 103	35 158	10 12	41 43	22 1	36 168	34 190	50 10	58 124	52 34	32 109	48 194	26 113	27 136	31 117	30 38	28 37	51 60	4 14	29 58
20 37	5 12	33 118	40 42	3 7	8 14	42 49	57 19	9 26	56 144	38 37	11 160	17 161	55 120	4 90	12 145	7 46	45 193	2 44	54 110	46 30	35 59	16 197	15 86	43 175	13 183	34 117	19 59	25 192	23 143	29 3	14 152	22 84	27 110	28 144	31 150	18 162	58 20	0 94	51 114	30 162	32 172	21 31	50 20	36 7	39 47	26 40	37 94	24 41	49 119	44 61	1 4	59 181	6 48	52 108	10 47	53 136	41 104	48 55	47 144
56 66	46 162	27 100	6 45	20 180	39 123	43 92	11 153	38 104	47 2	18 139	15 63	2 156	49 100	58 157	19 81	50 56	55 99	4 78	13 133	5 103	10 33	29 89	7 130	26 52	42 19	52 131	3 52	51 2	44 43	36 188	32 193	24 38	8 187	25 197	35 132	16 39	41 142	17 171	48 12	33 127	57 160	59 173	21 121	53 165	9 165	45 152	54 34	12 45	23 111	28 162	0 117	30 99	37 19	1 140	31 120	22 62	34 82	14 185	40 48
48 189	55 6	32 103	23 44	46 94	35 123	34 198	50 130	49 162	37 103	13 87	43 8	54 147	16 173	51 187	41 35	36 156	27 153	17 122	6 77	26 176	9 51	59 4	7 72	58 48	1 61	8 182	57 144	10 57	14 184	20 6	39 153	40 17	52 106	38 100	2 94	56 149	30 54	22 55	47 179	24 179	25 132	53 32	42 5	3 193	45 20	0 178	31 142	18 80	4 60	5 67	12 59	19 170	33 145	21 65	44 90	15 63	28 45	29 90	11 70
44 44	40 3	13 103	9 65	6 196	8 146	59 3	24 113	57 133	19 58	58 184	15 23	50 91	53 89	3 29	14 75	2 77	46 66	42 32	25 108	10 35	20 107	32 195	47 25	1 31	7 44	33 81	36 100	29 147	54 171	51 118	18 159	22 91	31 130	27 61	35 164	56 152	55 198	34 98	45 108	48 84	11 171	5 147	12 60	16 41	26 136	0 161	39 138	30 141	43 47	52 38	23 32	4 29	37 193	38 116	41 16	17 36	28 33	49 24	21 64
33 126	58 133	5 127	50 79	23 120	21 55	17 21	13 162	12 133	6 105	54 33	11 178	34 128	20 125	35 94	9 142	44 130	24 178	19 54	26 140	43 54	30 189	59 171	55 84	1 60	52 195	40 196	28 65	18 7	8 3	16 40	47 103	4 13	0 180	22 135	37 85	10 63	2 133	53 21	49 46	56 133	29 68	7 13	39 80	45 100	48 6	51 167	3 68	46 114	42 119	15 65	32 113	27 19	36 196	31 155	14 188	41 15	38 143	57 191	25 20
56 198	27 43	25 131	34 117	1 24	13 126	46 98	17 50	16 173	12 24	31 156	30 43	29 175	49 75	9 52	4 43	43 162	10 187	35 13	33 143	26 114	14 161	38 1	48 36	0 124	59 124	6 177	8 4	2 44	23 127	7 180	32 2	22 58	41 116	19 44	24 191	40 186	55 43	3 187	53 69	39 193	37 84	5 45	54 71	36 172	18 45	21 141	45 113	42 23	11 61	20 160	15 196	44 186	47 103	52 79	58 178	28 35	50 124	51 56	57 158
13 162	0 99	7 117	1 147	55 72	10 54	56 164	16 34	38 127	52 21	47 30	35 20	27 103	11 172	14 157	37 31	40 93	49 141	30 18	20 35	50 91	24 159	6 1	39 125	4 45	26 63	18 82	5 70	17 108	29 106	33 185	59 30	9 13	46 198	43 16	32 200	54 74	42 69	2 52	45 185	12 178	8 63	48 48	58 70	34 98	36 194	22 113	51 60	57 67	53 7	23 141	41 86	28 78	3 125	19 32	15 77	31 172	25 182	44 118	21 168
26 195	49 153	40 1	44 78	32 163	50 133	3 142	29 16	9 179	25 72	38 55	1 23	11 138	54 6	6 153	41 42	58 186	48 16	15 18	46 49	43 106	0 43	30 119	16 195	20 149	27 120	56 153	12 114	39 62	57 119	28 198	2 122	13 24	4 168	42 41	19 161	7 90	59 29	5 120	34 162	8 129	18 90	31 178	51 17	45 76	52 147	14 194	24 7	36 14	55 30	23 125	10 105	53 82	47 29	35 165	21 183	17 180	22 141	33 110	37 105
53 78	41 147	37 71	27 143	50 82	18 114	45 92	40 13	31 5	24 145	36 172	43 66	10 64	44 37	5 139	30 10	13 64	28 113	16 49	54 79	19 109	47 162	12 101	51 71	4 186	46 48	32 172	58 89	52 198	0 125	17 130	59 85	42 1	25 27	39 148	23 157	22 37	49 121	1 124	34 144	8 136	7 141	38 6	26 141	20 87	21 79	57 103	6 196	56 185	3 87	35 65	55 67	9 191	29 72	11 132	48 38	15 123	14 48	33 15	2 164
46 108	8 6	14 34	11 90	17 23	35 191	28 167	12 164	52 60	49 41	27 16	19 132	2 20	21 177	10 84	26 149	22 37	23 38	6 112	18 21	59 21	32 144	44 37	29 72	24 156	9 88	30 71	43 76	1 77	50 179	15 125	51 193	16 51	53 115	3 32	38 118	25 6	37 200	42 88	56 151	20 55	48 78	39 115	40 29	13 137	7 103	41 139	5 120	0 67	45 42	36 77	4 162	57 50	34 118	31 164	55 108	58 73	54 32	33 139	47 96
52 123	27 81	17 54	16 53	38 166	12 196	25 21	58 70	59 99	40 6	33 166	51 133	31 2	8 134	23 39	9 42	37 191	48 187	44 54	20 78	26 161	1 44	11 136	3 45	21 167	29 65	50 14	47 74	0 158	18 39	36 147	22 126	35 178	41 19	28 165	4 197	24 121	55 134	19 2	6 8	32 65	10 175	30 27	46 122	57 25	56 42	45 176	53 118	34 136	7 7	14 112	13 86	2 87	49 151	54 89	15 78	42 171	43 147	39 56	5 144
30 147	16 70	42 26	43 132	57 110	52 38	49 149	55 171	59 80	21 14	0 156	11 76	41 197	28 189	29 110	56 183	25 77	19 185	10 26	12 47	50 131	36 90	7 28	31 54	18 74	5 1	34 156	39 129	27 29	58 49	8 71	17 22	37 132	26 184	54 30	20 9	24 33	1 158	4 8	2 96	23 1	6 101	47 160	14 132	33 113	53 81	51 16	13 4	15 19	44 19	40 160	38 23	35 180	9 121	48 193	3 40	32 58	22 42	45 12	46 199
34 156	53 67	15 155	31 168	44 143	16 41	19 42	43 192	27 18	46 142	52 73	0 67	8 21	47 47	49 34	50 54	29 166	32 6	1 28	55 193	9 96	14 58	3 71	2 13	30 45	25 185	12 84	4 95	21 179	35 38	39 10	54 21	48 36	33 88	36 73	40 117	17 179	41 93	20 122	26 33	58 150	42 54	56 199	10 139	7 53	11 112	28 48	23 105	51 110	18 92	13 133	59 43	6 159	24 198	45 123	37 59	22 29	57 64	5 119	38 39
29 96	5 144	37 24	1 85	2 163	48 78	54 118	44 167	17 165	27 182	15 90	55 13	34 50	25 143	38 58	39 111	51 57	14 188	7 24	57 195	11 152	40 167	56 2	9 182	20 151	41 143	53 109	59 79	50 61	46 122	26 156	8 172	16 81	52 149	36 94	28 119	49 157	42 3	3 92	23 121	58 187	22 154	4 27	31 62	6 197	32 45	33 195	12 193	24 171	47 38	19 44	45 194	43 149	13 163	21 83	0 145	10 123	18 10	35 111	30 16
34 175	7 137	6 38	14 135	47 118	2 11	33 9	42 178	22 47	48 138	39 93	46 173	30 13	36 13	41 125	59 164	20 53	49 18	12 141	29 87	52 128	56 159	0 93	40 189	9 199	53 152	4 44	10 22	31 39	1 88	3 141	50 35	26 94	35 158	21 175	11 66	25 86	57 44	43 120	51 147	18 188	32 122	45 48	54 158	15 30	28 181	16 13	44 164	13 7	38 117	17 16	55 4	23 134	58 192	5 101	27 167	8 88	37 133	24 93	19 100
42 175	43 32	19 154	1 149	49 119	59 200	35 134	12 32	55 108	5 48	29 156	18 11	11 61	47 65	50 98	13 103	2 9	54 24	22 106	20 150	53 147	39 66	10 159	34 155	38 119	30 15	46 58	44 2	21 48	9 2	51 26	15 100	56 122	3 150	6 33	40 10	36 57	52 197	8 57	48 156	25 110	4 170	58 66	14 162	16 10	17 192	23 44	45 198	32 113	0 91	26 96	41 142	28 57	57 13	24 162	33 37	7 194	37 182	31 102	27 156
7 23	50 119	34 100	46 34	32 39	15 75	14 186	20 7	25 100	49 172	28 75	53 153	24 89	31 132	52 77	2 151	12 177	16 125	58 41	29 148	43 155	59 37	5 51	26 92	40 20	10 165	45 169	57 26	3 84	27 3	13 110	6 152	56 109	19 191	23 179	54 57	21 136	0 19	44 94	41 101	30 126	22 163	36 96	48 48	51 98	47 1	9 84	38 147	8 37	1 4	42 159	55 97	18 42	35 26	4 93	33 168	39 130	37 63	11 67	17 135
6 103	27 29	1 42	40 177	59 156	2 137	39 71	3 138	5 25	54 7	32 165	17 45	20 92	46 51	33 7	58 7	14 142	10 81	57 84	48 32	34 166	41 74	22 30	42 157	55 111	4 32	44 181	49 82	19 115	12 83	0 138	38 113	16 67	56 87	11 130	30 22	31 182	9 132	37 163	52 4	7 1	45 199	43 126	25 175	29 74	53 63	36 18	50 127	13 34	24 136	21 125	26 60	47 50	28 69	18 140	15 171	35 11	23 110	8 124	51 190
49 163	24 141	18 54	38 175	34 36	11 95	27 42	36 101	47 169	16 120	58 35	25 65	42 194	8 125	52 16	3 160	10 100	21 59	50 71	2 33	28 31	31 163	53 5	57 105	40 47	54 63	48 142	13 37	0 111	46 67	20 169	35 132	43 199	51 75	32 155	39 9	7 155	55 163	14 154	59 191	15 42	37 64	9 150	22 149	41 178	33 73	12 44	5 191	1 65	30 33	17 175	44 33	56 74	6 110	45 173	4 160	29 148	19 60	23 186	26 1
51 135	56 142	12 106	13 80	24 194	47 66	54 153	9 22	18 87	4 184	23 15	30 26	50 68	58 145	49 157	5 87	33 46	26 190	40 157	29 125	59 21	22 196	31 69	20 162	53 86	39 174	14 19	52 17	43 147	11 152	45 150	0 183	7 57	42 19	35 151	2 149	46 35	8 146	32 108	27 199	38 100	21 184	57 177	34 3	44 106	3 47	15 69	1 151	19 124	25 155	41 189	16 155	48 170	17 74	37 9	28 180	55 106	10 54	6 35	36 86
44 153	6 10	18 56	32 126	39 193	50 79	36 31	27 13	48 196	52 20	17 162	49 134	20 122	51 89	45 188	55 83	1 134	26 118	2 151	11 148	23 50	29 131	46 67	40 170	43 135	13 39	54 130	53 116	14 99	41 78	3 151	9 164	10 129	16 162	22 112	58 28	31 25	33 185	30 12	19 139	56 158	8 83	25 171	0 42	24 109	21 115	7 44	57 128	37 51	28 148	42 162	34 114	5 134	38 40	35 176	15 182	12 167	4 5	47 71	59 34
21 125	48 86	24 175	59 142	3 112	4 37	55 37	0 152	22 86	17 94	27 200	37 131	34 111	33 27	14 167	38 197	40 113	23 141	18 185	6 66	47 91	39 194	46 115	2 87	45 102	41 130	19 32	30 144	50 120	12 50	49 152	43 14	16 50	51 189	1 180	20 19	32 170	42 9	54 191	56 128	8 125	28 25	53 138	10 187	13 94	58 117	29 155	11 146	52 107	31 95	9 125	36 64	15 122	57 22	26 72	7 17	35 110	5 2	25 161	44 181
13 152	4 36	51 39	28 17	49 149	5 169	24 56	52 128	15 7	1 188	29 29	36 159	45 172	21 69	23 7	2 42	25 112	47 167	39 29	41 172	30 45	58 130	19 162	20 123	46 1	16 4	38 157	57 44	14 58	44 122	40 149	26 29	31 25	9 28	54 44	55 67	59 123	22 112	50 158	48 196	34 64	33 184	3 50	17 110	27 34	12 117	42 4	7 6	35 33	43 143	53 54	11 17	6 79	32 125	10 10	18 128	37 117	8 166	56 111	0 139
17 37	57 20	27 5	6 115	46 81	43 31	53 8	10 78	38 68	20 33	39 104	47 62	54 93	4 7	2 73	59 23	13 132	35 37	33 154	48 3	25 184	16 97	19 158	11 50	45 108	29 168	15 158	37 140	22 90	0 138	9 178	55 33	12 89	24 124	31 189	44 144	23 24	30 70	51 107	56 96	8 125	58 155	36 182	42 182	41 28	52 197	49 96	7 72	28 135	5 45	18 116	40 198	50 90	34 152	32 60	3 49	1 167	26 129	21 147	14 185
27 130	52 72	28 49	35 182	5 92	4 188	33 185	26 116	44 175	15 110	36 195	53 80	9 192	40 44	21 186	3 154	7 3	45 160	59 138	18 98	1 147	37 175	29 182	50 185	23 177	16 145	12 178	8 169	51 36	2 37	39 41	20 82	58 125	13 73	34 76	46 179	0 109	10 6	31 38	42 15	41 107	57 78	48 65	22 25	38 67	55 28	19 1	17 21	24 90	32 197	56 193	30 89	43 64	25 83	49 14	14 95	47 190	6 99	11 177	54 101
58 112	30 148	0 7	59 133	2 125	31 11	6 80	8 135	48 16	42 179	46 161	50 98	20 134	22 164	39 102	54 173	23 84	34 3	41 59	37 100	28 150	47 32	10 149	5 189	9 130	45 142	40 169	56 83	15 10	1 102	7 104	51 172	13 171	32 75	12 76	52 65	55 1	17 100	19 59	35 100	24 197	4 142	53 186	44 122	29 117	3 130	14 145	57 111	43 161	25 46	26 24	11 169	38 61	18 177	16 183	49 62	36 199	27 13	33 199	21 82
30 158	18 138	29 171	4 83	16 89	47 96	54 165	36 84	28 16	55 67	3 149	32 95	43 84	6 162	13 159	53 43	57 163	37 138	22 64	41 90	11 193	5 168	9 178	21 99	44 11	8 192	0 146	12 9	34 123	24 41	10 157	51 183	48 70	39 73	49 179	27 87	26 62	56 22	23 132	52 180	25 179	17 114	59 92	31 57	7 109	15 18	42 101	58 159	14 56	46 164	40 35	35 88	20 105	19 128	33 105	2 31	1 144	38 25	50 185	45 6
4 42	24 146	8 150	3 152	49 154	53 128	41 114	7 30	40 31	37 200	20 76	11 190	16 141	9 148	25 160	21 175	14 32	26 158	18 104	22 123	1 177	28 195	6 75	34 4	12 123	39 105	59 175	52 32	43 125	54 139	0 1	2 196	35 132	27 22	45 66	47 64	58 138	46 193	30 49	57 61	50 3	15 26	5 31	33 100	36 46	13 47	38 136	44 123	56 71	48 18	23 61	19 188	31 160	51 177	32 102	42 160	17 199	10 147	55 26	29 198
45 10	52 191	59 91	20 16	32 142	6 160	51 169	48 62	58 72	2 161	27 32	31 58	7 125	13 66	24 42	19 16	5 57	40 12	22 26	33 12	0 155	18 14	1 92	43 180	42 105	34 65	4 18	8 131	9 65	50 26	15 100	26 173	44 9	16 92	11 126	47 77	46 29	49 132	41 92	53 85	10 59	23 131	35 119	21 168	14 7	36 129	54 188	38 171	25 141	57 200	30 172	55 69	56 101	12 166	28 92	29 143	17 3	39 156	3 29	37 150
