90	5
2 85	4 177	3 37	0 141	1 139
3 162	1 163	2 26	0 15	4 168
2 3	0 125	3 140	4 144	1 198
2 117	1 110	3 4	0 74	4 95
0 2	2 74	1 36	3 95	4 62
3 8	2 193	1 77	4 140	0 100
0 144	4 39	2 10	1 139	3 143
3 46	2 122	1 146	4 171	0 71
4 30	3 64	0 185	2 59	1 95
0 27	3 149	4 119	1 92	2 178
0 106	2 76	1 44	4 46	3 168
1 42	2 5	0 176	3 19	4 130
1 100	2 175	3 101	4 95	0 110
0 100	1 46	2 8	4 21	3 154
0 98	2 78	4 134	3 68	1 66
0 54	1 62	4 21	3 161	2 67
3 177	4 1	2 4	0 76	1 183
4 66	0 77	2 58	1 159	3 131
3 14	4 156	2 112	1 99	0 140
3 172	4 95	0 70	1 174	2 191
1 7	4 69	2 144	3 24	0 64
3 5	1 196	2 149	4 180	0 31
2 42	4 91	3 47	1 13	0 1
3 180	2 75	0 60	1 162	4 131
3 51	4 189	0 30	2 163	1 122
2 186	4 89	0 56	3 62	1 175
4 41	2 126	3 184	0 35	1 169
2 164	4 16	1 196	0 178	3 105
4 113	0 37	1 157	2 142	3 95
4 108	0 64	2 142	3 159	1 116
3 198	2 69	4 87	0 60	1 57
1 68	4 62	2 131	3 11	0 192
3 157	4 95	1 22	0 120	2 82
2 120	3 177	4 127	1 108	0 106
1 191	0 106	4 72	3 111	2 134
2 10	4 64	3 155	1 180	0 90
3 158	2 54	0 42	4 149	1 196
2 54	4 151	3 46	1 144	0 121
0 30	3 83	4 132	2 11	1 2
3 11	1 196	4 91	0 92	2 158
3 89	1 90	4 32	0 185	2 130
4 138	3 180	1 82	2 138	0 49
4 193	2 59	1 81	3 121	0 121
3 92	4 166	0 83	2 97	1 41
4 194	3 194	0 200	1 15	2 119
0 124	2 134	3 182	4 166	1 174
3 168	0 138	1 60	2 188	4 189
4 35	3 86	1 146	0 168	2 4
0 145	2 123	1 29	4 199	3 80
1 197	2 128	0 196	3 50	4 5
2 181	3 106	0 1	1 130	4 92
4 70	1 118	3 94	2 158	0 29
1 41	4 181	2 69	0 29	3 182
4 40	1 74	2 144	0 84	3 56
3 120	4 165	2 14	1 165	0 66
0 127	1 14	3 193	4 70	2 88
0 98	2 123	3 150	4 49	1 75
3 14	0 62	2 134	1 11	4 199
1 130	3 167	4 51	2 15	0 29
0 137	4 156	3 159	2 184	1 56
1 4	2 92	3 44	4 119	0 176
2 180	3 90	4 73	0 168	1 99
1 124	2 58	0 14	3 155	4 32
2 84	1 118	4 171	3 182	0 167
4 145	0 51	3 163	1 72	2 169
1 55	0 48	2 1	4 85	3 12
3 73	2 173	4 178	1 121	0 95
2 110	3 59	0 136	1 125	4 86
3 153	4 177	2 61	0 177	1 78
4 141	0 135	2 30	3 162	1 138
1 61	0 139	3 39	4 188	2 67
1 140	3 98	4 56	0 15	2 37
4 48	3 83	0 118	1 33	2 150
2 124	1 82	3 38	0 173	4 121
2 138	1 156	0 109	4 92	3 9
1 158	3 164	2 187	0 90	4 56
4 139	3 56	0 45	1 118	2 48
1 153	0 139	4 69	3 196	2 36
0 72	2 123	1 17	3 15	4 183
3 83	1 37	2 170	4 7	0 100
3 146	0 129	2 170	1 12	4 19
3 141	1 14	2 126	4 4	0 89
2 174	3 124	1 55	4 158	0 130
2 96	0 26	4 184	3 195	1 107
4 164	1 4	0 49	3 73	2 126
0 190	4 39	3 104	2 21	1 135
2 188	0 54	4 122	1 60	3 120
3 63	0 19	4 62	2 196	1 3
0 16	1 106	4 31	3 155	2 24
0 6	4 130	2 8	1 146	3 180
