30	30
12 57	3 51	17 43	27 59	11 53	21 50	23 43	24 57	19 45	13 42	25 51	9 47	8 58	7 46	1 47	2 65	18 49	10 47	5 46	16 41	14 42	28 49	29 42	20 55	15 51	22 43	0 46	4 53	26 47	6 59
8 55	19 48	21 62	1 49	24 53	14 49	6 44	26 49	9 45	16 53	0 49	4 54	3 57	23 48	25 47	20 56	10 53	18 51	2 43	27 53	13 60	17 55	15 54	29 46	5 51	12 47	22 56	11 52	28 48	7 42
8 50	23 54	18 56	3 56	17 40	13 62	4 52	27 53	1 55	21 47	7 44	12 49	15 48	2 44	19 40	16 47	0 48	26 48	11 50	25 54	29 51	6 53	14 49	28 51	22 51	5 51	10 58	24 45	20 54	9 49
6 51	15 55	11 51	13 53	23 44	24 51	1 50	10 41	12 40	16 53	2 48	21 57	4 50	18 40	17 50	14 46	9 45	19 56	26 52	8 58	20 54	3 46	22 50	29 43	28 63	25 53	7 55	5 56	0 43	27 43
2 42	20 57	23 52	22 44	6 45	15 44	9 53	10 59	14 51	5 48	26 58	13 51	3 47	12 49	27 59	8 52	19 53	7 49	24 56	18 51	28 45	1 42	17 46	11 43	21 42	29 55	16 54	4 46	0 53	25 51
7 53	15 54	25 52	0 45	10 58	28 47	18 47	16 49	2 43	8 61	24 50	14 49	13 49	12 42	23 46	20 42	27 52	11 50	9 57	5 52	1 51	4 49	17 47	21 48	26 38	22 49	3 47	19 55	29 55	6 46
5 50	18 49	20 46	27 51	2 49	0 51	14 54	23 46	9 45	4 40	3 42	12 44	1 45	7 42	28 62	29 56	24 40	11 49	10 48	8 43	19 41	21 53	6 43	13 58	22 51	16 53	26 48	25 38	17 48	15 43
9 50	12 46	11 49	0 56	10 44	23 48	26 49	3 52	18 50	29 50	15 51	13 53	16 43	2 55	28 49	7 48	25 45	27 51	1 56	6 47	22 49	14 57	20 49	21 61	4 51	5 40	19 42	24 49	8 53	17 50
14 54	15 53	12 46	9 54	11 53	4 47	20 48	10 52	2 54	28 45	6 42	1 55	8 58	16 47	23 58	5 46	13 49	0 53	17 55	29 44	21 46	27 45	18 52	7 45	24 49	22 50	3 51	26 42	19 55	25 55
13 50	0 50	2 48	16 41	21 52	22 45	7 43	5 53	18 56	6 45	15 53	26 48	25 44	17 59	8 51	24 52	27 48	3 56	4 61	10 53	20 46	23 52	9 47	19 52	1 51	14 45	28 50	12 60	29 49	11 40
25 53	20 53	3 58	12 47	4 37	7 54	13 53	23 44	10 58	28 38	18 58	9 50	26 48	19 47	15 42	8 46	16 61	27 43	0 51	11 50	24 52	5 48	6 50	17 40	22 51	14 52	21 48	1 53	2 49	29 54
5 61	3 43	29 43	21 50	7 47	14 54	23 47	24 60	6 48	26 61	9 48	11 51	1 59	15 48	17 47	19 50	16 52	18 43	27 48	25 51	0 48	28 47	2 55	12 55	4 46	10 58	20 55	8 45	13 52	22 52
16 57	9 60	11 50	26 50	3 54	1 46	22 43	0 55	6 55	28 46	25 53	29 55	2 49	27 47	8 48	5 58	24 57	20 50	18 48	12 46	17 53	21 52	10 52	7 51	19 49	15 48	23 50	14 57	13 57	4 52
4 51	13 48	5 50	20 44	12 53	23 50	2 51	9 48	18 49	3 57	7 45	0 53	28 47	26 53	10 42	27 48	6 38	21 53	11 53	8 45	24 51	15 50	16 59	22 49	14 49	17 52	25 62	1 52	29 43	19 54
8 38	9 58	21 46	4 46	6 52	5 61	26 45	23 43	12 40	19 48	28 52	0 53	1 47	17 44	20 51	11 52	7 52	2 55	10 43	13 57	3 52	14 50	16 36	25 47	29 53	22 46	27 56	18 63	15 49	24 50
26 50	14 50	27 52	10 44	15 55	17 41	23 55	4 46	24 52	21 37	11 56	25 48	3 55	18 58	28 47	7 50	29 52	9 51	5 55	19 47	1 57	16 52	12 55	13 53	22 37	2 45	20 50	0 54	6 51	8 44
3 47	26 45	16 46	8 41	7 47	18 55	4 44	12 43	21 48	9 52	10 51	6 52	20 41	15 45	17 55	11 55	1 49	14 59	19 51	0 47	5 41	28 49	29 43	13 57	27 47	23 50	2 52	24 46	25 56	22 52
26 53	4 43	28 49	13 41	17 43	2 52	0 46	1 59	18 44	27 50	15 50	9 44	25 49	21 53	11 45	12 51	22 49	19 43	14 59	20 47	24 53	29 52	3 54	23 53	5 46	10 47	6 48	7 55	8 39	16 61
2 48	1 50	0 45	11 55	17 47	24 55	28 45	14 49	16 52	5 45	19 54	3 55	10 49	12 54	26 48	8 52	18 54	15 50	20 57	13 53	7 55	23 48	9 48	22 49	29 49	6 54	27 46	21 40	25 49	4 40
29 52	2 50	15 41	11 54	5 46	23 41	12 60	13 54	19 49	27 57	9 60	8 48	0 53	24 48	18 53	6 51	7 51	14 51	10 53	4 51	21 49	26 51	20 51	22 49	25 43	3 42	16 51	17 50	1 43	28 48
12 42	5 58	17 38	1 48	2 37	7 53	25 46	27 38	18 54	20 50	14 52	4 45	13 42	24 46	0 49	9 57	23 50	10 48	3 57	6 43	11 47	16 48	8 55	15 53	29 51	21 38	28 49	19 54	22 51	26 44
7 48	9 51	15 56	3 58	22 54	4 48	2 47	5 33	23 44	27 48	12 52	0 47	11 59	25 49	26 56	28 53	16 51	29 60	19 38	21 48	18 47	20 47	24 44	14 50	8 48	10 63	13 53	6 47	17 66	1 49
27 54	7 57	13 40	28 48	1 39	12 42	22 50	5 50	25 51	9 50	20 47	16 47	6 56	19 51	8 52	2 53	29 58	18 51	15 56	21 47	23 48	4 55	14 49	24 53	17 51	10 48	3 45	26 50	0 59	11 53
18 47	17 59	10 44	11 47	7 45	2 54	29 60	6 54	15 45	25 48	23 53	19 52	26 48	20 53	3 53	9 51	24 56	27 47	12 43	5 53	4 54	1 50	8 43	22 46	14 50	13 54	28 47	16 57	21 49	0 56
2 50	11 52	9 37	27 46	19 52	17 58	20 47	4 63	7 43	24 68	16 65	14 47	23 47	28 51	3 42	10 48	0 47	8 40	26 51	5 51	12 48	25 50	1 52	22 44	15 45	13 46	29 60	21 53	18 37	6 44
26 47	13 49	24 53	19 50	14 50	4 51	25 51	8 59	16 49	12 51	27 46	18 55	9 50	20 50	23 59	10 50	22 51	21 57	17 46	2 49	3 44	7 47	28 54	5 50	11 45	29 54	15 41	1 51	0 50	6 45
12 55	18 41	20 54	9 48	28 48	5 46	11 54	15 53	23 49	8 52	0 52	3 50	13 45	26 55	16 58	14 56	24 55	2 42	10 47	4 49	27 48	17 52	22 45	1 51	6 55	19 43	25 59	21 51	29 55	7 50
7 55	27 46	0 51	21 51	28 53	25 44	3 58	10 49	16 53	9 58	22 43	4 60	2 45	11 40	14 48	17 47	20 42	15 55	12 44	23 47	6 44	18 48	24 50	13 43	29 49	8 55	19 50	1 38	5 45	26 48
14 45	13 51	26 54	28 49	6 51	4 49	19 55	10 49	16 53	18 45	17 50	11 49	24 52	7 51	8 44	5 47	27 56	25 35	21 55	9 51	1 51	29 51	23 50	12 44	2 57	20 55	22 49	15 45	0 45	3 44
23 43	25 50	1 48	9 53	28 44	17 43	15 45	2 43	12 51	26 55	14 47	4 47	29 50	0 56	8 50	27 59	3 51	7 50	13 44	16 53	22 52	20 51	5 51	19 57	24 51	10 45	18 44	11 48	6 53	21 48
