20	100
41 54	45 50	63 40	49 53	40 45	59 49	48 43	32 46	26 48	29 45	6 48	79 60	99 48	70 44	7 45	18 54	11 53	35 52	58 46	81 52	74 56	14 48	89 47	19 49	98 44	90 48	15 46	28 42	68 52	67 58	3 38	82 47	93 47	56 50	55 55	44 52	76 52	69 52	34 61	2 53	60 49	85 53	54 51	42 48	73 52	72 53	53 55	66 52	77 51	71 43	31 55	50 56	33 50	25 47	23 52	16 47	95 44	24 48	78 53	91 45	62 52	57 53	20 53	0 49	36 55	5 59	17 48	87 53	27 52	61 53	84 53	4 51	88 61	10 54	96 58	9 47	12 50	75 44	22 53	86 52	97 52	21 44	47 49	13 56	52 49	8 44	94 51	92 45	51 49	39 53	30 59	80 57	64 56	37 45	83 54	38 50	1 53	65 49	46 52	43 50
87 44	50 58	67 50	47 47	1 49	17 47	89 55	46 46	37 52	94 45	76 44	91 48	34 48	99 50	23 47	90 57	83 63	14 51	43 56	3 58	27 55	7 40	55 48	26 51	88 56	5 51	64 48	81 52	66 53	10 47	49 51	22 49	85 52	44 51	53 54	77 53	21 49	20 49	84 59	31 52	72 56	40 39	79 55	6 54	63 50	51 53	73 48	52 51	24 50	62 53	12 47	98 42	9 53	80 50	8 42	71 60	86 47	16 51	41 41	19 47	60 55	97 48	69 48	38 47	45 48	68 53	25 43	56 61	82 56	70 51	54 48	92 45	29 48	0 44	65 48	2 53	75 54	36 53	61 50	32 49	18 54	11 60	78 49	13 47	15 47	48 55	74 46	95 57	28 46	39 44	35 43	58 47	30 40	96 42	59 53	93 53	4 49	33 47	57 50	42 51
15 51	67 46	83 41	65 48	33 53	29 57	45 54	88 46	17 49	10 44	57 48	39 51	53 49	30 56	64 55	1 60	47 46	8 52	94 50	46 44	61 51	5 49	12 56	97 49	48 46	19 43	52 57	13 47	96 51	80 54	82 49	79 50	70 48	81 47	18 46	3 51	34 46	44 53	6 49	85 54	68 45	93 48	42 53	84 44	90 41	31 54	99 49	41 53	98 48	43 47	26 54	32 45	16 51	56 47	37 47	75 49	73 42	55 47	86 44	71 50	0 59	25 59	11 50	27 42	51 56	21 47	58 53	72 45	20 49	92 56	76 50	24 47	36 55	14 49	69 49	7 48	74 51	63 60	91 42	22 53	59 54	38 52	87 50	9 53	66 58	2 43	28 56	35 61	40 48	77 52	54 53	60 51	89 54	49 47	23 44	95 51	4 44	62 45	50 52	78 49
5 46	14 51	0 51	7 49	37 43	6 44	8 46	10 45	69 53	11 46	3 54	16 51	49 49	90 57	95 52	88 62	73 44	19 49	51 47	39 48	30 51	71 44	1 45	26 46	47 52	94 56	36 53	44 53	41 46	9 49	43 49	24 45	59 43	50 44	28 55	60 59	87 52	62 46	91 49	85 45	54 59	92 50	96 53	40 56	98 52	20 56	21 43	70 49	78 49	22 48	32 49	77 44	58 51	34 47	27 49	55 54	29 56	38 54	86 50	99 39	84 47	18 43	61 57	56 60	15 43	35 52	42 53	31 44	53 45	72 52	2 51	68 51	13 47	45 57	57 56	74 47	81 49	23 48	79 41	12 47	48 48	64 54	4 54	33 56	89 50	66 43	75 51	67 50	76 56	25 47	82 49	17 57	97 43	52 50	46 43	80 52	65 47	83 54	93 52	63 39
93 43	2 50	9 42	76 51	8 49	27 47	92 51	20 53	40 52	12 48	56 50	48 50	54 43	88 39	32 48	73 49	66 53	47 59	63 48	44 49	65 49	91 41	70 58	1 55	19 43	33 49	21 57	22 51	5 46	98 50	81 43	11 50	79 56	58 49	31 44	95 42	16 47	34 44	30 51	14 56	6 54	37 51	41 53	23 44	83 46	50 48	68 46	89 53	18 50	77 54	0 58	59 45	49 50	62 52	53 54	67 51	25 58	4 45	28 62	39 53	29 51	51 52	46 48	94 55	35 53	42 42	17 48	99 52	64 53	80 51	36 45	57 50	26 44	72 41	74 55	82 49	85 44	15 42	87 49	3 60	52 46	60 52	7 48	84 36	86 39	45 50	43 50	90 48	13 50	97 58	10 45	38 51	61 53	24 51	55 57	71 45	69 43	96 40	78 53	75 54
90 42	28 57	1 51	47 59	2 53	50 59	14 39	51 49	67 50	52 49	24 55	44 51	75 49	39 44	64 47	60 54	97 43	22 43	57 52	46 50	37 50	9 48	69 45	99 49	20 49	15 49	98 49	63 49	6 51	8 48	7 66	17 50	65 48	53 50	29 46	21 55	87 40	25 51	45 51	74 53	78 55	56 54	0 65	35 42	81 51	16 51	23 56	10 47	30 61	82 53	93 46	12 50	70 39	4 53	76 45	48 57	11 55	55 53	88 52	58 55	36 44	27 42	79 53	19 44	86 61	40 54	32 45	54 56	89 54	72 56	68 56	83 55	34 53	59 58	73 42	5 53	38 51	49 60	94 53	43 60	3 58	95 49	18 54	13 46	96 51	85 49	62 49	31 52	42 43	92 49	41 45	80 51	61 46	66 55	77 45	84 61	26 43	91 51	33 44	71 52
42 55	92 55	11 52	24 48	8 43	32 43	51 63	35 61	89 59	13 53	75 41	73 49	33 43	60 51	87 44	74 47	28 56	5 49	57 50	94 43	1 50	97 58	68 49	16 47	36 54	66 44	83 53	40 49	18 48	79 53	64 56	69 56	61 47	12 56	41 59	29 50	15 54	80 49	23 41	14 51	98 52	81 51	72 50	76 54	67 50	95 45	70 54	52 42	63 45	10 55	43 56	88 42	22 38	26 50	38 50	58 58	20 54	3 39	96 48	82 47	45 45	86 49	48 58	56 51	50 42	25 40	6 50	91 56	65 43	4 53	54 54	47 52	9 53	39 40	93 45	71 53	37 42	84 51	77 51	90 55	30 54	27 53	44 47	53 47	59 42	2 53	99 51	34 47	0 46	19 52	31 51	62 52	46 49	85 47	17 44	49 49	7 50	78 52	21 48	55 47
88 51	18 51	5 55	0 46	21 44	25 51	39 53	60 49	32 49	61 56	64 51	57 48	46 53	54 50	37 53	74 46	49 48	69 50	89 45	93 46	45 50	76 57	24 45	15 51	19 52	68 41	42 46	71 52	96 48	44 46	80 56	11 62	72 60	35 44	22 49	14 40	98 50	55 53	83 54	16 38	47 50	26 56	40 56	67 46	33 53	12 52	91 59	73 55	82 50	31 44	23 52	34 49	20 54	86 52	81 45	62 55	50 44	97 47	92 49	65 48	70 57	85 51	63 53	52 53	77 43	27 47	90 57	79 54	8 49	38 51	28 47	78 53	94 63	13 53	1 57	2 51	87 48	6 47	43 51	56 61	95 46	51 49	75 51	10 62	41 39	17 47	99 49	9 54	66 50	53 52	58 58	3 52	84 58	48 49	4 44	36 50	29 46	30 53	7 59	59 57
85 55	58 55	75 47	61 47	71 55	49 51	53 47	18 49	29 51	13 45	81 49	16 40	23 52	73 45	79 57	63 54	94 49	2 46	67 48	89 47	51 58	38 44	57 49	31 47	14 51	4 51	12 49	20 44	95 43	84 57	56 54	5 51	65 44	45 51	93 50	21 49	69 49	30 47	47 47	90 48	33 49	48 56	26 48	3 48	32 59	0 48	83 60	42 40	43 51	37 59	27 41	10 46	7 53	77 40	66 49	91 52	60 49	92 46	72 48	35 43	28 45	44 47	19 41	34 48	36 49	22 51	6 51	41 48	55 50	76 49	11 57	25 48	40 46	59 50	24 52	80 57	88 45	86 55	54 54	87 45	64 47	70 46	68 48	17 56	96 52	1 40	8 43	50 54	62 44	15 57	78 47	74 53	52 48	46 44	82 56	9 45	97 48	39 49	98 56	99 46
66 51	70 46	32 49	20 49	40 51	36 50	29 42	3 48	17 46	18 49	96 51	15 51	38 47	89 47	26 37	81 51	62 57	71 49	58 45	84 49	10 57	80 38	21 44	2 50	12 51	87 50	85 43	49 48	52 38	78 43	56 56	60 55	25 43	82 54	94 59	42 47	55 49	69 45	99 49	14 50	93 51	64 45	4 43	5 54	61 42	24 50	33 41	30 47	43 47	23 54	46 48	51 44	76 51	16 51	86 51	95 53	48 57	41 51	53 48	72 52	47 48	83 54	39 59	92 52	27 46	65 45	37 54	88 47	8 48	97 48	75 40	74 54	90 46	28 47	13 52	1 49	50 42	63 50	79 59	31 49	73 48	0 55	77 47	34 55	35 49	6 53	68 51	11 56	45 42	54 49	44 47	9 50	91 54	7 57	67 52	19 55	57 48	22 54	98 56	59 40
94 51	95 44	16 49	33 51	40 50	83 55	69 54	12 50	89 41	74 56	64 53	88 49	48 55	22 48	73 66	23 57	35 55	4 48	99 54	11 48	72 51	79 54	19 50	20 50	8 45	27 44	90 48	55 52	31 42	81 45	13 42	91 52	70 49	86 53	66 54	42 45	65 54	57 46	17 47	25 51	43 53	36 50	68 54	78 48	14 50	15 47	71 49	84 48	75 57	18 54	63 55	29 51	93 46	97 55	1 46	21 52	44 44	32 44	28 47	49 52	54 54	61 44	46 53	56 41	37 50	85 55	9 53	3 55	67 47	62 50	47 49	30 59	6 48	53 43	80 42	92 57	41 49	39 47	10 49	76 52	96 51	2 54	7 48	58 56	50 52	34 54	38 58	59 51	60 52	24 50	26 53	45 59	98 44	87 55	51 56	82 52	0 53	5 47	77 50	52 56
5 53	7 52	44 44	97 48	67 55	99 53	80 59	2 50	17 48	93 44	88 52	59 51	12 61	82 45	8 53	66 56	71 49	41 39	42 55	31 48	64 49	23 50	84 54	75 55	60 66	33 48	57 43	62 49	19 48	54 54	3 41	65 39	14 46	37 55	52 42	74 53	4 54	16 52	30 51	36 52	10 56	56 43	49 54	13 48	50 56	63 51	15 52	95 51	92 47	70 40	94 45	79 43	68 52	58 45	90 57	53 47	46 59	83 48	0 47	21 49	45 42	78 51	96 56	1 48	48 51	22 51	28 50	81 51	61 55	51 51	55 58	35 54	69 59	18 55	77 54	9 45	24 53	34 45	32 52	76 57	86 54	73 48	27 47	98 58	26 44	38 44	43 45	11 52	91 49	72 48	87 42	6 55	29 52	47 59	89 54	39 49	20 54	85 55	25 54	40 44
66 48	30 51	1 51	61 53	48 53	33 53	22 58	42 51	10 41	17 52	5 50	78 50	50 49	40 52	53 52	77 51	75 59	88 57	89 53	13 48	49 46	9 56	23 47	12 58	58 50	82 50	80 51	41 56	7 56	96 50	18 56	71 40	76 59	57 56	47 44	85 51	6 47	14 46	62 45	24 50	43 56	97 58	44 49	72 54	91 44	81 51	90 48	35 51	54 47	86 54	60 47	98 53	67 50	68 52	56 56	31 52	45 48	79 48	26 52	46 55	94 40	84 52	15 61	16 52	59 42	37 50	20 41	87 64	95 55	63 43	25 52	3 49	70 45	99 46	36 47	65 48	92 48	73 47	51 56	19 62	38 46	83 52	11 57	64 58	34 52	2 48	69 47	39 49	21 51	93 49	4 45	27 55	8 48	74 45	28 49	52 49	32 46	0 53	55 39	29 47
80 47	12 53	37 36	77 48	82 50	20 52	31 44	28 51	75 58	52 42	38 51	71 53	53 45	3 54	47 55	8 45	64 49	4 47	10 57	62 59	0 50	32 42	59 48	89 50	70 42	11 48	95 40	13 49	39 53	83 53	24 49	69 54	76 56	91 46	14 43	92 46	65 47	66 41	72 50	26 49	25 51	21 51	56 47	84 40	55 49	9 45	68 49	22 40	98 43	5 53	86 56	81 41	18 44	50 47	23 56	87 49	36 51	85 45	97 47	79 57	19 43	29 50	49 43	35 49	73 53	1 56	96 48	78 52	33 53	15 50	46 51	54 48	44 49	34 51	43 51	30 52	58 58	51 59	16 49	67 37	6 52	93 48	90 57	48 54	74 57	61 49	17 47	63 54	7 52	27 54	42 45	2 51	40 53	57 55	88 51	60 50	94 56	99 50	41 57	45 48
19 56	70 56	55 44	28 55	61 46	32 47	23 60	67 56	11 45	44 48	20 50	35 50	41 58	2 47	39 52	31 54	64 47	81 54	98 48	54 56	57 46	18 47	8 60	17 50	12 47	88 51	48 52	84 50	78 44	83 55	38 50	75 53	49 53	86 52	1 43	25 47	40 47	68 60	36 44	56 47	50 53	90 50	97 54	16 49	99 39	42 59	22 50	14 45	45 51	76 45	0 50	26 54	52 54	9 49	80 51	43 52	15 59	95 55	89 50	94 54	27 47	29 48	33 46	6 52	66 55	53 52	7 56	13 47	73 52	3 51	37 49	93 46	21 47	30 54	71 47	96 43	91 49	62 43	82 52	85 44	63 50	92 55	69 56	10 56	51 46	60 52	46 46	58 54	74 58	5 48	4 49	65 51	79 43	24 49	34 55	47 50	72 43	59 53	87 51	77 49
96 53	52 46	84 45	83 42	2 52	59 49	5 47	97 50	1 54	31 46	0 45	92 52	39 53	56 48	86 54	36 50	68 49	42 61	41 58	95 44	76 52	9 49	35 49	47 53	75 47	4 38	79 61	24 54	23 39	63 48	21 48	30 56	11 50	45 53	80 50	27 53	3 47	15 60	16 52	38 46	22 51	87 38	71 39	70 50	26 52	77 50	88 44	8 59	46 59	99 50	28 45	20 59	55 54	14 51	67 45	25 51	78 56	90 54	17 44	60 53	93 55	48 45	51 39	10 45	58 52	44 47	61 46	72 46	98 55	65 52	7 50	89 53	53 53	13 52	82 48	91 47	73 62	32 48	12 55	43 57	34 46	29 47	54 41	85 49	19 59	69 52	81 44	57 49	74 46	62 55	40 58	37 45	33 49	18 51	49 43	50 48	6 49	66 44	64 53	94 50
82 58	36 42	0 59	51 57	20 57	72 56	89 48	66 53	39 53	69 54	4 53	61 51	15 49	75 41	97 56	94 45	53 55	62 51	21 56	40 41	50 49	10 55	24 54	49 42	14 55	11 54	32 52	78 42	65 48	96 48	27 54	80 55	33 46	45 45	71 51	85 59	77 47	30 47	47 52	16 54	58 54	83 54	22 46	59 51	68 46	81 50	1 46	63 48	2 63	55 52	43 46	92 47	54 52	74 51	19 43	7 47	25 53	3 49	76 54	99 55	12 54	34 46	48 55	91 50	86 51	37 57	6 52	28 47	90 47	60 36	31 50	87 50	29 50	38 58	84 49	17 43	52 48	56 51	95 50	42 41	70 55	57 47	13 47	88 48	93 61	9 53	64 49	44 53	98 57	67 51	41 44	23 52	5 49	26 53	79 49	46 49	18 49	8 49	35 49	73 50
97 46	86 49	17 56	93 46	39 60	99 48	53 44	27 43	56 51	23 49	61 53	32 55	31 48	38 42	1 53	46 52	66 47	54 55	68 70	83 50	51 45	60 50	89 40	20 53	84 52	81 47	75 50	41 48	42 57	65 54	6 59	80 45	0 44	52 46	43 53	70 49	47 46	22 50	10 47	24 58	77 59	21 52	94 53	2 45	78 45	30 45	16 50	35 52	8 53	19 56	44 41	29 58	72 49	45 47	36 55	9 48	49 50	92 47	73 55	82 51	59 50	74 54	25 51	34 47	79 51	12 42	62 57	69 51	76 61	57 44	33 50	90 50	26 40	15 52	87 48	55 46	14 59	5 47	95 49	88 57	96 56	67 45	4 48	18 42	37 53	71 49	63 49	98 46	11 48	85 49	28 50	40 43	48 51	3 56	13 47	50 50	58 52	91 49	64 46	7 49
69 61	24 52	62 55	94 51	85 52	13 50	87 49	34 52	99 47	55 44	48 45	33 52	38 43	10 48	14 46	52 55	16 46	51 48	46 54	59 44	27 44	25 55	42 48	21 44	3 50	26 54	5 52	68 47	20 58	86 60	35 41	82 47	4 49	58 46	71 51	18 41	17 45	0 61	74 53	72 53	77 40	88 46	12 57	57 45	73 55	9 45	45 50	93 47	75 54	8 58	43 53	60 50	56 47	91 47	63 46	76 49	78 45	90 51	81 53	96 48	15 49	7 45	92 50	6 48	1 54	70 48	36 61	64 47	49 45	31 49	44 43	29 44	54 47	40 57	32 54	84 53	39 46	37 57	28 51	80 51	30 49	83 56	47 55	95 48	53 46	97 51	2 52	19 52	50 48	67 54	98 48	61 56	23 50	41 46	79 53	89 52	65 61	66 54	22 43	11 48
44 41	31 50	8 47	48 57	42 50	49 49	79 61	83 49	47 45	70 59	21 54	3 48	22 44	76 51	30 49	18 50	69 42	61 57	96 54	32 49	95 52	78 51	67 45	12 48	53 43	17 49	98 47	9 50	59 45	89 47	2 49	71 54	72 51	26 57	33 53	6 57	10 56	93 53	73 51	43 44	36 54	84 51	91 39	24 35	51 48	5 52	16 53	62 54	11 43	1 49	75 57	46 52	77 51	54 43	4 42	82 51	7 47	38 53	52 49	13 51	40 48	14 54	60 58	55 56	25 54	64 53	63 54	29 55	45 44	74 49	99 45	27 49	34 43	28 50	80 47	65 60	57 46	39 45	86 53	88 55	90 48	85 55	23 42	68 52	58 55	56 50	19 44	92 52	50 44	41 50	0 55	94 52	97 44	66 53	81 55	87 49	35 48	20 53	15 48	37 49
