90	90
7 101	42 123	57 41	47 55	33 119	53 85	60 52	27 86	14 65	58 10	12 95	40 173	59 179	15 69	23 71	88 148	89 110	20 155	73 92	1 51	55 135	77 141	39 11	85 199	83 145	44 78	8 49	82 8	41 27	84 62	6 97	29 79	49 106	70 45	37 148	18 25	81 20	19 82	46 45	9 36	62 109	86 176	45 191	51 135	3 8	2 32	28 15	80 42	75 26	31 105	21 167	36 4	26 113	67 11	56 169	64 118	61 166	25 182	66 44	69 33	5 101	38 172	54 98	72 87	71 123	65 136	32 69	24 195	17 125	76 23	74 133	22 190	0 164	34 151	87 184	16 144	13 199	10 197	30 79	50 136	68 16	4 36	79 124	48 127	35 19	43 174	63 29	52 177	11 78	78 93
51 99	63 79	89 63	85 128	55 132	80 123	41 64	68 37	70 123	34 118	46 190	82 91	10 12	83 109	76 16	7 55	81 199	14 121	57 78	58 83	29 43	66 187	26 125	62 135	60 128	16 38	40 154	12 89	33 150	72 7	56 72	13 41	53 149	87 116	9 93	32 120	79 2	44 20	71 146	24 176	75 120	18 96	15 88	3 182	27 13	47 146	1 110	64 168	5 189	25 143	11 53	65 135	39 49	48 110	74 44	67 30	54 97	28 115	78 41	8 37	22 109	21 157	52 110	20 40	69 107	36 141	38 79	77 72	49 133	61 75	43 175	31 63	35 125	0 41	6 73	59 111	23 164	45 132	37 196	84 106	50 182	2 174	19 66	42 145	4 29	30 75	88 38	17 92	86 4	73 148
30 149	59 78	65 154	39 135	86 36	88 149	38 159	52 46	20 48	81 200	3 152	66 84	0 185	40 46	72 30	14 97	53 55	46 104	24 9	16 166	85 198	50 196	55 103	70 14	54 164	18 200	27 98	49 14	82 109	12 182	2 200	43 107	35 71	13 24	34 67	21 190	4 186	7 47	74 34	79 125	10 199	6 179	64 44	60 65	47 26	11 64	80 15	29 200	48 43	61 64	56 5	22 113	58 53	31 19	62 34	75 146	87 168	84 26	17 118	71 123	42 192	63 163	78 178	9 51	36 104	44 89	89 64	68 26	1 47	57 96	19 115	23 96	32 24	41 30	37 164	25 37	51 95	26 194	73 109	83 192	69 162	77 15	15 35	76 120	45 67	8 160	5 168	33 45	28 17	67 65
16 104	9 110	50 24	7 95	11 178	75 48	42 87	22 183	85 105	8 68	44 171	65 38	80 62	61 32	48 200	35 144	83 56	73 49	58 158	15 43	82 131	21 114	79 90	25 167	66 118	78 125	86 143	51 61	46 141	67 97	34 50	30 69	45 127	72 41	2 137	5 4	43 93	32 176	36 88	3 68	40 35	29 190	27 34	57 126	89 161	64 189	41 30	63 94	38 109	77 7	68 156	60 130	88 44	39 153	52 168	69 46	81 111	84 18	56 184	14 162	24 60	10 130	49 172	0 193	17 118	31 1	62 77	33 137	19 177	37 77	4 97	55 122	18 3	54 38	47 37	59 54	53 181	87 176	13 93	76 183	12 84	6 56	23 199	71 138	1 120	70 130	28 27	26 59	74 129	20 55
89 176	84 38	51 80	39 25	53 53	28 197	68 17	56 193	57 120	30 5	78 196	48 152	75 118	42 135	20 35	14 165	17 67	71 180	59 167	26 194	65 124	16 98	2 73	60 44	5 102	49 81	44 28	66 124	67 60	9 11	29 99	21 94	41 29	0 122	23 1	83 1	13 72	35 39	63 161	31 51	1 188	43 143	38 59	19 111	40 124	11 185	15 61	34 20	70 188	62 19	37 1	47 116	33 141	79 78	45 87	58 114	64 97	12 195	69 179	87 13	76 52	22 23	3 52	32 110	27 100	46 184	86 47	6 58	55 137	81 18	73 94	85 4	10 117	74 60	80 192	54 97	24 49	7 156	8 1	77 88	4 29	72 10	52 141	50 105	25 134	61 98	18 8	36 87	88 90	82 47
54 59	30 66	40 16	58 18	35 45	6 153	48 123	51 192	69 94	22 194	31 47	78 168	42 143	34 94	10 142	47 144	70 133	79 115	38 47	50 127	37 65	77 42	46 123	4 66	71 168	85 30	65 23	26 132	11 36	56 90	2 184	81 7	13 40	41 56	39 11	67 101	63 196	27 31	72 119	5 141	76 140	17 79	75 70	18 199	66 108	86 80	29 184	33 19	3 107	82 71	89 93	16 69	87 58	57 154	45 42	53 186	68 194	73 76	62 70	80 56	24 45	52 195	60 96	49 55	14 108	21 93	61 104	59 136	84 50	8 141	0 142	25 46	1 79	64 177	43 59	20 9	74 109	32 85	88 100	36 164	28 138	12 64	55 122	7 199	15 7	23 33	9 66	44 27	19 138	83 133
71 132	59 124	67 46	25 107	60 105	75 34	56 126	37 148	3 139	72 13	19 109	77 171	58 46	32 89	27 28	83 198	4 197	65 74	30 154	34 43	20 15	43 132	68 176	74 125	69 14	76 74	11 168	64 42	23 44	16 82	10 120	26 149	29 135	18 100	12 170	2 81	52 32	78 142	31 139	24 129	51 55	17 87	53 57	44 194	66 85	48 113	42 97	57 84	45 34	13 119	50 124	62 196	86 144	79 53	28 175	40 46	49 57	85 99	5 174	0 3	22 74	47 200	7 135	82 146	89 24	14 88	38 19	84 90	81 139	41 166	70 171	88 73	73 128	55 34	39 128	1 19	33 141	61 189	21 185	9 99	36 89	63 87	54 18	46 193	87 186	6 95	35 194	15 137	8 92	80 102
60 150	4 49	87 68	29 51	28 135	42 40	19 39	6 193	48 89	88 43	45 7	70 35	67 191	79 185	20 165	71 188	21 194	46 164	85 158	43 178	18 58	32 5	68 175	52 79	66 77	72 67	26 34	39 24	16 100	36 142	75 113	30 66	61 94	10 111	23 116	73 60	34 28	80 41	83 138	76 56	8 98	55 62	62 56	38 181	89 98	59 53	78 45	86 118	50 66	9 29	5 65	7 71	22 193	47 32	1 195	13 69	3 195	33 144	65 86	40 133	31 84	81 92	12 47	44 47	77 94	74 198	53 174	54 43	49 33	82 78	58 184	17 27	41 166	11 45	15 17	37 23	64 45	24 73	27 72	69 24	84 51	25 17	14 51	35 163	2 185	0 126	57 27	51 70	63 149	56 83
63 191	23 190	89 96	50 123	17 31	61 172	26 30	11 152	57 146	37 26	77 90	78 79	19 169	68 61	54 177	71 22	10 116	45 170	31 87	9 101	49 98	3 97	70 171	79 118	12 98	67 180	16 96	60 196	75 39	69 138	81 127	35 82	8 4	82 128	76 59	56 26	22 176	0 63	40 18	88 32	51 34	74 110	42 124	28 31	33 184	85 30	30 29	47 119	55 23	34 52	43 142	18 191	53 195	86 95	13 85	44 86	41 187	62 128	25 155	83 93	46 77	59 52	32 191	73 115	24 36	48 160	84 8	29 173	58 43	38 156	65 126	64 49	66 145	4 197	36 191	14 41	6 43	1 46	20 100	39 15	52 28	15 133	5 199	87 26	72 86	27 33	21 146	80 87	7 85	2 132
63 118	58 65	9 187	21 139	24 7	17 96	67 172	25 40	27 132	71 100	72 119	89 157	56 96	76 126	88 140	15 40	7 105	26 147	54 13	70 42	60 188	47 16	65 162	68 16	28 31	4 177	18 64	36 5	61 42	38 109	62 85	75 152	53 105	11 57	22 153	0 107	41 113	6 104	86 32	83 188	52 69	42 9	31 94	1 82	87 124	69 108	2 31	30 37	39 185	43 49	51 99	14 91	73 44	13 30	37 194	3 139	64 53	29 43	80 88	20 154	46 140	16 20	59 99	5 27	50 95	81 188	45 189	84 40	78 8	49 7	33 142	32 143	35 43	77 109	57 22	82 110	66 116	79 181	74 138	10 2	23 65	44 22	40 29	12 43	48 109	85 192	8 34	19 90	55 101	34 85
68 155	56 161	54 42	39 13	31 180	60 81	76 153	63 121	61 46	79 4	89 123	83 10	62 189	26 126	30 127	1 59	21 131	72 84	32 144	34 100	70 51	88 141	45 68	55 4	4 186	41 157	84 2	87 9	44 182	27 82	67 74	85 20	11 133	35 72	59 67	75 121	3 53	6 99	9 6	51 194	71 27	74 18	28 36	58 30	38 106	36 68	81 97	25 173	53 119	43 34	5 176	77 169	66 83	42 49	20 138	52 196	19 152	80 165	14 80	48 46	86 5	22 39	46 115	69 145	73 140	49 141	37 98	17 169	29 185	7 62	57 186	15 6	40 115	33 46	24 119	16 171	8 148	18 14	13 50	78 166	2 42	82 87	10 79	23 101	47 18	50 129	0 115	65 133	12 77	64 28
59 62	7 44	9 3	85 137	65 76	37 183	5 1	80 105	26 170	60 20	11 182	61 49	21 56	49 160	64 56	24 31	3 129	0 86	12 161	17 173	81 194	84 186	50 57	44 4	74 140	15 134	52 62	10 110	66 19	75 6	29 72	63 191	1 144	39 23	31 24	38 65	87 197	47 63	68 62	67 174	51 153	27 185	58 6	77 100	36 90	35 64	83 1	42 168	54 37	46 116	82 177	69 70	56 115	8 45	18 15	89 159	19 173	73 180	16 142	20 31	40 37	88 64	2 86	78 135	48 161	70 36	57 63	6 54	72 189	4 152	71 125	33 59	32 138	76 172	41 69	86 78	34 160	22 79	43 41	14 142	13 60	55 46	53 139	25 146	28 77	30 55	62 190	79 57	45 134	23 105
55 121	67 59	31 200	23 74	38 149	2 131	80 109	79 152	54 163	57 175	12 180	34 151	66 89	76 193	84 23	46 50	33 67	43 146	68 111	83 31	0 17	72 24	59 173	85 185	64 88	47 200	69 40	77 167	30 142	4 194	74 31	40 71	48 115	62 186	78 2	60 122	39 42	58 133	70 26	28 1	37 107	5 4	19 45	87 137	29 102	14 34	45 200	8 78	88 122	10 106	51 87	13 73	52 104	89 126	36 10	75 155	22 185	63 48	11 141	65 61	73 133	61 21	16 97	50 44	25 125	86 7	71 60	82 2	49 65	42 95	18 3	3 161	6 76	24 130	9 150	56 41	81 120	27 96	53 45	15 98	44 27	17 183	21 183	20 165	7 169	1 1	41 165	26 82	35 53	32 87
55 74	3 88	39 123	53 45	22 130	24 193	73 99	8 61	75 72	29 154	77 106	79 176	51 56	72 170	61 15	17 14	27 183	35 106	2 153	30 56	45 87	19 154	15 139	44 48	5 19	47 134	63 152	59 98	64 62	26 54	60 150	85 26	43 15	74 50	68 85	46 14	56 121	42 99	20 115	49 61	54 30	11 88	12 130	66 172	13 119	87 196	36 17	52 193	70 128	28 147	14 103	50 156	57 77	38 96	7 195	40 152	0 29	10 174	25 82	1 162	9 19	78 189	37 135	89 117	86 194	71 110	88 11	23 12	76 192	83 80	48 101	32 22	62 94	33 69	31 33	34 155	84 180	69 60	18 34	65 66	16 90	82 40	6 4	21 27	58 21	80 182	81 147	67 107	41 147	4 124
45 43	55 146	40 159	64 164	79 173	39 65	47 85	21 187	25 168	59 81	56 30	84 73	76 23	73 103	31 179	3 138	10 17	22 114	44 85	27 17	12 68	86 72	71 164	30 183	85 145	11 38	49 152	36 97	68 197	20 47	35 39	7 39	88 196	89 19	18 4	1 133	57 181	33 184	2 170	29 149	78 177	54 25	9 35	66 82	0 28	37 164	41 44	38 124	67 101	63 198	77 127	13 134	19 25	48 118	6 147	82 82	74 59	28 141	58 124	61 33	15 7	60 193	87 39	26 97	72 109	46 10	75 30	34 113	17 108	4 104	62 124	14 176	53 40	23 163	43 53	51 53	8 175	16 17	42 34	50 136	83 39	52 181	69 165	70 128	81 37	65 188	5 134	32 8	80 127	24 85
72 15	33 174	25 101	62 82	50 148	79 56	52 108	82 68	17 57	6 160	75 197	30 118	3 122	39 141	69 91	74 62	16 19	11 122	78 137	34 198	37 37	66 107	36 199	24 165	77 170	28 193	88 172	4 15	47 67	26 184	73 44	10 124	9 25	43 4	29 46	20 143	58 154	42 101	83 36	46 15	41 105	45 86	70 36	48 153	7 109	21 170	40 24	84 111	23 95	54 164	5 107	67 176	64 145	15 16	53 136	85 194	61 24	57 147	89 39	38 197	0 55	60 2	71 152	35 5	65 12	1 196	86 136	59 177	80 68	49 10	81 30	55 186	14 119	2 198	76 156	87 67	8 119	63 100	19 5	44 52	27 142	22 143	12 15	68 176	13 200	31 87	56 185	51 36	18 6	32 45
21 27	76 162	15 22	36 123	40 97	62 75	24 32	51 45	67 69	54 44	52 150	31 96	41 200	68 108	87 50	27 4	1 180	82 193	23 10	60 106	2 141	80 90	28 135	47 197	16 114	75 146	69 22	86 23	35 38	43 196	0 9	78 63	48 151	66 37	5 70	71 33	55 59	6 144	19 167	44 59	10 90	9 185	25 151	7 158	26 78	70 127	89 149	85 57	20 181	61 189	37 138	32 199	33 190	42 124	57 59	29 55	64 51	50 34	38 167	58 59	74 176	72 132	88 143	59 130	30 61	73 112	12 36	18 184	4 89	14 35	11 93	81 101	45 126	46 187	53 191	39 40	3 167	65 140	83 126	17 167	63 197	56 186	34 47	49 136	79 127	77 177	13 5	84 197	22 166	8 100
89 56	36 129	5 75	37 13	46 121	66 11	65 14	69 140	12 111	48 116	62 51	59 59	86 25	60 151	63 192	6 49	3 88	19 36	79 182	77 2	17 79	9 46	24 168	61 41	15 94	28 45	83 150	51 93	23 16	75 177	41 103	55 193	8 71	7 157	70 33	71 138	56 100	2 67	45 131	80 57	88 168	72 50	32 140	87 40	67 166	13 197	18 163	33 11	25 76	35 92	57 61	76 16	14 10	27 133	4 95	49 164	81 161	47 28	73 22	84 37	52 169	11 11	30 72	0 163	64 108	39 177	22 141	58 153	21 117	68 69	74 162	34 92	38 151	50 61	42 66	10 99	43 54	85 97	26 47	29 3	31 55	82 154	20 8	1 186	78 139	54 185	16 98	53 81	44 195	40 75
2 26	72 35	0 170	22 6	64 131	85 177	65 141	35 162	69 135	4 162	67 104	81 60	74 191	50 87	15 31	9 92	28 197	71 9	31 59	83 129	49 153	68 181	10 60	14 46	1 16	88 35	19 1	21 30	78 83	12 21	46 198	56 18	77 134	23 43	33 18	13 60	32 49	36 20	25 71	73 159	7 80	52 188	58 141	38 169	34 128	55 20	60 176	61 86	17 113	40 161	57 152	30 178	66 139	51 182	8 27	20 83	47 178	42 196	62 120	75 11	6 94	48 127	59 90	43 29	27 126	45 81	39 150	18 166	24 83	54 94	84 1	76 75	26 107	37 32	89 35	53 26	86 138	29 77	82 177	80 143	3 163	63 174	87 159	11 149	79 140	5 58	70 108	41 3	16 53	44 84
86 76	16 39	45 157	46 170	62 176	47 154	31 137	19 128	83 156	30 87	10 112	73 124	69 38	77 88	3 47	49 110	48 116	24 40	59 143	58 92	1 77	41 87	25 64	35 170	13 104	33 20	44 85	6 147	51 57	36 191	29 130	0 75	74 147	63 136	67 150	61 185	11 169	89 108	75 25	18 62	37 4	17 103	56 150	42 38	4 90	22 144	27 176	85 24	87 186	40 28	81 148	12 119	20 7	34 1	52 25	64 166	65 170	39 162	50 67	9 72	76 92	54 55	2 199	72 25	53 15	26 160	14 134	68 140	57 144	38 24	84 100	32 19	82 16	66 97	8 187	23 27	43 178	79 115	88 146	78 25	28 182	5 177	70 187	60 2	71 28	21 27	80 53	55 182	7 173	15 163
15 88	80 133	13 40	20 197	26 61	29 54	30 75	61 56	4 56	12 72	71 122	79 197	6 89	73 128	31 142	21 73	52 58	64 24	47 54	28 101	63 138	8 92	69 159	35 66	62 57	75 199	33 169	43 122	14 127	86 110	59 184	46 162	82 193	5 170	45 54	34 79	17 102	7 24	87 185	18 5	58 139	25 179	2 73	85 81	54 28	38 131	39 174	10 179	56 77	50 176	0 126	9 64	55 58	60 121	78 16	88 22	36 19	42 185	49 31	66 167	72 188	70 11	23 8	84 165	44 143	48 81	83 49	1 24	74 143	77 10	19 47	53 7	51 112	67 94	22 174	57 20	76 119	16 174	11 11	27 155	65 1	40 163	81 134	24 134	41 78	3 177	68 37	37 25	32 24	89 38
79 141	6 104	27 179	87 51	80 125	43 157	73 38	78 22	51 40	38 190	21 92	36 60	44 48	32 188	37 96	40 44	63 1	17 75	54 162	28 153	77 17	8 133	46 63	18 129	76 12	75 165	3 120	66 182	74 23	72 17	49 134	55 44	5 87	67 31	12 4	33 92	45 181	1 34	7 98	10 115	60 117	25 115	11 74	52 66	13 123	81 198	20 173	34 154	58 6	22 143	39 90	41 177	15 172	29 56	89 36	26 67	61 172	56 98	62 2	88 21	85 49	64 187	14 90	19 179	31 139	4 150	35 47	84 165	47 77	68 152	42 197	59 22	30 48	53 12	48 12	69 109	83 199	70 115	71 110	23 90	2 139	82 30	57 143	65 81	0 94	86 167	24 165	9 180	16 92	50 95
69 100	46 199	30 10	53 190	88 147	63 168	6 128	7 196	18 33	55 43	85 17	28 72	39 90	36 155	67 143	38 9	23 154	14 186	33 76	13 87	82 115	59 186	45 73	73 139	89 72	79 58	42 192	8 11	62 136	0 99	70 122	35 63	65 7	87 52	27 124	52 54	74 173	10 122	47 169	34 146	76 130	25 54	37 82	51 54	84 146	26 156	21 193	22 139	66 13	78 138	44 111	32 194	49 106	81 142	19 155	2 124	31 126	50 127	61 101	86 49	77 65	83 57	15 68	57 80	71 122	64 53	43 59	58 48	60 176	80 158	1 1	5 60	17 74	16 33	72 166	12 61	24 111	29 65	4 110	40 146	48 53	56 73	9 136	20 15	68 45	3 164	11 103	75 56	54 133	41 42
83 180	72 193	10 110	30 15	32 79	12 103	31 167	86 167	61 79	78 131	23 15	74 165	58 91	57 7	46 179	66 168	4 109	0 140	56 18	33 146	59 180	88 147	48 35	34 195	42 174	29 7	35 189	51 45	87 1	9 111	62 20	84 188	65 11	89 31	64 18	82 37	36 23	19 170	39 102	25 100	43 175	54 35	28 148	71 34	8 106	21 161	13 23	60 172	18 96	1 16	20 43	5 50	27 109	79 131	49 194	2 82	70 149	77 184	47 199	7 188	50 16	3 68	75 151	6 196	38 53	85 140	11 99	73 167	40 18	16 73	17 191	52 14	44 43	55 144	37 194	41 128	26 114	76 130	14 155	45 65	22 153	67 42	81 41	24 62	63 110	68 98	69 97	80 63	15 31	53 131
9 116	33 4	79 140	67 142	40 54	15 176	75 18	21 60	70 146	6 149	39 182	88 140	19 88	45 75	72 4	66 69	58 4	13 191	16 200	4 56	8 24	2 128	7 199	60 131	84 200	46 167	82 52	28 184	80 186	1 179	65 142	53 166	42 76	73 187	81 72	27 148	89 133	69 101	23 200	32 176	76 63	61 123	34 101	77 75	36 19	20 47	22 2	30 153	0 174	24 141	59 68	31 27	68 189	43 122	86 194	52 19	11 46	38 169	47 127	55 159	5 141	51 194	25 140	50 130	71 17	54 111	29 3	44 163	37 12	17 43	56 152	63 65	14 70	35 178	78 38	87 73	49 51	3 126	10 4	26 41	85 179	18 112	64 59	57 59	74 34	48 110	12 179	83 44	62 42	41 133
20 128	12 192	89 65	60 140	3 179	6 143	53 161	73 4	25 100	22 186	48 58	24 13	51 9	46 82	44 46	50 6	70 115	59 65	10 8	21 177	31 16	47 132	5 117	33 60	30 188	38 131	41 15	61 81	7 27	86 22	71 110	2 187	16 186	56 170	49 107	45 119	28 165	27 193	52 42	13 64	79 167	17 37	83 55	62 99	80 62	9 140	8 13	0 111	11 119	78 37	18 185	55 153	26 163	34 179	58 7	29 58	36 106	66 181	63 41	72 155	14 65	82 26	43 125	88 96	77 28	81 28	19 92	87 164	23 24	15 142	40 146	64 45	1 149	32 115	39 109	69 80	85 135	37 99	68 47	76 120	84 68	35 113	54 14	67 193	57 126	42 119	65 22	74 18	4 136	75 48
33 139	77 84	76 33	31 79	88 56	74 31	79 71	35 101	4 173	62 140	24 23	89 13	75 126	10 6	38 75	36 122	43 189	12 187	56 131	41 150	40 125	6 34	78 131	11 165	2 184	5 55	57 157	61 46	51 180	45 177	54 114	60 133	28 189	48 85	55 162	9 152	34 157	65 159	1 195	83 156	59 67	17 61	44 102	7 82	69 53	15 3	37 75	58 114	46 66	84 182	14 159	85 1	68 182	0 132	47 73	64 25	22 156	73 155	25 177	82 39	53 171	23 72	30 78	32 40	29 81	21 164	86 1	3 115	63 191	27 19	80 118	20 96	70 89	66 140	81 68	26 96	67 42	19 186	13 82	18 16	50 42	8 159	16 35	71 87	87 169	49 180	52 110	39 127	72 24	42 154
11 185	86 22	25 200	5 33	16 168	62 149	44 66	74 84	60 182	85 1	22 58	10 7	31 11	55 119	76 127	27 162	39 169	26 137	17 171	89 100	83 154	66 35	54 112	24 198	35 175	73 174	46 66	58 104	51 54	56 191	65 10	64 96	14 69	18 161	0 177	36 47	71 85	8 124	38 172	61 101	75 145	77 31	69 47	20 80	7 172	59 3	45 193	50 124	82 66	9 10	57 119	41 24	81 36	79 92	15 168	13 30	32 114	84 10	70 24	1 92	37 48	80 92	3 91	2 152	21 155	72 152	68 32	48 45	30 163	63 73	43 71	19 150	52 193	29 134	28 32	53 112	4 17	40 148	49 22	34 6	78 29	42 56	87 107	88 163	47 119	12 75	67 127	33 128	6 168	23 140
82 188	8 52	36 42	67 10	1 21	63 4	12 42	50 68	40 130	28 19	86 157	32 74	44 96	84 154	65 94	24 170	72 8	59 42	87 167	5 194	18 91	71 140	89 55	45 45	77 140	19 142	88 152	68 54	2 42	4 66	35 39	20 184	41 21	9 185	29 119	11 51	56 18	49 167	83 142	55 126	57 57	33 49	85 153	76 56	31 118	22 26	15 17	64 6	54 15	16 186	17 94	34 154	58 150	21 36	42 198	61 102	10 29	69 160	0 152	48 103	46 82	78 183	25 170	73 42	23 2	6 177	51 38	79 147	7 2	38 70	13 140	39 3	60 125	53 102	52 72	66 13	62 185	70 173	3 141	47 199	80 16	30 115	74 150	26 119	81 198	14 30	75 139	37 9	27 126	43 62
52 37	77 52	80 111	73 152	14 25	81 165	29 69	51 140	61 196	89 188	2 163	59 124	79 78	0 43	62 55	32 48	27 52	34 60	64 181	11 166	13 15	22 97	24 96	49 77	72 100	6 82	70 173	17 183	78 39	15 113	18 121	53 87	44 127	68 118	86 143	1 104	31 110	56 14	69 8	67 187	28 81	21 68	55 80	36 147	47 38	16 171	45 110	63 68	33 181	87 131	9 85	41 103	58 71	84 18	3 63	7 25	82 10	30 57	5 193	10 54	20 40	71 184	42 189	74 122	38 52	40 184	8 102	75 11	37 57	19 72	35 77	26 120	88 200	4 113	48 126	83 145	65 12	23 19	39 86	85 140	76 10	60 133	66 65	25 7	57 54	54 82	12 166	46 132	43 17	50 116
52 168	69 5	37 77	80 121	88 156	56 126	48 134	81 54	51 49	32 97	71 98	25 7	18 52	17 194	61 19	43 113	35 3	20 148	2 97	72 199	4 106	77 4	6 145	42 176	34 87	39 155	21 67	5 63	54 47	75 178	30 52	7 123	79 160	46 98	0 96	85 18	26 127	1 125	14 167	62 187	78 1	33 174	29 42	59 24	13 93	70 19	41 159	55 39	74 81	64 57	16 14	67 39	86 19	63 18	57 141	49 62	9 3	84 87	76 97	24 107	19 128	11 94	23 57	12 42	38 83	31 108	87 188	36 126	53 102	45 33	58 130	15 3	10 18	3 127	73 130	50 24	22 106	83 89	68 151	27 83	40 72	65 197	47 33	82 22	66 137	8 111	89 71	60 40	28 121	44 58
18 10	24 150	23 65	61 62	85 167	63 123	5 61	52 160	4 146	12 140	88 176	77 51	76 54	56 16	80 184	39 54	25 100	11 56	79 35	42 58	36 60	33 195	54 163	51 110	57 112	66 95	46 82	43 6	0 106	60 118	45 4	81 49	38 7	53 182	59 195	27 109	74 182	89 141	65 14	17 135	6 199	20 131	72 183	30 84	70 112	82 108	71 151	84 37	58 7	35 42	75 21	3 30	37 30	15 78	49 84	87 153	55 30	7 88	9 155	29 121	44 193	86 155	19 165	41 82	14 113	83 16	34 55	40 47	47 158	67 177	50 20	21 159	2 125	28 80	22 115	69 89	31 23	1 34	16 187	62 147	48 177	78 41	13 115	64 51	8 70	68 85	10 185	32 18	73 100	26 181
55 41	12 108	27 86	20 121	19 18	74 155	66 130	14 66	67 75	59 100	49 167	45 82	86 138	62 127	17 1	24 12	42 5	30 173	5 133	8 122	77 48	81 121	72 11	78 90	75 171	50 26	71 144	15 155	33 24	37 69	2 123	31 46	88 99	38 75	54 182	63 31	47 48	6 8	26 173	52 82	39 50	79 61	3 104	58 107	16 176	28 172	32 117	7 143	68 118	80 196	36 181	11 41	48 159	4 43	43 37	21 138	53 196	64 94	65 49	0 120	9 14	85 39	69 47	84 142	41 107	40 156	76 23	56 136	1 58	73 144	13 182	89 13	46 17	87 87	82 168	22 83	23 145	29 128	35 125	57 15	70 174	18 102	51 187	10 148	61 54	44 95	83 58	60 76	25 44	34 87
74 101	61 104	7 89	58 168	34 170	60 137	27 79	63 98	4 58	87 9	29 138	5 137	56 44	40 116	65 158	2 137	52 82	83 40	45 70	23 44	25 33	81 65	6 187	37 143	43 159	19 41	1 63	30 141	17 103	12 108	53 113	86 140	70 3	69 141	89 50	59 80	71 115	82 123	35 49	26 145	3 43	48 72	32 135	24 140	51 186	50 152	54 192	14 74	13 125	72 78	88 164	0 37	33 9	9 34	47 107	41 95	39 116	44 128	62 179	77 132	10 33	16 150	78 40	57 143	18 66	42 98	75 187	55 52	73 188	20 87	22 81	76 21	46 188	49 184	8 134	68 179	79 56	31 17	64 165	80 133	11 121	66 23	36 110	85 79	84 183	21 160	28 199	38 110	15 130	67 84
19 130	33 54	29 119	8 21	32 37	25 105	45 107	79 80	72 109	65 92	23 27	75 131	44 50	26 163	18 34	52 166	60 187	11 63	48 58	70 61	31 159	13 139	69 108	68 197	74 197	61 118	27 111	21 20	81 36	43 136	82 39	80 127	87 74	35 49	88 190	2 130	66 12	1 133	6 71	63 77	10 43	47 154	67 97	71 175	86 161	30 5	17 198	5 152	55 109	42 73	22 120	84 125	76 90	4 166	57 181	59 6	49 189	28 153	16 101	56 42	7 89	12 95	36 186	14 54	41 125	51 40	85 3	78 19	62 67	34 83	38 26	73 137	9 146	15 56	46 74	0 92	40 137	89 104	20 125	58 133	39 182	37 119	50 20	3 175	54 52	77 61	53 28	24 176	83 118	64 23
55 93	43 149	40 18	69 190	10 112	6 116	35 71	65 184	45 95	44 81	30 147	17 173	58 191	38 152	28 69	53 130	76 189	62 190	1 60	70 42	15 192	23 182	81 191	24 173	66 130	16 6	57 5	61 122	42 196	27 67	72 184	50 91	64 89	20 149	18 103	39 145	78 132	34 7	79 158	46 29	56 154	4 103	83 29	41 119	51 184	68 108	82 86	25 119	89 180	21 11	9 184	2 106	54 11	5 93	86 81	63 1	60 86	26 1	12 183	11 8	37 114	14 87	8 141	22 192	88 181	33 72	84 125	87 172	3 53	13 48	0 27	71 36	31 116	36 34	19 134	29 30	59 68	48 157	75 162	73 6	80 129	77 106	85 143	49 90	32 117	47 50	52 149	74 2	67 103	7 39
20 8	80 98	25 39	79 71	68 195	7 134	55 123	60 155	75 60	19 98	18 113	27 57	41 18	82 109	4 139	44 31	26 106	74 4	16 61	50 61	8 157	9 122	47 129	12 175	14 76	65 38	36 13	24 135	61 138	45 159	13 90	42 33	52 151	69 16	66 114	81 111	35 22	6 131	48 119	62 171	28 53	77 137	85 135	22 12	57 196	89 65	11 122	38 45	2 127	21 121	87 70	40 28	1 53	5 142	0 45	17 30	30 92	71 83	43 57	78 196	70 29	67 121	88 89	64 31	29 32	59 194	51 101	84 16	46 170	23 49	34 116	76 137	63 184	72 25	10 93	49 153	15 50	53 4	37 10	33 18	3 182	58 30	83 131	39 42	54 151	86 169	32 70	56 111	31 61	73 182
11 155	35 78	6 88	77 175	58 47	50 108	13 24	61 130	85 97	25 110	59 4	54 108	7 96	40 116	8 1	18 78	0 106	69 32	26 30	21 32	76 23	20 192	52 147	81 45	16 172	79 102	53 73	12 121	55 196	5 144	27 162	57 45	34 171	38 82	75 94	83 82	14 64	19 46	73 199	24 149	60 45	89 95	84 68	72 196	65 129	56 139	37 199	64 76	48 82	49 158	71 113	63 121	4 3	30 112	47 93	78 1	29 130	67 132	43 61	62 90	32 168	86 95	17 160	31 65	15 126	36 163	22 49	87 26	41 42	3 163	23 167	66 23	68 55	51 111	33 72	39 106	45 120	88 179	46 42	44 181	80 107	10 38	70 133	42 140	9 129	74 28	2 48	1 13	28 5	82 98
9 105	78 97	47 140	43 94	50 149	24 39	53 28	54 99	8 200	55 181	32 143	12 24	75 190	2 25	41 123	80 104	35 165	66 200	23 40	11 199	14 127	7 131	37 200	25 100	45 154	89 144	26 111	84 1	87 80	63 168	0 109	44 138	73 104	39 185	22 83	59 58	81 48	17 176	5 56	15 188	77 167	56 51	60 123	79 182	13 182	70 168	3 90	83 9	86 155	61 70	34 46	72 68	46 169	21 152	48 175	29 88	19 8	31 85	69 23	74 176	33 165	64 47	65 124	82 136	58 184	30 55	67 53	20 73	52 97	4 75	76 150	88 181	68 196	6 110	51 49	62 137	38 98	40 93	16 194	18 119	27 6	49 169	10 7	36 187	42 88	28 129	57 154	71 106	85 115	1 104
36 177	37 137	86 102	55 54	49 131	35 86	38 172	17 48	28 90	10 51	56 61	80 193	19 14	47 48	4 106	9 22	72 125	62 195	32 31	46 145	27 178	33 58	77 77	82 149	50 136	61 42	2 174	6 160	87 145	73 165	44 39	7 99	29 57	76 19	31 66	21 196	0 123	54 64	65 55	14 69	13 105	22 21	70 128	69 2	71 97	16 166	42 43	74 65	79 130	15 149	18 133	25 145	3 173	81 19	88 141	67 31	89 92	53 145	59 177	24 170	39 30	83 163	30 25	60 179	78 146	5 169	58 66	84 145	23 30	12 83	66 60	40 113	57 129	51 150	48 128	1 17	41 171	64 161	11 1	26 164	52 95	68 121	85 71	8 94	63 53	34 13	20 43	75 200	43 190	45 101
58 104	11 164	7 88	4 110	27 59	12 117	2 89	63 151	6 45	20 25	87 1	34 149	73 15	23 182	53 45	86 21	51 91	50 31	15 22	29 118	44 87	40 60	49 166	54 165	0 10	75 54	81 48	5 154	28 105	62 106	80 175	89 179	59 47	82 93	56 181	1 195	77 36	84 164	10 40	55 132	37 58	31 72	71 4	69 119	33 24	22 48	78 166	18 80	65 53	30 149	83 131	42 149	3 81	45 163	68 39	9 161	26 139	60 36	36 188	14 169	17 147	35 31	21 139	8 177	76 173	48 169	64 8	19 75	70 15	25 159	24 147	16 141	57 178	74 86	52 3	39 126	41 118	32 35	66 35	47 49	46 182	85 69	88 25	72 63	43 10	67 93	79 17	38 58	61 27	13 80
29 66	52 147	76 33	46 44	64 66	55 175	42 159	25 191	54 139	74 168	81 34	59 20	21 17	24 37	7 171	2 162	68 2	47 12	62 93	22 22	3 76	44 143	0 99	35 33	9 48	34 74	69 179	51 150	87 149	13 99	71 98	16 65	67 48	10 58	15 167	6 195	73 78	32 39	28 196	37 54	53 144	1 105	38 48	82 176	4 28	57 12	17 199	84 128	33 153	11 19	45 55	88 59	19 32	20 159	63 3	26 187	72 155	27 120	78 186	40 119	60 128	65 106	8 110	23 92	70 13	58 140	39 110	80 63	85 157	83 147	49 12	5 23	48 124	41 192	30 121	12 86	66 199	50 133	77 97	89 16	75 85	31 177	36 98	56 176	61 166	86 65	79 119	43 181	14 60	18 11
37 148	5 73	74 128	47 14	23 121	42 171	86 169	17 32	55 181	87 106	64 48	16 135	78 89	27 44	80 115	44 134	11 113	36 106	52 173	3 188	9 76	62 31	51 69	28 139	13 186	12 68	4 52	0 103	69 128	65 73	24 56	81 56	85 120	40 150	41 82	8 111	73 39	45 158	84 156	83 197	22 186	18 117	14 155	76 153	50 28	46 173	31 105	53 73	20 168	33 62	67 164	30 38	29 59	70 61	60 160	26 44	2 47	71 11	39 77	6 127	25 66	15 7	49 163	63 46	21 7	7 9	77 119	48 133	89 125	58 34	35 144	66 138	59 129	88 22	32 112	75 175	1 143	72 56	56 152	54 21	57 39	10 19	34 162	82 102	61 143	68 91	19 107	38 91	79 65	43 132
35 70	33 68	40 24	87 121	61 30	22 182	14 107	37 42	46 35	13 13	51 178	34 107	25 9	66 179	79 31	57 80	86 44	73 136	15 135	85 37	69 172	42 121	78 79	67 61	56 107	1 31	16 196	7 127	3 4	84 182	2 147	65 198	20 170	0 151	6 154	45 111	82 5	48 69	9 134	60 187	63 78	54 172	47 28	30 4	4 77	24 114	89 61	5 143	62 169	28 195	44 75	29 180	10 49	75 30	83 67	39 151	52 126	53 148	77 5	80 80	81 44	64 94	32 87	49 61	43 139	21 30	72 84	74 132	23 61	17 28	8 119	31 199	26 180	36 110	38 46	70 181	71 127	19 102	18 149	41 24	12 95	76 54	59 53	58 125	50 150	88 187	27 12	55 102	11 51	68 20
40 110	9 83	1 24	56 29	82 7	14 145	70 93	80 98	72 4	62 194	25 77	10 198	52 196	44 44	2 4	88 185	27 118	45 136	34 48	68 127	69 83	23 102	29 186	6 82	66 184	63 156	57 167	28 99	83 187	48 118	89 189	4 85	11 161	74 87	78 137	31 47	20 183	19 63	46 100	3 183	13 109	36 169	39 61	17 24	43 128	8 42	41 140	59 195	54 78	60 146	65 87	53 141	67 51	33 58	18 77	73 114	5 199	0 42	55 7	47 127	38 72	24 152	7 162	21 30	79 67	84 110	81 3	86 187	61 10	35 117	71 95	87 100	32 167	58 163	49 21	51 71	37 51	76 194	16 97	12 115	30 169	64 176	22 96	77 127	75 82	15 91	85 118	50 26	42 186	26 61
6 93	36 20	3 197	4 82	63 179	14 19	62 194	1 199	10 101	84 30	82 56	13 58	5 51	73 91	51 95	35 160	83 79	58 43	54 195	89 28	34 121	38 134	0 2	87 173	22 14	70 101	72 140	60 136	8 100	32 138	81 132	61 52	33 111	52 55	88 91	17 161	69 194	12 41	19 80	21 124	24 110	16 127	53 75	78 57	66 56	39 142	64 47	2 91	43 173	79 107	28 30	76 180	59 48	85 109	77 110	47 69	75 32	48 53	57 138	50 114	30 90	49 123	23 35	31 147	46 118	7 108	42 75	9 85	18 46	41 155	56 104	45 198	65 2	55 75	80 118	15 14	74 137	44 21	11 46	20 47	26 122	68 69	71 53	37 69	25 93	29 22	40 136	27 21	67 93	86 53
78 176	22 197	9 60	4 97	28 153	66 49	55 16	59 49	53 154	77 84	48 88	58 111	57 70	84 79	75 36	2 86	79 126	42 81	6 91	47 57	46 124	32 40	20 60	83 86	67 85	3 56	15 144	65 29	31 119	29 131	82 20	30 164	1 61	63 41	54 94	86 139	71 178	25 47	0 66	19 37	7 195	56 48	35 61	34 79	24 187	33 52	49 154	23 189	87 145	85 124	62 141	12 24	74 61	73 114	21 88	69 30	80 79	40 128	17 85	26 39	81 178	39 86	64 24	43 80	37 115	38 46	50 184	16 84	72 8	8 56	70 63	45 59	68 6	36 168	10 39	5 2	11 177	51 61	60 130	14 100	41 5	52 6	27 40	76 165	18 20	13 131	88 59	61 146	44 108	89 45
32 96	42 156	27 73	69 11	46 144	62 159	26 161	70 130	63 17	55 118	50 200	76 183	8 17	34 47	56 57	11 155	68 198	12 116	14 101	40 97	7 17	78 150	36 88	86 60	79 75	10 1	6 82	43 4	1 160	89 114	74 75	18 23	71 57	21 171	28 89	59 31	44 93	60 89	88 14	45 161	82 83	15 95	37 66	17 121	3 170	85 179	25 131	38 69	19 187	4 151	16 37	54 144	53 92	48 185	2 55	80 26	31 69	0 126	52 197	83 62	41 143	29 42	13 84	73 31	61 143	65 1	5 12	49 172	51 65	77 170	39 15	84 88	9 30	35 61	87 115	22 126	33 94	30 21	72 120	67 11	81 137	58 70	57 179	23 68	66 177	75 102	47 177	24 75	64 59	20 117
35 108	44 105	42 164	11 69	40 107	38 55	7 27	51 144	76 66	48 192	26 63	33 139	80 166	27 183	89 25	87 121	3 161	84 174	85 151	9 186	20 84	57 81	14 190	6 46	70 138	77 176	8 21	25 95	21 139	43 102	37 184	49 163	64 146	60 64	47 108	56 48	58 36	73 109	31 131	30 163	86 109	0 41	36 116	65 167	79 26	45 134	54 27	4 147	15 128	68 83	39 101	88 58	62 24	41 177	46 61	24 80	50 40	10 17	32 174	2 18	34 4	13 16	82 118	78 139	75 60	16 177	66 104	83 39	72 191	74 140	63 72	59 106	69 114	18 50	1 45	55 120	53 146	28 127	61 150	22 145	29 128	17 11	81 106	12 38	52 42	23 179	19 94	71 194	5 188	67 32
74 6	68 27	44 27	81 122	80 22	9 119	40 153	51 65	54 138	25 4	37 75	84 110	62 193	47 119	39 98	73 15	30 171	12 174	19 103	78 56	1 145	31 76	4 137	14 84	52 155	86 95	6 120	18 127	58 39	83 137	2 5	57 16	48 155	82 3	5 28	34 95	7 158	8 178	23 48	72 144	69 134	89 160	59 110	88 200	36 185	55 44	29 59	35 41	43 15	17 74	45 106	60 127	71 85	26 169	50 7	63 104	21 130	38 184	11 135	76 181	87 99	49 49	53 25	65 161	42 126	32 23	41 110	64 83	75 136	70 100	79 21	27 37	85 8	3 119	46 113	56 151	22 65	13 139	66 42	61 62	28 65	67 125	24 10	33 1	0 122	16 134	15 144	77 148	20 144	10 23
85 113	84 133	61 165	39 181	5 178	33 77	20 198	8 149	74 155	47 169	9 191	27 198	4 125	13 85	24 108	77 104	1 15	2 21	36 139	46 115	3 112	71 46	65 72	48 188	43 33	76 198	37 120	16 163	81 191	54 10	83 154	89 170	87 179	59 180	42 64	52 46	12 47	19 180	30 138	82 68	58 150	0 176	7 39	73 115	38 26	25 46	51 147	62 105	57 142	68 100	60 113	21 8	23 122	17 65	29 41	70 126	50 92	18 76	49 61	15 187	40 45	64 86	41 108	44 153	14 148	55 69	26 157	35 28	28 123	31 16	53 188	63 199	6 134	66 145	86 133	79 164	45 17	32 108	22 19	88 95	11 90	75 196	78 197	69 57	34 17	80 177	67 187	56 117	10 116	72 13
85 39	21 161	75 184	34 106	76 100	40 145	78 83	41 58	18 47	42 194	56 18	32 152	0 128	54 35	51 107	88 85	74 28	84 62	36 127	89 159	29 62	16 89	77 68	37 172	10 157	65 78	48 18	53 143	26 85	62 54	17 182	19 106	64 148	12 37	5 24	15 184	30 146	80 60	39 94	4 11	27 138	25 57	24 127	58 124	47 168	44 169	49 109	13 4	8 108	69 112	81 8	9 102	83 190	14 151	33 40	45 141	38 40	61 93	59 145	66 9	20 10	82 165	70 97	35 196	6 14	23 192	73 185	55 7	67 54	46 11	43 104	2 114	71 79	60 190	28 169	7 133	22 29	11 88	1 27	50 63	3 92	63 106	57 155	87 134	79 67	72 151	86 194	68 190	31 157	52 30
89 22	31 200	34 73	7 41	50 7	75 68	32 26	52 64	82 146	74 137	20 143	23 52	44 147	69 67	24 51	83 35	6 124	47 198	57 157	86 163	2 51	59 18	67 169	26 92	15 134	43 183	33 92	11 111	40 44	41 70	79 197	35 60	21 159	8 14	16 12	73 51	3 154	77 86	51 111	37 117	56 14	29 174	39 157	54 94	55 124	1 103	45 106	64 124	28 119	84 54	0 76	58 167	46 144	14 25	22 55	38 167	78 105	88 192	81 107	71 124	30 9	9 135	85 170	19 186	5 40	72 59	76 106	80 61	12 19	10 45	18 13	60 187	4 79	36 51	49 5	53 179	42 189	87 190	62 174	48 23	70 199	63 196	13 72	61 106	25 142	68 102	65 155	17 75	27 164	66 178
5 25	21 5	19 94	89 175	40 28	73 15	80 69	6 35	77 22	74 153	39 31	30 123	52 77	11 148	82 157	41 147	72 8	66 177	23 136	75 112	53 63	70 143	84 177	17 144	31 31	54 140	32 14	43 156	27 6	49 160	9 48	56 85	57 83	42 131	67 179	16 46	76 165	44 73	4 136	48 128	8 194	36 190	47 161	24 193	86 199	25 188	87 53	1 47	7 50	35 165	83 18	34 125	64 167	85 4	20 12	46 72	45 195	29 12	60 33	3 28	51 199	68 145	28 188	65 200	14 109	71 70	78 123	18 181	81 119	12 91	13 32	37 173	61 131	10 69	50 18	15 128	79 177	55 35	59 151	69 21	2 179	88 14	62 137	26 87	22 51	58 116	63 136	38 172	0 34	33 62
47 67	68 131	25 55	23 31	19 70	29 59	22 121	20 199	62 52	57 92	45 42	69 85	34 6	78 94	79 68	84 122	9 108	38 82	71 97	39 117	16 144	85 176	43 70	66 6	42 190	44 55	10 150	21 150	60 28	26 152	54 165	35 94	8 56	86 73	0 49	61 149	52 179	30 93	28 33	33 38	53 61	14 132	49 169	13 1	48 142	70 176	31 46	41 182	59 69	6 124	7 7	11 86	37 159	36 103	73 178	89 161	27 78	65 200	12 99	87 119	17 108	40 49	56 61	50 166	32 175	58 13	4 114	2 84	83 153	77 7	72 104	75 80	63 53	64 10	80 100	76 185	1 99	82 30	3 118	5 30	15 166	51 126	46 148	74 79	81 20	67 171	55 51	18 133	88 75	24 106
7 59	73 36	53 152	20 196	28 57	10 88	63 145	65 98	30 12	43 10	11 187	24 165	59 79	12 175	29 65	78 25	40 186	88 66	79 157	70 25	68 78	64 192	21 150	23 80	1 94	36 61	51 118	27 19	8 142	83 196	82 141	37 176	0 31	22 179	74 66	32 114	62 131	38 92	35 113	16 115	55 28	58 195	5 6	44 110	9 176	31 84	66 98	60 42	50 131	19 66	13 75	81 184	56 154	69 46	26 71	15 136	45 115	77 158	89 150	52 27	57 26	46 145	14 52	71 118	76 137	80 197	48 168	54 112	47 32	17 163	2 18	33 177	67 188	85 32	39 158	4 59	84 8	72 147	25 64	87 183	75 80	42 38	86 73	41 73	18 21	6 42	49 38	34 26	61 29	3 7
72 144	83 83	36 199	66 147	67 153	43 108	48 34	6 43	78 32	45 135	12 72	73 49	1 61	69 1	75 136	32 77	21 84	38 180	81 38	29 22	41 68	8 134	51 69	62 200	30 157	11 166	49 48	71 144	39 178	79 10	59 61	18 170	35 24	64 49	0 189	65 75	74 77	46 139	17 21	50 96	27 173	80 104	26 142	23 33	13 15	19 31	56 21	61 131	14 163	77 154	28 163	44 53	68 114	88 72	37 55	31 89	34 56	63 153	87 53	16 176	9 105	57 113	42 25	55 158	22 173	40 84	47 27	76 143	58 116	24 66	33 167	10 47	84 71	60 72	89 132	5 189	82 111	25 117	86 89	3 59	7 149	52 38	15 100	4 196	54 25	53 165	20 135	2 61	85 73	70 151
47 11	8 134	53 190	66 196	12 153	29 45	4 50	2 178	6 159	87 13	3 104	18 25	55 83	46 61	37 149	60 100	35 140	21 95	19 193	54 29	41 198	78 180	14 111	75 75	1 74	74 115	64 14	43 14	7 41	32 76	69 166	86 118	44 44	58 73	42 53	22 92	26 103	85 20	63 106	71 117	17 91	16 78	80 140	38 10	39 115	68 106	79 81	70 95	67 175	83 186	56 155	30 171	52 137	24 43	33 83	25 19	57 188	61 118	45 10	34 159	10 146	27 106	5 103	28 9	62 18	81 133	0 91	20 113	51 60	88 191	76 194	77 37	11 190	82 157	72 90	73 89	89 177	9 171	31 97	36 93	65 136	13 128	59 84	48 158	23 17	15 190	40 161	50 38	84 169	49 135
56 65	60 113	0 121	51 69	63 160	67 85	32 93	68 102	58 107	34 174	69 76	38 71	86 171	35 92	26 44	24 6	54 48	78 106	15 46	74 52	75 94	25 193	87 165	43 69	62 77	10 141	9 140	40 172	77 200	3 29	18 87	50 29	47 42	19 200	11 127	8 186	53 73	72 149	49 70	89 176	73 136	44 129	84 150	71 111	85 9	29 104	17 197	16 30	66 120	12 143	30 137	4 122	45 157	65 104	88 169	39 31	52 137	20 98	61 104	81 108	80 73	23 139	28 99	37 156	14 192	33 155	27 54	70 186	64 126	21 129	36 108	79 172	2 5	48 54	42 108	59 116	31 21	5 200	41 32	76 34	7 176	13 171	83 173	6 34	82 154	57 7	55 139	1 121	46 119	22 102
10 144	47 88	1 60	33 97	89 65	8 111	25 197	21 34	29 111	75 136	50 68	16 48	40 162	54 130	85 109	48 17	67 40	52 13	61 92	41 188	4 41	20 43	88 166	83 106	28 181	43 119	57 195	24 75	2 190	14 156	62 195	55 36	72 23	44 59	77 6	26 150	30 67	32 104	45 54	63 173	78 136	42 104	60 125	64 2	51 45	70 137	5 68	53 174	37 35	7 146	69 44	35 130	76 127	80 168	38 122	27 9	9 116	82 11	23 146	65 137	46 158	22 142	18 62	59 176	36 152	31 90	87 192	11 186	68 25	56 75	79 174	15 129	34 47	73 118	12 159	39 79	13 102	0 49	6 158	17 3	19 187	66 90	74 112	86 142	58 8	81 152	84 128	49 192	3 20	71 70
82 131	46 59	19 175	51 88	70 81	9 136	30 140	85 133	71 87	32 157	55 25	14 140	31 52	76 66	79 57	10 126	89 21	35 171	20 78	47 113	49 30	52 1	84 131	81 197	26 191	6 87	44 195	68 52	36 84	57 151	63 141	59 33	8 175	13 184	60 30	42 172	18 64	40 78	87 105	5 106	72 95	83 11	0 81	69 51	17 69	45 41	64 97	28 148	58 62	25 174	67 22	29 161	2 188	24 87	48 65	12 59	88 112	11 42	66 57	34 153	33 125	4 123	43 125	80 186	78 53	73 29	77 114	74 143	27 153	1 178	50 191	56 26	75 129	3 43	86 189	62 122	61 11	54 150	7 55	21 36	39 17	53 87	22 2	41 111	15 166	65 140	37 141	16 115	23 200	38 157
13 135	15 198	3 7	71 18	57 124	66 151	42 33	20 30	24 13	8 18	68 4	36 37	80 75	50 80	21 115	7 137	53 28	1 188	34 148	60 101	48 48	76 40	78 196	85 196	89 162	74 170	29 100	65 174	67 98	17 151	86 173	2 77	9 98	19 36	41 161	4 145	39 154	31 51	37 175	23 150	70 53	18 34	0 163	79 157	54 81	33 82	73 24	63 169	88 144	59 82	43 130	55 117	64 128	45 149	27 72	5 41	61 175	26 177	52 9	25 15	62 37	75 15	69 29	49 54	47 65	16 200	87 186	30 92	22 57	84 22	10 174	51 76	38 178	32 16	46 142	12 192	35 193	6 122	58 58	14 79	81 147	82 130	11 23	72 30	40 116	28 81	56 166	83 137	77 144	44 75
25 168	77 128	48 177	26 140	29 138	56 21	69 163	32 137	44 8	15 12	45 104	81 24	3 6	19 165	42 91	47 55	28 137	22 75	12 106	36 166	33 199	72 97	34 167	16 139	2 54	31 169	39 114	14 63	87 168	66 72	55 127	68 8	23 122	37 109	82 33	71 192	49 88	74 36	80 10	8 5	6 135	67 61	43 9	84 33	63 90	7 60	53 180	13 26	21 157	24 98	75 45	11 177	64 140	52 10	59 189	86 54	9 49	17 54	5 180	76 68	46 89	65 136	1 85	73 22	27 195	70 100	35 134	83 41	61 167	62 60	89 166	4 80	54 95	41 100	50 175	20 116	60 150	40 90	88 61	51 156	30 93	85 114	58 161	0 37	10 71	38 188	18 48	79 51	57 140	78 177
47 34	76 190	11 175	57 13	53 31	52 132	29 107	23 70	10 23	37 135	6 192	15 200	2 30	19 159	9 196	58 145	66 88	51 107	83 158	16 53	45 175	26 137	70 10	13 126	36 19	22 47	89 68	62 155	40 21	86 121	71 9	3 148	49 169	18 1	82 177	34 42	1 60	73 103	41 152	14 160	28 70	39 135	8 5	7 142	88 22	56 97	87 172	44 65	30 65	21 45	61 68	77 126	5 61	55 78	4 64	38 88	46 192	74 14	17 59	67 20	69 102	27 186	32 69	85 6	35 59	54 77	64 10	43 3	60 176	25 36	78 198	42 74	75 1	68 191	65 31	79 156	81 133	20 42	33 196	59 43	50 184	24 197	63 158	12 5	0 51	31 140	72 183	84 2	48 66	80 45
39 28	85 24	55 104	83 170	65 28	62 108	5 105	31 32	89 200	81 174	64 136	4 139	16 113	82 118	29 93	61 108	23 58	44 190	3 144	37 33	9 8	70 86	76 157	21 104	63 185	11 144	66 135	30 84	2 33	0 94	28 93	49 135	72 12	77 81	60 6	43 141	38 12	80 44	17 199	68 99	51 166	52 173	27 101	79 112	14 90	45 58	46 179	20 116	6 181	50 1	32 71	25 96	1 55	87 99	8 117	84 194	48 165	86 32	18 66	88 47	42 27	59 187	73 58	58 100	57 190	10 181	78 1	33 82	47 66	26 91	36 24	35 24	22 61	53 161	15 41	75 156	34 25	19 42	69 104	40 94	74 40	54 103	41 90	12 105	13 124	24 106	7 177	67 84	56 175	71 127
81 19	86 66	32 126	41 128	64 105	24 170	63 55	6 156	12 76	1 186	74 42	7 167	15 114	4 194	3 61	49 171	78 130	71 143	36 132	62 156	76 76	80 4	50 71	28 133	52 182	30 70	25 79	77 153	14 23	88 77	26 106	58 77	54 42	11 187	47 146	48 45	5 132	67 124	65 105	59 85	45 10	87 160	40 158	84 79	33 182	69 85	68 33	17 96	19 156	82 99	16 145	13 98	43 50	57 79	31 192	73 193	34 174	51 29	8 44	18 129	27 120	23 34	20 12	55 20	39 16	22 83	9 118	83 154	44 140	60 87	0 18	37 157	42 70	72 178	75 184	10 143	46 90	61 62	35 69	89 59	38 132	21 178	53 32	79 136	56 161	70 70	85 168	2 43	66 151	29 20
75 70	82 199	19 157	31 70	83 200	46 43	52 114	70 75	40 45	23 55	56 132	36 50	18 46	86 85	7 68	6 82	80 75	78 146	66 61	74 131	22 148	15 174	59 60	55 104	81 139	20 182	62 151	89 114	76 95	51 135	60 25	57 182	63 97	17 18	79 165	3 141	69 123	25 193	14 101	84 116	71 70	27 48	64 176	9 70	73 200	43 161	28 45	26 118	77 23	42 10	4 173	37 141	58 47	16 103	30 33	13 49	10 125	61 143	88 162	11 78	33 162	67 73	38 136	29 61	54 9	35 80	2 62	45 165	34 98	65 155	32 5	21 13	41 150	12 134	87 93	39 86	68 85	53 182	72 38	85 179	49 22	0 34	47 133	50 84	5 41	48 37	24 9	8 116	44 4	1 157
5 181	54 131	7 75	41 156	43 107	8 86	46 106	47 108	42 9	89 46	33 106	59 175	55 30	25 1	39 125	1 109	19 31	49 65	78 152	10 137	83 104	26 96	60 118	84 45	17 112	15 43	16 69	58 44	56 90	20 196	76 34	85 42	51 192	35 168	45 193	11 107	40 185	80 124	66 20	57 142	3 135	50 171	82 172	14 73	9 140	73 88	61 104	53 164	67 149	70 53	72 173	12 57	74 60	18 135	34 170	77 190	28 167	88 182	23 164	63 166	62 7	30 93	48 58	24 8	64 132	69 71	31 43	2 163	27 106	68 173	22 113	65 177	37 187	44 41	4 46	79 172	81 190	75 51	0 28	71 76	32 23	29 156	38 115	6 169	13 86	36 24	86 130	52 7	87 56	21 97
17 97	84 180	53 130	4 104	50 166	54 38	57 196	67 93	45 171	41 154	86 120	32 180	48 148	74 170	81 128	51 122	63 13	8 139	83 173	35 133	42 41	19 94	88 183	68 85	73 116	13 89	66 114	10 9	65 134	3 55	22 198	79 102	9 59	15 61	11 183	76 101	6 131	36 200	2 197	24 57	44 191	7 57	28 140	43 155	62 56	16 7	14 153	5 176	78 138	25 108	80 85	89 115	1 117	31 162	72 90	23 98	34 59	61 149	71 22	40 179	52 34	20 32	26 137	46 186	30 109	60 83	75 160	77 182	21 20	59 59	70 192	58 87	64 74	85 177	0 107	27 18	33 196	39 62	29 193	38 184	37 157	69 189	49 8	87 19	18 63	56 63	82 129	47 79	12 9	55 5
61 96	71 99	20 199	87 66	77 62	2 50	54 41	25 176	23 105	67 28	70 116	51 158	0 184	56 117	10 153	15 163	1 182	21 166	46 64	34 31	50 60	32 97	79 65	57 171	12 192	37 157	45 167	40 75	66 137	38 64	3 39	35 167	30 91	82 195	22 47	17 76	64 39	36 191	6 191	49 65	5 50	33 83	60 74	74 185	26 192	19 125	47 192	28 191	11 117	72 116	7 45	86 88	31 45	43 153	44 134	29 32	16 114	42 35	62 7	13 199	9 82	84 180	73 124	24 66	69 142	27 136	63 96	75 40	58 12	48 168	76 155	8 69	4 176	80 56	85 144	18 105	41 58	68 25	88 184	14 25	65 110	52 33	55 154	59 37	83 118	78 75	89 92	53 45	39 79	81 188
6 18	40 198	1 34	81 81	65 60	33 150	36 153	13 140	19 25	68 189	22 45	10 135	84 3	2 43	7 114	46 41	63 91	11 60	78 145	43 169	37 86	9 158	67 17	23 128	62 180	47 129	20 153	69 27	77 142	76 139	4 13	31 43	49 188	44 126	72 143	51 58	41 188	28 83	60 132	27 91	70 152	3 157	56 185	80 4	25 93	71 23	89 98	57 103	0 148	42 189	45 163	29 123	64 19	21 122	17 109	66 55	88 59	52 92	73 190	15 137	82 141	38 137	18 38	74 195	48 60	30 145	39 108	53 185	58 51	54 52	5 109	83 69	50 183	79 150	35 13	14 105	75 25	32 51	86 146	8 3	55 191	61 40	26 102	16 19	87 39	24 144	85 176	34 137	59 161	12 175
39 119	29 42	20 155	24 196	78 71	7 161	4 77	12 140	42 65	80 55	27 42	61 165	13 109	64 185	85 30	73 106	69 73	37 88	19 79	74 198	88 103	8 62	63 154	72 63	75 50	77 177	44 28	52 27	48 128	83 174	46 48	18 45	60 184	21 93	49 115	65 66	47 80	14 65	43 100	22 152	17 43	70 35	76 65	59 73	82 144	56 156	87 118	3 58	45 28	26 135	9 4	25 58	55 117	81 91	79 137	10 78	35 183	11 127	54 182	23 82	31 22	71 66	66 178	6 195	5 54	32 44	41 71	51 5	40 14	15 161	34 100	1 63	53 38	38 81	0 73	84 198	57 62	36 179	30 23	28 148	67 110	16 124	68 118	2 77	62 10	50 136	86 182	89 92	58 93	33 69
82 123	39 152	17 84	63 79	60 73	47 190	65 164	55 149	77 33	9 156	78 171	62 126	14 12	41 36	59 68	24 95	35 95	20 54	51 183	25 193	81 47	13 116	71 199	15 33	16 94	83 64	30 74	34 119	1 126	33 132	5 129	12 49	31 189	18 152	50 91	11 160	72 161	70 169	85 145	74 179	7 132	84 56	49 28	36 98	21 113	61 181	56 199	4 27	67 94	3 71	46 85	29 110	42 183	53 186	58 158	52 105	87 96	76 17	48 76	38 53	73 81	23 31	86 13	75 21	54 18	64 51	8 71	28 69	79 191	0 179	44 114	26 7	2 37	80 102	27 45	69 49	22 8	45 61	57 184	37 53	88 180	6 34	43 167	10 15	19 111	66 55	68 29	40 9	32 116	89 4
58 190	81 90	44 175	11 158	72 118	28 64	67 180	57 7	62 71	84 195	9 36	74 147	41 165	61 173	53 96	83 160	26 1	48 37	70 79	80 199	52 127	60 72	10 94	14 132	88 37	76 180	51 57	49 200	40 151	78 139	37 152	38 147	6 132	2 78	12 132	27 62	59 93	73 117	3 122	19 131	17 137	85 5	50 13	45 74	87 105	33 73	23 95	21 42	47 195	29 151	4 133	31 141	42 114	55 53	8 45	13 33	46 181	75 65	16 109	5 82	82 133	79 199	7 38	54 68	24 1	43 63	32 72	71 56	66 90	35 67	1 46	68 57	69 39	15 171	86 159	64 108	25 143	56 120	20 59	36 135	22 130	77 130	89 189	65 33	18 164	30 194	34 126	39 188	63 67	0 92
18 70	5 36	57 200	66 102	2 173	37 51	61 7	60 92	64 146	50 76	14 145	38 174	71 85	24 67	72 33	67 170	45 131	85 145	54 95	1 148	40 152	43 72	29 72	34 170	76 109	16 32	13 168	55 191	41 179	58 56	74 81	20 150	70 95	6 15	19 6	15 13	4 173	80 24	39 88	89 36	56 198	78 153	35 136	7 173	11 80	62 140	33 46	22 8	31 154	36 178	75 140	82 84	28 108	25 143	79 128	86 41	9 7	12 23	52 127	63 190	83 31	3 143	87 118	26 168	51 185	44 110	17 128	81 120	69 99	21 116	42 45	49 132	59 176	47 124	46 128	65 143	10 181	68 107	27 106	77 77	88 72	73 153	0 174	32 196	48 162	53 176	84 34	23 199	8 176	30 45
81 51	0 42	47 171	21 29	27 181	7 99	14 48	8 103	15 65	28 80	24 89	45 179	68 108	74 99	17 92	77 35	69 139	86 96	88 52	52 19	25 130	36 147	48 178	63 125	83 55	20 143	26 70	57 145	30 176	66 2	84 18	65 112	33 13	78 178	85 200	72 189	34 192	75 50	4 195	49 173	41 184	42 62	67 90	38 26	89 168	11 160	32 7	50 86	82 119	35 120	87 118	6 122	39 94	46 134	58 60	55 96	79 111	70 139	5 97	53 25	76 124	12 120	9 29	1 113	71 96	61 94	40 17	73 41	29 125	13 77	60 195	2 81	62 29	3 168	18 19	59 147	23 147	31 174	10 127	80 58	44 39	56 65	54 193	22 119	19 4	51 44	16 96	43 84	37 94	64 82
26 67	0 101	54 154	68 84	46 18	55 45	66 100	88 106	70 135	39 19	30 102	76 180	81 192	89 132	40 51	28 52	45 162	2 25	1 180	35 186	57 187	37 88	32 81	34 26	16 83	67 181	29 91	75 126	64 156	86 199	83 79	13 70	78 51	82 139	36 48	44 126	8 16	69 128	71 39	3 150	15 187	27 131	52 6	74 9	4 25	24 158	48 120	18 147	73 42	41 137	20 107	14 97	84 188	65 188	25 70	6 197	23 48	62 34	58 58	80 57	19 53	87 197	12 20	42 24	11 153	61 175	33 7	31 30	77 75	9 188	7 15	60 117	47 92	21 127	17 26	10 165	85 67	53 44	5 16	63 179	51 41	38 98	22 44	50 163	79 33	49 125	43 176	59 195	72 160	56 199
2 139	30 119	61 136	64 193	16 148	1 54	69 6	9 80	6 58	88 11	49 1	31 183	24 154	75 97	65 131	80 5	38 153	84 89	50 65	27 198	87 184	7 183	20 78	72 132	42 148	45 88	43 79	5 173	22 184	47 112	12 140	63 109	52 34	18 110	15 93	37 73	40 164	74 33	58 94	28 106	23 187	71 5	21 29	0 67	78 200	70 85	59 119	86 101	62 198	55 77	48 18	32 34	77 93	44 23	25 172	34 32	35 190	36 52	68 199	33 81	81 191	56 95	53 169	17 149	8 7	13 5	11 120	79 100	57 175	60 62	10 110	66 89	26 98	3 180	41 142	82 6	73 68	85 32	89 65	54 10	76 105	51 83	39 140	19 104	83 1	4 22	29 55	67 150	46 169	14 104
72 153	58 162	35 200	83 90	86 35	69 171	46 60	25 7	39 15	55 36	87 152	64 116	62 133	37 164	22 17	88 175	73 200	6 90	70 196	65 170	12 188	67 22	24 109	57 60	26 2	78 92	27 177	7 59	32 83	14 133	71 178	84 50	61 77	53 131	56 51	68 18	16 107	3 162	20 59	81 37	21 56	41 27	10 130	82 52	18 83	43 110	63 22	42 189	15 103	60 107	77 19	59 198	23 139	54 97	34 16	2 86	1 54	50 19	80 153	30 150	48 187	9 89	52 87	33 129	51 53	47 68	85 37	4 72	36 57	45 94	75 84	89 98	5 62	38 43	66 193	13 93	74 28	28 163	44 28	76 36	19 9	31 52	79 179	49 156	40 156	17 86	29 32	8 66	0 15	11 105
78 34	47 94	40 40	31 96	60 155	46 24	83 164	39 31	79 12	76 189	51 72	85 61	30 65	88 157	25 30	1 34	14 20	18 49	42 35	19 149	27 167	70 145	82 146	72 33	67 197	35 96	71 114	64 183	49 23	63 99	29 110	21 133	4 169	62 105	37 5	74 169	41 43	55 9	7 37	57 35	53 95	2 162	32 193	59 1	84 8	87 24	73 23	11 24	77 64	81 79	69 4	8 60	24 149	86 43	56 180	0 18	13 110	68 33	34 146	58 81	61 57	22 151	9 47	75 79	33 144	26 141	23 1	38 31	44 8	43 67	36 66	66 200	50 33	17 62	54 139	48 1	89 194	65 130	45 163	16 198	52 104	20 137	3 182	6 1	12 83	10 181	15 30	80 26	28 52	5 124
49 136	61 95	44 157	86 119	6 59	37 104	66 49	16 177	38 172	48 149	21 199	33 185	56 18	17 109	58 145	45 96	65 40	7 198	82 155	40 196	47 179	39 48	69 178	68 29	84 132	34 197	2 50	43 32	35 90	10 150	15 14	71 85	72 77	63 164	79 190	52 167	25 165	20 182	75 83	13 138	62 28	41 20	0 56	85 62	60 19	89 85	78 73	12 101	64 156	67 89	18 77	27 30	74 71	83 99	5 57	73 35	51 173	4 198	31 111	53 84	19 158	8 67	42 18	55 146	29 130	28 124	57 178	14 31	24 163	1 160	32 187	87 143	22 33	81 108	80 171	23 77	70 145	30 49	36 23	9 124	3 190	46 24	11 139	76 185	59 111	50 98	26 177	54 48	77 41	88 158
9 33	58 107	25 200	51 102	7 14	78 178	82 78	39 43	21 83	72 122	41 69	8 140	81 131	83 78	42 48	63 41	34 119	59 80	15 111	2 29	46 106	33 6	67 109	75 123	5 38	44 125	62 90	66 8	84 81	79 106	60 82	71 102	70 169	3 184	1 195	30 53	74 169	24 137	40 107	73 164	27 199	36 140	35 149	65 80	4 155	86 191	55 53	57 125	48 57	11 97	49 77	28 53	68 15	14 176	29 97	17 53	20 36	56 93	0 17	54 95	45 13	38 192	18 92	23 178	19 19	50 161	89 123	22 41	76 66	53 2	85 151	37 35	87 38	77 138	31 107	61 200	13 36	12 6	80 103	6 200	16 196	26 124	43 129	10 163	32 87	69 30	52 71	88 143	47 97	64 126
31 169	9 99	4 99	17 144	69 187	7 114	0 128	26 139	55 51	76 52	66 56	36 116	78 140	50 200	46 69	1 152	81 98	75 167	74 126	5 119	39 175	64 16	52 36	89 128	63 61	61 24	43 35	37 89	79 198	53 139	30 141	18 19	44 192	2 40	20 36	25 75	65 109	68 58	84 162	32 173	10 47	13 62	33 173	67 132	45 137	6 100	34 62	19 128	8 48	41 53	85 151	57 82	58 27	11 129	86 154	88 190	62 129	54 189	47 28	72 45	71 169	70 107	12 20	23 141	3 42	80 139	51 139	29 106	15 16	59 26	49 158	87 48	27 200	48 168	35 170	77 80	38 43	24 119	16 87	82 123	73 56	56 117	60 190	14 8	83 164	22 47	21 32	40 152	28 5	42 134
75 4	27 1	32 160	65 142	2 16	79 115	43 167	69 42	26 76	36 108	89 45	37 191	11 95	17 116	51 147	10 137	84 185	56 62	35 122	3 42	40 194	34 93	1 118	0 113	14 175	20 53	71 84	78 183	83 107	54 32	28 169	72 5	21 12	7 31	45 173	63 29	30 37	8 159	68 175	42 140	60 127	59 59	57 145	18 40	29 39	81 132	76 111	41 186	62 39	46 190	85 74	23 121	61 160	44 123	31 8	58 84	38 20	77 22	50 177	39 152	88 2	9 25	66 101	12 44	52 176	16 24	87 91	80 108	67 57	24 5	49 98	55 187	25 173	19 39	64 91	86 103	13 183	5 24	33 51	6 106	48 196	15 84	53 10	73 168	74 181	82 166	70 135	47 64	22 71	4 178
9 19	71 98	28 115	50 61	4 2	1 84	43 46	66 40	72 92	82 132	14 131	49 189	11 87	27 55	52 178	26 91	0 124	73 98	13 86	60 42	88 13	68 128	29 117	63 117	41 67	48 12	34 37	65 179	45 79	81 81	32 61	16 21	31 101	5 21	25 59	20 42	67 85	51 1	35 177	24 45	54 96	84 185	12 132	21 122	2 9	3 179	36 185	18 70	55 75	76 16	58 148	19 114	62 83	57 114	47 75	46 168	86 85	74 17	56 120	83 20	7 76	30 108	15 169	39 4	79 178	17 20	61 26	78 187	42 177	80 64	40 17	23 160	8 180	53 33	64 66	87 94	59 12	22 155	85 15	33 80	89 121	38 29	37 197	6 197	75 142	70 31	10 160	69 72	77 140	44 42
77 143	35 175	62 190	84 87	74 90	16 193	72 168	13 63	37 3	44 68	32 150	52 125	79 195	9 65	67 167	50 67	66 69	1 113	21 157	5 52	51 145	34 175	25 169	45 31	7 125	88 5	0 56	70 61	17 139	24 180	19 197	56 6	27 20	89 191	31 108	29 46	22 99	18 165	68 105	40 94	65 1	43 150	53 69	48 148	6 191	36 116	61 57	30 170	81 179	41 189	2 7	15 164	71 179	54 79	14 127	10 23	42 150	12 140	4 51	26 190	20 155	47 10	75 39	49 182	33 80	86 60	3 113	87 106	55 15	78 66	83 161	8 126	73 154	63 43	76 159	82 170	28 146	80 79	60 66	23 88	39 61	59 186	11 175	64 152	38 18	57 124	58 102	69 97	85 67	46 60
2 6	31 37	70 142	60 84	66 10	12 67	33 94	18 189	85 127	14 152	71 188	26 149	15 153	41 95	59 81	76 110	16 138	82 10	53 41	38 77	10 73	51 181	61 77	48 142	87 12	24 155	25 6	22 100	46 54	0 123	62 99	73 200	37 56	47 2	19 63	49 103	23 99	54 178	50 95	69 67	80 40	44 43	11 159	86 82	21 139	45 46	13 129	4 87	78 126	7 186	1 94	74 21	42 173	32 190	63 118	52 195	5 4	34 94	75 181	65 196	84 150	29 48	20 168	30 17	56 115	67 39	57 133	79 95	9 50	88 114	72 160	43 168	55 109	8 81	81 82	6 36	64 119	77 186	3 74	28 174	58 40	35 61	27 191	89 112	36 85	68 99	39 40	17 11	40 112	83 168
8 23	21 119	24 58	61 153	67 192	20 41	47 162	16 129	32 188	14 71	89 42	73 71	82 70	5 166	36 167	57 194	27 18	81 87	52 112	31 159	43 108	38 150	44 75	69 163	84 150	42 63	55 84	12 175	58 125	30 6	15 187	59 119	53 144	80 62	62 14	71 129	51 31	76 69	34 2	26 53	7 193	86 125	23 58	0 86	79 135	40 89	85 166	65 120	4 127	9 48	3 55	54 183	11 190	77 39	87 98	56 158	74 11	17 12	6 98	10 94	88 55	28 28	70 14	37 78	41 129	29 132	75 194	68 108	2 115	1 110	22 184	63 171	64 187	45 192	25 180	13 21	49 178	48 80	83 109	19 163	18 12	46 106	50 2	39 75	35 181	72 198	60 61	33 193	66 32	78 51
36 129	27 23	16 43	2 182	3 17	30 181	45 191	63 197	33 64	1 139	61 42	67 179	72 17	60 193	88 108	21 25	22 26	5 160	55 143	37 85	50 94	51 190	18 70	80 111	11 97	49 128	34 5	46 151	26 154	17 136	87 78	29 74	13 50	75 179	7 92	89 72	84 154	10 91	14 121	23 194	77 28	44 40	15 154	32 119	65 73	42 46	24 188	6 187	64 140	0 140	52 18	56 138	69 186	47 120	9 28	78 84	28 52	40 192	8 7	71 47	81 77	85 76	12 137	57 99	66 29	38 78	59 179	62 150	76 115	82 132	43 69	58 171	20 156	19 149	25 27	53 67	48 200	83 80	31 60	41 175	70 143	79 145	35 22	86 40	4 51	39 19	54 1	73 196	68 135	74 116
24 33	79 142	37 81	54 66	74 147	34 3	68 142	43 153	61 153	3 96	59 65	58 193	4 151	40 132	73 131	57 182	23 164	25 46	7 93	55 73	9 26	65 41	22 118	71 11	47 102	41 30	86 175	83 78	33 147	38 106	17 6	2 130	56 86	21 132	49 7	26 68	89 96	16 195	5 180	19 2	85 145	81 20	27 189	62 57	84 188	67 141	31 181	77 22	64 74	29 104	28 140	18 11	42 141	87 193	72 44	14 61	80 146	70 109	78 144	51 197	8 197	13 176	32 157	45 117	36 171	6 17	44 162	20 108	52 134	88 165	46 142	66 140	39 197	48 105	11 187	30 136	0 170	60 31	50 47	1 65	10 74	53 67	12 9	75 86	15 101	69 41	82 160	63 181	76 130	35 17
