20	60
40 52	33 56	7 49	2 45	13 55	54 55	25 60	52 51	23 50	49 46	21 49	16 50	27 42	36 54	53 54	38 53	5 42	45 53	4 47	30 46	14 49	42 54	18 48	17 55	41 55	1 55	24 54	26 46	44 51	37 51	3 48	20 56	50 44	19 45	59 61	0 50	55 53	22 50	35 55	34 49	15 41	11 41	58 52	48 54	46 41	32 47	6 48	39 57	9 53	56 57	10 50	43 47	47 57	8 55	12 43	57 56	29 55	28 43	31 44	51 43
5 46	4 44	58 48	57 49	2 56	44 49	46 44	41 57	8 53	53 57	48 58	11 54	17 50	34 57	21 51	15 46	29 58	7 50	56 54	39 50	40 51	36 46	28 49	33 42	32 52	45 47	12 48	1 56	26 50	38 47	20 57	16 58	9 49	13 50	3 48	23 44	30 50	59 52	37 39	54 51	24 45	27 55	42 53	14 39	35 49	43 46	0 45	50 54	22 48	19 48	49 52	10 53	25 56	31 44	51 56	52 51	47 51	18 52	55 52	6 40
35 51	17 50	31 49	16 53	9 40	48 55	30 53	37 49	18 53	21 51	46 43	19 48	1 52	52 48	39 47	11 45	38 57	15 47	58 50	8 53	0 48	44 56	25 50	34 49	51 48	53 52	3 50	41 61	4 58	2 54	42 43	36 49	45 49	6 46	12 53	5 45	29 39	40 38	57 48	27 45	22 53	28 48	33 55	59 50	26 42	54 56	55 47	7 41	24 54	13 55	50 40	23 55	32 51	56 47	43 47	14 58	49 56	47 52	10 50	20 50
55 42	46 54	47 51	5 62	20 43	56 48	27 48	13 51	25 51	10 54	39 50	28 51	22 46	23 45	48 48	15 60	4 42	12 53	53 52	24 47	17 51	52 48	29 54	44 45	7 49	38 56	30 38	33 44	11 38	0 48	31 47	54 43	50 48	14 47	26 48	16 54	2 55	58 50	57 57	34 52	9 48	32 52	59 53	40 48	18 49	6 43	21 48	51 60	19 47	1 56	3 53	41 48	36 49	45 51	8 56	35 44	37 43	42 50	43 60	49 51
7 43	9 55	55 52	4 52	25 44	20 42	34 42	36 53	43 50	3 54	32 50	38 53	17 46	1 44	15 47	40 48	16 47	57 55	50 58	0 48	45 59	27 58	33 50	2 53	56 54	46 53	21 47	59 53	54 46	5 58	12 39	19 52	23 53	31 44	52 49	18 50	37 53	14 49	35 53	22 57	48 51	47 49	26 52	42 43	10 59	6 44	51 53	49 49	44 46	41 54	53 55	28 40	29 46	30 41	13 52	8 50	39 61	24 54	11 45	58 48
38 50	36 49	49 61	20 48	39 55	5 41	1 44	9 44	21 51	10 44	11 47	2 52	13 44	24 45	26 51	40 43	42 53	53 48	37 53	22 52	6 55	25 50	27 38	4 57	7 48	3 54	44 53	29 50	51 40	30 56	50 51	32 45	54 47	28 50	43 52	47 45	35 45	18 49	57 45	17 46	52 51	46 55	33 50	56 43	41 51	34 47	45 46	16 58	59 53	14 52	12 48	48 41	31 41	58 44	15 60	0 54	19 44	55 39	8 53	23 52
9 40	20 54	15 44	38 42	29 53	3 52	1 45	43 48	14 47	19 55	0 45	59 46	56 57	33 43	27 55	48 51	26 49	55 42	18 44	37 49	36 57	4 55	51 58	52 64	6 45	21 47	58 52	39 50	46 46	13 56	5 47	53 51	57 45	11 48	17 45	23 48	31 53	28 55	50 44	30 41	16 46	44 59	42 40	25 54	49 53	45 54	34 47	35 48	54 50	7 49	41 51	32 52	12 54	40 53	47 46	24 57	10 53	8 48	22 50	2 45
44 54	46 43	20 42	25 40	37 60	59 49	33 57	52 50	38 43	18 49	21 44	41 48	8 47	7 39	53 54	32 44	9 51	26 49	31 55	42 53	27 50	36 49	30 52	5 41	0 49	40 40	10 52	29 48	2 54	35 49	58 56	43 47	49 53	13 40	16 45	15 45	55 52	4 54	51 44	50 42	11 46	12 50	3 59	34 45	1 47	6 55	24 45	23 59	54 50	48 49	19 65	47 62	14 45	57 52	22 51	28 52	39 48	45 51	56 55	17 54
38 48	18 52	52 54	28 47	45 50	48 52	22 52	42 44	11 49	13 51	58 47	14 44	37 50	50 48	53 45	43 45	41 44	3 51	2 49	46 49	9 52	44 50	12 48	5 48	20 54	36 46	33 48	16 51	8 44	7 49	27 53	49 56	31 50	10 48	21 52	40 49	25 52	17 53	15 50	1 46	29 44	0 55	34 59	59 53	4 48	23 59	51 52	32 43	39 47	6 52	30 48	47 55	57 50	56 45	26 49	24 61	19 51	55 52	35 46	54 56
49 57	47 45	42 50	12 48	14 55	58 54	7 48	6 50	16 45	0 48	43 53	40 63	26 48	19 48	24 49	39 55	13 54	4 51	56 49	21 49	30 44	27 49	23 52	22 47	15 48	11 49	35 44	32 49	10 57	41 54	2 45	20 41	8 45	45 55	5 47	51 49	33 54	52 46	1 50	3 48	29 50	9 45	34 51	54 47	46 49	28 48	53 54	17 53	50 56	37 54	38 51	31 43	59 47	36 57	57 55	55 54	44 51	48 56	18 46	25 51
31 47	43 47	44 49	49 47	46 53	28 55	51 48	13 46	35 46	36 57	20 55	2 46	18 51	30 58	22 58	4 47	50 48	34 50	12 55	10 53	59 54	48 48	19 50	24 52	55 54	53 55	40 51	39 44	8 54	56 48	27 49	26 48	9 39	15 56	23 53	7 45	1 51	14 52	52 52	17 48	11 56	38 49	16 41	33 54	3 42	29 52	37 51	54 40	0 41	6 50	57 58	41 48	45 40	42 49	25 48	58 55	32 46	5 47	21 54	47 51
5 45	52 53	37 53	54 50	28 59	20 53	48 50	31 54	34 55	14 55	9 54	10 49	35 57	8 38	50 44	41 53	11 50	3 49	44 43	53 53	47 50	42 50	26 46	43 57	33 52	21 49	38 44	56 50	55 51	15 45	27 50	7 49	12 56	58 46	16 54	24 49	25 47	19 43	39 52	17 45	0 48	57 47	1 52	4 47	30 48	18 66	32 53	23 45	29 50	2 51	13 47	59 52	22 43	6 49	51 50	40 53	46 52	49 59	36 55	45 52
47 43	40 48	24 49	11 55	49 54	29 40	23 56	42 42	46 37	55 43	25 46	9 59	38 53	21 46	15 53	58 59	6 53	16 48	37 49	20 46	28 53	36 48	48 52	3 49	7 47	32 46	8 56	13 55	44 51	18 37	41 49	12 56	17 45	30 47	19 48	10 46	2 47	54 45	56 51	59 49	31 45	57 47	5 52	33 53	51 48	1 52	22 52	26 49	45 59	27 47	0 56	52 47	43 44	14 52	50 49	53 42	34 60	39 54	4 51	35 50
29 51	37 51	4 47	0 46	34 53	11 53	24 41	45 51	32 56	39 54	38 46	54 47	1 39	56 54	57 48	51 49	52 57	30 48	23 53	47 52	49 56	6 46	22 48	19 47	50 49	25 50	20 56	46 53	8 46	14 53	35 49	59 49	16 49	3 49	31 64	36 57	42 45	5 39	41 51	7 40	44 48	10 40	55 48	12 49	33 49	17 48	2 58	21 51	43 44	27 41	53 45	40 55	28 55	13 59	18 42	26 55	9 43	48 54	15 49	58 49
33 61	40 54	0 44	10 53	31 57	11 58	56 48	32 49	38 56	41 49	8 51	37 56	2 52	7 52	17 52	59 55	43 56	30 51	42 53	28 46	9 49	48 52	12 41	49 51	13 53	50 51	57 50	21 49	58 54	5 52	29 48	47 53	51 54	22 61	39 42	36 48	16 43	35 51	15 56	19 55	6 41	14 55	34 54	26 51	52 43	44 55	20 45	46 55	23 42	4 50	25 49	54 50	45 44	55 53	1 48	27 55	18 51	24 42	3 48	53 61
15 47	45 44	17 42	46 53	11 54	21 49	38 43	22 50	51 51	49 51	3 51	8 47	2 51	50 53	26 45	13 52	59 39	53 53	20 49	0 51	28 48	16 44	23 60	48 55	14 40	19 46	42 54	32 50	43 48	39 51	47 41	29 41	1 48	6 59	55 46	56 46	33 53	37 51	40 53	9 47	10 50	30 47	31 54	12 49	57 53	5 51	41 54	52 43	54 52	24 48	18 51	58 47	25 44	7 61	44 39	36 53	4 48	35 47	27 48	34 52
5 54	12 54	51 53	48 49	57 59	59 55	21 50	2 54	35 57	17 59	22 47	34 44	19 49	16 47	40 56	54 60	37 48	27 47	4 55	42 47	10 51	20 42	39 53	36 49	0 46	6 44	23 57	13 46	28 52	3 54	26 59	41 55	58 49	47 50	38 48	14 43	55 51	9 52	1 58	56 52	53 46	50 54	32 65	29 49	52 39	15 48	24 48	25 42	31 46	18 48	33 44	7 53	44 45	11 46	8 51	43 52	49 57	30 43	45 48	46 61
41 53	5 49	3 55	26 50	39 44	49 45	45 56	55 38	59 53	52 45	40 44	43 44	7 55	19 55	22 59	56 52	29 45	54 56	34 50	37 43	48 52	33 56	17 51	35 46	11 48	8 56	57 52	50 42	28 50	1 45	6 52	38 43	27 59	9 45	23 47	47 49	15 48	53 49	4 51	14 43	58 50	2 47	0 49	25 54	36 51	42 47	21 56	31 52	46 42	16 46	24 53	44 48	32 53	20 51	13 50	12 56	18 51	30 46	10 46	51 54
40 45	28 52	32 47	22 47	31 53	44 57	39 49	11 47	34 54	5 50	12 48	42 45	53 51	51 47	16 51	37 47	38 39	27 57	13 52	8 54	36 44	9 52	58 47	0 52	29 51	21 48	55 52	24 46	10 49	17 60	1 49	25 46	49 50	30 49	50 59	48 46	46 42	47 49	56 51	2 45	4 54	33 40	52 53	7 47	14 52	43 50	15 46	6 52	23 48	3 46	19 47	35 60	57 48	59 49	45 56	18 46	54 48	20 53	41 60	26 49
5 46	38 45	50 45	46 48	54 43	34 54	30 48	28 53	36 44	7 62	44 51	10 45	15 43	49 57	42 44	22 47	33 54	56 57	41 53	26 50	40 47	9 52	51 49	12 53	58 52	39 43	1 55	43 50	19 57	6 56	55 52	35 49	25 43	48 41	57 50	21 60	53 55	24 55	23 41	11 48	13 49	14 58	27 58	37 47	8 52	45 55	17 49	20 37	59 55	31 50	32 57	0 54	52 49	4 44	16 49	47 52	3 47	18 46	2 47	29 55
