40	10
4 52	0 53	1 51	7 60	2 52	9 50	8 54	5 49	6 65	3 48
2 46	9 52	8 51	5 50	0 49	3 52	4 53	6 50	1 56	7 48
9 49	8 45	0 49	6 46	3 55	4 45	2 56	1 47	7 52	5 50
0 52	8 46	2 49	6 46	5 52	4 48	3 57	1 48	7 46	9 54
3 50	6 49	9 56	2 47	8 42	0 55	7 54	4 58	5 43	1 46
2 50	7 47	0 46	5 53	1 54	6 50	9 45	4 51	8 52	3 48
6 51	3 42	8 51	1 49	4 61	9 48	0 49	7 49	5 55	2 54
1 49	4 48	9 52	2 47	3 48	7 46	0 58	8 42	5 46	6 39
1 41	3 46	0 46	6 46	7 43	9 42	5 56	8 48	4 63	2 53
4 54	6 47	9 46	3 42	2 48	7 47	0 55	1 55	8 52	5 50
0 50	4 46	8 52	5 57	7 57	9 42	2 53	3 38	6 45	1 60
2 45	0 50	1 50	8 57	7 46	3 58	4 47	6 42	5 55	9 55
6 48	0 55	5 53	4 45	3 51	7 53	9 43	2 45	1 39	8 56
3 51	6 51	4 49	5 49	8 50	0 55	9 45	7 56	2 47	1 44
5 45	7 50	0 45	8 44	2 47	3 48	1 57	9 55	4 51	6 41
0 56	5 47	7 47	2 47	9 55	6 49	3 49	4 48	8 47	1 43
7 55	9 50	3 44	6 59	0 54	5 51	4 47	2 47	1 39	8 44
2 50	7 53	0 44	1 58	5 47	4 54	9 47	8 56	6 50	3 56
1 61	6 44	2 53	9 50	8 51	5 49	0 46	7 49	3 55	4 50
2 51	3 52	1 52	4 41	8 43	0 54	7 43	5 51	9 49	6 53
1 52	3 49	2 58	7 53	5 53	8 50	6 47	9 49	4 55	0 50
6 47	4 45	8 57	7 59	3 42	0 44	9 50	2 53	1 58	5 53
0 50	7 52	4 50	8 41	5 46	1 47	3 46	6 52	9 52	2 50
5 47	1 54	2 56	7 49	0 47	3 65	4 56	6 43	9 41	8 51
1 42	2 51	5 44	9 57	7 49	4 48	3 48	0 44	6 56	8 51
2 44	4 51	9 50	8 53	0 53	1 56	6 49	3 51	7 43	5 44
2 53	9 49	3 52	0 55	6 51	5 51	8 55	7 46	4 58	1 46
0 47	8 49	9 46	2 56	4 56	6 45	5 48	3 52	7 50	1 49
7 40	9 34	1 54	8 52	0 51	3 45	6 41	4 48	2 56	5 54
8 51	6 47	1 51	7 52	2 51	3 44	4 49	5 49	9 48	0 50
1 44	5 49	9 43	3 51	8 54	7 50	6 59	0 43	4 41	2 51
0 46	7 51	4 48	6 42	8 46	9 49	1 56	2 48	3 49	5 48
5 43	7 54	6 50	8 50	1 54	4 52	3 53	2 54	0 36	9 50
9 53	8 46	4 48	2 62	3 50	5 43	7 54	1 57	6 48	0 48
2 49	0 47	8 54	7 64	9 55	5 57	1 52	6 50	3 40	4 46
3 47	6 51	2 58	8 44	0 58	7 46	5 50	9 46	4 58	1 45
3 56	4 47	1 51	5 52	9 55	2 50	8 51	0 39	7 46	6 52
6 50	0 44	7 47	9 55	8 48	5 50	4 49	3 47	1 44	2 50
4 53	8 50	6 53	7 41	3 56	2 46	1 48	0 51	5 50	9 43
1 47	5 41	4 46	9 54	6 53	0 48	2 45	3 48	8 50	7 55
