30	10
7 3	9 163	0 141	3 65	4 103	2 10	1 183	6 121	8 47	5 63
0 197	9 156	1 142	6 81	8 165	2 83	7 71	4 127	5 107	3 191
6 97	1 71	0 83	7 177	3 94	4 93	9 143	2 165	8 15	5 120
8 143	1 55	5 74	0 38	3 51	9 104	6 130	2 69	4 103	7 11
2 5	3 52	4 12	5 184	9 26	8 110	1 117	7 168	6 113	0 9
2 52	5 121	6 74	8 124	3 45	1 73	7 197	0 156	4 40	9 29
0 41	5 160	6 141	4 128	3 106	1 186	2 50	8 116	9 59	7 143
6 91	9 133	7 107	4 57	0 200	5 20	8 63	3 182	2 166	1 66
7 55	5 44	1 111	3 175	6 27	8 123	4 45	2 114	9 86	0 18
4 185	3 162	9 107	5 200	0 89	6 39	1 50	2 11	7 154	8 152
8 114	9 118	4 81	0 68	7 109	5 48	1 68	2 38	3 175	6 109
7 140	6 129	9 183	4 47	3 113	5 91	8 7	2 155	0 142	1 131
3 154	9 37	6 177	8 61	4 186	1 146	7 105	5 15	0 171	2 42
5 86	2 26	4 148	9 35	8 49	1 99	0 146	6 60	3 28	7 76
9 135	6 138	1 34	5 198	0 163	3 63	4 97	8 56	2 35	7 77
3 100	0 67	1 154	9 118	2 65	4 7	8 14	7 69	5 183	6 28
8 34	9 185	7 198	2 81	1 173	4 192	6 98	5 83	3 25	0 101
8 200	7 156	9 102	1 15	2 138	0 119	4 169	3 166	5 7	6 22
0 41	8 121	4 43	6 56	2 120	5 63	3 7	7 82	9 115	1 180
9 46	3 198	8 135	1 12	2 54	4 190	6 59	7 9	0 144	5 29
4 162	6 22	1 195	2 35	7 23	0 146	9 63	3 59	8 57	5 142
0 165	8 43	2 187	9 169	1 174	3 159	5 107	4 140	7 75	6 90
9 157	3 104	7 99	4 157	2 141	5 63	1 183	6 198	0 8	8 79
3 140	7 43	5 19	6 9	0 166	9 83	4 161	1 58	8 123	2 114
3 134	6 97	0 40	2 128	5 48	4 180	9 9	7 198	1 36	8 80
1 160	2 193	3 7	6 190	4 31	5 182	0 80	8 62	7 147	9 145
6 107	2 200	9 34	8 122	5 24	1 109	7 25	4 80	0 124	3 150
1 200	3 199	0 105	8 31	6 112	5 57	7 154	9 119	4 175	2 163
9 52	6 124	2 153	4 112	7 184	1 7	8 123	3 57	5 34	0 2
4 70	5 187	8 75	9 150	2 58	3 62	7 126	1 127	0 171	6 20
