40	70
54 54	30 46	44 51	2 49	52 49	6 46	43 51	62 51	15 52	4 51	14 53	13 39	45 59	10 47	18 51	66 49	46 46	57 48	37 42	59 42	3 50	24 65	26 51	39 46	38 61	35 54	11 60	63 51	1 48	36 49	8 60	68 45	47 49	12 52	22 57	20 53	23 54	55 43	67 45	56 45	50 53	41 50	29 55	0 44	9 49	17 53	61 47	27 55	19 51	5 50	31 52	48 51	51 41	28 63	34 47	65 46	16 56	49 51	40 55	42 48	33 59	60 51	58 56	69 47	7 59	21 53	32 53	25 53	53 51	64 56
24 45	28 46	54 51	0 53	1 53	69 49	51 48	10 51	6 57	38 46	46 47	5 52	62 58	41 47	32 50	50 53	44 46	39 45	66 43	20 40	68 59	56 49	12 49	65 49	23 43	34 50	61 47	55 53	11 52	49 53	25 58	64 45	16 52	47 50	40 46	4 59	59 55	45 40	52 49	48 54	29 52	26 45	30 55	22 47	15 53	31 56	36 44	33 41	60 42	18 44	19 43	37 52	17 46	67 53	21 47	57 53	27 50	14 43	8 52	3 45	2 50	53 51	7 60	35 53	63 51	9 46	43 47	13 48	58 55	42 51
9 45	55 46	21 56	11 49	56 53	13 50	5 54	50 50	39 46	51 51	65 51	0 41	47 49	67 52	4 50	62 51	12 46	46 44	36 55	44 53	25 51	58 37	34 53	27 48	48 54	31 54	10 50	30 47	7 57	60 51	53 41	41 56	57 54	28 42	66 46	29 45	63 61	54 50	8 50	68 49	64 53	61 46	42 42	38 42	17 53	33 53	37 53	32 52	26 59	22 52	14 48	18 52	3 50	40 49	23 56	2 49	52 61	1 47	69 51	35 49	16 59	24 53	19 60	43 50	15 48	59 48	20 44	6 44	45 55	49 53
55 58	45 60	30 46	41 49	27 55	2 53	11 51	13 48	24 47	32 52	20 40	19 54	68 47	36 49	10 48	40 52	48 48	66 50	23 49	57 56	38 52	3 51	47 49	18 54	31 43	25 48	54 51	1 55	61 53	14 58	37 45	4 50	6 54	50 51	39 52	26 52	22 48	7 48	62 60	46 47	67 53	34 52	58 52	12 50	69 54	5 56	56 48	43 44	9 53	33 50	17 50	64 47	29 45	63 47	60 56	65 58	35 55	21 49	15 55	28 51	52 44	42 49	44 42	49 35	51 43	59 53	53 53	8 47	0 57	16 43
45 55	2 45	66 55	6 48	57 54	37 49	55 42	26 48	42 50	63 58	54 52	18 58	27 52	10 48	58 41	17 47	16 61	64 51	38 47	36 47	46 47	20 42	59 52	15 51	23 44	7 48	30 49	21 43	24 52	43 53	4 44	19 52	51 51	53 54	48 48	35 54	39 50	14 61	28 56	1 49	67 51	5 57	40 55	32 45	52 56	62 44	60 51	29 47	65 56	9 41	49 47	25 60	0 55	44 55	12 54	22 49	41 42	69 50	61 51	31 47	34 49	33 49	8 48	47 49	13 49	56 45	11 46	50 49	3 49	68 57
50 46	58 57	37 52	3 51	42 47	44 44	11 45	1 50	59 42	26 48	7 51	47 48	57 54	65 49	49 44	18 57	23 49	28 53	5 52	14 47	41 56	24 53	55 48	25 50	64 46	36 50	61 51	46 48	10 45	30 53	2 61	0 58	67 50	35 48	34 55	45 56	17 54	6 48	31 50	48 48	16 51	33 59	22 49	66 41	21 45	51 49	8 46	43 58	56 55	62 54	39 58	13 51	40 49	32 50	38 48	12 50	20 57	4 51	68 60	15 59	60 50	52 53	69 52	9 48	27 48	63 51	19 52	54 54	53 46	29 53
27 55	14 54	36 49	63 53	2 50	18 49	3 45	39 48	4 42	33 36	51 51	7 68	56 45	21 53	0 47	65 43	54 55	5 43	37 41	16 46	20 54	53 51	8 49	61 51	22 44	30 48	64 50	59 54	12 56	60 55	40 52	6 48	46 53	35 52	57 41	68 43	49 40	43 55	32 55	11 42	62 50	29 45	55 53	42 64	19 52	69 38	15 52	41 52	66 57	10 50	25 48	50 46	34 52	44 55	28 51	26 52	58 54	45 49	23 46	47 56	52 54	38 48	24 52	67 55	31 42	1 52	48 50	17 49	13 54	9 56
16 53	45 51	15 50	17 55	42 45	38 52	44 41	56 50	4 47	43 50	66 46	18 54	55 49	33 52	60 45	69 52	62 49	32 47	19 46	39 51	48 47	54 41	65 50	34 36	9 54	23 52	3 42	21 50	12 51	59 54	25 49	7 52	36 46	50 46	68 47	31 56	24 45	46 46	20 46	29 46	40 43	64 51	53 42	49 49	57 42	11 45	47 57	28 53	22 52	41 55	13 55	27 51	58 57	52 47	37 49	61 45	67 52	30 56	5 51	2 42	6 57	51 44	8 49	0 51	14 52	35 58	26 49	10 37	1 47	63 49
39 49	67 55	34 44	60 53	48 47	22 47	56 63	17 50	57 49	40 44	12 52	20 62	59 47	68 51	53 58	6 43	50 49	21 51	15 48	54 53	16 48	64 52	49 40	45 47	9 51	46 52	62 50	63 45	26 46	4 51	31 54	61 45	0 45	30 48	69 49	58 47	55 50	29 48	11 59	33 38	14 48	24 53	19 52	1 48	66 51	32 53	13 48	65 57	44 53	43 51	38 50	18 35	27 49	8 54	41 51	7 51	5 53	42 53	3 52	37 53	36 49	35 53	25 49	28 54	52 56	23 50	47 55	10 55	51 45	2 54
15 48	58 46	9 43	39 47	54 41	24 53	23 45	62 48	57 50	1 58	27 51	10 40	2 48	63 54	0 49	50 47	17 47	55 54	7 41	52 45	18 45	41 44	25 40	35 48	65 54	37 54	68 52	16 50	46 50	28 50	32 55	51 59	66 47	48 41	69 44	30 39	67 46	61 56	36 58	42 45	6 47	14 47	60 43	22 53	12 53	44 50	56 46	20 53	43 53	26 57	21 49	34 52	49 44	4 52	33 54	29 49	53 64	8 51	11 57	38 50	40 54	45 43	31 45	13 55	47 62	64 42	19 50	3 56	5 52	59 52
69 46	23 52	57 57	60 51	55 54	29 48	40 46	38 45	44 50	11 51	26 48	54 43	4 63	25 33	61 51	36 54	10 49	41 52	65 47	59 52	53 61	35 47	17 45	51 48	56 40	16 54	1 52	18 49	15 45	31 55	47 56	48 46	50 53	37 52	68 47	64 48	33 48	20 55	9 57	0 55	62 55	42 51	32 54	63 43	7 46	45 52	13 50	43 44	34 57	30 42	6 50	27 51	3 57	52 49	8 47	46 44	58 49	14 51	66 53	21 58	28 50	2 48	22 39	12 45	24 52	49 45	39 44	67 50	5 45	19 47
30 51	3 59	38 53	57 51	63 52	5 52	23 46	4 46	42 56	44 41	33 62	54 59	14 45	21 52	8 45	62 46	47 48	53 44	18 58	29 51	51 51	50 48	27 64	1 53	35 56	12 48	65 48	69 57	28 48	67 38	7 41	40 55	6 40	15 58	49 51	34 50	60 46	0 54	20 51	22 43	26 45	9 37	32 44	59 43	16 56	25 40	39 50	37 47	68 58	24 51	52 49	48 52	43 56	61 55	64 53	56 59	31 46	46 58	55 52	17 46	36 50	2 49	66 49	41 54	19 51	45 47	11 48	58 51	13 52	10 41
14 52	68 47	43 41	42 50	48 54	28 41	17 51	35 54	54 55	5 49	58 44	23 45	46 53	51 50	47 48	38 55	55 58	3 56	10 52	40 57	61 50	63 47	13 52	53 61	4 49	32 56	56 56	24 61	50 61	60 54	69 46	26 51	64 52	30 58	33 55	1 55	34 47	39 54	41 56	37 50	52 50	59 49	11 54	2 51	29 55	18 51	9 44	21 57	6 51	62 48	7 48	27 47	22 55	0 50	45 44	66 45	36 54	20 52	49 56	8 49	16 52	65 53	12 50	19 53	57 50	15 41	31 49	67 41	25 47	44 51
68 50	38 41	20 44	48 43	62 45	21 53	27 58	23 43	54 52	17 52	2 48	56 49	42 45	34 53	14 47	13 54	40 44	15 54	52 54	26 50	36 46	50 45	57 55	9 50	53 50	32 58	59 51	47 57	8 50	29 54	16 45	51 53	6 50	1 45	64 53	28 48	60 51	4 44	46 56	0 55	66 54	11 47	55 57	65 49	12 51	19 55	24 54	69 47	35 50	25 55	61 52	44 46	43 54	58 45	30 55	45 45	10 45	7 51	49 48	18 53	41 51	33 49	31 51	22 57	67 48	39 56	5 52	37 48	3 48	63 55
47 62	41 56	53 54	64 54	17 52	69 44	18 49	66 52	57 53	67 50	25 56	49 50	50 57	10 48	3 55	48 46	26 41	5 49	9 43	60 52	35 38	61 42	20 53	11 54	55 60	38 51	23 45	63 51	15 46	37 46	22 53	44 55	40 53	12 45	62 46	16 44	6 54	30 53	42 53	32 60	36 51	39 54	65 48	19 47	58 54	31 53	28 39	4 52	59 56	43 46	1 47	52 55	2 45	33 46	51 46	8 58	68 59	56 46	34 53	24 52	21 45	13 51	45 53	54 51	7 50	14 56	29 52	46 52	0 47	27 58
42 55	31 50	64 51	48 48	13 54	63 51	33 48	9 47	32 47	37 45	7 49	68 56	46 53	29 54	59 53	14 46	28 53	62 52	57 48	61 45	44 47	17 59	65 44	55 53	58 45	67 58	35 53	56 38	15 44	2 45	4 53	49 44	50 46	18 50	16 59	41 52	45 45	54 53	5 48	27 60	53 42	8 47	23 52	66 51	3 59	51 49	19 50	0 49	52 43	26 51	30 53	38 49	34 45	6 48	11 44	39 50	69 50	1 54	22 53	24 48	47 46	21 58	10 48	60 51	36 50	40 46	12 56	20 47	43 52	25 56
40 46	9 49	53 52	0 42	1 49	57 50	46 45	41 53	11 54	23 52	18 42	51 48	69 48	16 45	13 46	24 46	19 44	50 48	43 47	33 51	28 47	49 50	64 53	2 47	10 45	42 49	60 61	35 40	14 54	52 50	54 43	63 48	22 45	26 49	12 52	25 42	44 43	6 54	62 48	5 40	29 56	31 46	67 51	32 48	34 56	55 45	36 48	4 53	48 55	30 47	68 48	39 52	21 52	58 48	37 58	61 45	66 41	65 50	45 50	8 51	38 50	7 52	56 40	59 54	47 44	20 47	15 59	17 53	27 53	3 52
24 56	26 59	61 51	21 43	7 51	20 54	45 46	38 47	3 43	59 53	68 44	42 52	27 44	1 54	13 42	39 50	8 42	10 48	11 55	69 47	50 49	56 52	16 56	46 51	41 48	53 46	66 55	51 57	44 47	60 46	9 59	67 56	35 57	57 49	12 55	22 49	5 55	25 54	33 44	23 53	40 47	55 56	29 46	58 55	63 40	30 53	64 53	43 49	36 52	18 51	37 50	34 44	47 54	4 44	52 51	15 51	65 61	2 48	19 48	6 52	48 57	49 48	28 48	0 49	54 50	31 49	32 50	14 49	62 53	17 62
8 63	66 35	57 55	1 40	59 45	22 62	56 54	2 51	36 53	28 53	10 51	65 45	62 52	60 50	9 49	27 50	61 50	43 49	13 47	16 51	45 45	29 47	46 52	26 40	64 46	23 49	44 54	14 55	25 49	4 49	69 49	31 38	3 45	67 43	35 55	54 44	11 43	17 53	34 52	37 49	55 47	51 56	49 45	5 52	68 52	33 49	7 49	53 51	40 51	58 49	38 46	47 61	24 49	41 40	12 51	48 54	30 54	6 58	50 46	63 56	18 46	39 47	21 44	32 50	0 57	19 46	42 49	52 45	20 45	15 47
56 50	48 52	25 45	17 53	30 46	41 53	11 49	1 51	4 52	62 53	6 57	53 50	31 48	67 46	43 44	52 44	57 44	69 53	3 48	24 47	46 50	18 56	22 49	36 55	45 53	37 46	68 43	38 50	14 53	42 54	66 48	29 50	20 51	64 57	59 61	51 41	7 46	2 49	60 43	63 42	49 48	54 60	58 58	28 55	8 54	15 54	21 44	47 50	55 47	39 51	23 45	32 44	19 46	61 49	10 43	0 48	65 51	33 43	27 46	26 56	50 51	34 41	12 54	16 51	13 59	5 41	35 45	40 46	44 45	9 51
28 54	60 44	41 46	51 46	25 46	65 55	45 47	15 48	49 51	34 48	30 46	7 47	31 45	17 47	9 61	46 56	58 53	55 53	53 38	13 50	14 52	66 49	11 57	20 44	3 41	43 56	40 50	23 52	69 56	48 60	16 45	19 44	57 44	4 46	67 49	39 45	21 57	6 46	18 54	56 49	59 59	33 48	1 52	54 49	44 49	10 50	32 56	35 53	22 54	2 52	62 46	64 52	12 53	8 52	24 54	47 53	38 42	27 55	37 50	29 41	0 61	68 51	50 45	61 57	52 51	5 44	42 48	36 47	26 51	63 57
66 52	69 50	40 48	4 51	51 41	50 46	15 53	49 49	22 50	52 42	65 52	56 46	48 57	35 41	1 51	28 44	17 52	62 49	13 52	9 50	45 56	14 62	31 54	24 49	3 47	21 46	55 44	57 52	12 52	47 53	20 47	46 53	29 51	64 45	11 50	33 42	63 45	54 48	19 56	8 56	68 46	32 47	10 49	36 56	18 48	6 55	38 55	0 51	44 42	7 52	16 48	53 47	25 59	43 51	58 45	59 60	30 52	23 53	34 44	27 47	5 52	26 52	42 57	37 50	41 46	67 57	61 48	60 54	2 48	39 52
52 46	24 55	49 44	16 53	23 43	7 45	3 48	28 50	10 42	34 53	45 44	14 51	37 54	59 47	21 42	38 46	5 45	56 49	64 48	48 43	42 52	4 42	43 52	44 52	62 54	58 49	20 49	36 46	66 48	29 55	18 49	26 48	8 39	61 43	60 55	47 39	50 55	27 41	67 57	1 50	57 47	40 51	0 58	25 47	2 58	54 51	9 55	15 47	46 47	53 63	13 53	65 45	68 53	69 51	55 51	39 51	32 45	33 49	17 55	51 43	41 47	11 45	35 57	12 41	63 49	6 49	30 47	19 46	22 46	31 55
23 42	59 51	3 58	49 59	50 49	4 46	46 57	48 46	12 47	34 48	22 53	56 56	65 57	16 51	13 51	42 46	53 53	58 46	11 48	25 46	8 51	32 51	6 49	19 45	2 50	38 44	55 56	63 42	7 54	54 55	66 47	27 50	14 47	41 53	26 48	5 51	44 48	15 46	62 51	37 56	0 57	68 63	39 54	61 53	28 56	29 55	18 42	21 48	1 40	33 43	52 49	30 54	45 41	57 50	24 41	69 36	51 58	17 44	47 48	35 54	9 53	10 40	64 51	20 50	36 49	31 54	60 50	67 41	40 51	43 46
50 49	69 49	63 41	24 42	19 49	55 46	57 51	6 45	34 52	48 41	18 47	5 47	28 50	3 53	16 46	35 55	22 51	4 49	27 44	62 47	9 57	0 48	32 56	20 44	53 49	47 53	17 53	1 50	29 46	56 54	2 49	43 43	14 45	61 48	21 52	54 55	64 48	45 47	15 58	26 55	42 43	67 56	13 47	59 42	58 47	12 51	10 47	49 53	41 52	11 46	30 51	46 49	38 50	8 47	39 55	52 57	36 48	44 59	40 51	23 56	51 51	25 64	31 52	66 41	33 47	60 46	37 46	65 48	68 48	7 56
66 43	11 43	43 54	56 47	38 49	62 43	67 53	8 50	22 46	19 51	49 49	32 55	28 55	50 44	44 53	60 42	58 48	41 48	40 51	14 54	3 46	5 60	48 44	29 48	30 42	33 49	57 46	53 53	15 49	2 50	51 54	1 52	17 35	65 49	31 51	64 37	6 47	63 59	46 58	13 47	12 47	9 53	10 43	25 59	61 54	21 48	16 56	55 58	34 52	52 54	45 43	23 41	36 50	26 55	54 48	7 50	20 49	0 52	27 44	59 52	18 55	4 40	68 55	24 54	47 50	69 43	39 43	42 39	37 53	35 42
13 48	27 52	7 41	52 47	38 56	42 52	2 50	61 44	46 50	14 43	5 49	8 48	41 49	12 60	55 43	53 49	4 46	45 55	65 49	47 43	1 48	64 51	63 48	31 47	57 54	44 41	66 56	30 50	34 56	59 48	16 50	37 45	49 47	51 49	22 47	56 46	21 49	50 55	40 46	67 50	28 52	15 45	17 51	54 51	26 46	10 60	24 47	6 41	39 49	62 57	35 52	58 49	0 49	43 49	9 49	32 52	60 54	23 50	29 45	33 50	69 51	20 50	68 65	36 45	19 57	18 60	48 55	3 48	11 46	25 54
3 52	43 46	26 54	48 47	55 44	31 53	13 51	20 48	12 46	44 47	21 47	27 51	23 55	6 58	46 51	15 46	11 46	51 53	41 52	57 51	30 47	33 53	4 58	38 57	24 54	67 53	29 53	63 40	40 47	0 51	35 47	56 43	37 50	8 44	65 51	19 50	1 51	60 41	39 50	69 48	7 57	2 52	36 48	42 50	61 49	25 62	34 60	9 57	18 58	47 57	59 50	17 52	68 55	10 55	52 58	64 48	62 55	54 48	50 36	58 57	28 57	49 44	45 47	16 45	66 47	5 43	32 50	14 56	22 48	53 63
19 42	41 52	43 53	29 52	67 50	27 44	13 51	63 57	28 55	5 52	17 50	23 51	42 44	15 52	38 56	53 49	22 61	34 43	69 48	37 48	6 50	3 53	57 54	7 57	18 55	66 43	55 52	33 46	47 52	11 48	9 39	25 44	50 54	62 52	36 49	60 51	51 53	21 43	54 55	48 46	65 52	14 50	59 52	26 47	44 49	16 54	20 48	61 39	45 40	30 43	68 48	31 54	64 51	0 45	12 49	56 59	2 56	35 43	24 49	40 50	49 47	4 48	10 48	58 42	46 47	39 58	8 49	52 47	1 53	32 46
7 54	40 43	46 48	6 37	57 48	11 50	47 52	62 48	43 55	22 62	42 54	1 40	52 52	44 56	63 47	56 47	0 45	27 57	21 42	4 46	37 59	16 50	39 55	35 46	34 50	17 53	54 45	61 49	29 53	12 51	30 52	10 55	24 51	67 42	31 47	36 51	25 48	26 46	13 46	65 46	58 46	53 49	3 51	32 42	23 49	9 50	41 46	55 43	20 54	15 46	66 48	2 52	68 54	60 57	38 46	59 48	48 52	64 53	18 49	14 51	5 44	8 46	50 57	45 44	28 55	33 46	51 52	19 57	69 56	49 42
32 51	4 55	42 42	68 57	60 51	28 51	59 46	29 60	43 57	12 57	21 51	14 55	17 54	16 58	40 46	49 50	34 52	62 45	53 51	66 58	6 52	11 53	44 40	37 45	3 50	47 48	7 54	31 50	50 45	15 44	23 47	0 46	48 54	56 50	24 52	55 47	26 47	13 55	41 49	20 52	63 55	5 47	19 51	39 51	8 56	38 49	58 43	52 53	2 52	9 56	45 58	57 44	46 43	18 45	65 52	30 64	33 48	69 54	51 41	22 50	64 48	27 57	10 46	67 54	25 51	36 50	35 50	61 48	1 52	54 43
43 49	50 50	60 45	36 47	51 47	22 52	10 56	64 57	68 50	40 49	47 51	45 51	9 57	20 54	11 51	62 53	41 55	33 57	18 57	30 60	1 53	17 55	42 48	26 46	55 48	59 61	57 54	67 48	27 55	46 47	6 51	3 53	25 49	19 50	23 52	38 49	2 58	56 43	16 46	7 51	49 60	63 51	53 47	52 52	5 47	48 49	54 47	31 55	12 51	69 52	15 51	39 51	8 54	29 56	28 41	21 53	14 42	44 53	4 49	32 50	24 51	0 50	58 50	61 44	13 53	35 47	66 44	34 50	65 51	37 48
67 50	66 54	39 51	1 54	65 37	36 47	17 58	2 52	26 45	29 47	42 54	57 44	34 52	54 53	9 56	35 45	20 56	8 51	44 60	5 53	37 43	24 48	23 57	50 50	55 38	16 47	58 50	12 51	27 47	64 49	63 55	49 49	14 43	32 50	53 50	41 47	48 47	61 44	45 53	40 50	30 48	10 57	4 58	18 51	7 53	22 46	46 48	59 49	31 48	60 47	6 46	51 48	62 43	38 49	43 42	0 53	13 48	56 48	19 45	68 41	47 51	33 46	69 48	25 48	15 42	52 50	11 49	3 47	28 55	21 44
35 50	41 47	53 53	22 50	40 44	54 48	2 46	16 54	7 46	61 47	48 46	38 46	19 52	34 57	62 55	69 50	1 55	28 51	67 48	60 42	21 44	8 58	45 49	65 44	32 49	29 41	26 45	31 49	3 50	6 46	14 55	23 48	64 53	25 53	37 49	4 52	5 49	33 53	15 49	59 51	50 48	11 60	56 52	13 50	66 52	46 49	63 51	30 51	27 43	18 48	43 44	36 49	51 50	57 48	44 56	0 46	9 47	10 52	17 47	49 52	47 51	12 60	42 51	39 61	55 48	24 49	58 57	68 47	20 48	52 48
32 60	29 42	42 45	57 43	33 46	69 55	38 54	36 50	65 46	2 51	50 47	10 53	28 43	40 56	1 41	41 50	16 55	63 44	52 45	55 44	64 50	59 44	15 60	61 51	25 44	0 51	27 46	39 48	44 54	37 40	22 54	53 55	43 55	56 53	68 50	7 45	24 51	6 54	47 50	9 50	34 50	54 61	60 42	58 46	26 54	18 58	21 58	11 44	51 47	23 49	19 49	20 37	31 46	35 58	67 48	49 49	8 43	4 46	46 51	13 42	14 43	5 59	17 49	45 56	48 51	66 46	30 45	62 52	3 44	12 44
57 54	25 52	68 53	22 59	23 48	56 59	19 51	24 52	40 44	67 50	8 58	26 53	28 54	37 58	16 55	41 52	58 48	61 47	43 48	20 47	60 47	2 52	15 59	45 49	36 43	21 55	42 54	64 46	18 55	38 51	62 54	69 46	7 50	13 46	63 43	49 45	4 55	10 52	48 53	0 50	51 56	46 45	65 42	55 45	30 56	27 46	17 50	9 47	39 54	14 51	52 57	34 54	29 61	5 44	44 59	47 53	33 46	11 44	12 56	32 44	3 56	35 48	31 52	50 56	66 56	1 56	53 53	54 39	59 58	6 57
1 47	68 45	31 48	51 55	60 51	59 48	39 49	50 47	19 57	28 46	56 44	30 54	24 61	43 51	10 57	42 59	25 50	64 55	18 60	40 56	3 46	67 48	53 44	36 47	52 49	33 53	21 49	9 51	55 55	41 50	32 56	8 51	13 44	49 55	23 51	62 46	61 50	5 42	34 50	15 51	6 51	29 51	14 58	35 43	26 52	69 45	37 47	12 57	2 50	7 56	63 50	11 50	58 54	20 56	47 54	38 48	0 55	66 53	4 52	54 46	16 48	27 42	65 49	17 43	57 49	44 36	46 42	48 48	22 53	45 50
30 49	27 59	62 52	68 45	23 43	65 47	50 48	2 44	55 57	38 57	35 48	1 50	33 54	56 53	11 47	41 51	43 42	69 54	9 58	15 55	47 51	36 52	37 48	59 48	31 43	10 48	7 55	60 52	48 42	67 47	28 59	6 54	8 42	52 50	17 47	45 49	40 45	18 60	63 52	54 50	42 53	44 51	26 49	66 43	16 44	53 46	34 49	29 53	12 40	64 41	13 42	20 46	14 53	22 58	5 43	58 53	0 45	39 50	61 55	24 48	32 42	3 64	19 47	49 53	57 44	51 45	25 44	4 45	46 49	21 51
30 48	34 54	16 38	42 42	40 55	59 45	10 43	5 54	56 55	24 56	50 57	33 45	63 57	48 61	67 44	3 58	18 51	0 47	41 51	14 45	47 49	25 47	60 53	15 46	26 46	36 53	8 58	12 43	49 47	64 54	22 54	65 40	27 46	66 44	29 50	31 42	58 51	23 55	37 51	54 51	4 49	51 53	62 45	6 54	46 51	45 59	13 50	21 50	1 47	7 50	35 46	11 44	17 46	20 48	55 50	43 52	44 45	53 50	32 52	2 47	68 51	9 45	28 53	57 52	69 53	19 60	52 55	61 53	39 54	38 50
56 57	2 52	58 48	16 52	29 47	10 44	31 59	53 56	4 52	6 59	25 54	54 52	62 54	30 42	20 45	1 52	65 51	32 50	61 40	63 47	43 50	9 52	42 55	46 52	5 46	26 43	39 59	17 50	67 46	7 44	19 52	40 55	66 52	59 57	14 52	45 53	38 48	68 47	49 46	69 48	23 55	36 46	47 53	13 40	8 59	34 51	28 46	48 46	21 55	51 51	0 48	57 50	64 53	33 55	27 57	18 44	35 49	44 55	41 51	22 49	55 53	37 57	52 45	12 52	60 55	50 51	24 54	15 47	3 51	11 47
