15	80
35 44	39 49	36 51	29 55	48 45	31 50	20 52	49 47	79 50	52 41	73 48	38 46	61 46	24 48	53 48	65 50	77 52	28 43	56 49	11 58	55 47	40 52	70 57	78 54	68 57	69 51	17 46	13 48	34 52	2 55	19 45	60 55	25 51	3 44	15 48	51 44	9 51	58 55	26 57	5 48	30 52	66 53	4 53	32 46	45 44	0 50	10 59	63 53	59 49	47 52	71 46	37 49	76 60	22 55	42 49	72 50	64 51	1 50	7 53	54 55	8 49	14 52	18 51	44 50	16 45	6 54	74 57	12 42	21 56	23 53	41 48	27 55	57 50	75 57	50 51	62 60	67 48	43 43	33 55	46 55
74 59	60 51	45 45	9 55	8 43	41 50	48 45	21 53	2 44	79 54	39 58	70 53	57 58	58 47	54 45	18 45	55 50	23 53	71 51	56 50	59 52	22 47	35 48	65 53	36 48	12 60	10 49	3 53	11 56	24 60	14 50	30 52	0 40	7 49	27 44	66 50	77 55	34 49	15 50	42 52	75 45	29 49	31 54	53 42	46 39	32 50	68 48	37 40	38 51	26 49	49 49	51 42	20 57	4 51	19 48	43 47	76 49	25 47	67 59	63 53	73 46	40 42	5 60	50 53	78 51	69 61	17 49	47 42	1 52	6 44	61 54	44 41	33 47	28 59	62 52	13 51	72 46	64 47	16 52	52 50
61 46	70 47	22 60	23 46	18 57	6 55	42 45	47 48	46 59	19 55	49 47	71 49	51 49	24 40	5 53	31 45	10 44	72 59	35 53	38 44	39 52	2 53	11 53	29 51	15 52	14 45	52 50	0 44	56 40	53 52	21 52	20 54	9 41	37 54	44 48	69 50	16 42	62 59	12 53	50 57	1 52	27 47	59 54	8 54	63 54	58 54	25 48	78 56	68 47	13 45	55 45	33 46	74 50	60 50	17 44	66 51	48 43	67 57	73 56	36 40	26 46	32 48	75 44	79 49	54 52	45 51	7 50	43 53	64 50	3 51	30 50	41 49	28 48	40 56	76 51	34 53	65 49	57 53	4 57	77 39
50 52	24 53	42 56	58 52	6 53	45 50	0 66	22 54	68 41	57 43	52 44	19 44	13 51	31 52	73 49	38 50	79 43	39 51	3 54	63 49	18 49	41 44	33 53	65 57	69 48	47 55	55 49	30 48	23 52	10 55	12 47	51 50	44 48	59 54	54 46	32 56	66 48	49 47	43 49	11 39	56 51	16 53	35 53	17 55	36 52	62 52	28 51	1 53	40 55	61 49	20 50	78 54	76 46	67 46	9 57	2 56	70 52	5 56	37 56	4 48	53 53	74 49	71 58	34 46	14 55	75 42	15 56	7 58	48 40	60 51	27 57	21 53	25 44	46 43	77 48	29 44	8 47	26 40	64 49	72 51
63 43	25 56	2 52	19 58	61 54	22 49	54 49	37 48	44 49	20 53	76 52	67 44	31 53	34 50	62 55	21 46	45 48	52 52	11 50	60 48	50 51	51 59	46 62	7 47	35 58	64 58	32 53	0 38	28 54	48 48	4 51	73 47	13 48	36 47	24 56	15 53	27 48	17 41	6 55	12 49	3 42	70 55	23 42	74 57	9 56	79 53	58 50	75 45	68 48	29 49	33 47	40 48	16 57	43 48	47 51	39 48	66 49	49 45	59 51	18 50	14 59	10 53	5 49	26 43	55 46	71 48	42 49	53 45	77 52	56 60	38 36	65 51	57 47	1 46	78 38	8 46	69 53	72 48	41 49	30 50
47 50	64 46	48 48	29 52	42 45	10 52	71 47	45 55	13 62	58 55	78 48	25 48	28 59	5 47	22 47	55 51	34 53	8 45	66 44	62 46	20 51	49 47	43 46	38 54	70 51	31 50	23 46	17 59	24 41	14 57	73 49	2 47	30 50	60 46	57 54	63 48	35 49	26 41	51 51	61 52	77 50	11 51	0 61	40 54	7 56	12 46	36 49	79 57	32 60	68 60	37 51	27 60	53 46	15 47	41 46	75 49	19 47	16 49	18 44	52 53	67 47	21 44	72 45	56 48	3 54	65 47	1 47	59 52	4 46	54 58	44 58	33 45	74 52	69 58	6 48	46 50	9 50	50 44	39 48	76 46
31 59	2 49	13 57	39 50	70 49	50 53	28 61	12 47	7 54	64 43	8 55	32 49	18 49	75 50	38 45	42 56	34 49	68 53	78 37	41 42	47 56	52 45	29 45	73 54	26 50	21 56	62 51	9 46	37 44	19 51	63 58	56 51	49 56	10 50	43 49	60 41	48 60	16 49	72 51	40 44	55 56	15 55	69 53	71 47	5 50	53 45	0 51	59 49	51 50	25 51	77 52	4 53	61 50	67 56	79 52	65 50	66 50	74 53	6 56	11 45	35 48	3 44	46 56	23 47	36 43	30 53	45 41	76 48	24 51	20 50	17 51	57 55	44 52	27 61	1 49	58 41	14 48	33 51	54 57	22 41
78 54	42 51	51 53	18 56	68 53	9 49	67 46	63 51	3 41	58 49	64 49	48 51	37 50	45 44	39 60	4 54	10 53	38 55	59 47	24 35	44 42	66 52	61 53	55 48	2 52	33 41	54 50	25 53	52 50	79 48	31 45	53 48	46 50	32 43	8 45	0 42	36 52	35 48	41 54	21 51	27 51	23 51	30 41	76 53	13 44	75 49	60 48	49 48	62 41	1 46	22 55	65 46	57 54	40 48	5 48	17 51	43 59	34 52	11 53	47 53	72 54	7 45	28 54	74 57	50 46	77 48	19 43	70 54	6 44	16 50	56 54	69 43	71 50	15 46	73 50	14 58	12 43	20 58	26 56	29 50
11 55	25 53	76 55	61 53	23 44	24 56	45 53	37 44	39 57	30 50	36 51	41 45	3 55	54 48	74 52	14 53	10 56	72 47	65 46	75 50	34 38	50 52	68 49	19 45	8 47	4 44	49 44	42 51	1 54	70 52	53 51	69 42	12 51	29 45	55 50	5 48	60 54	48 48	2 55	78 52	66 43	33 47	64 48	35 48	73 52	22 42	17 50	15 37	79 46	56 51	27 47	58 48	31 50	0 50	63 44	40 49	77 44	59 58	7 49	71 48	47 44	21 48	6 46	9 51	46 61	51 49	13 47	57 46	38 52	43 55	62 60	16 49	67 51	32 55	18 49	28 53	26 47	44 52	52 53	20 55
72 52	56 59	31 56	41 46	5 47	26 51	17 53	22 51	70 52	14 51	54 51	6 44	59 52	11 59	53 58	79 50	61 54	44 47	74 44	78 44	40 55	4 52	32 49	57 43	2 53	1 53	50 51	18 49	39 50	30 45	45 46	68 52	19 51	46 48	47 57	71 45	27 59	33 48	23 44	34 50	63 42	29 48	0 45	15 48	62 55	9 50	49 55	43 46	7 50	58 46	28 52	16 46	76 46	55 43	8 48	10 48	51 56	25 51	35 48	13 49	60 45	36 55	65 49	38 45	77 57	20 46	66 51	67 47	24 45	69 52	3 48	73 58	64 48	48 56	42 45	52 46	12 49	21 41	37 52	75 49
72 49	8 52	13 45	48 54	18 48	66 52	61 47	68 49	79 51	39 51	49 55	10 56	60 48	11 56	42 47	41 45	29 48	24 47	6 53	65 45	53 51	3 54	44 48	31 50	32 50	74 55	76 51	21 51	23 47	78 51	0 51	19 55	55 50	63 46	58 63	14 59	71 49	17 53	1 54	2 49	20 44	36 52	43 40	59 44	67 47	45 51	12 55	15 57	4 50	30 51	38 53	5 50	56 57	25 52	16 57	33 55	27 54	9 58	52 56	70 54	34 47	7 40	26 52	47 46	37 49	35 46	22 54	50 52	40 49	62 41	77 60	57 50	73 43	54 52	75 47	28 59	64 46	51 46	46 51	69 49
66 48	51 44	78 51	6 57	17 52	71 42	37 51	65 50	55 45	40 51	69 42	63 47	50 52	61 46	21 48	52 54	31 48	73 44	75 52	58 54	57 55	0 44	70 52	48 40	74 49	54 50	56 51	24 58	68 50	5 55	16 49	20 54	19 49	10 49	53 38	64 53	26 41	77 47	60 54	67 49	62 49	36 49	47 59	9 44	28 55	27 51	44 59	38 61	79 55	33 47	59 41	46 48	49 43	35 45	42 54	25 40	13 54	41 47	22 54	12 50	1 50	32 38	76 46	2 52	72 48	7 50	18 44	39 54	45 56	14 48	29 48	8 49	30 56	4 38	34 51	43 50	23 46	3 45	11 45	15 51
1 47	70 49	67 50	53 56	18 57	2 52	44 54	37 41	15 53	7 53	43 55	14 53	76 45	13 43	42 46	5 55	4 40	56 59	48 43	12 45	3 51	21 46	64 46	75 52	0 45	20 47	36 42	40 44	57 46	8 54	63 47	60 49	38 47	11 61	69 43	55 53	25 53	10 53	28 57	39 53	72 54	32 39	23 41	33 40	52 35	45 57	49 49	62 60	26 54	22 41	73 58	47 46	71 49	51 63	77 49	41 45	54 51	50 53	66 48	30 41	6 56	61 47	35 52	9 54	34 48	29 51	58 55	24 52	31 53	16 53	27 56	78 53	59 44	19 58	17 52	46 48	65 43	74 52	68 53	79 56
33 51	39 49	60 53	34 58	54 49	56 52	72 57	36 48	2 42	35 54	14 54	38 47	13 45	17 54	47 53	18 51	12 48	9 39	46 53	64 57	27 43	44 44	57 42	66 44	71 49	3 50	75 51	77 43	37 56	61 50	4 50	58 51	1 52	0 58	62 42	24 53	76 52	49 56	26 47	8 45	78 45	41 48	11 51	74 49	25 54	28 46	5 51	19 51	43 42	20 46	70 51	68 45	63 43	22 52	10 58	48 51	59 48	6 46	31 46	23 42	32 50	65 53	42 49	15 49	16 53	51 54	67 57	21 52	30 45	50 49	40 49	29 41	79 55	7 44	55 45	69 55	53 49	52 50	45 43	73 54
2 51	34 57	23 46	71 59	46 54	69 54	66 48	64 52	72 55	42 42	74 48	39 48	0 53	26 47	40 54	53 53	36 53	9 45	27 52	22 44	56 46	61 47	75 51	70 50	6 50	45 48	19 47	35 38	76 48	58 53	3 51	77 55	15 54	79 52	21 56	31 52	49 47	20 54	55 49	12 53	29 49	38 45	7 46	30 49	13 47	59 61	5 43	1 51	28 45	32 47	16 47	65 59	62 47	73 49	67 54	63 46	10 43	33 45	44 55	14 56	25 48	60 45	78 54	57 44	37 43	11 54	50 60	8 48	51 48	41 44	52 48	17 49	47 52	43 54	4 56	18 51	68 55	48 56	54 63	24 52
