100	1
0 191
0 79
0 65
0 43
0 6
0 153
0 28
0 181
0 175
0 97
0 85
0 62
0 93
0 100
0 126
0 69
0 184
0 181
0 49
0 74
0 49
0 45
0 124
0 82
0 148
0 48
0 148
0 139
0 7
0 22
0 116
0 59
0 145
0 164
0 141
0 55
0 51
0 45
0 59
0 118
0 145
0 172
0 21
0 155
0 12
0 102
0 74
0 67
0 133
0 27
0 179
0 108
0 191
0 57
0 189
0 181
0 32
0 151
0 135
0 10
0 52
0 95
0 66
0 198
0 111
0 164
0 136
0 195
0 89
0 98
0 2
0 49
0 34
0 162
0 10
0 189
0 1
0 177
0 9
0 23
0 42
0 133
0 92
0 93
0 68
0 68
0 186
0 8
0 32
0 89
0 139
0 81
0 61
0 23
0 123
0 184
0 65
0 19
0 15
0 139
