15	60
53 48	28 51	39 50	8 52	20 53	31 53	55 50	23 49	13 53	32 45	42 48	34 48	41 63	2 55	19 53	59 56	50 54	30 43	27 48	18 48	17 46	37 42	56 51	6 54	51 55	16 48	49 42	57 53	47 53	1 42	4 53	0 55	43 52	26 51	40 61	54 51	10 48	44 51	22 53	14 59	15 51	24 55	46 50	52 46	5 51	33 48	21 53	38 45	35 51	29 63	9 51	12 60	58 45	11 45	48 50	7 51	36 47	3 55	25 57	45 57
41 50	26 47	24 56	9 59	33 58	51 52	52 47	23 46	49 47	57 48	53 44	4 55	6 48	54 49	3 49	55 49	37 46	50 41	38 55	59 51	22 49	45 50	14 47	19 56	58 44	44 54	21 40	35 50	1 55	34 48	15 58	31 56	48 57	8 55	25 50	18 44	39 60	12 37	30 44	43 47	20 49	47 50	16 47	5 55	27 50	29 45	56 51	17 53	36 49	7 56	2 45	46 47	42 43	40 50	13 54	10 49	32 45	0 51	28 52	11 57
22 53	4 52	46 50	24 59	7 43	36 46	59 42	55 50	49 54	27 40	16 54	21 57	50 51	14 58	42 59	0 50	48 44	11 50	6 48	33 40	56 51	25 60	47 44	32 58	10 42	3 56	37 52	15 45	29 51	13 45	45 50	23 49	18 39	57 63	20 43	28 57	34 46	12 53	8 50	38 41	53 46	44 46	31 56	35 46	54 49	40 57	9 55	51 50	52 56	2 49	19 55	43 53	58 45	26 59	41 50	1 53	17 55	39 49	5 52	30 48
57 50	1 44	36 52	14 45	2 48	53 49	50 49	44 45	3 50	55 44	42 46	52 55	58 53	47 58	38 57	15 49	16 63	46 41	23 48	43 47	13 46	27 47	56 53	59 47	31 54	30 47	41 48	18 46	33 49	7 44	12 42	5 46	6 48	28 45	49 45	34 46	8 49	9 48	26 48	19 47	24 53	25 58	48 54	45 41	0 56	22 54	39 50	10 53	11 47	37 38	54 44	17 52	51 54	35 52	21 49	40 48	32 40	29 50	4 52	20 50
33 62	20 51	15 55	12 44	31 48	4 52	43 48	18 45	7 57	26 42	55 52	6 56	10 45	44 39	21 48	16 44	35 48	19 53	25 53	45 56	29 50	14 54	13 51	53 50	9 49	40 50	38 47	57 58	58 51	36 56	32 45	17 46	37 48	51 42	5 54	23 48	22 48	11 55	24 44	54 58	49 49	47 45	56 54	48 45	39 52	8 47	1 50	59 47	27 49	3 52	30 57	50 51	41 54	42 49	28 48	52 48	34 53	2 53	0 49	46 47
46 52	31 53	13 54	54 52	6 45	19 49	45 54	27 51	41 54	20 62	25 50	44 61	9 51	57 53	17 51	26 46	47 57	2 49	53 48	10 58	8 55	18 43	5 52	14 57	36 49	51 55	35 45	37 59	24 49	12 54	15 49	58 41	32 50	1 53	38 49	28 45	22 41	56 51	52 63	11 47	49 49	7 60	43 52	23 51	16 55	33 58	4 49	30 52	21 55	50 55	3 59	39 50	0 50	48 48	29 55	42 53	55 54	34 42	59 52	40 55
3 50	40 38	1 52	0 55	38 52	15 51	17 61	56 46	14 50	55 54	26 54	24 52	2 49	9 52	7 54	21 45	36 51	57 46	28 51	6 52	29 44	20 52	32 53	46 54	58 52	18 40	33 56	48 51	34 51	39 55	31 49	23 45	11 45	53 51	8 48	52 52	27 44	42 56	35 51	37 45	13 50	5 48	30 40	43 43	59 54	41 50	4 58	49 51	44 44	10 41	16 49	25 53	51 52	50 49	12 49	19 46	45 48	54 58	47 58	22 47
26 42	55 46	19 41	29 48	9 44	48 47	5 50	35 46	52 48	32 52	15 47	38 50	39 46	4 48	34 53	36 53	1 43	50 53	23 48	21 57	59 42	31 46	45 54	17 48	12 54	11 48	27 46	18 43	51 49	28 50	20 50	30 43	13 48	0 56	6 55	22 49	46 53	10 42	43 51	24 50	2 57	37 55	8 47	42 54	16 54	49 43	7 52	14 48	58 42	47 47	54 59	57 48	53 49	3 54	44 41	25 48	33 54	40 48	56 48	41 48
50 52	38 52	12 58	28 47	17 50	52 56	43 51	37 46	40 47	45 56	4 46	44 55	53 48	51 48	46 38	32 53	48 51	11 53	29 51	55 55	30 51	41 54	15 45	6 50	54 51	8 53	1 59	42 51	14 40	20 51	16 48	21 47	0 57	31 43	7 47	36 48	22 43	56 46	33 48	47 53	9 57	19 50	3 52	57 50	23 43	2 60	5 51	35 61	39 48	18 47	27 47	59 46	24 56	13 43	34 52	26 52	49 47	25 49	10 51	58 59
20 56	42 53	37 55	50 47	34 53	40 53	16 55	59 47	10 50	32 57	31 59	55 53	1 43	35 41	43 55	4 47	15 48	0 47	14 49	11 55	30 58	17 48	3 47	36 51	38 52	8 47	24 45	22 45	23 55	56 50	54 54	7 55	58 48	49 48	21 54	33 55	5 41	57 46	44 56	45 53	27 42	25 52	2 51	39 50	29 52	12 54	19 53	26 52	46 47	51 49	18 42	6 62	48 52	13 49	28 49	52 61	9 48	53 52	47 49	41 59
33 51	32 51	19 52	7 55	18 50	58 49	9 52	35 51	17 56	8 40	31 50	27 49	41 40	48 45	43 50	21 47	54 54	24 46	49 49	37 47	36 42	52 45	23 58	3 53	11 52	45 45	59 41	46 60	50 52	38 56	2 44	13 56	4 56	1 52	0 47	15 42	29 46	26 59	14 43	39 49	47 62	57 54	6 52	25 54	10 49	34 52	55 51	22 57	16 50	53 49	51 46	42 56	40 40	30 40	20 50	5 46	44 56	28 46	56 57	12 47
51 45	52 46	24 52	6 51	59 47	23 33	32 56	5 52	12 44	25 58	22 38	17 44	7 48	41 49	46 47	49 56	9 57	15 52	27 47	48 46	39 53	47 51	0 50	55 42	35 58	44 48	14 48	3 37	38 46	4 46	37 52	21 50	31 42	29 51	10 55	45 49	2 47	58 50	28 46	33 54	36 44	42 50	18 61	13 45	30 50	50 43	57 56	11 45	1 48	53 55	26 50	56 52	34 48	20 47	43 47	54 56	16 56	19 50	8 48	40 49
9 48	37 43	1 48	3 45	7 42	58 48	57 55	34 50	44 53	36 49	2 49	52 53	59 50	28 50	22 55	55 49	46 56	30 46	49 50	38 48	21 55	40 54	18 52	54 43	29 53	33 50	42 46	20 58	19 53	53 53	45 52	48 48	50 50	16 62	12 47	24 41	41 52	6 42	31 45	26 55	35 50	5 55	27 41	11 61	17 55	4 61	8 44	13 52	14 51	15 47	10 42	39 50	43 43	0 49	56 53	32 45	23 47	25 47	51 40	47 45
23 53	29 53	12 44	36 46	59 43	3 42	1 53	37 57	28 49	58 56	15 61	20 60	50 49	34 53	9 57	19 47	24 50	35 52	27 50	39 48	6 49	16 46	33 48	43 50	25 44	38 52	21 56	13 54	46 54	40 49	17 46	42 46	31 56	8 55	57 52	45 56	49 51	52 55	22 57	0 47	2 47	14 48	10 46	44 51	5 60	47 50	48 58	51 63	18 44	53 40	7 46	54 57	56 55	30 50	41 50	55 50	32 46	11 47	26 49	4 50
45 50	33 49	26 50	21 56	39 48	5 49	17 49	0 53	23 52	16 46	31 56	59 44	19 60	29 55	58 53	20 56	14 54	27 48	6 61	7 53	2 51	50 47	3 52	51 53	40 55	43 46	18 53	28 50	37 54	8 55	36 48	34 56	57 46	35 38	48 49	38 57	47 53	11 45	42 50	56 42	52 37	13 51	32 50	9 55	54 51	1 51	24 49	44 48	55 45	4 47	46 42	22 59	49 60	41 41	53 47	30 44	15 49	12 48	25 49	10 50
