50	70
60 53	37 47	42 47	23 49	26 49	14 48	34 53	38 62	25 62	64 51	57 56	10 50	2 59	62 45	46 45	8 53	3 43	32 53	45 47	52 58	53 48	44 49	13 51	28 57	69 52	22 49	35 61	20 48	54 49	59 44	50 66	18 48	11 45	68 60	41 54	33 54	56 48	4 52	39 45	40 52	47 53	55 46	29 43	65 55	7 51	12 52	58 52	16 44	9 49	1 49	21 54	31 47	17 55	66 51	24 52	49 52	48 39	51 47	27 48	0 64	19 45	43 57	6 49	5 38	61 58	30 54	67 48	63 53	36 46	15 49
18 58	39 51	17 44	58 47	22 53	46 45	20 49	8 59	13 45	28 50	19 50	53 47	37 50	35 46	62 55	0 48	2 53	56 48	1 52	21 48	10 46	12 51	42 47	66 53	29 52	33 53	54 45	34 42	48 53	7 51	41 52	61 51	68 62	69 62	65 53	45 40	60 49	25 51	51 49	3 44	9 57	67 52	47 45	32 51	27 56	55 51	64 49	15 47	4 51	52 53	40 48	6 51	50 55	38 45	23 46	14 46	11 46	36 49	59 52	26 48	43 54	44 45	24 47	49 54	57 37	16 48	5 48	63 50	31 58	30 45
16 46	55 53	31 56	21 59	68 52	67 49	42 50	18 45	10 53	47 59	8 48	53 45	1 61	66 46	12 51	58 56	34 48	11 46	35 46	41 51	40 49	14 53	62 46	37 53	65 46	56 52	28 53	24 47	38 48	20 50	39 49	2 44	64 48	17 41	13 42	9 52	0 43	57 40	23 44	45 52	33 51	52 56	22 50	50 50	36 49	59 40	51 55	27 50	29 52	44 56	60 50	5 57	49 55	61 55	4 52	48 54	7 44	19 51	30 42	43 44	3 34	15 50	25 42	63 50	69 52	26 47	32 45	46 51	54 58	6 49
37 50	40 52	58 58	34 48	68 43	17 53	6 50	9 50	12 42	42 58	5 50	61 49	18 51	56 48	65 47	48 40	11 44	43 51	69 47	49 52	20 45	1 51	63 57	46 53	62 51	44 45	30 47	7 48	50 50	66 42	64 60	32 51	36 53	59 47	29 54	55 50	39 57	35 42	0 49	24 54	14 40	21 55	27 53	54 50	67 50	38 52	23 51	52 52	3 50	57 53	47 56	2 40	28 44	15 47	26 49	13 44	25 51	19 56	60 48	22 45	31 51	45 43	8 52	53 40	41 54	33 48	16 51	10 48	4 43	51 44
47 42	63 51	34 46	55 53	48 55	5 49	46 57	53 47	28 48	3 56	43 51	27 50	54 48	64 51	42 56	51 43	67 51	22 56	23 51	6 56	39 56	30 42	62 49	32 56	9 50	12 42	61 44	7 43	18 56	0 54	13 44	14 51	38 60	16 52	10 55	60 62	36 53	4 52	24 61	49 47	50 57	25 47	37 50	29 49	44 51	20 53	40 57	35 48	59 46	66 47	57 55	17 37	1 51	26 59	56 55	21 43	33 49	41 56	69 44	11 50	45 43	58 53	31 62	15 54	65 52	19 46	52 48	68 48	2 49	8 50
65 55	32 43	24 46	67 50	55 52	59 53	16 47	5 59	42 55	31 47	8 49	44 48	19 51	68 46	58 52	11 54	1 47	36 48	61 55	41 55	4 46	62 57	51 43	2 40	57 42	40 53	66 52	21 53	69 60	56 43	35 53	13 47	33 45	29 53	12 50	46 52	30 56	39 46	28 49	26 45	7 44	64 50	37 52	3 45	48 51	49 50	10 52	20 56	9 49	34 49	63 47	43 46	53 47	52 59	17 55	14 46	54 54	15 45	0 50	60 47	45 41	38 55	6 55	25 46	27 51	50 53	22 51	18 54	23 53	47 50
10 55	27 49	19 51	35 43	11 45	31 54	55 49	57 44	66 40	13 43	29 51	47 41	25 51	9 54	41 51	34 50	39 53	7 50	58 49	26 46	65 49	56 49	63 52	12 53	14 49	62 43	6 46	59 51	16 54	32 55	45 46	30 49	38 48	61 52	68 44	20 46	23 48	60 56	46 53	0 50	37 48	51 53	33 44	44 54	15 56	53 52	69 48	48 61	22 47	50 51	52 57	40 48	42 52	64 52	18 48	43 55	49 49	67 48	8 54	24 42	4 55	3 57	21 48	1 49	36 44	28 57	17 50	5 45	54 54	2 44
10 44	35 46	28 29	23 52	53 53	66 48	19 56	61 50	65 43	14 59	13 52	56 45	16 57	68 53	26 48	21 48	38 47	15 50	47 50	54 53	7 47	63 52	8 46	22 54	62 51	46 44	11 53	27 55	34 43	12 50	1 51	45 56	60 56	55 49	33 43	57 49	51 52	6 51	37 52	52 48	25 46	58 46	20 54	64 57	3 51	69 42	50 55	18 43	41 63	24 50	36 42	67 49	30 47	59 47	29 59	39 52	49 48	43 53	5 51	0 49	32 42	9 48	4 52	17 54	42 55	44 44	40 41	31 53	48 48	2 56
16 49	46 51	49 53	33 61	61 48	47 57	22 53	28 50	65 55	57 52	44 54	0 51	4 52	1 57	37 47	14 44	9 57	38 53	62 54	27 49	29 59	63 46	30 50	56 52	20 44	52 57	34 44	7 55	24 52	69 49	19 48	23 51	54 41	59 46	45 46	53 54	68 53	6 50	64 54	12 56	26 54	21 51	39 49	51 57	35 54	48 54	31 49	41 49	67 60	60 51	43 50	11 51	8 47	2 51	13 47	36 47	15 51	17 50	5 46	10 52	42 44	55 47	58 45	3 52	50 45	40 55	32 51	18 50	25 56	66 49
62 49	0 50	6 54	38 46	47 55	46 51	49 43	34 48	27 49	57 49	19 49	15 47	50 53	32 47	59 44	23 45	63 49	36 56	13 50	28 54	60 53	54 50	9 47	8 53	17 52	7 45	11 48	18 51	66 45	5 54	44 48	65 51	58 37	20 50	31 47	39 49	33 42	69 52	43 42	42 48	22 45	30 45	56 53	10 45	2 57	61 56	29 45	40 56	16 50	52 55	4 43	14 59	21 53	1 50	25 42	55 50	24 50	53 47	41 47	45 50	37 50	35 52	26 53	51 46	3 46	12 51	67 59	68 40	64 46	48 46
20 53	6 52	7 46	55 49	22 43	1 50	41 54	5 50	26 49	0 55	63 47	64 51	57 46	4 45	10 57	47 46	52 49	45 43	12 41	23 56	35 48	66 58	51 53	53 50	48 54	27 43	38 46	50 45	24 46	62 40	58 43	2 49	49 55	21 52	40 52	16 42	13 54	46 51	44 64	30 50	32 57	25 48	28 54	34 48	39 43	36 58	65 52	11 48	33 47	3 43	18 51	37 49	9 47	8 54	42 48	68 47	61 47	56 47	60 48	54 52	43 54	67 46	31 44	59 40	19 50	69 46	15 45	17 56	14 57	29 46
33 48	37 58	34 63	31 53	26 59	30 54	16 51	25 52	4 48	52 52	60 52	49 53	1 54	28 43	50 46	67 42	19 51	64 53	11 44	69 36	14 42	10 50	47 61	46 52	27 52	5 36	8 53	68 41	12 53	7 46	2 44	65 51	22 49	57 55	54 52	29 48	20 55	24 53	55 53	62 52	42 55	44 52	58 53	51 47	21 42	63 48	39 51	66 51	9 41	40 55	15 52	48 51	6 48	59 44	43 48	35 42	32 51	0 57	3 49	56 43	45 51	61 47	17 51	13 53	23 58	38 51	41 53	53 51	36 59	18 51
27 47	48 48	9 46	2 54	13 47	32 42	26 40	29 57	67 44	17 53	19 52	45 53	69 48	24 49	0 49	37 51	41 55	14 48	16 39	44 47	57 48	64 54	68 53	22 56	30 48	58 49	15 50	43 48	51 57	28 49	53 54	47 57	62 53	23 51	3 53	40 46	61 56	5 54	60 57	55 49	54 50	31 39	46 48	56 41	39 52	33 60	4 48	12 54	59 48	1 56	10 55	66 38	50 52	34 49	52 54	38 43	7 47	18 50	49 51	11 53	25 47	8 47	63 54	6 51	42 44	21 51	35 51	65 51	20 59	36 54
12 53	18 50	20 52	34 58	13 50	7 41	60 56	58 53	15 63	25 58	65 57	59 40	9 53	40 47	4 52	32 51	64 52	50 56	38 49	67 40	56 43	62 47	54 44	35 50	21 57	55 42	28 51	68 50	61 43	2 48	0 56	23 51	69 53	10 48	57 62	24 49	46 52	49 49	14 50	8 43	45 51	37 57	47 44	3 59	29 45	11 56	42 51	6 51	44 42	22 45	27 46	5 45	52 49	1 46	36 49	26 56	43 53	16 48	66 48	63 45	19 53	17 43	39 55	51 49	33 49	30 49	48 48	41 46	31 47	53 46
52 57	16 48	26 53	48 46	63 55	28 47	2 55	6 55	20 49	14 45	42 52	46 41	10 48	53 43	30 41	45 47	22 52	55 54	34 56	50 49	9 49	54 55	0 53	69 51	3 40	38 50	29 53	68 51	13 41	1 44	4 54	59 47	8 49	18 45	40 55	24 49	66 54	33 61	27 51	60 53	32 49	7 54	62 54	41 49	58 48	57 53	19 52	47 47	64 51	11 49	5 44	17 45	35 46	15 52	12 48	25 51	56 52	31 47	49 56	44 51	61 53	65 45	67 57	39 57	51 55	21 50	37 63	36 47	43 50	23 48
0 46	59 60	10 55	5 53	66 51	11 36	25 51	1 56	63 47	60 55	22 46	12 50	34 55	42 55	35 47	31 55	7 55	29 53	40 51	61 44	21 50	9 58	54 61	4 45	67 47	8 45	16 54	28 49	53 53	18 54	27 54	39 48	15 51	19 51	37 53	69 50	64 51	41 47	13 45	20 50	17 56	24 46	56 55	65 45	33 53	52 53	38 45	57 50	46 51	62 47	3 46	6 44	14 51	36 47	49 48	51 40	50 50	23 49	55 51	45 46	26 51	2 49	32 57	48 49	43 52	68 53	58 49	44 53	30 61	47 49
2 45	9 42	42 43	20 54	25 55	61 40	51 59	14 53	41 45	19 48	27 54	23 48	45 49	32 55	13 52	33 54	34 43	26 49	49 55	46 55	47 53	35 50	67 50	0 46	36 49	69 46	54 41	48 47	22 53	10 48	3 44	24 55	68 43	39 52	4 43	40 54	7 43	66 59	29 50	52 53	30 45	6 55	16 48	28 52	56 42	37 52	59 55	1 57	44 42	17 51	55 50	11 46	31 57	15 56	38 45	43 57	18 59	64 47	58 51	8 43	50 51	21 51	65 58	62 47	53 48	12 48	63 44	5 44	60 57	57 51
51 46	47 51	1 55	5 49	50 43	66 51	69 45	25 44	10 45	55 53	44 50	42 49	35 48	65 57	8 51	22 59	13 52	19 42	27 51	53 44	40 46	38 49	68 49	23 44	0 53	52 49	62 51	58 49	11 61	30 47	29 45	24 56	4 56	33 48	34 59	60 49	37 47	57 57	15 48	6 54	32 48	49 61	63 48	39 46	61 50	48 39	21 49	3 50	59 51	28 53	41 51	64 56	26 50	46 46	9 47	18 48	31 58	16 46	54 50	45 43	36 46	7 50	20 46	56 51	12 49	67 52	14 52	17 50	43 52	2 50
65 54	40 52	2 49	17 56	34 47	28 48	62 53	42 48	27 50	26 46	63 45	14 59	31 54	44 52	55 51	48 61	5 41	25 52	30 61	13 53	4 48	8 42	1 55	29 56	56 53	69 48	43 43	64 59	60 41	10 50	3 53	23 48	16 46	9 51	49 54	51 51	58 44	53 55	7 53	12 48	37 49	24 54	47 52	15 45	11 51	66 47	33 52	6 51	68 54	21 61	41 46	38 46	52 47	59 61	61 46	22 45	45 50	36 49	18 51	57 42	67 52	54 63	46 55	39 50	0 40	19 48	20 51	32 52	35 51	50 54
47 43	7 50	45 50	26 55	60 48	64 50	34 56	25 48	13 54	3 55	5 53	18 50	59 59	54 48	20 49	17 50	55 41	10 53	58 49	41 45	14 51	63 54	32 45	15 52	62 52	9 59	51 55	57 49	39 50	19 47	68 55	49 52	66 49	36 54	50 54	42 49	67 61	8 48	29 58	33 52	35 51	1 50	69 56	56 57	61 47	30 48	44 43	46 42	24 54	52 47	31 50	23 45	48 50	43 37	65 44	4 55	6 50	21 43	53 49	12 51	11 45	0 46	37 53	22 53	16 52	27 47	2 57	40 55	28 42	38 41
43 51	44 50	2 53	32 53	38 55	50 58	14 36	31 54	11 49	37 56	8 50	6 42	40 48	9 56	64 45	49 53	18 55	30 52	7 48	56 45	28 53	15 44	53 50	42 59	0 53	34 50	35 52	1 47	24 46	41 50	66 52	19 51	20 50	48 47	13 45	33 52	68 47	67 42	65 46	16 41	3 39	23 53	4 43	69 54	47 49	22 56	63 51	58 56	25 39	36 50	54 54	51 54	57 53	45 56	27 51	17 52	39 55	59 54	46 53	60 53	5 49	21 38	62 49	55 63	52 53	10 59	61 44	29 59	12 48	26 51
9 51	24 54	63 42	35 53	7 48	67 49	64 45	20 61	55 52	13 41	56 53	49 55	36 54	46 52	4 50	52 54	11 51	44 39	26 42	51 48	14 58	0 46	27 47	58 56	68 55	47 46	40 51	12 39	57 60	48 46	50 49	54 36	6 56	5 51	59 48	53 57	18 56	60 49	43 54	1 45	30 51	66 48	31 52	15 44	62 58	3 52	29 49	38 48	33 51	21 35	69 50	2 46	41 47	45 47	32 54	8 44	39 43	25 44	22 48	34 53	23 54	17 51	65 50	10 38	37 54	16 52	61 50	28 44	42 52	19 47
32 53	52 47	57 56	11 55	48 52	62 47	1 43	43 59	14 48	55 46	26 55	56 36	66 55	36 46	23 48	8 48	58 55	63 51	9 52	12 50	30 53	22 50	54 52	16 45	60 42	13 48	65 50	46 52	3 48	25 48	27 51	10 47	44 49	68 57	34 50	6 45	67 52	37 45	50 50	24 38	15 48	69 50	0 56	31 47	21 38	38 49	49 46	18 53	5 49	35 36	53 45	61 52	42 57	40 42	2 60	20 49	4 42	41 52	47 51	33 46	7 50	19 50	29 49	45 52	51 48	64 43	17 47	28 51	39 46	59 46
0 53	8 60	40 51	68 46	3 53	67 56	12 50	16 49	51 57	57 44	10 52	41 51	31 51	53 50	27 50	48 52	19 46	23 46	44 55	9 50	69 39	24 52	1 37	64 55	18 48	58 44	30 55	63 51	49 50	37 45	13 54	52 51	4 55	43 45	15 52	60 41	42 46	50 45	14 49	39 46	29 44	7 51	59 54	46 52	45 40	38 43	47 46	55 46	54 49	56 45	32 55	5 50	25 49	17 46	62 56	61 50	36 52	6 45	20 53	66 47	28 50	22 60	33 54	11 53	65 53	21 55	35 56	2 48	34 44	26 47
62 58	34 46	37 52	51 48	55 49	13 48	9 53	24 52	1 54	64 56	48 48	46 54	8 52	20 46	59 55	44 54	14 45	36 46	31 49	21 47	11 49	68 40	53 49	47 51	27 43	18 43	30 46	15 47	43 50	3 47	10 50	52 46	38 46	66 57	33 42	61 52	26 54	35 45	65 43	5 46	67 52	57 50	60 48	32 45	40 53	69 45	56 54	0 53	25 53	58 53	4 49	50 41	42 49	49 59	6 54	63 51	16 50	2 50	12 50	39 49	28 48	45 48	7 44	19 54	22 46	54 47	17 54	29 51	41 52	23 45
55 53	36 46	68 49	33 48	18 55	29 57	34 47	19 44	4 52	63 53	7 50	15 55	16 50	28 39	26 55	65 46	12 48	25 41	48 55	53 45	30 49	10 45	5 54	60 55	31 47	38 36	23 55	11 54	41 51	21 51	43 51	2 50	20 46	0 47	47 47	58 45	8 55	40 46	54 47	35 57	44 52	37 49	22 55	50 59	67 55	59 51	42 59	3 45	66 53	61 46	46 58	14 49	52 51	17 62	62 51	13 42	32 54	6 47	24 52	1 49	57 50	9 55	49 46	69 53	45 53	51 44	64 56	27 55	56 49	39 54
43 54	48 52	2 45	37 49	38 52	54 50	26 43	9 40	45 44	24 46	7 41	32 52	46 51	59 58	51 46	34 45	53 56	21 60	58 49	35 42	69 49	67 50	4 52	18 46	8 56	29 37	49 50	50 44	39 50	33 59	56 45	0 54	47 47	3 55	65 45	42 54	10 57	5 55	15 48	17 45	22 53	16 51	25 50	61 49	62 55	41 57	27 52	55 56	28 53	44 50	1 57	13 43	52 47	6 46	36 50	11 44	23 52	57 42	68 49	31 50	63 52	20 53	30 51	19 47	14 53	60 47	12 48	40 54	64 46	66 46
41 54	67 55	13 57	62 58	26 49	7 55	66 54	18 47	46 52	24 53	8 58	61 45	14 45	45 48	30 56	39 50	6 50	11 51	60 59	55 52	10 52	69 51	0 47	42 49	25 58	20 50	5 53	21 49	9 44	19 47	58 51	22 57	29 48	68 52	57 57	15 47	23 55	12 51	16 52	52 61	47 46	32 48	36 54	4 48	27 45	33 61	50 50	43 55	51 56	38 55	56 53	34 58	49 53	28 53	2 51	59 58	40 41	48 52	1 53	65 53	3 62	53 51	31 55	35 47	44 43	37 47	64 51	63 44	54 47	17 48
57 53	38 44	46 48	6 52	40 54	14 65	15 48	63 46	58 51	28 46	35 58	22 46	5 48	67 55	7 50	42 47	60 50	53 50	39 43	41 55	33 52	48 55	16 50	8 57	45 47	30 46	2 48	69 53	20 49	62 49	68 46	64 52	31 51	29 49	3 50	56 47	37 49	19 41	55 46	44 51	65 37	11 51	51 50	59 49	13 51	12 42	49 47	54 47	0 53	9 51	34 41	36 51	26 52	23 44	27 58	17 50	32 38	10 50	43 46	1 52	4 61	25 49	66 43	18 53	50 46	52 41	21 54	61 53	47 65	24 53
25 47	9 49	64 48	45 48	33 52	0 52	34 48	13 45	23 55	55 42	1 48	27 55	35 51	26 50	69 53	2 54	28 54	53 57	10 51	61 56	32 49	65 48	20 42	24 43	52 45	42 57	21 48	22 54	15 55	54 46	51 61	67 53	30 39	5 51	19 51	14 45	41 47	58 52	44 54	11 56	66 50	39 51	17 48	40 58	29 62	4 52	37 49	36 54	60 52	47 63	38 50	8 52	62 51	12 48	43 52	63 44	16 44	46 53	3 48	68 51	49 49	31 45	50 45	56 41	48 50	59 62	7 47	57 60	18 47	6 51
9 56	12 56	7 48	52 53	64 55	57 52	50 50	24 50	45 46	35 55	26 50	37 44	27 52	44 47	53 45	5 55	66 47	2 49	58 57	0 50	15 52	36 49	34 52	60 52	16 46	20 39	43 53	59 42	49 49	22 43	41 49	4 58	56 47	51 55	47 56	28 42	21 55	54 43	39 49	10 45	1 55	62 44	61 51	18 61	69 50	19 36	14 46	42 58	38 49	3 53	29 48	46 53	6 49	68 49	11 46	23 48	33 44	25 50	55 49	31 57	13 58	8 50	40 50	30 56	63 44	67 46	48 50	17 59	32 51	65 54
42 54	22 45	27 56	47 42	57 55	68 52	66 56	0 48	6 47	44 48	52 45	60 55	20 42	19 46	58 41	34 39	4 56	32 59	2 55	53 56	9 49	54 57	31 53	13 55	1 47	65 50	12 51	41 45	28 54	55 40	30 53	35 51	14 55	8 57	51 57	69 50	36 49	67 45	16 50	10 52	7 53	3 46	38 43	25 50	46 59	5 48	62 46	17 42	33 58	21 47	61 60	26 51	29 48	43 54	48 45	56 55	49 46	24 57	45 52	15 44	40 45	50 53	63 56	23 56	59 58	39 47	11 41	64 57	18 50	37 47
66 55	52 54	40 58	31 60	54 52	4 52	61 51	53 48	12 45	58 52	42 45	43 52	67 47	50 46	16 46	9 46	68 44	6 43	22 45	60 53	7 51	64 42	15 52	29 57	55 51	47 55	32 52	51 48	27 47	46 55	36 47	63 50	45 49	0 47	13 57	34 48	38 46	23 45	21 56	49 51	62 58	41 58	3 48	2 47	5 51	1 45	17 48	19 46	65 51	69 50	10 63	44 55	35 45	37 42	28 54	39 41	11 46	33 48	18 50	59 60	48 52	14 51	26 49	24 48	56 50	20 42	8 48	30 47	25 52	57 53
26 47	23 49	46 39	25 59	0 44	31 48	56 43	12 42	65 43	42 49	18 46	5 61	10 47	28 55	50 46	43 49	1 47	64 47	32 53	27 54	15 49	67 49	54 47	59 53	55 43	66 50	36 51	11 45	49 50	40 54	29 47	52 54	6 54	13 49	30 53	2 42	41 52	61 52	4 55	8 49	44 39	62 53	58 47	51 52	57 55	35 46	60 49	34 42	3 51	69 61	39 54	16 43	45 45	21 46	9 54	68 49	48 48	53 53	38 51	47 56	22 51	7 49	19 51	63 38	17 48	24 41	14 60	33 54	37 46	20 47
24 52	37 47	44 49	46 52	39 45	18 53	12 44	4 56	58 46	38 51	2 50	40 51	68 52	8 56	57 39	61 47	36 54	42 51	3 53	47 48	28 48	50 56	60 54	16 55	33 46	26 43	34 48	69 51	27 52	22 52	54 49	13 58	59 49	52 46	19 52	0 46	67 53	17 42	41 48	14 37	45 49	23 61	6 53	7 45	66 51	51 50	63 53	31 48	35 52	43 46	21 54	56 46	65 50	29 55	53 52	9 50	48 54	55 47	32 45	25 47	1 57	20 58	11 51	62 45	49 48	15 44	30 42	5 58	10 52	64 50
50 47	52 50	59 58	11 60	3 45	39 46	23 53	44 51	18 46	7 47	33 56	0 51	31 46	14 46	29 37	53 52	4 54	49 50	60 47	64 53	32 57	41 53	16 44	66 52	69 50	28 56	67 54	57 55	8 56	30 50	15 47	19 58	13 53	27 48	38 55	9 48	46 47	6 51	47 45	65 54	37 54	61 63	21 50	10 52	55 49	26 51	42 55	1 52	36 51	40 47	51 43	43 51	17 51	63 56	62 54	22 46	56 48	68 49	34 56	58 40	45 52	54 51	48 56	20 51	12 46	24 61	35 57	2 44	25 45	5 56
58 55	46 50	29 52	26 58	25 53	66 41	39 50	43 56	49 46	69 53	31 44	48 55	56 45	32 38	64 42	40 53	28 50	44 54	54 51	11 55	37 53	41 51	62 47	16 47	35 51	5 48	60 48	30 46	3 56	47 48	67 39	0 54	18 46	63 49	52 54	51 57	61 47	19 43	21 46	22 44	7 59	20 55	42 61	57 53	17 57	55 49	15 52	9 55	2 48	53 45	33 47	12 50	65 61	14 54	68 46	45 50	34 41	23 48	13 54	4 50	10 51	36 53	38 54	59 53	24 54	1 48	27 51	8 47	6 50	50 49
13 49	10 46	65 47	67 51	19 43	35 49	29 48	68 54	9 48	39 49	22 54	41 61	45 40	62 52	44 54	24 55	53 44	20 50	14 44	55 55	40 48	2 45	0 48	54 51	31 47	48 47	8 53	64 50	3 40	61 45	16 59	28 50	50 54	23 51	30 50	58 53	51 55	34 51	33 47	12 54	49 47	46 43	5 48	27 51	63 41	47 55	37 55	11 53	52 48	32 51	1 38	26 47	21 47	7 44	60 52	15 52	18 47	57 50	42 38	38 53	69 61	59 49	17 51	56 45	66 53	43 57	6 53	25 50	4 58	36 43
43 48	2 59	0 45	1 50	47 39	22 47	26 46	62 40	41 48	57 50	59 44	28 47	61 43	9 52	55 49	56 43	31 44	35 42	38 46	67 51	69 47	64 51	18 48	36 52	6 53	51 54	16 49	29 47	17 45	10 51	15 46	19 37	11 40	32 53	33 42	48 50	25 46	4 59	7 45	39 56	46 56	63 46	60 53	50 45	30 53	40 46	65 54	58 47	3 45	42 54	5 52	12 57	45 53	8 43	49 43	14 55	44 50	23 54	53 47	37 48	68 54	52 47	34 53	20 51	54 46	21 54	24 51	13 69	66 47	27 40
54 54	18 42	64 48	50 50	13 52	42 40	33 45	17 54	0 46	55 49	2 45	39 56	4 51	56 49	1 48	61 59	65 49	52 55	6 46	67 54	34 49	21 49	32 57	30 55	48 53	31 45	12 51	68 50	15 46	19 44	8 49	37 46	29 53	11 43	3 61	9 47	40 54	22 49	58 49	46 50	53 51	35 43	27 48	41 40	28 51	45 58	5 52	69 52	23 47	43 49	7 46	47 50	51 51	16 48	57 61	63 46	25 53	66 45	62 56	26 50	49 51	20 52	44 49	36 43	60 41	14 45	10 47	59 41	24 43	38 50
4 45	61 53	37 50	20 53	11 41	52 50	66 53	16 57	46 50	41 43	13 47	40 50	12 51	5 59	31 57	69 55	49 49	36 46	38 56	55 50	30 53	10 43	64 52	53 58	19 48	51 48	1 48	23 48	54 49	56 53	34 50	3 57	26 48	15 53	57 51	22 62	8 47	27 57	62 46	2 42	50 52	24 51	47 47	0 52	33 59	14 47	65 45	44 46	42 48	43 40	29 42	9 55	39 56	48 56	17 48	18 49	59 48	67 50	6 44	21 45	58 42	68 49	45 51	63 59	25 56	28 49	7 49	60 43	35 48	32 54
55 50	57 54	3 59	50 57	10 51	59 43	43 55	37 51	0 53	54 47	46 41	35 54	6 50	22 51	5 47	68 47	7 58	18 46	40 53	17 48	24 58	61 59	21 50	45 53	2 54	14 50	66 55	31 52	47 44	13 45	49 53	12 53	48 54	53 49	15 47	69 42	51 44	28 52	67 46	39 57	25 50	36 50	32 54	58 51	20 52	4 53	38 41	60 56	16 53	34 57	62 45	26 51	9 49	56 46	27 51	63 50	23 55	41 47	11 37	19 45	30 53	8 46	33 42	1 49	65 42	52 50	42 56	44 61	29 42	64 58
27 51	54 56	7 48	42 45	9 41	3 51	48 57	47 45	15 50	67 48	20 45	28 55	26 53	39 45	36 59	35 42	29 58	62 50	2 50	46 50	58 59	52 51	49 46	56 40	24 54	51 53	13 49	5 57	34 52	10 49	55 54	6 51	69 61	16 53	43 58	61 44	57 55	22 53	66 49	18 41	11 49	33 44	14 47	44 46	41 51	30 50	68 45	65 55	19 62	45 55	21 47	0 45	38 57	8 51	53 52	32 46	4 45	23 52	12 51	50 54	31 51	25 59	37 50	64 50	17 48	59 52	1 45	60 46	40 45	63 50
22 52	9 47	7 49	50 45	10 58	44 52	34 52	15 45	4 52	61 50	23 48	59 53	65 47	27 45	53 53	11 47	42 48	16 56	48 58	29 45	45 50	3 53	41 52	18 53	0 41	17 61	8 43	43 48	35 49	36 48	38 50	68 44	1 57	58 43	30 55	55 54	33 50	56 56	52 49	47 53	21 51	24 61	6 53	28 52	32 52	67 51	39 56	31 57	46 50	62 59	14 52	26 47	13 49	19 44	63 47	51 46	40 56	69 49	49 56	66 52	20 52	2 54	12 57	54 47	64 60	57 51	25 52	60 46	37 46	5 49
60 52	5 53	42 56	53 43	66 50	59 53	22 48	11 48	3 45	62 55	68 53	8 46	58 51	50 53	20 53	38 48	13 51	47 49	6 47	44 39	29 46	1 49	37 53	48 44	17 52	65 51	35 56	34 48	46 54	19 55	15 48	64 50	12 53	69 49	49 49	56 58	30 55	54 50	67 53	10 56	52 44	61 59	57 56	2 54	9 57	26 56	4 52	33 57	51 41	7 41	25 50	36 47	32 52	39 58	41 55	24 53	55 52	23 57	31 38	0 41	40 51	21 49	27 46	63 53	43 50	45 54	28 50	18 48	16 51	14 52
7 61	6 52	3 54	28 57	52 56	40 46	39 49	9 56	0 39	4 49	31 57	43 50	33 51	56 46	61 48	65 37	34 54	8 45	14 55	55 50	17 60	53 47	15 54	41 41	12 52	66 53	26 58	10 53	38 52	25 52	51 53	24 44	5 47	37 53	47 44	19 49	1 48	21 50	50 46	62 50	57 49	29 57	44 52	58 49	63 60	13 58	11 53	60 43	30 46	42 58	27 57	20 59	48 46	46 43	69 56	45 45	67 58	54 52	16 55	23 50	2 48	22 55	49 47	68 53	59 46	35 48	32 43	36 54	64 53	18 49
51 55	27 50	35 60	24 48	0 52	57 49	61 55	49 54	11 43	31 53	36 56	67 60	13 55	22 49	5 55	37 48	19 56	29 48	54 48	33 63	3 47	23 45	46 43	18 53	60 46	20 44	10 51	42 57	41 54	38 49	40 48	47 46	14 58	53 53	25 57	63 54	52 52	15 46	1 49	58 56	12 50	6 57	66 47	59 42	30 51	2 53	4 54	43 53	62 49	21 37	64 46	16 52	17 47	32 47	7 49	65 45	50 48	45 53	9 46	69 49	56 52	44 53	8 41	26 52	68 55	34 49	28 54	55 47	48 49	39 51
50 42	67 52	37 48	46 48	47 51	28 50	54 53	19 55	34 48	65 45	32 45	59 52	20 48	42 56	25 54	39 51	29 56	3 49	2 61	68 54	36 54	9 49	61 41	26 56	40 48	18 52	55 52	41 55	52 53	56 44	17 51	12 54	1 61	11 38	0 48	45 48	16 49	22 50	33 54	21 55	53 56	35 49	43 42	62 48	49 48	15 54	5 49	60 47	23 51	57 47	38 56	63 54	13 53	31 43	14 59	27 51	6 56	64 51	58 44	7 51	4 50	48 49	44 49	24 54	69 51	10 45	8 47	66 56	51 53	30 50
44 58	27 48	19 45	46 51	33 47	35 54	49 44	48 47	50 52	32 52	4 48	58 51	12 45	22 51	43 54	66 44	61 54	45 53	34 45	64 54	65 53	36 56	10 49	9 40	14 52	26 47	6 51	62 51	39 51	52 48	24 56	5 47	56 58	16 45	67 50	7 47	37 49	30 41	21 48	59 55	29 45	20 49	0 48	1 55	53 64	38 50	60 57	40 59	55 47	23 53	57 57	3 46	25 53	2 54	8 50	13 51	69 53	54 44	68 45	31 54	47 45	15 55	18 47	63 50	11 54	41 52	28 45	51 46	42 48	17 54
17 48	8 54	13 41	43 43	31 52	50 49	67 51	12 48	27 50	24 55	48 51	61 55	36 45	15 48	53 49	20 58	34 58	54 42	62 44	9 47	47 54	26 55	14 48	65 54	22 54	56 51	52 54	45 47	16 51	46 45	68 50	38 40	21 50	58 44	11 50	55 46	64 52	23 48	30 56	42 51	29 52	59 49	10 49	51 61	39 47	33 55	63 46	41 52	49 51	7 49	40 38	18 54	6 52	60 46	1 54	44 54	37 54	35 46	32 48	66 50	19 60	0 53	28 46	4 56	25 46	57 47	5 55	2 57	3 44	69 48
