60	15
3 2	2 1	13 2	4 1	8 1	6 3	7 1	0 1	14 3	5 2	11 2	9 1	10 3	12 1	1 1
13 2	1 4	9 1	4 3	11 1	12 2	14 2	3 1	8 1	7 2	5 3	0 3	2 1	6 3	10 1
8 2	12 1	9 2	10 1	3 2	4 1	13 1	5 2	11 1	0 3	7 2	1 2	14 3	6 5	2 1
1 8	13 2	7 2	5 2	10 2	12 3	6 1	14 3	11 1	3 3	4 1	8 2	0 1	9 4	2 5
5 2	13 1	1 1	2 1	3 4	0 2	10 1	7 1	6 1	11 1	12 1	14 2	9 2	4 1	8 1
9 1	2 2	14 2	4 2	12 3	7 1	11 2	10 4	6 3	13 2	5 1	0 1	8 2	1 2	3 1
6 1	3 1	0 2	10 2	9 1	7 1	5 2	11 3	12 2	1 1	4 1	14 3	8 1	13 2	2 1
9 2	1 3	13 2	4 4	3 1	5 5	11 1	14 1	6 4	8 2	0 1	7 2	2 3	12 1	10 5
3 2	11 2	14 1	2 1	0 2	10 1	9 1	13 3	5 1	8 1	12 1	6 1	1 1	4 3	7 1
10 2	9 2	4 2	5 1	13 3	11 1	1 1	6 4	12 2	14 2	2 4	7 2	3 1	8 1	0 4
14 2	12 1	8 1	10 2	1 3	11 2	7 1	2 1	4 1	13 2	9 1	0 1	5 1	6 1	3 1
7 1	0 2	12 3	10 1	2 4	8 1	3 2	1 4	5 1	9 2	14 1	13 8	4 1	6 1	11 1
7 2	0 1	12 2	1 1	4 1	2 1	8 1	14 3	6 1	5 1	13 1	3 3	11 1	10 1	9 2
1 1	2 1	8 1	11 1	4 1	7 1	6 1	0 1	10 1	13 2	14 3	9 6	3 1	5 3	12 1
14 1	9 2	11 1	1 1	6 1	5 1	13 1	12 1	0 4	3 1	8 1	7 1	10 1	4 1	2 1
1 1	7 2	13 1	4 2	11 3	2 2	9 3	14 1	0 4	6 1	5 1	10 5	3 1	12 1	8 1
5 3	8 8	13 1	12 1	3 3	1 4	7 1	0 1	10 1	4 4	11 2	6 2	9 1	14 2	2 3
10 17	11 1	5 1	0 3	9 1	3 1	6 3	1 3	4 1	12 1	7 1	14 4	13 1	2 3	8 1
8 2	2 1	1 3	13 2	11 1	9 3	12 2	7 1	5 3	10 2	4 2	3 1	14 1	0 2	6 2
12 1	8 1	1 5	9 2	10 1	7 3	2 3	3 7	4 2	5 1	13 1	6 4	0 2	14 2	11 4
4 2	12 3	14 2	10 4	6 2	2 2	7 1	1 2	13 1	0 4	11 3	3 2	9 2	5 1	8 1
13 1	0 3	1 1	7 1	14 1	3 1	9 2	8 2	12 2	11 4	10 2	2 1	6 5	4 1	5 7
0 1	6 1	12 1	8 1	5 1	2 1	3 5	13 5	7 1	10 4	9 2	14 3	4 1	11 1	1 1
13 2	6 2	8 2	14 4	1 4	9 4	12 2	7 1	4 1	5 1	11 2	0 1	2 1	3 1	10 3
9 9	13 1	5 1	8 3	1 1	4 4	2 1	11 1	14 1	10 5	6 1	7 2	3 1	0 2	12 2
2 1	3 3	1 3	10 3	12 2	4 4	0 1	13 1	11 2	8 1	6 2	5 1	14 1	7 1	9 1
11 3	12 1	5 4	9 1	13 1	8 2	4 2	7 5	14 6	6 2	1 1	2 1	0 1	3 1	10 3
8 3	6 1	9 2	13 3	1 1	0 1	10 2	14 1	5 4	4 1	7 1	2 1	11 1	12 1	3 6
3 1	10 1	5 7	8 7	0 1	14 1	4 3	9 3	12 2	13 1	11 2	7 2	2 3	6 2	1 1
14 1	9 2	12 1	0 1	3 2	2 3	10 4	11 1	1 1	8 1	6 2	5 3	13 3	4 1	7 1
4 6	8 1	2 1	12 4	9 1	10 2	1 2	0 2	14 1	5 3	6 1	11 1	3 1	7 1	13 3
8 2	2 2	1 1	3 2	6 1	0 1	10 4	7 1	11 3	9 4	12 1	14 4	4 4	5 1	13 1
6 1	13 2	10 1	3 1	1 1	2 2	14 1	8 4	5 3	0 1	11 1	9 1	12 1	7 1	4 1
4 5	8 4	2 2	12 7	3 2	7 1	1 1	14 4	13 1	0 1	6 3	10 2	5 1	9 1	11 1
14 5	3 3	2 1	7 1	9 1	11 4	0 1	10 4	5 1	4 1	12 1	8 2	6 1	13 1	1 1
0 2	7 1	9 1	2 2	4 1	8 5	14 3	10 1	6 1	11 1	13 1	5 3	12 4	1 1	3 1
13 1	4 2	9 3	14 1	6 1	11 1	3 1	10 5	1 2	2 5	0 1	8 1	7 1	5 1	12 1
6 2	11 1	9 5	1 1	0 1	13 2	7 2	12 10	14 3	3 3	4 4	10 2	2 2	8 1	5 1
1 1	13 2	4 3	0 2	9 2	3 1	5 8	11 1	7 1	8 3	6 1	12 1	2 1	14 1	10 1
11 2	5 1	6 1	14 6	7 1	13 2	9 2	4 3	3 3	10 3	2 1	1 1	8 3	12 2	0 2
6 3	3 2	13 1	9 1	8 2	11 2	14 2	4 2	0 2	7 2	12 1	10 1	5 2	2 1	1 1
11 5	2 1	9 3	7 1	6 2	8 3	14 2	3 5	1 4	12 2	0 1	13 6	5 2	4 6	10 1
8 1	4 2	10 4	0 3	1 1	9 1	2 7	14 1	13 4	5 2	6 3	12 3	7 3	3 1	11 1
6 1	8 1	5 5	13 2	7 2	1 4	10 2	2 2	9 2	11 4	4 2	0 2	3 6	14 5	12 1
11 1	1 1	9 7	0 1	8 3	7 6	12 3	6 1	5 1	4 2	2 1	14 1	3 1	10 4	13 1
4 1	3 1	0 1	7 2	2 1	12 1	11 1	10 3	9 1	5 2	13 1	1 2	6 1	8 2	14 6
2 1	3 1	9 11	10 1	0 2	8 2	11 4	7 1	1 3	5 3	14 2	6 2	4 5	13 2	12 1
4 1	9 1	8 3	11 2	3 1	6 2	7 1	12 3	13 1	1 3	14 1	5 2	0 2	2 2	10 1
0 1	11 4	6 6	2 1	3 5	13 1	4 7	1 1	7 1	10 1	12 1	5 2	8 2	14 1	9 3
6 1	7 1	8 3	1 3	11 2	5 1	9 2	10 1	14 3	4 1	13 2	0 2	12 5	2 2	3 1
6 1	9 2	14 3	5 1	10 1	4 1	2 4	7 5	8 4	12 2	3 2	0 1	1 1	11 4	13 3
4 1	10 2	7 1	13 3	0 3	3 1	5 2	6 2	14 1	1 2	2 1	11 1	8 1	9 1	12 3
7 1	11 1	4 1	0 1	10 1	2 3	14 1	1 3	6 3	5 2	12 1	13 2	9 2	3 3	8 1
8 1	5 1	13 2	0 4	11 2	10 2	9 1	14 3	2 1	6 1	4 2	3 1	12 2	7 2	1 1
14 2	3 1	4 1	12 2	7 2	6 2	5 3	9 1	2 2	1 1	13 5	10 1	8 1	11 1	0 1
14 2	7 3	5 3	9 1	8 2	10 4	0 1	3 3	11 2	6 1	2 2	13 2	4 1	1 3	12 1
1 2	2 2	7 2	0 1	14 1	6 1	5 4	10 2	3 1	4 2	13 2	11 2	8 3	9 2	12 1
12 1	8 2	13 5	1 1	10 3	3 2	2 4	9 1	7 2	4 2	11 2	0 1	6 1	5 4	14 1
3 1	6 3	9 1	7 1	2 1	12 3	14 1	11 3	1 1	4 2	5 1	13 1	0 2	8 2	10 1
13 1	6 1	7 2	1 4	14 1	0 1	11 2	8 2	10 1	5 1	3 1	12 1	2 3	9 1	4 1
