90	40
9 46	17 50	31 55	16 54	14 46	33 50	34 57	4 47	22 44	1 49	37 48	28 50	27 47	21 55	38 50	24 51	12 47	15 50	7 48	10 36	26 45	39 51	32 48	18 53	19 50	3 47	13 51	30 52	20 55	8 57	29 53	11 39	0 46	35 54	23 56	25 43	5 48	6 51	36 41	2 53
20 53	18 45	21 57	36 51	35 45	34 45	15 48	17 53	24 50	39 51	33 45	32 52	2 53	14 50	0 46	9 41	31 47	30 49	27 42	11 47	25 43	13 54	26 47	10 49	4 50	23 53	5 51	38 60	7 53	22 58	6 55	3 52	12 46	28 52	37 46	29 48	19 48	1 54	16 48	8 38
16 48	20 50	21 55	13 51	15 48	26 53	24 49	2 37	38 48	19 57	29 54	28 50	23 53	17 47	31 52	39 47	9 56	36 49	30 59	32 44	25 52	37 57	10 50	5 45	27 50	0 58	11 46	35 53	8 48	18 52	4 53	1 45	22 52	14 44	33 38	3 47	6 46	12 54	7 57	34 48
38 47	20 44	5 44	18 47	14 53	25 54	27 38	37 48	33 50	0 45	24 42	11 59	10 50	34 48	7 44	17 45	31 49	21 43	9 46	2 50	8 59	26 46	15 47	4 52	35 52	12 49	29 50	6 48	23 50	1 42	19 49	3 51	28 54	39 52	22 43	32 41	13 46	16 46	30 56	36 46
32 37	25 55	18 54	33 39	12 51	31 46	26 47	19 47	39 52	1 54	13 53	22 53	5 49	3 50	14 51	38 55	34 53	16 49	21 40	15 47	11 56	29 45	4 50	9 49	27 53	35 51	24 56	17 53	2 50	36 42	28 48	23 49	8 54	30 48	0 46	10 53	20 54	6 49	37 49	7 53
35 47	23 51	28 50	24 55	29 49	1 47	33 55	34 46	30 53	14 48	11 52	39 47	37 52	26 43	25 50	18 48	12 47	17 55	10 53	6 54	7 42	19 50	27 41	38 48	5 51	2 50	36 53	21 59	20 50	22 55	0 54	16 55	13 49	8 44	31 56	3 52	9 51	4 55	32 53	15 50
35 54	17 52	22 56	21 52	39 56	4 45	27 52	38 53	18 49	16 50	6 46	13 52	34 54	30 46	11 49	36 45	32 40	28 55	0 45	2 43	24 47	12 53	7 43	10 52	23 55	1 54	3 55	19 42	14 56	20 51	9 46	15 51	33 48	26 49	25 49	29 51	8 55	31 44	5 55	37 52
28 51	18 57	17 61	9 53	8 50	6 42	13 38	22 49	12 47	15 42	39 48	14 51	19 50	30 52	25 51	2 52	21 55	32 53	27 54	23 47	33 48	35 58	5 44	37 59	36 50	11 50	3 50	38 51	16 38	34 51	29 45	20 49	26 54	4 51	0 47	24 44	1 44	10 56	31 58	7 45
33 52	11 51	35 57	37 47	22 52	13 44	28 53	17 53	12 51	38 51	26 56	3 44	9 45	1 50	20 44	21 55	18 57	5 46	24 55	25 50	4 49	32 47	19 53	30 47	29 62	0 43	7 53	6 55	2 47	23 51	36 46	8 44	31 60	10 52	39 47	27 48	15 52	16 49	14 54	34 50
34 46	28 48	12 46	33 55	7 53	30 54	4 55	31 48	0 53	16 49	21 54	36 46	25 49	11 38	29 48	18 58	20 59	13 61	32 43	14 56	3 48	15 53	23 52	37 55	5 44	8 58	6 54	10 46	39 50	19 47	27 38	9 46	35 48	22 50	26 49	24 50	17 48	2 49	38 53	1 49
39 47	24 43	1 43	27 43	25 39	8 49	13 53	32 52	11 49	0 52	26 53	3 60	31 49	22 42	16 49	6 51	5 51	34 49	30 51	18 53	38 52	35 51	29 42	37 51	17 60	23 46	7 52	10 50	4 57	20 49	36 55	12 52	14 48	2 57	19 58	21 54	33 51	28 46	15 56	9 48
3 58	2 50	5 48	24 44	33 50	0 57	28 46	8 58	35 44	32 52	22 44	13 45	12 51	31 42	21 50	19 64	9 50	36 48	39 46	23 46	14 53	7 52	11 54	16 49	6 43	17 59	26 49	15 52	29 43	30 53	27 64	20 44	34 50	10 57	38 50	4 47	25 60	37 42	1 50	18 58
24 45	27 55	0 41	37 40	30 58	9 48	31 56	18 54	21 51	8 46	4 49	23 55	7 49	15 54	2 47	38 42	25 47	19 52	20 50	28 43	10 51	29 53	14 41	1 43	3 49	16 50	5 56	13 46	22 53	11 50	36 40	35 44	12 51	34 41	26 51	17 58	39 49	32 53	6 52	33 44
1 47	9 50	29 46	7 59	4 49	3 53	18 40	25 55	24 46	15 42	8 44	35 45	31 58	28 51	27 42	12 54	11 47	22 51	39 53	32 47	21 59	34 42	19 52	23 50	2 37	0 43	30 48	33 52	14 56	37 41	6 43	5 53	17 54	10 47	38 48	20 55	13 51	36 46	16 47	26 49
10 46	33 49	7 44	24 41	9 50	14 55	23 45	6 44	39 50	37 46	11 55	17 57	32 50	29 51	36 52	16 58	38 50	18 47	27 44	15 61	12 43	35 46	2 47	19 47	21 46	30 55	31 50	3 57	5 44	1 51	4 50	28 54	25 59	22 56	26 50	8 55	13 53	34 47	20 46	0 52
35 42	14 45	23 39	32 55	12 48	28 44	34 50	6 52	15 50	18 42	30 55	0 54	21 47	9 39	5 54	24 49	8 49	39 48	27 56	26 49	33 48	7 47	19 57	25 55	3 54	31 52	10 55	17 39	16 42	13 45	38 55	29 58	20 46	37 51	2 54	22 46	4 54	11 51	36 53	1 51
33 43	4 52	38 50	21 54	11 60	35 44	36 47	37 62	28 46	0 56	15 53	6 46	34 45	3 53	12 58	1 52	23 48	19 53	9 49	24 49	2 49	30 56	32 42	39 47	13 46	16 51	7 45	27 56	26 47	25 43	31 49	20 45	18 48	22 47	17 45	10 43	8 43	14 52	29 52	5 51
4 56	13 48	19 40	30 52	14 48	7 51	27 51	1 48	22 52	18 46	0 42	11 43	2 45	38 41	10 53	17 50	36 45	32 44	16 42	31 47	15 46	28 54	26 42	25 51	8 48	33 46	34 57	9 48	3 51	12 50	24 49	37 54	39 55	5 49	29 46	23 48	35 45	6 52	20 52	21 48
6 50	19 50	23 48	17 47	18 49	33 51	16 46	11 51	31 57	8 59	35 39	39 47	7 47	30 54	21 51	22 45	20 58	28 50	25 53	14 52	9 47	3 42	38 61	27 52	29 37	13 52	1 40	24 46	34 48	26 53	15 50	32 49	0 53	10 45	2 54	4 47	12 56	5 43	36 55	37 43
36 51	2 53	14 43	7 52	12 44	39 45	24 50	3 56	37 52	15 46	19 47	4 49	21 44	8 54	0 49	16 48	17 51	23 49	38 40	27 41	6 48	28 42	32 43	10 49	22 49	20 37	34 55	30 48	1 49	13 44	29 48	11 47	25 54	35 51	9 50	31 55	18 53	26 52	5 51	33 49
0 52	3 47	7 56	30 51	31 53	33 42	34 44	10 51	25 47	19 46	20 48	1 63	13 50	21 45	39 41	9 51	18 48	17 50	37 53	6 51	35 38	27 48	2 49	14 51	32 56	23 51	12 51	24 41	22 52	8 51	11 45	36 55	5 50	28 60	26 54	38 54	16 51	29 54	15 49	4 52
8 56	21 57	31 56	19 52	24 48	27 55	29 49	13 45	17 47	28 51	38 46	12 47	2 56	0 46	36 52	3 49	26 43	7 48	32 48	14 44	18 45	9 49	23 54	33 52	22 53	37 46	4 44	1 52	16 53	15 45	39 46	30 52	34 46	35 43	20 47	6 55	5 53	10 52	25 58	11 40
15 55	16 49	11 53	32 47	34 41	9 56	31 52	19 57	35 58	18 54	4 60	29 55	17 52	10 46	14 47	38 53	24 49	21 53	0 56	13 48	7 48	2 54	1 45	39 46	5 47	12 52	6 52	8 42	26 56	25 52	37 52	23 51	30 47	36 48	3 42	28 51	22 45	33 58	27 54	20 48
34 49	32 47	20 43	0 46	1 47	14 49	4 42	8 48	27 47	37 53	13 60	38 54	26 43	30 42	12 52	29 56	16 46	5 59	2 44	36 54	22 55	15 44	25 50	17 42	21 46	35 56	10 51	6 51	31 48	23 57	9 54	33 56	39 49	3 53	7 39	11 49	19 44	28 49	24 48	18 41
26 53	9 50	31 56	11 48	32 50	2 52	17 50	27 62	34 50	25 55	20 52	29 51	23 52	39 46	14 51	8 51	15 48	24 61	0 52	19 44	4 55	21 52	5 46	6 47	10 51	33 43	36 51	1 55	30 51	3 53	7 52	16 44	37 57	12 39	18 45	13 48	38 48	35 53	22 48	28 53
8 48	16 43	35 41	11 51	17 49	9 41	34 50	10 50	23 48	39 56	6 43	32 57	33 52	36 49	29 50	37 46	12 57	4 50	26 46	18 45	28 51	22 50	27 56	2 38	14 50	30 49	0 43	13 46	3 47	7 62	21 46	19 46	31 45	24 46	1 54	5 55	38 44	20 57	15 50	25 44
19 47	26 51	9 46	32 44	4 58	5 52	30 52	20 50	17 49	13 42	33 45	15 56	39 48	22 49	6 54	27 58	35 46	2 56	10 53	36 44	23 56	21 51	14 44	34 53	3 43	12 57	38 53	37 49	16 45	0 50	28 55	25 54	7 46	24 45	31 51	8 46	18 46	29 47	1 57	11 45
30 48	36 44	7 53	32 48	24 59	14 48	5 58	9 51	33 46	28 48	26 55	2 51	16 46	37 53	19 47	4 46	29 47	38 45	0 52	12 52	3 57	23 52	25 46	11 45	15 53	18 53	31 45	34 51	6 52	1 43	8 53	17 46	27 44	21 50	39 49	22 50	20 37	35 44	10 60	13 45
13 51	12 49	38 49	5 43	2 44	31 52	15 56	27 46	3 50	37 48	39 54	34 51	19 43	23 54	4 46	35 52	8 53	10 51	17 53	21 48	32 40	9 53	24 52	26 56	22 46	29 49	16 49	36 46	20 41	33 56	11 51	25 48	6 49	14 51	0 49	28 56	7 44	1 54	18 48	30 49
25 42	34 52	18 59	9 51	22 55	30 50	29 52	12 48	15 48	23 42	13 46	32 50	21 48	8 52	3 55	28 51	0 45	38 49	5 52	24 53	6 42	7 56	17 49	1 53	11 43	4 45	35 46	20 54	39 44	16 48	14 57	27 48	37 48	26 53	31 49	2 44	19 47	10 52	33 50	36 46
6 52	37 51	9 49	33 50	16 46	21 54	18 50	12 51	0 49	14 49	8 51	25 47	17 47	15 50	5 53	11 49	10 55	23 58	4 44	22 49	19 45	2 60	39 53	38 52	27 39	7 53	35 56	13 56	1 59	20 39	34 43	29 55	3 46	32 55	28 52	24 43	31 55	36 58	30 56	26 57
36 49	12 55	3 60	18 47	23 54	39 53	11 50	22 56	4 52	30 48	25 61	24 52	28 59	8 55	21 48	35 47	10 50	9 47	20 54	17 49	33 51	2 46	15 50	26 45	14 49	19 44	7 56	29 54	13 46	27 50	6 51	37 46	31 43	1 53	32 49	0 53	16 50	5 54	34 41	38 49
10 54	13 49	31 41	6 48	16 42	14 53	29 57	1 53	35 50	32 58	34 45	12 48	8 56	33 51	23 47	9 50	5 50	3 47	15 58	19 46	27 49	26 50	25 49	38 49	24 42	17 54	4 53	39 56	7 50	30 52	37 45	21 42	11 51	18 45	36 48	2 61	0 51	22 45	20 45	28 48
19 51	34 56	2 46	5 42	8 52	39 59	7 50	21 56	15 47	29 58	17 54	10 49	24 54	30 49	13 43	14 49	0 53	6 46	26 45	3 47	23 47	11 53	22 52	18 43	25 55	31 54	35 51	32 51	12 46	33 52	9 44	4 49	27 50	16 52	36 50	38 48	37 47	1 48	20 55	28 56
19 52	15 63	25 54	39 54	30 51	32 48	26 55	1 60	29 49	21 48	31 50	33 50	12 46	34 54	11 45	7 49	22 52	5 47	3 59	4 57	17 43	24 60	2 49	10 49	14 54	38 48	36 49	37 51	35 51	20 48	27 38	28 57	8 44	16 46	9 44	0 50	23 55	18 47	13 46	6 44
23 56	9 49	11 57	27 47	5 45	32 43	30 54	39 44	15 55	8 42	13 41	31 50	7 51	34 48	10 45	36 54	12 43	14 56	6 40	4 49	29 49	1 52	17 53	16 44	24 53	3 45	20 56	22 63	37 56	38 51	19 48	28 46	18 52	2 53	26 47	35 49	21 51	25 41	33 57	0 40
25 49	30 55	38 52	17 48	10 51	36 51	3 50	21 48	15 44	29 46	14 60	34 51	6 53	2 63	23 53	12 47	20 49	19 46	32 46	39 46	8 46	0 49	7 49	5 51	18 53	16 57	4 46	13 46	28 54	11 45	31 52	22 54	33 50	1 49	9 47	27 53	35 52	24 46	37 57	26 51
32 49	33 45	30 51	8 52	37 47	0 49	1 41	24 51	22 53	39 52	26 44	3 45	34 53	31 48	20 47	10 53	21 46	4 50	12 47	5 44	28 57	2 49	36 61	23 48	25 45	7 45	14 50	13 46	35 57	19 43	27 44	18 54	38 56	9 47	16 55	17 59	15 52	6 50	29 56	11 47
26 52	19 42	34 38	37 53	7 43	8 55	12 50	30 54	29 51	39 54	38 46	35 51	1 45	36 52	32 57	2 52	27 51	13 55	10 58	33 55	23 46	28 39	0 45	16 49	15 43	14 47	25 47	3 43	5 45	31 46	22 50	17 46	9 61	21 52	24 44	4 48	11 40	20 52	6 43	18 38
8 52	1 52	29 50	36 50	32 51	21 55	30 60	16 57	37 54	10 62	31 48	24 56	35 51	12 46	18 53	39 44	27 50	6 48	0 58	7 41	3 56	23 44	19 57	2 49	5 50	4 45	25 44	17 50	9 50	15 48	28 49	38 49	11 56	13 32	22 54	20 45	34 47	33 54	14 49	26 52
9 49	18 42	24 52	20 47	28 50	4 44	3 57	10 48	11 50	17 50	15 48	30 53	12 47	16 42	37 52	22 57	6 55	27 51	32 40	29 46	26 47	8 49	1 47	38 53	33 56	19 47	13 47	35 54	31 40	14 55	34 54	39 38	5 51	25 43	7 43	21 51	36 47	0 64	2 57	23 52
25 50	0 61	33 44	31 53	24 48	21 49	7 50	12 54	14 49	34 58	16 47	15 49	4 53	32 61	26 49	38 50	9 57	6 56	23 44	1 54	13 45	27 47	20 54	30 47	2 54	18 51	5 52	37 45	36 49	17 53	10 53	39 51	22 48	19 48	8 48	29 54	35 48	11 47	3 48	28 44
39 43	23 46	10 45	26 60	29 58	16 58	12 60	38 51	5 59	35 52	27 46	24 56	2 45	3 47	4 55	18 51	19 41	22 54	21 50	25 51	20 54	30 46	13 39	14 52	7 44	17 54	8 38	15 48	31 48	33 51	34 46	0 55	37 54	32 45	11 53	28 55	1 57	9 39	36 50	6 48
12 55	27 50	39 44	34 47	1 54	23 50	7 57	21 50	28 47	29 47	24 41	16 42	0 36	8 49	19 54	22 57	15 55	25 61	18 51	32 51	31 45	3 45	2 44	37 44	10 57	14 49	5 46	26 41	36 56	4 60	13 47	35 46	33 48	6 45	30 50	17 46	11 56	20 57	38 53	9 50
10 50	18 49	12 59	4 51	34 50	20 50	27 37	22 53	24 50	7 48	31 54	19 45	29 45	17 50	6 50	1 41	13 47	37 53	3 49	30 48	5 46	33 52	26 48	39 47	28 51	11 50	8 41	23 54	0 51	2 47	16 48	36 55	15 51	9 49	32 50	38 45	35 43	21 50	25 47	14 54
28 52	20 50	18 51	19 44	7 43	3 47	29 43	24 50	31 45	14 47	27 50	8 54	39 52	34 55	5 45	15 47	6 44	33 54	13 54	4 51	21 54	38 56	10 48	23 51	12 50	36 50	17 51	2 44	35 44	32 46	16 55	26 49	9 53	30 50	1 53	25 46	0 50	22 55	37 48	11 65
4 49	29 44	10 59	22 50	0 37	7 44	19 57	17 55	38 52	27 50	39 53	35 59	31 47	20 48	36 58	37 55	13 52	16 42	12 56	25 53	18 58	14 49	2 53	32 52	24 48	15 54	11 56	28 46	1 53	23 52	33 42	30 62	26 59	8 42	3 49	34 44	6 57	5 45	21 50	9 44
29 57	20 57	0 46	6 48	26 51	27 50	32 43	11 49	28 48	13 48	17 62	31 48	39 47	10 54	23 51	8 41	5 47	30 55	22 49	36 53	16 49	19 45	4 54	38 55	25 50	34 52	33 50	3 58	9 52	2 52	21 54	12 48	35 48	14 43	37 41	7 56	18 56	1 51	24 48	15 52
12 42	10 49	1 42	20 52	23 48	22 53	14 51	4 50	34 48	33 48	39 43	15 47	37 54	11 57	36 52	30 44	32 44	16 47	31 47	24 61	17 42	26 50	2 47	27 57	8 45	5 45	25 44	6 61	3 53	18 52	35 44	0 57	29 44	13 46	28 43	7 52	38 51	19 55	9 53	21 52
26 46	8 46	31 47	29 58	37 55	38 49	32 49	3 50	0 48	15 53	5 57	1 45	23 46	19 47	13 59	22 48	17 54	11 45	6 55	2 57	35 53	24 45	21 52	25 52	27 39	33 45	12 44	14 57	9 49	36 51	20 46	34 47	4 49	30 50	39 51	18 54	16 42	7 53	28 47	10 52
3 49	39 55	25 51	1 51	35 46	27 49	36 49	2 43	16 47	22 44	15 52	7 50	14 51	24 52	32 55	20 47	37 52	34 48	12 50	28 35	31 41	19 53	26 55	10 51	33 49	29 46	6 40	18 46	5 53	38 59	9 43	23 54	0 55	11 45	13 52	8 49	17 49	21 51	30 44	4 48
25 45	29 55	28 48	0 45	7 46	27 60	13 54	11 53	34 43	16 56	32 43	38 51	5 52	36 51	8 56	19 50	4 41	30 49	1 45	18 48	31 61	6 42	33 54	15 46	17 47	12 52	24 50	20 45	9 41	10 55	35 53	14 46	37 46	2 55	3 49	21 42	23 55	22 44	26 51	39 52
7 44	29 47	11 40	19 49	22 55	21 59	8 58	6 49	31 47	17 57	26 51	34 49	1 51	13 51	32 45	18 43	25 42	33 51	9 46	37 42	39 41	28 48	14 51	2 50	15 56	30 54	3 46	5 46	24 48	20 43	35 54	16 49	36 54	0 54	38 55	10 49	4 48	23 49	12 47	27 49
17 49	36 41	32 44	23 58	22 45	9 53	24 44	0 49	2 54	14 44	34 44	1 53	18 56	8 48	21 58	20 55	27 51	3 46	15 49	30 51	33 57	28 49	6 47	29 52	11 57	13 54	4 58	31 45	39 50	5 50	37 48	10 42	7 55	19 46	35 46	16 53	25 51	12 51	38 57	26 51
14 51	21 47	9 49	30 51	1 53	15 45	6 57	26 45	12 53	37 50	38 53	10 50	33 48	19 46	29 58	5 56	34 49	0 52	27 48	32 54	35 48	20 43	7 53	8 50	11 50	24 53	13 55	2 56	25 55	39 54	16 48	18 47	17 51	4 45	22 58	23 53	36 46	3 50	28 46	31 53
15 48	14 45	19 53	17 50	16 48	20 49	26 48	27 48	2 49	1 45	3 53	28 52	22 44	6 52	21 54	7 45	13 49	5 57	8 49	30 47	0 56	29 60	37 41	31 49	35 52	33 64	9 50	38 38	34 46	24 53	11 50	23 55	32 55	12 41	25 44	18 56	10 40	39 54	36 48	4 47
32 53	4 47	27 55	21 49	33 49	24 50	0 52	12 45	5 55	14 47	15 48	17 52	13 51	19 46	22 48	3 46	6 53	39 46	31 50	25 50	7 44	20 43	30 50	11 49	23 55	2 56	28 53	1 35	36 55	16 54	37 48	38 57	9 50	10 47	34 46	18 47	29 53	26 42	8 49	35 58
15 37	22 59	13 48	17 56	20 53	19 51	0 47	34 49	32 47	6 48	27 41	38 45	10 57	25 49	31 40	29 48	24 53	2 48	16 48	11 52	14 54	8 45	30 50	3 50	12 47	28 44	1 49	4 46	37 45	5 59	33 57	21 47	18 52	26 55	35 55	36 49	23 50	9 48	7 49	39 44
25 45	29 45	6 47	34 51	16 54	14 45	33 44	24 56	35 55	27 48	28 54	3 51	5 47	22 48	23 59	12 56	8 46	36 39	37 55	31 41	2 42	11 49	10 48	26 48	32 57	0 55	4 55	15 51	7 63	13 51	1 49	20 59	19 55	18 51	30 48	39 59	9 47	17 50	38 45	21 48
38 52	36 48	31 52	4 44	8 49	15 54	37 50	16 46	23 56	13 52	24 48	12 53	25 58	17 56	20 62	22 50	18 50	6 47	2 56	39 48	34 53	3 57	30 51	5 52	26 50	21 55	7 49	32 51	27 45	1 43	19 50	9 48	10 51	28 41	29 39	14 51	11 48	33 45	35 49	0 51
16 52	12 45	28 44	17 51	13 46	20 43	38 49	24 49	9 45	30 58	39 48	11 45	14 59	31 44	15 44	18 42	1 53	7 54	10 62	33 47	32 42	6 46	29 49	5 49	2 57	8 56	26 49	21 49	27 44	4 46	34 52	19 53	0 55	3 50	25 52	23 52	36 49	37 47	35 49	22 49
30 48	38 37	15 47	35 55	18 48	20 55	5 44	24 50	26 57	33 45	17 43	22 39	6 52	16 49	29 49	7 55	32 60	8 54	13 51	28 49	12 47	34 51	31 60	25 53	23 47	27 52	1 50	11 51	21 50	10 50	36 46	4 46	0 41	39 56	2 55	9 52	37 47	14 52	19 53	3 46
9 53	6 52	30 39	23 57	11 45	14 56	32 52	8 46	2 48	3 47	12 47	28 46	17 60	16 52	26 44	29 47	1 41	10 62	21 46	33 50	22 54	13 57	5 53	34 47	20 39	15 59	35 58	18 53	37 60	25 47	31 52	4 53	39 32	0 40	7 54	38 44	24 50	19 53	27 51	36 60
19 47	21 46	18 42	2 39	4 47	9 43	11 45	1 56	38 46	27 46	14 55	3 47	10 42	32 54	30 51	36 47	35 52	12 49	8 47	17 42	29 42	39 58	37 47	15 48	28 39	16 44	25 51	26 49	7 49	33 51	5 58	31 49	0 54	20 53	23 52	34 52	13 50	24 53	6 56	22 54
37 55	26 48	16 55	0 46	30 51	18 48	27 44	21 50	10 53	6 56	36 46	29 49	11 52	7 44	23 47	4 46	35 55	13 55	1 53	9 54	24 53	38 48	12 49	14 40	20 43	5 54	34 48	32 47	2 49	22 48	15 49	28 47	39 46	17 50	33 45	19 42	8 43	3 54	25 52	31 44
29 51	28 46	25 45	36 55	27 45	3 48	34 55	38 54	11 51	19 50	1 58	9 51	39 41	0 42	15 53	12 45	5 54	31 47	21 52	2 50	4 53	6 53	7 47	13 53	32 45	18 50	26 40	8 49	10 60	33 49	37 54	22 50	30 52	16 47	23 43	24 51	17 53	14 50	35 45	20 51
23 50	15 40	9 50	34 46	1 49	36 45	14 45	10 43	24 49	7 54	4 59	13 53	18 54	27 54	17 46	25 52	26 57	2 43	33 50	37 56	21 43	8 57	39 56	32 49	12 47	22 52	19 50	5 42	38 53	30 59	31 54	35 57	11 51	16 49	6 48	29 51	28 50	3 48	0 57	20 51
12 49	0 44	19 43	6 59	28 50	13 52	16 49	22 48	14 51	8 55	9 52	25 50	35 50	30 60	26 57	20 50	5 48	2 47	31 47	29 51	38 55	37 60	24 55	36 51	18 53	3 54	39 48	7 61	21 58	32 50	17 45	4 52	1 53	34 45	11 57	23 51	15 57	33 53	10 53	27 49
20 49	4 45	1 55	38 41	25 39	21 49	36 52	18 50	14 48	10 42	17 49	11 52	28 42	37 44	23 57	6 50	35 43	39 38	15 40	2 52	27 56	22 49	8 46	24 54	3 56	16 42	30 50	31 50	19 48	33 55	32 58	12 53	5 43	0 53	26 56	34 50	7 49	9 59	29 50	13 54
30 43	9 51	36 49	35 55	13 48	21 58	6 58	8 37	24 44	17 47	26 44	22 54	33 54	2 47	25 49	32 53	37 45	16 46	34 57	23 48	5 50	1 48	29 53	14 45	19 47	12 47	39 50	15 46	27 50	3 50	4 43	0 49	11 49	38 45	7 38	10 41	20 50	31 50	28 44	18 56
0 49	4 56	20 56	21 49	6 47	17 54	33 39	30 50	7 45	38 49	25 46	14 40	37 55	23 61	24 51	29 58	12 48	10 45	36 50	22 58	39 54	5 42	18 49	19 53	3 47	13 49	32 46	1 43	8 60	27 42	2 53	11 49	31 54	15 51	16 52	28 54	34 51	35 50	9 50	26 44
5 49	33 49	35 51	14 46	7 48	12 46	11 47	27 54	19 49	10 46	25 49	29 57	30 51	22 48	37 49	28 46	1 52	36 60	8 44	0 41	34 52	13 42	4 52	38 56	2 54	39 60	18 49	32 44	17 50	24 58	21 47	23 53	6 52	15 52	3 58	20 50	26 49	31 38	16 52	9 47
10 57	3 46	18 56	35 45	33 41	15 56	9 53	4 53	28 47	29 53	8 50	12 47	39 47	36 51	24 46	34 56	32 51	26 43	6 52	14 43	7 55	13 52	25 59	2 51	23 43	19 43	1 48	38 61	16 44	0 56	20 49	5 42	27 40	17 47	30 54	21 47	11 49	37 54	22 53	31 48
12 62	18 51	25 54	38 42	17 47	34 54	13 57	33 52	36 56	30 56	28 55	35 53	1 48	21 48	11 52	37 52	14 53	5 49	19 44	24 55	20 54	27 56	15 52	23 51	3 50	4 52	8 46	6 46	10 53	39 47	7 48	2 55	9 56	31 47	16 47	26 48	22 54	29 44	32 52	0 52
21 50	18 51	0 54	11 58	13 48	29 42	32 54	17 47	25 48	34 47	23 43	3 43	38 53	31 51	8 52	33 47	35 51	27 47	16 56	1 48	9 48	37 53	14 55	12 51	7 54	5 50	19 51	2 51	30 46	36 48	15 50	22 47	26 48	24 50	6 51	39 45	4 55	28 52	10 42	20 49
35 52	15 49	5 51	6 57	3 48	7 57	10 51	25 48	18 52	2 52	14 51	13 48	23 41	1 54	37 55	27 49	19 49	39 53	17 51	22 38	20 54	32 46	28 50	29 49	36 41	34 55	16 55	33 54	31 41	12 45	4 57	24 43	0 51	8 43	30 50	21 54	38 45	9 54	26 55	11 53
10 45	31 45	1 58	15 44	30 61	34 57	0 46	38 50	5 56	24 58	36 45	3 48	23 53	33 53	19 48	12 55	7 52	39 45	6 50	20 57	14 57	17 54	4 46	22 51	35 40	2 48	25 44	8 48	27 50	9 49	18 47	37 50	21 38	26 56	16 44	13 51	11 54	28 44	32 50	29 53
37 58	24 45	6 51	20 50	19 48	2 51	34 45	9 55	28 52	17 45	26 43	31 48	13 47	10 49	27 59	4 52	25 55	30 51	22 51	12 50	0 54	35 54	32 56	29 52	23 52	11 54	33 53	36 45	1 52	3 54	38 60	5 45	21 53	14 51	39 46	15 49	18 50	8 52	16 52	7 46
22 44	1 52	32 51	10 49	24 46	17 54	7 54	39 50	38 52	29 56	35 57	27 48	3 51	36 53	23 54	2 48	15 42	4 47	14 47	37 46	19 47	6 54	12 45	28 52	31 48	20 48	30 47	25 47	13 56	5 60	18 51	11 55	9 49	34 49	8 46	0 46	21 51	33 47	16 52	26 61
33 58	21 46	32 44	35 49	12 46	8 51	37 45	22 48	20 48	25 52	36 43	10 52	9 58	27 55	29 54	2 47	13 55	15 57	7 55	28 43	38 58	18 50	11 49	16 48	14 61	26 50	0 57	17 40	23 48	3 46	1 55	6 50	19 50	4 52	24 49	30 57	5 42	34 60	39 59	31 53
1 44	33 52	22 55	26 46	30 41	27 49	17 47	2 45	34 46	18 46	36 48	12 60	14 54	9 50	0 41	8 46	4 46	20 54	13 58	15 49	6 52	19 53	7 39	24 47	35 49	39 48	28 59	3 46	23 41	25 53	5 54	21 60	32 59	16 45	10 48	31 54	37 46	11 46	38 48	29 56
24 46	17 48	30 52	34 44	31 53	29 51	21 55	37 57	25 54	33 58	7 49	36 45	0 48	1 49	4 43	14 52	15 53	35 51	5 52	26 50	23 53	19 50	39 46	12 62	6 53	16 57	22 47	9 39	27 41	18 53	20 50	38 52	13 52	11 49	8 49	28 48	2 56	10 42	32 43	3 57
22 48	21 41	29 57	18 56	12 56	10 42	31 51	14 61	33 54	2 57	7 52	0 51	19 44	23 41	25 58	20 49	27 53	34 47	35 43	5 48	28 49	17 41	16 42	32 45	36 43	26 50	1 48	13 51	3 64	39 55	9 50	15 55	4 45	11 52	38 52	37 44	6 50	30 47	24 46	8 49
9 50	20 55	36 48	0 51	1 47	27 53	23 53	15 52	21 46	19 50	34 49	25 49	39 48	10 48	7 52	17 54	5 42	12 55	35 47	2 55	31 51	32 53	24 50	14 52	6 47	3 52	28 49	11 42	29 53	13 43	16 48	22 44	26 48	4 56	38 54	30 49	18 55	8 48	37 47	33 48
18 50	10 59	8 55	17 47	0 54	39 50	22 46	12 51	27 52	36 45	21 46	3 46	14 50	37 55	19 49	5 53	1 58	6 57	9 44	15 58	11 37	13 41	7 38	25 52	16 56	34 52	30 53	26 54	20 56	4 54	38 56	24 51	28 46	32 47	35 56	33 55	29 49	23 56	2 48	31 49
17 48	35 53	6 58	8 48	2 45	27 49	32 50	11 48	14 56	5 51	21 51	25 51	1 52	3 46	34 55	22 54	4 50	10 50	18 47	12 51	33 44	7 50	36 52	13 62	38 56	31 42	30 53	9 49	24 52	26 57	16 48	28 49	20 52	0 45	15 53	39 58	37 42	23 44	29 51	19 51
13 52	20 50	4 50	25 45	15 48	7 42	35 48	8 52	14 57	21 51	16 47	37 47	24 38	27 57	11 51	31 55	5 49	0 62	30 45	33 44	32 54	2 44	26 50	29 53	28 47	18 53	12 53	19 59	1 45	9 55	38 58	23 59	10 50	6 49	17 58	39 60	36 49	22 54	34 49	3 53
15 51	1 53	10 52	0 48	38 48	4 54	19 54	26 55	17 45	30 49	12 43	29 57	35 51	39 53	33 57	23 62	25 44	14 50	11 58	2 55	34 53	18 55	24 52	28 48	22 49	13 52	6 43	21 48	32 55	31 49	27 48	16 45	7 48	5 52	3 55	37 49	9 49	36 53	20 45	8 46
31 62	5 49	29 55	4 53	23 48	2 43	8 45	7 54	26 45	35 41	11 42	24 46	12 46	3 64	21 50	20 54	28 55	30 45	25 48	6 48	0 48	19 50	32 50	22 54	13 50	33 48	34 53	1 55	18 51	17 54	9 54	39 49	36 52	16 45	14 47	38 47	15 51	37 41	10 45	27 62
5 43	24 42	7 41	11 54	29 48	19 45	22 46	33 51	8 46	17 55	0 45	1 54	38 43	37 45	12 57	9 50	4 56	14 50	27 51	16 39	23 56	21 50	13 48	36 45	32 65	39 54	30 46	35 50	10 51	20 44	26 48	34 41	18 50	15 43	28 40	3 48	2 49	6 42	25 48	31 54
