60	30
22 5	4 1	14 3	11 1	1 1	0 2	25 1	6 3	8 1	9 1	23 1	15 4	24 2	21 1	19 1	5 4	7 1	12 1	2 2	27 4	3 1	16 2	20 3	17 2	29 4	28 3	13 3	26 1	18 2	10 1
25 3	12 1	3 1	28 2	24 2	21 1	10 1	5 2	9 1	8 1	22 2	1 1	13 6	19 2	15 4	20 1	14 6	18 2	23 4	4 2	16 1	0 4	27 3	2 1	17 1	6 1	7 1	11 1	29 3	26 1
24 1	19 6	7 3	26 2	10 1	9 1	2 6	18 1	5 2	14 1	21 2	1 2	28 1	3 2	0 5	20 2	15 1	25 1	11 1	23 2	17 2	4 3	13 1	16 1	8 2	22 1	6 1	29 3	12 4	27 3
11 4	4 1	5 2	20 2	21 2	7 5	16 1	15 3	12 2	14 1	9 3	29 1	0 4	10 1	17 5	23 3	8 2	18 4	27 2	24 2	1 4	22 1	26 2	28 2	3 2	6 1	19 1	2 3	13 1	25 2
1 3	26 1	12 1	6 4	20 1	4 2	17 3	3 2	10 1	28 1	18 3	19 5	8 1	13 1	27 1	24 1	25 3	14 1	15 2	0 1	23 5	2 1	22 2	29 1	21 1	5 2	9 7	7 2	11 3	16 1
3 1	29 1	19 2	25 3	20 3	9 1	12 2	7 2	14 1	11 2	26 2	22 1	18 1	23 2	5 1	4 4	21 3	16 1	24 1	0 1	27 1	17 2	8 1	13 1	6 2	1 5	2 2	15 5	28 4	10 1
3 2	4 1	13 1	20 6	21 1	14 2	11 2	29 4	17 3	6 2	15 2	27 5	12 2	25 2	28 2	18 1	19 1	8 2	1 1	22 1	9 1	26 1	0 2	5 2	23 2	24 2	16 3	10 1	7 1	2 1
19 1	3 1	12 1	5 1	18 1	14 1	6 2	17 4	22 1	13 1	11 1	0 1	27 1	21 2	24 1	26 2	15 1	16 3	29 3	2 1	20 1	4 1	9 1	23 1	1 5	28 2	10 1	25 3	8 4	7 3
11 1	0 2	12 3	15 1	5 1	16 2	25 3	2 1	3 2	6 2	22 1	27 2	4 1	1 5	28 1	21 3	18 2	26 1	17 1	23 2	24 1	20 1	7 3	9 2	13 2	19 1	29 1	10 5	14 1	8 1
28 2	9 1	26 1	18 2	20 1	12 3	2 5	22 4	11 3	25 2	10 2	21 5	5 1	1 1	17 3	13 2	0 1	15 1	8 3	6 1	14 1	27 1	3 5	4 1	29 1	7 1	23 3	24 3	19 1	16 1
23 1	11 1	8 2	2 1	10 3	1 1	18 1	22 1	27 1	0 1	4 4	26 1	12 1	5 4	28 1	24 1	9 1	6 1	16 4	14 3	20 2	29 1	13 1	25 4	17 7	15 1	21 1	7 2	19 1	3 1
8 2	21 1	4 2	19 2	20 7	12 1	27 1	9 1	16 1	0 1	15 6	25 1	13 2	17 5	3 3	10 1	24 1	11 2	29 3	18 1	2 4	5 7	26 3	23 6	1 4	14 1	6 2	22 2	28 1	7 4
27 1	28 2	21 4	22 1	9 1	29 1	7 5	4 4	23 4	25 2	1 1	26 1	19 1	14 4	12 2	5 1	20 3	3 1	13 1	17 3	16 1	24 1	15 1	11 1	2 6	6 1	8 1	18 1	0 4	10 4
1 1	13 1	11 2	20 1	25 2	26 1	15 1	9 2	29 3	22 1	24 1	18 3	7 1	21 2	10 2	4 1	14 1	23 4	6 1	28 1	5 1	3 2	16 1	17 3	8 5	0 3	2 1	19 3	27 3	12 2
20 1	1 4	3 4	21 2	27 3	22 1	15 2	9 4	12 1	14 3	17 5	10 2	28 1	4 1	24 1	5 1	6 1	2 3	18 4	16 6	29 2	11 1	23 1	13 4	0 1	7 1	26 1	8 1	19 2	25 2
5 7	15 2	24 1	25 5	1 1	10 1	2 2	0 3	11 3	23 2	26 1	12 1	29 1	20 1	22 3	13 6	8 1	28 1	17 1	21 2	27 2	7 1	4 1	19 1	6 3	3 1	16 1	14 1	18 4	9 1
25 2	16 1	9 1	3 1	14 1	6 1	8 3	7 2	28 1	4 1	29 2	2 1	10 2	18 2	20 3	26 1	21 2	13 1	23 1	11 1	1 1	19 3	17 1	0 1	22 3	27 1	15 1	5 3	12 1	24 1
27 1	23 2	29 3	15 2	7 2	10 1	16 3	25 1	9 1	4 3	1 2	19 2	6 1	2 1	17 1	14 1	0 4	3 3	18 7	22 4	13 6	8 1	26 1	28 1	20 2	21 1	5 1	12 1	11 1	24 1
3 1	10 1	27 2	17 1	0 3	12 2	23 3	1 1	21 2	19 3	26 2	6 1	16 1	18 1	2 2	9 2	25 3	24 1	11 3	22 2	8 3	13 5	20 1	5 3	4 2	7 1	29 1	15 1	28 2	14 1
4 2	11 1	16 1	8 2	25 1	20 1	28 4	9 2	17 2	14 1	7 1	18 8	12 2	1 3	21 2	22 2	24 1	19 2	27 2	6 2	29 4	0 2	13 2	5 1	10 2	23 1	3 1	26 1	2 1	15 2
6 1	13 1	14 1	3 2	28 3	24 7	10 5	12 1	27 3	8 4	5 1	23 1	19 1	20 1	2 1	4 4	9 1	25 1	29 3	21 2	22 2	11 1	17 2	26 2	16 6	18 1	15 1	1 1	7 2	0 2
20 1	18 1	23 1	9 4	13 6	19 1	12 1	22 1	21 3	16 2	3 3	14 1	1 2	28 3	2 1	6 1	8 2	5 3	15 3	10 3	0 1	24 2	26 1	17 2	29 3	11 1	27 4	25 1	7 2	4 1
6 2	25 9	2 1	17 1	10 2	22 1	7 3	20 1	26 2	16 3	13 2	4 2	5 2	0 2	8 2	15 1	23 1	18 2	3 3	27 2	24 1	21 1	11 2	9 1	1 4	29 1	28 1	12 2	14 1	19 2
0 1	16 1	5 1	18 1	12 1	15 1	23 2	10 2	25 3	24 2	19 1	28 1	2 2	13 3	29 1	8 1	27 3	22 1	17 2	21 1	9 1	7 9	20 1	26 1	3 1	4 3	14 1	1 1	11 2	6 1
9 1	18 1	3 3	4 1	8 1	29 2	14 1	23 1	12 1	28 1	11 1	15 1	20 2	17 4	16 4	7 2	6 6	2 4	24 1	1 1	22 7	27 1	13 1	10 1	0 1	25 3	26 2	5 5	19 3	21 1
2 3	22 3	24 1	6 2	20 1	19 3	18 1	3 2	0 1	10 1	5 1	1 1	13 2	17 3	7 1	28 1	12 4	14 1	25 1	15 3	29 3	21 2	8 1	9 1	4 1	23 3	27 2	26 1	16 2	11 1
16 1	25 2	19 1	5 1	23 4	7 1	20 1	11 4	3 5	8 1	9 1	24 1	17 3	14 2	27 2	15 1	29 2	4 2	13 1	26 1	2 1	6 1	1 4	12 1	22 3	10 1	21 2	28 4	18 2	0 2
7 4	6 1	2 1	4 2	12 3	21 3	18 1	11 2	28 2	10 1	15 2	8 2	29 5	25 9	17 1	5 2	16 3	3 1	27 1	1 2	20 3	14 3	24 1	22 1	9 1	13 3	26 2	23 1	19 1	0 1
24 5	23 1	9 1	0 5	5 1	12 2	6 2	13 1	15 1	19 3	21 1	25 1	17 1	26 2	18 1	14 6	1 3	16 1	27 2	2 1	10 2	22 3	8 2	29 1	7 1	4 1	28 1	20 1	11 5	3 1
27 1	6 7	26 1	7 1	9 1	16 1	19 5	8 4	18 1	1 1	25 3	28 2	15 4	3 7	2 1	4 2	0 2	22 1	5 2	21 2	24 3	29 1	23 3	13 2	12 5	14 3	10 3	20 5	17 5	11 1
24 3	17 4	25 1	22 2	13 1	11 1	9 2	19 1	0 1	20 1	12 2	21 2	18 3	10 1	15 4	28 1	1 1	26 2	27 1	3 2	23 2	2 1	14 2	29 1	8 1	6 4	7 1	5 1	4 1	16 1
0 2	1 4	10 1	5 1	21 1	17 1	18 1	11 1	24 2	6 8	29 1	9 3	13 1	4 2	20 2	27 1	23 1	2 3	14 1	16 2	22 2	12 1	7 2	19 4	26 1	25 1	3 2	28 1	15 1	8 2
13 1	24 3	21 1	25 1	12 2	6 2	0 3	11 3	16 1	14 3	10 1	20 1	18 1	1 1	19 1	22 2	3 1	27 2	2 5	29 1	4 2	8 3	26 1	23 1	7 2	15 1	9 1	17 2	5 3	28 1
13 4	21 5	4 1	2 1	23 2	29 3	16 1	14 7	3 2	24 1	0 1	28 1	22 1	10 1	18 3	7 2	9 1	26 2	1 3	19 3	15 3	6 2	17 3	12 3	20 3	8 1	11 4	25 1	5 2	27 1
19 2	0 2	20 4	6 1	12 1	14 3	3 2	9 3	23 4	29 3	24 3	15 4	10 3	8 1	7 1	13 1	17 2	1 2	5 1	28 3	2 1	21 1	4 3	27 2	26 6	22 1	18 4	16 4	11 1	25 1
29 5	18 2	13 2	14 1	28 3	6 5	26 1	24 1	10 2	22 2	2 1	23 1	7 1	17 6	16 4	9 1	1 3	5 2	4 1	25 2	11 1	27 1	21 1	8 2	15 1	12 2	0 1	3 2	19 1	20 1
22 1	9 1	14 2	0 1	12 2	5 1	2 2	10 1	29 1	11 2	20 1	23 1	13 1	27 3	28 1	25 1	16 7	18 1	3 2	7 3	8 1	21 1	6 1	1 2	17 1	4 1	19 1	26 4	15 2	24 1
29 1	1 1	16 4	0 3	4 1	24 2	23 1	28 1	2 2	11 1	18 1	20 2	27 2	5 3	13 6	22 1	8 2	26 2	3 1	19 1	12 1	7 1	21 4	9 1	6 3	14 3	17 1	15 2	10 1	25 6
11 1	25 2	26 3	17 1	19 1	27 2	10 2	24 4	23 1	6 1	8 4	14 2	12 2	3 1	9 1	13 1	4 4	0 1	16 1	15 2	29 1	5 1	1 1	20 1	28 3	7 2	2 2	18 1	21 5	22 2
11 3	9 3	3 1	6 3	18 2	25 2	29 1	1 4	4 1	15 1	13 2	19 1	21 2	27 2	14 5	0 1	22 1	8 1	10 3	26 3	2 1	12 1	7 3	24 2	5 5	20 1	17 1	28 1	16 1	23 1
25 1	1 2	0 1	9 1	4 2	17 2	22 1	19 4	15 4	2 2	3 2	11 8	20 1	21 7	13 2	12 1	26 2	5 1	7 1	28 1	10 2	14 1	18 5	6 7	24 1	8 2	23 1	29 1	27 1	16 5
23 1	20 1	18 10	8 2	3 1	7 6	10 1	25 1	21 1	16 1	13 1	2 1	19 3	5 1	14 5	0 2	29 2	26 2	22 3	17 3	27 1	4 2	6 6	24 3	12 1	28 2	11 3	15 1	9 2	1 8
17 3	4 1	27 1	14 3	20 3	13 1	7 5	16 1	25 2	26 1	15 1	24 2	21 2	18 4	11 3	22 2	23 2	6 1	10 1	5 1	2 5	8 1	19 1	12 3	3 2	0 1	9 1	29 2	28 1	1 1
5 2	29 2	7 1	28 1	3 1	26 2	0 1	16 1	6 1	24 1	18 2	17 2	15 1	10 2	27 2	22 1	14 1	9 3	4 1	20 1	8 1	12 1	21 3	1 1	2 1	23 1	25 2	11 3	13 1	19 4
26 1	15 5	24 3	9 1	4 4	17 1	25 3	1 1	27 1	13 1	19 4	7 1	16 1	0 3	29 2	12 1	20 1	14 1	2 2	5 1	8 1	28 3	23 2	6 2	11 1	21 1	18 1	3 1	10 2	22 3
24 1	2 3	25 1	0 2	8 2	19 1	10 1	11 1	23 1	4 2	27 1	22 2	20 3	5 1	28 2	16 3	15 1	29 4	12 2	9 2	6 2	17 7	14 1	3 1	7 1	18 1	21 1	26 1	1 2	13 1
23 1	28 1	29 2	2 4	9 1	11 1	14 3	26 2	3 1	15 1	12 1	16 1	27 1	5 1	24 1	17 4	19 5	20 2	21 1	1 5	22 1	8 1	4 2	25 3	6 1	13 3	10 3	0 1	18 1	7 3
24 3	26 2	18 1	11 1	1 2	0 1	4 2	29 1	10 1	17 1	2 1	22 2	6 1	3 1	13 1	15 1	21 1	7 2	19 5	25 2	20 1	16 1	9 1	27 3	8 1	5 3	12 6	23 1	28 1	14 1
28 3	1 1	0 1	4 8	13 4	14 3	26 3	9 2	29 1	5 1	23 2	6 1	18 2	2 2	10 2	7 2	12 1	19 2	22 3	24 2	3 1	16 1	20 1	15 2	21 2	27 1	25 2	17 6	8 1	11 1
21 1	3 1	9 1	20 1	15 1	12 1	25 5	0 1	29 1	7 1	28 3	18 1	22 1	27 3	16 1	6 2	13 2	8 2	11 1	24 2	23 1	17 7	2 3	19 1	14 4	5 1	10 1	26 2	4 1	1 1
28 1	0 2	4 2	11 1	7 1	12 5	25 5	19 3	5 1	9 3	16 1	21 2	26 1	22 1	2 1	29 2	20 2	10 1	1 4	23 1	17 1	27 1	18 1	24 1	14 1	3 1	6 5	8 4	13 1	15 6
19 1	0 1	11 2	17 1	23 4	12 2	1 1	25 2	26 2	2 1	10 2	24 1	15 1	16 2	4 2	29 3	9 4	21 1	8 2	27 2	14 1	3 1	18 2	6 2	20 2	13 2	7 1	22 1	5 5	28 2
11 1	15 2	1 3	21 2	28 3	27 3	0 1	24 1	7 2	18 1	6 2	5 4	23 1	26 2	8 3	9 1	14 6	10 2	4 1	22 2	16 1	29 4	2 1	17 2	19 1	20 1	3 3	13 2	25 1	12 1
5 1	18 2	23 2	7 1	13 1	14 1	12 1	28 2	20 1	11 9	24 2	8 4	16 1	6 6	27 1	4 1	15 5	9 1	1 6	19 5	22 1	26 1	0 5	21 2	10 2	17 1	3 1	25 1	2 1	29 4
20 2	4 1	8 1	18 1	25 2	24 2	6 2	10 3	13 1	7 4	21 1	1 1	19 1	14 1	12 1	9 1	29 1	0 1	16 1	17 2	15 1	28 4	22 1	5 3	26 2	23 2	2 1	3 1	11 3	27 1
12 1	9 1	18 2	28 2	2 2	24 1	10 1	20 3	19 1	21 2	5 3	26 1	23 1	29 1	11 2	6 1	27 1	14 1	16 1	15 1	22 2	0 1	17 1	4 1	7 1	8 2	1 2	25 3	13 2	3 2
6 1	3 3	0 2	12 1	18 3	13 1	27 1	24 2	8 5	23 1	16 2	2 1	5 1	15 5	4 2	14 2	26 2	28 1	25 2	1 1	19 1	11 2	9 1	7 1	10 1	21 1	20 3	22 1	29 1	17 1
2 1	15 1	21 4	23 2	7 5	29 1	0 1	4 5	26 1	6 4	25 1	9 2	17 2	13 6	14 1	18 3	3 2	27 1	11 2	1 1	20 1	10 1	28 2	5 3	8 5	19 1	22 1	16 1	24 3	12 3
27 2	7 2	15 2	28 2	8 2	29 1	24 1	0 1	23 1	17 1	21 2	4 1	10 1	13 1	6 4	20 3	22 1	16 2	9 5	19 2	18 1	14 1	1 1	26 5	11 1	2 1	5 1	3 1	25 1	12 2
8 3	17 2	11 1	24 1	27 2	23 2	13 2	1 3	25 3	9 4	5 1	6 2	16 1	0 1	10 4	26 6	28 1	14 2	22 4	29 1	3 4	12 2	21 1	7 1	18 5	2 2	20 2	19 1	15 1	4 4
