100	5
4 49	0 49	2 48	3 47	1 49
1 49	3 48	2 53	4 43	0 55
1 46	2 52	4 44	3 45	0 54
4 55	2 49	3 52	1 56	0 58
0 49	3 48	4 48	1 55	2 42
3 43	1 47	0 49	4 46	2 50
3 54	1 42	2 55	0 50	4 39
3 43	4 51	1 47	0 42	2 52
0 56	1 49	4 44	2 49	3 53
2 57	1 51	0 40	4 54	3 47
2 51	0 56	1 44	4 54	3 47
3 46	0 54	1 48	2 49	4 56
3 49	4 60	2 51	1 53	0 55
3 46	4 47	1 55	0 43	2 44
4 53	3 50	1 48	2 44	0 47
0 47	3 42	2 52	4 49	1 52
4 49	2 47	0 52	3 50	1 48
0 41	2 55	1 52	3 45	4 47
1 49	2 52	3 53	0 50	4 40
0 55	2 47	4 46	3 51	1 50
1 41	4 49	3 39	2 41	0 46
2 53	3 49	4 46	1 48	0 49
2 42	4 53	3 44	0 47	1 47
2 53	0 44	1 51	3 50	4 48
2 53	1 53	3 48	0 61	4 59
1 52	4 55	3 50	0 42	2 52
0 58	2 47	3 44	1 53	4 49
0 52	1 48	3 53	2 45	4 53
2 46	1 50	4 53	0 54	3 48
1 57	3 41	4 49	2 43	0 47
3 54	1 54	0 50	4 45	2 56
2 46	1 45	0 61	4 51	3 44
4 48	1 44	2 56	0 50	3 49
4 53	3 51	1 53	2 51	0 56
1 57	3 51	0 45	2 47	4 52
0 44	2 47	4 43	1 47	3 44
2 49	0 48	1 51	4 43	3 41
4 57	2 45	1 42	0 55	3 50
3 39	2 50	0 53	1 48	4 54
2 57	0 41	3 47	1 55	4 46
4 43	2 55	3 43	1 53	0 53
3 56	4 50	1 56	2 54	0 49
2 54	4 47	0 52	3 43	1 57
0 45	1 47	4 58	3 39	2 42
2 46	0 57	4 53	1 48	3 48
0 52	4 46	3 47	1 56	2 48
2 54	0 54	1 55	3 51	4 44
1 60	4 44	3 58	0 45	2 45
1 53	0 54	3 47	2 58	4 42
1 43	4 46	2 58	0 48	3 43
0 48	3 43	2 49	4 48	1 43
3 58	0 60	2 53	4 51	1 57
1 47	4 50	0 47	2 53	3 51
1 47	3 55	4 51	2 50	0 44
0 49	3 52	2 47	1 41	4 50
4 48	0 52	3 46	1 54	2 60
1 47	0 56	2 49	3 50	4 45
4 52	1 63	0 45	2 50	3 55
2 46	4 49	1 51	3 49	0 48
3 56	0 50	1 46	4 53	2 47
2 55	1 53	0 50	3 57	4 48
2 56	0 53	4 47	1 40	3 42
2 50	4 41	0 46	1 57	3 49
1 45	4 50	0 57	3 50	2 56
4 54	2 52	3 49	1 51	0 48
1 43	4 49	2 46	0 63	3 54
4 52	0 52	3 59	2 53	1 39
4 42	3 51	0 54	2 51	1 47
0 47	4 51	2 52	1 52	3 48
1 48	4 49	2 50	3 53	0 44
2 38	0 38	4 49	1 54	3 52
4 53	2 49	3 62	1 48	0 38
3 50	4 53	2 53	0 52	1 52
2 51	3 51	4 52	0 52	1 59
3 50	4 36	2 49	1 54	0 58
3 48	1 50	2 47	0 51	4 46
4 47	2 48	0 48	1 48	3 49
1 47	4 54	0 47	3 47	2 38
4 50	2 48	0 53	3 59	1 55
1 48	4 50	3 46	2 53	0 50
2 55	0 53	4 55	3 45	1 47
1 43	4 48	2 53	3 48	0 60
0 39	1 49	4 59	3 54	2 48
2 44	4 49	1 53	0 53	3 56
1 49	2 53	0 42	4 54	3 34
3 51	2 52	4 54	1 50	0 53
4 53	0 51	1 49	2 41	3 51
1 53	4 51	2 42	3 55	0 49
3 51	0 53	1 54	4 52	2 46
0 43	4 45	3 55	2 58	1 47
3 47	1 52	2 42	4 48	0 48
1 47	4 51	3 46	2 49	0 51
4 42	3 48	1 54	0 47	2 50
1 46	0 49	2 50	3 48	4 58
1 56	2 53	4 53	0 57	3 43
2 51	1 43	4 43	0 53	3 48
2 40	1 55	3 53	4 50	0 52
3 49	4 47	2 50	1 47	0 47
2 51	3 52	1 53	0 58	4 46
1 45	0 53	4 59	3 52	2 52
