50	60
50 57	14 57	32 52	57 44	39 48	38 51	16 49	58 53	24 52	26 50	30 51	0 42	8 48	7 44	2 51	52 56	6 49	47 51	37 49	46 51	42 60	41 50	20 54	31 42	53 49	36 50	4 55	49 50	51 54	54 44	5 51	3 54	9 49	33 56	13 53	1 48	34 56	27 51	17 53	45 52	55 50	40 51	19 49	23 47	12 54	11 54	35 44	43 46	10 51	15 54	25 44	56 46	48 45	59 53	28 47	18 55	22 48	29 42	21 49	44 47
2 51	38 45	20 52	33 47	14 45	1 47	55 44	43 57	50 52	56 53	37 46	4 52	9 44	8 43	40 38	46 50	27 44	54 50	44 50	48 49	45 49	22 45	7 51	57 48	10 53	0 48	3 49	16 48	52 47	18 55	31 52	41 52	53 49	13 47	6 40	5 49	28 47	30 47	34 44	49 50	26 43	19 44	12 44	39 49	24 58	23 48	25 43	59 45	47 51	17 53	29 59	58 48	51 55	42 57	35 52	32 48	21 46	36 54	15 52	11 54
30 49	39 59	14 40	51 48	31 41	56 49	8 51	19 46	0 56	48 58	23 51	9 51	50 50	32 50	38 41	35 44	36 49	37 43	49 49	57 53	18 48	16 49	26 47	43 49	3 62	12 48	40 49	17 41	42 51	27 44	4 59	52 52	13 42	6 58	54 47	20 52	53 58	46 58	33 50	5 47	45 50	28 56	59 54	55 38	11 56	58 50	2 51	22 52	7 54	1 47	25 59	41 49	47 55	24 57	21 50	15 47	44 54	34 49	29 55	10 54
27 49	42 48	19 47	20 43	2 40	44 49	54 47	4 45	12 54	41 52	21 52	17 48	53 59	7 52	28 57	45 57	6 50	1 48	31 49	9 43	43 65	11 54	8 51	59 59	47 48	51 47	23 54	32 50	40 51	10 55	29 50	55 48	35 50	37 49	26 54	36 56	16 50	39 37	52 56	3 47	14 52	38 55	22 47	33 46	24 51	30 54	18 49	56 47	34 53	46 49	15 46	5 51	13 57	48 51	50 47	57 52	0 40	25 56	49 51	58 42
23 51	57 49	20 53	13 50	42 50	40 50	51 59	31 45	36 55	0 48	28 46	16 49	18 48	39 40	34 53	46 54	33 49	25 46	53 48	2 53	7 45	6 53	12 53	9 58	4 46	56 53	54 42	58 53	45 55	47 53	1 45	41 42	32 51	15 51	49 47	35 55	48 59	19 54	3 58	10 39	14 51	26 51	50 58	43 53	55 47	21 48	22 58	29 48	8 49	44 52	27 51	24 45	59 58	17 60	30 50	37 51	5 50	11 55	52 58	38 54
48 63	17 58	13 51	11 50	50 46	38 42	27 50	58 45	18 52	59 56	45 40	55 52	34 57	1 55	14 40	56 55	33 46	43 46	28 50	19 45	2 48	6 51	46 48	24 55	16 47	57 51	32 48	52 53	41 49	39 54	21 52	20 50	8 41	12 59	10 59	23 51	40 49	44 51	5 52	30 53	49 49	29 40	4 48	47 54	54 46	22 44	0 51	37 45	26 42	9 48	51 54	42 45	31 49	53 48	15 46	7 59	35 58	3 42	25 48	36 48
55 52	8 51	48 50	30 43	21 49	15 52	20 48	24 49	49 48	57 46	38 54	23 43	10 52	40 54	54 52	1 46	9 53	31 50	51 56	7 47	0 46	2 61	28 54	3 51	18 54	16 47	44 49	36 47	19 44	29 49	43 51	13 48	58 46	32 54	6 56	59 53	50 49	47 40	41 55	56 59	35 42	5 57	22 50	27 52	25 46	4 48	12 52	14 52	37 49	17 46	53 53	45 41	34 46	26 49	42 44	39 54	33 55	46 50	11 52	52 57
26 48	5 52	49 43	51 50	3 42	27 43	8 52	55 54	35 47	22 42	43 49	12 47	39 46	57 55	52 49	48 50	1 49	17 59	58 47	59 47	41 46	29 50	7 50	28 47	11 52	54 48	16 50	31 57	50 54	24 43	46 56	34 46	20 50	2 50	23 55	13 51	6 48	30 47	56 56	37 57	0 56	10 55	38 48	25 51	15 55	47 51	32 49	44 50	18 49	53 49	4 52	36 50	19 50	45 56	9 53	14 48	33 48	40 53	42 51	21 46
58 58	55 51	49 44	27 44	46 50	8 49	0 42	35 47	33 41	20 42	15 54	54 41	29 53	31 59	17 48	7 48	1 52	40 43	47 43	4 49	24 50	57 47	39 47	16 50	48 52	28 47	52 64	9 54	2 52	45 45	37 58	30 56	36 38	26 48	23 47	38 53	6 52	42 48	19 57	3 52	41 53	43 50	12 50	50 50	11 44	21 51	59 52	56 53	5 38	53 52	14 53	22 49	51 51	13 49	44 47	10 40	18 54	32 58	34 54	25 55
25 51	30 45	50 52	28 57	12 58	34 49	37 52	40 59	45 47	56 54	53 50	52 52	4 49	33 54	14 44	46 49	29 55	2 46	23 58	17 53	3 51	55 54	20 46	39 38	24 48	35 56	7 53	16 50	54 45	38 51	6 56	31 44	59 52	19 48	9 53	22 53	11 50	43 43	15 49	10 44	49 55	0 43	58 49	1 47	8 50	27 43	51 52	13 55	42 55	21 54	47 57	32 48	26 45	57 61	44 56	36 42	48 50	41 47	5 55	18 45
38 49	3 57	34 50	50 54	24 46	29 49	1 63	40 53	58 50	56 50	0 52	31 54	46 54	5 53	28 54	6 47	16 41	13 45	33 51	7 50	14 51	52 48	49 54	54 40	20 56	53 51	35 52	48 53	44 44	26 49	55 45	15 52	2 50	45 54	8 43	36 47	22 55	37 50	47 38	11 59	57 41	19 48	32 50	30 53	39 48	59 47	12 45	18 50	43 44	42 45	4 43	51 46	23 54	25 57	9 47	10 49	41 51	21 53	17 45	27 44
41 54	55 50	2 51	39 50	34 49	5 47	13 59	19 62	53 55	58 53	49 50	36 45	16 51	23 54	47 55	40 53	45 48	22 57	11 56	14 53	29 51	24 46	26 43	44 44	18 56	20 57	54 53	43 56	6 48	31 48	17 57	52 53	28 50	59 47	48 56	12 56	57 49	21 50	38 52	32 49	27 59	8 51	46 51	3 62	30 55	9 46	35 48	25 42	51 47	7 47	1 48	50 59	33 46	10 47	56 43	42 41	15 42	37 49	0 58	4 46
5 50	37 52	36 44	59 51	10 37	53 54	49 44	9 54	33 49	38 55	26 51	8 49	44 54	19 52	3 47	58 39	46 48	20 47	7 51	32 52	54 46	35 50	11 52	51 52	15 51	57 48	48 60	2 61	56 52	31 45	12 48	21 51	27 56	29 46	40 42	22 50	6 45	52 46	43 48	18 49	0 37	1 52	24 55	39 54	14 56	13 53	50 48	16 54	55 44	41 51	17 46	42 52	23 48	25 52	28 48	34 48	4 55	30 48	47 57	45 50
9 54	30 51	59 49	4 59	25 44	27 53	49 40	47 50	45 47	39 53	31 53	10 54	42 47	55 49	46 47	1 44	19 57	36 40	0 47	11 60	50 55	33 49	22 50	8 40	40 42	57 48	38 50	13 45	24 49	53 54	12 44	16 42	54 51	18 43	37 50	23 52	32 49	41 45	20 41	48 49	58 62	52 54	34 56	56 42	6 50	35 48	17 54	15 45	29 48	5 49	26 50	51 52	28 50	14 49	2 49	44 56	7 56	21 50	43 42	3 44
40 53	27 49	48 47	42 43	49 48	24 44	19 50	44 55	9 55	25 42	4 41	58 59	52 57	21 52	7 49	32 53	18 59	8 51	30 49	34 40	55 49	45 50	1 60	28 55	16 52	33 48	56 48	15 44	39 46	36 50	47 51	14 40	41 41	38 51	59 46	6 55	0 55	12 52	13 57	53 50	57 48	22 55	11 56	51 54	17 44	43 54	35 53	46 59	31 46	23 50	10 45	3 46	2 45	37 50	26 44	50 49	29 55	54 54	20 50	5 54
3 46	55 51	25 51	58 52	22 40	59 53	7 44	32 56	4 51	30 44	10 58	47 47	29 48	18 46	38 54	23 50	56 40	2 52	46 55	33 49	1 38	26 53	45 56	5 44	16 58	31 48	11 54	12 49	8 43	27 44	53 56	35 44	48 55	17 51	19 49	39 44	28 54	20 50	49 44	52 57	15 56	14 49	13 49	41 47	37 50	57 57	9 57	34 56	51 50	6 40	42 57	24 43	40 50	43 43	44 45	36 51	50 47	54 51	0 47	21 57
39 47	48 54	57 44	32 37	51 45	41 47	12 47	56 45	17 47	42 48	40 46	44 48	33 56	20 49	16 52	11 51	35 46	25 45	14 45	54 50	49 48	10 45	26 50	24 49	19 59	36 51	47 53	5 40	23 51	22 59	55 50	58 50	29 45	50 50	18 50	6 44	3 52	28 55	43 53	27 55	53 49	34 40	0 54	30 45	7 48	15 46	2 54	52 59	46 52	37 47	9 59	8 52	45 43	31 51	38 44	13 43	1 44	59 53	4 49	21 52
17 51	0 48	52 46	19 60	45 61	13 46	48 50	41 41	21 48	38 48	39 43	37 59	59 53	4 47	22 53	11 49	29 51	25 45	31 49	20 50	26 49	34 53	57 50	36 48	51 57	49 53	5 54	44 47	7 45	50 48	27 47	56 49	42 50	47 54	23 54	6 54	40 43	53 54	1 52	10 59	8 43	55 53	9 49	43 50	14 46	33 46	24 53	2 48	35 58	12 56	58 50	15 46	28 53	3 53	30 52	54 42	46 52	18 57	16 43	32 55
27 41	25 62	0 48	54 56	47 47	34 58	48 44	51 52	44 52	49 47	10 45	3 49	8 57	59 40	42 53	16 47	35 50	40 61	53 48	1 53	6 50	38 48	9 52	18 49	50 56	41 51	11 48	57 46	32 51	4 52	23 54	30 55	33 51	21 52	31 45	20 47	58 46	17 55	5 43	52 50	39 44	24 52	2 48	46 53	15 53	19 49	45 54	12 51	55 57	28 52	26 56	43 43	7 47	22 43	13 44	36 40	29 61	37 42	56 54	14 46
23 59	28 45	56 54	51 51	16 50	55 59	2 46	11 45	58 47	21 48	45 61	57 49	8 53	50 66	40 54	44 49	25 54	33 43	18 49	30 55	38 46	20 52	3 53	5 55	35 52	46 58	14 51	59 52	43 50	12 49	52 53	48 48	7 47	29 50	32 49	31 50	24 46	37 47	19 60	34 54	9 58	10 60	0 48	13 46	22 53	39 45	4 49	47 55	54 52	26 59	1 50	27 46	42 55	53 53	36 42	49 49	6 51	17 50	15 54	41 47
8 51	29 48	38 56	53 57	13 46	49 41	14 48	27 52	58 54	37 47	1 49	43 65	21 56	35 51	47 48	36 38	0 44	48 55	17 52	6 48	26 57	51 54	59 50	9 44	40 54	2 49	22 51	5 48	10 52	55 45	45 46	34 45	39 48	25 53	33 47	46 44	57 48	44 50	4 45	56 50	28 53	50 49	52 47	7 55	23 54	18 49	3 49	30 53	15 44	16 51	20 54	41 56	32 52	31 45	54 48	19 50	11 45	42 48	24 42	12 44
15 51	22 55	3 51	47 45	10 47	44 55	48 50	8 50	0 57	16 57	14 48	34 50	7 47	37 37	4 50	29 54	26 52	40 50	23 46	18 56	43 39	1 47	2 48	57 47	13 53	56 60	30 46	35 53	19 53	27 51	9 47	54 52	32 47	17 50	36 52	38 58	49 49	5 42	6 45	59 50	24 47	39 54	25 44	52 46	55 47	50 44	46 50	28 49	41 55	20 49	51 43	53 50	45 48	21 46	58 52	11 50	42 50	33 57	12 44	31 46
31 51	15 52	1 54	10 47	9 49	58 54	23 49	26 57	28 45	24 47	18 50	46 56	3 47	59 48	42 47	14 41	53 58	21 55	6 54	34 52	25 40	33 39	45 47	48 48	7 48	13 57	16 51	54 48	57 48	52 48	50 48	38 52	43 47	30 45	2 47	41 44	47 50	35 44	55 48	32 53	22 47	0 46	37 51	40 43	29 44	56 48	4 47	39 48	12 51	5 42	44 44	27 51	19 47	36 54	51 51	17 45	20 56	49 51	8 47	11 53
59 51	20 59	46 45	27 40	38 52	42 47	3 52	11 53	5 49	35 55	13 49	54 52	56 51	9 47	36 47	21 48	25 48	10 55	24 52	18 42	58 45	43 47	48 49	29 43	4 41	8 49	34 37	22 48	30 54	16 50	0 45	50 47	51 60	40 58	47 60	23 50	26 46	41 57	1 58	39 49	55 51	33 46	49 54	31 52	15 47	53 47	6 45	12 52	7 47	44 53	2 54	14 51	45 47	57 52	19 48	52 46	28 40	37 48	32 46	17 46
0 47	1 52	2 45	48 47	22 49	12 47	56 44	13 56	50 48	16 55	17 59	33 50	40 37	38 52	19 46	21 48	44 48	32 51	7 48	24 51	15 51	58 49	31 50	45 54	8 59	37 55	53 51	57 47	46 53	39 49	55 57	35 44	25 45	43 50	18 48	41 37	52 39	47 47	29 48	3 52	28 52	27 49	9 51	49 60	59 48	36 54	30 56	20 58	11 58	26 46	51 51	6 48	14 48	54 53	23 49	4 56	10 47	42 37	5 46	34 51
47 53	18 53	33 54	3 48	13 46	10 49	36 54	52 52	45 46	25 49	1 47	40 49	15 56	42 56	7 52	31 52	21 40	6 48	50 46	34 43	59 40	56 52	19 47	24 52	51 50	12 48	17 54	27 48	11 53	37 51	58 46	30 42	26 58	55 54	46 56	22 59	44 49	35 60	2 47	53 48	38 48	57 47	39 51	14 41	5 54	48 50	16 51	20 55	54 55	43 46	41 40	8 50	4 45	23 52	29 43	49 52	9 49	28 53	32 52	0 51
47 54	26 52	51 45	34 59	54 54	12 49	3 59	5 45	45 56	25 46	15 48	30 46	16 53	36 61	22 57	4 50	18 45	27 44	21 47	11 64	46 51	20 53	28 46	58 43	52 47	39 41	43 45	6 45	56 57	0 49	7 59	33 54	10 37	9 45	29 48	14 56	44 49	31 56	49 45	50 45	19 50	35 50	24 50	17 61	57 52	40 43	37 54	8 48	2 55	53 50	1 50	41 46	59 53	38 40	42 51	48 45	32 51	13 55	55 52	23 51
54 47	49 45	25 51	55 45	39 48	16 48	57 60	35 53	42 42	26 49	13 52	45 49	17 58	8 54	30 47	5 44	24 52	6 44	2 52	19 57	12 49	29 61	4 52	56 49	14 53	38 47	50 53	3 51	58 59	40 49	7 43	9 52	28 55	11 38	1 44	53 43	36 56	46 53	21 45	31 53	48 51	20 57	37 57	15 54	18 53	44 47	43 54	10 51	22 55	23 52	27 53	32 56	33 46	52 50	59 51	51 57	47 50	34 53	0 55	41 49
23 53	21 58	0 46	50 40	10 47	49 45	12 47	22 41	34 38	32 47	26 49	46 55	24 45	58 48	11 51	2 53	29 53	42 61	59 49	54 45	39 55	1 49	30 55	25 50	57 55	43 47	19 42	6 56	55 36	4 49	56 55	45 56	20 46	51 44	41 55	5 52	36 50	28 55	16 46	8 51	38 41	53 59	27 54	33 51	44 46	15 48	17 52	52 52	37 52	48 52	31 46	7 44	14 51	47 50	9 55	35 50	18 48	40 53	13 52	3 54
31 48	57 53	4 46	28 57	17 48	18 57	49 47	24 58	36 47	15 42	39 49	8 60	20 57	10 58	56 44	19 52	22 43	21 53	14 52	23 55	32 53	38 44	34 46	53 52	33 43	11 58	59 51	52 48	43 50	51 57	44 51	45 49	55 50	0 53	46 55	29 50	35 44	12 58	16 43	6 43	47 51	7 55	42 38	2 44	5 45	41 54	50 56	58 46	25 44	13 56	54 38	1 47	9 53	27 49	26 41	37 53	48 44	3 52	30 46	40 44
56 53	41 49	15 52	7 48	16 55	48 48	27 55	58 48	36 48	28 52	10 55	39 44	57 56	50 52	29 52	43 45	0 59	59 50	46 58	4 50	34 51	11 58	45 43	6 52	47 51	21 45	13 50	14 54	12 54	25 46	17 47	35 47	23 47	54 48	19 38	55 48	51 58	38 54	40 45	1 45	8 48	52 46	31 51	42 48	30 49	5 50	22 44	32 53	49 47	18 42	24 42	53 52	26 47	33 46	20 46	44 48	2 48	3 51	9 52	37 51
32 53	27 44	3 48	17 52	15 53	12 48	41 51	7 60	21 48	52 51	31 53	57 54	20 48	50 47	58 51	45 55	43 51	25 50	53 52	1 45	5 48	55 55	2 53	22 51	9 55	4 47	44 56	38 60	18 52	48 47	11 43	10 49	16 53	24 51	36 41	30 51	19 42	34 48	49 46	26 47	14 56	51 48	42 45	46 56	40 57	0 51	6 44	29 48	8 54	47 55	39 62	56 54	13 51	54 52	33 50	59 62	35 51	37 46	28 42	23 53
22 45	46 44	58 47	13 49	32 57	31 49	55 46	27 54	29 53	48 53	52 55	14 54	40 46	18 52	36 45	26 49	54 50	35 45	34 50	1 58	21 50	38 50	8 60	39 60	7 48	3 57	15 52	5 48	56 46	49 46	19 55	25 52	47 55	20 51	2 46	33 55	11 49	51 64	0 54	30 51	37 57	50 52	9 45	44 55	57 45	16 45	53 56	10 51	43 48	59 52	23 54	42 48	17 42	4 56	24 48	41 50	12 60	6 49	28 54	45 47
8 49	28 52	12 53	24 40	4 55	29 47	59 39	22 54	58 46	1 44	42 50	31 51	48 54	51 55	11 51	54 56	39 46	33 52	17 53	44 45	21 43	45 54	23 61	7 48	41 50	57 58	27 50	6 48	14 48	56 54	52 53	50 53	53 50	38 52	16 53	2 51	20 50	43 46	46 46	32 55	15 43	55 43	18 52	40 42	36 48	26 46	49 46	13 39	34 57	37 46	19 48	5 54	35 55	47 51	10 54	30 43	3 54	0 52	25 46	9 41
24 42	59 41	40 46	41 49	2 47	1 54	35 51	23 59	45 45	6 55	7 54	38 52	33 50	21 42	25 50	11 44	0 45	34 51	5 50	15 54	20 52	46 42	13 58	51 59	26 50	37 46	57 56	42 51	4 57	18 46	3 48	31 59	48 46	52 49	44 39	56 51	43 49	10 55	58 49	28 44	9 48	12 51	32 43	54 51	29 50	19 50	50 44	36 52	49 56	27 51	39 52	22 48	16 47	55 52	14 47	47 49	30 41	17 48	53 58	8 52
29 46	3 44	7 51	27 47	9 54	57 51	24 50	15 51	51 47	52 42	40 62	26 52	18 52	59 52	19 48	49 45	39 48	45 47	25 48	33 57	20 41	56 49	12 53	31 49	10 53	2 59	23 52	37 49	48 54	17 42	13 44	44 47	38 47	0 53	28 46	14 51	34 50	11 48	50 46	35 47	47 45	58 42	42 52	36 50	4 52	6 56	21 41	30 50	43 45	55 49	46 47	54 48	22 44	41 51	1 52	16 53	5 40	32 57	53 44	8 59
27 53	44 57	1 47	30 56	40 57	43 50	7 55	12 46	34 52	42 48	6 56	10 57	0 54	53 53	22 46	56 52	11 56	3 56	47 42	54 48	29 52	20 57	52 45	32 47	46 43	17 55	58 55	14 43	4 48	24 47	5 49	18 52	28 55	41 55	45 48	48 53	37 44	35 45	15 44	59 48	26 49	49 51	13 53	23 49	39 38	57 53	50 49	31 53	36 44	2 50	8 54	25 46	51 54	19 41	21 39	16 44	55 56	38 47	33 48	9 45
29 52	57 51	16 48	45 52	27 46	18 58	47 47	4 45	1 54	42 61	31 56	49 48	54 47	8 44	3 45	25 48	41 46	50 47	21 45	35 47	44 50	34 55	7 55	13 53	30 50	12 48	55 48	46 52	2 54	52 53	38 48	20 48	26 56	22 55	15 55	32 50	10 53	59 49	56 48	23 58	43 50	40 47	37 52	36 45	19 45	39 53	51 49	48 55	6 43	11 56	58 57	24 48	5 51	0 48	17 52	9 38	28 46	33 50	53 48	14 49
12 45	4 50	13 57	34 51	26 59	46 41	30 52	48 57	28 56	36 43	2 46	3 56	19 51	24 46	25 50	7 55	38 47	31 46	8 51	27 50	51 50	42 47	53 46	20 62	22 54	33 52	32 53	6 47	58 45	37 46	5 47	9 57	14 52	0 53	59 49	57 55	10 46	11 50	41 46	29 46	54 61	1 46	39 51	47 64	56 55	50 52	45 58	18 47	43 61	52 44	35 49	23 54	16 42	40 44	17 41	21 51	44 48	15 45	49 42	55 53
52 56	54 50	3 50	30 44	9 48	14 53	41 51	26 49	35 50	15 51	51 49	13 57	12 48	49 43	10 49	31 50	46 45	57 51	39 48	53 47	2 49	42 48	43 48	4 45	1 54	24 48	45 44	29 49	32 44	23 53	56 50	25 46	7 41	17 50	11 52	50 44	37 47	18 53	44 50	34 43	40 54	21 54	48 50	33 56	28 53	5 50	20 51	38 55	0 49	22 55	59 57	27 43	55 55	36 57	19 55	58 47	8 46	6 50	47 58	16 49
55 47	58 46	13 50	26 53	40 38	1 45	49 55	59 41	45 45	25 47	53 54	4 46	3 39	9 45	16 40	51 51	54 58	43 59	12 49	36 57	21 48	35 56	28 54	7 50	20 54	14 43	24 50	47 51	48 48	29 53	31 50	56 51	27 44	2 45	37 49	57 57	34 49	19 62	32 47	39 61	15 56	17 47	18 47	33 44	30 49	23 59	42 52	52 51	8 42	46 61	0 50	44 47	11 47	38 47	5 61	22 43	10 56	41 51	50 53	6 59
35 47	57 48	2 52	56 43	36 50	42 53	55 51	7 46	39 46	38 55	27 52	47 55	29 62	40 51	20 53	1 52	11 45	3 55	10 54	9 60	4 50	12 48	59 60	43 57	8 47	44 57	0 54	14 43	34 49	31 57	48 55	41 38	28 52	30 51	18 51	19 56	32 56	49 55	16 50	13 46	15 50	50 46	5 46	6 42	17 52	37 62	33 44	45 50	52 44	25 50	54 49	21 41	22 48	26 66	51 57	53 43	46 54	24 53	58 51	23 52
14 52	8 54	7 46	11 59	1 43	13 44	55 45	9 57	31 54	15 52	41 51	19 45	32 41	36 45	38 54	40 47	48 52	2 48	22 53	21 54	30 49	56 48	45 57	5 51	54 49	18 56	34 48	59 49	57 47	33 55	23 47	42 55	10 49	28 53	47 41	12 50	0 42	17 48	53 49	46 56	39 50	16 46	44 56	25 46	43 47	20 46	50 45	27 48	51 55	3 52	58 39	29 43	49 53	24 45	37 63	52 58	35 43	6 51	4 62	26 47
17 52	48 50	7 49	10 55	57 54	9 42	54 50	4 45	19 46	5 48	11 49	6 43	53 46	51 45	23 44	26 53	13 46	21 45	47 56	27 53	18 60	33 44	42 44	1 43	38 48	41 53	2 53	8 54	15 46	52 52	43 45	56 53	22 53	20 42	30 55	14 45	46 49	12 48	25 51	40 46	28 46	37 48	32 45	59 54	44 49	31 53	39 46	16 50	35 49	24 46	29 51	0 42	58 44	3 49	55 51	36 53	49 48	45 47	34 46	50 53
54 45	47 55	42 54	35 46	59 45	19 52	51 55	13 55	37 42	38 50	32 50	41 49	12 53	49 54	8 52	52 51	18 43	5 46	29 52	36 54	58 42	3 46	17 48	34 51	0 43	26 50	2 48	16 53	40 52	14 48	23 54	57 54	50 56	31 47	46 51	33 48	27 57	6 40	30 54	10 51	39 57	45 50	4 55	53 46	21 50	24 52	20 53	43 41	1 46	7 55	22 38	48 55	55 55	9 48	28 45	11 56	44 51	25 55	15 48	56 55
40 57	36 57	51 62	29 48	10 44	33 62	0 50	32 54	1 62	27 43	42 48	38 57	11 44	19 53	44 49	46 50	24 49	56 50	23 49	53 53	58 45	57 49	39 51	3 53	37 44	28 60	31 46	47 53	14 58	52 47	18 50	17 56	4 46	20 52	50 52	30 47	55 51	13 50	25 44	35 57	7 52	34 49	12 50	8 49	5 56	6 43	48 51	59 47	45 52	49 51	21 42	43 52	2 56	16 55	22 47	41 60	26 49	15 45	54 54	9 48
8 47	28 47	14 44	38 54	48 52	55 53	13 47	56 49	37 49	57 44	15 49	43 54	54 49	22 49	26 60	59 46	49 49	40 41	19 47	30 56	42 43	52 48	24 57	5 54	46 47	51 51	36 47	10 44	39 45	4 54	7 45	33 58	16 52	27 50	58 48	21 43	12 48	23 45	1 49	34 61	2 56	44 47	31 48	47 63	29 44	17 51	0 44	18 48	25 53	20 54	9 48	50 57	6 50	11 51	3 52	32 36	41 58	53 64	35 52	45 55
13 51	7 53	1 45	34 51	56 47	51 56	40 56	59 51	47 49	28 54	4 47	39 58	45 53	14 41	36 47	22 50	3 48	23 52	41 49	25 46	5 58	26 55	31 47	46 45	24 46	35 44	37 54	8 38	17 47	54 55	27 57	16 55	9 54	11 47	2 50	10 57	29 54	42 51	53 50	44 56	20 48	38 49	50 40	0 65	6 52	55 52	18 53	12 46	33 55	15 45	58 53	49 49	43 54	30 46	32 39	19 57	21 54	57 55	48 42	52 43
56 48	23 39	47 46	49 51	28 49	14 54	31 48	40 59	11 41	44 44	1 52	43 53	22 56	41 49	21 42	17 48	42 47	33 49	12 43	38 55	51 53	20 45	55 54	45 51	6 57	46 55	32 51	13 58	54 51	15 45	50 45	5 56	8 49	10 49	19 52	3 52	39 42	0 50	25 42	58 52	24 46	53 51	18 57	4 62	59 56	34 51	27 54	29 55	35 51	30 50	7 39	52 52	2 56	36 57	37 55	48 48	9 56	57 46	26 64	16 57
35 46	57 49	37 44	25 51	38 53	51 49	13 51	5 44	7 56	18 47	39 53	56 43	3 50	11 58	24 40	48 54	27 51	28 51	21 41	54 47	2 48	47 53	10 53	1 55	29 47	59 47	26 60	42 46	4 48	23 50	33 57	0 48	17 44	41 51	36 52	52 56	22 44	45 55	8 41	53 45	16 44	20 45	55 56	14 48	40 50	12 44	9 39	50 56	58 56	32 47	43 57	19 42	30 50	44 54	46 50	49 54	34 56	15 49	31 52	6 51
