70	70
64 44	65 45	32 55	9 55	44 54	15 51	29 49	16 53	0 51	26 56	38 45	62 54	8 57	12 48	34 58	23 58	24 45	22 53	43 52	5 49	1 47	51 45	63 45	17 57	52 55	28 52	19 49	14 54	33 52	42 45	68 43	69 55	47 56	18 50	67 48	61 58	36 57	50 49	54 55	7 54	6 49	45 43	31 56	49 53	2 48	25 50	3 55	11 48	56 55	55 52	41 46	60 43	4 52	30 46	20 52	27 46	59 51	46 48	57 53	37 48	58 57	10 45	40 44	66 47	53 48	13 41	48 49	39 59	21 43	35 41
2 54	6 51	32 45	20 50	38 40	44 45	42 40	30 46	22 52	62 46	48 49	35 54	52 47	57 52	61 52	19 54	4 55	25 51	33 59	54 54	39 46	51 58	29 51	37 53	53 42	10 47	7 50	36 52	67 50	47 51	3 49	40 56	31 48	18 45	43 49	50 52	63 48	56 46	24 52	58 51	66 58	14 43	41 51	60 55	65 51	46 46	28 39	11 57	68 47	8 53	5 45	15 55	13 47	55 52	69 42	9 42	1 46	23 52	27 50	34 54	21 52	64 47	59 55	16 54	17 48	49 57	0 41	12 46	26 49	45 34
46 53	40 50	30 50	11 53	18 55	48 54	54 57	41 55	15 52	56 45	62 43	44 54	21 57	5 59	28 42	7 51	59 53	12 46	69 55	25 59	4 48	1 45	20 42	67 47	66 51	31 60	58 52	45 47	50 48	27 45	6 51	29 48	42 58	23 54	9 55	49 58	63 51	39 52	10 48	19 39	8 47	68 53	34 51	37 49	2 49	16 55	65 57	36 51	22 53	0 39	60 47	17 53	52 52	55 48	64 50	57 50	38 46	33 42	35 49	43 49	3 56	47 56	32 49	24 45	13 41	26 52	61 58	51 42	53 44	14 46
2 55	34 46	19 45	39 52	60 53	38 42	44 52	17 53	67 50	28 47	23 50	24 45	50 54	35 54	48 53	52 45	4 54	13 51	43 49	18 54	8 53	65 50	46 46	6 49	47 49	15 44	11 55	29 53	41 50	5 50	22 46	59 43	58 54	55 50	12 43	30 52	45 50	57 57	20 52	62 50	0 57	3 50	14 35	68 49	49 44	25 50	36 54	61 47	10 39	53 56	27 47	40 50	32 44	69 54	63 55	16 50	21 55	54 48	26 52	51 46	37 57	33 50	31 48	9 58	64 44	56 48	7 52	42 51	1 50	66 48
68 54	2 50	10 55	28 58	45 51	22 51	63 46	39 53	3 54	31 49	21 56	14 44	58 51	37 45	7 55	26 52	34 53	5 42	48 47	55 54	6 51	18 57	30 52	12 47	62 45	0 48	32 56	33 51	27 59	52 60	69 53	25 37	42 48	66 49	40 62	43 58	19 50	23 43	4 53	8 48	64 41	35 53	51 53	50 51	13 47	47 45	59 51	36 44	29 58	67 53	46 56	53 50	20 45	24 48	16 42	54 54	65 47	49 53	44 47	11 51	41 59	17 46	15 54	57 47	60 52	56 48	9 43	38 59	61 52	1 49
39 41	66 43	14 57	20 45	52 53	21 54	61 58	60 46	45 48	34 55	69 49	23 49	41 52	1 53	58 54	0 45	54 54	8 57	10 52	13 64	65 52	6 46	53 42	62 52	24 56	22 60	55 47	36 50	68 47	26 54	47 45	64 51	48 49	37 50	27 52	35 60	67 47	16 49	2 52	44 49	25 53	11 64	9 46	42 43	7 51	59 46	31 53	19 52	57 46	38 54	50 61	28 49	51 55	18 46	3 55	32 54	63 48	30 42	5 48	29 52	49 51	4 41	43 46	46 52	15 49	12 56	33 50	56 43	40 58	17 47
64 51	63 41	28 49	20 55	41 55	5 41	35 46	7 43	56 53	12 55	19 59	60 47	27 53	26 48	37 46	24 45	2 45	57 39	68 48	22 49	45 48	49 54	59 45	21 42	66 53	44 44	39 48	58 44	4 47	42 53	52 52	48 52	54 52	15 53	34 53	25 47	43 46	55 46	3 59	69 55	40 49	51 58	8 46	67 49	11 50	38 53	33 44	14 55	53 50	30 53	18 47	9 45	46 40	16 51	36 52	47 52	31 55	23 54	17 56	13 46	62 54	0 53	6 48	32 51	29 49	65 53	1 48	50 42	10 50	61 55
4 56	0 53	58 55	37 55	34 52	50 50	65 51	29 44	67 56	23 49	36 49	66 49	57 53	30 52	27 44	55 52	49 58	42 51	35 51	43 45	56 45	18 65	7 53	38 50	45 48	2 48	20 47	32 51	48 48	60 35	11 51	41 57	3 48	31 53	10 45	51 53	62 50	17 51	16 47	46 48	61 58	8 43	53 55	13 45	68 50	44 53	5 54	28 55	1 53	59 48	39 43	22 51	52 55	9 49	21 51	54 51	12 46	24 49	25 56	33 49	19 45	6 54	40 55	47 47	14 48	69 46	63 41	15 47	26 50	64 53
57 57	1 47	30 58	38 49	5 52	23 55	66 45	27 44	42 48	65 45	21 52	68 49	60 52	35 52	45 49	28 54	12 50	40 53	11 61	69 46	64 55	46 39	62 52	16 51	14 43	22 54	8 43	33 42	48 50	25 58	37 47	43 51	54 48	24 49	7 49	59 54	50 49	19 47	34 49	2 48	10 45	41 44	36 50	4 52	15 50	26 59	31 46	51 50	3 52	49 50	53 53	44 41	9 51	61 48	13 49	29 51	18 46	52 53	6 44	47 51	32 60	0 55	17 50	56 50	55 39	58 43	39 52	63 52	67 54	20 49
23 48	58 44	62 44	21 44	25 48	27 45	4 47	54 50	13 49	10 51	69 45	41 61	31 46	30 50	68 52	60 43	24 44	57 53	19 49	66 54	22 54	16 43	45 55	36 48	20 48	29 48	18 52	56 44	37 43	39 48	11 56	38 51	0 47	64 44	42 50	32 46	51 53	26 59	43 53	47 47	15 44	67 48	17 55	59 56	61 49	6 46	50 58	44 50	63 53	2 48	55 52	7 45	34 48	49 45	12 50	40 52	1 47	53 55	8 55	5 54	35 59	28 57	9 48	3 42	14 56	52 55	33 52	65 49	48 56	46 35
58 55	48 46	57 54	8 37	59 46	37 48	51 44	4 52	14 51	42 58	2 52	15 50	33 48	26 48	55 53	17 50	49 47	67 55	25 51	61 57	43 57	64 48	20 56	5 54	23 50	66 55	7 50	29 53	10 44	11 44	31 52	32 42	65 42	12 49	52 47	45 52	56 50	41 49	0 48	68 48	50 50	38 52	30 54	28 47	27 50	44 51	3 49	16 54	18 48	6 48	54 49	62 44	35 49	19 46	24 52	69 49	60 51	36 51	22 64	40 47	21 46	34 45	9 54	39 44	63 51	46 45	1 52	47 60	13 58	53 55
65 40	14 41	9 54	50 46	57 46	43 43	60 59	7 51	37 55	23 52	45 54	59 45	12 53	62 48	32 55	25 44	53 49	46 44	35 48	48 53	41 50	55 50	27 44	11 63	8 46	42 53	36 49	56 53	67 45	52 47	47 58	63 43	15 50	24 54	64 49	39 57	0 51	29 49	3 49	49 55	68 47	34 48	58 58	20 54	4 61	28 46	17 59	18 53	33 53	54 57	44 48	10 52	2 51	69 43	31 51	22 45	26 50	6 51	1 53	51 48	5 64	19 49	61 52	16 48	38 53	66 52	30 58	40 56	13 66	21 52
57 51	47 51	38 46	44 49	37 55	33 47	45 43	26 49	51 43	43 59	34 60	61 45	15 59	35 49	16 57	32 44	7 50	42 39	3 55	12 53	21 57	28 50	67 51	53 51	56 46	39 49	46 45	17 53	64 54	55 52	36 36	49 46	20 56	48 51	0 54	40 47	66 53	18 40	65 50	22 50	11 57	23 48	13 44	29 51	5 48	50 53	52 51	54 52	10 49	63 58	8 46	1 48	69 41	62 45	2 41	14 53	59 48	60 44	19 55	6 51	41 53	30 49	4 47	31 52	25 49	27 54	68 54	9 49	24 50	58 61
42 46	41 43	69 50	40 52	60 46	64 57	7 50	46 44	61 42	44 50	57 48	3 49	56 48	35 46	63 45	47 49	45 50	5 49	49 51	68 56	52 50	19 49	29 49	34 53	30 44	18 52	13 52	31 55	27 54	6 45	55 41	54 51	0 51	28 39	21 56	1 48	11 51	2 48	15 53	20 55	8 47	39 56	16 44	12 51	66 49	33 52	51 48	50 46	65 52	14 44	36 51	10 55	62 48	67 34	48 52	9 52	26 51	25 54	4 48	17 55	22 58	58 44	37 46	43 62	23 48	38 43	53 50	24 40	59 54	32 53
35 52	14 43	4 51	3 47	5 55	64 49	7 52	40 55	1 48	24 46	11 46	54 49	44 46	56 61	49 55	66 50	39 53	47 45	53 51	51 48	8 49	45 59	31 41	9 48	41 57	55 53	21 49	28 51	69 56	58 51	6 51	20 58	2 47	29 38	18 45	52 48	68 47	15 55	67 45	63 44	13 49	23 57	36 50	32 54	34 46	25 45	19 47	62 41	38 53	17 55	27 52	10 57	37 47	59 49	61 47	57 51	0 46	60 49	65 49	33 45	30 49	46 50	22 52	50 52	42 52	12 61	26 48	43 54	16 57	48 49
6 48	64 55	37 52	10 55	23 40	51 55	50 44	57 54	21 56	36 47	15 51	49 40	39 46	20 49	63 56	33 54	45 47	19 51	2 49	46 48	31 57	5 50	29 54	68 53	56 48	69 47	52 54	11 42	42 48	14 45	8 47	27 56	58 58	22 55	16 49	53 57	17 42	4 56	44 46	55 52	13 44	35 49	18 43	66 51	54 51	43 50	9 55	67 49	12 51	25 49	40 49	60 50	41 43	0 49	28 45	59 51	7 40	62 40	3 41	30 48	32 48	38 50	26 56	61 49	1 59	65 47	48 54	47 55	24 45	34 55
58 63	65 46	9 44	1 47	2 50	18 47	29 50	50 46	6 50	47 53	60 48	62 43	33 51	0 48	19 53	53 47	23 61	17 52	36 49	25 51	45 54	39 40	13 54	41 47	24 51	49 45	69 57	7 34	31 47	3 49	27 52	38 48	63 47	20 49	64 43	32 50	35 57	21 57	44 54	22 48	51 47	48 55	11 47	59 47	5 45	30 54	16 50	55 54	12 60	40 47	54 49	4 48	67 60	56 48	68 58	28 49	57 41	14 49	37 59	52 49	46 46	15 53	34 50	26 51	66 44	61 47	43 49	8 52	10 53	42 48
33 56	64 52	44 53	67 56	6 56	36 50	37 45	21 56	2 52	49 60	16 48	46 51	38 50	30 43	32 56	8 54	4 46	58 51	9 55	66 57	0 48	10 53	12 59	23 54	26 56	40 48	42 47	1 49	19 52	3 65	63 56	29 46	25 40	39 41	11 48	61 44	52 48	17 53	53 48	50 47	14 54	18 55	59 53	68 49	43 48	69 50	54 46	31 51	47 51	56 50	60 48	65 52	51 48	13 53	62 52	55 38	45 50	28 52	34 50	20 50	15 48	57 49	41 54	22 47	24 55	7 50	35 47	48 45	27 57	5 48
57 52	50 55	52 55	32 55	9 44	33 50	35 59	2 46	20 52	30 52	31 45	3 37	4 46	64 48	42 55	45 46	14 48	0 56	29 52	7 46	43 51	47 52	34 50	58 51	16 52	6 44	41 55	49 53	55 47	37 53	24 51	27 62	36 49	48 52	38 52	15 52	19 49	18 54	65 40	56 56	59 49	22 56	28 45	23 63	5 44	46 53	40 47	25 55	67 47	68 48	53 42	39 40	62 51	66 48	26 52	44 45	51 34	54 55	12 47	11 50	8 49	10 52	13 47	60 42	63 49	61 53	1 53	17 47	21 47	69 49
24 40	21 52	19 50	62 52	58 46	29 50	18 49	56 43	52 52	2 42	27 47	61 58	12 57	44 60	66 45	57 47	63 48	22 47	34 58	32 49	25 61	16 55	41 48	30 47	13 55	47 53	33 46	68 49	11 49	38 44	64 58	67 57	28 47	20 47	3 49	4 50	10 49	31 54	46 51	49 41	26 54	5 55	36 48	23 57	15 52	59 51	8 52	7 39	40 41	0 59	42 54	45 48	9 50	60 52	37 46	43 48	39 51	51 50	53 44	14 49	35 42	69 46	55 48	6 55	65 48	50 48	1 58	54 55	17 53	48 55
18 49	20 44	8 49	56 50	66 44	44 46	13 53	64 51	63 48	60 51	0 43	30 53	28 47	51 48	7 55	10 40	47 57	24 56	32 54	1 56	11 52	27 54	42 51	9 51	21 46	53 45	65 45	58 50	38 50	52 49	69 43	5 51	62 42	50 57	12 61	4 53	17 52	29 50	2 45	6 43	59 46	39 49	3 36	26 48	49 48	67 50	25 49	31 51	54 55	16 44	14 39	43 46	23 44	40 50	55 53	57 54	33 56	61 49	15 52	68 47	41 52	34 44	48 53	45 52	46 55	37 61	36 49	22 58	19 53	35 50
33 52	11 51	44 49	12 57	68 54	15 57	60 51	58 57	13 52	19 57	40 51	48 55	66 44	67 52	51 48	26 51	62 56	28 50	43 49	23 43	45 52	3 51	36 46	22 44	8 51	64 50	10 53	61 56	54 48	47 54	55 55	6 53	24 51	53 49	9 48	20 42	37 52	21 40	63 45	59 48	2 49	18 42	69 55	17 46	46 44	5 57	57 52	27 52	32 48	39 54	38 47	56 50	42 55	7 44	1 49	30 53	0 46	50 64	14 47	34 52	49 55	31 48	4 53	25 46	65 60	29 47	35 50	16 45	52 54	41 47
39 52	21 60	14 46	37 44	9 48	55 56	69 46	8 55	62 57	26 48	15 65	32 54	11 50	19 53	66 50	22 52	27 49	48 60	10 44	7 51	56 46	4 50	43 47	41 49	68 58	65 48	46 54	12 46	40 55	60 55	28 37	38 51	33 48	30 44	25 53	17 46	31 49	36 56	49 38	53 43	64 38	3 54	23 48	44 47	18 52	61 46	50 47	5 44	54 52	2 48	63 47	45 55	59 47	1 53	51 50	42 59	13 51	34 55	0 50	16 43	35 57	24 56	6 50	20 53	67 48	57 49	47 52	29 48	52 46	58 54
53 51	41 50	20 56	1 47	66 53	21 42	58 41	44 56	33 50	14 40	7 51	49 50	11 46	32 56	61 56	6 50	30 44	23 50	25 59	26 57	10 58	9 52	46 50	37 51	39 52	36 54	57 45	19 45	51 48	60 58	3 51	54 53	64 44	48 50	55 53	2 49	13 40	35 49	62 40	12 42	52 48	0 52	40 47	68 46	27 57	22 51	42 52	24 44	31 49	45 58	43 51	8 52	38 45	34 61	15 51	4 56	63 55	16 53	65 52	67 54	56 50	29 44	18 53	50 53	28 45	47 47	17 51	59 56	5 54	69 52
20 53	63 53	23 53	0 45	18 56	34 49	21 58	49 42	57 58	52 58	50 52	44 54	42 42	39 44	36 47	40 55	6 36	54 54	9 55	26 51	31 43	58 54	33 51	17 48	25 49	19 42	43 44	29 53	16 47	59 50	38 51	48 58	62 55	32 53	68 53	22 51	64 50	27 42	35 43	41 46	13 54	11 46	55 58	5 41	60 49	37 50	51 52	4 53	14 53	69 61	61 54	2 53	28 43	53 57	30 43	24 52	15 47	1 49	10 52	56 55	8 45	46 44	45 55	12 50	66 52	3 50	67 48	47 46	65 52	7 53
11 52	59 56	63 48	18 56	24 58	6 46	7 51	31 46	25 51	1 44	13 51	21 43	47 47	40 50	33 46	39 57	58 39	9 43	44 52	67 47	36 51	19 50	43 61	41 55	42 52	45 48	55 52	51 47	3 39	17 50	56 62	48 54	14 46	37 49	66 57	52 51	27 53	32 43	8 57	57 50	26 45	0 47	65 48	28 50	5 53	20 48	34 55	4 47	38 55	69 48	29 59	53 47	12 53	2 50	35 50	23 41	16 56	68 54	49 47	64 49	46 51	10 49	50 42	30 50	61 43	60 43	62 53	54 44	22 48	15 57
35 53	17 57	50 46	22 50	53 40	32 44	66 46	4 51	16 49	36 57	54 58	67 54	69 49	1 46	48 44	29 57	19 54	65 58	59 43	58 52	9 46	21 48	47 52	56 55	23 45	26 59	11 52	52 55	10 55	46 58	6 43	0 48	30 47	15 52	42 43	8 47	34 50	55 45	14 65	7 50	28 48	31 48	27 54	44 42	33 47	2 52	63 45	13 47	12 49	3 47	51 43	49 50	20 44	39 55	68 45	24 57	5 39	62 49	38 51	25 56	57 50	43 48	64 60	37 50	41 55	18 46	40 56	61 46	60 47	45 40
5 49	62 56	13 51	17 53	60 41	59 50	67 49	41 44	25 46	61 53	35 57	8 56	48 53	22 49	30 53	46 57	21 49	10 45	42 49	9 47	7 40	14 43	45 45	43 48	68 55	49 43	26 56	4 53	40 50	27 52	0 55	53 49	51 54	52 42	64 59	2 50	66 43	29 57	47 43	39 47	12 52	50 52	38 57	3 49	44 45	11 56	6 57	15 46	36 48	57 50	58 45	23 49	1 52	55 46	16 51	69 52	34 55	33 50	56 51	24 52	54 47	37 47	19 39	63 49	28 55	18 52	20 46	31 61	32 44	65 54
3 47	32 44	56 57	30 43	26 48	48 44	58 46	47 41	54 49	53 49	61 57	33 59	10 60	5 50	15 51	28 50	11 52	31 52	29 63	1 47	23 53	43 53	66 41	67 53	8 47	6 44	51 54	18 47	35 45	7 47	45 51	17 49	34 48	40 61	4 50	68 46	12 53	22 48	64 58	2 54	20 54	25 57	42 43	59 41	46 53	16 43	13 49	21 51	24 59	27 43	55 52	52 56	65 45	50 54	37 53	60 52	36 46	9 54	39 52	0 57	49 51	38 53	14 44	63 47	69 58	44 57	41 44	57 48	62 55	19 59
51 49	68 54	11 47	66 58	6 54	53 42	62 47	69 45	25 51	40 55	37 50	23 58	27 55	10 52	61 46	0 56	2 48	46 47	45 47	30 58	19 48	17 55	50 49	16 53	47 46	42 45	12 62	41 48	18 55	4 48	3 41	57 46	31 53	58 44	64 47	26 50	67 57	48 45	63 45	49 49	39 53	20 54	59 54	35 43	44 62	54 47	28 48	24 48	8 51	22 52	52 43	56 56	7 48	9 47	36 48	43 41	29 46	33 56	60 51	55 43	32 40	38 41	1 50	65 45	13 43	34 50	5 59	14 47	15 57	21 54
49 57	36 49	24 46	66 52	25 50	22 43	2 47	42 47	10 49	7 62	51 52	61 39	31 50	50 47	30 62	45 48	18 52	0 51	55 53	20 57	37 52	32 52	35 47	69 49	23 48	11 46	14 50	33 44	4 54	58 60	44 49	41 48	5 53	43 58	3 52	57 59	62 49	17 40	54 49	53 51	56 44	38 50	29 43	8 49	13 62	40 51	48 48	21 54	39 49	34 45	16 52	28 61	52 51	59 45	46 61	15 49	60 45	65 53	64 55	47 52	67 56	12 55	26 52	68 51	27 52	1 41	19 52	6 49	63 57	9 46
55 48	61 39	24 49	22 47	18 56	21 49	6 63	58 60	3 48	2 40	52 52	8 45	15 53	47 60	23 50	14 48	43 49	27 52	34 52	25 47	1 47	53 56	29 61	30 49	39 47	36 49	44 47	66 60	49 52	13 52	48 52	67 49	0 46	17 56	38 49	63 54	40 47	28 47	20 50	64 53	56 51	16 48	69 51	19 46	35 52	7 44	54 50	32 49	31 45	62 51	60 46	4 47	9 54	65 45	51 51	26 43	12 51	57 47	11 59	37 55	41 52	50 47	33 52	10 46	42 55	68 54	5 51	59 47	46 44	45 49
10 50	11 52	47 57	62 48	9 56	60 52	5 54	46 52	40 52	26 45	24 50	3 57	41 54	14 43	51 53	22 62	49 47	42 41	31 45	20 46	23 48	48 48	29 54	8 53	45 52	21 47	61 53	64 48	1 52	7 49	6 52	37 56	38 46	17 55	12 45	18 52	13 55	27 55	54 59	35 55	66 52	34 53	50 46	57 52	65 51	28 49	30 55	53 48	39 52	33 45	63 49	55 53	52 56	19 45	16 46	32 45	68 51	59 50	67 50	58 44	56 47	4 57	0 49	36 45	43 47	15 45	25 54	44 50	2 48	69 48
2 55	53 49	7 50	68 54	65 48	43 49	52 42	69 46	58 48	29 47	16 57	47 53	32 45	39 53	26 49	33 45	24 60	21 50	4 50	14 50	37 49	57 48	11 59	66 45	15 54	30 54	44 48	25 53	13 49	67 44	40 52	41 48	35 48	18 55	0 47	42 45	22 60	9 49	5 52	56 50	3 47	54 51	55 50	6 45	62 40	45 47	64 46	51 52	50 49	28 51	36 55	61 50	49 49	10 52	60 60	34 45	19 49	23 54	1 52	8 43	46 50	27 45	12 52	17 43	38 48	59 50	63 46	31 55	20 49	48 51
64 50	4 51	31 49	10 52	45 53	69 45	18 56	44 45	11 53	68 57	67 50	32 50	30 51	47 46	28 48	15 47	60 47	1 50	3 48	27 54	40 55	57 52	56 50	43 49	2 55	21 46	46 51	42 41	13 42	0 50	14 48	8 49	48 47	12 46	65 54	66 40	9 57	5 48	39 55	19 48	7 57	34 44	49 54	37 56	23 51	53 51	25 58	17 51	61 50	51 47	29 48	63 47	22 46	20 52	55 46	62 47	36 48	24 50	59 44	35 51	54 40	58 48	41 41	33 50	16 46	38 63	52 45	26 53	6 54	50 54
20 46	19 51	27 49	10 48	39 50	55 52	5 48	1 60	16 61	29 48	66 44	50 55	63 51	65 55	45 51	3 52	21 43	26 59	4 54	8 55	54 50	67 43	36 53	47 51	0 59	38 57	68 51	43 44	2 53	53 49	46 46	33 42	15 44	17 43	60 53	57 51	62 41	28 51	64 50	52 53	35 36	32 45	30 44	49 48	6 49	23 49	22 48	31 50	18 54	37 47	7 45	48 53	51 59	44 50	42 38	58 40	59 54	41 49	14 48	40 59	13 48	12 54	24 46	61 42	56 49	9 50	69 43	34 57	11 42	25 43
35 54	12 57	69 50	49 45	32 52	10 54	63 49	36 45	45 50	43 52	41 47	34 43	66 59	52 51	58 54	19 45	20 43	38 51	8 46	40 44	53 54	68 61	57 38	4 51	30 54	64 49	29 43	2 59	37 52	62 44	6 51	5 53	0 47	1 51	48 55	33 49	23 49	13 53	25 51	56 50	9 52	21 50	15 48	16 51	59 50	54 50	18 61	11 55	27 50	55 48	24 50	50 56	17 48	47 44	42 54	39 48	14 51	22 53	60 54	65 58	31 56	51 44	44 45	7 49	28 59	26 50	46 58	3 50	67 43	61 50
40 53	1 47	3 58	8 57	24 53	38 48	62 52	29 49	7 50	9 48	26 46	23 57	46 49	30 51	20 53	11 52	18 49	57 56	59 50	47 59	61 45	63 46	17 46	14 50	44 49	67 46	16 51	55 48	12 43	37 46	31 45	53 51	43 52	5 42	56 58	34 59	54 54	49 53	42 54	4 50	13 50	27 46	19 47	58 56	41 43	48 47	0 59	66 48	39 54	2 46	21 57	22 50	10 57	15 44	68 56	33 51	6 45	50 50	28 55	35 59	60 58	45 54	32 50	64 46	25 52	36 53	69 43	52 52	65 48	51 41
26 50	9 48	33 55	61 49	0 61	55 47	45 43	35 53	3 51	44 52	17 52	67 57	38 44	65 51	1 38	42 47	58 48	5 47	40 54	41 54	64 43	12 53	54 47	32 51	23 45	30 56	59 51	11 41	25 54	24 41	27 56	39 45	29 48	37 55	46 46	2 46	47 51	14 47	43 59	31 46	57 53	8 63	62 56	36 48	56 46	19 46	66 51	49 50	20 54	52 46	68 44	15 49	4 48	48 43	13 51	50 47	7 50	10 45	53 55	34 61	51 46	16 57	63 51	22 46	69 54	28 53	6 50	18 59	60 54	21 50
68 55	58 49	54 53	63 52	43 49	56 55	51 52	24 45	30 55	55 47	2 57	31 53	53 51	62 50	47 48	40 53	27 60	33 48	12 42	44 52	5 55	46 58	14 48	0 45	20 49	4 50	35 48	52 46	10 54	67 51	32 47	28 57	7 54	69 46	29 49	49 45	48 56	61 48	15 54	45 48	42 51	41 51	16 52	1 60	18 55	26 56	39 56	21 43	37 44	66 49	36 52	60 52	57 44	19 53	25 44	34 50	13 46	23 50	17 50	8 52	3 49	64 48	6 51	38 52	9 52	59 52	22 40	65 53	50 55	11 54
5 50	29 47	60 51	1 58	61 48	48 50	12 48	50 52	24 51	39 55	66 49	41 57	69 54	36 56	14 46	9 51	7 45	16 51	64 52	27 47	38 45	53 61	54 56	18 52	58 48	26 53	52 55	47 49	31 50	67 50	20 57	8 57	25 53	30 52	35 44	43 47	17 42	21 45	57 59	51 55	3 49	33 55	4 53	49 47	44 44	37 47	55 51	34 42	11 49	68 53	63 47	2 51	15 50	23 46	10 44	28 48	62 53	6 55	59 48	22 56	56 51	19 47	65 59	42 45	46 44	13 42	45 48	32 50	0 55	40 52
65 51	25 53	0 43	33 47	20 49	16 50	61 42	24 44	1 55	54 51	58 61	14 45	34 55	60 57	26 48	30 54	43 39	56 51	66 47	51 57	3 47	63 51	4 46	59 49	36 55	8 44	9 54	38 50	32 54	10 52	47 55	67 48	29 49	41 54	37 50	2 61	49 48	45 50	23 54	50 54	57 48	27 52	15 55	31 49	69 40	35 47	21 54	13 52	5 54	68 51	42 59	6 42	48 44	46 48	55 52	39 51	18 50	53 57	7 58	17 52	52 55	44 56	64 57	19 53	22 48	11 54	28 49	12 50	62 44	40 49
27 54	38 51	67 51	14 60	40 46	25 55	37 51	53 43	23 54	57 50	62 54	32 55	11 45	66 48	22 42	36 58	29 45	46 51	15 50	35 54	5 48	13 53	41 48	65 53	18 42	30 54	48 56	10 52	20 51	44 53	3 44	56 50	17 49	63 57	43 52	16 53	28 51	60 43	69 42	47 46	8 46	19 47	52 49	59 51	61 39	4 48	39 54	26 51	55 44	64 35	50 46	12 51	1 51	6 54	42 50	45 57	54 54	21 50	24 55	34 50	58 40	7 51	68 49	51 54	31 52	2 55	49 50	0 48	33 41	9 45
28 42	9 55	67 49	41 50	1 58	65 43	68 49	15 52	53 40	29 50	30 44	5 50	63 45	59 53	19 56	13 47	6 55	40 49	64 52	37 50	61 48	20 52	66 41	62 54	43 47	56 52	46 50	25 55	47 56	16 49	11 56	23 51	21 57	35 52	44 44	45 37	18 56	22 49	33 50	31 47	49 51	51 51	8 38	57 48	27 52	50 56	60 52	52 43	14 49	12 49	4 49	42 47	58 51	32 42	54 48	7 55	36 47	2 55	24 44	34 47	48 53	39 47	69 45	0 54	17 49	3 44	26 47	38 38	10 48	55 52
25 45	11 46	62 53	61 47	38 52	49 44	69 49	45 55	51 48	4 52	55 51	24 41	16 50	57 51	31 53	9 46	27 44	50 55	20 54	48 47	28 55	5 48	32 51	19 44	34 53	13 49	40 52	39 50	10 42	35 45	41 47	59 56	47 52	0 47	14 43	2 56	36 47	23 48	22 51	21 51	12 48	29 48	56 57	1 49	30 63	65 53	44 60	67 49	15 45	60 44	53 61	42 50	66 40	7 55	26 46	46 52	68 54	52 50	58 57	8 52	3 50	6 44	63 50	64 56	43 50	17 49	33 33	18 50	54 53	37 60
12 48	19 36	29 56	55 50	44 54	43 60	45 54	41 51	11 52	53 50	28 50	63 54	6 40	38 55	51 49	60 56	56 49	69 51	3 56	0 56	59 50	52 41	68 45	35 45	49 53	54 44	17 53	32 47	14 52	33 56	62 46	36 48	31 58	66 55	22 58	61 48	21 52	65 51	24 55	47 49	46 49	10 56	15 54	27 52	30 57	4 39	13 54	42 57	8 47	67 57	16 40	20 43	9 57	5 46	1 55	48 47	7 44	26 53	18 49	58 53	57 47	40 49	37 49	64 46	39 42	2 48	23 49	34 44	50 60	25 56
4 41	13 52	37 48	17 54	65 44	6 46	50 43	23 55	42 46	63 49	15 50	30 49	3 60	46 48	44 51	55 44	1 45	25 55	35 49	5 51	18 49	24 43	67 42	2 52	43 47	19 54	14 48	8 54	10 55	27 48	26 67	21 57	49 53	58 42	9 50	60 42	16 49	56 50	52 53	61 56	47 55	20 51	22 58	38 47	59 44	54 46	29 47	0 54	45 48	31 46	39 64	28 49	33 49	7 43	34 40	11 47	57 53	68 51	36 48	40 46	66 47	41 48	12 48	64 57	51 51	48 51	62 52	69 55	53 51	32 45
20 53	54 52	64 52	22 41	60 50	0 47	19 48	12 61	6 56	30 54	18 52	67 53	1 60	46 45	13 49	33 49	69 56	53 63	15 43	8 41	4 53	58 55	57 57	47 50	40 49	65 55	51 44	66 55	14 45	21 44	5 56	29 50	49 46	52 54	63 43	27 45	56 51	24 47	43 53	16 41	59 52	45 52	36 45	23 47	37 47	42 55	26 41	17 46	32 51	7 49	25 50	44 49	62 54	48 47	2 49	28 54	61 49	3 48	50 58	39 47	68 58	10 50	55 64	11 47	41 48	34 50	35 50	31 53	38 61	9 51
18 50	13 54	38 48	31 44	45 54	39 41	0 46	58 48	29 48	50 55	44 51	42 47	17 47	5 55	3 39	64 58	34 53	7 44	15 51	52 60	37 56	19 42	35 62	8 53	68 56	48 59	56 52	21 48	69 46	25 48	60 53	27 61	28 48	1 53	66 55	6 39	24 50	33 55	30 50	46 41	14 53	32 55	20 53	22 49	26 48	57 54	63 59	55 54	54 43	51 46	47 52	67 48	41 50	62 47	9 50	12 47	53 45	16 52	40 38	11 59	10 44	4 48	2 48	61 63	65 51	59 44	49 54	36 54	23 50	43 58
5 51	66 45	56 47	60 48	17 54	4 41	54 55	57 50	3 42	28 56	30 56	59 48	9 55	18 36	6 53	29 41	51 52	27 56	63 45	47 47	23 45	8 57	64 46	39 46	48 53	32 60	1 50	35 58	38 58	12 53	67 40	46 50	61 54	24 56	58 43	43 47	68 55	26 54	34 56	44 47	20 45	11 62	69 53	16 48	40 55	10 44	53 48	31 45	13 54	42 55	37 46	50 47	19 54	55 46	33 55	65 48	15 33	62 47	0 50	45 47	14 51	52 51	22 39	2 53	49 61	25 47	7 46	41 45	36 43	21 42
6 46	45 49	16 54	1 49	66 50	36 53	60 36	44 55	46 48	68 58	33 53	40 49	19 52	23 43	32 51	4 48	27 49	17 56	26 46	3 40	53 52	59 47	21 42	28 47	50 40	2 47	34 55	24 54	69 54	58 52	42 50	55 50	48 55	57 47	5 50	12 43	37 47	18 54	11 47	54 49	9 58	56 53	8 41	22 44	61 45	52 52	38 54	51 47	35 45	14 50	67 54	7 45	30 44	62 46	15 56	25 51	49 53	47 54	64 48	39 45	20 44	41 56	65 50	63 41	31 54	29 57	10 49	13 50	43 48	0 48
41 54	38 45	39 56	36 43	47 51	28 48	42 45	25 49	30 54	2 42	46 45	60 43	67 49	31 56	62 48	61 52	1 50	64 51	66 54	6 42	14 48	18 58	37 50	4 45	24 51	54 53	34 43	12 44	50 51	59 49	58 53	48 52	20 46	51 41	27 42	43 53	45 43	7 52	32 50	10 46	16 57	9 60	49 61	0 42	13 48	22 51	65 56	15 49	5 54	52 45	8 50	3 52	11 51	40 52	53 46	17 55	57 44	23 50	44 49	26 52	19 53	69 54	68 46	29 44	56 51	33 41	55 53	21 54	35 48	63 54
17 57	10 55	61 46	22 49	59 49	19 50	24 45	58 54	34 58	48 48	4 51	11 40	43 42	42 53	20 49	31 53	35 46	56 49	21 46	54 47	30 50	67 47	15 51	37 44	32 50	55 47	66 49	46 45	57 42	65 43	50 47	5 51	25 43	16 48	47 51	26 43	40 47	69 48	27 44	38 52	6 48	64 42	23 55	18 53	60 48	51 42	8 51	13 53	52 60	41 43	49 50	7 55	3 44	33 47	36 44	63 53	62 51	39 54	2 53	0 56	9 48	45 48	12 47	53 45	44 45	29 47	14 53	68 48	1 45	28 63
12 59	53 42	18 46	69 50	6 50	66 52	10 54	49 55	38 40	55 48	62 60	1 47	16 43	39 46	21 51	20 56	37 59	36 52	13 56	65 52	25 49	28 53	0 50	61 51	14 51	27 56	51 54	9 57	23 46	32 43	11 49	56 42	52 58	30 54	15 55	35 49	44 45	7 40	8 45	22 49	60 54	58 45	50 49	5 55	68 48	64 47	63 54	59 54	31 56	34 49	33 48	3 47	17 44	26 51	67 46	19 52	43 49	54 50	42 43	46 53	41 51	48 50	45 48	24 58	29 45	2 49	4 54	40 53	57 49	47 47
24 43	62 51	13 49	9 58	7 47	64 48	53 55	57 50	45 52	55 41	26 54	42 53	25 43	3 50	8 47	1 50	40 56	48 51	37 59	69 44	19 48	39 54	29 55	33 51	50 48	35 47	16 50	20 52	56 41	43 54	5 49	17 42	15 58	6 44	4 58	0 50	66 57	18 51	28 49	30 54	31 48	32 46	68 44	65 54	44 52	2 60	23 44	34 50	11 43	49 48	46 47	51 52	10 47	38 48	12 48	47 48	52 50	58 52	27 55	41 51	14 54	60 47	59 51	36 54	61 41	67 57	22 53	63 52	21 49	54 53
28 49	19 54	14 55	41 47	16 51	30 46	62 45	1 47	42 41	17 44	66 50	47 48	63 56	34 42	43 50	58 49	7 47	0 53	32 44	23 38	8 52	50 54	57 53	68 55	11 52	67 49	36 46	53 52	5 56	45 47	55 55	2 38	46 42	24 51	6 49	52 43	48 48	26 42	40 50	37 54	31 50	38 55	56 49	64 47	10 45	49 46	20 49	35 49	13 58	54 50	12 52	25 41	33 48	39 58	18 51	51 63	59 45	61 50	21 48	29 39	44 55	69 49	22 51	4 55	60 49	9 58	27 61	15 57	65 45	3 57
42 58	38 53	57 48	32 54	26 51	4 50	64 54	67 55	47 41	6 48	7 50	62 44	11 48	35 41	43 48	50 51	20 57	33 57	44 51	2 48	63 49	3 43	40 48	45 58	14 42	54 40	16 55	66 48	13 40	8 52	39 50	41 50	17 50	29 49	34 57	21 52	25 48	28 50	23 59	18 60	22 53	61 51	37 57	19 54	58 52	48 52	10 45	49 56	69 44	46 54	30 49	0 47	15 51	65 50	31 60	59 63	24 52	60 48	5 46	12 46	51 57	9 57	27 58	53 49	68 53	56 41	52 51	1 50	36 51	55 43
8 60	40 52	11 48	67 52	33 46	15 56	9 51	5 44	59 47	1 40	24 56	27 46	26 40	41 49	57 53	38 52	43 53	53 48	55 47	62 51	50 58	25 52	30 41	29 52	56 46	48 53	61 49	20 46	58 55	10 50	0 54	63 51	14 53	17 47	60 49	21 57	52 36	22 47	46 49	49 54	4 42	19 48	51 45	18 48	3 61	37 49	45 44	54 46	47 46	65 50	12 48	34 45	64 52	44 53	32 48	23 49	35 46	6 52	13 53	68 44	28 49	39 43	31 52	42 50	66 45	2 48	36 49	16 53	7 51	69 54
58 57	43 51	65 52	14 45	28 53	21 53	24 49	62 50	10 52	69 51	53 59	66 55	17 48	15 53	54 59	16 54	56 40	20 52	0 50	40 51	4 59	25 50	47 51	42 52	68 50	19 55	12 49	3 51	27 52	7 44	36 54	55 45	37 56	13 45	2 50	38 47	9 52	63 47	31 52	49 55	45 48	60 63	26 48	41 45	8 50	44 51	39 44	61 50	34 54	30 50	11 59	5 56	6 47	23 53	51 43	33 50	57 54	1 51	48 50	32 46	67 49	59 48	35 44	29 46	52 57	46 51	64 50	18 58	50 47	22 49
12 47	34 47	43 53	9 50	45 53	14 47	57 41	67 47	42 56	27 52	55 49	5 46	20 58	52 48	37 52	40 44	6 55	61 44	41 54	22 43	2 46	32 48	35 53	46 47	31 49	62 53	26 51	69 44	30 47	50 47	63 49	3 61	65 56	68 59	0 50	58 53	54 51	64 49	8 52	48 56	11 61	59 43	7 48	24 46	19 53	23 57	47 44	21 52	49 56	39 49	4 50	51 48	28 49	36 57	18 44	15 43	1 50	66 56	38 47	53 48	13 52	56 51	25 42	29 46	60 45	33 45	44 53	17 55	16 46	10 49
13 44	54 49	17 55	44 54	3 39	35 53	9 41	18 51	26 51	7 52	4 52	59 59	5 47	63 49	50 49	11 51	49 53	1 46	2 54	16 55	14 46	41 53	8 47	0 59	55 51	19 53	48 47	31 57	36 47	65 50	61 47	46 47	45 52	15 53	37 51	47 40	22 48	33 57	23 51	68 53	43 54	67 54	64 46	57 50	29 56	60 48	24 48	38 44	39 50	52 53	10 51	51 40	53 45	62 50	20 49	66 48	58 47	30 55	34 61	21 46	12 52	32 50	25 58	42 54	56 47	69 43	28 48	27 49	40 46	6 48
65 52	54 48	42 46	64 48	19 49	43 57	60 40	30 53	62 48	68 45	36 41	39 58	33 54	15 48	37 51	16 48	53 47	1 36	31 47	11 41	4 42	7 49	18 53	57 57	51 45	41 56	24 49	63 53	69 60	47 51	32 58	40 44	28 64	38 62	2 68	29 49	48 49	26 53	12 59	21 44	34 50	13 52	14 45	10 55	59 46	9 42	3 44	44 41	49 50	50 48	17 54	67 53	55 52	0 51	58 48	46 43	6 53	23 56	8 56	56 50	27 49	20 45	45 59	66 58	25 49	5 56	22 52	61 45	52 38	35 53
42 40	5 54	43 53	48 52	62 41	14 47	18 45	13 48	34 46	57 48	16 51	55 52	44 56	11 53	31 44	0 51	36 51	40 53	15 47	25 39	69 50	24 51	66 47	49 40	45 44	35 53	50 38	6 49	61 47	3 42	27 43	63 56	10 46	53 45	33 48	58 44	51 53	37 53	46 48	47 54	1 46	67 47	26 48	32 48	8 56	56 48	60 54	65 50	17 53	4 40	30 39	9 59	19 48	39 45	22 60	20 55	41 56	28 45	2 50	59 64	54 50	7 48	68 55	29 52	12 52	23 49	52 39	64 56	21 52	38 58
35 50	51 56	8 56	16 52	26 55	60 53	6 55	4 53	28 49	37 48	12 43	15 49	67 45	32 45	23 55	2 55	19 44	64 62	45 38	42 47	13 53	0 51	18 48	25 47	30 56	53 52	33 54	5 47	11 50	27 56	63 49	22 48	66 58	57 50	3 43	7 49	17 61	39 51	65 51	56 43	41 52	68 49	59 51	29 54	21 46	52 53	46 52	14 49	38 50	34 45	44 46	40 47	31 56	49 48	55 53	50 45	10 56	62 46	24 54	9 54	48 45	54 51	61 48	47 53	20 49	58 55	69 52	1 52	43 58	36 51
52 49	12 52	6 47	54 52	44 47	36 49	58 46	11 55	67 43	37 53	53 46	9 45	47 47	55 62	62 46	45 47	18 45	38 55	59 42	57 46	7 49	5 45	1 47	10 44	49 54	20 55	39 41	14 48	43 54	66 55	32 46	25 41	13 56	27 58	61 45	8 43	26 47	31 43	16 54	40 47	15 50	23 43	41 52	29 56	24 49	35 51	69 42	51 61	30 52	50 53	46 59	64 54	2 47	42 58	68 52	28 45	4 57	65 49	22 45	21 51	48 47	63 44	0 45	33 52	3 48	17 45	34 49	19 58	60 55	56 47
2 51	50 41	46 54	29 45	43 49	14 55	4 56	8 50	18 49	41 42	34 52	20 42	52 48	63 56	56 45	11 44	54 57	24 48	5 53	59 49	66 57	67 48	33 58	44 49	15 49	37 51	47 55	9 56	65 53	64 45	26 42	39 47	58 51	49 51	36 47	17 38	57 51	31 48	21 52	55 40	3 48	40 52	16 49	48 48	69 56	7 50	51 51	45 40	0 45	19 53	53 56	27 51	13 50	28 51	61 50	12 45	38 53	60 48	25 50	68 48	30 50	23 49	35 54	42 47	22 45	10 52	32 48	62 50	6 51	1 48
12 49	49 52	20 60	18 45	41 48	57 37	22 50	7 56	43 42	8 50	59 46	1 48	16 49	11 44	46 44	67 44	63 42	48 46	35 53	53 45	56 50	19 54	58 52	29 53	24 50	40 51	31 46	69 50	33 54	54 46	0 55	3 54	47 60	17 48	36 45	50 47	15 53	66 48	25 56	38 46	14 51	26 49	4 54	61 55	42 53	32 57	21 48	44 48	23 49	65 45	45 55	13 52	52 57	27 52	51 48	34 47	37 39	2 48	60 51	62 50	39 52	5 53	30 45	28 51	68 44	9 52	55 44	6 47	64 51	10 48
66 50	55 52	43 52	0 52	64 55	20 50	18 55	28 54	15 43	35 43	46 47	39 60	27 51	7 43	51 46	58 47	41 45	56 57	47 53	12 51	25 50	52 50	44 52	26 53	69 51	34 45	61 53	68 51	10 45	59 57	5 49	38 51	57 41	6 44	65 42	8 48	14 58	42 55	36 50	30 54	54 53	17 44	49 53	11 50	29 56	2 54	62 47	45 51	67 61	37 54	21 49	9 38	3 46	63 42	53 50	60 50	4 52	23 45	1 44	19 52	13 50	31 52	40 53	22 52	16 41	24 50	32 39	50 50	48 54	33 47
28 46	54 45	19 49	68 50	6 47	3 45	40 56	63 49	30 51	4 44	60 45	36 56	47 51	34 50	50 45	41 59	5 58	53 57	45 49	31 43	62 52	26 51	49 47	18 54	48 45	14 52	25 44	57 62	56 47	15 47	7 45	8 51	20 58	65 48	17 44	32 51	11 50	2 53	55 51	58 52	51 51	35 47	42 51	12 50	61 60	24 51	1 48	33 47	38 46	64 49	46 50	22 49	0 41	59 52	69 52	21 51	39 49	29 62	9 51	10 49	16 49	43 52	13 48	23 50	52 44	66 65	44 52	37 46	27 41	67 42
56 43	0 46	19 50	15 48	68 48	36 46	53 53	28 48	38 48	41 51	4 45	31 51	55 55	67 55	35 51	12 57	69 48	44 41	46 56	11 51	54 48	9 59	62 41	42 44	65 47	40 51	26 46	50 46	16 47	24 47	30 57	59 49	13 51	6 49	66 51	64 54	18 54	22 53	1 53	23 57	33 55	2 59	47 48	10 55	63 44	48 44	7 55	60 47	39 47	25 52	37 51	14 52	61 43	27 43	52 49	32 50	34 52	8 52	21 51	45 47	51 57	3 58	49 50	29 46	43 53	57 39	20 46	17 55	5 50	58 49
