40	50
44 2	39 1	22 13	47 1	24 3	5 4	25 1	0 2	49 3	43 3	9 1	13 2	26 1	16 3	40 2	18 2	45 5	35 1	41 1	14 3	28 5	32 1	12 1	38 2	46 1	20 1	33 1	11 1	4 4	48 1	29 4	23 5	30 3	37 3	36 1	8 5	7 1	34 3	1 2	42 3	17 4	27 2	19 8	21 3	31 2	2 3	3 2	10 2	6 1	15 1
35 1	47 1	29 1	28 1	40 1	38 2	48 2	7 2	18 1	36 2	15 1	46 2	30 2	11 6	25 3	9 4	2 1	31 2	3 3	6 1	10 1	24 1	37 4	22 2	19 3	21 5	4 3	27 1	44 3	39 1	0 1	42 1	16 4	34 7	43 1	5 3	12 2	8 16	1 2	41 3	32 6	45 4	49 1	20 1	13 1	23 2	17 1	14 1	26 2	33 1
24 2	42 1	44 3	41 2	0 2	11 1	35 3	23 1	37 1	26 1	46 1	8 7	30 1	15 1	33 3	1 1	27 1	3 1	45 3	12 1	13 1	43 1	47 4	18 1	20 2	38 1	40 1	16 1	9 2	25 1	49 1	31 1	10 1	5 1	4 1	39 2	28 1	2 2	6 2	7 1	22 1	48 1	21 1	19 3	36 1	32 1	34 2	29 1	17 1	14 1
40 2	21 2	31 1	7 2	33 2	17 1	36 5	2 2	46 6	30 2	32 2	0 5	19 1	4 2	1 2	42 1	6 2	35 5	45 5	20 1	24 2	18 7	10 1	37 1	48 2	26 1	41 1	27 4	25 1	34 1	11 4	43 1	47 1	29 2	9 5	13 1	16 1	12 2	8 2	3 2	14 5	15 1	49 1	5 3	39 1	38 4	23 1	22 2	28 2	44 2
46 5	40 4	10 1	23 1	25 2	24 5	31 3	45 1	42 5	20 5	48 1	34 2	28 1	47 2	43 1	4 4	30 2	44 2	1 4	41 1	6 1	11 1	2 2	29 1	27 1	21 2	19 3	9 4	33 1	12 5	16 1	32 3	22 5	26 1	8 5	17 2	36 1	7 2	38 1	35 2	15 1	14 2	49 1	37 4	0 1	39 1	18 2	3 1	5 1	13 1
25 1	2 2	16 1	23 1	8 4	39 1	27 3	36 1	33 3	7 5	26 1	10 2	20 5	32 3	35 1	13 2	4 1	22 1	31 2	19 1	29 2	30 2	24 1	28 2	14 2	12 3	43 4	48 1	34 3	46 5	0 1	38 2	42 1	17 5	6 1	49 3	47 1	5 1	18 1	11 4	44 1	15 7	1 1	3 3	41 1	40 1	21 2	45 1	9 1	37 2
17 1	28 1	33 1	41 1	47 3	49 1	34 2	35 1	22 3	30 1	8 1	27 1	9 1	19 1	4 4	3 1	44 2	39 2	40 1	1 4	25 2	2 1	14 1	20 3	37 3	24 1	29 1	42 1	45 1	21 1	31 1	23 2	16 3	15 4	38 2	12 1	32 2	11 4	5 1	18 2	13 1	7 2	48 2	10 2	6 1	36 1	46 3	43 1	0 2	26 1
3 1	8 1	35 1	14 1	21 4	34 1	19 2	45 2	0 2	1 1	28 1	37 2	49 4	10 3	47 1	2 1	23 1	26 2	44 2	39 3	6 2	30 1	33 2	20 3	48 1	9 4	16 3	13 1	15 2	17 8	18 2	32 3	46 3	7 6	36 5	40 2	43 1	24 1	12 3	25 2	11 1	4 2	41 2	29 3	5 4	31 1	38 2	42 2	22 1	27 5
45 3	15 3	21 1	25 1	9 3	32 1	18 2	14 3	47 2	29 1	42 2	2 1	35 1	24 1	8 1	10 3	41 2	22 1	23 1	36 2	3 1	31 1	48 4	46 3	16 2	49 1	34 3	38 1	12 1	4 1	17 1	7 3	43 2	1 2	5 1	20 2	19 3	6 1	0 1	40 4	13 4	27 1	28 1	39 2	37 2	33 1	44 5	30 4	11 1	26 2
9 1	40 1	26 2	3 2	36 3	21 1	23 1	42 1	22 3	30 2	12 1	18 1	13 1	8 5	45 4	39 4	28 3	29 1	2 4	38 1	7 2	14 1	11 3	15 1	0 1	1 1	31 5	47 1	44 1	4 1	27 4	37 1	32 2	24 1	46 2	49 1	5 2	34 2	16 1	41 1	19 1	35 2	25 4	33 3	43 1	48 1	10 1	20 4	17 2	6 2
5 1	27 3	15 1	7 1	24 1	32 4	12 1	40 1	3 2	47 4	46 2	42 1	10 1	17 1	31 2	11 3	6 2	25 2	38 2	13 1	9 3	45 3	39 1	21 4	1 1	29 3	16 1	30 1	2 3	33 1	14 1	8 4	34 2	19 2	36 2	26 5	20 5	43 1	37 5	44 4	23 1	49 4	0 2	35 2	22 1	18 1	48 3	41 2	28 1	4 3
10 1	39 1	41 5	18 1	19 1	38 4	24 1	28 1	21 1	13 1	0 1	33 1	32 2	6 1	17 3	40 1	16 2	26 1	46 4	14 4	27 1	29 2	44 4	31 1	1 3	2 1	11 3	3 2	48 1	9 1	43 1	35 1	4 6	25 2	47 1	42 2	34 1	45 1	37 3	12 1	7 4	8 1	49 1	23 4	5 1	30 1	22 1	36 1	15 2	20 1
23 1	26 7	22 2	48 1	4 2	3 2	42 1	38 3	14 3	24 2	5 4	25 2	17 2	20 9	12 4	35 1	11 3	33 1	36 1	16 3	21 3	18 4	46 1	6 3	8 2	13 1	28 1	43 1	41 3	7 2	29 2	31 1	0 1	9 1	45 1	40 2	49 1	2 2	10 1	34 1	32 1	39 1	27 1	15 1	44 1	1 1	37 3	19 1	30 1	47 1
45 2	43 1	25 6	29 1	34 1	10 1	5 6	13 1	12 3	38 1	6 2	47 1	49 1	9 1	35 1	42 2	44 1	27 2	33 3	14 3	30 1	48 2	17 2	20 2	23 1	37 1	22 5	18 1	19 1	26 1	21 1	36 3	32 1	41 3	3 2	46 3	2 1	16 4	1 1	28 1	24 1	39 1	31 1	4 1	7 1	40 2	8 2	15 3	11 3	0 1
15 1	41 1	13 2	42 2	6 2	28 1	44 1	40 3	38 3	37 1	20 1	22 1	14 1	10 3	25 6	21 4	1 1	18 2	36 2	12 2	7 2	39 1	45 2	32 6	27 1	34 5	2 1	29 2	48 2	3 1	0 1	49 1	33 1	8 3	23 2	43 2	11 2	47 3	17 1	5 1	35 3	31 1	19 1	4 1	9 3	16 1	46 1	24 1	30 3	26 2
8 3	36 5	45 3	23 1	31 1	10 1	29 1	43 2	7 1	3 2	38 2	19 1	22 2	12 1	41 4	5 1	0 9	30 2	18 4	28 3	17 3	9 2	25 1	15 1	39 1	2 1	44 4	48 3	20 1	13 3	4 1	24 1	21 4	34 3	49 3	32 6	6 2	40 1	47 1	27 1	42 1	33 1	37 1	46 1	1 2	14 5	11 1	26 1	16 1	35 1
42 6	17 2	43 2	12 2	14 1	49 2	7 5	19 3	37 2	22 1	11 1	0 3	6 4	10 4	48 1	25 6	15 1	36 1	31 1	2 1	13 1	9 2	23 3	39 1	45 1	1 1	46 2	26 1	47 1	32 1	34 1	24 1	8 1	16 1	4 1	35 1	41 1	30 2	29 1	21 1	3 1	28 1	33 1	38 2	40 1	44 1	18 2	20 4	27 1	5 2
35 2	21 1	3 1	4 2	6 1	22 1	45 1	23 3	5 1	39 1	11 2	49 3	8 1	44 4	13 1	28 1	18 1	41 1	48 2	42 2	27 2	32 1	19 2	1 7	47 1	29 1	10 2	2 1	0 4	31 2	30 1	46 2	34 4	36 1	14 2	38 1	17 2	9 1	33 1	12 2	16 1	7 1	20 1	25 2	15 6	37 1	26 1	24 2	40 1	43 1
41 1	43 2	27 3	45 6	9 2	8 1	38 1	40 2	17 2	7 2	23 1	21 1	20 3	22 5	48 1	37 1	42 1	36 2	14 1	4 2	13 1	32 4	39 1	29 1	47 1	19 1	12 1	24 1	46 1	30 1	35 1	3 1	10 1	34 1	44 4	1 2	16 1	26 1	25 1	2 1	0 1	15 1	31 1	18 1	11 2	6 2	28 5	33 1	5 1	49 1
39 2	48 2	34 2	23 3	10 1	49 1	41 1	1 1	12 1	47 1	5 1	20 1	19 1	11 1	45 2	27 1	43 1	32 2	14 2	37 3	29 3	28 1	30 3	8 1	22 1	42 2	3 1	15 3	16 5	35 1	38 2	24 2	6 5	31 3	13 2	46 1	33 2	4 2	40 2	44 2	2 7	21 5	7 1	25 1	17 4	9 1	36 1	0 2	18 1	26 1
45 1	8 8	24 1	4 1	47 1	23 1	7 1	36 2	33 1	25 1	13 3	28 1	48 1	22 1	31 5	5 1	19 4	26 1	18 2	3 1	27 1	10 1	34 2	49 2	41 1	15 3	43 1	38 2	11 1	12 2	30 1	37 2	32 1	6 1	42 2	29 1	16 1	35 1	9 2	20 2	14 3	1 2	46 1	39 2	0 2	40 1	44 3	2 1	21 1	17 1
6 1	4 1	38 6	7 3	30 3	42 2	24 1	9 3	11 1	23 1	15 1	25 1	40 3	39 2	28 1	41 4	36 1	17 1	0 1	45 2	43 1	10 1	1 3	32 1	46 1	2 4	27 2	34 5	35 1	47 1	49 2	33 8	5 1	44 1	37 3	3 4	21 4	26 2	14 8	18 1	19 1	22 4	12 1	8 1	48 1	31 2	16 4	29 1	20 1	13 4
29 1	41 1	31 1	19 3	3 1	43 1	7 1	35 3	44 1	27 1	36 1	25 1	47 1	45 2	40 1	8 1	21 3	5 9	38 3	46 2	49 1	4 4	42 1	9 2	34 1	14 1	11 4	26 1	6 1	23 2	15 1	20 1	10 2	16 3	22 1	33 1	48 2	28 3	17 1	2 1	0 2	37 4	18 1	32 6	12 4	1 4	24 1	30 2	13 2	39 3
40 1	27 1	39 3	34 2	23 2	33 4	5 5	14 1	42 5	45 1	30 1	0 1	47 1	25 10	6 1	1 3	28 1	7 1	12 1	17 1	19 2	43 1	41 3	24 2	37 1	10 1	3 2	11 5	2 3	32 1	4 4	49 2	16 3	29 3	35 1	22 4	8 1	15 4	21 1	44 2	46 2	9 3	20 1	26 1	36 3	31 2	38 2	48 2	18 2	13 1
15 1	48 1	7 2	9 2	34 1	18 2	29 1	39 1	20 4	40 1	35 1	32 2	38 2	2 3	49 2	8 1	4 4	47 1	42 5	45 3	11 2	13 1	14 1	26 4	28 7	21 4	5 1	22 1	36 1	17 4	27 1	10 3	23 2	24 1	31 2	0 5	3 1	37 2	46 1	44 2	25 2	41 1	43 2	16 1	19 3	12 1	33 6	1 3	6 1	30 4
12 4	30 1	42 4	18 4	6 1	11 4	5 1	0 1	24 1	8 2	23 1	14 1	28 4	25 1	40 3	48 1	47 2	34 1	21 4	7 4	2 2	16 1	46 2	15 1	32 1	35 1	31 1	36 1	1 1	41 2	37 3	26 6	27 1	19 3	10 1	3 1	22 1	29 1	13 1	17 1	20 2	49 1	43 1	4 3	38 1	44 2	33 5	39 5	9 1	45 3
36 1	10 2	26 1	16 1	41 2	32 1	19 3	21 1	34 1	14 1	40 6	4 2	6 2	47 7	8 2	1 3	38 2	5 1	39 1	25 5	49 5	45 1	2 1	17 1	46 3	23 1	0 1	3 1	31 1	29 2	9 4	28 2	22 4	24 11	18 2	12 2	7 1	44 1	48 1	20 1	27 2	11 2	37 3	35 1	13 1	43 3	42 3	15 2	30 1	33 2
15 1	10 1	34 1	45 2	24 2	14 2	35 2	9 5	12 3	36 3	37 4	11 1	42 2	4 1	0 3	8 1	25 1	16 1	1 2	48 2	3 1	19 1	13 1	41 6	39 1	47 1	44 2	43 2	29 1	46 5	17 1	26 1	27 2	5 3	6 1	28 2	18 1	23 2	22 3	21 2	20 1	2 1	7 1	40 2	33 1	38 1	49 1	32 3	31 1	30 2
23 1	45 1	19 1	38 1	41 1	34 4	3 4	48 2	9 1	24 2	2 2	8 1	20 9	27 2	6 1	0 4	10 2	12 3	17 1	7 2	40 1	46 1	11 1	4 2	5 2	49 1	25 3	28 3	47 1	1 3	15 3	35 1	43 1	37 2	13 3	21 1	30 2	39 2	29 1	26 6	42 1	44 1	33 2	36 3	31 2	14 1	32 1	16 1	22 1	18 1
16 3	6 4	20 1	30 1	47 1	27 3	42 1	21 2	12 7	34 2	17 8	18 1	37 4	14 2	19 1	24 6	46 2	33 2	36 1	48 3	2 1	49 1	29 2	23 1	41 1	15 3	40 2	8 1	9 4	3 1	5 1	45 1	10 4	44 1	0 1	43 1	28 4	32 1	13 4	26 2	1 4	11 2	4 1	25 4	22 3	38 1	7 1	35 1	31 2	39 1
19 1	1 3	13 4	4 2	2 1	28 3	17 1	27 1	0 2	25 2	46 3	16 1	18 2	29 1	5 1	32 1	3 2	30 2	44 2	48 2	43 1	20 1	34 2	22 1	41 2	39 3	36 4	35 2	38 4	42 1	26 2	37 1	9 2	21 1	7 4	49 1	12 1	15 1	40 5	23 1	45 3	11 9	33 3	10 2	14 1	47 2	24 3	8 1	31 5	6 1
34 3	18 1	14 3	6 1	19 5	17 1	0 3	11 2	45 1	3 2	26 1	12 2	21 1	44 1	10 1	38 1	2 2	37 1	36 3	23 1	5 2	9 3	30 1	25 2	43 2	28 1	4 2	31 1	39 4	47 2	41 1	42 1	27 1	32 1	49 2	8 4	33 1	35 1	22 1	29 3	15 2	48 5	16 1	46 1	20 1	13 1	1 2	40 4	24 1	7 3
34 1	19 3	10 1	43 1	5 5	16 1	15 1	21 5	12 4	2 1	40 2	27 1	37 2	31 1	0 1	42 2	6 1	26 2	28 6	36 1	20 3	22 1	3 4	14 1	30 2	25 2	47 5	13 1	9 1	4 1	18 1	48 1	38 1	39 2	11 3	45 1	1 2	41 1	32 1	46 1	33 5	24 1	44 2	29 3	7 2	49 1	35 1	17 2	23 5	8 2
11 1	36 3	0 1	46 3	2 1	1 5	28 2	4 2	7 1	40 2	37 1	43 1	18 1	27 2	24 2	13 2	19 2	32 2	23 5	20 1	26 3	29 2	34 3	38 1	30 1	48 2	35 1	31 1	17 1	16 1	12 2	10 3	5 4	25 4	39 3	47 4	6 1	42 7	8 6	45 1	49 1	9 2	22 2	21 3	15 1	41 1	14 3	44 1	3 1	33 2
45 2	48 1	44 3	32 3	13 2	34 2	46 1	24 1	31 3	30 2	19 1	18 1	39 2	49 1	23 1	20 3	6 3	28 1	3 5	15 4	33 2	1 2	37 1	7 8	22 1	8 1	14 1	43 3	16 1	36 1	17 1	10 3	11 3	9 1	47 1	0 2	42 1	2 4	12 2	29 1	27 1	21 1	40 2	25 1	41 3	35 1	26 1	5 1	38 1	4 2
21 1	49 2	8 1	33 1	37 1	23 3	9 4	47 2	40 3	17 1	44 1	0 3	3 1	28 3	30 1	11 1	35 1	25 1	26 1	27 3	36 2	16 1	43 2	38 2	2 2	5 1	4 1	45 1	48 2	42 2	39 1	15 1	32 1	22 3	6 1	34 3	18 3	24 1	1 1	12 2	29 1	46 1	20 1	7 2	14 2	10 3	31 1	13 2	19 2	41 3
22 1	44 4	24 1	36 1	16 2	41 2	38 1	27 1	0 3	32 1	4 2	28 2	13 1	33 1	35 1	3 6	9 2	1 1	10 1	47 3	17 1	30 2	29 2	15 2	12 4	6 3	34 1	20 2	42 1	18 1	23 3	40 2	5 3	26 1	37 1	19 4	14 1	2 3	48 1	11 3	39 4	46 3	49 2	45 2	8 2	31 1	7 4	43 2	25 1	21 1
35 1	15 3	25 5	44 1	22 3	18 1	12 1	20 2	41 1	3 3	28 5	48 3	27 1	30 3	5 3	2 2	32 7	37 6	0 1	9 2	43 1	33 1	46 5	23 3	14 2	4 2	45 1	38 1	21 1	24 4	34 1	10 1	42 4	1 1	29 4	40 3	13 3	6 1	7 3	31 2	8 1	36 2	16 1	17 1	19 1	26 2	47 2	49 3	11 2	39 1
46 2	43 1	49 1	18 1	29 2	14 1	38 1	25 2	40 2	37 5	36 3	45 6	30 1	17 3	7 10	33 1	44 3	3 1	12 1	23 3	20 2	48 1	16 4	8 1	42 2	28 3	6 1	39 1	26 3	24 1	27 2	22 2	15 2	10 1	1 2	32 2	35 1	2 1	34 1	0 4	5 6	47 3	31 4	13 1	41 2	19 2	9 1	4 1	21 1	11 2
24 2	30 3	19 1	16 1	31 2	40 1	7 1	6 1	45 3	15 4	36 1	25 3	5 4	32 1	9 4	41 1	8 2	11 3	12 1	38 2	48 4	17 1	43 1	0 4	26 1	39 10	46 1	18 3	47 2	27 1	22 3	20 6	2 5	29 5	28 1	1 5	37 4	13 1	49 1	42 1	3 3	33 1	34 2	14 2	23 6	10 2	21 5	4 2	44 1	35 2
