40	40
2 2	29 1	27 1	32 2	35 2	11 1	7 1	22 2	21 2	0 4	12 4	30 3	3 2	13 1	20 1	10 1	33 2	14 1	23 5	9 2	37 1	18 2	19 1	24 5	8 1	26 3	15 1	4 5	17 1	36 1	6 5	1 3	28 1	25 2	16 2	39 3	34 5	38 1	5 1	31 2
16 1	26 1	25 1	31 2	12 1	20 2	22 3	38 1	23 3	27 2	15 1	7 3	19 5	2 4	14 1	37 1	11 3	29 3	30 1	33 1	5 2	13 1	32 1	36 1	18 1	17 3	3 2	4 5	0 1	10 1	24 1	21 3	35 1	9 1	6 1	8 1	34 1	28 1	1 3	39 2
33 1	12 1	37 1	36 1	25 5	3 2	16 1	26 1	15 3	34 1	39 4	20 1	28 1	18 5	5 2	1 1	13 4	2 1	22 2	35 2	17 2	32 2	10 1	8 1	31 1	7 3	14 2	0 3	11 2	19 1	6 4	29 1	21 5	4 2	24 2	38 5	9 2	23 1	27 1	30 1
18 1	21 2	9 6	22 1	7 2	15 1	0 2	39 1	31 3	27 1	25 1	32 2	8 1	29 2	20 1	17 4	26 1	37 3	28 10	30 1	6 1	11 2	16 1	3 9	10 1	23 3	34 1	36 2	2 1	12 3	14 1	24 2	38 1	1 1	35 2	13 1	33 2	19 1	5 1	4 2
35 1	27 4	24 3	33 1	32 8	36 1	7 3	6 3	21 1	14 2	31 3	37 3	18 3	1 4	5 2	30 2	0 1	13 1	22 4	12 1	4 2	25 1	19 1	9 1	39 2	26 1	11 1	3 1	15 3	2 5	34 1	20 3	8 3	16 1	10 1	38 1	23 2	17 2	28 1	29 1
6 3	27 4	11 1	18 2	2 1	25 3	37 2	36 1	15 1	39 1	32 4	26 1	34 1	20 2	22 2	0 2	28 3	12 1	8 1	17 2	5 4	23 5	7 2	16 1	10 5	19 1	3 2	1 2	35 1	24 2	29 3	33 2	21 1	38 3	30 2	9 1	4 2	13 1	31 1	14 1
10 3	14 1	8 5	24 1	34 2	17 1	39 3	23 1	9 1	26 6	13 3	22 1	32 1	4 1	15 1	3 1	11 3	1 1	6 3	18 1	31 1	5 1	27 3	12 1	16 2	33 2	35 1	36 2	19 1	0 5	7 1	25 4	38 1	30 1	20 1	2 1	21 3	29 3	28 2	37 1
35 1	17 1	9 2	14 1	10 2	31 1	7 3	13 1	12 3	21 2	8 1	38 1	28 1	30 1	24 1	22 5	16 1	1 2	36 2	27 2	15 1	32 6	5 3	4 4	6 2	3 5	34 3	0 2	18 1	11 5	23 1	20 3	39 1	37 1	29 1	19 2	33 3	25 4	26 3	2 1
8 1	39 3	28 2	19 4	11 1	23 1	33 3	1 2	35 1	27 4	2 5	22 2	30 1	7 1	3 2	9 1	29 1	15 1	5 2	0 1	13 1	14 2	26 8	10 2	20 1	24 5	12 2	36 3	6 2	34 1	21 1	17 1	4 1	38 6	32 1	18 4	16 1	31 1	37 4	25 3
23 1	16 4	31 1	14 1	4 1	8 2	18 1	9 2	34 1	7 3	26 5	11 1	1 4	13 2	21 1	39 1	24 1	5 4	22 1	20 1	28 1	10 1	29 1	15 1	19 1	17 1	27 1	0 2	3 1	25 1	6 1	38 6	36 2	2 1	35 3	32 7	33 2	12 1	37 1	30 1
1 1	13 2	7 1	3 2	8 1	20 4	38 2	27 1	30 3	5 1	12 1	14 2	16 1	4 2	11 2	39 2	21 3	31 3	19 1	17 2	36 1	18 1	29 1	34 1	22 2	33 2	2 2	32 1	0 1	24 7	26 6	37 1	15 2	28 2	9 7	23 2	10 2	25 1	6 2	35 2
11 1	25 3	19 1	9 1	31 1	5 3	6 1	28 3	30 1	1 1	38 1	4 1	27 1	21 4	24 1	32 1	39 1	7 1	12 5	10 3	23 1	15 2	14 1	0 2	26 2	37 1	22 1	8 1	18 1	17 1	13 1	3 1	20 1	29 3	16 2	33 1	34 1	35 3	2 5	36 1
27 1	25 3	21 1	34 3	14 2	0 1	24 2	4 1	2 5	33 3	9 1	22 1	13 1	30 1	8 3	1 5	29 1	6 3	16 1	15 1	23 1	37 3	36 2	12 1	19 1	39 1	35 1	38 2	7 4	32 4	17 1	10 8	28 2	26 1	18 3	31 1	3 1	11 1	20 1	5 1
19 1	25 1	6 2	11 1	12 6	31 2	1 2	14 1	16 1	15 2	27 1	18 2	23 2	10 1	29 1	9 1	7 1	28 1	0 3	20 1	2 1	21 3	26 2	22 1	8 2	3 1	4 1	17 2	39 2	34 1	37 2	33 1	35 3	32 8	13 1	30 1	36 2	38 1	5 1	24 1
11 1	2 1	13 2	22 2	33 3	4 1	15 2	14 3	35 1	25 1	8 4	37 1	3 1	32 2	9 2	1 6	12 1	23 2	34 2	36 1	17 1	21 1	39 1	18 1	16 1	26 1	20 3	7 3	24 1	38 3	27 2	10 1	0 3	30 1	19 2	5 1	28 1	31 2	6 3	29 2
9 3	23 2	36 4	19 2	13 2	30 2	37 1	32 1	10 1	7 3	2 2	8 1	33 3	26 2	24 2	3 1	34 1	4 1	35 1	31 1	22 3	38 1	15 1	0 1	29 4	11 1	16 3	25 5	17 1	14 2	6 3	12 1	21 4	20 1	28 3	5 2	18 1	39 3	27 2	1 1
39 4	6 1	21 3	4 1	16 1	12 1	33 11	35 3	17 1	10 1	2 2	1 2	38 3	37 2	24 1	32 1	13 3	29 1	15 1	36 1	26 1	8 2	20 3	0 1	14 4	3 7	11 1	22 1	34 2	9 1	5 1	18 2	19 1	23 3	7 1	30 2	31 2	25 2	28 1	27 2
29 1	35 3	1 7	2 6	39 4	22 3	13 5	7 1	3 1	18 1	10 5	24 1	17 3	19 2	38 1	37 1	27 2	16 4	6 2	14 1	20 1	11 1	28 2	23 1	12 1	0 1	32 2	36 3	25 1	34 6	33 5	8 1	31 1	9 1	26 2	15 1	4 2	21 1	30 3	5 2
16 1	17 1	21 1	2 1	27 1	19 1	9 7	1 1	37 1	39 1	34 5	35 1	29 2	24 2	12 3	13 2	25 1	18 3	30 3	6 1	15 1	5 5	8 2	26 3	0 6	31 1	4 2	22 1	28 3	23 1	11 1	36 1	38 2	10 6	20 5	33 1	32 1	7 2	14 2	3 1
8 2	7 3	36 2	10 2	22 1	12 1	1 1	24 2	6 3	28 1	14 3	31 1	9 3	34 1	33 3	5 3	2 1	11 1	16 3	20 1	3 3	37 1	27 1	32 1	0 1	18 4	17 1	4 1	30 1	21 2	13 3	38 2	29 1	19 2	35 1	26 1	23 2	25 1	39 3	15 1
39 3	32 4	25 1	4 1	31 1	19 3	18 2	38 1	10 1	22 1	20 1	6 1	1 1	13 3	24 1	35 2	14 1	12 1	26 1	7 1	21 1	0 1	5 1	11 2	33 1	8 4	23 3	15 2	27 1	30 2	28 8	17 2	36 1	9 1	16 4	29 1	3 1	2 4	37 8	34 2
4 1	9 1	2 1	24 1	34 3	7 4	20 1	28 1	31 1	6 2	21 1	19 2	29 1	23 1	10 3	22 1	16 2	39 2	33 1	38 1	8 1	36 1	0 3	5 1	30 3	18 3	14 2	26 1	25 2	13 1	11 4	32 5	17 2	1 1	15 2	27 1	3 3	12 2	35 3	37 8
1 1	17 2	9 1	10 1	26 5	6 4	7 1	25 1	30 2	24 1	39 1	14 2	18 1	27 1	4 1	19 3	29 2	28 1	21 2	11 1	36 1	34 3	5 1	37 1	13 1	12 1	8 1	2 1	31 2	16 3	23 6	3 1	22 4	35 1	32 2	0 3	15 2	33 4	20 3	38 1
18 4	39 4	1 6	36 4	2 3	16 3	17 1	29 1	12 2	8 12	21 1	28 1	30 1	38 1	24 4	0 2	37 9	9 1	23 1	14 1	3 2	34 2	31 2	7 2	32 1	27 1	35 3	26 2	11 1	10 1	4 1	13 6	19 1	25 3	22 1	6 2	5 1	20 1	15 1	33 2
25 1	30 1	10 1	11 1	20 1	38 3	16 1	12 1	14 3	39 1	22 2	37 1	9 1	1 3	6 3	32 1	21 1	29 1	2 2	34 1	13 1	7 1	5 3	36 2	18 1	31 1	3 1	33 1	4 4	8 3	0 5	27 1	35 1	17 1	23 1	15 1	24 1	28 1	19 1	26 1
29 1	32 1	21 2	24 1	5 4	12 2	2 3	15 2	17 1	11 2	4 3	8 2	13 2	20 3	27 2	33 1	18 1	38 1	10 2	28 1	30 2	26 2	3 1	22 1	16 2	0 3	37 5	36 1	19 6	1 1	25 1	7 4	39 1	35 5	34 1	6 1	31 1	9 1	23 2	14 6
17 1	35 1	38 1	11 1	28 1	18 1	26 1	5 1	3 2	4 1	24 2	14 1	12 1	33 3	23 2	20 5	15 1	31 3	21 1	36 1	37 2	6 2	25 5	39 2	2 2	34 4	9 3	0 1	13 2	29 1	32 2	22 2	19 2	27 2	16 1	7 2	8 3	30 1	10 5	1 1
25 1	27 3	19 1	8 1	34 2	23 2	21 5	14 2	13 1	2 1	24 1	30 1	37 2	17 2	7 4	20 6	35 1	5 1	22 2	3 2	31 5	9 1	4 3	15 6	0 2	29 1	38 1	18 1	36 2	28 1	26 1	16 2	39 1	32 2	6 4	1 1	11 3	12 1	10 2	33 1
0 3	37 1	17 1	29 1	36 1	18 2	24 3	2 2	28 4	10 2	21 1	20 2	33 1	12 2	9 1	38 2	32 1	31 1	25 2	35 1	13 1	22 1	34 4	11 2	23 3	26 4	19 3	5 2	1 2	27 2	39 1	16 1	6 5	3 2	4 1	8 1	15 4	7 1	14 1	30 1
0 5	38 1	7 2	31 2	27 3	4 1	9 1	20 2	15 2	21 4	6 1	34 5	26 2	1 2	19 1	36 3	13 2	14 1	5 1	39 2	2 1	30 1	8 2	16 1	25 2	11 2	23 3	37 1	33 1	3 1	28 2	22 2	29 7	17 2	18 2	10 1	35 1	12 1	24 1	32 6
28 4	22 1	2 3	32 5	11 2	17 2	19 4	38 1	27 2	39 2	7 2	10 2	8 8	29 6	21 1	34 1	6 3	25 6	4 1	9 3	35 5	15 1	31 5	26 3	23 2	30 1	24 3	33 1	18 1	3 1	0 3	1 1	37 1	5 1	14 1	13 2	20 4	36 3	12 1	16 1
27 2	34 2	30 5	8 1	26 2	14 1	13 1	10 1	31 1	15 2	19 1	35 2	6 2	22 1	16 2	28 1	18 5	12 1	33 1	0 6	2 1	37 1	25 1	38 1	4 1	11 1	3 4	39 1	23 3	32 2	24 4	5 1	1 1	21 2	29 2	20 1	17 1	9 3	36 1	7 1
28 1	25 3	15 1	7 4	12 3	39 2	31 2	6 1	17 1	16 1	9 2	29 1	3 2	20 1	35 3	2 2	10 1	11 2	0 7	26 3	37 1	30 1	4 1	23 1	36 1	22 2	38 1	32 2	1 1	27 1	18 1	24 1	34 1	13 1	8 3	14 2	5 1	19 6	21 1	33 1
7 1	1 2	24 1	15 1	5 4	10 1	4 1	31 1	2 5	18 2	36 4	19 1	30 1	22 1	38 4	34 2	8 1	28 1	20 3	37 7	9 2	12 3	29 1	39 3	0 1	6 1	35 2	25 1	32 1	21 2	17 2	13 3	27 7	16 4	3 1	14 1	26 1	11 1	23 4	33 1
33 2	35 2	7 6	22 2	6 3	20 2	26 2	5 1	12 1	0 1	21 1	29 1	13 1	39 2	1 1	16 1	10 2	25 1	36 4	30 5	3 1	27 1	11 1	24 4	9 2	4 1	31 1	28 3	2 2	19 1	8 1	38 1	14 1	34 1	23 1	18 2	32 1	17 1	15 2	37 1
26 2	27 3	16 1	29 1	24 1	39 1	14 1	4 5	36 3	2 4	15 1	38 1	23 1	12 3	33 1	13 1	34 1	7 2	32 3	5 2	25 1	20 5	35 3	11 5	19 1	28 1	21 1	30 1	37 1	6 4	18 1	31 1	0 1	10 1	17 9	1 3	22 2	8 1	3 3	9 1
27 1	8 1	22 1	34 1	28 5	16 2	31 3	26 2	36 4	25 6	33 2	23 2	1 1	3 2	20 1	30 1	11 3	7 1	13 4	29 1	6 4	5 2	39 5	0 5	17 1	19 3	35 8	9 2	21 1	32 1	15 3	2 2	38 5	37 1	4 1	14 1	12 3	10 6	18 1	24 3
3 1	24 1	25 2	29 1	0 1	4 1	8 1	31 4	7 2	37 1	36 1	30 1	39 1	12 3	14 3	13 7	33 1	19 1	23 2	21 2	2 3	28 1	27 1	10 1	22 3	20 2	11 5	17 3	9 1	16 2	18 1	6 1	32 6	34 2	15 1	1 2	35 1	5 5	26 2	38 5
9 1	14 1	38 3	3 1	21 1	24 1	32 3	10 2	37 2	12 1	35 2	8 5	15 3	18 1	34 2	31 1	22 3	27 1	19 1	33 1	28 1	6 2	36 2	23 1	30 1	29 1	1 5	39 1	13 2	11 1	20 3	25 5	16 2	0 1	2 3	4 2	17 1	5 4	7 1	26 1
1 5	11 1	26 1	27 1	15 4	29 3	23 3	35 3	14 1	31 1	4 1	20 1	18 1	34 1	8 1	19 3	37 1	0 1	30 5	36 2	16 2	6 6	25 1	21 1	28 1	10 1	39 1	24 5	17 5	33 2	32 1	7 4	38 2	9 1	12 1	13 2	3 2	22 2	2 2	5 5
