70	90
75 47	78 45	72 53	51 51	19 48	89 58	52 43	62 50	13 48	9 49	21 50	40 50	55 48	38 54	16 54	8 46	36 62	32 47	3 49	54 45	30 47	61 59	18 54	58 43	76 49	84 63	83 55	45 45	74 36	64 55	20 49	70 51	34 51	0 63	26 52	65 54	6 56	14 55	37 57	1 56	27 50	67 51	2 49	29 54	39 60	31 44	81 45	44 46	59 54	87 50	23 50	33 46	77 56	80 45	41 55	85 46	11 51	71 57	4 48	47 46	10 59	17 47	7 54	15 45	12 51	69 50	22 50	48 50	24 48	57 60	5 47	88 56	49 49	25 55	66 49	43 54	86 52	46 54	35 56	56 42	73 43	60 57	50 45	63 48	42 52	68 49	53 50	82 43	79 50	28 43
13 49	12 51	82 48	34 53	1 55	79 53	3 45	8 56	38 51	57 50	20 60	87 50	67 58	69 50	11 43	48 43	22 57	59 58	7 43	28 46	14 46	58 50	84 59	16 53	68 58	31 51	39 42	86 55	2 54	61 54	72 49	65 55	36 55	41 54	80 47	46 47	76 48	19 48	63 48	18 58	49 50	25 50	77 51	54 52	6 49	74 43	5 52	89 59	88 56	0 48	24 51	42 47	81 47	23 47	32 43	62 47	37 49	35 51	26 42	47 46	73 45	56 52	75 58	10 49	29 54	55 53	27 47	50 53	64 55	15 53	43 45	70 51	78 50	60 50	21 46	53 49	66 46	17 41	52 53	9 45	30 34	85 48	4 47	71 55	40 57	51 49	33 53	83 53	45 46	44 51
38 57	46 46	45 45	88 56	61 56	30 47	57 52	72 57	9 52	81 38	36 41	59 48	50 50	4 53	13 49	48 48	20 42	16 53	64 43	84 49	49 53	71 60	73 56	19 57	28 56	70 55	68 50	85 49	3 55	43 49	76 50	69 61	66 45	56 53	41 50	27 44	15 57	52 48	87 52	21 61	89 59	47 51	63 55	58 46	79 49	18 39	39 50	86 53	33 52	12 57	82 54	83 59	10 49	67 49	1 49	55 48	5 50	17 51	26 43	44 62	25 44	54 40	8 47	60 54	6 58	31 44	53 47	62 49	7 42	42 52	78 51	0 45	77 45	35 51	22 47	29 37	11 53	51 49	32 51	37 50	65 45	80 42	75 57	23 46	74 52	14 59	40 50	34 54	24 51	2 46
64 49	73 42	28 48	58 49	25 56	84 40	51 48	50 46	34 51	54 51	65 47	78 45	12 50	23 53	32 45	53 46	35 48	27 42	87 55	5 56	11 58	60 49	74 44	8 52	39 48	49 55	63 46	29 44	38 56	44 62	80 48	18 53	3 47	57 49	6 50	31 56	67 46	26 44	47 53	1 48	13 51	88 58	55 42	75 50	70 62	86 44	17 47	56 56	41 47	61 43	52 39	37 52	72 52	0 53	45 52	14 57	36 52	19 53	66 43	21 52	22 54	30 49	48 48	69 56	89 51	83 51	10 51	79 55	43 42	77 45	40 49	46 52	20 51	68 55	16 53	59 45	4 46	9 44	42 54	33 59	71 48	15 54	76 59	81 46	85 57	24 44	7 52	2 48	62 54	82 55
86 46	89 61	40 51	36 44	75 44	54 51	12 50	66 53	19 52	39 47	81 59	83 47	55 50	84 36	1 51	21 48	85 37	50 54	13 55	29 49	79 51	72 49	37 50	68 48	64 40	51 52	27 50	3 49	80 60	71 47	32 45	78 53	35 42	62 51	15 53	18 51	11 49	31 60	73 48	76 51	53 54	4 54	7 37	49 50	5 48	41 51	70 44	61 44	34 41	30 44	88 52	58 51	77 42	10 54	43 53	63 52	24 47	6 50	17 43	60 53	26 53	22 48	52 51	45 62	42 54	20 41	33 58	2 44	9 42	65 51	59 62	69 49	67 53	8 49	47 49	14 47	38 44	25 48	82 55	56 47	28 47	87 46	46 69	16 52	0 43	48 56	74 49	23 50	44 49	57 48
57 37	48 46	75 56	29 55	88 50	25 58	46 46	52 51	30 56	59 51	76 51	51 53	58 42	23 45	21 56	10 45	36 54	63 56	53 54	19 55	22 39	40 49	74 46	45 49	69 56	33 56	31 47	8 49	26 49	38 56	78 55	4 49	5 55	47 54	16 45	42 51	24 51	62 47	72 43	64 58	1 44	71 50	73 45	34 51	28 53	68 49	2 51	61 59	49 56	83 53	56 43	6 59	18 46	60 50	77 54	3 47	7 57	80 55	66 56	89 48	82 46	9 48	20 56	0 53	50 41	84 52	14 50	41 49	44 51	43 44	17 56	32 44	13 45	35 43	15 48	81 47	11 57	65 53	54 50	37 38	67 51	55 55	85 47	87 51	86 53	12 50	70 43	39 50	79 46	27 43
77 53	39 50	46 51	84 50	55 50	75 49	13 51	81 48	80 36	48 46	32 43	10 51	36 48	54 54	11 58	30 52	61 48	57 52	56 53	89 42	42 47	18 46	73 50	12 52	31 46	59 47	88 49	64 53	24 53	41 52	70 51	17 50	25 55	50 53	28 60	65 48	16 44	37 48	87 40	82 52	19 58	43 54	29 46	15 60	78 51	35 50	76 52	66 50	72 48	52 51	3 47	44 44	49 51	85 50	1 53	60 58	0 49	45 54	53 47	83 45	79 44	68 50	22 39	58 50	40 54	9 53	67 47	71 47	38 56	51 54	4 47	5 50	47 40	23 46	63 47	21 52	7 57	6 52	27 51	8 43	34 49	2 50	14 58	62 51	33 60	69 49	74 47	26 52	86 57	20 51
60 56	74 44	5 55	70 49	51 53	65 55	58 51	46 57	28 49	36 54	52 52	77 50	21 54	19 56	84 52	69 49	24 52	68 48	40 50	49 51	22 48	16 43	57 57	88 55	42 60	20 49	26 51	64 56	0 49	12 51	18 52	66 57	30 55	79 42	73 53	6 57	56 55	85 42	11 53	83 50	23 61	2 50	47 42	9 53	13 53	38 56	53 49	3 42	89 42	81 53	8 38	63 50	33 53	82 54	10 40	32 49	14 57	86 52	17 54	48 50	41 51	29 44	80 47	59 58	31 52	43 50	71 54	34 53	75 53	61 58	15 47	50 46	1 50	55 54	44 55	27 53	87 44	54 49	67 49	35 50	62 57	78 52	39 47	37 57	76 45	4 48	45 38	7 49	25 48	72 58
8 43	41 49	50 51	87 58	20 54	38 46	14 48	51 42	42 47	36 44	44 52	81 50	2 62	64 55	3 64	30 51	43 48	19 49	54 49	17 51	6 48	77 43	31 45	89 47	57 50	69 60	66 51	73 51	29 49	55 47	28 48	79 48	33 57	70 52	80 43	0 57	75 53	16 34	85 45	39 53	74 48	12 51	21 53	4 52	67 46	65 57	61 57	56 43	71 50	48 48	86 51	18 51	22 62	84 48	62 56	46 60	52 51	11 42	45 46	76 49	82 51	78 53	53 54	35 48	34 45	40 49	60 51	15 44	5 44	49 45	7 58	24 53	72 50	26 56	23 52	88 48	83 55	68 53	27 54	32 51	63 50	25 46	1 58	59 51	10 51	37 60	9 42	47 47	58 54	13 43
81 53	68 49	87 42	46 55	20 54	12 58	73 51	40 42	84 53	27 54	8 42	10 55	88 50	57 45	15 51	29 48	55 46	28 55	9 44	49 49	43 52	13 48	78 45	48 45	61 51	3 50	35 49	6 55	37 47	86 45	69 48	30 57	5 52	56 51	31 52	59 51	70 46	16 45	7 42	4 45	71 61	80 48	41 41	74 47	32 43	1 48	82 56	25 48	53 52	18 47	34 50	17 54	79 54	58 51	36 53	44 44	62 52	22 37	66 52	2 53	65 54	63 49	0 45	64 53	51 50	14 61	50 52	38 51	83 47	76 60	45 45	23 53	54 49	85 49	24 50	33 48	11 45	39 52	67 50	60 54	75 47	47 56	89 44	77 50	26 46	72 57	21 51	42 50	19 52	52 46
88 58	10 47	58 52	49 45	2 50	86 55	63 52	64 49	57 48	42 47	37 45	16 58	27 51	28 45	44 53	6 58	22 58	5 46	81 51	41 46	32 46	39 49	19 50	33 47	83 45	0 48	75 43	4 50	68 50	54 44	52 46	60 53	21 59	69 51	34 47	36 55	18 47	43 47	23 52	66 51	77 39	13 44	25 45	79 50	67 60	89 56	56 54	38 49	55 54	29 47	31 54	65 50	70 54	20 56	45 47	14 55	50 54	53 50	12 49	11 48	71 49	8 55	73 53	48 40	3 52	84 53	72 45	74 43	51 56	80 53	24 57	26 46	78 52	47 51	7 50	87 46	15 47	76 50	62 54	17 52	9 58	82 56	1 48	85 51	46 59	59 39	35 52	30 52	40 46	61 47
89 42	87 51	15 52	9 46	53 54	85 59	57 53	60 49	30 45	79 48	67 48	7 46	25 58	83 54	23 52	48 48	2 49	68 49	4 44	16 44	55 48	29 50	37 53	8 48	39 43	12 63	86 56	72 45	58 45	35 45	28 45	13 47	31 56	56 49	3 47	82 42	21 52	81 52	41 45	70 47	63 47	61 56	10 51	14 52	20 47	76 47	33 54	0 50	80 46	22 56	24 45	75 53	5 52	26 50	74 49	64 45	77 54	11 39	40 52	44 52	54 63	36 44	51 50	6 40	59 51	18 49	38 49	78 44	34 50	43 48	66 50	50 55	62 47	88 55	17 42	84 42	49 50	69 56	19 55	27 59	42 42	1 48	71 49	45 49	73 45	52 50	32 50	46 56	47 48	65 53
29 51	48 52	19 38	18 50	5 47	8 47	30 49	2 45	1 49	68 44	40 60	43 67	74 50	59 52	42 48	61 53	52 54	69 55	23 48	31 52	50 58	26 48	35 49	77 60	36 56	4 55	20 43	89 39	55 57	70 52	57 61	82 42	45 55	16 55	44 47	14 40	83 49	56 55	62 60	3 57	60 55	24 58	81 44	63 49	13 58	49 53	15 59	88 57	9 49	85 56	7 44	38 65	32 50	54 52	37 50	10 46	87 55	47 55	67 40	73 56	25 59	78 49	46 58	64 42	39 45	0 43	22 50	66 47	71 54	76 51	21 48	12 51	86 55	17 54	80 46	65 51	34 57	72 48	27 59	6 56	28 58	51 50	79 51	58 50	41 54	11 44	75 54	33 55	53 59	84 50
61 55	89 56	37 44	80 53	66 48	52 53	75 43	30 48	15 49	40 54	59 51	9 52	20 48	45 52	33 48	13 58	73 42	50 43	19 53	69 45	7 53	27 49	78 51	49 44	63 53	85 56	31 54	60 52	86 56	76 55	62 40	10 42	43 49	44 50	6 54	11 52	14 42	32 52	72 54	84 53	87 54	26 54	4 51	47 48	82 45	12 39	74 46	29 60	1 51	18 46	68 44	65 50	3 48	42 47	56 46	41 48	83 45	77 54	0 60	34 44	38 44	53 42	2 42	25 59	16 44	23 48	21 48	70 56	64 43	24 49	54 55	17 49	46 45	79 48	39 53	55 54	71 43	57 53	67 45	35 55	5 42	88 50	58 51	81 45	51 52	36 45	48 50	8 61	22 52	28 59
81 48	16 38	25 51	88 54	75 52	89 54	19 50	42 52	38 47	44 49	32 41	11 52	0 41	59 51	84 49	1 50	34 54	80 54	4 49	17 49	71 51	22 54	31 44	47 46	13 42	9 52	74 42	29 44	62 52	39 46	43 54	3 51	64 50	36 50	86 44	26 57	66 46	33 52	40 53	73 51	37 50	30 57	20 36	18 55	76 48	87 47	61 46	70 53	7 47	56 54	28 46	49 42	77 58	48 47	55 56	60 42	6 58	52 55	72 52	54 41	14 47	69 54	78 46	53 59	50 50	21 46	24 43	57 43	35 48	63 46	82 49	65 41	2 51	46 52	51 54	15 50	68 52	27 44	12 54	10 48	67 43	58 56	41 56	5 43	8 47	23 48	85 52	83 41	79 50	45 54
71 48	86 55	39 43	65 52	47 49	80 47	24 54	20 59	31 40	14 48	45 56	17 51	75 50	41 52	25 43	38 47	52 53	40 57	34 45	60 54	88 54	28 50	57 49	32 51	77 51	87 51	30 51	4 51	89 44	37 49	8 49	2 49	26 51	59 52	15 52	73 59	68 51	6 55	63 46	51 54	36 47	58 50	53 54	27 50	83 37	10 53	43 48	9 45	42 51	69 55	48 52	35 51	49 52	67 51	23 47	44 48	78 51	3 43	64 58	0 46	79 50	19 46	70 58	33 41	56 55	74 41	62 38	54 44	21 51	72 45	76 47	50 51	55 53	13 51	12 53	85 51	84 55	81 53	11 59	66 42	46 45	22 55	7 50	16 52	1 48	5 54	61 54	82 47	29 54	18 48
61 50	12 50	82 49	8 55	36 45	34 53	81 54	10 47	89 56	14 50	49 40	17 56	54 53	84 40	20 67	15 53	76 50	71 50	67 43	53 52	31 51	77 52	38 53	40 48	24 49	48 57	64 53	42 47	23 45	27 49	13 47	2 42	75 46	88 58	47 47	26 44	4 49	69 50	72 48	11 56	33 60	85 51	44 52	29 50	83 58	68 50	56 50	30 43	87 42	62 46	51 44	52 54	46 48	43 53	73 50	5 40	6 47	66 52	39 49	57 62	9 50	35 56	65 46	18 55	58 52	41 51	78 50	3 52	21 46	32 46	55 47	45 51	50 42	16 58	1 50	79 57	86 47	80 53	37 47	28 54	19 47	70 48	63 48	74 60	0 50	7 56	22 51	59 50	60 47	25 49
66 44	8 50	51 46	83 52	4 48	73 55	77 43	85 61	81 45	86 53	75 55	79 48	59 53	45 48	9 49	78 51	22 53	25 56	28 45	31 54	52 53	35 57	5 58	41 56	46 51	42 49	26 56	12 53	0 48	29 55	62 50	16 49	84 54	3 50	69 55	40 48	68 51	48 50	18 52	70 46	27 54	38 54	61 58	23 44	24 49	32 50	67 46	60 56	57 44	14 44	10 51	53 50	80 39	44 48	50 49	2 54	34 47	71 44	7 47	39 47	13 46	82 46	19 39	17 49	54 39	6 56	55 50	30 48	65 54	74 54	63 60	58 50	76 44	89 53	47 46	15 39	37 52	11 38	56 50	43 52	88 40	72 52	49 50	21 52	87 53	36 46	20 44	1 46	33 46	64 53
9 52	28 45	88 48	56 49	67 46	21 52	45 60	7 42	37 63	4 44	74 45	81 52	47 52	36 50	46 39	34 50	6 59	12 50	41 42	84 53	44 47	75 59	17 50	35 48	87 43	38 40	61 49	15 47	69 50	80 44	32 38	43 43	16 52	82 51	24 43	29 51	33 48	79 43	0 44	59 56	39 51	3 52	1 53	73 58	66 51	71 43	53 59	50 44	60 42	18 50	10 63	89 43	68 50	49 49	13 53	42 46	22 49	51 51	19 49	65 51	76 53	78 52	40 47	58 55	54 49	8 51	63 51	30 53	86 51	72 44	77 42	5 42	26 46	70 63	27 50	48 49	57 47	85 49	31 42	55 44	2 45	23 48	64 45	62 48	20 48	11 50	52 51	14 57	83 56	25 53
39 40	22 58	43 51	4 54	1 55	3 52	40 46	33 45	46 51	30 47	88 47	71 56	83 50	84 49	56 45	85 54	32 56	45 50	69 53	13 49	72 49	31 54	34 48	60 56	18 41	49 50	86 60	14 46	74 53	23 42	35 51	47 47	15 45	6 53	5 53	51 42	59 65	16 53	64 47	77 60	9 48	36 51	52 45	73 57	7 44	44 53	57 53	66 50	25 47	10 48	63 49	0 56	75 44	54 58	53 45	8 46	80 49	81 59	42 50	12 52	82 45	20 55	55 39	50 49	58 62	67 39	41 45	76 56	2 39	89 48	68 59	70 48	48 41	11 52	62 42	28 51	37 52	38 56	79 52	26 48	21 56	17 56	78 53	19 48	87 55	27 58	29 60	24 51	61 65	65 52
17 50	87 54	72 56	12 50	20 48	30 39	53 50	13 53	54 54	61 53	71 48	66 41	69 54	10 42	65 52	3 45	81 47	41 51	68 52	49 53	42 56	89 43	7 55	47 47	80 50	5 47	75 36	88 55	55 50	82 57	22 43	57 51	83 51	74 46	27 46	6 48	37 47	39 51	28 56	46 54	8 52	14 52	48 51	15 46	11 54	50 45	43 48	79 61	34 53	64 54	38 43	35 53	70 61	0 47	16 50	86 50	18 53	62 61	9 53	26 54	63 57	67 50	36 46	40 41	4 50	45 54	44 40	23 56	78 56	56 55	85 45	76 43	24 51	59 62	19 55	60 49	73 44	25 58	58 45	84 58	32 48	2 46	51 52	33 52	77 50	1 48	21 55	29 50	52 51	31 46
50 51	23 53	21 44	68 47	37 50	59 48	8 53	75 50	14 59	81 55	22 49	4 43	36 51	64 48	84 53	13 51	85 53	35 55	56 53	15 59	28 55	32 56	70 48	45 47	12 51	19 48	49 55	54 55	53 55	10 48	65 51	77 54	66 50	38 55	55 58	26 48	7 54	46 51	27 56	16 47	0 52	58 56	83 47	3 41	5 39	24 43	86 45	41 52	67 50	79 45	52 43	78 55	43 51	80 52	61 47	88 43	62 50	20 55	33 49	25 45	89 42	1 46	11 49	73 48	60 44	29 55	71 52	63 53	31 48	18 47	6 52	2 45	51 52	42 38	82 43	30 45	39 40	9 48	57 51	40 61	47 55	87 46	34 53	72 46	48 59	76 47	69 56	74 48	44 56	17 46
18 46	40 48	27 55	67 44	47 50	64 49	84 57	81 47	68 49	34 47	77 46	53 48	72 47	50 44	5 43	86 45	8 51	25 47	66 60	70 49	88 52	2 39	58 58	43 48	1 46	89 48	61 50	63 51	23 59	11 48	41 54	60 46	39 45	80 54	32 52	62 51	44 54	0 52	65 49	54 48	19 49	6 50	7 47	52 69	83 50	21 50	14 44	59 38	33 54	13 52	85 55	17 64	56 56	71 46	46 50	22 43	57 42	51 51	45 52	55 54	74 49	35 51	26 56	24 53	37 56	3 54	30 54	69 57	82 55	29 54	4 45	38 40	76 44	78 41	16 45	15 49	9 43	36 53	87 47	48 50	42 47	28 52	49 48	20 48	12 50	31 53	73 56	75 55	79 54	10 56
47 44	76 61	86 49	72 54	19 49	0 49	14 48	41 46	11 54	71 47	50 54	29 49	83 51	67 53	87 47	31 50	53 57	12 40	60 56	39 45	22 66	88 41	40 47	75 42	66 42	56 44	5 45	3 51	73 44	17 54	34 58	7 57	24 51	44 52	46 47	68 49	82 51	84 53	18 43	65 54	85 66	77 45	30 48	79 48	61 46	59 59	16 48	57 56	49 46	8 58	70 53	42 50	13 41	28 44	4 49	62 56	74 54	78 54	27 50	43 47	38 56	64 55	32 52	58 56	33 48	9 46	52 53	81 42	54 51	10 52	15 50	23 51	55 55	35 46	37 49	2 51	80 49	26 48	48 52	45 56	1 54	36 50	25 52	21 45	69 45	51 49	20 54	6 59	63 54	89 53
78 53	35 42	56 57	18 50	26 51	19 50	12 42	13 49	75 43	50 44	21 46	69 52	59 53	20 49	10 43	25 54	86 44	17 49	28 39	5 59	88 64	38 52	32 43	8 47	47 47	87 46	66 52	74 48	30 47	14 53	23 46	85 46	33 51	42 39	73 53	65 43	71 48	49 47	57 39	81 58	64 50	31 55	27 44	54 54	9 53	22 51	43 55	44 54	80 55	3 56	40 48	0 54	68 45	76 56	36 45	61 51	83 56	62 44	41 46	84 44	16 53	46 56	79 48	60 55	24 53	67 54	77 49	39 50	1 55	51 45	11 44	52 51	7 52	34 45	55 38	72 56	37 48	29 42	53 49	70 47	2 50	63 42	4 54	6 56	48 54	45 45	58 61	15 50	82 52	89 54
56 51	7 50	44 43	71 49	59 53	69 48	2 50	53 49	60 55	68 56	78 46	82 43	67 52	42 63	55 45	85 51	48 49	1 66	65 43	46 51	27 43	89 54	76 45	40 42	15 55	25 55	18 53	31 51	38 51	36 49	5 49	50 48	13 51	74 43	11 57	0 51	72 38	8 46	79 42	34 45	3 51	20 51	88 47	52 59	32 52	84 46	21 48	57 54	86 48	16 47	41 52	30 55	17 48	54 44	9 54	28 56	49 57	39 48	47 48	35 50	29 64	33 43	19 48	70 52	83 51	22 53	73 43	80 52	43 41	66 42	87 54	26 48	10 53	75 56	64 51	23 58	81 59	77 54	62 43	63 48	14 49	6 49	45 54	4 50	12 53	37 51	58 45	24 50	61 49	51 52
67 53	41 50	61 50	83 47	17 51	19 50	69 52	81 54	24 47	20 55	34 47	16 53	6 56	46 43	12 53	89 44	9 49	23 41	73 52	77 58	80 44	75 43	48 48	54 51	7 42	64 49	29 31	72 39	37 48	32 47	85 46	70 38	55 57	36 48	25 54	40 46	22 41	15 52	45 58	51 49	58 48	1 53	42 52	52 56	38 59	63 50	4 49	30 51	76 52	10 47	74 50	49 53	43 51	44 54	78 46	57 51	21 45	31 49	86 49	47 50	60 47	26 44	0 51	28 44	59 58	66 56	84 44	14 44	62 43	3 44	2 53	82 51	79 51	11 50	68 55	71 61	39 44	56 51	35 50	27 31	88 52	33 55	5 49	13 47	53 49	18 46	65 50	50 51	87 42	8 46
75 46	42 50	27 46	46 46	21 51	73 54	59 51	78 43	18 50	43 46	86 55	88 53	79 44	32 50	63 55	44 54	89 58	85 46	82 42	10 49	80 49	31 44	36 59	12 46	4 43	70 49	3 45	54 52	23 48	60 59	1 54	35 56	71 48	8 50	66 48	72 56	30 47	39 47	51 45	67 46	48 48	74 56	13 51	65 43	17 50	29 57	19 42	38 43	76 50	34 45	33 47	28 53	2 44	41 49	6 44	69 49	25 48	50 46	56 56	26 54	7 45	87 46	84 49	24 52	40 51	22 50	20 62	37 48	58 49	52 43	77 48	64 51	11 56	5 50	83 44	45 47	81 51	55 48	14 47	15 50	68 53	47 53	53 47	0 46	61 51	57 46	9 47	62 57	49 53	16 45
0 49	11 49	32 43	12 45	61 49	44 52	80 50	62 38	64 51	38 54	54 45	76 51	87 51	15 52	2 45	24 52	20 40	17 47	34 42	36 46	25 47	4 56	74 53	63 56	53 45	57 48	73 45	22 49	51 56	60 60	59 56	42 52	14 42	83 54	68 49	16 51	49 61	58 54	41 53	1 49	3 53	66 51	85 54	18 54	65 49	89 53	10 50	55 46	84 46	43 64	7 45	29 54	26 45	46 55	13 48	39 53	82 52	81 50	86 52	9 47	6 38	30 59	40 47	28 55	23 51	52 55	77 46	72 46	8 55	56 52	78 55	50 54	67 47	19 53	88 60	37 47	27 49	71 51	21 56	47 42	69 47	35 50	70 53	31 57	79 49	75 53	45 50	5 49	48 50	33 52
88 49	51 47	42 54	66 54	59 45	9 46	7 51	73 59	53 44	49 48	45 47	70 45	39 41	68 45	33 46	47 54	22 58	36 50	61 49	52 50	76 46	79 54	0 43	18 55	85 52	67 44	48 50	31 52	87 47	69 48	86 51	16 46	71 52	17 41	62 51	20 47	74 52	8 52	80 53	56 51	55 34	25 57	26 48	27 46	4 43	83 57	3 54	14 49	6 46	64 48	13 42	24 58	5 51	37 54	10 59	12 55	84 47	1 47	2 49	15 48	30 58	32 46	19 59	40 54	57 45	44 50	46 49	82 47	41 49	81 59	21 44	60 52	65 49	75 59	78 51	72 46	89 50	28 52	23 52	38 49	63 54	29 49	11 46	77 49	54 58	43 46	34 46	35 49	50 49	58 53
72 44	58 37	89 52	84 54	71 47	62 54	45 43	43 47	88 52	2 44	10 54	23 48	54 48	26 57	59 59	85 59	57 46	22 54	24 41	46 55	37 56	80 52	73 52	55 54	34 48	64 50	3 55	1 48	78 48	8 54	76 51	69 51	67 46	18 62	50 41	53 45	36 55	63 55	28 48	16 42	49 44	29 45	61 46	52 54	51 51	81 50	56 52	87 48	83 49	14 60	70 56	7 50	19 50	31 57	44 51	21 50	38 46	60 51	12 55	35 57	33 56	77 39	47 51	39 53	68 52	74 43	86 46	75 53	25 53	9 55	20 45	5 61	0 56	27 38	48 50	4 42	42 45	6 49	30 48	41 58	79 57	32 54	65 51	11 44	15 51	40 47	66 55	13 50	82 51	17 47
24 47	88 49	31 54	47 41	40 45	81 48	22 53	20 45	28 46	1 60	10 50	71 44	53 44	35 49	85 44	84 47	75 50	2 48	86 53	76 50	63 49	59 54	42 54	83 47	79 46	70 42	51 53	6 41	23 51	89 60	14 50	55 55	21 56	66 49	41 54	87 50	27 62	30 43	7 42	33 52	15 53	72 49	11 48	56 50	49 52	39 45	4 50	37 52	32 50	44 45	60 55	43 54	17 54	50 51	61 45	25 45	19 55	38 51	77 50	29 50	80 50	12 48	8 56	68 48	0 48	65 48	13 65	34 52	54 55	46 61	3 47	26 53	5 49	64 51	73 56	67 47	62 51	74 50	48 52	58 51	69 51	36 53	45 44	57 51	78 57	52 49	9 50	18 58	16 51	82 44
31 53	81 49	85 43	64 69	65 44	7 47	38 52	18 45	72 50	0 52	52 56	32 45	41 49	22 48	11 55	86 52	8 46	54 49	6 51	15 50	44 54	88 52	9 48	23 50	74 44	75 48	53 41	56 50	29 55	67 48	2 49	28 43	87 49	21 57	4 57	57 48	14 50	3 49	66 50	58 53	40 53	63 57	50 55	16 53	47 55	84 50	39 59	71 55	48 55	80 48	34 53	73 48	45 38	33 55	60 56	1 43	61 48	37 46	76 47	82 46	68 52	30 60	35 50	17 42	77 53	79 53	59 48	25 55	42 52	5 52	19 59	20 55	62 59	51 42	83 57	13 43	46 53	10 54	26 50	69 48	27 53	78 44	49 47	55 49	43 43	89 54	24 52	12 56	70 51	36 56
18 42	9 64	11 43	60 54	31 55	37 54	84 46	12 48	15 48	7 60	63 51	79 55	39 59	51 46	80 53	69 47	83 52	10 53	48 52	47 41	57 47	6 61	65 49	16 46	81 52	45 49	53 46	13 50	56 48	61 51	30 53	68 45	23 54	86 55	36 52	34 41	1 52	75 53	50 53	76 46	41 46	38 55	64 48	32 54	82 51	55 36	2 47	8 46	40 55	89 43	19 49	26 50	58 52	22 38	54 47	42 52	85 48	14 50	33 59	87 60	43 55	5 46	71 48	17 49	66 48	59 49	46 43	52 59	72 46	0 50	35 56	44 55	74 50	21 49	27 44	77 56	49 49	3 54	78 49	24 51	4 49	20 47	28 59	62 56	73 51	67 54	88 54	25 49	70 47	29 53
31 56	77 55	51 45	52 50	87 46	1 50	57 38	37 51	33 54	45 51	18 47	28 60	82 50	22 59	36 38	48 50	56 52	41 50	61 50	13 49	12 61	58 49	15 49	89 49	83 53	53 53	29 48	67 41	21 61	55 48	7 54	88 42	50 55	72 50	38 54	35 46	2 46	75 43	69 52	65 49	49 52	47 45	24 41	44 51	70 54	8 51	63 53	16 50	19 41	84 61	62 53	71 53	74 48	64 48	79 45	20 44	78 52	40 49	68 50	59 50	73 46	9 54	6 48	11 46	43 56	26 50	23 54	60 55	81 51	42 46	0 45	39 51	32 44	14 53	34 43	54 46	17 54	27 49	3 48	85 50	86 37	4 46	30 43	10 54	66 54	80 48	5 42	25 48	46 48	76 47
46 57	70 56	42 65	33 52	34 53	81 49	50 52	65 52	89 44	76 51	88 57	14 51	38 46	63 53	58 55	3 44	19 53	47 47	40 51	83 54	36 56	27 52	74 55	84 46	28 50	55 57	15 51	57 52	51 53	64 54	77 57	31 48	61 47	48 52	60 46	67 58	4 57	86 58	25 40	16 46	5 54	80 35	35 47	87 56	44 44	24 49	7 50	66 42	56 48	26 46	43 42	75 45	30 47	78 53	37 51	20 47	54 44	2 46	52 48	62 60	73 50	8 49	1 45	39 51	29 48	45 49	0 52	72 56	71 45	32 51	53 43	49 59	68 55	21 55	82 57	13 43	6 52	17 47	59 57	85 51	10 45	9 50	79 53	12 59	11 46	41 48	18 55	22 44	23 53	69 48
56 58	74 47	61 49	41 52	60 45	82 47	75 43	69 44	55 44	59 53	57 44	62 51	24 50	30 44	71 48	10 63	66 50	37 43	45 46	88 48	49 45	42 45	73 53	52 51	14 59	67 59	51 52	89 49	83 55	40 46	26 46	1 53	68 45	33 54	38 53	50 52	86 52	17 49	27 57	80 48	53 46	64 43	63 46	31 50	87 41	32 52	9 47	18 51	3 48	78 47	85 55	70 48	54 52	12 49	25 46	8 54	84 46	36 49	35 45	22 55	44 40	58 59	76 52	29 44	48 53	0 49	16 51	2 46	81 55	11 48	15 52	46 40	43 53	4 52	28 52	19 53	6 54	7 61	13 58	65 44	39 57	72 55	21 48	79 44	5 41	34 49	20 53	77 50	47 51	23 46
57 48	18 54	4 42	84 45	30 52	27 55	45 49	28 52	74 44	60 61	56 52	80 50	65 52	41 42	29 47	79 58	22 50	51 48	63 51	17 53	76 44	25 59	55 44	14 52	11 37	49 52	5 53	36 51	62 49	75 59	23 50	61 46	48 51	59 49	8 42	0 55	1 46	66 48	46 56	35 56	58 49	15 46	87 48	47 51	53 53	19 48	82 54	26 55	44 55	16 49	10 40	42 50	68 48	21 48	86 53	50 45	31 47	81 43	67 48	3 43	20 52	88 51	24 52	6 48	54 45	85 49	71 55	69 50	7 50	83 44	37 42	78 57	9 53	72 50	32 44	40 48	12 55	43 45	64 45	52 59	34 61	33 52	73 53	13 42	39 40	77 51	38 51	2 53	70 47	89 44
11 47	50 57	31 54	76 47	13 57	53 54	49 44	75 44	80 50	56 52	82 49	63 54	43 52	87 44	85 48	59 45	88 50	45 42	83 52	22 45	25 60	27 50	2 44	38 50	6 57	74 51	33 44	18 55	9 55	60 36	86 44	72 58	5 47	26 59	40 53	77 48	67 58	39 55	42 56	35 48	70 51	12 51	66 45	1 49	62 47	47 49	14 60	10 46	36 44	37 62	81 56	89 47	64 48	78 55	55 58	3 47	69 50	7 51	4 53	0 54	84 55	68 43	30 59	44 38	54 53	48 49	29 52	17 47	52 47	79 47	57 53	34 41	65 46	19 46	16 41	71 47	8 50	24 46	23 47	32 52	46 57	73 51	20 49	21 52	51 46	28 44	15 56	61 41	58 55	41 61
10 47	53 51	12 55	39 47	44 53	1 56	89 48	2 61	35 54	72 55	38 48	87 47	76 52	47 52	18 48	25 49	49 48	68 50	71 46	8 56	51 45	63 50	13 50	36 44	7 51	88 44	23 53	78 47	58 48	34 47	59 54	4 53	6 52	69 49	19 60	28 48	70 51	48 56	16 55	24 56	45 48	80 56	15 54	11 54	30 62	40 49	0 52	27 52	81 55	50 49	46 46	77 44	20 57	74 57	55 42	85 42	66 51	57 54	31 57	52 48	42 40	65 46	22 48	67 50	14 50	62 56	41 50	61 45	54 44	86 50	17 44	64 54	5 60	43 49	75 47	29 49	33 58	56 42	73 53	3 57	84 55	37 48	79 51	83 48	82 49	21 46	60 51	32 46	9 52	26 50
56 51	13 49	82 55	53 55	17 47	61 45	36 49	12 54	52 56	31 47	63 49	23 51	33 54	44 44	9 50	69 61	8 51	30 53	85 43	55 51	68 54	47 48	35 58	50 54	21 41	11 51	89 47	76 53	67 47	2 46	6 43	51 54	4 51	27 52	81 55	39 61	10 44	77 48	37 55	15 49	26 44	34 55	88 51	3 47	18 49	20 51	71 44	14 52	73 50	16 48	32 47	45 47	22 48	41 50	54 47	25 52	48 47	87 51	43 49	19 58	7 52	57 43	79 46	72 60	46 56	62 51	49 52	84 42	70 41	1 53	60 47	66 52	38 48	24 51	65 45	80 49	58 41	64 47	78 55	83 46	59 57	40 58	42 42	29 53	75 51	5 53	74 42	0 49	86 54	28 49
34 45	45 40	6 53	86 56	52 41	71 47	72 50	77 42	41 40	1 49	14 47	54 56	18 45	15 48	43 48	63 51	78 50	75 44	30 54	66 48	48 44	46 47	10 42	24 51	60 53	26 55	67 49	22 47	35 50	70 53	8 50	56 48	89 46	23 52	33 57	74 53	53 48	69 48	82 43	58 46	16 51	51 58	29 56	11 58	17 57	13 45	79 53	49 52	61 49	87 50	59 53	38 50	50 52	57 56	80 54	9 42	28 50	40 49	36 44	42 60	7 55	44 50	68 51	62 54	3 44	21 44	76 59	19 50	20 56	81 58	4 52	27 57	83 37	12 55	2 49	32 55	88 51	0 55	85 50	25 53	73 50	31 49	64 52	55 47	37 45	47 53	65 50	5 53	39 44	84 54
44 51	45 43	0 47	16 45	2 54	74 54	18 42	89 54	79 58	31 46	10 46	37 55	56 46	21 50	34 53	29 59	15 44	87 47	6 49	30 56	75 43	55 51	47 54	58 51	63 46	71 53	11 45	69 59	3 47	72 47	8 40	39 54	61 48	12 41	78 49	1 50	73 55	33 51	17 47	43 54	57 49	5 49	70 46	40 50	51 52	28 43	53 44	83 42	27 55	64 54	14 51	84 52	66 53	25 57	59 46	19 52	38 55	22 52	36 43	26 59	65 42	20 58	24 47	42 44	81 46	86 50	67 53	77 40	13 50	7 55	62 46	88 56	9 52	76 57	80 52	32 56	68 45	82 42	23 44	60 49	35 50	50 49	54 57	41 49	85 50	49 50	48 54	4 56	46 57	52 48
37 54	35 47	11 50	43 51	22 43	80 56	57 57	30 45	69 41	3 50	23 50	46 54	5 50	64 50	70 54	36 56	34 53	44 50	89 59	48 51	53 52	1 52	18 54	32 45	59 48	73 55	77 51	21 42	51 51	45 47	20 54	81 48	42 52	74 52	40 62	82 48	72 44	41 48	50 46	85 50	79 51	71 57	28 45	7 57	66 54	54 51	14 50	24 45	12 59	47 50	27 53	67 47	83 54	17 54	19 53	8 45	86 48	33 48	88 52	61 49	60 45	0 54	52 50	15 49	2 50	78 47	39 50	87 50	25 43	84 54	13 56	29 52	9 60	16 50	56 42	26 54	58 49	63 50	10 43	4 41	75 57	38 53	62 48	49 49	65 57	6 54	76 52	31 52	68 51	55 41
26 52	84 47	63 55	36 39	16 54	34 51	13 52	11 43	65 47	19 56	33 52	64 47	68 53	46 47	0 47	51 53	48 50	47 51	86 48	23 43	55 52	39 48	50 40	75 48	14 57	81 56	15 50	49 63	42 44	30 52	7 44	27 34	4 52	12 42	69 44	28 51	56 51	71 49	78 54	29 50	9 54	20 52	5 48	52 54	38 51	18 58	58 49	77 48	87 47	82 36	41 57	62 49	40 57	6 52	80 59	76 50	89 40	45 48	17 53	67 47	61 49	83 51	53 49	35 44	1 54	59 49	3 46	88 51	85 54	22 46	31 56	8 45	73 39	37 49	79 48	54 44	72 43	74 47	21 51	24 50	60 45	66 66	25 46	70 50	44 51	57 53	43 53	32 48	2 50	10 58
7 46	65 56	87 47	61 52	46 44	10 53	81 52	50 45	67 49	89 55	40 52	17 51	79 50	69 50	84 48	76 43	45 54	36 53	88 49	51 47	11 51	26 46	37 47	32 48	75 54	24 51	21 45	68 60	5 44	63 43	33 53	39 58	86 50	25 47	57 52	83 54	6 62	49 49	62 53	20 46	58 42	42 44	8 47	72 44	4 50	59 52	78 47	43 46	73 51	15 55	60 41	71 55	35 51	53 56	27 46	0 49	29 50	1 47	9 51	12 51	77 55	23 52	56 56	16 47	14 45	48 52	28 40	52 52	41 48	70 59	13 53	66 52	22 50	55 60	30 51	2 61	18 53	82 49	47 51	19 42	85 53	64 52	44 51	3 52	54 48	74 45	34 64	38 50	31 54	80 51
41 53	68 52	24 47	57 48	31 50	43 58	83 45	63 46	11 41	62 50	61 52	3 46	7 39	77 50	65 54	1 47	17 43	39 50	66 46	59 51	36 50	27 54	18 55	32 46	69 49	20 46	53 50	19 51	89 46	46 45	2 50	85 43	71 49	28 59	72 57	54 56	70 43	51 49	78 61	13 49	45 49	26 44	48 52	50 49	0 50	38 53	88 54	52 38	29 51	80 57	4 46	42 50	82 49	23 47	74 44	9 49	86 45	60 48	47 47	8 55	87 46	10 48	35 52	16 47	12 55	14 45	21 50	37 56	25 53	55 47	40 54	84 51	81 58	22 50	76 48	30 52	67 53	34 49	44 46	73 47	64 42	33 51	5 44	58 49	49 61	75 39	56 48	79 49	15 47	6 48
86 48	12 60	24 46	67 53	81 53	38 57	54 52	23 51	21 53	74 47	1 54	51 50	36 55	57 47	59 45	80 50	65 51	82 42	15 53	52 48	60 59	56 47	71 59	70 39	50 46	79 59	75 54	41 48	89 50	45 52	42 48	69 48	61 51	58 50	88 51	10 56	14 47	11 51	28 40	25 57	34 42	37 47	9 53	39 48	46 45	30 45	63 57	2 46	19 49	7 54	3 52	16 60	47 57	64 49	31 51	43 54	22 53	17 56	6 52	76 48	73 49	77 49	84 54	53 40	27 58	13 52	48 55	55 49	49 42	33 51	0 57	62 49	29 49	4 50	85 45	40 52	66 51	35 52	87 60	18 58	78 50	68 54	72 51	44 45	32 50	8 45	20 48	83 56	26 41	5 41
26 50	10 48	86 47	61 57	45 46	40 51	51 57	25 57	27 50	16 44	21 49	37 43	55 43	82 43	18 44	62 60	87 41	68 41	60 51	74 58	8 53	59 48	63 49	19 50	75 44	70 55	11 57	64 52	80 47	44 47	24 57	77 48	15 52	67 47	3 53	33 43	28 52	13 56	83 48	65 50	43 50	23 52	34 53	76 56	47 56	6 49	89 42	36 47	57 51	50 51	9 42	84 46	41 51	0 46	38 48	35 46	54 57	79 45	22 52	5 54	49 41	56 46	88 44	58 45	42 40	31 52	32 48	69 50	73 52	66 50	2 43	29 48	14 51	17 50	7 50	39 53	46 49	48 51	53 41	12 66	52 50	20 47	78 48	1 42	81 51	71 38	30 43	4 44	72 58	85 44
83 53	56 47	88 48	87 56	35 52	68 50	34 54	30 47	89 53	58 43	1 47	6 52	22 45	37 49	46 38	8 54	52 58	60 49	74 50	81 56	76 54	33 53	80 43	10 56	66 44	40 51	36 58	20 54	3 43	23 44	69 50	62 47	59 43	0 56	48 48	26 44	9 51	70 47	19 52	12 44	77 39	75 55	82 49	78 46	64 46	67 50	71 52	63 49	44 47	25 52	47 53	7 54	51 44	31 47	72 46	65 63	15 49	5 52	18 52	27 48	57 57	29 50	28 51	41 47	14 54	86 52	39 43	61 51	79 42	24 48	45 49	49 43	32 51	73 51	17 46	2 38	13 33	50 51	55 56	21 49	84 44	11 45	42 53	54 50	38 46	43 62	4 46	85 52	53 43	16 52
64 47	82 46	79 52	26 62	19 44	51 54	25 56	84 59	21 47	76 53	41 45	12 54	28 48	45 48	71 48	3 46	78 55	6 52	72 56	86 52	27 51	58 51	68 46	57 64	32 53	70 51	7 60	11 47	43 49	9 46	1 49	22 51	36 59	59 53	75 43	88 50	29 41	62 54	65 49	81 48	20 50	33 46	53 50	42 50	74 59	61 58	15 55	23 49	54 51	89 40	40 52	83 43	17 55	34 56	85 51	30 50	46 48	39 51	87 49	60 45	18 48	47 49	67 53	77 51	5 61	50 48	4 54	31 53	2 50	49 53	52 63	24 53	63 47	14 47	8 49	35 46	80 50	73 44	55 46	10 47	66 40	38 45	16 52	48 48	37 44	56 55	69 48	44 57	13 41	0 49
37 60	77 54	62 43	67 47	6 52	86 50	14 54	38 50	71 57	60 49	81 54	39 51	89 45	48 55	1 51	42 57	16 47	13 46	82 55	26 51	33 53	57 56	47 56	85 50	52 45	88 47	80 50	23 54	30 54	0 53	58 58	46 52	7 54	28 48	18 57	84 48	69 47	34 50	64 51	59 49	49 47	27 49	36 36	9 54	61 54	10 52	45 44	43 58	74 45	11 51	29 54	35 50	41 49	53 61	63 47	78 47	44 45	19 43	55 51	31 61	2 54	76 45	68 54	12 56	79 60	66 57	4 54	73 53	51 51	50 49	24 56	32 46	40 40	72 55	54 54	21 55	75 56	3 52	65 51	15 43	70 56	17 49	20 47	83 53	56 46	8 54	87 49	5 54	22 45	25 53
1 58	42 59	86 54	62 52	24 48	83 55	3 45	26 49	53 56	16 46	21 47	77 52	41 55	87 51	57 41	69 54	12 53	30 47	60 52	49 55	11 47	7 54	81 45	75 42	10 52	17 46	9 44	4 44	61 52	84 52	72 53	70 43	56 50	46 55	55 56	71 52	36 47	20 51	50 48	58 53	44 52	6 46	32 50	29 51	35 52	5 44	74 48	27 48	31 42	40 53	23 44	48 52	73 46	13 55	68 48	52 51	8 54	45 34	2 52	19 53	79 44	38 48	28 52	88 53	34 57	43 47	47 56	15 48	65 53	67 47	82 48	64 46	76 54	37 55	59 45	51 47	54 47	18 54	25 47	78 47	63 49	66 46	89 52	39 53	22 53	85 47	80 57	14 44	0 53	33 52
13 51	85 56	17 55	16 62	60 45	43 46	0 40	32 53	68 45	50 53	75 46	5 46	77 59	25 52	11 50	70 46	69 50	29 45	8 49	12 46	24 51	26 45	61 48	37 53	33 43	81 45	45 48	20 52	9 47	14 50	58 50	65 37	22 53	78 44	49 52	1 49	52 48	34 55	80 50	15 44	48 45	57 48	54 47	72 48	89 49	21 57	76 58	27 46	40 56	79 41	59 43	47 55	36 53	35 53	56 47	42 45	87 42	83 54	23 55	84 51	28 45	44 59	3 48	31 53	67 49	64 55	63 51	38 52	46 57	39 61	7 52	55 51	19 46	82 41	10 44	86 56	51 43	62 45	73 49	74 54	71 53	2 43	18 48	30 51	88 47	6 43	4 51	53 60	66 49	41 57
48 54	64 58	25 45	0 50	3 42	75 52	42 51	30 50	60 49	56 50	49 50	73 49	57 56	6 57	63 50	45 45	72 49	78 54	38 55	83 49	13 49	16 52	68 51	52 52	10 51	1 48	80 46	33 51	14 54	5 39	29 55	69 58	74 58	23 48	66 53	65 62	24 47	76 46	79 50	19 52	89 45	27 48	34 50	17 47	9 44	61 59	15 58	32 51	39 55	47 48	7 45	85 48	87 49	53 60	22 39	8 54	37 53	81 45	58 42	44 47	82 50	59 58	51 51	35 46	84 49	62 66	18 42	77 55	26 52	36 49	70 53	71 46	46 51	12 45	40 51	67 44	88 43	41 55	2 47	28 47	55 46	43 50	31 41	4 46	11 37	20 46	21 59	50 44	86 46	54 54
29 55	45 43	41 46	81 49	30 53	28 45	85 45	17 50	49 56	19 47	66 51	70 59	33 54	79 53	53 59	52 56	82 41	26 45	25 47	15 49	84 53	35 46	65 36	44 47	78 51	89 52	87 59	1 49	61 51	86 41	22 48	47 48	32 52	8 57	18 53	72 52	16 44	40 58	67 48	14 41	5 51	21 53	83 40	75 53	42 45	34 52	24 46	39 55	58 50	46 49	0 48	54 48	36 57	23 48	10 48	69 47	37 45	7 46	59 53	43 43	48 50	64 53	38 57	71 47	55 54	76 49	13 47	77 42	88 51	68 48	60 53	50 52	27 52	62 45	6 62	2 45	73 52	80 51	3 54	56 48	51 45	57 57	12 51	31 54	20 54	74 50	9 46	11 52	4 53	63 49
54 61	40 43	12 50	43 44	68 52	89 55	29 51	58 52	21 48	9 51	76 51	1 55	78 46	20 53	27 53	2 55	74 47	81 50	80 42	16 52	28 49	87 50	56 61	15 53	45 58	60 45	69 48	41 61	14 51	67 59	8 57	51 60	46 51	82 59	34 52	55 40	10 52	18 56	59 50	24 48	52 54	36 51	73 61	11 52	53 49	0 44	5 47	48 46	79 51	13 52	64 58	47 54	50 55	72 45	33 50	77 48	39 51	38 53	32 52	66 57	75 52	65 56	35 52	3 42	86 47	19 53	30 42	26 42	83 48	62 49	44 47	6 52	84 48	25 46	88 54	4 51	7 47	17 54	70 52	57 40	37 45	31 35	42 51	61 54	63 56	71 43	85 48	22 61	49 39	23 50
31 42	57 50	18 55	38 55	79 40	9 46	53 42	48 55	14 49	43 49	83 48	72 52	77 33	19 46	76 57	84 44	87 50	59 47	23 55	52 48	13 48	33 58	45 52	73 43	78 51	2 47	27 55	88 60	61 49	21 58	44 47	40 42	3 49	68 36	69 60	54 55	12 47	71 48	74 49	24 57	5 42	34 50	36 47	51 49	7 53	26 51	1 46	32 50	4 44	63 53	86 46	65 50	0 49	41 51	58 55	49 45	25 42	64 52	67 54	37 49	85 43	47 51	29 50	6 52	56 58	81 50	55 44	11 50	66 51	62 54	30 50	60 54	22 43	75 53	10 47	42 53	20 49	28 56	89 54	70 56	17 50	39 46	50 53	16 46	80 55	15 45	8 44	35 50	46 50	82 43
42 54	16 50	76 48	78 53	89 45	31 49	48 51	1 46	84 55	60 51	73 53	46 59	71 41	65 48	58 50	8 61	79 57	67 46	17 54	27 60	22 49	85 48	49 55	15 44	82 46	3 48	45 44	55 58	25 42	74 43	52 56	69 48	53 43	59 44	43 51	81 47	77 50	28 56	83 45	10 66	57 54	75 51	29 48	41 54	88 46	62 42	32 51	47 51	18 53	6 50	64 52	44 55	5 50	36 49	24 48	11 54	40 44	63 53	13 55	0 47	9 44	14 59	38 55	26 54	66 51	23 55	56 53	39 52	37 47	19 55	80 50	68 45	86 53	20 47	12 47	4 34	21 55	87 45	51 41	72 48	70 56	7 46	54 55	50 57	34 47	30 50	33 44	61 51	35 51	2 48
46 57	79 48	22 40	50 51	75 55	68 59	30 61	31 54	20 56	62 42	43 52	41 49	16 51	49 56	56 49	37 52	9 40	55 58	59 52	14 57	64 47	19 39	3 45	32 52	61 60	66 54	26 46	76 46	80 45	47 50	24 53	2 50	38 49	65 43	52 45	1 52	28 53	4 46	67 41	48 45	70 50	29 46	81 52	33 52	88 51	5 47	84 56	6 42	51 58	53 53	15 54	71 52	7 53	25 48	0 48	18 61	35 48	86 44	85 60	42 52	87 55	73 49	10 49	69 49	74 55	23 49	72 48	78 59	89 51	63 51	40 58	44 45	36 57	17 45	27 52	83 50	82 53	57 57	11 44	58 38	34 52	8 51	77 55	21 56	13 42	12 47	54 56	39 59	60 51	45 40
5 62	38 63	15 50	82 46	57 50	18 49	75 47	58 52	63 48	30 50	11 47	55 54	68 49	34 56	9 52	53 37	39 51	80 51	83 51	36 51	6 49	72 47	41 49	4 51	20 48	12 45	27 54	43 53	56 45	17 46	26 51	23 45	19 48	71 55	52 45	45 47	7 47	62 53	1 51	46 53	24 49	79 53	8 58	64 48	25 54	77 49	48 46	78 50	49 48	44 56	61 59	73 49	29 51	2 55	14 49	50 54	42 37	87 53	21 43	86 52	81 56	66 52	84 60	16 49	88 46	32 48	28 45	51 63	69 45	76 49	35 45	0 51	33 41	13 44	37 47	47 42	40 47	3 50	85 46	10 39	89 52	59 54	54 55	65 49	60 53	22 57	67 39	70 53	74 47	31 52
63 40	79 42	20 48	7 49	48 59	52 48	59 54	34 42	10 49	13 48	35 50	24 47	68 53	15 55	16 45	54 51	84 48	85 41	76 45	58 59	4 44	9 49	72 51	87 58	47 52	12 49	61 45	66 50	65 46	74 51	49 51	51 52	0 64	17 54	69 47	29 53	1 53	23 51	75 52	57 42	45 37	19 55	83 59	80 46	77 43	78 49	37 45	8 56	55 43	71 46	70 54	82 48	2 42	40 47	38 47	25 45	31 56	11 42	32 45	21 53	53 53	56 50	60 51	89 56	5 57	41 52	42 52	67 56	86 57	62 43	27 49	88 45	50 45	18 42	46 55	22 58	73 51	26 52	36 45	39 50	14 52	28 43	81 57	3 49	64 45	44 50	30 53	43 44	33 49	6 57
58 56	7 58	27 48	84 47	68 49	11 53	4 45	38 46	18 52	25 56	32 57	24 51	51 49	56 45	5 52	72 47	26 54	20 47	34 52	15 50	1 47	19 55	49 54	0 53	55 46	35 53	62 55	59 49	50 52	43 51	88 53	21 53	54 55	29 58	70 53	2 49	39 52	12 53	53 49	71 44	61 57	74 45	73 46	37 43	57 46	40 50	8 48	85 48	17 52	9 51	46 45	45 59	66 64	44 52	36 51	67 54	14 43	6 45	41 50	48 55	63 48	16 50	86 45	80 47	13 48	23 43	83 40	31 56	60 44	75 49	42 49	30 50	77 62	28 50	76 55	78 48	69 57	10 64	52 52	47 49	82 57	64 42	3 46	81 59	79 50	89 50	33 44	22 48	65 50	87 50
75 49	60 45	78 52	38 55	86 50	46 52	2 53	43 48	57 59	34 41	26 46	77 49	37 49	13 45	39 50	61 51	49 57	24 58	84 43	25 47	41 57	73 46	69 48	9 45	0 49	70 51	31 52	59 54	44 48	12 52	62 48	42 53	15 48	52 47	17 45	56 43	33 56	14 55	55 46	1 58	5 55	30 45	64 46	16 52	32 50	63 47	23 42	50 50	81 55	87 48	47 38	65 52	19 50	66 49	71 63	27 54	45 54	4 55	83 49	53 44	11 48	3 55	54 43	79 53	67 55	48 59	68 55	22 55	7 54	35 55	72 50	89 55	58 49	18 48	82 53	28 52	74 50	80 48	20 50	8 50	6 48	10 45	76 51	21 48	29 46	40 54	88 41	36 44	85 56	51 46
13 44	4 52	52 51	39 52	32 52	67 48	34 44	74 48	80 41	49 55	8 47	3 54	54 47	12 46	33 57	87 45	86 53	84 55	31 51	47 52	23 53	1 48	43 47	20 52	68 51	63 48	19 52	55 46	75 49	17 55	28 36	29 53	70 55	25 48	76 44	88 53	83 49	26 55	73 53	15 54	46 58	36 45	72 52	9 51	27 49	42 43	77 59	50 45	5 54	7 45	30 49	66 53	85 52	45 54	60 55	44 46	57 67	51 47	38 49	35 52	79 49	78 54	40 46	6 49	0 50	58 48	2 44	59 44	21 56	48 57	41 47	81 56	18 41	16 46	22 42	37 54	64 47	65 41	82 54	53 56	62 54	10 48	11 47	61 45	71 50	56 54	24 54	14 56	69 43	89 46
69 51	65 49	17 56	80 48	8 52	89 46	78 50	49 54	35 47	70 48	67 55	26 50	86 50	73 62	74 51	33 55	13 48	41 48	87 35	1 47	2 46	51 53	53 57	14 61	29 55	0 56	20 49	30 45	28 52	45 51	25 49	77 55	23 51	4 51	7 51	46 52	64 53	12 47	84 58	68 45	66 49	10 45	57 47	56 56	37 38	43 50	34 52	44 44	21 50	82 45	55 46	52 53	9 50	60 57	62 54	22 52	79 52	48 52	19 46	42 50	3 49	15 50	71 48	59 45	11 57	36 53	40 47	76 46	54 49	75 51	16 53	47 47	39 56	6 47	81 38	31 44	27 47	61 47	5 55	58 52	24 55	63 44	85 55	50 51	38 47	18 50	32 56	88 41	83 57	72 47
87 46	77 58	9 57	41 50	34 46	53 55	76 44	7 41	63 53	5 51	0 59	81 55	25 49	37 47	72 59	14 52	20 53	69 47	33 55	73 48	56 55	42 53	43 41	85 51	51 47	62 50	21 47	27 60	19 54	66 47	86 53	31 46	12 50	11 54	40 52	60 48	46 53	3 48	36 52	32 45	16 46	54 44	6 47	44 54	23 49	39 48	58 54	2 53	10 53	82 45	75 49	22 51	61 54	15 49	70 54	24 51	26 49	18 46	57 46	49 41	8 48	17 57	80 58	47 56	84 54	74 51	4 57	35 49	52 48	29 57	65 63	83 51	89 49	71 47	64 44	79 56	59 50	45 54	48 46	50 47	67 55	28 49	78 52	1 42	88 43	38 53	13 39	68 49	30 43	55 51
45 52	11 45	69 47	13 53	46 49	76 49	82 53	75 49	22 57	28 46	7 56	71 52	49 56	85 52	36 54	50 54	77 52	2 50	37 47	66 55	9 54	20 53	34 50	14 51	5 46	80 51	44 50	42 48	35 48	26 48	6 47	55 51	53 49	40 45	47 45	56 52	67 45	68 48	51 55	39 50	19 45	52 51	81 53	32 45	24 52	29 56	4 47	17 50	12 55	25 60	74 51	72 50	43 48	31 49	8 55	23 48	64 51	59 47	18 42	48 44	16 45	27 47	41 44	1 48	21 51	79 55	83 47	10 54	70 54	63 56	60 48	38 50	58 46	84 57	30 49	73 46	0 50	15 53	87 55	61 46	88 55	3 54	65 54	86 52	62 50	54 48	33 55	78 49	57 53	89 52
23 41	70 45	87 51	77 53	11 48	71 49	7 53	15 58	22 51	68 49	72 45	39 41	19 60	53 56	67 49	76 53	88 49	83 43	41 43	54 46	3 44	40 48	25 51	89 50	32 54	82 51	65 46	21 48	29 49	48 47	73 55	52 56	36 54	0 54	35 56	60 48	34 40	18 50	27 52	46 50	8 52	42 53	28 57	1 52	44 56	50 42	85 54	45 46	81 51	14 56	17 50	66 45	2 49	12 49	33 50	69 48	84 40	24 50	4 54	56 50	9 53	62 58	63 45	31 46	20 54	58 43	59 43	80 39	16 48	43 51	37 56	47 48	78 60	26 44	49 52	86 49	61 43	55 55	74 50	5 47	30 53	6 54	57 48	75 53	10 56	51 52	13 46	79 53	38 36	64 44
83 44	53 53	6 53	20 42	88 54	14 51	42 55	27 52	19 42	39 52	60 42	26 49	38 56	34 53	67 41	22 44	1 50	28 47	49 50	55 48	13 54	51 57	8 43	23 50	65 54	36 42	50 53	46 46	89 45	2 41	62 51	75 56	54 45	69 49	18 51	37 54	61 48	71 48	63 48	29 54	30 52	3 54	80 56	7 48	76 43	70 46	58 52	59 49	74 46	84 50	35 51	52 51	5 57	24 49	77 52	11 47	16 45	40 52	81 47	15 58	17 56	48 47	12 48	47 50	32 46	44 52	21 42	0 44	72 53	68 47	43 45	10 54	73 57	86 51	45 54	33 49	9 43	57 48	31 44	78 53	56 44	87 54	66 55	4 46	41 56	82 43	85 60	79 52	64 45	25 47
