90	50
49 45	6 41	35 42	39 52	44 47	10 48	24 46	36 47	40 56	23 46	47 55	45 50	48 51	4 46	9 51	28 48	38 48	41 48	12 51	42 46	26 52	27 39	21 51	20 47	7 47	3 40	34 45	25 45	14 50	17 51	18 48	1 46	2 39	15 46	5 49	46 52	37 57	30 43	11 56	29 54	19 53	0 52	16 51	31 46	8 45	33 52	32 48	13 47	22 52	43 50
25 62	0 55	34 50	23 53	14 45	6 61	28 45	35 49	49 49	46 43	40 50	39 57	37 40	11 46	30 44	36 46	32 51	47 54	24 57	9 49	26 49	19 46	48 47	16 49	20 62	8 49	17 49	18 51	38 50	43 51	33 53	44 51	7 59	41 46	22 47	29 46	5 45	42 44	10 50	4 52	13 49	21 43	1 61	2 44	45 48	15 47	3 48	27 53	31 45	12 54
33 42	31 52	10 46	39 55	36 46	37 48	1 49	8 39	28 47	20 52	29 59	40 49	44 48	30 57	12 42	27 53	7 53	13 55	38 43	35 56	14 48	47 46	22 37	26 57	24 53	15 37	23 48	2 46	16 51	48 49	3 52	11 52	41 41	0 47	42 42	6 45	17 55	4 57	25 50	32 47	45 49	46 43	43 53	18 50	49 42	9 44	5 41	34 46	19 50	21 49
34 55	38 51	37 48	23 57	27 52	0 51	29 47	5 46	7 47	41 49	48 48	26 49	9 50	17 50	20 61	4 52	42 50	24 45	40 52	36 51	35 50	11 48	43 48	30 46	31 59	39 52	15 51	18 59	2 48	14 50	1 49	6 44	33 54	49 52	21 45	32 47	28 41	13 41	45 50	25 53	8 55	44 54	46 38	47 49	10 44	16 49	3 45	22 50	12 50	19 55
43 60	15 50	22 46	31 43	19 52	9 55	29 56	12 49	42 49	4 50	1 38	21 53	10 43	40 49	20 44	13 50	25 49	47 53	49 50	41 51	26 55	7 44	23 50	30 49	28 46	16 46	48 45	33 49	6 61	17 49	39 58	46 34	3 43	18 54	36 54	11 47	32 41	44 45	37 39	5 58	0 49	34 54	35 43	24 50	38 48	14 48	8 51	2 45	27 57	45 52
4 55	19 53	34 54	17 57	27 48	3 63	26 54	12 58	15 52	10 42	41 58	1 39	20 50	48 48	33 50	18 50	6 55	25 49	47 49	35 54	22 54	42 49	32 41	31 41	29 54	36 49	44 43	30 38	39 53	9 50	7 59	16 56	24 48	0 48	28 56	40 44	8 43	2 57	46 45	38 45	49 50	45 43	5 38	21 54	14 46	13 59	11 43	43 54	37 39	23 57
2 48	9 48	12 45	25 47	23 53	43 50	24 56	10 44	14 50	33 52	13 50	8 36	0 46	7 47	20 53	28 54	46 49	41 45	6 51	16 56	1 42	19 47	29 46	39 48	45 35	26 40	49 53	27 52	37 53	30 50	21 54	5 52	18 50	36 54	34 50	11 45	31 52	32 51	48 50	3 52	44 47	17 43	47 54	38 46	40 57	15 53	4 50	35 52	22 53	42 52
43 54	35 51	36 49	0 58	31 47	29 55	47 57	25 59	1 57	28 52	22 49	11 55	49 51	17 51	3 51	12 40	26 47	30 49	44 55	37 64	19 54	21 47	2 60	45 50	20 46	34 53	23 53	15 46	33 48	39 49	48 58	40 50	16 46	24 49	32 57	41 55	14 50	38 51	8 45	4 57	18 54	6 49	27 56	46 47	5 49	10 44	9 54	7 49	13 59	42 45
46 47	4 51	23 46	32 58	11 50	17 60	14 56	40 47	19 48	35 49	47 50	21 41	0 54	48 53	2 58	44 50	5 52	10 50	16 50	28 41	36 46	33 52	13 54	45 53	38 41	27 46	26 50	37 49	34 49	6 51	1 53	31 54	7 53	29 54	39 51	25 56	3 54	22 51	20 50	8 50	42 50	49 57	12 44	24 53	43 55	18 59	15 54	41 42	30 43	9 51
26 49	5 57	13 62	31 55	35 50	37 49	42 42	49 46	3 56	16 56	41 52	34 50	47 51	12 49	4 43	9 48	21 58	44 54	32 45	10 46	19 59	38 54	27 56	22 54	15 42	40 56	14 63	46 46	28 44	24 53	20 49	8 56	39 50	2 42	7 50	0 57	48 49	45 41	6 47	43 47	36 48	33 55	30 47	29 39	17 48	1 42	25 51	23 51	18 46	11 43
21 43	31 43	45 50	43 48	11 52	5 48	16 48	2 43	38 45	3 53	29 52	27 44	33 46	19 56	37 51	22 48	7 50	10 50	32 51	8 45	46 47	9 50	13 49	41 48	40 51	26 46	23 57	49 44	42 48	15 52	20 47	12 55	48 47	35 51	28 45	1 49	14 52	36 52	18 50	17 44	30 47	4 51	25 61	39 47	34 45	0 53	6 57	47 53	24 50	44 50
35 46	10 50	24 53	32 42	47 41	28 45	38 45	25 53	34 57	27 43	18 51	15 52	12 42	19 44	37 54	31 49	16 52	20 51	17 49	23 58	45 59	33 46	2 55	26 51	3 53	11 54	8 52	40 51	1 46	41 50	39 50	36 50	14 50	49 45	30 54	13 56	0 47	6 45	48 49	4 46	5 42	43 50	7 53	21 43	42 41	46 48	22 41	9 51	44 48	29 51
32 57	3 53	44 53	35 53	2 49	48 54	31 51	40 48	43 54	39 57	15 51	14 49	12 51	5 58	47 50	29 48	24 46	42 51	37 44	19 53	21 46	49 51	10 51	1 45	22 55	36 48	16 45	30 57	23 54	13 48	4 52	26 52	7 56	17 50	38 47	27 45	9 53	28 44	0 42	33 48	45 53	18 52	41 53	34 49	8 51	25 52	6 44	20 44	46 53	11 42
14 47	13 46	34 44	30 50	27 55	21 45	8 48	1 50	40 48	22 49	5 52	6 48	10 51	38 49	39 40	25 48	17 52	36 57	29 48	0 47	31 49	19 56	16 51	45 51	35 48	41 52	49 48	11 50	7 51	44 48	3 47	48 41	32 58	46 57	23 60	26 49	15 49	18 44	42 47	47 46	24 48	20 65	9 40	2 45	28 58	4 43	43 53	33 50	12 58	37 59
40 52	10 54	5 47	14 51	21 48	9 54	17 57	46 46	24 46	41 43	4 48	47 56	45 43	11 55	7 44	3 43	29 44	39 57	32 46	13 56	42 59	12 50	35 49	49 50	28 53	37 55	16 57	43 52	0 45	22 50	25 53	1 48	2 51	27 52	33 58	36 51	23 47	38 50	48 57	34 55	26 41	30 55	15 55	31 58	18 51	8 51	44 46	6 58	19 54	20 49
35 52	25 55	1 46	8 57	20 59	38 54	23 49	47 50	33 44	15 49	44 49	46 48	24 45	21 49	42 48	3 56	4 62	7 53	27 48	40 48	28 47	14 57	9 53	16 53	36 53	2 48	11 53	26 53	22 47	32 51	39 47	13 49	6 47	29 45	48 51	45 45	34 52	17 46	10 45	12 47	0 48	30 39	49 52	43 49	5 50	18 57	37 54	19 46	31 55	41 51
19 49	41 44	26 45	36 47	28 52	47 37	9 50	27 47	20 48	43 47	46 64	44 41	37 51	33 51	32 55	23 48	39 56	24 49	49 54	38 47	40 46	42 45	34 56	6 53	7 60	22 49	14 53	13 49	31 52	21 45	25 50	18 58	3 61	8 45	45 53	17 45	15 48	5 50	10 57	30 52	35 50	0 50	11 54	12 45	4 48	48 57	16 53	2 49	29 52	1 49
17 51	41 52	20 42	24 42	33 52	26 54	18 49	46 44	48 51	10 51	11 45	8 38	7 47	38 47	45 57	3 48	4 51	42 54	19 38	5 48	27 53	43 51	29 49	22 47	47 43	6 49	37 55	16 60	23 39	30 43	35 48	15 45	28 52	9 60	21 42	1 46	39 44	36 53	31 57	32 51	25 49	14 54	12 57	34 56	0 44	49 43	44 52	13 55	40 48	2 51
40 47	0 59	9 48	34 47	18 61	44 45	31 53	13 51	1 55	43 53	28 47	14 49	37 58	36 52	32 59	21 52	39 49	41 51	8 56	26 51	47 50	10 43	15 55	23 41	49 43	12 58	16 52	25 52	24 51	19 45	45 46	30 45	17 52	46 56	3 44	2 54	20 58	33 59	38 51	6 51	35 61	5 47	27 45	11 52	22 51	7 50	4 52	48 52	42 49	29 55
6 41	11 45	16 59	49 43	15 51	47 43	30 53	12 50	41 46	46 45	5 42	33 51	29 48	7 57	2 46	48 54	35 48	43 47	45 54	9 47	31 42	39 42	18 50	24 44	36 46	23 54	34 60	21 50	0 47	25 58	4 55	3 40	20 46	40 51	17 47	28 51	32 58	1 52	19 48	22 57	37 54	44 56	10 51	38 46	42 54	27 58	14 56	26 48	13 49	8 51
11 55	25 52	3 47	35 49	15 58	18 52	10 50	7 52	37 50	20 49	39 43	34 45	28 55	6 46	21 50	16 47	17 55	12 53	49 50	8 50	0 47	27 58	46 54	30 36	33 46	42 52	5 49	4 44	48 40	13 49	1 56	31 48	43 46	44 45	14 44	38 44	36 39	19 53	2 47	47 42	26 42	45 47	41 55	24 51	40 50	32 49	23 53	29 56	9 49	22 50
11 52	4 50	37 48	43 54	20 51	26 40	28 43	8 49	24 53	22 48	45 52	46 55	7 46	40 41	34 53	15 53	6 47	32 55	10 49	9 51	2 50	38 48	16 45	0 47	41 51	49 51	5 48	25 58	12 54	35 44	27 52	36 46	39 46	18 41	42 51	13 41	30 57	29 49	21 44	3 47	31 51	48 47	23 52	17 53	19 44	1 57	33 53	14 57	44 47	47 50
45 48	41 50	12 46	30 49	34 51	28 45	43 42	33 58	6 56	49 53	5 52	10 50	2 47	32 57	11 50	29 39	13 55	4 40	37 51	16 51	22 49	39 48	42 42	44 41	26 43	38 53	14 43	21 44	27 48	31 59	0 52	1 47	17 46	48 58	25 50	23 47	3 53	40 49	8 58	36 48	46 47	24 55	9 57	19 47	47 50	18 54	35 48	7 47	15 48	20 42
37 54	22 50	44 57	15 49	4 39	14 44	36 44	2 51	13 57	10 51	20 46	32 54	5 53	47 50	0 53	3 49	17 50	7 48	28 45	24 57	41 45	35 47	38 52	8 44	11 55	18 45	19 49	27 58	33 49	25 50	40 52	1 43	43 49	30 50	34 50	16 57	23 55	46 48	48 55	31 57	6 50	9 54	45 55	12 44	42 51	29 50	21 52	26 51	39 51	49 53
38 50	48 62	3 51	27 51	1 42	2 55	17 60	47 55	10 48	42 50	6 53	9 49	23 52	15 45	30 59	34 47	25 52	39 57	36 46	43 54	16 50	37 54	11 48	5 53	7 46	13 41	35 46	28 42	24 45	14 48	31 49	21 48	26 49	44 50	18 41	20 47	12 45	8 39	33 49	49 42	0 47	4 46	22 56	45 52	19 50	40 47	41 48	46 53	29 43	32 49
10 60	44 46	7 48	24 59	9 52	47 41	8 53	43 51	39 49	2 49	45 48	18 55	48 44	21 46	11 53	22 52	17 49	6 49	16 49	13 48	33 41	5 50	31 47	15 47	40 39	38 52	27 49	14 57	3 43	20 43	46 52	35 57	30 60	28 51	29 50	36 55	49 49	41 50	0 54	12 51	25 47	23 53	4 57	19 45	34 55	37 50	42 49	32 49	1 55	26 47
32 51	19 48	6 60	18 52	31 54	49 51	7 45	28 49	5 43	17 48	27 57	30 51	43 49	24 47	41 50	0 48	8 54	36 48	16 43	34 53	40 61	1 42	11 58	48 48	25 49	20 56	12 45	38 44	21 51	3 57	35 48	45 50	46 48	15 59	33 61	22 45	44 56	2 50	37 53	14 55	26 56	29 51	39 51	13 46	9 45	23 51	4 51	42 54	47 49	10 48
11 46	45 49	12 50	24 37	17 47	23 46	8 50	4 49	38 51	32 53	27 51	36 51	42 50	9 44	33 51	26 47	28 55	15 46	18 60	30 55	39 50	43 40	1 55	6 43	47 51	14 48	3 52	29 46	19 47	40 50	35 50	22 55	25 44	48 45	31 42	21 51	34 47	2 50	37 51	7 55	10 45	5 44	20 51	0 55	46 63	41 51	44 59	13 53	49 57	16 44
25 57	23 46	3 53	21 56	39 45	7 43	16 57	32 58	42 57	1 46	4 49	13 47	5 54	8 52	9 44	37 48	44 48	26 46	24 57	17 45	18 50	20 52	34 53	47 38	2 47	41 56	48 56	29 48	28 48	31 54	12 53	27 48	14 43	35 56	46 47	43 48	49 50	33 53	36 59	15 52	45 56	6 39	38 50	11 51	22 47	19 46	40 48	10 51	0 49	30 59
48 53	5 46	45 51	3 51	36 52	6 56	30 52	43 46	42 46	18 45	19 45	24 47	8 49	1 54	20 47	39 53	33 50	29 44	17 53	47 46	7 51	26 46	11 56	4 44	49 54	22 49	27 50	10 45	31 51	38 54	9 55	23 46	14 47	41 56	25 48	0 50	40 48	46 56	12 56	35 49	28 55	44 57	37 49	32 49	13 52	2 48	16 49	34 53	15 49	21 46
38 48	8 58	7 52	17 52	21 50	19 40	45 44	29 44	23 52	48 47	42 43	36 44	24 44	49 59	34 53	25 54	32 51	10 49	26 59	27 50	44 54	47 48	2 47	20 49	13 43	12 56	35 52	40 45	31 53	16 50	30 46	43 61	5 54	15 54	28 46	1 43	22 53	4 54	37 47	39 45	41 53	33 52	18 48	46 61	14 57	3 52	9 45	11 42	6 34	0 41
32 53	29 46	41 56	28 54	37 54	23 52	17 52	6 57	20 58	24 47	38 52	48 51	9 45	8 52	14 50	30 47	21 54	4 57	3 56	43 57	39 52	31 43	42 56	36 57	16 49	27 58	13 50	15 50	12 49	0 46	25 45	26 52	35 50	10 55	40 57	7 45	47 53	33 57	1 59	49 52	34 56	46 56	22 42	19 56	44 42	11 45	2 54	45 45	18 53	5 49
6 50	14 60	12 43	8 51	34 48	24 45	48 57	26 49	49 56	9 49	17 49	39 56	3 55	5 55	45 46	32 43	31 56	1 52	33 50	44 45	2 52	38 50	41 53	35 47	23 53	27 60	10 45	21 53	18 52	37 48	29 51	47 53	16 46	30 51	7 57	11 48	15 55	40 47	4 55	0 58	28 52	19 45	22 46	25 67	46 51	36 47	13 54	42 44	43 52	20 49
39 48	23 49	4 51	13 54	3 47	28 46	17 49	14 47	21 56	6 40	41 51	20 49	45 51	16 55	10 52	43 45	46 53	2 49	0 48	33 54	47 52	15 53	36 51	26 55	31 43	11 48	32 54	30 52	44 47	37 55	40 49	1 48	5 44	34 59	27 39	7 46	8 51	9 38	18 51	12 51	24 51	48 50	22 55	42 50	38 69	49 50	35 49	29 52	19 42	25 58
10 50	48 47	40 37	21 44	22 48	25 53	24 53	13 49	32 57	17 45	2 44	49 49	31 53	16 47	5 50	19 50	47 58	43 56	12 51	18 55	33 47	26 54	4 49	37 55	30 48	45 53	8 49	9 51	0 59	15 45	41 48	36 54	14 54	11 53	44 49	38 51	23 48	3 58	34 51	20 57	35 51	27 46	6 48	28 45	42 46	46 51	39 45	1 44	29 48	7 52
21 47	18 49	33 52	12 52	17 46	9 43	16 59	2 53	29 55	39 54	23 61	43 53	32 44	22 53	47 45	30 50	14 51	26 54	35 44	20 49	38 42	34 48	11 45	24 47	36 52	10 47	40 51	3 49	5 56	48 46	42 46	41 47	19 59	49 51	8 40	31 53	13 46	25 40	15 55	4 49	6 47	44 50	45 60	27 47	7 49	0 52	37 53	28 50	46 39	1 55
7 48	0 52	40 55	29 49	35 57	4 52	25 43	21 59	9 58	13 51	16 41	33 51	28 56	6 45	32 55	37 49	20 44	11 54	1 40	2 53	38 54	49 44	10 44	31 49	44 47	41 51	18 50	48 59	30 42	14 48	46 45	5 45	22 54	43 59	26 53	19 50	12 39	17 50	8 57	3 54	23 48	42 37	36 52	45 49	27 51	47 51	34 40	15 58	39 54	24 54
0 53	46 46	45 52	19 49	7 50	12 53	34 46	27 49	13 45	29 44	18 51	11 52	5 54	43 63	30 57	10 38	28 57	20 56	9 51	8 48	31 38	44 56	40 48	36 48	47 60	17 48	14 53	21 55	6 46	38 47	42 56	22 61	23 47	3 61	33 55	26 50	39 44	15 48	24 51	37 48	48 56	1 50	32 55	35 48	49 50	4 69	2 55	41 47	25 47	16 54
17 55	9 44	35 44	2 50	1 51	3 53	38 54	26 43	49 48	46 44	21 57	14 49	45 56	31 51	34 43	39 41	40 51	13 44	32 48	12 44	19 58	42 61	15 55	47 49	28 49	7 38	16 51	29 53	41 43	6 52	20 48	4 54	25 52	48 57	27 50	10 50	33 55	18 59	0 45	24 53	8 52	43 44	22 50	44 49	30 55	37 52	5 58	36 50	11 53	23 52
10 45	19 49	39 54	49 55	31 34	18 55	22 55	11 42	33 65	21 51	9 51	14 55	42 54	36 45	3 55	23 53	15 48	28 49	48 43	37 50	1 50	12 49	34 54	17 45	27 45	13 53	0 47	30 58	2 51	45 47	35 56	32 47	20 50	8 51	41 56	4 48	47 48	44 35	5 51	25 59	16 45	7 53	29 52	6 53	43 45	46 52	24 49	38 54	40 53	26 48
20 53	16 46	26 49	40 50	27 48	15 49	41 46	17 56	39 50	11 46	49 50	33 48	31 46	38 49	12 49	22 51	2 42	8 48	37 57	10 51	5 58	3 50	34 48	30 56	25 51	35 51	0 50	36 52	13 52	48 59	44 47	21 50	28 46	43 50	23 44	29 54	19 49	6 48	18 45	24 51	47 51	1 53	45 50	7 47	14 47	4 59	9 50	42 47	32 50	46 50
7 51	18 46	10 52	16 50	31 47	29 57	1 55	0 55	49 46	33 48	47 50	15 43	22 62	48 47	25 40	2 50	32 51	43 47	23 58	19 44	11 44	21 44	26 59	38 47	44 47	36 51	5 42	37 48	39 56	46 51	34 50	4 50	28 50	3 40	27 52	8 50	13 37	20 54	14 46	40 52	17 54	42 52	9 47	6 57	41 48	30 54	45 47	12 46	24 48	35 48
2 41	17 44	4 45	27 55	41 49	30 54	40 48	48 48	11 37	31 55	46 52	18 59	44 43	42 52	36 46	43 48	5 46	33 53	9 53	19 52	13 58	10 57	49 52	7 48	3 46	29 48	32 62	12 55	28 45	26 47	8 48	37 47	16 45	38 55	39 43	35 55	23 51	6 57	15 54	21 49	24 52	22 46	47 50	25 47	34 50	14 48	0 44	1 52	45 43	20 53
34 49	31 44	25 40	12 58	2 41	6 55	27 48	47 48	39 46	5 51	28 49	0 51	40 60	14 49	49 55	37 50	22 53	4 51	33 40	1 49	35 51	7 57	26 51	29 48	15 47	45 53	13 48	44 58	48 43	9 47	8 44	36 54	11 52	3 45	32 37	18 49	10 61	46 52	43 51	30 53	23 60	17 47	21 53	42 51	41 39	24 52	20 46	19 53	16 41	38 39
43 44	8 50	44 50	49 51	37 39	24 53	15 52	30 46	47 47	33 54	36 45	27 49	17 43	0 50	10 47	13 56	20 47	46 54	14 55	18 51	12 44	22 51	48 50	2 62	9 49	25 47	31 50	26 39	45 53	11 52	3 44	32 48	16 55	19 48	40 52	41 45	38 45	6 58	4 56	28 46	7 46	39 53	34 38	21 47	23 50	35 57	5 55	42 44	1 53	29 50
11 51	39 49	26 54	0 57	16 37	23 61	34 50	4 54	1 51	2 54	9 44	43 62	37 53	8 47	30 53	6 42	31 44	12 51	21 50	22 40	20 51	5 56	29 45	18 58	13 41	27 50	38 49	28 50	41 52	24 50	7 51	45 53	25 44	46 48	48 52	35 42	40 53	44 46	32 41	14 54	47 53	36 58	42 55	33 48	49 54	19 46	17 45	10 51	3 45	15 44
39 50	40 58	21 50	41 57	6 49	36 39	37 50	46 50	47 46	48 52	19 50	20 44	1 50	17 49	2 46	0 48	33 53	3 49	26 62	49 45	16 49	22 50	7 48	9 57	27 52	32 49	31 46	23 40	30 53	12 52	15 46	11 43	10 45	45 48	5 49	13 44	24 54	28 50	8 57	14 47	43 56	4 53	18 59	44 48	34 45	42 56	25 50	29 47	35 54	38 49
12 51	35 51	39 51	29 60	0 42	31 45	23 52	18 43	40 50	11 49	36 52	26 44	47 41	21 43	48 52	15 53	24 46	2 48	46 60	33 47	13 47	8 46	25 47	41 41	19 48	20 53	27 53	17 54	3 46	14 54	7 44	28 40	10 45	22 61	32 60	6 53	16 50	45 47	34 48	4 47	30 43	5 50	43 51	1 48	49 49	37 57	44 55	42 50	38 51	9 53
27 47	0 53	7 46	29 58	4 57	6 45	45 43	49 50	8 49	25 61	26 50	12 48	18 54	32 49	9 46	2 43	40 39	43 45	31 55	47 50	10 63	33 58	48 56	37 46	35 49	46 46	28 58	34 48	24 56	19 49	30 49	5 51	21 44	11 51	23 52	38 60	3 55	42 59	22 56	16 49	14 55	20 51	36 51	1 36	41 58	17 48	15 57	39 51	44 53	13 55
43 45	48 55	1 53	33 47	47 40	41 55	14 50	9 52	26 52	37 49	22 46	21 48	49 54	16 55	36 54	11 50	46 47	3 51	12 57	31 49	23 51	2 50	35 54	34 54	25 54	30 59	17 42	19 50	4 56	0 46	44 49	28 56	38 54	6 56	8 54	29 48	18 40	32 49	10 54	39 51	20 55	7 54	15 55	5 56	24 45	42 45	27 54	45 54	13 52	40 50
39 46	17 53	23 51	48 59	18 58	13 47	8 51	35 52	31 52	19 56	7 47	32 56	2 45	33 51	44 51	6 45	15 52	42 39	38 52	45 52	9 58	22 56	20 39	47 42	34 46	10 58	16 51	40 54	1 40	25 57	29 50	27 49	43 58	11 47	30 53	36 48	24 46	12 53	4 57	41 54	26 47	3 49	14 50	28 45	37 47	5 57	46 46	21 49	0 55	49 51
26 43	35 55	4 51	32 55	46 50	37 45	8 51	14 57	16 44	48 44	10 47	44 60	11 48	6 49	45 46	18 46	33 50	31 58	9 50	22 51	39 43	3 55	49 56	36 48	17 50	47 43	30 47	1 49	12 55	13 54	24 47	43 46	28 54	0 52	41 47	23 40	19 54	38 64	5 55	27 53	2 47	21 49	34 46	7 42	42 62	15 44	20 42	40 45	29 45	25 54
30 56	32 51	2 47	13 46	22 51	27 55	40 43	5 52	43 52	46 43	47 50	29 59	37 45	10 49	21 50	16 48	17 41	9 50	3 49	7 41	41 58	39 48	20 54	19 59	44 50	15 49	6 60	24 59	38 53	42 51	12 49	48 53	8 51	34 48	45 51	26 56	18 51	28 51	25 50	1 47	11 48	14 53	23 52	4 58	0 48	33 51	31 48	49 53	35 52	36 36
47 47	33 54	22 58	39 48	49 40	8 58	20 46	14 49	36 50	34 51	13 54	40 47	5 48	1 49	32 60	45 51	23 46	6 50	10 59	25 43	12 46	0 50	27 52	48 48	42 61	30 53	29 55	35 47	43 53	7 45	9 48	15 46	21 47	28 49	4 44	26 43	46 57	18 43	17 53	3 46	31 50	38 53	37 39	2 53	41 46	44 51	24 56	19 38	11 46	16 44
2 52	10 44	24 50	43 45	37 57	15 48	29 58	19 53	32 46	48 48	8 48	22 58	7 47	31 45	34 51	40 47	49 53	14 47	28 50	0 61	27 47	20 45	26 51	38 50	16 59	25 54	44 53	13 51	21 53	9 46	47 45	42 54	11 48	33 49	41 54	45 59	35 48	5 53	1 48	3 47	46 46	4 53	30 49	12 51	39 40	36 52	18 56	6 58	23 44	17 48
30 45	10 50	40 52	17 52	19 43	4 49	9 64	31 53	1 57	11 49	46 46	37 53	16 50	7 49	32 57	43 46	42 53	3 53	39 53	41 42	8 48	29 40	28 49	24 52	34 50	12 49	47 48	2 53	48 48	13 54	21 49	33 51	27 55	26 49	35 48	20 50	14 52	38 41	23 44	22 52	45 46	5 54	18 47	6 45	0 54	15 56	49 47	25 38	36 51	44 55
21 49	40 52	8 55	35 45	20 46	12 51	3 53	10 53	32 55	39 48	49 49	4 48	36 60	26 44	27 51	41 49	34 51	11 49	1 52	28 46	45 53	47 52	17 55	31 51	33 53	0 47	48 52	13 41	15 55	7 53	19 49	37 44	46 43	44 50	16 53	43 52	9 55	5 54	29 62	42 50	25 49	2 42	30 50	23 56	14 51	24 51	38 55	22 49	18 60	6 44
13 56	5 61	7 49	17 44	35 45	39 49	34 46	2 52	18 50	48 48	41 49	30 52	45 56	40 57	26 46	19 41	42 48	4 59	14 54	1 50	33 55	44 53	28 55	20 47	46 51	37 44	27 49	12 52	8 38	16 44	43 53	23 40	49 48	25 49	32 48	10 53	47 53	24 46	9 43	6 52	0 50	38 50	22 55	31 45	11 55	36 49	3 55	29 50	15 55	21 46
45 50	18 52	9 50	17 52	24 51	5 53	47 47	49 52	32 50	2 42	15 53	43 44	11 54	14 47	1 49	21 52	16 50	10 52	26 39	31 47	4 45	6 51	34 46	33 41	12 42	25 40	3 51	38 52	0 50	44 54	35 69	7 44	28 44	23 53	46 51	19 48	20 58	29 58	8 57	41 44	42 56	13 44	30 48	22 54	39 56	37 41	40 46	36 43	27 54	48 52
13 49	34 52	12 56	41 49	29 54	36 46	42 51	23 50	31 48	27 51	6 55	1 54	4 54	0 53	19 54	37 49	14 57	49 51	40 51	39 56	15 51	16 53	28 52	21 51	44 51	9 50	35 47	18 41	24 52	26 48	10 57	38 54	25 54	5 51	30 61	22 47	33 53	2 41	47 42	48 58	32 40	46 53	11 45	45 45	7 51	8 54	3 47	17 46	43 51	20 49
19 44	17 43	42 47	3 52	40 50	44 60	9 53	12 50	20 45	48 51	15 52	27 56	41 44	25 49	1 50	4 56	6 50	39 49	29 62	18 56	33 43	28 45	8 41	10 53	32 59	35 58	0 51	46 48	5 46	2 44	43 47	30 49	7 57	38 48	31 47	16 45	47 49	14 53	11 47	49 42	13 41	23 45	45 49	37 54	21 44	34 54	22 60	24 54	36 34	26 43
21 50	32 51	22 44	3 52	18 43	38 48	12 49	46 46	8 53	28 54	49 52	48 55	29 50	5 47	19 46	37 51	25 59	23 51	1 52	2 46	30 53	27 54	40 45	9 56	0 56	6 53	17 56	39 51	34 53	45 54	15 53	16 44	43 51	14 49	11 48	10 51	24 45	36 51	35 46	44 53	26 58	7 41	33 45	31 50	41 52	42 47	13 38	20 48	4 44	47 53
41 54	29 47	34 45	23 48	1 49	0 53	9 51	40 60	21 56	45 49	3 47	47 56	33 45	15 48	16 46	6 48	4 48	42 55	22 53	2 47	11 49	28 50	46 58	35 49	38 55	25 46	31 52	39 45	48 54	43 55	37 47	10 55	36 48	49 49	8 55	18 41	44 49	19 41	14 52	32 50	12 59	24 45	30 45	17 56	5 49	13 52	26 51	27 45	20 51	7 51
45 50	10 54	36 48	32 51	38 42	25 53	43 53	18 44	42 44	7 54	24 61	8 47	6 47	47 53	37 59	11 47	26 47	0 58	40 47	44 52	35 53	30 50	33 55	14 46	48 52	46 55	9 45	1 57	28 57	19 55	4 44	39 51	2 50	22 58	20 52	41 50	16 49	3 52	49 58	34 56	29 42	5 52	31 51	13 47	12 44	15 48	21 59	27 51	17 54	23 54
41 48	35 53	31 49	49 48	47 56	40 55	6 50	48 41	28 52	43 54	32 50	36 51	26 47	5 48	23 53	8 48	42 44	21 42	20 48	3 56	46 49	24 51	45 41	0 48	1 53	27 42	34 51	13 43	33 51	2 45	10 50	38 57	17 57	22 39	12 48	18 50	4 49	14 50	25 48	11 50	15 49	7 46	39 48	37 53	16 46	29 50	44 44	30 54	19 54	9 51
5 49	31 48	7 54	28 43	29 56	36 53	12 48	43 51	46 54	34 49	35 54	25 58	18 48	4 53	41 52	19 61	40 51	16 53	11 51	24 46	49 52	38 39	44 43	0 38	17 47	14 50	26 55	9 55	21 49	37 61	42 48	6 54	48 59	8 48	45 50	3 44	23 49	32 54	2 52	27 52	47 47	22 51	20 36	33 50	15 48	10 53	13 55	30 50	39 44	1 52
48 54	14 46	30 49	12 53	4 39	13 51	49 45	36 58	8 45	45 48	24 51	43 47	42 53	22 53	0 57	39 51	29 52	9 52	40 45	20 50	38 50	19 55	33 56	44 50	35 50	18 56	31 54	6 43	47 50	32 40	11 54	17 54	1 58	41 55	7 52	21 49	2 60	10 48	3 45	15 45	34 54	25 46	37 47	27 51	23 55	46 47	28 51	16 54	26 56	5 51
41 48	31 50	19 49	18 40	2 58	44 50	29 56	39 51	48 49	45 50	10 47	42 50	32 50	43 48	12 51	6 53	14 57	33 59	49 42	3 50	15 51	36 62	11 49	22 47	27 47	17 40	20 56	13 43	4 54	40 49	35 51	24 48	25 51	37 55	47 44	1 43	38 59	26 56	7 51	28 49	0 54	30 45	46 58	8 47	21 47	23 52	34 51	16 49	5 43	9 51
41 56	20 56	9 48	27 52	29 57	12 57	38 56	8 44	1 46	36 42	13 45	48 42	14 50	21 53	2 56	30 51	18 59	3 56	25 50	32 47	26 55	6 49	47 44	24 51	42 55	28 53	11 48	5 52	15 54	43 57	17 44	22 51	10 62	40 47	7 44	4 50	46 58	49 46	35 55	44 50	0 54	16 59	37 51	33 52	34 45	39 47	23 54	19 48	31 47	45 47
34 40	32 53	4 57	40 48	48 51	5 46	9 48	26 50	37 51	49 57	12 50	19 57	18 42	31 42	20 49	33 49	10 48	35 58	1 47	43 54	24 42	11 51	15 45	47 51	46 43	17 38	22 51	30 48	7 52	23 48	2 65	44 48	29 44	45 49	21 56	0 46	27 51	39 49	41 47	38 47	42 53	8 50	25 36	6 61	16 47	14 55	28 55	13 58	3 45	36 41
30 51	26 40	11 37	10 49	38 53	25 49	31 41	46 57	34 50	49 50	23 53	4 42	12 45	19 38	27 39	32 47	6 50	15 63	35 45	5 54	9 54	18 58	21 49	7 56	20 54	0 46	41 49	22 48	2 46	45 60	13 53	37 54	28 52	36 46	16 53	14 51	8 48	47 46	17 48	1 56	40 49	39 56	44 55	29 54	24 50	48 50	3 53	42 47	43 41	33 52
23 44	9 61	43 54	37 38	21 50	28 50	12 51	46 40	18 50	42 37	3 51	25 57	36 44	30 48	47 53	35 49	27 49	24 55	17 53	5 56	16 60	4 55	1 47	15 52	32 45	2 53	39 47	33 48	45 49	8 43	44 41	7 45	0 53	26 43	11 54	49 48	48 55	29 49	14 65	41 46	40 59	38 46	31 61	13 45	19 52	10 46	34 56	20 52	22 44	6 55
14 48	4 50	42 55	17 54	37 44	1 59	0 61	45 47	48 51	18 52	24 45	34 48	7 42	43 55	36 48	16 44	23 38	26 55	6 53	35 49	15 50	28 52	39 51	31 51	41 53	38 43	25 44	47 37	46 51	3 50	40 49	20 49	12 51	27 49	13 55	29 55	33 53	2 60	30 53	32 54	19 46	49 63	44 45	5 45	10 54	21 58	8 48	22 44	9 51	11 56
31 54	45 47	15 54	40 55	7 44	33 48	10 36	3 50	1 50	44 54	19 42	46 49	29 45	37 55	34 47	47 52	16 56	26 56	36 49	25 49	21 57	4 44	41 55	49 47	18 54	5 47	6 57	32 48	17 57	38 54	2 47	27 41	9 54	23 50	14 53	11 46	42 51	30 53	22 57	48 53	39 44	28 52	43 57	12 42	35 55	20 50	13 44	24 53	8 42	0 40
14 50	8 49	4 43	23 45	10 56	35 59	11 55	15 49	32 41	38 59	0 54	43 45	20 50	40 46	3 51	36 47	13 56	33 55	16 44	48 47	42 52	49 48	25 48	21 50	22 49	24 47	18 51	37 59	9 46	17 45	7 48	39 45	47 53	12 51	26 50	30 58	34 43	1 51	2 53	5 50	28 57	44 42	46 48	29 50	19 57	31 48	41 48	27 47	6 42	45 61
36 49	17 47	20 52	7 50	2 54	8 58	40 47	41 47	11 44	16 58	14 56	48 54	18 44	34 48	28 42	9 57	27 52	44 50	32 52	23 49	4 48	39 49	26 50	15 61	46 53	45 51	47 50	21 50	13 53	10 55	19 49	35 46	38 49	22 54	30 55	33 55	3 57	6 58	49 36	1 57	29 52	5 42	43 39	0 52	37 49	31 50	24 51	42 51	25 49	12 52
10 53	46 48	35 47	37 58	39 53	38 47	6 57	13 49	40 48	25 49	29 60	1 60	15 48	33 48	19 45	16 45	48 58	26 49	30 55	20 58	32 53	47 54	28 50	3 48	9 53	4 48	36 47	14 52	41 51	0 56	5 42	23 55	8 57	22 47	45 49	24 44	43 51	12 47	49 46	11 56	31 47	18 41	27 53	34 54	2 52	17 47	44 50	7 55	42 61	21 52
35 55	17 51	45 60	47 48	26 47	14 57	21 52	20 46	27 49	31 58	25 54	48 47	11 48	5 51	18 54	1 56	42 52	6 49	19 45	16 43	38 57	22 41	7 45	9 44	10 58	49 45	3 53	34 47	33 50	12 52	39 46	44 50	41 48	36 50	29 46	23 55	15 45	2 47	30 49	4 47	8 45	46 52	37 47	24 55	0 50	43 56	28 52	40 50	32 51	13 52
37 51	10 48	19 47	9 37	31 46	44 44	27 60	6 38	28 49	36 53	38 55	21 53	32 48	48 56	30 52	41 42	39 51	20 44	4 56	34 45	35 49	25 48	3 49	42 49	16 64	18 54	46 48	45 51	2 43	33 49	22 57	26 55	0 56	13 52	17 47	8 57	1 47	43 54	29 49	49 42	5 48	23 55	11 52	47 46	40 50	15 51	7 60	24 50	12 43	14 41
8 46	46 53	23 49	0 56	22 46	38 45	48 44	44 39	37 52	27 52	5 58	11 55	19 61	39 44	21 44	49 50	26 54	43 45	47 42	9 45	28 55	32 54	16 55	7 51	24 50	13 47	30 58	12 60	18 49	31 50	6 45	33 54	35 48	14 47	42 52	41 50	1 52	3 41	17 61	4 42	29 53	34 55	25 42	20 48	40 50	15 59	10 52	2 48	36 52	45 56
38 51	37 46	36 44	27 49	11 49	39 41	40 52	2 40	3 45	46 52	4 54	1 48	10 52	8 53	30 48	29 48	41 53	6 50	24 53	0 55	49 56	9 46	7 46	43 56	17 50	33 49	22 33	32 48	5 45	44 54	25 49	19 49	48 55	35 52	26 49	34 53	45 52	13 55	47 50	28 48	23 48	20 59	18 49	42 48	31 56	12 55	15 42	21 45	14 47	16 51
34 47	42 55	12 51	6 48	25 42	22 48	5 46	4 40	3 53	15 53	2 48	43 54	47 52	27 48	48 50	37 48	44 48	10 51	40 58	33 41	8 54	24 48	38 53	41 60	29 53	20 48	1 46	9 48	35 53	21 48	0 52	46 52	36 44	26 45	49 60	23 53	18 54	14 49	11 52	7 56	30 58	32 46	16 50	19 48	17 48	13 50	28 58	39 55	31 44	45 60
25 46	0 46	32 51	27 51	11 49	1 50	18 47	23 59	33 53	20 55	41 56	13 48	49 40	17 44	42 52	22 49	38 59	8 56	30 51	12 52	48 54	21 47	14 49	46 54	15 47	4 55	2 57	35 51	34 50	45 40	29 48	47 49	44 42	6 49	43 52	40 52	37 49	5 49	7 56	39 57	10 48	36 49	16 53	31 52	28 46	19 53	9 47	24 54	26 50	3 40
23 46	8 43	21 51	34 45	25 47	9 47	24 50	5 50	28 50	46 55	30 57	26 49	7 48	16 52	1 48	47 37	45 51	44 58	14 49	0 45	20 52	6 56	15 47	19 55	36 53	42 53	12 49	29 56	38 49	11 49	17 54	37 52	32 53	40 46	39 54	2 47	3 42	31 50	48 47	43 59	33 46	18 37	13 43	49 41	35 51	10 45	4 61	41 48	27 56	22 47
46 54	47 55	33 55	6 52	48 50	26 61	10 51	14 51	16 52	7 46	41 58	32 48	18 46	37 55	15 44	34 54	43 57	28 46	3 48	19 51	23 46	13 48	11 54	24 49	42 55	17 49	1 38	5 46	29 56	12 49	38 44	20 48	31 47	9 54	45 49	4 54	25 56	2 55	22 56	40 48	44 44	27 53	36 48	30 53	8 58	39 50	49 41	35 47	21 54	0 43
13 43	42 51	35 50	37 51	45 55	12 53	34 52	40 48	11 48	21 54	43 49	6 47	7 49	9 51	48 57	33 48	46 50	49 50	23 49	24 60	28 41	1 40	5 58	41 43	30 48	16 49	39 58	27 44	3 53	32 50	36 58	8 53	10 53	25 53	26 47	22 56	18 57	20 44	15 45	44 46	47 48	17 51	2 43	31 47	38 54	0 54	29 54	14 47	19 56	4 55
29 51	38 43	49 55	3 50	35 56	14 47	15 51	32 47	46 48	1 45	43 60	19 46	13 46	16 59	25 47	20 51	12 35	30 51	21 59	22 40	40 48	10 51	37 44	47 46	23 53	36 42	6 45	5 47	11 44	8 55	44 51	39 50	48 45	24 52	31 50	45 43	17 46	2 55	4 53	28 44	18 50	7 50	9 47	34 53	27 54	42 49	33 45	0 52	26 45	41 51
44 47	46 46	25 58	8 51	33 54	18 42	10 43	15 43	23 49	21 48	47 41	38 53	6 56	2 48	30 48	48 41	4 56	9 58	28 41	34 56	37 50	16 58	13 52	22 52	5 39	26 48	43 53	7 54	36 50	19 53	24 56	49 51	41 52	1 46	40 51	35 56	42 46	39 52	20 43	0 54	12 52	11 46	27 49	17 57	32 64	31 55	29 52	45 46	3 51	14 47
29 48	3 53	0 46	21 52	31 51	39 39	11 56	1 42	8 55	28 48	4 52	15 45	2 46	12 41	34 52	43 48	41 53	18 46	7 45	9 58	16 41	26 47	20 59	30 50	38 51	33 51	27 50	36 50	10 55	45 48	19 56	13 51	14 48	23 49	22 45	32 54	37 59	42 49	48 54	47 53	35 44	5 55	24 50	49 47	44 52	25 53	6 54	17 56	46 51	40 48
49 44	18 40	0 51	31 47	43 44	47 51	1 63	34 50	36 56	13 42	42 56	22 52	26 48	30 57	41 58	29 38	21 41	46 57	25 57	5 43	33 42	35 54	40 45	10 60	17 47	16 48	39 45	4 57	32 43	38 52	23 55	45 55	24 53	12 47	7 51	14 56	19 43	6 51	9 53	44 50	27 47	37 45	20 51	48 44	11 48	15 59	8 62	3 47	28 59	2 46
