50	20
9 1	0 5	15 4	17 1	16 2	19 1	7 2	6 1	10 1	2 1	18 2	3 1	11 4	12 3	13 1	14 2	8 3	4 1	5 1	1 1
11 2	13 2	5 1	10 3	3 1	8 3	9 5	15 2	14 1	4 1	0 1	18 1	12 3	6 3	1 2	17 4	2 2	7 2	16 1	19 5
14 2	17 2	7 3	4 1	16 2	18 1	1 2	11 1	15 2	8 1	2 2	0 4	9 3	6 1	13 4	19 3	12 3	3 1	10 4	5 2
4 1	7 2	3 2	10 3	19 2	1 3	15 1	18 3	0 9	14 1	12 4	16 1	5 2	2 1	11 1	6 1	8 1	13 3	9 1	17 1
4 4	12 1	8 3	6 3	11 1	18 1	9 1	2 1	15 2	16 2	19 3	14 4	5 1	1 1	7 1	10 1	13 4	0 1	17 3	3 1
18 8	16 3	1 1	11 1	15 1	12 6	14 3	4 1	10 3	7 2	17 1	5 2	8 5	9 2	6 5	0 1	2 2	19 1	3 2	13 1
12 1	19 1	18 1	10 1	0 1	16 1	9 1	17 3	11 1	8 1	15 1	6 1	3 2	7 2	13 1	14 1	4 2	5 2	2 4	1 1
2 2	15 1	13 4	11 1	18 1	5 1	1 6	8 1	7 1	17 4	3 2	12 1	14 2	9 2	16 1	19 2	6 1	4 1	10 1	0 2
1 2	12 2	10 4	8 1	18 1	13 2	2 1	0 1	7 1	14 6	19 2	5 2	4 2	15 6	3 1	9 4	6 2	16 1	17 1	11 2
19 1	17 2	14 1	7 1	5 3	12 1	2 1	3 1	1 4	0 2	13 1	16 3	11 4	4 2	10 4	15 1	6 2	18 5	9 1	8 1
16 1	19 4	3 1	10 8	5 1	12 3	13 4	2 6	15 2	7 2	1 1	4 1	9 1	6 2	14 1	0 1	11 3	17 2	8 2	18 1
6 1	8 2	18 4	0 1	9 1	13 3	11 9	4 1	17 1	14 3	16 1	3 1	7 1	12 1	10 1	2 1	15 2	19 3	5 1	1 1
12 1	1 1	0 9	7 2	11 2	18 2	16 4	2 3	17 3	3 5	19 1	13 1	8 4	5 1	15 1	14 2	4 2	9 1	6 5	10 1
14 2	8 1	13 3	11 1	6 2	1 4	15 4	9 1	0 1	18 1	5 2	12 2	4 1	19 1	7 2	2 1	17 1	10 1	16 1	3 5
1 2	3 2	14 2	15 1	17 1	12 1	5 1	8 5	7 2	10 2	19 1	4 2	18 3	6 1	9 1	13 1	0 2	16 1	11 1	2 1
13 2	16 2	19 1	11 4	0 1	9 1	7 1	12 1	3 1	18 3	15 2	8 1	2 3	4 2	5 1	1 1	10 2	14 3	6 1	17 1
6 1	2 3	5 1	10 1	15 1	9 1	11 1	16 6	4 4	0 1	17 2	8 3	7 1	13 5	3 5	18 1	14 2	1 1	19 1	12 1
17 2	13 1	6 1	10 3	12 1	8 5	15 2	4 1	11 1	5 3	0 1	9 1	2 3	18 1	7 1	14 3	3 3	16 1	1 1	19 4
2 1	6 1	4 1	15 1	17 2	11 1	8 2	14 3	9 2	12 3	13 1	3 6	16 1	7 2	5 3	1 2	0 2	19 1	18 1	10 2
1 2	9 2	17 1	13 1	10 1	15 1	2 1	0 2	18 3	14 1	6 2	5 2	8 2	19 2	7 1	3 1	16 1	11 2	12 1	4 3
1 1	16 1	2 1	5 8	7 1	9 1	8 1	17 1	18 1	3 1	15 1	0 2	11 1	14 3	12 1	4 1	10 3	13 1	6 2	19 8
9 1	6 4	14 1	12 1	7 7	8 2	2 4	16 3	15 5	19 3	4 2	11 1	13 1	1 2	3 2	5 1	18 1	17 3	0 2	10 1
15 2	7 1	4 2	17 2	14 3	18 2	13 1	12 4	5 1	19 8	2 1	16 4	9 2	10 5	0 1	6 1	8 2	11 3	1 7	3 2
15 5	10 2	2 1	16 1	17 5	9 1	3 1	14 2	4 1	8 3	11 1	13 1	7 1	6 2	5 2	19 3	12 1	1 1	18 1	0 1
16 2	8 2	1 2	15 2	14 2	0 1	19 2	3 1	7 2	13 2	6 1	12 2	5 3	11 1	10 1	18 1	4 3	17 3	9 1	2 1
9 1	12 3	8 1	1 1	16 1	7 3	18 1	4 1	2 1	5 2	15 4	10 1	0 1	13 3	14 3	3 2	17 3	11 2	6 2	19 3
4 4	3 2	15 1	1 1	10 1	12 2	14 1	11 1	17 3	16 1	13 2	5 1	6 1	18 1	0 4	19 3	8 1	9 1	2 2	7 1
5 3	19 1	4 1	15 3	8 3	9 1	3 2	18 3	1 2	7 3	6 3	13 2	12 1	0 3	2 2	16 1	17 1	11 1	14 2	10 1
15 2	12 1	10 1	7 1	1 1	16 1	8 1	9 1	11 5	13 3	19 2	17 3	4 2	18 1	14 5	5 4	6 1	0 2	2 1	3 1
10 3	1 2	6 1	16 1	0 1	18 2	7 1	15 1	2 2	14 1	4 1	12 6	17 2	19 1	3 4	13 1	8 2	11 1	9 3	5 1
5 2	7 1	19 1	18 1	15 2	3 2	14 1	0 1	2 6	16 4	1 1	11 1	10 1	6 1	12 1	8 1	9 1	17 2	4 2	13 1
2 3	5 2	13 1	19 2	0 2	10 2	8 2	16 3	1 1	18 2	3 2	6 1	12 1	11 3	14 2	4 2	7 5	9 1	15 2	17 1
12 3	19 1	4 1	5 1	13 1	10 2	16 3	3 1	6 1	1 5	14 1	17 1	9 1	15 1	11 1	7 1	2 3	8 4	18 1	0 1
19 3	15 3	5 4	13 2	1 4	16 3	8 4	18 1	11 1	10 1	0 1	12 1	17 1	4 1	2 1	7 2	14 1	6 1	9 3	3 2
13 2	16 2	6 2	10 7	3 1	8 2	12 2	14 1	11 1	7 2	17 4	1 2	15 1	4 2	5 3	0 2	9 1	18 4	2 1	19 3
8 2	17 1	0 1	3 6	19 1	12 1	13 1	4 1	5 2	10 1	16 1	11 1	1 1	18 1	7 2	15 1	6 1	2 5	9 1	14 1
14 1	13 3	8 1	17 1	10 4	15 2	6 1	19 1	9 1	7 1	0 6	16 1	3 1	1 2	18 4	2 1	12 5	4 2	11 1	5 7
3 2	6 4	13 5	0 2	1 3	11 2	9 2	14 1	19 2	18 2	17 1	8 1	16 1	5 1	12 1	10 4	15 3	4 2	7 1	2 2
16 1	9 1	10 1	3 3	19 1	17 1	6 1	14 1	5 4	1 4	2 1	0 1	11 1	18 1	12 4	15 1	7 1	8 2	13 1	4 1
18 4	8 2	9 1	7 1	13 1	12 1	6 1	16 2	1 1	0 3	2 2	11 2	17 2	14 1	19 3	3 7	4 2	15 2	10 1	5 2
1 2	7 2	12 1	4 1	8 1	15 2	13 1	2 1	0 1	18 1	6 1	3 1	16 3	9 2	5 1	19 1	14 1	17 1	10 3	11 1
5 1	12 3	18 2	17 4	4 5	13 1	2 2	9 1	14 2	10 1	19 3	1 2	8 1	7 1	15 1	0 2	11 1	6 1	16 1	3 2
2 2	0 2	6 3	19 2	3 1	14 1	17 2	1 1	18 2	9 2	4 7	12 2	11 1	5 3	16 5	15 2	13 2	7 3	8 2	10 3
2 2	12 1	8 4	7 1	15 1	13 1	5 6	3 1	1 3	14 4	4 1	11 1	17 2	9 1	10 2	0 2	6 3	19 1	16 1	18 1
10 4	9 3	19 2	13 1	11 1	3 2	8 1	1 8	0 1	12 1	2 2	5 1	15 1	16 1	7 1	6 3	18 1	4 4	17 2	14 1
12 1	9 2	18 3	17 1	10 2	19 1	6 2	16 1	3 1	1 3	15 5	2 2	7 1	0 1	4 1	11 1	14 1	5 2	13 1	8 1
15 1	9 1	12 1	11 1	16 1	2 2	19 5	14 1	13 1	18 3	8 1	7 1	6 1	5 1	0 1	4 5	3 4	1 1	10 2	17 4
2 2	8 2	4 2	7 1	10 1	13 1	19 1	15 5	0 3	11 3	1 3	17 1	16 1	18 2	5 1	9 3	14 1	3 3	6 1	12 3
18 2	16 3	10 1	5 2	13 2	2 2	14 4	9 1	17 2	0 1	8 1	19 3	1 3	6 1	3 1	4 1	11 2	7 1	12 3	15 3
17 2	5 6	10 1	0 1	1 1	12 1	14 1	8 1	4 2	9 2	11 2	6 1	3 3	2 3	7 2	15 2	13 11	19 1	18 3	16 3
