15	40
4 1	22 2	38 2	11 2	6 1	30 1	7 2	0 1	39 4	15 2	23 1	28 1	20 1	33 2	8 1	31 1	14 1	1 1	18 2	24 5	17 2	29 1	5 3	19 1	25 1	10 2	34 5	32 1	21 1	12 3	9 3	26 2	3 2	35 2	36 1	37 2	2 2	27 3	13 2	16 1
21 1	13 1	3 1	32 2	9 1	36 2	34 4	35 1	7 1	15 1	2 2	23 2	31 2	5 3	4 1	24 1	38 1	0 2	30 2	27 1	20 1	1 3	22 2	6 2	12 1	14 1	28 1	25 1	39 1	18 1	16 1	19 6	29 2	33 1	17 5	10 1	37 2	26 1	8 2	11 4
23 1	2 1	39 1	10 1	26 2	36 5	1 1	29 2	25 1	19 1	20 4	5 6	15 2	35 1	3 1	14 2	21 1	0 5	34 1	33 2	7 2	4 2	18 3	16 4	12 1	13 3	37 1	27 3	30 1	8 1	11 2	32 4	31 2	9 2	38 1	22 1	28 3	24 2	6 1	17 3
38 5	0 1	5 6	7 1	6 6	25 1	24 1	11 1	21 4	2 3	12 1	37 4	1 1	31 7	33 1	35 1	26 1	30 1	13 1	22 3	17 2	28 5	18 2	14 2	23 1	10 2	15 1	32 3	3 1	29 3	9 2	20 1	16 1	4 2	27 2	19 1	39 1	34 1	36 1	8 4
11 1	37 4	34 3	35 1	9 1	17 1	32 1	30 3	18 3	2 3	36 1	39 1	13 2	7 2	33 1	15 2	16 3	5 3	20 3	21 1	10 1	26 4	8 2	38 3	23 1	4 1	14 1	31 2	25 4	24 2	29 1	3 1	27 1	19 1	1 4	22 1	12 5	0 2	6 1	28 1
33 1	5 2	0 1	26 3	22 2	8 1	36 5	19 1	18 3	28 1	10 5	9 2	32 1	24 1	30 1	35 1	4 2	31 5	20 2	16 5	14 1	37 1	17 2	29 1	15 2	12 1	21 1	13 5	25 6	2 2	6 3	3 1	38 4	34 2	1 1	7 2	39 2	11 1	23 1	27 1
36 1	33 1	29 2	19 1	34 1	38 2	10 5	2 2	15 2	17 1	26 2	18 1	9 1	1 1	7 4	8 1	22 1	14 2	25 1	35 1	12 2	30 1	0 2	24 1	5 1	31 1	27 1	16 2	37 1	28 1	20 2	21 2	23 2	4 1	13 6	6 5	11 2	39 1	3 1	32 4
14 2	4 2	6 1	5 2	23 1	0 3	21 1	20 2	16 1	8 1	13 1	24 1	30 1	26 2	37 1	32 4	34 1	10 4	38 6	29 2	18 1	31 5	12 6	1 1	15 2	22 1	36 1	35 2	28 1	19 2	3 1	39 1	7 1	17 2	25 1	2 2	11 4	27 1	33 4	9 1
38 1	16 2	37 1	30 1	7 1	11 1	21 3	20 1	9 1	10 3	2 1	31 1	12 1	25 1	8 4	22 3	17 1	26 1	33 1	0 1	4 2	27 3	24 1	39 1	15 2	14 3	3 1	23 1	32 1	19 2	28 1	6 3	36 1	13 1	35 1	34 1	1 4	29 2	18 2	5 1
21 1	32 4	14 1	17 2	29 4	38 3	33 2	35 2	8 1	20 1	25 1	15 3	3 1	2 2	24 1	23 1	39 1	22 1	11 2	10 3	36 1	0 2	27 2	12 1	30 1	37 1	1 2	4 1	6 4	5 2	19 2	34 7	9 1	13 3	16 1	31 6	18 2	26 4	7 1	28 1
13 1	0 1	18 1	25 1	5 1	19 5	28 1	38 3	11 1	8 2	37 2	2 1	32 4	35 3	21 1	34 5	39 2	16 2	24 1	31 2	17 5	26 1	36 4	15 1	30 1	6 2	29 2	9 1	10 1	14 1	12 2	3 1	4 1	7 2	1 2	22 4	27 1	23 1	33 1	20 1
26 1	34 2	16 2	31 1	39 1	14 1	28 1	19 1	33 1	1 2	13 2	12 6	4 1	20 1	3 2	15 1	11 2	17 1	9 2	5 4	35 2	21 1	30 1	10 1	22 1	32 1	7 1	25 1	0 6	24 4	2 2	23 1	38 2	37 1	36 1	8 1	27 2	18 2	29 2	6 4
26 7	8 3	25 1	23 3	9 3	4 4	0 5	28 2	36 2	35 2	2 2	7 4	1 5	14 2	21 1	12 1	38 1	32 1	16 1	15 1	13 1	33 1	34 2	22 1	37 1	5 1	10 2	27 1	29 1	20 1	30 2	11 2	19 1	17 1	18 1	3 4	6 5	24 2	31 4	39 1
21 4	12 10	35 2	27 1	34 2	32 2	25 1	6 2	0 3	16 1	11 1	39 1	29 1	33 2	7 1	23 2	8 4	28 3	18 5	3 2	5 3	15 1	20 3	22 1	30 1	13 1	37 3	38 1	26 1	24 3	4 2	9 1	2 4	31 4	14 1	10 1	19 1	17 3	1 1	36 3
29 2	17 1	24 1	39 1	36 4	37 1	13 4	19 3	27 2	21 1	30 1	23 1	10 2	8 1	12 5	6 3	7 1	31 2	11 2	25 1	3 3	5 1	9 1	18 1	22 1	0 1	38 1	34 1	35 1	4 2	33 2	16 2	15 3	28 3	26 1	2 2	20 1	14 1	32 1	1 2
