50	40
9 2	33 6	11 3	31 4	12 1	10 1	14 1	1 1	0 2	15 1	25 2	6 4	17 2	32 1	30 1	28 2	34 1	21 1	18 3	29 2	35 4	23 1	20 1	13 1	5 4	4 1	2 1	26 1	39 3	16 4	36 1	3 1	27 1	22 4	7 2	38 10	8 2	24 5	37 4	19 1
30 2	16 6	20 3	3 2	2 1	4 1	11 3	17 2	39 1	18 2	38 3	31 4	29 2	13 4	12 2	14 1	9 1	36 1	19 1	28 2	33 1	10 2	5 1	26 1	27 2	6 1	8 4	25 1	37 1	23 1	0 2	35 1	21 1	34 1	32 1	24 2	22 2	7 1	1 1	15 1
5 1	19 1	21 3	34 1	3 2	18 1	15 1	13 1	10 3	25 2	17 1	14 1	0 2	30 1	1 1	7 1	12 1	11 3	24 1	27 4	20 3	8 2	29 1	26 1	16 5	32 1	2 6	9 1	33 1	6 1	36 1	31 2	23 1	39 1	4 6	35 1	37 3	38 1	22 3	28 1
39 1	34 4	5 1	16 1	12 3	10 1	0 1	15 6	7 1	17 1	30 3	18 3	19 1	23 1	28 1	21 1	27 4	20 1	9 1	24 2	33 1	32 1	2 1	36 2	3 2	11 1	26 1	14 1	4 3	31 3	29 2	13 1	1 2	37 1	6 1	35 2	38 4	22 1	8 4	25 1
36 1	9 3	20 1	37 2	15 1	11 2	39 2	12 5	33 3	21 4	14 2	25 1	2 2	17 1	8 1	1 1	31 1	16 1	32 4	19 1	38 1	28 3	7 2	24 1	18 2	29 5	22 1	10 1	23 1	26 2	34 1	35 1	0 1	5 2	27 1	6 2	30 1	4 4	13 1	3 1
12 2	15 3	0 2	6 1	21 1	1 1	31 2	2 2	18 1	35 2	11 1	32 1	29 1	8 4	5 2	28 2	27 1	30 6	20 4	38 1	23 1	13 1	7 1	16 1	37 2	3 2	25 2	9 2	36 2	33 2	24 2	22 2	10 1	26 6	14 2	19 4	39 2	34 1	17 1	4 2
3 1	18 1	19 3	39 2	20 1	26 2	32 1	38 3	6 1	4 2	25 3	13 3	2 3	17 1	23 3	34 1	11 1	35 9	29 1	15 1	7 1	1 5	27 1	31 2	5 1	10 1	37 3	8 2	0 2	12 5	24 1	30 6	28 1	36 2	22 1	16 3	33 1	21 1	14 2	9 2
29 1	16 3	31 1	5 3	30 2	36 1	39 5	19 1	12 3	4 1	8 1	28 1	10 2	3 1	14 3	37 2	34 7	7 1	35 1	15 2	6 5	21 1	0 1	25 2	1 2	24 3	11 1	20 1	9 1	33 2	17 5	13 2	32 1	26 2	2 2	38 1	22 1	18 1	27 1	23 1
36 1	7 1	21 1	37 1	22 1	15 1	30 5	18 1	35 1	16 1	25 1	0 3	10 1	11 1	8 1	24 1	9 4	38 1	13 2	27 1	33 1	34 3	6 2	31 2	28 2	14 1	2 10	23 2	4 1	19 3	5 1	17 1	39 1	26 1	32 1	29 1	1 3	12 2	3 2	20 3
12 2	8 1	33 1	37 5	36 1	27 1	32 2	34 3	21 1	7 1	35 3	11 1	20 2	39 1	13 5	19 1	16 1	9 3	18 1	38 2	6 1	29 1	31 1	24 1	3 2	30 6	23 1	14 5	1 4	0 2	22 2	10 2	17 1	4 3	5 1	28 5	15 4	2 1	26 2	25 1
3 2	9 1	6 3	39 4	16 1	31 2	15 2	17 1	25 2	18 1	30 2	7 3	8 1	11 2	19 1	13 1	26 2	33 1	4 2	37 1	27 3	24 1	32 3	29 1	0 2	14 1	35 1	12 5	23 3	5 1	10 5	34 2	2 1	21 1	38 2	28 4	20 1	1 2	36 4	22 3
8 3	9 1	38 2	17 1	34 2	27 2	36 1	4 2	16 4	29 1	31 3	26 1	30 2	3 1	1 2	20 2	14 2	39 4	11 1	22 4	21 1	24 3	2 1	33 1	28 1	35 5	15 1	13 1	6 1	23 9	7 4	5 2	0 4	12 1	37 1	10 8	25 2	19 1	32 1	18 5
29 3	34 1	16 2	23 1	12 1	30 2	8 4	6 1	18 1	9 3	10 2	22 1	20 1	21 3	39 2	28 1	27 1	15 3	38 1	4 4	17 1	11 3	32 4	31 1	5 1	13 1	0 2	14 1	25 5	26 5	33 2	35 2	3 1	24 1	2 1	37 2	7 4	1 5	19 4	36 1
24 1	16 2	7 6	30 1	35 1	37 4	2 1	13 3	0 2	15 2	11 10	21 1	39 1	6 1	38 3	10 1	9 2	36 2	28 2	29 2	5 3	34 1	20 3	27 2	18 1	4 3	19 2	1 1	12 2	32 1	31 2	22 1	26 1	14 1	25 2	8 2	33 1	3 2	17 1	23 3
14 1	19 1	37 1	17 5	1 2	11 4	13 2	29 1	18 1	23 1	22 1	2 1	4 1	9 1	7 1	21 1	30 3	26 1	39 1	5 4	38 1	10 2	20 2	8 2	25 1	24 1	28 1	15 1	0 1	35 1	32 2	16 1	36 1	31 5	12 4	33 1	34 4	6 1	27 3	3 3
29 1	11 2	39 2	26 2	32 1	4 2	28 1	25 3	8 2	27 2	6 1	36 2	3 1	35 1	10 1	17 1	16 1	38 2	13 2	30 1	24 2	15 6	1 3	33 1	5 1	34 2	7 1	18 2	20 2	21 1	2 2	19 3	9 3	37 1	31 2	14 2	22 4	12 6	23 1	0 1
5 2	36 2	16 3	39 1	27 1	3 6	20 2	6 2	7 2	12 1	15 2	1 2	31 1	0 1	2 3	19 3	30 1	13 1	25 4	10 1	26 2	29 6	28 1	9 3	8 6	17 1	24 2	21 2	22 2	34 2	23 2	18 4	4 3	14 1	11 1	32 6	35 1	33 1	38 3	37 1
37 1	25 1	10 5	1 1	20 5	30 1	27 1	32 2	0 1	18 1	11 3	24 2	29 2	15 1	33 1	31 1	35 2	5 1	4 1	12 1	3 1	34 3	16 1	2 1	23 6	36 1	6 2	19 4	9 2	22 1	13 6	8 5	14 4	39 3	28 2	17 3	38 1	21 2	26 1	7 1
32 3	21 1	16 1	5 1	25 2	7 2	13 2	27 1	28 1	0 1	8 3	11 5	2 3	37 1	39 1	33 2	30 1	22 1	6 3	31 2	24 1	35 1	18 2	10 2	38 2	20 2	23 1	9 1	12 1	4 3	1 2	36 1	26 2	19 3	34 2	17 1	29 2	15 1	3 1	14 2
14 4	31 3	8 1	6 1	1 2	34 1	19 1	35 7	10 1	23 12	3 1	24 3	18 2	36 2	20 2	4 1	17 1	38 4	13 1	28 2	32 2	37 4	30 3	39 1	5 1	9 1	16 2	15 2	25 3	27 1	33 1	26 1	0 4	29 1	2 3	21 1	7 3	11 1	12 3	22 1
38 1	24 4	20 1	33 3	1 4	35 1	19 2	22 2	12 1	11 3	23 1	7 2	32 3	3 7	34 1	37 1	36 3	28 1	2 2	9 1	16 1	25 1	30 1	21 2	8 2	6 1	29 1	10 2	5 1	39 5	26 4	18 1	15 1	0 2	31 3	4 1	14 3	27 4	17 3	13 1
34 1	31 2	14 2	23 1	29 3	15 3	28 1	20 3	4 4	16 2	17 2	33 1	21 4	27 1	24 2	10 1	13 1	6 4	36 1	7 1	5 5	35 2	37 2	8 4	26 1	3 1	1 1	19 1	30 1	12 1	25 3	11 1	18 4	38 1	9 1	32 1	0 2	39 2	2 1	22 1
31 2	25 2	11 1	2 3	37 2	33 2	12 2	14 1	30 1	6 1	5 1	18 1	32 5	15 2	35 1	3 1	39 1	20 1	24 5	13 1	4 2	22 1	27 4	38 1	7 1	16 3	29 2	23 2	36 8	0 1	8 2	1 2	9 1	26 2	34 3	10 1	17 5	19 1	21 1	28 1
17 3	7 3	10 1	8 3	5 2	0 1	35 1	33 3	20 1	29 1	2 4	11 1	14 1	38 1	15 1	9 1	19 2	28 2	31 2	27 2	30 1	4 1	32 3	22 2	24 3	18 3	13 5	36 2	25 2	37 1	39 1	12 1	6 1	26 1	3 3	16 1	23 1	21 3	1 1	34 1
31 2	37 2	2 6	21 1	34 1	6 5	24 7	35 3	14 1	25 1	19 1	13 1	3 1	22 1	18 3	29 2	32 2	28 1	11 1	36 1	4 2	8 6	17 1	15 1	5 1	38 2	1 1	27 2	39 1	7 2	26 2	10 2	12 4	33 2	23 2	0 1	30 2	16 1	9 2	20 2
39 3	28 1	15 2	34 2	22 4	7 4	14 2	12 1	25 1	3 4	1 4	4 1	5 2	26 2	6 1	2 2	29 1	36 3	31 1	33 3	10 1	23 1	18 2	27 12	21 1	11 1	13 2	19 2	37 1	9 1	30 1	8 2	32 1	17 1	38 1	20 1	35 1	16 10	24 3	0 2
35 1	11 1	13 3	25 1	9 5	21 1	7 1	6 1	1 1	33 1	29 4	4 1	34 1	31 1	30 1	27 2	28 1	26 1	20 4	19 2	8 6	16 3	24 2	0 1	15 2	39 1	36 2	5 1	17 3	18 1	23 4	10 4	2 1	12 3	14 1	38 1	32 3	3 1	22 3	37 4
34 1	39 2	3 3	8 2	31 1	30 1	4 1	14 1	33 1	35 2	32 2	5 2	10 2	0 1	17 1	26 2	25 3	37 2	19 3	7 1	1 1	18 1	28 3	29 2	15 2	20 1	22 1	13 2	24 3	6 6	21 1	36 1	11 2	38 1	12 1	27 1	16 1	9 2	2 2	23 1
11 1	26 1	21 2	15 1	22 2	33 2	17 1	6 2	19 1	24 2	4 4	12 2	8 3	7 5	0 1	38 1	34 1	13 2	2 6	39 1	35 2	30 1	25 1	28 2	9 1	18 2	29 1	14 2	23 3	1 1	31 1	32 1	3 3	37 3	5 4	27 2	16 2	10 2	36 1	20 4
12 3	5 3	7 2	29 1	11 1	36 2	13 5	39 4	31 1	25 1	15 1	20 1	28 3	1 1	22 3	34 1	32 4	8 4	14 2	23 6	3 3	30 1	33 3	26 6	9 1	38 2	6 3	16 3	0 3	24 3	18 5	21 2	27 2	10 1	17 1	35 3	19 3	37 1	2 4	4 1
13 3	23 4	17 1	1 2	33 2	9 8	26 1	31 3	21 1	3 1	18 3	38 2	37 2	12 1	35 4	4 1	39 1	14 2	16 1	36 1	2 6	20 2	8 3	6 1	22 1	24 3	15 1	7 2	19 1	28 4	10 2	11 2	34 1	32 2	29 1	25 2	30 1	0 3	5 3	27 1
16 1	21 1	12 2	10 1	13 1	27 3	7 2	4 2	19 5	24 1	29 3	17 1	1 1	22 1	32 2	18 2	36 4	5 1	38 1	3 2	28 2	6 1	39 1	15 3	14 1	31 1	34 3	30 1	9 2	8 1	20 1	35 2	33 1	23 2	2 3	26 2	11 2	25 1	0 4	37 2
17 4	20 2	0 4	30 5	16 2	34 1	36 3	4 4	1 1	2 1	38 2	19 1	5 2	22 3	21 1	25 1	10 2	37 2	32 2	24 1	18 1	26 7	7 4	27 6	6 4	33 3	15 1	11 2	29 4	39 1	12 2	14 4	23 2	9 1	28 2	3 1	13 1	35 3	31 1	8 1
34 1	2 4	30 2	17 1	6 5	35 2	18 1	33 3	23 1	26 1	3 4	0 1	14 1	20 2	24 1	37 3	31 2	29 1	22 1	39 2	19 2	9 7	15 1	7 1	27 5	1 1	32 1	12 2	38 1	16 1	21 1	36 1	10 3	11 1	28 1	4 1	13 1	25 1	5 1	8 3
37 1	38 2	7 2	39 1	32 2	20 2	19 2	15 8	27 1	17 3	18 3	25 4	21 1	22 1	16 1	23 1	9 2	24 1	10 1	12 1	13 2	34 4	33 6	31 2	5 4	11 1	6 1	2 1	3 4	29 3	26 1	14 2	8 1	28 4	30 1	0 1	1 2	4 1	36 2	35 1
37 1	6 2	0 1	30 1	31 2	21 2	38 1	36 2	1 5	4 2	19 1	32 4	24 1	29 1	27 1	7 3	5 1	35 1	28 1	12 1	14 5	17 1	3 3	23 2	22 1	9 3	2 1	25 1	10 3	34 1	33 1	8 4	39 3	18 2	26 3	15 1	20 1	16 7	11 1	13 1
12 2	19 1	34 2	39 1	21 1	25 1	8 1	13 1	11 1	0 4	16 2	2 1	23 1	32 4	3 1	9 1	35 4	22 1	14 1	36 2	31 1	15 1	20 7	5 1	6 2	27 1	7 4	1 1	24 1	37 1	26 2	28 2	4 1	17 1	10 2	18 1	38 9	29 2	33 2	30 2
34 1	16 2	28 5	24 1	21 1	33 5	26 1	7 4	0 2	36 1	15 4	37 1	30 2	4 1	14 3	35 2	17 1	38 6	13 1	10 2	31 2	8 1	22 4	29 3	1 2	3 1	6 4	32 2	19 4	25 2	27 2	39 1	23 2	5 2	20 5	2 5	9 2	11 1	18 5	12 2
13 2	36 2	2 1	20 2	18 2	38 1	33 3	30 2	12 2	3 4	10 2	4 2	16 4	11 1	0 1	25 3	27 1	22 3	17 5	31 1	6 1	29 1	23 6	35 1	1 1	32 2	8 1	28 2	37 3	21 1	14 2	26 2	34 4	39 2	24 2	9 3	7 1	5 1	15 7	19 1
0 3	31 2	22 1	4 4	23 1	20 2	33 2	29 2	18 2	34 2	27 3	9 3	13 7	26 1	15 1	6 1	21 6	14 2	16 1	37 4	30 1	1 3	17 1	12 2	5 1	35 1	39 3	7 1	8 5	25 1	28 2	38 3	36 2	2 6	10 1	11 1	24 1	19 1	32 3	3 1
5 1	26 6	16 2	14 2	32 2	8 1	9 1	17 1	6 1	27 5	0 2	15 3	25 1	34 2	21 2	7 1	20 1	29 1	30 2	36 2	19 3	28 1	4 1	31 2	22 3	38 1	13 2	1 1	35 5	10 1	33 1	18 1	12 8	2 1	39 1	23 1	3 3	24 2	37 2	11 1
20 2	8 1	18 1	23 1	15 3	3 1	24 4	37 1	33 2	4 1	11 2	7 1	39 2	19 2	28 1	34 5	25 2	27 1	38 3	29 4	1 1	2 2	22 1	32 2	30 1	16 2	10 3	6 2	36 1	14 1	26 1	35 1	17 2	0 1	21 2	31 1	13 3	5 1	9 1	12 6
9 1	29 1	17 1	5 6	34 1	3 1	16 1	12 1	36 1	2 1	30 3	7 3	24 1	13 1	33 1	10 1	0 1	38 2	22 2	6 3	15 1	20 4	14 2	18 2	8 1	25 1	4 1	27 4	32 1	26 5	31 2	35 1	28 1	23 1	39 1	21 4	11 2	37 5	19 6	1 4
27 3	0 2	17 2	37 2	39 1	36 2	29 2	16 2	31 1	5 1	2 1	9 1	7 1	8 3	32 2	21 1	30 2	23 1	14 3	24 1	33 1	6 1	28 6	25 4	10 1	18 1	4 3	13 1	34 1	20 4	11 1	26 1	12 1	19 10	1 1	38 1	35 3	15 1	3 1	22 1
34 2	17 1	7 2	31 3	9 2	32 1	21 5	4 1	36 1	30 3	18 6	19 1	28 1	5 4	25 2	0 1	10 3	33 3	8 1	11 1	27 3	6 2	35 1	39 1	38 1	23 6	12 4	13 2	3 1	37 1	22 2	24 2	14 1	2 1	29 1	15 3	20 1	1 1	26 3	16 6
1 3	26 2	5 1	25 3	28 3	24 2	13 1	4 2	14 4	10 1	31 1	7 2	34 1	0 3	32 2	27 3	29 1	11 2	37 3	15 1	20 3	9 1	23 1	8 2	35 2	21 1	12 1	33 1	38 1	22 1	36 1	3 2	16 1	19 3	39 3	30 1	2 2	6 2	17 3	18 1
27 2	32 3	20 1	17 1	15 1	35 1	1 6	4 3	3 1	7 1	9 1	39 2	33 1	30 1	29 3	24 1	23 1	21 3	6 1	2 1	8 1	18 1	12 1	36 2	37 2	5 2	0 3	19 1	16 2	10 2	38 9	11 1	26 4	22 2	34 2	14 2	25 1	28 5	13 1	31 2
29 2	28 2	27 1	8 1	14 1	4 1	36 3	1 2	7 1	0 1	22 3	16 1	30 4	23 1	38 3	17 1	21 2	39 2	31 1	13 1	32 7	37 2	6 1	18 1	26 4	15 1	11 1	33 1	5 1	20 1	34 1	24 1	35 2	12 1	19 3	9 1	25 3	3 3	10 1	2 3
6 1	32 1	13 2	28 2	9 2	26 3	39 3	8 1	20 1	18 1	34 6	38 2	31 1	10 1	19 1	12 1	36 1	35 1	17 2	7 2	5 4	22 2	33 1	29 2	11 1	24 4	2 1	15 2	30 1	16 1	27 1	14 1	3 1	21 1	23 1	0 1	1 4	25 6	37 2	4 1
17 4	38 2	13 1	19 1	9 2	21 3	3 1	37 1	8 2	27 3	34 2	24 1	30 3	12 1	14 2	18 1	11 6	6 2	29 2	22 1	26 2	15 5	5 1	33 1	0 2	23 1	1 1	2 1	7 3	28 1	16 2	25 3	20 1	35 1	36 1	4 2	31 4	32 2	39 3	10 1
