90	15
8 57	14 50	3 43	5 56	2 48	1 51	7 52	0 43	4 48	13 49	10 48	11 48	6 62	9 50	12 51
4 53	1 43	13 51	3 56	7 45	6 50	2 47	0 54	10 62	12 54	9 47	14 55	5 44	8 44	11 45
8 63	4 43	9 43	6 48	11 48	13 51	5 50	10 52	12 54	0 44	2 49	14 48	7 51	1 42	3 55
3 45	2 44	10 53	1 53	9 44	5 50	13 50	14 42	12 53	0 49	7 47	8 52	4 57	11 52	6 48
11 51	7 51	4 47	5 59	8 54	14 48	1 48	10 49	0 57	9 41	3 54	13 46	12 45	2 50	6 55
5 56	9 46	10 44	4 52	2 49	1 56	11 52	3 47	12 43	7 53	6 50	13 52	8 42	0 53	14 44
6 60	4 54	5 48	14 48	1 49	0 49	3 54	13 45	12 50	10 44	8 47	7 48	2 44	11 46	9 59
1 47	14 53	11 54	3 54	4 51	7 59	8 47	0 50	2 50	12 48	13 42	5 47	9 44	10 56	6 44
0 48	8 49	12 47	13 59	9 52	2 53	7 54	3 43	1 49	6 50	10 58	14 50	4 50	5 49	11 52
1 53	11 51	10 55	4 55	12 61	3 50	8 42	7 45	2 54	9 47	5 53	6 56	13 49	14 49	0 52
5 50	6 59	3 52	12 62	14 56	8 60	11 52	4 51	0 60	7 44	1 47	13 48	2 50	9 48	10 48
12 56	2 53	5 55	9 48	11 52	8 50	1 40	0 42	3 46	10 54	13 49	7 44	14 51	6 50	4 55
2 50	13 51	1 47	4 44	11 49	3 54	5 54	6 51	14 45	12 55	9 42	8 44	10 52	7 51	0 53
6 50	5 50	12 44	7 56	11 53	4 57	1 50	3 44	8 55	13 52	2 45	10 45	14 47	0 52	9 56
14 46	1 46	4 44	8 47	10 47	2 50	7 51	9 45	3 63	6 48	11 50	13 56	12 52	0 49	5 52
0 52	13 45	11 55	3 60	5 60	2 49	7 41	14 48	10 47	12 49	8 48	6 44	4 47	1 45	9 52
3 52	13 46	14 43	1 49	4 51	0 46	9 57	6 50	8 53	5 46	10 51	12 54	2 48	7 41	11 49
9 44	14 53	4 50	8 53	11 50	13 47	0 43	3 49	12 52	6 53	5 53	1 58	10 58	7 48	2 60
11 43	8 42	4 60	7 50	2 50	12 51	6 54	14 48	13 51	1 44	3 44	5 51	0 61	10 54	9 48
13 59	3 50	7 53	10 41	0 52	14 49	5 46	6 59	9 44	12 49	1 52	2 53	11 50	8 50	4 48
12 48	6 49	10 57	4 51	2 43	9 54	5 54	0 56	1 46	7 57	11 49	8 45	13 45	3 53	14 51
9 56	0 42	7 47	14 50	3 59	4 54	12 52	2 49	11 52	5 52	10 53	13 49	1 59	8 44	6 46
14 48	5 52	3 50	6 56	4 49	11 45	12 42	8 58	2 52	7 54	13 49	10 44	9 44	0 54	1 49
4 59	14 48	5 49	12 52	2 42	13 56	3 46	1 48	11 59	8 55	9 60	0 50	6 61	7 47	10 48
5 47	6 42	8 51	10 54	11 56	14 55	1 51	13 53	7 55	2 43	0 51	3 53	9 57	4 46	12 47
10 51	5 54	11 52	7 43	14 54	9 54	8 47	0 54	13 49	3 52	4 48	2 56	1 51	6 52	12 54
6 49	1 42	4 46	0 58	13 57	7 51	5 56	2 45	14 54	3 56	10 57	11 41	8 56	12 48	9 45
9 55	0 51	13 48	6 60	12 59	8 58	1 53	4 59	14 43	2 51	7 47	10 50	5 55	3 50	11 54
6 47	3 53	10 47	8 55	2 49	7 50	1 56	4 48	5 50	14 62	0 43	9 51	13 45	12 53	11 47
10 47	9 48	14 50	7 53	3 50	2 55	4 56	13 47	11 62	5 50	6 52	1 49	8 50	0 43	12 50
14 55	0 47	4 44	10 46	1 50	11 59	2 48	3 54	13 51	6 45	5 48	12 54	7 54	9 57	8 40
12 51	10 48	5 44	6 62	11 46	3 54	2 48	13 50	14 50	9 38	0 47	1 47	8 49	4 47	7 48
7 39	9 50	10 53	2 46	8 50	11 53	4 49	1 51	14 51	12 45	0 49	6 53	3 49	5 47	13 50
11 54	10 50	6 48	8 52	13 43	12 46	14 56	7 43	5 40	4 50	3 47	0 52	1 44	9 48	2 56
13 57	12 54	10 53	8 45	6 52	5 53	0 44	9 42	4 39	7 52	14 57	3 57	1 49	11 50	2 53
13 57	7 45	9 53	11 50	10 53	1 40	2 58	8 38	6 50	0 52	5 43	3 54	14 55	4 49	12 49
1 58	0 52	13 41	6 44	14 53	9 47	7 49	10 49	2 53	5 45	11 34	4 54	12 43	8 48	3 47
0 46	9 44	11 41	7 48	14 62	13 47	12 57	2 54	5 48	4 42	1 56	3 40	6 43	8 51	10 50
7 45	10 48	4 48	1 37	8 45	3 44	5 49	14 51	12 49	0 47	9 41	11 54	6 53	13 52	2 56
1 49	14 49	5 52	11 50	8 49	3 50	6 52	7 55	2 52	12 58	4 55	0 52	10 47	9 47	13 49
0 45	10 49	7 53	11 45	3 51	13 51	8 52	14 58	1 54	9 44	4 56	2 47	12 47	6 59	5 52
12 57	3 41	13 54	9 46	11 54	8 52	0 53	4 46	2 42	6 56	5 49	7 48	1 49	10 50	14 54
3 44	10 47	4 46	2 47	12 54	13 47	0 51	5 56	9 56	7 56	14 57	11 51	8 55	1 50	6 48
13 50	10 52	1 59	12 49	4 50	5 54	0 49	11 47	14 52	2 54	8 48	7 55	6 55	9 43	3 51
9 48	0 47	12 46	7 53	11 42	1 38	10 52	6 54	14 52	13 55	8 44	3 42	5 52	4 46	2 52
9 35	3 48	11 57	5 47	6 49	2 50	7 43	8 40	13 52	14 53	0 48	1 40	12 47	10 53	4 53
3 47	0 53	12 39	13 56	10 44	14 45	9 45	2 58	6 58	7 44	4 50	11 45	8 49	5 47	1 53
12 55	11 43	9 49	1 48	0 54	2 42	13 40	3 43	10 55	4 59	8 50	5 46	6 56	14 57	7 51
9 51	8 58	1 53	12 52	6 51	13 50	14 46	11 57	2 52	10 50	3 50	4 43	7 43	5 52	0 45
0 45	3 48	10 40	14 52	5 49	12 41	8 47	1 38	13 46	9 48	2 56	4 49	6 48	11 53	7 48
9 48	2 54	1 53	5 55	14 54	3 47	4 49	11 47	12 56	7 45	0 51	10 60	8 45	6 49	13 51
10 47	14 49	8 59	9 52	6 42	0 49	12 53	1 46	2 56	11 58	5 39	4 46	3 51	7 48	13 57
14 50	6 49	1 48	12 47	2 55	5 52	10 50	3 52	13 48	7 52	4 44	11 52	9 52	0 49	8 42
10 51	13 47	8 52	3 48	12 44	14 51	4 49	9 55	1 48	2 54	11 49	7 49	5 52	0 53	6 52
4 64	1 38	5 57	3 45	11 45	12 55	7 55	10 53	8 45	6 50	2 49	13 46	9 51	14 57	0 39
13 52	3 54	8 50	14 50	4 48	1 56	6 48	0 50	2 52	10 46	11 46	9 50	12 51	7 56	5 56
6 55	8 57	2 53	0 49	1 44	5 53	11 53	4 42	7 52	3 53	10 57	9 42	14 46	12 50	13 42
12 56	4 48	8 54	9 56	6 55	3 53	13 43	0 53	11 53	5 54	1 47	14 50	10 56	7 50	2 50
5 49	8 60	7 59	6 50	10 49	9 56	2 48	0 49	1 51	13 57	4 54	14 52	3 53	11 47	12 60
5 49	14 57	1 53	4 44	7 55	8 52	6 47	9 47	13 54	3 44	12 51	0 54	10 46	11 51	2 53
13 50	5 47	1 54	8 43	0 49	7 41	4 50	6 49	3 47	12 59	11 47	9 42	14 51	2 46	10 45
8 49	5 62	0 54	12 50	14 58	1 51	6 49	7 50	13 49	3 46	4 50	2 36	9 45	11 52	10 43
6 48	12 54	8 52	9 49	7 42	4 47	10 50	14 46	0 46	1 47	13 50	2 55	3 47	5 49	11 49
6 44	1 50	7 53	14 61	0 49	12 56	8 41	13 45	10 43	9 47	4 52	11 50	2 45	3 52	5 51
4 51	10 55	14 55	5 54	0 43	9 52	6 52	11 54	3 55	13 49	12 50	8 60	7 49	2 56	1 51
6 52	11 43	4 49	1 51	2 44	10 45	0 47	8 53	13 52	5 48	9 50	14 50	12 49	7 41	3 44
14 45	3 55	2 48	4 52	8 42	1 49	7 49	11 43	10 48	13 57	0 61	12 51	9 57	5 49	6 46
3 48	2 47	1 54	12 59	6 48	7 51	0 56	10 45	13 51	11 48	4 53	14 54	8 55	5 47	9 53
5 53	14 58	1 52	2 43	6 50	10 46	0 58	9 58	7 45	11 49	3 58	8 43	13 50	12 53	4 51
10 50	3 46	0 57	9 44	7 50	8 46	1 50	4 55	13 48	2 49	12 50	11 51	14 42	6 52	5 44
14 57	8 44	12 48	10 48	11 44	2 51	7 57	1 49	4 57	5 48	9 53	6 52	3 48	13 48	0 53
8 53	5 45	11 53	4 46	2 46	1 59	13 55	3 47	9 40	0 49	6 46	12 50	14 59	7 47	10 48
1 48	3 49	5 47	12 55	2 43	6 49	13 52	0 55	11 54	10 53	4 48	9 56	14 49	8 51	7 60
5 42	0 46	1 49	4 46	7 46	8 50	13 51	11 47	10 49	6 43	14 51	2 58	9 47	3 53	12 59
13 62	2 54	4 41	9 49	12 47	7 49	6 43	8 47	0 48	5 51	14 56	11 52	3 51	10 44	1 45
2 50	1 52	3 53	4 60	13 50	12 57	5 55	9 43	14 51	11 45	8 52	0 46	7 47	10 49	6 43
5 51	4 51	9 44	6 52	11 49	0 50	1 45	3 45	7 52	13 50	10 45	2 38	12 46	8 42	14 56
1 55	4 43	6 54	2 50	10 46	8 62	7 47	13 41	12 51	5 36	0 52	14 51	3 52	9 57	11 50
11 52	12 60	10 52	3 47	2 54	8 49	0 48	7 58	6 57	14 54	1 51	5 56	9 49	13 44	4 51
6 53	12 54	10 47	4 47	0 48	11 57	3 56	5 45	8 57	13 61	1 48	9 51	7 45	2 45	14 47
0 56	11 58	2 56	13 56	3 52	14 37	5 48	8 50	9 63	12 51	1 45	4 49	6 42	7 45	10 49
4 47	3 54	10 50	8 47	14 45	13 50	11 50	6 50	5 55	2 48	12 50	1 51	0 53	9 50	7 48
8 48	14 55	9 45	6 51	11 50	1 49	3 57	12 54	5 46	10 53	0 58	2 55	7 56	4 49	13 55
2 46	7 49	10 42	12 48	14 49	9 49	1 52	13 50	0 45	5 53	3 45	6 59	4 52	8 49	11 49
0 48	6 54	7 44	12 58	1 52	3 53	4 48	11 47	8 55	5 46	9 54	2 48	10 54	14 37	13 59
8 56	5 50	10 52	0 49	3 46	4 50	9 46	11 62	14 49	2 47	1 60	6 43	13 49	7 48	12 48
8 49	4 53	1 49	2 48	11 52	12 61	3 53	5 54	14 45	9 46	0 43	13 40	6 51	7 56	10 66
6 55	1 55	14 48	13 50	12 54	5 50	9 50	3 50	10 50	0 43	2 55	8 52	4 53	7 51	11 57
10 45	11 41	5 45	2 51	12 43	6 48	8 49	4 58	1 43	14 48	0 51	3 50	13 52	7 51	9 53
1 55	5 50	7 51	4 47	11 47	13 41	0 50	8 47	14 42	9 52	12 56	10 54	6 54	2 47	3 44
