20	60
9 1	23 1	8 1	20 1	2 2	53 1	22 2	44 5	16 1	36 1	49 2	24 3	37 1	28 1	40 1	33 3	21 3	45 3	59 3	11 1	13 2	58 2	14 2	39 3	26 1	27 1	25 5	29 2	31 2	5 3	18 1	0 2	56 2	54 1	34 1	43 1	30 6	15 1	3 2	47 8	55 2	1 1	46 3	19 7	42 1	7 1	57 1	51 2	12 1	4 4	41 1	35 1	50 2	52 8	17 2	10 4	38 1	32 3	48 6	6 3
10 1	38 2	15 1	17 1	13 1	29 1	4 1	6 1	14 1	52 2	21 1	44 1	22 1	34 1	59 1	48 2	54 1	56 2	49 1	55 1	50 1	37 1	18 1	2 1	36 1	20 1	30 1	11 2	35 3	24 2	57 2	28 1	45 3	43 2	12 2	31 2	7 2	40 1	5 1	9 1	46 5	58 1	39 2	1 2	33 4	51 2	47 2	32 1	16 1	3 1	8 2	27 3	23 7	41 2	25 2	26 4	42 1	53 1	0 3	19 1
44 2	33 2	43 2	37 3	40 1	32 1	22 1	14 2	59 1	48 2	49 2	16 1	42 2	46 2	6 1	8 2	50 1	28 1	26 2	45 4	58 1	13 1	36 1	41 4	51 2	1 4	23 1	57 2	35 3	53 4	18 4	15 1	17 2	5 1	9 2	55 1	3 4	52 1	7 2	4 1	12 4	19 1	0 1	54 2	34 3	25 1	39 1	11 3	21 5	47 1	10 2	27 2	29 1	2 2	30 1	24 1	38 1	31 1	56 5	20 1
33 1	56 3	46 1	30 1	31 1	52 1	36 2	17 2	7 1	8 1	26 4	2 4	47 1	29 2	11 1	55 1	4 3	18 11	15 1	57 1	35 1	1 2	32 1	24 1	42 1	3 2	45 3	22 4	6 2	23 3	41 4	48 1	21 1	37 1	53 2	50 1	10 1	27 1	14 1	16 5	49 1	28 3	20 2	40 1	19 3	34 2	58 1	25 1	13 2	9 2	51 2	39 3	44 1	59 1	0 1	43 2	5 2	38 4	54 2	12 1
14 1	24 1	26 1	1 1	18 1	16 1	42 1	35 3	2 6	25 1	22 4	45 1	56 1	47 1	40 1	28 2	39 2	12 4	55 1	29 3	58 5	15 1	51 2	13 1	0 2	27 1	19 3	10 1	33 1	31 2	30 1	32 1	21 1	59 1	4 1	41 1	11 1	43 2	50 1	37 2	49 2	36 1	57 1	6 1	7 4	46 1	5 2	20 1	48 6	34 4	17 4	53 1	52 1	54 3	8 2	38 3	44 1	23 4	3 2	9 1
50 4	4 1	12 4	26 2	21 6	23 1	56 1	51 2	52 2	13 1	54 2	43 2	49 1	10 5	55 2	27 1	2 4	29 1	20 2	41 1	31 1	37 4	18 7	30 1	16 1	48 1	42 5	15 2	22 3	39 2	0 1	57 1	5 1	24 1	38 1	8 1	7 1	9 1	28 1	17 1	33 2	32 1	36 3	46 2	1 2	58 1	11 1	34 1	59 3	44 7	35 1	47 1	53 2	40 1	25 1	3 1	45 4	6 2	19 1	14 1
42 8	0 1	21 1	5 1	34 1	54 1	35 1	22 1	20 1	4 4	39 2	40 2	44 4	25 1	45 1	48 3	7 1	49 1	59 1	38 1	32 1	2 6	23 1	31 2	58 3	8 4	11 7	18 1	56 1	57 1	6 2	53 3	50 2	15 1	14 1	16 2	19 1	1 1	30 1	10 1	52 1	3 2	55 1	41 2	29 3	9 3	26 1	37 1	46 4	33 1	12 1	43 3	17 3	47 2	51 1	13 1	27 1	36 1	24 1	28 1
20 3	37 1	18 1	10 2	0 1	27 2	28 1	7 1	32 3	35 3	36 3	39 2	12 1	2 2	41 1	11 1	42 1	6 1	31 1	21 2	29 1	25 1	44 2	30 6	3 1	52 2	15 1	17 1	53 2	16 1	14 1	9 1	43 2	56 2	48 4	33 1	50 1	4 1	24 6	47 7	54 1	13 1	19 1	34 2	59 2	1 4	49 3	40 2	51 4	8 4	57 1	26 1	45 1	55 2	46 4	22 1	5 1	58 2	38 1	23 3
16 1	34 1	35 1	2 4	50 1	29 1	22 1	15 2	37 2	6 2	20 1	52 1	57 2	4 1	33 1	43 1	23 1	12 4	32 1	41 3	56 7	51 4	18 6	26 1	25 1	53 1	40 2	24 2	0 1	47 1	1 4	58 3	36 1	14 4	49 4	8 2	45 1	21 1	5 3	7 5	11 4	9 1	55 2	59 1	39 1	13 3	28 4	3 1	31 4	10 2	30 7	42 7	27 1	17 1	54 5	38 1	44 1	46 4	19 2	48 2
4 2	32 4	9 3	40 1	51 1	21 1	57 3	33 3	2 1	54 2	52 1	43 3	49 2	37 1	25 1	28 3	10 1	44 1	0 2	15 1	38 1	6 1	47 1	55 2	48 7	3 1	18 1	22 2	11 1	13 4	14 2	36 2	56 1	50 2	45 2	53 2	29 3	58 1	41 1	5 1	39 4	8 3	27 1	7 1	17 1	12 1	46 1	26 1	42 1	59 1	19 1	31 1	35 1	24 1	20 4	16 1	23 1	1 1	34 5	30 3
11 3	34 1	30 6	24 1	3 3	16 3	51 1	54 3	20 2	55 3	10 2	9 3	32 2	48 1	33 1	59 2	53 3	17 2	40 5	58 2	19 1	8 2	4 1	5 1	39 2	43 1	45 2	28 1	35 5	1 1	25 2	57 1	22 4	49 1	44 3	42 2	21 1	38 2	41 1	6 3	13 1	50 2	36 1	0 1	26 1	7 4	47 1	46 2	2 1	52 1	56 1	29 2	27 1	18 2	15 2	31 2	37 6	12 2	23 1	14 3
33 1	32 3	21 1	49 2	41 6	31 2	6 1	54 2	12 3	55 1	27 2	40 3	52 2	58 1	57 1	3 5	29 4	42 4	5 3	22 4	47 2	2 3	43 1	14 1	30 2	17 2	4 4	45 2	56 1	38 1	28 1	46 1	51 1	24 2	16 3	15 1	11 3	39 1	59 2	9 1	13 1	26 1	35 1	34 4	36 6	44 3	8 1	19 1	37 1	25 1	7 1	48 1	18 1	1 5	20 1	0 2	23 1	50 2	10 2	53 1
18 1	10 1	44 1	32 2	53 1	21 1	0 1	35 2	6 2	2 1	36 3	28 2	5 1	24 1	42 2	26 4	7 1	13 3	59 1	47 1	51 1	33 1	14 1	30 1	49 2	29 1	15 1	54 2	8 1	38 3	57 2	4 2	34 1	50 1	25 1	56 1	45 9	1 2	12 2	3 1	19 1	9 5	52 4	39 2	55 2	31 1	17 7	27 1	58 4	37 2	16 2	23 1	40 2	46 1	22 2	41 3	43 4	11 1	20 1	48 1
9 2	22 2	31 2	18 3	16 1	15 2	52 1	2 1	27 1	42 5	53 1	46 1	17 1	30 2	41 3	13 1	28 1	37 1	54 1	57 1	29 1	11 1	45 2	21 3	7 1	48 1	32 2	40 7	55 1	50 5	14 1	35 1	6 4	38 1	12 1	26 6	19 2	4 2	8 1	10 5	59 2	0 1	33 1	3 1	56 1	25 1	51 6	39 1	34 2	43 1	36 1	49 2	24 1	1 1	23 1	5 1	20 2	47 4	58 1	44 3
7 1	9 2	30 1	46 1	15 2	26 1	10 2	32 2	52 1	39 1	40 1	34 2	54 2	59 5	20 2	50 3	53 1	56 1	16 1	8 4	28 1	14 6	11 2	6 1	2 2	57 4	44 1	25 2	0 3	24 1	5 1	19 1	31 2	33 2	48 4	49 1	35 7	21 10	42 1	1 2	12 2	13 2	37 3	27 1	45 2	38 1	17 1	51 1	41 1	47 2	3 1	58 1	23 1	36 1	55 1	18 1	22 1	43 3	29 2	4 1
10 3	34 5	40 4	42 2	18 1	36 2	59 5	26 4	32 1	4 1	3 2	55 2	56 7	38 7	41 6	50 1	14 1	0 2	28 2	2 4	49 2	30 1	47 1	39 1	22 2	27 2	15 1	7 2	1 1	46 2	17 1	13 1	37 1	20 1	11 1	21 1	8 1	45 2	16 1	23 4	24 2	31 7	54 3	25 1	53 4	33 2	57 3	58 1	5 1	12 1	44 1	52 1	6 2	9 2	51 1	19 2	35 1	48 3	43 1	29 1
43 1	14 1	34 1	53 1	48 1	21 1	26 2	38 3	36 1	2 2	23 3	41 1	46 1	35 1	45 4	3 2	37 2	29 1	11 4	47 1	40 1	56 2	5 1	0 1	30 1	49 1	28 14	15 1	57 1	44 3	33 4	25 3	59 1	55 1	52 5	20 4	50 3	19 2	10 1	24 1	13 1	22 1	9 1	6 3	32 1	16 1	17 2	51 1	39 2	31 3	12 3	27 2	58 3	54 1	18 2	7 1	1 3	4 1	8 1	42 1
19 2	48 1	55 1	28 2	12 1	31 1	21 1	4 1	23 2	2 1	3 1	16 6	37 2	5 2	7 1	24 3	54 2	35 3	38 1	17 1	27 2	14 1	45 2	32 1	13 1	11 4	44 4	22 2	18 1	56 2	25 5	26 3	57 2	34 3	47 1	39 1	30 1	41 1	10 2	8 3	46 1	1 2	51 2	50 1	36 1	15 4	52 1	6 1	59 1	29 1	40 4	58 2	33 1	20 1	49 5	9 1	0 3	42 1	53 2	43 2
23 2	24 2	48 1	18 3	10 1	42 2	5 2	52 1	55 1	47 1	38 1	49 2	32 1	46 1	19 1	9 1	28 2	51 2	11 1	13 1	0 3	43 1	37 2	36 2	34 1	16 2	41 2	7 1	25 1	2 1	22 2	57 1	59 2	26 2	1 1	40 2	30 1	27 2	58 3	35 5	54 2	31 1	4 5	56 1	44 1	17 4	8 3	29 2	53 1	3 2	39 1	21 1	14 1	12 7	45 1	6 3	20 1	15 1	50 3	33 1
1 1	8 1	6 3	58 4	2 1	44 4	47 1	32 4	20 1	12 1	39 1	45 1	38 1	22 6	46 1	49 3	34 6	14 1	31 4	40 4	21 2	13 1	33 1	17 2	55 4	41 2	59 1	30 1	50 1	3 5	23 2	42 1	51 1	53 2	4 1	19 1	52 1	37 1	27 1	24 1	5 3	9 1	57 1	15 9	0 2	25 1	10 5	56 4	48 1	26 3	29 2	11 2	16 1	35 3	28 8	7 1	54 2	36 2	43 5	18 1
