70	30
9 48	16 43	26 57	14 44	19 46	1 67	15 48	5 48	25 56	12 47	17 51	8 61	4 53	18 56	29 52	20 48	28 51	24 55	22 54	0 48	23 49	13 58	3 44	27 54	10 42	2 46	7 50	11 46	21 53	6 52
3 49	12 55	28 53	22 55	14 48	2 49	20 53	19 42	25 52	9 55	7 56	5 55	26 50	4 56	24 50	11 44	17 49	16 54	6 55	18 55	23 50	15 47	0 54	27 54	10 47	8 58	29 52	1 52	21 46	13 46
29 48	9 54	6 60	3 46	27 53	15 54	25 45	24 41	5 51	13 48	19 40	10 44	14 46	23 46	20 41	11 48	17 48	16 50	8 57	12 58	18 58	26 46	22 56	1 52	0 53	4 52	28 54	2 44	7 44	21 49
24 43	9 49	18 58	23 49	4 54	17 43	26 51	0 50	8 40	1 54	14 47	7 63	19 52	16 44	3 51	5 58	22 54	6 45	12 58	15 56	29 42	27 49	21 53	11 57	10 54	25 46	20 45	13 53	28 42	2 54
6 55	27 50	9 60	7 53	18 46	5 55	1 51	21 54	13 51	23 50	24 55	28 42	12 48	17 52	26 53	29 48	4 49	20 56	16 56	10 48	19 46	11 53	25 55	8 49	2 52	14 53	3 59	0 52	22 48	15 54
21 45	10 64	20 46	12 58	29 52	2 43	0 47	28 46	13 46	14 52	16 55	3 54	4 52	5 53	24 50	19 49	27 49	25 51	1 56	18 50	15 58	7 61	8 50	23 53	26 50	6 50	9 43	22 47	17 59	11 51
1 52	7 46	2 47	11 48	20 49	27 48	0 52	21 40	3 57	29 44	9 50	22 52	28 55	25 48	17 45	16 49	12 60	10 48	14 47	6 62	24 57	15 52	5 40	4 51	13 58	8 48	18 45	19 56	23 48	26 50
13 40	20 46	26 49	21 49	22 48	27 46	9 48	4 51	12 45	18 49	7 44	3 48	14 52	15 49	29 51	5 52	11 40	23 48	0 50	17 44	28 58	2 45	16 47	19 53	6 47	1 52	25 52	10 50	24 42	8 50
14 56	16 54	18 51	29 53	3 39	28 54	26 57	2 55	20 52	10 45	24 48	17 57	19 43	21 55	7 53	15 51	11 48	5 49	27 39	6 47	0 53	13 54	22 54	23 49	25 49	4 53	9 45	12 51	1 56	8 52
20 46	0 45	1 51	9 50	29 49	12 59	5 43	26 46	19 44	8 50	16 42	25 46	4 52	18 45	27 49	23 49	15 57	24 47	2 51	13 54	21 46	7 46	14 51	28 45	10 44	17 41	22 50	6 50	3 57	11 47
2 47	29 54	20 49	15 58	1 54	10 56	16 55	22 57	26 53	11 48	3 45	18 56	6 50	28 54	17 47	27 58	23 40	24 51	8 51	4 50	19 56	21 51	13 49	0 51	9 52	12 49	14 46	25 44	7 50	5 49
24 58	4 52	2 55	20 53	28 55	3 54	19 45	7 45	13 48	25 40	14 48	23 52	1 48	16 38	29 52	9 50	27 50	17 50	8 31	5 51	12 51	15 56	0 53	6 43	21 50	26 47	11 56	18 51	22 47	10 53
3 59	19 50	8 50	4 51	2 46	24 39	25 52	16 49	1 54	26 50	29 55	23 56	7 46	22 52	21 55	9 45	14 58	18 53	15 59	28 46	0 55	6 52	5 39	12 47	13 36	17 50	10 57	11 56	20 52	27 51
17 46	21 52	10 46	23 48	27 48	5 48	16 55	0 53	14 56	22 52	7 45	6 51	25 48	28 44	8 56	29 45	19 47	26 48	4 50	15 56	20 46	13 52	11 39	24 49	18 48	12 57	3 56	1 45	9 51	2 56
3 50	17 48	10 49	28 49	18 51	25 47	4 56	15 49	7 54	6 49	19 49	12 53	2 43	1 47	5 52	26 45	8 48	11 56	9 48	13 48	20 56	27 48	0 49	21 42	22 52	24 48	23 53	16 58	14 54	29 53
28 47	5 58	11 46	12 58	0 51	1 44	25 47	16 56	2 52	22 49	21 43	27 38	6 49	9 50	14 46	19 56	17 51	8 48	13 44	3 46	7 53	23 53	15 43	29 52	18 45	4 45	10 51	20 50	24 49	26 46
1 60	3 44	17 50	20 47	8 58	29 54	10 47	11 53	6 56	18 49	16 50	9 51	13 47	27 57	12 53	19 57	2 49	25 58	7 53	5 47	26 54	22 52	0 50	14 47	21 43	28 48	23 52	4 52	15 57	24 51
1 56	14 54	6 43	25 41	29 58	22 52	7 58	12 56	2 49	17 47	4 55	15 47	21 50	3 53	27 54	8 55	0 45	11 53	26 51	28 52	23 50	24 43	5 53	9 55	20 54	13 49	10 52	18 42	16 47	19 38
5 46	4 54	27 46	11 51	13 40	17 47	3 54	23 50	16 61	21 52	6 49	2 51	8 41	1 45	0 52	25 59	22 46	9 45	24 50	15 50	14 42	20 58	19 52	18 54	26 47	12 49	7 51	28 47	29 53	10 59
15 50	17 54	19 55	25 56	9 57	2 46	13 40	12 60	8 52	14 51	1 47	6 51	27 47	26 51	0 51	24 41	11 53	7 51	28 57	29 46	10 47	16 54	23 47	5 43	22 52	4 46	3 48	20 52	21 61	18 48
20 41	18 50	27 57	26 57	7 45	16 47	8 45	10 57	5 47	25 51	14 49	2 47	12 51	11 50	17 52	23 50	3 51	13 46	15 49	9 51	28 58	6 55	0 38	1 51	21 51	24 50	4 52	19 44	22 52	29 52
12 45	3 42	26 42	20 51	25 55	28 48	5 56	29 47	11 57	2 48	4 50	17 45	14 55	19 56	6 57	21 43	27 52	10 36	0 49	1 51	7 46	22 54	18 57	13 55	9 55	8 53	24 54	23 45	15 55	16 55
18 51	23 42	2 47	4 46	26 47	21 55	27 50	9 44	14 47	12 51	10 48	13 55	11 52	15 56	1 42	22 47	25 45	8 46	24 45	20 48	28 47	5 49	7 48	6 53	19 60	17 49	3 56	0 47	16 55	29 47
1 52	10 51	4 50	19 47	27 53	22 48	23 48	7 57	17 48	14 52	11 45	6 56	18 50	24 54	21 44	0 51	20 53	16 53	2 55	15 54	13 46	12 52	25 48	5 38	8 49	28 56	26 57	3 47	9 53	29 46
10 44	2 44	19 56	6 52	4 44	14 49	26 37	22 52	7 56	25 42	16 58	23 47	29 48	24 50	0 46	28 49	18 48	8 51	12 47	21 51	5 50	9 46	11 54	1 52	13 43	27 54	20 54	15 51	3 52	17 48
28 58	20 57	8 54	9 58	22 48	11 46	19 51	2 44	6 56	4 49	3 52	25 57	27 57	5 51	0 46	26 49	13 49	15 51	24 56	1 48	10 56	23 39	7 48	17 48	29 57	12 46	21 54	18 45	14 50	16 54
10 47	23 42	1 55	25 52	5 50	29 47	7 53	18 48	27 49	12 46	8 44	19 56	17 50	2 52	9 48	13 45	26 56	21 40	3 48	14 47	6 50	4 45	0 53	24 40	22 54	15 46	16 50	20 41	11 53	28 48
20 53	15 46	17 56	6 46	16 48	2 54	13 46	23 47	4 56	19 55	7 45	21 49	10 53	14 58	0 48	12 45	5 59	18 44	29 52	24 51	3 53	28 42	25 47	8 45	26 51	1 50	22 43	9 56	27 48	11 49
29 47	21 54	11 44	26 42	15 51	16 56	10 47	4 56	1 45	18 53	3 54	25 46	23 53	27 42	19 55	22 47	6 44	0 42	13 51	24 50	8 45	17 53	2 52	9 56	7 48	5 54	14 41	12 50	28 52	20 54
25 51	1 44	13 46	24 52	11 43	29 59	4 53	6 51	18 45	21 58	27 47	5 42	19 50	15 58	16 63	22 45	17 56	2 41	28 46	9 60	14 48	23 45	26 53	20 49	3 57	12 43	0 46	10 52	8 52	7 60
9 54	20 48	6 57	11 51	24 56	17 41	27 53	8 44	22 49	10 41	21 54	0 53	28 47	4 48	19 53	7 51	29 53	25 47	13 44	26 53	16 49	3 48	14 55	23 57	12 42	1 52	15 47	2 49	18 48	5 45
8 50	20 48	19 51	11 54	0 52	23 52	12 58	27 47	2 45	16 52	21 54	7 48	15 44	5 62	10 56	6 48	13 51	14 50	4 52	3 47	26 42	29 55	25 46	9 46	24 47	1 47	22 55	18 48	17 45	28 46
3 40	18 53	12 42	13 54	5 44	26 44	19 51	21 45	15 53	8 47	29 46	10 48	14 44	27 49	17 53	11 46	7 48	6 56	4 56	25 46	24 49	20 43	0 43	2 50	9 43	16 51	28 56	23 55	1 52	22 52
12 50	13 45	24 42	11 47	22 55	7 42	0 59	1 47	27 46	17 55	15 49	29 41	18 49	25 50	2 47	23 47	19 42	21 51	28 51	20 42	10 49	9 51	16 51	4 51	26 58	14 42	5 51	3 50	6 52	8 54
19 59	12 46	2 57	3 49	17 54	11 46	26 43	14 54	28 49	24 51	7 58	21 47	22 54	5 50	4 52	9 53	25 44	13 46	16 50	29 51	6 50	8 44	15 46	10 43	1 47	20 59	0 52	18 56	27 48	23 47
2 55	23 47	20 51	16 45	18 47	6 53	21 52	12 53	3 48	11 53	15 48	7 52	4 56	22 47	17 47	29 57	5 49	14 55	9 59	19 61	10 53	26 44	0 51	28 51	25 43	8 61	1 49	13 49	27 48	24 50
20 51	23 47	16 45	17 52	9 47	2 45	26 52	1 55	22 50	4 53	29 56	12 56	0 50	5 38	28 47	7 49	19 53	27 43	21 61	18 48	14 55	10 50	15 48	24 56	3 48	6 58	13 46	11 48	25 50	8 51
15 49	8 38	18 59	25 53	2 50	9 66	26 51	20 49	6 62	13 49	3 59	10 46	11 41	14 54	1 55	12 51	29 54	5 45	4 43	19 60	22 45	16 44	7 51	24 56	17 49	27 48	0 50	28 52	21 57	23 53
18 47	23 42	8 56	3 41	17 46	11 53	1 53	29 49	7 46	10 57	5 44	24 53	15 46	4 52	28 47	0 54	2 49	21 46	6 51	27 53	19 56	9 50	14 55	16 34	12 49	22 49	20 45	25 49	13 55	26 56
8 50	7 43	3 50	23 52	6 58	9 53	19 44	22 58	21 45	4 51	11 50	14 54	16 53	15 43	28 50	2 54	10 52	0 47	13 40	18 52	24 47	1 52	12 43	27 49	29 46	17 54	26 53	5 53	20 50	25 56
19 46	26 53	29 50	13 49	0 53	4 42	21 42	15 44	18 48	2 45	25 50	14 47	7 60	1 55	16 52	6 47	5 50	17 50	27 44	9 54	10 49	11 53	22 55	23 49	20 55	8 48	24 49	3 53	28 60	12 56
18 47	29 38	27 50	5 49	9 50	19 39	26 50	17 41	23 56	22 60	21 52	14 56	16 45	7 51	8 56	4 50	25 51	15 54	20 46	13 44	28 52	1 59	3 47	11 48	10 55	24 60	0 44	6 50	12 48	2 40
1 56	7 49	11 60	20 54	5 46	16 49	12 48	29 52	24 50	4 50	22 54	28 51	18 44	0 48	25 51	13 51	27 48	21 53	23 40	9 44	19 48	3 48	15 51	8 48	14 46	2 52	26 52	17 55	6 42	10 48
22 52	19 48	15 44	16 51	18 39	26 51	2 46	0 57	7 46	25 43	24 47	27 53	5 42	12 45	21 49	9 48	3 50	20 52	29 49	10 58	8 54	23 50	1 50	28 60	4 50	11 58	6 52	17 53	13 48	14 46
3 51	27 55	22 47	13 58	14 50	28 37	7 44	8 54	21 50	10 43	6 53	16 56	15 60	18 52	9 45	26 46	23 58	17 57	25 58	19 41	5 48	29 48	1 54	2 50	24 54	4 47	0 54	12 57	11 48	20 51
3 52	29 38	25 48	28 52	5 45	2 47	19 41	27 53	7 53	16 52	24 45	21 45	10 52	23 50	12 56	22 50	11 50	18 58	13 55	1 46	4 51	20 60	14 52	26 56	8 56	6 56	17 60	9 45	0 44	15 54
18 46	5 52	16 56	9 50	27 53	26 54	3 55	0 49	4 48	7 53	24 52	8 56	1 47	12 48	6 49	25 50	20 37	28 48	23 51	29 49	2 54	13 51	19 47	14 52	21 56	15 51	11 45	10 50	22 50	17 52
15 53	13 52	1 48	14 43	20 43	11 49	25 51	10 52	21 56	24 49	0 52	3 48	8 49	28 51	16 47	6 45	17 50	9 49	29 53	4 57	12 49	22 52	5 45	23 44	2 56	27 51	26 49	18 38	19 45	7 47
8 49	10 48	9 54	11 56	4 48	15 48	20 51	13 49	22 49	5 44	21 51	1 54	0 42	24 50	2 49	3 50	17 54	14 55	25 43	16 53	7 48	18 59	28 58	29 58	23 56	26 51	6 65	19 53	12 49	27 49
0 49	16 59	13 52	21 54	7 41	11 50	9 50	3 47	17 53	19 50	10 48	4 58	27 60	8 50	29 51	28 59	15 44	12 57	5 51	6 41	24 45	26 47	1 52	23 46	20 43	14 55	22 45	2 46	18 47	25 47
7 52	21 52	0 55	23 55	29 55	24 56	1 52	20 52	4 46	26 56	15 43	22 49	12 47	19 42	25 46	11 47	5 43	13 48	10 55	8 53	18 54	16 50	27 59	2 55	17 55	14 58	9 55	6 47	28 53	3 57
17 57	21 50	7 42	4 42	14 46	26 44	5 48	18 49	2 56	9 57	24 50	23 55	3 51	15 51	11 48	19 57	6 47	25 46	8 50	10 48	1 47	16 44	29 44	20 56	0 49	13 58	27 49	22 61	28 58	12 55
22 49	12 55	17 49	24 49	7 59	1 49	16 48	4 53	15 53	0 44	9 54	3 62	6 45	10 46	18 47	21 53	14 44	23 44	27 42	5 47	25 44	8 50	2 40	11 51	29 53	26 52	19 49	13 49	28 55	20 52
15 49	25 44	21 51	24 47	20 51	17 50	27 51	1 54	0 47	10 48	18 49	11 50	29 44	9 42	13 45	22 51	5 49	19 57	6 58	4 58	26 52	12 53	23 42	8 55	2 47	14 60	7 57	16 41	28 41	3 45
29 52	3 49	8 48	5 52	9 45	15 53	13 48	23 55	4 48	12 52	10 50	18 46	11 48	26 52	2 54	28 51	0 50	19 51	16 49	6 42	24 58	14 55	20 45	21 52	25 47	17 52	1 48	7 42	22 44	27 46
18 48	26 49	24 47	7 52	3 47	25 58	8 51	22 45	10 59	20 47	16 59	14 46	15 40	27 55	17 54	21 54	28 54	5 37	6 45	1 57	9 53	4 46	2 43	23 50	0 54	11 55	19 46	12 52	29 54	13 53
22 53	10 49	11 47	23 44	17 54	15 47	27 54	14 55	9 50	28 51	3 46	5 52	2 51	6 47	25 46	4 41	1 56	16 54	18 44	20 50	12 51	19 48	29 48	21 47	7 56	26 50	13 52	24 51	8 51	0 52
26 44	11 51	0 48	7 50	23 48	9 54	25 53	1 39	14 40	2 45	28 47	20 47	8 53	12 53	13 53	6 48	27 56	3 50	10 43	16 51	22 50	29 41	24 54	21 52	19 48	15 53	5 50	17 55	4 50	18 45
21 42	10 52	27 47	19 51	4 47	11 46	1 53	24 42	6 57	25 59	15 34	29 54	12 55	9 48	28 46	22 44	3 47	20 49	17 50	13 45	7 53	16 61	2 51	14 42	0 53	26 50	5 40	23 57	18 49	8 47
23 42	0 54	8 43	17 54	28 50	12 55	13 55	16 55	3 50	22 54	20 41	2 55	19 40	14 55	27 50	10 52	24 50	6 47	5 51	25 50	26 43	21 49	4 55	7 64	18 52	1 66	9 60	11 46	29 46	15 49
29 50	2 53	10 51	11 51	18 53	0 48	20 51	25 49	9 49	24 51	5 46	14 44	8 43	4 60	1 52	13 38	3 48	7 57	12 54	6 53	15 49	27 54	28 52	23 47	19 49	21 51	16 39	22 52	17 47	26 53
2 52	18 44	0 49	6 50	21 49	22 47	4 48	1 51	24 59	10 50	27 43	28 46	29 55	3 55	8 50	19 44	11 50	13 48	16 42	20 52	23 52	5 60	26 49	25 48	12 44	14 58	7 51	17 45	15 54	9 55
26 50	9 52	22 52	15 52	3 51	25 56	0 48	8 59	13 56	7 55	28 52	5 57	14 53	18 44	16 46	23 58	2 53	24 53	12 62	29 53	27 53	10 51	21 47	17 54	19 56	6 51	1 48	11 47	4 50	20 48
25 47	4 46	2 40	20 55	1 53	29 50	16 53	26 56	12 45	28 56	6 46	0 63	7 49	10 54	18 56	9 44	5 42	27 52	23 44	22 56	14 50	3 57	15 43	8 47	21 50	19 55	24 52	17 54	11 45	13 54
4 47	18 52	2 57	7 51	16 52	9 47	25 57	20 45	12 45	3 50	6 56	13 50	27 56	5 50	19 50	26 44	22 43	17 48	0 43	11 47	10 43	28 49	14 45	29 50	15 50	1 52	8 54	23 50	24 55	21 53
16 51	22 48	2 48	1 57	24 46	0 52	15 55	25 56	12 50	3 50	28 49	20 51	29 50	26 50	10 53	7 52	5 49	11 53	27 49	19 56	14 52	9 49	18 50	21 52	8 57	13 53	23 53	6 47	4 43	17 52
28 58	14 56	4 43	6 50	24 50	20 53	8 60	17 57	16 42	29 46	3 54	11 42	21 52	15 53	7 52	19 50	25 43	0 48	26 46	22 49	9 51	12 60	10 45	5 50	2 55	1 47	18 63	13 49	23 48	27 57
9 56	29 59	27 46	21 55	4 41	24 52	23 51	3 52	22 48	12 49	17 45	18 42	13 51	16 49	0 56	19 46	26 46	10 49	14 49	8 47	11 55	2 48	6 52	5 48	7 51	20 60	25 44	28 47	15 58	1 49
24 55	20 51	8 47	28 47	16 50	0 61	29 50	5 46	6 46	1 52	9 45	18 49	27 50	22 47	15 40	14 49	17 47	10 46	12 52	3 62	7 54	19 47	23 55	21 55	11 52	25 47	13 45	26 54	4 52	2 50
29 52	3 37	22 40	20 50	2 56	10 47	18 55	5 51	26 56	16 50	19 45	7 49	25 44	11 61	6 51	12 45	21 49	23 49	0 43	24 55	1 50	17 52	14 59	13 55	15 50	27 47	28 58	9 51	8 57	4 38
