60	100
38 2	87 2	96 1	16 2	6 5	88 1	22 2	35 2	50 2	41 2	44 3	92 1	34 1	58 2	11 4	79 4	4 1	68 2	95 1	59 1	30 2	1 2	89 5	25 2	40 1	47 1	14 1	84 3	90 1	56 2	91 1	83 2	43 3	70 2	63 1	75 2	69 2	18 2	29 1	97 1	5 1	73 1	20 2	39 2	10 1	94 1	57 3	55 1	78 2	24 1	85 1	60 1	42 1	98 4	13 2	7 3	64 2	51 4	86 2	36 1	48 1	2 2	28 1	80 1	12 1	46 2	23 2	62 1	52 4	82 4	72 1	77 3	31 1	37 1	27 4	8 2	49 1	53 1	66 1	81 4	19 2	65 1	67 1	17 1	71 3	9 3	76 2	0 5	74 1	3 2	32 3	54 1	45 1	26 5	93 4	61 1	15 1	99 1	33 1	21 1
14 4	75 1	73 3	45 2	33 3	84 1	7 1	97 1	31 1	78 3	18 4	1 2	32 1	71 1	89 1	68 1	70 4	3 2	21 2	36 3	43 1	81 2	10 3	82 2	30 2	50 1	25 4	62 1	35 1	58 2	88 1	80 1	12 3	13 5	2 2	66 1	29 3	49 3	64 1	5 1	9 2	79 1	34 1	74 1	37 1	54 1	26 5	55 2	47 1	0 1	48 1	52 2	60 3	90 1	92 2	15 3	56 2	98 4	99 1	85 2	39 3	38 3	77 1	63 3	8 1	96 3	51 2	16 2	17 2	53 1	46 1	28 1	44 1	87 1	4 1	11 1	22 1	65 6	67 3	86 9	27 2	24 2	94 1	41 3	69 2	6 1	61 2	72 5	59 3	91 3	76 1	83 1	95 1	42 1	57 3	19 5	23 1	20 3	93 2	40 5
8 1	32 1	65 2	69 2	49 1	14 1	20 1	54 2	94 1	74 4	28 1	62 1	4 4	25 1	7 5	60 1	76 1	45 1	23 1	99 1	63 3	56 3	9 2	5 1	96 5	11 1	35 1	40 2	77 1	44 5	88 1	34 2	64 1	37 1	67 2	52 1	46 2	79 3	81 3	12 2	2 1	75 2	3 1	6 1	15 3	95 2	47 1	66 2	97 3	68 3	48 1	27 2	43 2	30 2	84 5	36 3	78 3	57 1	82 2	90 1	55 1	91 2	53 4	16 1	83 1	87 1	22 2	33 4	19 3	38 3	85 1	73 3	98 1	0 2	17 1	42 1	26 1	41 2	93 4	1 6	29 1	92 2	71 1	31 3	58 1	61 3	39 2	89 2	51 1	86 1	21 8	50 1	13 5	24 4	70 1	72 4	59 1	18 2	80 4	10 1
30 1	93 4	64 1	79 6	95 2	17 4	57 2	77 1	15 6	87 7	70 1	96 1	31 1	0 1	35 1	8 2	41 4	10 2	23 2	11 3	52 3	27 2	39 2	90 11	38 1	34 1	25 4	91 1	2 1	14 2	71 1	28 7	47 1	3 1	74 1	72 3	36 2	85 1	60 1	84 1	81 4	1 1	82 1	73 3	63 2	21 1	50 2	75 10	19 3	98 1	18 3	13 5	76 2	37 3	97 1	40 2	5 3	44 1	33 2	83 1	55 4	49 3	89 3	26 1	68 1	46 4	69 1	43 1	92 2	80 1	67 1	29 1	94 3	16 1	59 4	51 2	62 1	9 1	99 1	4 1	7 1	54 1	42 2	32 1	65 1	61 2	53 2	12 3	24 1	66 2	6 1	22 2	20 6	48 2	78 2	56 1	86 5	88 1	58 1	45 1
92 3	28 1	26 2	50 2	49 1	84 3	56 2	13 5	63 3	68 2	67 1	99 1	89 2	97 3	76 4	94 2	61 4	78 1	88 3	2 3	86 2	87 1	90 1	19 3	31 1	38 4	29 4	66 3	6 1	39 1	71 4	41 1	18 1	82 1	60 1	1 4	20 2	79 4	72 2	17 5	30 1	46 5	35 2	83 1	51 3	44 1	43 2	12 3	24 1	10 1	11 1	53 2	95 3	62 2	15 1	58 3	69 1	37 1	54 2	98 2	48 2	33 1	22 3	25 1	45 8	4 2	34 1	55 2	75 1	36 1	16 2	9 3	32 2	47 1	93 2	80 1	40 1	27 5	8 1	23 2	81 1	42 2	7 3	52 2	21 4	70 1	59 1	64 4	0 1	96 2	85 1	74 1	91 1	5 1	14 3	73 1	77 4	57 1	3 3	65 3
29 3	93 1	4 1	52 2	81 2	69 2	41 2	84 1	9 1	28 1	54 1	30 1	5 1	85 1	65 1	20 1	56 9	18 1	35 1	14 4	26 1	58 1	80 4	10 3	86 1	33 1	46 3	79 1	27 2	50 2	96 1	7 2	67 1	87 1	57 1	11 3	32 11	16 1	73 1	59 1	0 1	13 2	22 1	43 1	21 1	82 1	77 1	89 2	78 2	24 1	60 1	48 4	92 1	55 2	36 2	66 1	95 2	88 1	34 2	31 1	45 1	64 11	39 3	49 1	74 1	75 2	47 2	94 4	76 1	1 2	98 4	37 2	12 3	68 2	19 2	90 3	2 2	15 1	25 3	6 1	42 1	72 6	71 1	61 2	23 5	17 5	44 1	63 3	83 1	53 3	8 2	3 1	40 1	91 1	99 1	97 1	38 1	70 1	62 1	51 1
13 7	46 2	77 1	57 1	38 1	26 2	14 2	6 4	17 2	87 2	21 1	39 8	28 1	25 1	3 1	10 3	74 2	67 1	60 2	63 1	78 3	9 2	7 2	30 4	98 2	80 1	18 2	2 1	85 1	23 1	44 2	82 1	59 2	33 3	40 1	69 1	31 1	12 3	81 6	79 1	20 1	47 2	29 2	89 3	86 3	19 5	56 1	32 1	53 5	58 1	62 1	37 6	83 1	55 2	22 2	72 1	90 1	5 2	94 1	66 5	1 3	15 1	27 6	8 5	16 1	99 5	84 1	24 7	51 2	4 2	43 2	34 2	41 1	50 3	11 2	71 1	61 3	48 1	75 1	92 1	97 1	0 1	70 1	95 2	49 4	91 1	73 1	96 1	36 1	65 1	35 2	54 2	68 1	88 1	45 1	64 2	76 1	42 3	52 4	93 2
6 2	85 1	91 5	77 1	59 1	64 2	20 2	40 5	89 1	71 1	30 1	10 2	57 1	45 3	9 2	11 4	53 2	92 1	63 1	83 2	87 1	95 3	80 1	78 4	8 3	62 1	43 5	75 1	81 1	73 1	29 3	84 8	48 1	28 2	17 4	82 1	21 4	76 2	18 1	55 5	22 1	25 1	7 2	54 2	49 1	15 1	98 1	5 3	36 1	66 2	19 2	68 3	39 1	70 8	0 4	16 1	44 2	47 1	79 2	74 2	93 6	4 1	3 3	86 3	37 1	24 2	94 3	32 2	69 2	13 5	42 1	23 3	56 1	90 3	41 2	31 1	26 1	58 1	50 3	46 1	99 2	34 1	12 2	72 1	60 1	38 4	65 2	14 1	67 1	27 2	97 1	33 1	52 1	96 1	35 2	51 1	2 2	1 9	61 5	88 2
47 2	32 1	99 2	9 2	0 1	44 1	35 1	75 4	91 2	2 1	70 1	21 1	58 1	48 2	72 1	5 1	54 2	90 3	42 5	52 2	87 3	39 2	3 6	16 2	28 1	69 1	74 2	81 3	11 3	26 2	10 3	51 1	31 1	17 6	77 3	38 3	86 1	7 1	95 1	40 1	37 1	60 4	76 1	64 3	82 2	33 1	15 1	68 1	73 1	55 1	41 1	92 1	19 2	80 3	12 1	22 3	98 2	93 2	24 4	49 1	88 1	14 1	59 1	6 3	65 1	57 2	50 2	96 1	85 1	67 4	62 1	43 3	29 2	20 5	89 1	46 2	36 1	30 3	53 1	56 3	4 2	18 1	8 2	71 1	45 1	84 2	83 3	78 2	63 4	79 1	1 1	94 4	34 3	66 2	61 2	27 5	25 3	23 1	97 3	13 6
73 2	18 3	2 1	30 1	95 2	0 1	78 1	85 2	56 2	60 2	21 2	24 4	77 4	8 1	50 3	75 2	10 1	43 1	49 4	65 4	40 1	11 1	82 3	41 1	87 1	1 1	88 2	93 1	66 2	52 1	68 1	33 3	47 1	26 2	13 2	61 1	3 1	16 4	72 3	6 1	99 4	22 3	28 1	46 1	27 1	81 2	62 1	69 1	15 1	80 5	37 1	36 1	92 3	38 1	89 1	51 1	58 3	91 5	59 2	20 1	32 1	29 6	71 3	64 2	57 1	19 1	39 6	98 2	42 3	74 1	84 3	96 4	48 1	90 2	4 3	76 2	54 6	34 1	5 1	94 1	86 4	63 1	70 1	55 2	23 2	83 1	97 6	79 1	17 1	67 1	14 2	9 1	45 2	12 2	35 1	7 4	25 2	31 1	53 1	44 1
63 2	22 2	1 2	87 1	57 1	56 1	30 2	18 3	51 1	86 1	72 1	55 4	70 1	6 4	77 8	96 2	16 3	3 1	84 3	49 1	67 1	21 4	35 5	85 2	91 1	8 1	54 1	93 3	40 2	31 2	98 1	64 1	76 1	41 1	27 4	14 1	34 1	26 4	10 1	94 1	60 1	23 2	48 3	39 2	69 1	62 3	45 2	58 1	88 1	29 2	66 3	74 5	19 1	78 2	32 1	15 2	81 4	65 1	20 1	0 2	97 1	11 4	89 2	37 1	80 1	82 1	47 1	33 5	25 1	73 1	50 1	24 3	53 1	12 3	75 1	59 1	7 3	42 6	92 2	99 3	2 1	9 1	44 1	17 1	68 1	5 2	43 1	46 1	13 1	90 1	38 1	83 1	95 4	52 1	36 8	4 1	79 1	71 1	61 1	28 12
49 1	85 1	75 1	83 1	11 3	88 1	97 1	6 1	10 2	68 3	48 3	1 1	7 3	99 2	72 2	32 1	12 3	39 6	96 3	43 2	56 1	67 1	66 1	27 1	40 1	14 1	17 1	26 4	23 2	47 2	90 1	2 1	9 2	21 1	15 1	79 2	0 2	71 2	20 3	8 3	86 1	70 1	82 3	57 3	80 3	50 1	38 1	36 1	53 2	61 1	58 1	16 1	76 1	81 1	44 5	84 3	18 11	73 3	62 2	45 1	42 1	52 2	89 1	30 4	5 5	60 4	91 3	3 3	28 2	37 2	4 2	35 1	31 3	78 3	92 3	74 3	51 2	94 3	87 1	65 1	54 1	63 6	22 3	34 1	77 4	93 2	46 3	24 2	64 1	19 1	29 1	41 3	98 1	25 5	59 1	95 1	33 1	55 6	69 1	13 3
1 1	35 1	55 2	20 4	24 2	66 1	12 1	25 2	57 2	18 1	82 2	30 3	87 2	93 2	53 2	34 1	31 1	80 1	4 7	15 2	48 1	37 2	3 1	28 2	81 1	49 2	69 1	71 1	99 1	65 2	17 1	68 1	22 1	36 1	8 3	16 2	94 2	54 4	0 1	7 3	83 7	38 1	47 2	59 2	41 1	51 1	79 1	23 1	88 2	42 5	26 2	63 4	11 1	21 2	60 1	46 1	27 11	76 2	74 1	2 1	56 2	75 2	92 1	45 3	52 1	32 7	43 4	97 1	95 3	10 2	91 1	70 1	96 1	77 1	29 1	9 2	64 2	13 3	67 1	84 1	33 2	78 8	50 1	40 2	39 3	61 1	98 2	6 3	90 5	14 7	72 1	73 1	62 1	86 1	5 3	58 7	89 1	44 1	19 1	85 1
81 1	87 1	90 1	84 5	55 2	24 1	19 1	25 3	48 6	15 4	57 1	6 1	69 1	9 2	11 1	5 2	36 1	22 2	62 1	23 1	50 10	21 1	65 2	39 3	83 2	86 2	3 5	38 1	34 1	93 2	68 2	82 1	40 1	70 4	72 3	67 7	44 1	76 1	61 5	77 1	66 5	33 1	91 2	37 2	20 3	95 1	51 1	30 2	58 3	10 2	74 2	14 4	32 3	71 1	96 4	64 1	75 2	43 1	0 1	97 1	45 1	26 5	80 3	35 1	89 1	79 1	46 1	60 1	31 4	73 3	17 1	47 1	42 10	92 2	27 1	41 2	85 1	54 2	18 2	7 4	99 1	16 3	4 1	78 1	12 2	59 4	94 2	28 1	8 1	53 4	63 2	29 1	52 1	1 1	49 1	98 3	88 4	13 2	56 1	2 1
63 3	22 2	17 2	29 2	67 1	6 5	26 2	8 1	92 3	62 1	12 1	30 1	40 3	21 2	86 3	49 1	56 4	99 6	43 1	41 3	48 1	69 2	71 1	74 2	14 4	15 3	11 5	0 1	10 1	31 4	83 2	84 1	24 1	9 1	50 1	28 3	54 2	68 1	1 2	78 3	70 1	16 1	23 1	90 1	80 1	13 2	85 1	96 2	57 1	51 1	95 1	88 1	97 2	66 1	4 1	75 4	52 6	94 1	46 1	61 1	77 2	35 2	64 1	59 2	2 2	55 3	20 3	36 3	65 1	89 1	34 1	5 3	45 2	33 1	60 1	76 3	58 2	73 2	82 1	44 2	18 3	7 3	37 2	32 4	42 1	87 3	98 3	25 2	3 2	38 3	53 4	93 5	19 2	91 1	47 1	79 2	72 3	39 3	81 2	27 1
78 1	17 2	19 3	95 1	25 1	94 1	83 2	36 2	12 2	99 1	93 1	69 1	27 2	80 1	72 1	26 4	66 4	85 1	87 3	41 1	58 2	79 4	51 2	8 4	35 1	24 1	23 1	74 1	44 5	14 4	75 3	53 1	61 1	67 2	59 1	96 3	6 2	39 1	45 1	38 3	30 2	16 3	92 2	32 3	68 2	88 1	71 1	22 1	55 1	56 3	20 2	31 6	76 5	28 2	81 2	98 1	18 1	86 1	9 1	54 1	1 1	73 1	4 4	29 4	91 1	63 1	37 1	33 3	97 1	3 1	84 1	47 1	11 1	89 2	49 1	7 1	13 1	50 1	15 2	62 1	0 2	90 2	77 2	43 2	57 2	21 1	2 2	34 3	48 1	52 1	60 2	42 1	82 1	64 3	10 1	40 5	46 5	5 6	65 1	70 1
98 1	63 6	45 1	37 1	22 2	82 1	88 1	83 1	2 1	24 10	27 4	79 2	73 5	21 5	95 2	42 4	30 1	61 1	87 2	25 2	59 7	4 1	26 1	23 1	75 2	71 2	5 1	39 1	12 1	43 3	66 3	18 1	69 1	35 1	33 2	29 1	84 1	52 2	10 1	62 3	28 2	94 2	85 4	76 1	77 1	1 1	44 1	54 3	55 5	11 2	19 2	57 1	13 2	0 5	51 1	20 5	81 2	74 2	58 1	91 2	38 1	36 1	92 2	93 1	46 1	72 1	34 2	90 4	15 2	60 2	32 1	8 2	40 3	50 2	17 1	96 6	64 1	47 1	68 4	65 1	80 1	70 1	48 1	16 1	99 1	3 2	89 1	56 2	7 1	67 1	14 2	97 1	49 2	78 1	41 2	53 4	6 2	31 1	86 2	9 3
29 2	81 1	93 3	70 1	22 1	72 2	62 2	61 2	73 1	38 2	37 1	66 2	5 2	7 2	1 1	34 2	63 3	10 4	51 1	74 1	41 1	98 7	42 1	13 6	99 1	2 1	28 1	86 1	59 1	48 1	26 2	76 1	71 1	64 1	6 1	43 2	55 1	46 1	16 1	18 1	65 1	36 3	53 2	45 1	39 2	91 2	19 2	9 1	92 5	33 3	84 1	49 2	8 5	50 1	56 1	88 6	90 2	54 1	11 1	30 4	80 1	79 1	69 2	89 1	60 4	58 1	17 1	25 1	96 2	87 3	47 2	77 1	52 1	27 1	83 1	0 2	68 1	35 3	3 2	31 4	95 1	78 1	57 9	75 1	15 1	44 2	12 2	40 2	14 1	20 1	85 1	21 2	23 4	94 6	97 1	4 2	82 4	32 2	24 3	67 1
79 1	19 2	23 2	3 3	13 1	37 1	70 1	67 2	9 1	20 3	39 1	41 7	47 1	55 1	72 1	8 2	90 3	7 5	88 1	15 1	65 5	61 2	48 1	76 2	77 1	29 1	69 1	99 1	10 2	26 3	42 1	80 3	46 1	43 1	91 1	62 1	97 1	30 4	32 1	51 1	17 3	98 2	71 1	74 3	93 1	2 3	63 1	81 1	68 1	0 2	5 1	18 1	31 4	21 2	16 2	58 3	84 2	49 1	64 2	60 3	22 2	40 1	36 1	59 4	44 1	78 2	45 7	1 2	14 2	27 1	95 2	52 3	4 5	66 1	92 1	86 2	89 1	94 1	96 3	33 1	85 5	82 2	83 3	35 1	73 1	38 2	6 3	25 1	28 2	12 1	56 3	53 1	24 5	34 2	54 2	87 1	50 1	11 3	57 2	75 1
97 1	60 1	55 1	68 4	21 1	54 1	28 1	14 1	96 4	23 1	84 1	92 3	16 1	90 1	11 1	39 2	53 1	36 3	15 1	40 2	69 2	20 1	19 1	2 1	33 1	32 1	95 5	76 2	61 2	89 1	74 2	72 3	44 1	77 5	85 1	0 1	17 1	91 2	70 2	34 2	5 2	52 1	6 2	41 2	81 2	56 2	64 1	27 1	57 2	94 1	38 1	29 1	26 1	49 3	7 1	88 1	43 1	48 2	67 1	80 2	31 1	78 1	13 1	86 2	79 2	98 3	4 2	73 2	71 3	93 4	65 2	82 3	37 2	24 3	42 1	45 2	59 1	35 2	12 1	63 2	83 1	30 3	51 3	50 3	25 1	47 1	9 6	8 2	66 1	75 3	1 3	10 4	99 1	22 1	3 3	46 1	18 3	58 1	87 3	62 1
22 2	11 2	50 3	44 1	57 1	42 1	75 1	59 4	86 1	55 1	63 1	65 2	33 1	88 4	45 1	25 3	10 4	58 7	82 1	12 3	19 2	74 1	34 6	81 2	61 1	23 1	6 2	92 1	2 2	0 3	43 1	67 2	71 2	89 4	15 2	17 2	1 2	18 1	51 4	56 3	16 1	85 1	53 3	96 4	84 1	7 1	83 2	8 1	49 1	35 2	9 1	36 3	54 1	64 1	41 7	97 3	3 3	48 7	40 2	4 2	46 1	26 1	80 1	14 2	72 1	69 3	99 1	77 1	5 7	20 3	91 3	47 2	13 1	78 1	90 3	24 2	79 2	94 3	95 3	37 2	68 3	93 1	73 3	87 1	60 1	39 1	98 4	28 3	29 3	76 1	27 1	30 1	70 1	66 1	52 1	32 1	21 4	62 2	31 1	38 1
56 1	13 3	67 2	72 1	62 1	6 1	58 1	78 2	97 2	42 1	92 2	93 2	64 1	94 1	91 1	5 1	43 2	79 5	99 2	33 1	87 2	37 2	59 1	24 1	8 1	55 1	23 5	61 1	84 1	41 3	11 1	16 4	22 1	4 1	51 1	10 3	49 1	48 2	30 1	50 1	75 1	19 4	20 1	54 1	34 2	65 1	15 1	39 2	28 5	66 1	82 1	96 5	36 1	2 2	69 3	18 1	52 5	80 1	25 2	89 1	7 2	32 2	9 1	71 1	38 2	26 1	21 1	14 2	0 1	44 2	12 2	86 2	74 1	35 2	98 2	77 1	81 3	46 2	57 1	53 1	70 3	90 1	29 3	3 1	31 2	68 1	73 1	40 1	17 3	63 1	95 3	47 1	27 5	88 1	45 2	76 2	60 2	83 3	85 2	1 1
2 4	79 1	36 1	25 4	26 2	44 1	82 3	68 3	51 2	15 1	20 3	64 1	58 1	63 1	30 5	78 1	46 2	27 1	80 1	98 4	17 1	35 4	13 3	29 2	62 3	65 1	10 2	48 1	55 6	90 1	19 1	42 1	53 1	75 4	40 3	16 2	7 2	33 1	21 4	0 1	45 3	59 1	97 1	38 1	93 1	24 2	95 1	6 1	88 1	69 4	76 1	4 2	56 1	49 1	83 2	87 2	89 1	71 4	94 1	67 1	52 1	23 3	96 1	91 1	9 2	66 7	43 2	92 1	39 3	31 3	50 1	8 2	12 2	85 1	5 1	14 1	77 2	74 3	41 3	1 1	70 1	84 2	81 2	22 1	32 2	72 1	34 1	18 4	54 1	47 3	37 2	28 3	99 1	57 2	60 5	86 6	61 1	3 1	73 3	11 6
50 2	13 1	67 1	47 5	5 2	79 1	69 1	91 3	21 1	51 3	49 2	80 1	28 2	59 1	22 1	15 1	81 5	89 1	84 3	11 2	65 1	83 3	66 2	74 1	61 2	52 1	32 1	12 2	77 1	9 1	33 1	40 1	97 1	31 1	41 1	86 1	53 2	2 1	92 1	48 2	64 1	99 3	23 1	71 3	54 1	44 2	70 2	30 3	96 1	0 1	34 1	63 4	58 1	14 2	6 1	35 4	85 1	73 2	46 1	4 1	56 2	82 3	68 1	18 4	93 2	42 1	36 2	17 1	78 2	45 5	88 2	25 5	43 1	76 4	19 1	62 1	98 1	10 2	72 1	57 1	24 1	8 2	55 6	90 2	3 2	1 1	39 3	94 1	16 1	7 1	95 1	37 5	60 3	20 1	75 4	29 1	38 2	26 3	87 2	27 1
37 1	70 2	0 2	6 2	86 1	12 1	44 4	33 1	62 1	92 3	55 1	1 2	77 1	96 1	50 4	90 1	9 1	34 1	78 1	25 2	36 1	93 1	17 2	27 2	79 1	3 2	87 3	30 1	73 3	52 2	72 2	71 1	99 1	20 1	91 1	24 2	75 1	98 1	4 1	42 1	19 3	76 1	41 5	61 3	68 1	67 3	63 1	45 1	18 3	2 6	88 1	5 1	74 2	82 1	47 4	38 2	28 2	14 1	40 1	11 2	32 3	65 1	8 1	10 2	56 2	48 6	23 1	53 2	51 2	54 3	26 1	57 2	97 2	16 1	84 1	7 7	94 2	46 3	43 1	15 1	59 4	80 2	35 2	95 1	69 1	58 1	49 1	29 1	13 5	85 1	83 3	31 1	64 2	21 4	81 5	89 2	22 1	39 2	60 3	66 7
46 1	87 1	67 4	85 2	36 1	66 5	99 1	48 2	5 1	94 2	73 1	55 1	95 2	90 1	59 1	3 2	37 2	23 1	16 1	70 2	50 1	86 1	84 1	34 2	43 1	98 1	28 1	1 2	63 1	38 3	62 2	25 1	19 1	49 1	18 3	31 5	91 1	26 2	72 1	56 1	77 2	30 3	15 1	65 2	10 4	11 3	41 1	93 1	96 2	97 1	53 2	82 2	6 1	71 1	74 2	60 1	40 2	4 1	13 3	14 1	12 1	45 1	2 1	7 1	42 1	24 2	32 1	52 2	33 1	88 2	21 2	29 1	81 6	8 1	20 1	9 1	47 2	68 1	89 1	35 5	0 3	83 2	69 4	17 2	22 2	92 1	58 3	75 1	27 1	54 1	64 1	61 1	44 2	57 1	76 2	80 2	79 2	51 1	78 1	39 1
10 2	95 1	86 2	87 2	60 2	58 3	51 1	12 1	59 2	97 1	99 2	15 1	82 1	66 3	76 1	5 1	13 1	27 1	39 1	79 1	9 2	96 1	35 3	43 2	42 1	37 2	4 1	55 1	48 1	47 3	2 1	84 1	21 1	38 2	85 2	3 1	16 1	70 1	89 1	44 2	0 2	61 1	24 2	6 3	7 2	72 1	52 1	90 4	74 1	22 2	17 1	54 1	83 3	57 1	53 1	81 1	93 1	25 1	8 4	34 2	68 4	31 2	56 1	71 2	65 3	63 1	46 1	11 1	50 2	91 3	62 1	26 2	67 2	18 3	1 2	77 1	69 7	19 1	45 2	92 1	94 2	20 1	78 1	80 2	23 3	14 1	75 1	33 1	49 1	40 1	32 1	41 1	88 1	64 4	73 1	30 3	28 4	98 1	36 1	29 1
54 1	73 1	3 1	2 2	69 1	42 1	26 2	21 2	53 3	49 2	14 1	48 1	45 1	84 2	56 5	64 2	44 1	59 1	67 1	83 1	0 2	81 2	20 1	62 8	52 1	35 3	41 2	46 1	29 2	19 3	58 1	32 1	88 2	24 2	99 2	75 2	4 3	6 3	50 2	92 2	37 2	30 1	70 1	95 1	28 1	68 5	61 3	51 1	33 1	5 3	98 3	91 1	79 2	7 1	12 5	16 2	97 1	72 1	78 1	25 2	15 1	65 4	43 1	34 1	96 1	63 1	39 2	17 3	36 3	55 1	60 1	94 1	85 1	77 1	40 2	9 11	18 4	13 2	89 1	10 2	38 1	80 1	8 2	71 2	82 2	22 3	1 3	11 3	76 1	90 2	31 1	23 1	87 2	86 1	57 2	27 3	66 2	74 4	93 4	47 1
7 1	22 1	46 1	89 4	95 2	93 2	28 2	90 3	50 4	81 1	17 3	12 4	68 2	78 1	59 3	3 2	60 2	84 5	86 1	24 1	6 5	83 3	45 2	91 1	82 6	58 1	56 2	13 2	87 1	42 1	37 4	79 3	44 5	4 1	75 2	51 2	57 4	76 2	74 1	43 1	23 1	16 5	71 3	9 1	15 2	85 2	98 1	30 2	99 2	67 1	26 1	8 3	80 1	88 2	62 2	31 5	40 3	92 1	49 3	10 2	73 2	53 3	48 2	21 2	25 1	96 3	14 1	55 1	27 1	36 4	52 1	32 1	63 2	65 1	29 4	61 5	66 1	69 3	19 3	41 4	64 1	20 3	39 2	77 2	18 3	2 1	94 1	5 1	35 1	33 4	70 2	34 2	97 4	72 3	1 1	11 3	54 1	0 1	47 4	38 2
57 1	38 1	7 1	13 2	56 1	45 2	77 5	63 4	42 3	10 3	3 1	1 3	88 1	36 3	34 1	26 1	90 1	81 2	61 1	52 1	14 1	69 1	64 1	15 1	4 3	53 2	46 1	32 1	75 4	54 1	82 4	84 1	47 3	11 3	59 2	67 2	71 1	23 2	39 1	43 1	94 2	27 2	12 1	48 1	73 2	24 1	83 3	95 1	44 1	51 1	29 2	35 6	91 2	74 1	40 2	18 1	97 1	99 1	30 1	60 3	41 2	5 1	80 4	2 2	86 3	22 3	76 1	93 2	92 2	0 2	8 1	19 3	85 1	70 1	33 1	6 1	89 2	96 1	87 1	31 1	25 1	68 2	62 2	79 6	98 1	17 5	20 2	37 3	58 1	72 1	16 2	21 2	50 1	78 1	49 1	28 4	65 2	55 2	66 1	9 1
97 1	0 2	73 1	96 1	13 1	62 3	4 1	5 1	60 1	12 1	19 1	69 1	32 1	54 4	84 1	33 2	20 3	10 1	76 2	49 1	64 1	40 3	55 4	82 1	63 3	1 1	86 2	7 1	88 3	6 1	31 3	75 2	39 2	15 1	43 6	41 2	74 6	67 1	68 1	50 3	42 1	71 1	44 2	21 3	3 1	52 2	61 3	17 2	81 1	91 1	48 3	57 2	30 1	34 1	18 3	23 4	47 3	56 2	80 2	16 1	65 1	28 1	92 2	25 2	66 3	45 1	87 3	24 1	37 2	83 2	9 7	58 2	77 2	14 1	98 3	90 2	95 1	59 4	53 2	85 1	70 2	93 2	11 1	51 2	22 1	2 2	36 1	79 1	46 4	94 2	35 5	29 3	26 1	89 1	99 3	78 1	72 1	38 1	27 4	8 2
9 1	19 1	45 1	38 1	24 5	65 1	74 2	89 2	27 1	20 3	67 3	78 1	72 2	10 4	7 2	87 2	58 2	25 1	60 1	62 1	15 4	95 2	92 2	68 2	6 2	71 2	86 6	96 1	88 4	4 1	1 1	98 1	59 2	53 1	79 3	16 1	51 2	0 2	48 2	81 3	77 1	90 8	73 1	49 1	18 2	57 2	54 1	80 1	84 3	21 1	43 2	94 1	82 3	5 1	66 2	47 1	75 4	17 3	23 1	64 1	69 3	44 1	36 2	97 1	93 2	42 2	56 1	76 3	30 2	31 2	11 2	91 1	50 1	8 4	35 2	37 1	61 1	34 2	40 4	63 7	22 1	83 1	70 4	41 2	99 3	13 1	85 1	33 4	12 4	3 1	39 1	26 1	28 1	46 3	32 1	2 1	29 4	52 2	14 1	55 2
50 1	96 2	1 4	56 3	67 1	5 5	19 2	55 2	45 1	3 1	41 4	62 1	30 1	76 1	15 4	27 1	29 1	46 2	47 5	91 1	65 2	14 1	25 6	98 2	78 1	75 1	90 3	26 4	36 2	34 2	66 1	0 3	38 2	54 1	61 2	81 1	84 1	12 2	35 4	31 5	9 4	43 3	64 2	92 1	63 4	21 1	37 4	32 1	93 1	40 3	23 1	8 1	95 2	42 1	85 1	59 2	13 1	87 3	17 4	82 3	20 1	80 2	79 2	2 5	49 1	11 7	33 1	6 2	44 1	94 2	58 1	74 2	60 1	52 2	39 4	88 1	83 1	48 1	24 3	89 2	68 1	77 1	99 1	72 2	51 5	4 1	22 1	71 1	69 1	97 2	70 1	86 1	7 1	73 2	10 4	53 1	28 2	18 2	57 3	16 4
87 2	62 1	53 1	5 1	99 1	89 1	54 1	56 1	91 1	81 2	48 4	36 2	70 5	33 3	24 3	0 2	38 1	55 6	97 1	18 3	43 6	90 4	83 1	69 2	9 1	47 3	40 1	67 3	93 1	71 2	74 2	27 3	42 1	16 2	35 2	46 2	95 3	84 1	79 1	7 1	65 5	51 2	4 2	88 2	22 3	2 3	66 1	11 3	19 2	34 2	31 1	77 9	28 1	59 2	12 3	3 1	86 3	1 1	72 1	32 1	6 3	61 1	30 2	96 2	49 4	41 2	75 1	39 3	82 1	98 1	60 1	21 1	20 1	58 1	85 2	37 1	64 4	92 1	14 3	63 1	44 1	10 1	94 3	29 6	68 1	45 1	80 1	50 4	13 2	26 1	15 2	17 1	73 1	78 3	8 1	25 2	57 2	76 1	52 2	23 3
42 1	1 1	12 1	41 1	93 1	6 3	81 2	63 1	5 1	51 1	94 5	24 1	34 2	40 2	48 4	53 2	79 3	75 2	85 2	47 2	27 2	78 1	30 2	58 2	97 5	87 1	33 1	10 3	72 5	99 1	90 1	80 1	83 1	98 1	13 4	86 1	36 1	7 1	66 1	84 2	9 1	8 1	62 5	95 2	68 1	70 1	31 1	22 1	82 1	64 1	4 1	0 2	60 1	3 1	19 1	45 2	14 3	29 1	38 5	65 1	35 3	55 1	2 1	71 1	67 6	52 1	25 3	54 1	23 3	89 2	21 2	49 2	56 3	32 2	37 4	91 2	76 4	59 1	46 2	88 1	20 1	39 2	73 3	44 1	28 1	18 1	16 1	11 5	69 2	92 1	57 1	15 1	17 1	43 2	77 4	61 1	74 1	26 2	50 2	96 2
99 1	84 2	30 3	78 5	91 1	73 5	22 6	63 3	21 7	23 3	49 1	31 1	26 2	59 8	17 1	81 1	98 2	33 2	62 4	77 3	36 1	80 1	18 2	10 4	39 2	74 1	90 1	12 1	51 3	15 1	96 1	64 1	28 4	42 2	9 2	60 1	45 1	56 4	54 1	58 1	32 2	6 1	4 5	69 1	70 1	29 1	1 1	8 1	40 1	25 1	34 3	47 5	43 1	88 1	14 1	27 5	0 13	38 1	11 1	93 2	48 1	41 2	67 4	86 4	83 1	79 1	20 2	65 1	53 5	37 1	55 2	76 1	5 3	66 7	13 1	24 2	57 1	44 1	95 1	61 2	92 3	19 2	7 1	72 1	71 1	52 4	97 2	85 2	89 1	3 1	82 1	2 1	16 2	75 3	35 1	94 1	87 1	46 1	50 1	68 3
86 2	35 1	96 4	19 2	65 3	8 2	16 2	41 5	85 3	93 2	81 2	55 2	45 3	88 1	30 10	84 1	37 1	82 1	23 2	77 1	47 1	3 1	58 2	94 8	43 1	42 1	44 3	72 1	10 4	28 1	98 1	78 2	74 1	71 1	46 1	51 2	4 1	49 1	25 3	24 1	90 1	53 4	63 1	1 2	6 2	68 1	17 1	61 1	89 1	83 2	38 1	27 1	0 2	73 3	54 1	13 1	56 1	60 1	11 1	79 3	76 1	9 3	18 5	32 1	36 7	50 3	22 2	14 1	80 1	48 1	57 1	70 4	92 2	62 1	12 1	69 1	87 8	15 2	97 1	99 4	75 1	59 1	20 6	21 6	40 1	52 3	66 2	33 1	64 1	91 3	5 2	67 2	34 1	39 1	7 2	95 1	31 1	26 2	2 1	29 1
37 1	9 1	95 4	90 3	4 2	93 3	47 2	49 5	81 1	67 3	94 2	16 1	39 2	22 2	41 2	35 1	96 3	79 2	61 2	69 1	44 1	65 4	51 6	97 2	71 1	48 1	12 1	7 4	86 3	92 2	14 2	34 1	78 5	56 1	33 1	83 1	62 2	84 1	1 2	46 3	45 1	6 1	70 4	10 2	25 2	72 5	76 2	36 2	18 1	58 2	43 1	89 3	20 1	98 1	52 3	27 8	0 5	99 3	42 1	11 1	13 2	31 1	63 2	29 2	73 2	26 1	21 4	60 5	53 4	64 1	50 3	77 1	30 1	88 3	66 2	40 1	24 2	80 1	82 1	3 4	74 2	54 1	55 1	91 1	2 2	19 1	59 2	57 1	38 1	5 3	17 3	28 1	75 1	23 2	32 1	8 2	87 1	68 2	85 1	15 1
61 1	1 1	55 1	8 1	47 3	77 1	76 2	28 2	2 1	39 1	46 2	33 1	14 2	15 1	73 1	87 2	93 1	22 1	17 1	69 3	29 1	49 2	92 1	27 2	36 1	6 2	26 1	37 3	82 1	91 4	80 5	68 2	13 1	24 2	43 1	20 1	67 4	18 2	81 2	96 2	11 2	98 1	4 2	97 2	52 4	32 2	88 1	60 2	0 1	48 2	59 1	89 3	41 3	5 2	65 1	94 5	58 3	19 1	21 1	34 2	51 2	10 3	35 2	3 2	74 2	40 1	95 1	79 1	38 4	50 1	64 4	25 1	56 1	71 1	86 2	70 4	54 2	85 2	99 2	57 1	30 1	84 1	7 1	31 1	66 2	72 1	42 1	16 4	12 3	23 5	9 2	62 2	45 4	78 1	75 1	90 1	83 3	63 1	44 1	53 1
57 1	93 1	53 4	85 2	34 8	87 1	45 1	22 3	62 1	61 1	29 6	28 2	8 2	54 1	86 1	11 2	68 2	41 1	82 2	2 2	21 1	9 1	36 3	55 1	32 3	7 6	90 1	46 2	80 3	49 2	35 2	31 1	15 1	58 2	72 2	75 1	71 1	10 1	66 1	94 1	42 2	70 4	43 1	59 4	83 1	47 6	14 1	44 2	91 3	40 2	48 4	24 3	77 2	56 6	88 1	50 2	78 1	1 1	95 2	3 1	17 1	23 8	18 4	65 1	6 2	51 2	37 1	76 2	13 1	92 1	97 1	96 1	26 1	89 1	73 6	84 5	20 6	4 2	52 3	63 4	19 3	38 6	5 1	12 2	30 1	98 1	64 1	81 1	74 2	67 2	99 2	33 5	25 4	60 1	79 3	69 2	16 3	39 2	27 2	0 1
86 1	98 1	58 6	44 1	77 2	20 1	75 3	52 1	89 4	7 1	51 2	35 1	73 1	91 7	26 2	71 3	92 3	9 1	90 2	94 2	25 2	34 5	59 6	93 1	95 2	47 1	81 1	85 2	68 2	24 1	87 2	82 1	50 2	66 1	96 1	53 4	8 7	6 1	67 2	30 2	60 1	27 1	49 4	45 2	41 1	36 1	38 3	37 1	33 1	0 5	61 2	65 3	28 1	80 1	18 2	48 2	23 1	57 1	32 2	99 1	76 1	54 2	1 1	3 1	29 1	13 2	4 2	43 1	55 2	17 1	22 1	56 1	19 1	21 1	11 1	46 3	97 1	63 3	64 2	83 3	14 3	10 1	69 2	88 1	70 2	31 1	39 1	40 1	16 1	15 2	78 1	62 2	74 1	79 2	72 1	84 3	2 2	42 1	12 3	5 1
43 2	70 1	48 3	74 1	82 1	2 1	66 1	4 3	9 1	99 2	78 3	98 2	39 2	72 3	18 2	25 2	37 1	84 6	10 2	51 1	38 4	16 1	27 2	34 1	61 1	67 1	92 1	93 2	3 2	52 1	1 1	86 1	46 5	14 1	73 1	47 1	23 2	24 2	6 5	13 4	58 1	90 1	42 1	77 2	88 2	19 2	87 2	45 1	11 3	63 2	12 1	62 2	40 1	49 3	30 3	85 1	68 1	50 5	22 4	97 4	36 3	20 4	15 3	76 3	17 1	79 1	96 3	28 1	81 3	56 5	80 3	32 1	5 2	69 2	83 3	54 1	91 2	26 3	8 1	75 1	53 2	71 1	33 2	55 1	21 2	59 1	31 3	44 1	65 1	64 1	94 1	95 1	60 1	57 1	41 1	35 1	0 1	89 1	29 2	7 1
89 1	52 3	43 3	47 2	16 1	78 1	17 5	99 2	58 1	42 1	63 4	48 1	56 4	60 1	94 2	24 1	85 1	31 1	68 1	70 3	72 5	90 2	20 2	80 3	4 2	82 2	49 2	1 1	32 2	14 4	97 3	7 1	69 1	45 2	30 2	87 3	41 1	6 1	71 2	74 1	84 2	53 2	50 3	36 1	83 1	81 1	27 3	62 1	40 2	3 1	77 1	93 1	25 3	54 6	23 4	88 1	8 2	12 1	11 2	28 4	19 1	15 2	96 3	37 1	67 1	26 1	61 3	35 2	34 6	51 6	75 2	18 1	2 4	46 1	91 2	10 1	95 1	65 1	76 1	55 1	0 5	5 3	57 4	39 3	38 1	79 2	29 2	98 2	64 1	9 2	86 1	22 2	13 1	33 1	44 2	66 1	21 3	92 3	59 1	73 2
90 2	61 3	30 3	42 1	88 2	10 3	78 1	75 2	52 3	80 7	96 1	50 2	9 4	35 1	41 1	4 1	77 2	25 1	45 2	70 1	3 2	62 2	38 1	1 1	23 3	85 2	40 3	91 3	76 3	14 1	6 1	46 2	17 1	19 2	66 1	48 1	57 1	95 2	32 1	0 4	12 1	33 2	22 1	69 3	15 2	72 2	67 2	44 3	56 5	53 2	2 2	68 2	87 1	18 1	55 2	64 2	97 1	94 2	29 3	16 2	5 1	51 1	39 1	13 5	79 1	26 3	58 1	36 1	63 1	84 3	49 2	24 4	8 3	34 1	43 1	99 6	92 2	54 3	37 1	82 2	74 1	71 1	65 1	59 3	31 3	7 2	93 10	98 3	89 6	86 1	47 2	28 1	20 2	11 1	60 1	73 3	27 1	81 1	83 1	21 3
31 1	82 4	33 2	20 1	12 4	30 7	52 6	23 1	62 1	19 1	77 1	47 1	26 2	16 1	70 2	84 4	35 2	64 1	41 2	24 3	21 1	42 2	71 4	7 3	32 2	2 1	72 3	93 2	4 1	97 1	66 2	43 3	68 3	57 1	22 1	50 1	79 1	98 2	92 2	11 1	76 1	48 2	18 2	25 2	49 2	88 2	29 1	51 1	45 2	78 1	87 2	91 2	0 2	63 2	13 2	15 3	99 3	65 1	74 1	89 1	94 1	39 4	60 4	38 4	9 1	36 2	53 2	44 1	5 2	80 1	55 2	17 2	1 2	28 1	54 1	86 2	95 2	8 1	59 1	90 4	81 3	75 3	67 2	58 5	10 1	61 3	56 1	3 1	83 2	37 2	34 3	73 3	96 1	85 3	27 7	40 1	69 3	6 1	46 2	14 1
63 1	42 3	47 1	44 1	23 3	19 2	59 1	61 3	99 6	43 2	11 2	9 1	37 3	12 1	24 1	56 1	71 3	49 2	98 5	41 3	64 2	84 1	48 1	85 4	40 3	87 3	68 1	94 1	60 3	46 1	20 2	58 2	89 1	39 1	90 3	77 1	76 3	5 1	27 2	36 3	80 3	28 7	95 1	93 1	4 2	16 1	3 1	22 1	53 1	34 3	73 1	35 1	38 1	96 1	57 3	26 1	74 1	70 1	72 1	78 3	10 2	50 2	79 1	52 3	54 1	82 1	66 1	13 2	29 1	55 1	21 4	7 1	15 1	6 3	86 1	51 1	67 1	0 3	81 3	31 1	2 1	32 1	17 2	33 1	8 4	83 3	91 1	92 6	88 3	65 2	69 4	30 1	97 1	62 1	75 1	1 2	18 7	14 2	45 2	25 6
79 3	30 2	8 2	54 1	17 2	98 2	90 1	78 2	0 1	18 1	32 3	27 1	26 1	76 2	59 3	58 4	92 2	94 2	46 1	65 1	50 2	64 1	28 3	69 1	77 1	20 1	19 2	31 2	25 1	51 2	74 1	84 1	61 2	89 6	35 4	34 3	4 1	57 4	75 3	14 2	83 5	88 5	22 2	1 1	96 1	73 2	80 1	68 3	16 2	71 3	42 2	53 3	55 2	72 1	52 3	86 2	99 1	67 1	44 1	37 3	24 1	12 2	39 2	38 1	15 1	40 2	10 4	13 3	11 2	5 1	47 1	82 2	49 3	70 1	63 1	7 1	41 1	91 1	6 2	3 1	66 1	2 1	87 2	95 1	33 1	48 2	97 1	56 2	81 1	36 1	85 1	93 2	62 1	21 1	9 1	23 1	60 2	43 3	29 1	45 5
72 2	68 2	67 4	36 2	66 1	6 1	7 1	43 8	83 3	32 2	39 3	78 4	49 2	77 1	37 4	41 5	91 1	61 2	11 2	14 1	46 1	75 2	28 2	98 2	97 3	22 4	38 1	52 1	27 1	88 1	86 2	79 2	57 1	35 1	60 5	59 2	4 2	81 2	24 1	2 1	65 1	70 1	92 1	90 1	69 2	76 1	9 3	42 2	10 8	82 2	48 2	85 2	62 1	21 1	40 1	26 2	44 2	53 1	58 2	25 2	89 3	55 3	17 2	84 1	50 3	99 1	0 1	31 5	74 1	56 2	20 2	64 3	87 1	63 2	1 2	80 1	30 1	13 1	3 2	5 1	15 2	73 2	23 5	94 3	33 1	54 2	95 3	47 1	29 2	18 1	71 3	8 6	96 2	19 1	51 1	12 1	34 3	16 3	45 2	93 1
87 1	11 2	86 2	10 3	13 4	96 1	61 2	79 2	32 1	98 2	67 1	64 3	44 3	35 2	68 2	14 3	82 1	88 1	65 1	85 3	81 2	19 4	8 4	12 4	46 2	66 1	51 1	80 1	9 1	37 2	47 1	15 1	89 1	17 1	40 1	5 1	76 1	29 2	1 4	99 1	50 3	78 1	83 4	94 1	41 4	97 1	91 1	2 2	0 1	77 2	38 1	53 1	71 2	57 2	90 2	7 2	18 1	6 1	52 2	4 2	39 10	95 2	84 1	62 2	36 1	31 1	70 1	33 2	72 1	24 4	73 1	27 3	58 4	26 2	30 3	22 1	74 1	45 1	48 1	92 1	55 1	75 4	16 1	63 1	42 2	21 1	20 1	56 1	54 2	28 2	69 1	25 3	93 1	43 3	60 8	23 2	49 4	34 1	3 2	59 1
84 1	71 1	50 4	91 1	51 1	55 1	14 2	7 1	97 2	29 3	5 2	77 4	39 2	56 1	46 1	22 1	31 2	81 1	74 3	25 1	23 4	49 1	8 1	15 1	76 3	90 5	6 2	13 1	83 1	36 2	60 2	37 1	2 1	82 2	80 1	32 1	26 4	63 1	86 2	47 3	69 2	33 1	53 3	52 1	62 2	11 1	44 1	70 1	1 1	19 1	95 1	9 3	96 2	68 1	57 4	73 2	99 3	21 2	4 2	93 3	67 3	65 4	98 1	54 1	85 1	30 1	28 1	24 1	17 5	41 4	88 1	34 2	94 1	45 3	48 1	12 1	40 1	0 2	38 4	61 1	59 1	3 1	42 2	66 3	18 2	10 2	89 3	35 3	16 3	87 1	75 3	20 1	78 1	92 1	79 2	72 2	58 1	43 1	64 1	27 1
66 2	10 1	12 4	86 2	33 1	97 1	93 1	71 4	18 8	88 2	16 1	78 1	50 4	23 1	8 1	24 1	19 2	46 3	6 1	40 2	1 1	65 1	87 2	13 1	98 1	77 2	75 2	67 4	69 2	96 2	43 1	73 2	48 1	62 1	3 1	38 1	49 3	30 2	9 1	7 1	28 1	60 1	95 1	22 1	76 1	81 1	37 4	25 2	45 2	90 2	4 2	39 1	61 2	68 3	51 1	57 1	47 1	31 1	27 1	36 2	5 1	54 2	34 4	29 2	89 3	58 1	64 1	11 3	85 1	92 4	42 2	84 1	14 1	91 1	79 2	63 2	80 3	72 1	26 4	53 1	35 6	15 1	56 2	55 1	83 3	32 1	82 2	94 1	0 1	74 2	52 4	44 1	70 1	59 5	17 3	2 4	41 7	21 1	20 1	99 1
74 1	67 1	55 3	28 2	93 6	56 4	90 1	99 1	14 1	35 1	46 1	15 2	88 1	71 1	95 3	70 1	41 2	2 2	63 4	91 1	38 2	5 1	16 2	69 1	87 2	72 1	82 2	68 1	22 1	76 1	60 1	64 2	21 1	1 1	18 1	65 2	37 6	25 1	53 4	89 5	84 1	13 1	42 1	29 1	57 1	96 1	24 4	30 1	97 1	20 1	27 1	39 1	78 1	9 1	52 1	36 1	19 1	44 1	92 2	77 1	26 1	8 1	31 1	49 1	62 2	48 1	58 2	59 1	6 2	47 1	86 3	73 1	17 1	40 5	61 1	4 1	85 2	50 3	34 2	11 1	81 1	0 2	79 3	43 2	83 5	66 2	80 2	94 2	7 2	3 1	12 4	23 2	51 1	54 1	45 8	33 1	98 1	10 6	75 2	32 1
68 3	54 4	12 3	40 1	3 4	87 1	4 2	19 4	14 1	65 1	95 3	17 2	77 1	30 2	85 3	74 1	60 1	49 2	75 1	13 4	88 2	2 7	20 1	86 3	22 2	43 3	8 2	61 1	48 6	44 3	34 2	73 1	7 1	31 1	83 2	6 1	99 3	11 1	91 3	38 1	84 1	28 1	67 4	27 2	58 1	50 6	57 1	79 2	59 1	18 2	33 1	16 2	98 4	29 1	72 1	36 2	26 1	15 3	63 1	42 2	25 2	24 5	76 1	53 5	82 1	0 2	47 2	97 3	71 6	9 3	46 1	69 1	62 3	39 1	64 2	90 3	96 2	55 1	66 1	35 2	37 1	92 1	56 3	10 1	1 1	70 1	80 1	23 4	89 2	5 2	81 1	93 3	78 1	51 2	32 1	52 1	21 2	41 1	94 2	45 2
73 2	27 1	98 1	35 1	21 2	95 1	54 1	19 3	69 5	31 1	6 1	89 1	48 2	90 1	58 3	9 2	61 2	29 1	0 3	86 1	80 1	74 1	55 1	44 3	62 1	28 2	42 2	47 1	57 3	70 5	87 3	46 1	18 3	79 1	88 1	30 3	25 3	65 3	59 6	41 1	56 2	91 2	94 1	67 1	2 2	96 1	40 1	43 3	81 2	93 2	16 2	17 2	66 3	15 2	8 3	52 1	99 1	63 1	60 1	20 1	97 1	76 2	11 1	13 1	53 1	68 2	3 1	72 2	36 1	78 1	83 1	51 1	64 1	10 1	22 2	45 1	84 1	24 2	49 1	38 2	1 2	71 1	85 1	14 4	32 3	39 2	26 1	23 1	12 1	33 3	5 5	50 2	75 5	82 3	4 2	7 3	37 2	92 1	77 4	34 1
66 1	94 1	76 2	90 1	33 1	68 4	46 1	80 2	53 2	51 1	49 1	93 7	48 1	81 2	36 1	34 1	63 1	35 1	71 2	89 3	17 2	92 3	45 1	6 2	37 3	65 2	47 1	67 1	23 1	72 1	22 1	52 2	11 1	15 2	77 2	10 2	73 1	56 2	75 4	57 3	95 1	14 2	7 1	1 1	28 1	64 3	54 2	18 3	98 3	60 2	40 1	85 1	59 2	42 2	30 1	86 2	97 1	58 2	29 2	79 1	78 2	32 2	82 1	24 3	31 2	61 1	74 2	27 1	25 1	38 1	62 3	26 3	21 1	44 1	91 1	4 1	84 2	16 1	0 1	41 2	13 3	43 1	55 1	96 1	88 2	69 3	83 6	12 1	8 2	5 1	99 6	3 1	19 1	2 1	50 3	9 1	87 1	20 2	70 1	39 1
32 1	36 2	2 3	49 1	42 5	59 1	99 1	13 1	20 1	7 1	19 4	95 1	39 4	94 7	58 1	12 3	64 1	77 5	46 3	30 2	11 1	90 1	72 2	55 1	37 5	76 3	27 1	34 1	5 1	4 1	68 1	79 2	54 1	43 2	91 1	83 5	78 1	53 1	86 1	51 2	67 1	93 1	6 1	24 1	81 1	25 4	35 1	82 1	47 1	60 4	62 1	41 5	40 2	92 6	70 1	66 2	96 1	28 1	87 1	18 1	31 2	52 2	29 1	89 1	56 2	22 1	73 1	63 6	16 1	17 1	88 1	9 3	26 4	0 6	84 2	61 6	80 4	74 5	15 1	50 2	44 9	98 1	23 1	38 2	85 1	71 1	8 1	97 1	21 1	45 1	10 3	1 1	3 1	69 2	48 1	57 1	65 3	14 1	75 2	33 1
79 3	85 1	94 1	21 4	8 6	9 5	64 2	58 1	14 7	98 3	48 1	40 2	7 2	90 2	28 1	88 4	3 1	96 1	27 2	18 2	63 2	4 2	78 1	82 1	60 1	56 1	2 3	74 1	16 2	81 4	93 1	92 1	66 1	42 1	57 2	47 1	17 1	65 3	73 2	59 1	37 1	49 1	99 1	13 1	12 2	80 1	68 1	72 3	39 1	0 2	46 4	29 5	86 3	19 8	91 1	97 1	10 1	23 1	54 3	53 1	51 1	35 1	32 1	45 2	83 4	62 1	70 2	55 2	69 1	38 2	22 1	25 3	6 1	89 2	20 3	33 2	67 1	95 2	26 2	24 1	44 5	36 1	50 1	52 4	84 2	71 1	76 2	5 3	15 1	43 4	34 1	41 1	31 1	77 1	75 2	30 1	87 1	11 2	61 5	1 2
61 1	57 1	16 2	38 2	97 3	77 3	35 2	49 5	7 1	23 1	93 1	32 3	14 2	52 4	34 2	11 1	96 3	47 3	41 2	78 1	21 1	9 1	24 1	66 2	33 1	75 4	51 4	2 1	20 1	15 1	27 2	72 1	68 1	84 1	92 2	44 6	29 1	74 1	25 1	55 3	6 1	56 1	37 4	83 2	12 2	48 1	43 3	60 1	5 1	1 1	71 4	10 4	87 1	81 1	90 2	54 3	65 1	89 2	0 2	19 1	17 1	22 2	64 1	80 1	98 2	8 3	36 1	70 1	4 1	67 3	99 1	18 1	95 2	94 4	73 2	82 2	85 1	69 1	3 5	28 4	30 2	63 2	59 1	91 1	79 1	26 2	39 3	53 1	58 3	13 4	31 2	86 1	50 1	62 2	46 1	88 1	42 1	45 4	76 2	40 1
1 1	50 1	10 4	21 1	76 1	42 2	95 2	37 4	20 2	7 7	53 3	19 1	68 2	26 1	0 3	62 3	92 1	64 1	70 1	54 1	24 1	78 1	86 1	63 1	29 3	59 8	9 1	73 1	12 1	58 3	6 1	77 2	81 5	97 1	44 2	52 2	94 6	55 2	25 1	66 1	61 1	13 3	48 2	60 1	18 2	41 3	38 1	45 2	65 1	89 1	35 2	56 1	17 4	2 2	33 2	49 3	69 2	71 1	96 3	46 1	88 1	14 1	72 4	39 7	87 5	47 4	82 2	91 1	80 5	43 5	99 1	57 1	5 1	75 3	16 1	83 3	3 3	90 1	30 1	93 1	34 1	31 2	40 1	98 1	4 4	36 2	15 3	8 4	84 2	67 1	32 1	79 3	23 2	74 2	85 4	22 3	11 2	28 3	51 1	27 1
82 1	37 3	46 1	8 4	61 2	35 1	21 1	75 1	66 1	40 2	85 1	41 3	54 2	86 1	19 1	92 1	64 1	5 1	95 1	26 2	17 1	81 1	72 1	73 3	38 2	6 1	33 1	62 3	4 1	99 2	14 4	29 1	76 1	90 2	58 2	71 3	3 3	67 1	43 1	34 4	22 1	39 5	84 4	13 2	11 2	28 4	69 1	60 1	52 3	49 3	78 2	59 3	96 1	20 1	56 1	16 1	88 3	27 1	50 2	80 4	44 1	9 2	68 3	24 1	97 1	79 1	31 1	1 2	77 2	36 1	65 1	94 1	91 4	98 1	10 2	32 1	70 4	23 2	7 1	83 3	12 6	42 1	74 2	0 2	55 1	87 1	48 1	53 2	18 1	63 1	93 1	45 3	15 2	51 2	47 3	2 1	57 1	89 1	30 1	25 5
