30	50
27 1	22 4	4 3	30 3	31 6	17 1	44 4	49 2	21 9	35 2	14 1	0 3	13 5	2 4	43 6	20 2	33 1	42 1	18 3	25 2	26 2	11 2	45 1	34 1	9 2	1 1	46 3	23 1	12 4	7 9	28 3	24 1	19 4	41 3	40 3	29 1	3 2	10 2	8 3	6 1	37 1	32 1	38 2	16 1	5 1	15 1	39 3	36 4	48 2	47 3
21 5	39 1	14 2	0 1	30 3	18 1	4 1	32 1	8 1	37 1	46 1	28 1	42 2	3 1	38 1	47 4	26 3	29 1	2 3	40 2	24 4	27 1	20 1	9 1	11 1	15 2	13 1	23 1	16 2	22 2	49 1	6 1	10 1	1 1	34 1	35 5	41 1	25 1	36 1	12 3	7 1	43 3	44 2	33 1	19 1	17 2	31 4	5 1	48 2	45 1
3 1	35 1	25 1	14 3	22 3	36 4	43 1	29 5	28 4	11 3	39 2	15 1	7 4	47 1	23 1	31 1	44 3	19 1	46 1	18 1	12 1	13 1	37 1	40 4	4 1	1 1	5 4	0 1	8 1	6 2	49 1	41 1	38 2	24 2	32 1	42 1	27 3	9 1	16 1	10 2	26 1	17 1	2 2	33 1	45 2	30 1	21 4	34 2	20 1	48 1
36 1	34 2	12 3	30 1	18 1	31 1	21 1	35 1	8 3	7 1	42 2	43 5	29 2	23 6	49 1	26 1	0 1	13 4	48 1	33 2	9 1	1 1	19 2	10 3	4 3	2 2	22 5	11 2	40 3	39 4	6 2	38 1	45 1	16 1	17 1	15 3	20 1	3 3	47 1	24 1	27 1	41 3	32 2	25 1	14 2	37 1	46 1	5 3	28 2	44 3
35 7	5 1	27 1	12 3	0 9	33 3	41 3	24 4	43 2	2 2	47 1	23 3	40 2	4 3	49 1	3 1	15 1	1 3	44 1	46 1	30 3	32 3	17 6	13 1	36 1	6 1	48 1	38 3	29 1	7 2	37 2	28 4	20 6	21 1	42 4	8 2	10 1	25 6	9 1	26 2	19 1	18 2	34 1	16 2	45 2	14 1	39 2	22 1	31 2	11 2
36 2	3 1	29 2	16 2	30 2	46 1	0 1	48 3	9 1	5 2	15 1	24 2	32 3	28 3	31 1	12 1	13 4	22 1	34 4	37 3	39 3	4 1	25 1	47 3	1 2	14 1	33 1	6 2	42 4	17 1	20 1	44 3	27 2	2 4	7 1	21 2	10 1	38 2	45 1	41 2	11 1	18 1	43 1	35 3	23 2	40 1	49 1	19 3	26 1	8 3
8 1	1 1	5 2	36 2	26 2	17 1	25 2	32 1	30 1	38 1	24 2	35 3	14 2	28 1	47 1	13 1	2 2	16 2	27 1	19 1	48 4	46 1	3 1	39 4	11 4	0 1	20 3	40 3	45 1	42 3	43 1	9 1	29 2	31 1	15 1	44 1	41 1	22 2	37 5	4 2	49 2	21 1	34 4	12 3	7 4	23 1	6 1	33 2	18 3	10 2
24 5	3 1	38 9	1 1	30 3	44 1	16 1	25 2	13 1	23 3	41 1	31 5	29 2	28 4	21 3	27 5	32 2	35 3	26 2	40 3	10 6	4 2	34 1	18 1	5 1	6 3	43 1	15 5	48 1	0 1	39 1	19 1	36 1	14 1	47 1	9 1	45 1	42 1	12 4	49 1	46 1	33 1	11 2	22 2	2 1	17 1	37 3	20 2	7 1	8 1
6 1	32 3	39 3	30 2	36 4	8 2	29 1	37 2	10 6	38 1	5 2	9 1	11 1	22 2	13 7	21 1	33 1	47 2	26 1	0 1	17 3	23 3	18 1	15 2	42 1	25 4	41 1	1 2	20 1	16 1	19 2	46 1	35 1	14 2	7 3	2 3	4 1	43 2	27 3	45 3	24 3	12 1	3 2	44 1	34 4	40 5	48 5	49 1	28 1	31 2
9 1	13 5	15 4	29 2	44 2	46 1	0 1	28 3	37 2	23 1	18 2	38 2	21 1	3 1	6 1	45 1	30 1	42 3	19 2	25 1	49 4	2 1	10 5	12 1	8 1	40 1	1 3	14 1	4 1	27 1	16 2	39 2	22 1	35 6	43 2	48 1	17 1	7 1	41 1	24 2	47 1	11 1	5 3	34 1	33 1	31 2	26 1	36 4	32 1	20 2
48 3	13 2	41 2	12 1	14 1	23 2	1 1	46 1	29 4	36 2	20 1	7 1	6 2	24 2	30 1	18 1	0 6	49 1	15 2	3 4	28 1	40 1	9 3	38 1	47 1	17 1	39 2	27 1	8 5	21 1	35 1	31 1	5 1	34 1	10 1	19 1	42 1	37 4	25 3	32 1	22 3	4 1	43 3	16 1	33 2	11 2	44 1	2 2	45 2	26 1
43 2	13 2	7 1	16 3	45 4	11 2	35 1	12 1	49 2	20 1	36 1	30 1	31 2	6 1	28 3	39 3	3 4	5 2	33 1	48 4	8 3	22 1	37 2	9 3	10 1	38 3	1 2	21 7	42 1	24 1	14 4	0 3	15 1	18 1	4 12	2 2	25 4	26 1	27 1	41 6	34 1	23 1	19 2	47 2	46 1	17 1	40 3	29 1	32 1	44 1
19 1	45 1	44 3	20 1	37 1	40 1	5 2	36 1	30 2	7 2	26 1	8 1	15 3	23 1	2 1	42 6	46 2	41 1	29 1	33 1	17 1	38 1	9 1	24 11	4 1	13 2	0 2	32 1	18 2	22 2	11 1	35 1	3 1	25 1	16 3	48 1	14 2	31 2	49 1	43 5	28 2	27 2	34 3	1 1	6 1	47 1	10 1	39 5	12 2	21 1
11 2	26 2	37 1	16 1	18 2	19 5	20 1	22 3	35 5	28 1	48 1	21 4	42 1	3 2	2 1	12 5	44 1	4 2	41 1	23 2	29 2	25 3	40 5	43 2	33 1	15 6	49 1	10 4	7 2	38 3	9 2	46 3	5 1	8 1	30 3	14 1	32 1	36 1	0 6	13 2	31 1	45 2	47 1	24 2	34 2	17 2	27 2	6 2	39 2	1 4
49 1	35 2	45 1	42 3	9 1	43 1	16 1	0 1	3 4	33 2	15 3	38 3	17 4	4 3	11 4	39 2	19 1	21 5	26 3	31 1	46 3	23 1	2 2	34 3	27 4	1 3	48 1	5 2	29 3	18 1	14 1	12 1	47 1	8 1	22 4	37 2	32 1	6 1	25 1	10 2	41 4	28 2	44 1	30 7	20 1	7 1	36 1	24 2	13 2	40 1
28 1	5 1	16 1	33 3	34 1	38 6	1 2	40 3	37 3	48 1	39 3	42 1	21 1	6 1	13 1	44 1	24 1	14 2	0 2	22 1	46 3	18 1	31 1	41 3	3 3	45 1	36 1	35 2	9 3	32 1	25 2	8 2	43 1	4 1	29 7	17 3	49 1	2 1	30 5	19 1	26 1	23 1	20 8	27 3	15 2	11 4	10 2	7 1	47 2	12 3
5 1	17 1	4 4	23 1	44 1	20 2	31 1	6 3	8 1	37 2	33 4	26 1	49 2	19 2	3 2	16 1	22 1	35 1	25 3	14 1	12 1	39 1	10 3	2 3	1 2	42 1	48 2	40 2	18 2	32 1	24 1	28 1	34 5	47 2	38 2	9 2	36 5	30 1	0 1	41 2	46 3	45 2	15 1	43 1	13 3	29 1	21 1	11 3	27 1	7 2
39 1	29 2	36 2	38 1	31 1	14 1	16 1	42 5	4 3	27 1	21 2	7 4	11 1	0 2	37 1	19 2	28 1	15 4	24 1	12 2	22 1	13 1	48 2	43 1	23 2	18 1	17 2	35 2	34 2	47 2	46 1	44 2	9 1	33 1	6 1	30 1	2 3	3 3	25 4	10 4	40 2	8 1	45 2	5 1	1 1	26 3	20 1	49 2	32 2	41 1
21 3	3 1	1 1	40 1	20 1	39 1	17 1	27 1	14 1	33 1	35 1	4 1	48 2	0 1	25 3	30 2	9 5	49 3	45 1	15 2	26 1	23 2	47 1	36 1	12 4	31 2	28 3	13 1	44 2	46 1	22 3	19 1	34 1	29 3	18 1	7 2	8 1	16 1	24 1	6 1	2 1	41 4	42 2	5 1	43 2	11 1	38 1	32 1	10 2	37 1
49 3	6 1	9 4	47 1	32 3	41 1	30 6	14 1	4 3	43 4	24 3	2 2	10 4	39 1	22 4	7 1	36 2	12 3	48 1	11 2	44 2	20 2	42 1	21 1	40 1	37 1	26 1	46 3	23 1	17 1	1 2	19 2	8 3	38 2	29 1	13 7	0 2	15 1	45 1	25 2	18 2	3 6	33 2	27 1	28 1	16 1	35 1	31 2	34 1	5 1
7 1	15 3	37 3	48 2	26 3	24 2	45 2	21 1	2 1	16 1	25 1	6 1	4 2	27 2	13 3	17 5	12 5	44 2	18 2	39 1	47 2	0 3	29 1	40 1	49 1	8 2	5 3	3 4	36 3	14 1	20 4	33 4	11 1	32 1	23 6	41 5	46 2	28 1	22 2	35 2	43 1	30 1	1 1	34 1	19 3	9 4	10 1	31 3	38 3	42 2
48 1	24 7	5 3	21 2	15 1	40 3	30 7	35 1	33 1	12 1	39 1	2 1	37 1	6 2	11 3	42 1	17 2	9 1	27 1	47 1	44 2	26 3	14 1	31 2	18 1	16 2	8 4	25 2	13 1	34 3	32 2	1 5	45 2	19 2	46 3	28 1	20 1	36 2	29 1	22 1	10 1	7 3	23 1	3 3	4 3	0 1	41 1	49 1	43 1	38 4
16 1	49 5	3 1	15 2	6 5	10 2	29 2	48 4	8 2	28 1	7 1	36 2	25 2	44 1	20 1	12 2	35 1	13 1	46 3	9 2	42 1	24 1	26 1	45 3	47 1	32 1	43 1	18 2	19 2	31 1	40 1	17 1	4 1	11 1	27 2	34 1	5 1	33 1	14 4	22 1	30 2	2 1	23 4	1 4	39 2	38 2	21 1	0 2	41 1	37 2
22 1	20 2	0 1	42 1	33 4	35 2	18 1	17 2	15 5	41 3	47 1	3 2	26 2	37 1	16 1	44 3	31 1	32 2	24 1	48 1	5 4	21 1	38 1	28 1	1 1	19 1	8 7	30 2	10 1	46 2	11 3	12 4	23 1	43 2	36 2	25 1	49 1	7 2	40 2	34 1	9 2	6 3	13 2	39 9	4 1	2 5	29 3	14 1	45 1	27 3
2 4	44 1	39 1	11 4	24 3	19 2	34 2	22 4	0 1	8 3	40 1	30 10	20 1	48 2	27 6	49 3	42 1	5 5	17 1	7 1	33 1	35 2	3 2	46 1	23 2	10 4	15 1	32 2	1 1	43 1	6 2	14 1	16 3	47 2	36 1	12 1	38 3	4 2	9 7	21 1	13 2	41 5	37 1	26 1	25 1	29 1	45 1	28 1	18 1	31 1
42 1	13 2	14 3	17 3	49 5	10 3	11 1	29 5	34 4	41 1	5 3	2 2	30 3	46 1	3 2	0 1	38 1	45 1	26 1	33 3	35 1	27 4	7 3	37 3	24 2	12 1	18 7	47 5	16 1	1 1	4 1	39 1	8 1	23 1	40 3	20 1	25 2	48 3	19 2	9 2	32 2	43 1	21 2	6 1	15 1	44 4	22 1	36 1	31 1	28 1
41 1	15 2	9 1	17 2	18 1	6 4	42 1	36 1	40 3	4 2	12 1	47 1	31 4	8 6	11 1	49 2	19 1	29 4	24 2	38 1	46 2	1 1	3 1	23 3	35 5	30 1	16 2	14 1	43 3	39 1	21 5	25 2	26 5	27 1	33 2	10 4	37 1	45 1	28 1	13 1	5 3	2 1	22 1	7 2	34 1	44 1	48 3	0 3	20 6	32 3
15 2	25 2	0 1	33 3	36 1	47 1	22 1	39 2	28 1	45 2	40 1	19 2	23 3	12 1	38 1	44 2	5 1	35 1	48 2	49 1	46 1	37 5	32 4	13 1	3 2	43 5	11 1	21 2	31 1	8 1	4 1	18 1	24 2	42 1	34 2	14 1	2 1	16 1	10 4	20 1	6 1	29 1	7 3	30 1	26 2	9 5	1 1	41 1	17 2	27 3
42 1	21 2	46 2	17 1	43 2	22 3	49 3	20 3	39 1	12 1	13 1	31 1	48 2	2 9	44 4	37 1	30 3	33 2	38 1	7 3	8 1	26 1	36 1	34 1	25 3	15 1	28 2	16 1	9 3	6 1	5 1	47 2	19 1	35 2	23 6	11 1	27 1	32 1	1 4	0 1	4 1	18 2	3 1	45 5	29 2	24 1	14 2	41 6	10 4	40 1
35 1	39 3	43 1	15 2	45 1	36 1	24 1	46 1	13 2	22 1	1 1	8 1	32 2	4 1	40 1	25 1	10 1	37 2	44 4	19 1	11 2	20 1	27 1	38 1	14 1	34 1	9 2	18 2	3 1	28 2	49 3	30 1	7 1	29 1	41 1	6 2	0 1	42 3	47 2	12 1	21 2	16 1	26 3	5 2	48 1	2 2	33 1	31 1	23 1	17 4
