50	80
31 1	20 1	5 2	17 1	56 4	45 1	57 4	44 1	61 1	55 1	6 1	42 1	51 2	48 1	18 1	1 1	77 1	2 1	67 2	29 1	79 4	35 1	69 3	34 1	53 2	36 2	54 3	76 5	26 7	43 1	13 1	68 1	63 2	25 3	3 3	74 4	19 3	50 1	4 2	38 1	66 2	7 5	58 5	30 1	37 1	62 2	73 1	33 1	60 3	52 1	16 3	0 2	12 1	59 1	21 1	28 2	11 2	40 1	8 2	9 3	78 1	47 4	32 7	23 2	65 3	24 4	75 2	72 2	27 4	39 2	15 1	49 2	22 1	71 7	46 4	14 4	64 2	70 1	41 3	10 4
54 2	62 1	5 1	37 3	59 1	13 1	31 2	21 2	74 3	66 1	52 1	27 7	39 1	9 3	11 2	43 3	6 3	35 2	63 2	32 1	78 1	77 1	10 1	20 2	58 1	24 1	57 2	26 2	64 1	67 1	29 1	47 1	0 7	2 1	49 2	46 6	61 2	48 2	33 1	44 6	19 1	73 3	79 4	75 2	18 3	41 1	36 1	23 1	70 3	45 1	51 1	65 1	60 3	22 2	7 1	3 2	30 1	28 3	68 2	53 2	14 2	50 3	12 1	4 2	34 1	56 1	38 3	72 1	71 2	8 1	25 4	55 1	1 2	40 1	76 1	42 2	69 1	15 1	17 3	16 1
1 2	2 1	19 1	34 1	8 1	53 1	38 1	33 1	59 2	78 6	23 1	79 1	18 1	73 1	29 1	11 8	27 2	9 1	6 2	39 2	72 1	71 1	3 3	70 5	4 3	75 1	76 1	5 1	64 1	40 4	68 2	20 1	52 2	15 1	56 2	14 1	66 5	63 1	49 1	44 2	74 1	0 2	47 1	17 1	54 1	62 4	43 7	60 1	24 2	31 2	12 1	45 2	35 1	22 2	28 1	41 2	16 1	67 1	58 2	30 3	46 2	13 2	37 1	69 2	7 2	32 4	48 1	42 2	25 1	21 1	61 1	50 3	10 5	51 2	57 2	65 4	36 3	55 2	77 1	26 4
26 1	56 3	20 1	9 3	32 1	76 2	16 1	29 2	10 4	40 1	36 1	54 5	57 1	8 3	66 1	31 1	59 4	63 1	3 1	25 2	71 4	0 3	67 1	15 1	22 3	28 1	37 3	61 2	78 2	6 1	74 1	55 2	58 4	34 1	18 2	69 1	42 1	53 1	2 6	64 2	79 2	70 1	12 1	45 4	7 1	46 1	50 3	17 1	39 1	77 1	13 4	38 2	48 2	49 3	24 4	21 1	14 1	23 2	44 1	19 3	47 1	33 1	41 3	5 2	73 1	4 1	75 1	62 2	51 1	27 1	43 4	35 4	11 4	65 1	72 1	1 1	52 6	30 1	68 1	60 1
12 2	58 2	31 3	68 4	28 1	46 1	18 1	38 1	56 1	49 1	57 1	64 1	73 1	10 1	0 1	34 2	42 1	70 1	71 1	47 1	32 2	1 3	65 4	2 7	45 2	8 1	30 4	79 1	21 1	3 4	13 1	14 1	11 1	16 3	4 2	48 3	51 3	53 2	77 2	15 1	27 1	50 1	40 8	76 4	37 1	39 3	41 5	60 2	55 4	43 1	66 2	69 2	72 1	35 2	75 1	63 4	59 1	29 1	9 2	54 2	67 1	26 1	7 2	44 4	19 1	74 2	23 1	5 4	25 2	52 1	20 1	62 1	36 2	6 3	24 1	78 1	61 3	17 5	33 2	22 1
1 2	71 5	47 4	18 1	0 1	25 1	36 1	56 1	15 1	38 1	28 3	78 1	12 1	2 1	20 1	29 1	72 3	5 5	55 1	19 2	26 1	61 1	44 1	51 1	41 1	35 1	77 2	50 1	14 1	32 3	6 2	48 1	67 3	34 1	13 3	49 3	79 1	16 1	46 1	58 1	22 1	52 1	42 1	65 2	24 3	9 1	8 2	57 1	69 2	3 2	7 1	43 2	39 2	60 1	10 1	21 1	59 1	23 1	54 1	66 3	73 1	45 2	17 1	37 1	76 2	40 2	53 1	63 1	31 1	30 1	4 1	11 2	64 1	68 6	74 4	33 1	27 3	75 3	62 3	70 1
41 3	24 2	38 1	34 2	0 1	14 4	42 1	22 1	61 1	48 3	50 1	52 2	69 1	55 1	76 2	75 1	5 4	67 1	56 2	25 1	11 1	31 1	32 2	46 1	53 2	70 1	74 1	27 2	16 1	9 1	79 1	19 1	39 1	77 1	33 3	10 1	58 2	2 3	44 1	23 1	66 1	78 5	30 2	47 1	17 1	3 2	49 2	64 2	15 4	12 2	35 1	26 1	73 3	20 1	60 1	51 2	68 6	72 1	63 3	21 2	65 1	71 2	1 3	59 2	29 2	13 1	4 1	6 6	57 1	54 4	43 2	45 2	28 3	18 5	8 1	40 2	36 1	7 2	62 2	37 1
44 1	39 3	11 1	53 1	65 2	16 3	75 1	62 3	45 1	42 1	48 2	79 1	76 2	26 2	46 2	27 2	8 1	67 1	28 1	15 3	25 2	31 1	23 2	63 2	58 4	22 1	55 1	40 2	66 1	47 2	52 1	41 3	30 8	7 1	34 7	14 1	57 1	35 1	18 2	71 1	6 3	37 1	13 2	72 2	19 2	9 1	0 2	12 3	68 1	17 1	32 1	3 1	64 2	2 1	20 1	4 1	51 1	56 2	60 3	54 1	33 2	77 1	43 2	73 1	5 3	61 2	10 3	24 1	1 1	38 1	70 2	74 2	69 2	36 6	50 2	78 1	59 1	29 1	49 6	21 5
25 2	45 1	26 2	27 2	75 1	23 1	47 1	2 2	35 2	46 1	79 1	31 1	29 3	62 1	41 1	19 1	61 1	43 1	16 1	39 2	24 1	67 2	48 2	32 4	66 5	15 1	38 1	60 1	5 2	9 1	58 1	21 1	52 5	74 4	42 1	36 1	37 2	44 2	73 1	53 2	1 1	55 1	20 1	22 1	77 1	40 3	63 1	8 1	51 1	49 1	11 1	56 2	64 1	71 5	34 1	18 3	30 3	4 2	69 1	12 1	68 5	54 4	65 3	78 1	3 1	70 1	72 2	17 1	0 1	50 2	14 1	10 1	57 3	13 1	6 4	59 3	33 1	76 1	7 2	28 1
58 1	59 6	40 1	2 5	9 1	13 9	20 2	49 7	28 1	45 2	25 2	66 1	0 1	46 1	22 1	78 1	68 1	35 1	14 2	41 1	26 1	55 1	38 2	18 1	79 1	17 1	7 1	30 2	15 1	54 1	37 1	21 2	24 1	52 2	56 1	8 1	27 1	53 1	43 1	61 1	64 2	60 1	69 1	74 1	72 1	5 1	62 3	6 3	3 3	42 1	73 1	70 4	44 3	76 1	47 1	31 4	23 4	4 1	29 2	57 1	77 1	65 2	39 1	50 1	19 2	51 1	11 3	32 1	12 4	48 2	71 1	16 2	10 1	34 1	1 1	67 1	63 1	36 2	33 1	75 6
15 2	71 1	35 1	76 2	74 3	37 2	61 1	69 3	72 1	8 1	38 2	7 1	26 1	51 1	40 1	52 1	6 1	39 1	48 2	21 2	70 1	57 1	36 1	23 2	32 2	45 1	31 3	10 2	58 2	56 3	18 1	43 1	30 1	44 2	55 2	28 1	66 2	64 1	65 3	53 1	75 1	77 1	68 2	50 3	4 1	13 2	63 2	19 1	11 2	2 1	46 1	62 5	33 1	16 1	78 1	22 1	24 2	67 2	1 1	17 2	54 2	29 1	47 1	73 2	20 1	79 2	27 5	5 1	34 6	49 1	14 1	25 1	0 3	3 1	42 2	41 2	12 2	9 1	59 1	60 2
54 1	49 1	27 1	41 2	19 1	63 4	2 1	37 1	29 1	47 3	10 2	16 1	32 2	53 4	1 5	7 1	4 1	9 1	74 1	3 1	66 3	6 1	35 1	75 1	50 1	23 4	48 2	14 1	20 1	38 3	42 2	31 8	11 8	44 1	24 1	72 4	65 1	78 2	5 1	25 4	70 1	56 2	34 1	28 4	26 1	55 4	76 1	73 2	69 1	22 2	18 1	68 1	30 6	15 1	79 1	12 1	77 1	45 2	46 3	39 3	67 2	33 1	40 1	52 1	61 1	58 1	71 2	60 2	0 1	36 3	43 1	64 2	59 1	21 1	62 2	13 1	57 2	8 1	51 1	17 3
0 3	39 1	13 2	3 2	4 4	26 2	54 1	44 2	74 6	53 1	19 1	61 4	75 1	69 5	28 1	18 2	8 2	42 3	33 1	17 8	27 1	65 2	72 1	12 2	11 4	36 2	51 1	41 3	55 3	23 1	29 4	37 1	77 2	64 1	1 1	7 1	58 1	60 2	70 1	48 6	71 1	43 1	38 4	22 1	49 2	35 1	68 1	57 2	21 3	9 1	45 1	63 3	78 1	5 1	16 2	76 5	79 5	52 2	6 2	62 1	31 1	32 1	15 1	14 1	34 1	10 2	47 1	25 1	30 1	20 3	59 2	66 4	50 1	46 4	40 2	56 1	2 3	73 1	24 1	67 1
32 2	3 1	45 2	70 5	53 1	43 1	58 2	44 3	1 1	47 1	31 1	54 1	71 2	48 1	50 4	56 2	78 2	55 1	41 2	4 2	30 1	39 2	75 4	51 1	9 2	24 1	25 5	6 1	40 1	38 2	59 6	34 1	79 1	68 4	64 9	57 5	12 2	66 1	7 3	49 1	36 1	63 1	14 1	27 1	0 2	5 1	73 1	23 1	65 1	69 1	33 3	22 8	15 4	17 1	28 2	62 2	60 2	42 1	11 2	29 2	26 1	21 2	35 5	74 2	76 1	77 2	67 1	72 1	2 1	52 2	18 2	61 1	46 2	10 1	19 3	13 2	37 1	16 3	8 4	20 1
66 1	20 4	3 4	65 3	12 2	72 1	69 4	4 2	44 1	68 2	53 1	47 3	14 2	24 2	76 2	6 4	28 2	60 2	9 1	46 1	54 1	64 1	63 2	19 3	40 1	36 5	50 1	71 1	18 2	11 2	10 1	15 1	1 1	30 4	16 2	2 2	49 2	33 1	61 1	52 1	27 2	55 2	38 3	73 1	62 4	22 3	58 1	39 2	32 1	5 1	74 1	35 3	17 1	13 1	43 2	56 1	75 1	42 2	57 1	8 2	77 1	21 6	70 1	23 1	78 2	26 2	31 1	51 1	41 2	59 5	79 1	37 2	67 5	25 2	48 1	34 1	7 2	45 1	0 1	29 1
15 2	5 3	32 6	29 1	59 2	2 1	26 1	68 5	55 4	31 4	14 1	70 6	44 1	45 2	22 3	9 4	24 1	27 1	37 6	3 1	71 4	56 2	47 2	8 1	65 1	77 1	10 1	30 2	25 1	4 1	67 1	62 2	1 2	72 2	58 1	6 1	0 2	50 2	76 3	23 1	38 1	11 2	28 4	64 3	74 3	60 1	35 3	7 1	69 6	12 1	49 1	19 4	36 1	43 1	73 1	42 3	54 3	48 3	53 3	17 3	41 1	66 2	78 1	21 3	79 4	18 1	52 1	16 1	13 1	61 1	34 3	39 2	20 1	51 9	46 1	75 1	63 1	40 1	57 3	33 1
30 2	51 1	22 1	50 1	73 3	35 1	63 4	10 1	62 3	69 2	36 1	9 3	53 1	64 2	11 1	70 1	57 2	77 3	49 3	78 1	47 1	4 1	55 3	43 2	3 3	13 5	56 3	54 3	21 2	26 1	5 1	66 1	33 1	14 4	41 3	25 1	27 2	52 1	39 4	46 1	76 2	37 7	15 3	12 1	24 2	17 1	20 3	48 2	1 1	23 4	18 2	40 1	7 6	8 1	65 2	71 1	68 2	19 1	28 3	79 2	32 1	74 3	38 2	72 1	31 2	45 1	59 6	61 1	58 2	34 2	16 3	2 1	29 2	6 2	60 1	44 1	67 2	42 1	0 1	75 1
47 1	78 6	21 1	63 2	46 1	11 1	74 1	7 5	73 1	39 3	38 2	79 2	10 4	59 6	66 4	25 1	3 3	0 1	60 1	51 5	31 2	53 4	32 1	52 4	69 1	16 1	29 1	41 1	18 4	49 3	27 2	28 2	68 1	2 1	12 2	64 1	20 4	65 2	76 1	43 2	56 1	15 1	22 1	61 1	33 2	6 1	5 2	54 3	57 3	62 1	14 1	75 1	19 2	45 1	72 1	13 1	9 1	35 3	44 1	70 7	48 2	71 2	55 1	4 2	34 1	24 1	36 3	58 1	77 4	37 1	67 5	17 2	26 1	23 2	40 2	50 2	8 1	42 1	30 3	1 5
48 6	46 2	14 1	6 2	75 2	78 1	16 1	70 2	28 3	52 1	59 2	22 1	44 2	8 1	56 3	0 5	24 2	53 1	58 3	74 1	19 1	37 1	41 1	65 2	47 3	72 2	38 1	34 3	36 2	39 1	1 4	40 1	9 2	30 1	3 2	26 2	23 1	4 3	20 1	11 1	2 2	33 1	17 3	64 1	18 2	45 3	13 1	60 1	42 2	49 6	57 1	15 2	29 1	35 2	55 1	73 2	77 2	62 1	21 1	12 2	25 1	5 1	67 2	10 3	61 1	69 1	50 1	79 1	71 2	68 1	43 2	32 2	31 1	54 1	27 1	51 2	7 1	63 1	66 1	76 1
14 1	56 5	11 1	39 4	37 2	24 1	31 1	13 2	43 2	73 5	69 2	32 3	63 1	50 1	75 1	45 1	70 3	65 2	52 4	71 1	6 1	51 1	3 1	7 1	8 1	9 2	47 1	72 1	42 2	0 1	27 1	48 1	4 6	74 1	10 3	5 3	60 5	58 1	77 2	17 5	57 1	67 1	62 1	40 1	16 1	28 3	68 1	29 2	15 1	38 1	21 5	26 3	35 4	34 1	59 1	41 1	1 10	25 3	66 4	12 2	79 1	49 5	54 1	33 2	61 1	22 3	76 2	18 2	55 1	30 1	46 5	20 2	23 2	53 1	19 3	36 1	44 3	64 1	2 3	78 3
8 1	60 4	66 1	71 3	30 1	2 1	53 2	28 1	56 4	48 3	39 8	79 1	25 4	46 3	0 1	72 1	18 1	62 6	75 1	35 1	55 4	7 1	3 1	78 2	10 1	38 3	21 1	14 2	22 1	57 1	51 5	29 5	52 4	68 1	49 1	4 1	16 3	42 2	15 1	19 5	23 2	32 1	69 3	40 1	1 1	61 2	31 4	34 1	33 1	67 1	59 1	77 2	43 2	58 2	26 4	5 2	17 1	76 1	20 1	63 2	13 1	47 3	41 4	37 2	45 2	70 2	74 1	73 1	54 2	27 2	9 3	24 1	44 1	65 1	36 1	11 3	64 1	12 2	50 2	6 2
29 1	42 1	5 2	32 1	70 7	20 1	16 1	2 1	73 3	78 1	7 1	27 2	65 1	55 5	25 1	68 1	54 3	51 1	72 2	24 1	21 1	77 1	36 1	74 2	31 2	53 3	46 3	44 1	76 1	61 1	22 3	67 2	18 1	1 1	50 3	59 1	19 2	60 6	43 1	56 1	13 4	23 1	64 3	37 2	66 2	38 2	62 2	45 1	14 2	28 1	8 2	6 2	57 1	3 1	41 3	15 1	17 2	49 1	34 2	52 3	30 1	10 5	39 1	9 2	0 2	58 4	40 1	26 2	35 2	47 2	71 2	79 5	63 3	12 4	11 1	4 1	69 1	33 1	48 4	75 3
78 5	68 3	9 1	20 2	14 3	38 1	69 3	64 1	22 1	74 6	19 2	52 2	1 6	53 1	63 2	28 4	67 5	29 1	45 5	72 1	24 1	62 1	8 1	47 1	40 1	5 4	61 2	27 2	77 1	21 1	57 3	75 1	65 2	12 2	51 7	71 5	4 1	39 1	46 1	25 1	31 1	11 1	73 1	59 6	79 1	0 2	35 1	42 1	26 1	70 1	33 1	76 3	10 1	36 3	16 1	48 1	17 1	55 1	6 1	32 1	37 3	41 1	54 1	7 1	2 1	43 2	60 2	34 1	44 1	30 2	66 2	3 1	18 1	49 3	58 1	50 2	56 1	13 1	15 1	23 2
22 3	9 5	40 1	23 1	53 1	6 1	8 1	64 2	38 1	66 1	5 2	3 2	68 3	14 2	2 3	0 2	48 3	44 2	17 3	49 1	15 2	21 3	57 1	78 3	12 1	26 1	52 2	4 1	58 5	11 1	61 2	27 2	41 1	13 1	34 1	77 2	37 2	59 1	1 6	39 5	7 3	46 2	56 2	72 1	43 2	69 1	63 1	25 4	35 2	60 1	29 1	65 4	79 1	10 2	67 1	16 1	76 1	31 6	74 3	32 1	75 1	50 2	20 1	71 1	73 1	62 3	18 6	70 1	42 4	47 3	33 1	54 7	24 2	51 2	19 6	55 1	45 1	36 1	28 1	30 1
3 3	17 2	4 1	14 1	42 1	39 4	51 1	57 4	68 1	60 1	2 1	13 2	54 4	19 2	34 2	63 1	23 1	12 2	55 3	37 5	10 1	50 1	53 5	35 5	31 1	27 1	29 1	75 1	21 2	5 4	22 1	58 1	64 1	25 1	38 1	72 1	52 3	18 3	70 2	0 2	36 4	44 1	1 1	74 1	7 2	69 2	32 1	40 1	24 1	9 1	49 3	77 1	16 2	11 5	61 2	47 1	20 1	71 2	78 1	65 3	41 1	28 2	76 4	33 1	62 1	26 1	73 1	43 1	67 2	6 1	79 4	66 2	56 2	48 1	45 1	8 3	15 1	30 2	46 1	59 2
8 2	65 2	33 6	51 1	17 3	6 1	76 3	14 2	55 3	15 2	59 1	60 4	53 2	2 1	62 2	31 4	77 1	35 1	54 1	36 1	18 1	70 2	27 1	41 1	67 3	3 4	42 2	52 1	73 1	13 1	29 2	24 3	7 2	46 2	1 1	37 1	79 1	44 5	69 1	45 2	68 1	0 3	64 1	43 1	50 2	47 1	56 1	74 6	32 5	26 1	61 2	22 3	9 2	72 1	20 2	12 1	16 3	38 2	63 1	58 1	19 2	23 4	34 2	5 3	75 1	21 1	71 1	66 3	4 1	40 2	49 1	11 1	39 1	30 2	57 1	78 1	10 2	48 1	25 1	28 2
22 3	0 2	14 1	77 1	16 2	38 2	79 2	59 1	48 4	27 1	49 1	26 1	3 6	60 1	71 2	1 1	12 1	52 3	37 4	55 1	18 1	40 1	73 1	33 1	58 4	57 5	53 2	17 2	11 3	72 1	54 1	35 1	43 1	62 1	69 2	2 1	19 2	25 1	6 1	67 1	36 3	50 2	68 1	10 1	5 2	70 1	76 1	9 2	30 1	63 1	4 1	47 2	65 3	29 1	45 2	39 2	75 1	15 2	7 2	8 2	61 1	78 1	44 10	41 3	23 4	42 1	51 3	28 1	20 1	21 6	46 3	32 1	56 1	64 1	74 2	31 1	34 1	13 1	24 1	66 1
76 3	68 2	29 2	46 2	35 3	14 3	6 5	44 1	28 1	43 1	47 6	72 1	17 2	54 1	27 2	15 1	34 1	78 2	79 1	50 1	63 4	70 2	69 2	10 2	4 1	2 1	73 1	3 2	18 1	74 1	61 3	52 2	21 2	41 1	42 2	12 1	33 1	13 3	11 4	60 1	56 1	67 1	22 1	7 2	16 4	25 1	23 1	71 3	58 4	53 1	9 1	8 1	77 1	55 1	64 2	51 2	20 1	65 4	32 1	1 2	40 1	36 3	38 1	75 5	5 1	66 1	31 1	30 1	59 5	0 4	19 3	48 1	37 1	26 2	24 1	62 1	57 4	39 1	49 1	45 1
21 3	30 3	45 4	53 2	59 2	46 5	78 3	38 3	32 1	0 2	75 1	69 4	57 2	28 1	19 2	15 2	18 1	22 1	36 2	33 2	52 2	24 2	34 1	25 1	70 9	63 1	6 2	48 1	56 1	20 2	71 1	49 2	40 1	74 3	58 2	41 3	72 1	60 6	42 1	79 2	76 3	5 1	17 1	44 1	1 6	37 2	11 2	64 1	23 2	29 1	67 1	9 4	39 3	14 4	55 1	50 1	62 1	26 3	35 3	61 2	16 1	73 2	68 1	51 2	65 2	4 3	10 2	77 1	8 2	31 1	7 1	3 1	66 1	13 3	12 2	47 2	2 3	27 1	54 1	43 1
65 3	55 1	79 1	33 1	19 2	69 5	49 2	0 3	30 2	23 2	36 1	59 1	9 1	5 1	16 2	17 1	44 1	68 3	78 3	54 4	21 1	35 1	4 1	57 2	10 1	13 1	76 1	6 1	51 1	3 1	29 1	15 2	24 1	45 1	53 2	56 2	66 1	41 1	26 2	73 3	42 1	50 1	47 2	46 6	70 1	27 2	62 2	48 3	11 2	40 3	38 3	20 3	61 2	31 4	22 3	2 1	52 2	77 2	12 2	14 1	58 1	63 2	43 1	72 2	34 3	7 1	37 1	74 3	1 1	71 2	18 1	32 1	25 1	39 1	67 1	75 3	28 3	60 2	8 1	64 1
34 1	76 1	61 3	22 2	63 2	8 1	31 1	58 1	23 2	27 1	75 1	70 3	64 3	62 2	17 1	54 1	2 1	39 5	77 1	14 1	66 1	38 2	41 4	78 2	10 1	45 1	65 4	9 3	20 7	35 2	60 2	28 9	26 2	21 4	47 1	49 1	7 1	51 1	46 2	50 2	29 2	55 2	79 1	33 2	0 3	36 1	24 2	37 2	6 2	53 1	12 3	18 3	40 2	32 2	73 2	25 3	59 2	69 3	19 2	13 1	5 1	71 2	56 2	48 2	57 3	52 1	1 1	44 1	3 1	68 6	42 1	16 1	72 1	30 1	43 4	11 4	4 2	74 3	15 1	67 2
75 1	44 1	5 2	13 3	29 1	66 4	59 1	65 1	24 2	79 2	43 2	6 2	3 4	22 1	38 2	27 1	51 3	30 1	34 2	11 1	28 1	60 2	63 1	8 1	33 1	64 2	56 2	0 4	40 2	31 1	37 1	47 1	68 1	45 1	36 2	10 1	15 2	50 1	73 1	32 1	19 1	69 2	62 1	48 2	41 3	42 5	25 1	54 1	67 2	35 1	9 1	78 7	12 1	71 2	61 2	57 1	76 2	58 6	14 1	74 1	70 5	23 1	18 1	55 1	1 2	16 7	4 1	26 1	77 1	72 1	20 3	21 5	53 1	39 2	49 3	52 3	2 2	46 2	17 1	7 2
34 1	69 1	64 2	39 3	57 1	21 4	68 1	48 1	52 2	40 4	23 6	3 2	76 1	65 1	24 1	54 1	19 1	16 1	9 3	28 2	47 1	51 3	29 3	70 1	61 1	15 2	8 1	12 1	13 1	66 2	55 2	73 1	43 3	5 1	1 3	17 5	14 2	62 1	11 1	31 4	44 2	38 1	72 2	30 1	53 1	33 1	71 2	46 2	60 1	6 1	20 4	25 3	0 1	2 4	18 1	63 2	22 1	36 1	50 2	41 3	67 1	59 1	32 1	74 1	7 1	56 1	77 2	42 1	78 3	27 2	26 1	79 5	10 1	37 2	45 3	35 2	4 2	49 3	58 1	75 1
35 1	72 4	42 3	38 1	54 1	37 2	55 2	67 1	3 1	51 1	62 1	16 1	65 1	66 1	13 1	21 1	34 5	73 1	76 1	46 1	24 2	29 1	50 2	48 1	43 5	18 1	79 3	30 2	22 4	33 1	25 1	4 1	36 5	53 2	14 2	52 3	10 1	74 1	15 2	5 1	12 1	6 2	9 4	60 2	19 1	57 3	40 2	23 1	2 2	56 1	7 1	31 2	11 1	41 2	20 4	44 4	47 4	78 3	75 2	61 3	28 2	17 2	49 2	32 2	59 1	71 3	70 2	27 1	69 1	77 2	1 2	68 1	26 1	63 1	64 2	8 1	45 1	58 2	0 1	39 2
43 1	3 3	16 2	56 1	64 3	71 2	66 1	8 1	27 1	15 3	12 1	30 1	14 1	49 1	78 1	11 1	26 4	35 1	13 1	2 2	40 1	17 1	28 2	65 5	45 3	1 1	55 3	33 5	0 1	48 1	47 6	6 1	24 1	72 3	29 1	9 1	31 2	63 2	73 2	76 1	44 1	53 3	51 4	75 1	59 4	20 2	36 1	10 1	61 1	46 1	32 1	60 3	41 1	4 3	5 1	42 3	19 1	77 1	21 1	37 2	69 1	50 2	70 1	58 1	54 1	38 2	57 1	68 3	74 3	67 1	23 1	39 1	52 2	18 1	22 4	34 2	62 1	79 2	7 1	25 2
3 1	34 1	73 1	24 1	6 1	55 3	16 1	23 1	74 1	33 5	60 2	2 1	15 5	4 1	66 4	25 2	18 8	61 1	30 1	76 1	75 2	53 3	38 1	28 1	27 3	48 1	12 1	72 1	19 1	43 2	40 1	71 2	49 3	56 1	20 2	46 3	35 3	9 3	47 2	36 1	63 2	50 1	41 2	29 1	14 2	37 1	45 1	64 2	44 1	59 3	5 1	52 1	79 1	11 2	68 4	67 4	69 2	62 6	54 3	10 3	0 1	22 3	7 1	26 5	39 1	13 3	1 2	31 1	70 4	57 1	17 2	58 1	32 3	65 1	8 1	21 1	42 1	77 7	78 1	51 2
67 1	13 2	57 1	76 1	12 1	10 1	44 2	11 5	54 1	61 2	74 2	33 1	55 3	35 1	19 1	0 1	27 6	24 2	14 1	29 12	71 4	8 1	49 1	58 1	75 1	47 2	45 1	50 2	46 6	59 3	38 3	65 1	31 1	64 1	22 3	25 2	23 1	16 1	73 2	51 2	20 1	39 1	21 7	2 3	41 3	30 2	26 2	40 1	34 1	66 1	60 5	4 2	78 1	18 2	42 2	77 1	37 4	1 1	63 1	62 3	17 3	3 1	52 1	56 1	72 1	53 1	15 1	7 2	36 1	70 2	5 1	9 1	32 2	28 5	79 1	6 2	69 2	68 1	43 3	48 1
61 6	42 1	4 2	74 1	7 1	21 2	30 1	56 2	57 1	8 3	63 1	43 1	39 1	38 3	77 2	12 1	68 1	40 1	45 1	79 2	73 4	25 1	33 3	46 1	32 2	16 3	59 1	15 1	9 3	51 3	10 1	76 1	29 4	24 1	14 5	41 2	5 1	17 2	53 1	64 1	72 1	48 2	28 1	58 1	19 4	6 3	23 1	35 1	13 2	27 1	75 1	31 1	55 1	66 1	52 2	50 6	60 1	11 1	18 2	71 1	65 1	34 1	26 1	47 2	67 4	2 5	44 1	1 2	70 3	78 2	20 1	22 2	62 1	69 2	3 2	49 2	0 1	54 3	37 1	36 2
65 2	63 1	17 2	13 2	74 1	29 3	19 3	73 1	55 1	48 1	1 4	37 1	62 2	68 2	36 2	32 1	41 1	11 2	59 2	64 2	40 3	57 3	47 1	54 4	9 4	70 2	39 3	4 3	18 2	43 1	71 2	66 1	30 1	2 1	5 2	52 1	31 1	50 3	20 2	58 3	28 1	21 2	12 1	33 1	56 1	60 2	38 2	75 2	3 1	79 1	22 1	8 1	25 1	77 1	15 2	46 2	67 1	51 5	72 1	7 6	61 2	44 2	10 3	16 1	34 6	35 1	42 1	14 2	76 2	78 2	24 3	26 2	45 2	6 1	0 1	23 1	69 3	27 5	49 1	53 2
71 3	16 4	10 3	15 1	32 1	35 1	38 1	12 1	23 4	26 1	18 6	33 2	63 1	9 3	67 1	20 2	41 2	13 3	11 4	8 3	27 7	57 2	72 1	37 2	5 1	49 2	78 2	79 1	17 2	39 3	24 3	73 2	34 1	56 2	1 1	70 1	68 2	22 2	66 2	30 4	44 1	36 2	43 2	47 1	60 1	48 2	50 3	74 1	42 3	25 2	65 1	2 1	31 2	55 1	4 2	51 5	77 2	29 1	52 3	46 2	76 3	0 4	58 3	53 2	61 6	45 3	6 1	7 5	59 2	40 1	69 1	19 1	21 2	3 2	62 2	28 5	75 1	14 2	54 3	64 1
27 3	12 1	18 7	44 2	14 2	16 1	43 2	51 1	21 1	7 1	72 1	74 1	76 1	20 3	15 7	19 2	30 1	40 5	38 1	42 3	25 3	77 3	13 1	55 1	31 1	49 3	79 3	46 2	59 2	37 2	28 1	47 3	75 1	54 1	73 2	50 3	69 1	0 1	9 1	26 1	45 1	10 1	52 2	58 6	33 2	63 1	39 1	6 1	23 1	57 3	71 4	1 1	3 2	62 1	53 1	36 2	17 1	29 1	4 1	65 1	32 2	66 1	61 3	22 1	67 2	24 1	35 1	5 1	68 2	56 1	41 1	70 2	78 1	60 1	48 1	2 1	64 3	34 2	8 1	11 5
59 1	13 1	22 3	30 1	45 1	51 1	20 2	79 3	72 3	54 2	53 2	62 1	76 1	56 1	4 1	55 2	14 1	10 2	33 1	77 1	57 4	8 2	32 4	7 2	78 2	27 2	38 1	24 3	31 3	71 1	3 1	58 3	47 1	43 11	1 1	17 1	15 2	5 1	16 1	64 4	41 1	70 2	50 2	42 3	19 1	26 4	2 2	48 2	23 4	73 4	68 1	60 5	61 1	11 2	21 3	29 3	36 2	0 4	28 2	75 1	49 3	34 1	40 2	65 3	63 3	44 2	35 4	25 4	46 2	67 1	52 2	74 1	6 3	39 2	12 4	9 1	18 1	37 3	69 1	66 3
41 1	44 4	34 3	71 3	4 2	50 1	21 2	42 2	25 3	53 1	6 2	61 1	18 1	17 1	45 2	38 2	48 1	39 1	32 3	22 4	73 4	46 1	30 1	55 1	79 1	24 1	29 2	28 3	47 1	7 2	23 3	74 1	37 1	14 1	59 1	12 1	51 1	16 1	66 1	60 2	27 6	20 1	0 1	62 14	54 7	43 1	63 4	9 1	35 2	65 1	76 4	11 1	52 1	5 2	64 1	49 1	19 1	57 1	70 1	69 1	31 6	67 2	58 1	1 2	78 1	33 1	10 2	77 1	8 6	56 1	3 2	68 1	40 1	26 1	75 1	13 1	2 2	36 1	72 1	15 1
47 1	29 1	74 1	56 7	12 2	17 1	7 1	1 1	13 2	77 1	31 3	18 1	62 1	67 4	71 1	61 1	15 2	34 3	68 4	3 1	36 2	78 2	16 3	42 5	40 1	0 2	79 2	38 7	33 2	5 2	58 3	65 2	73 5	48 2	69 2	49 2	76 1	35 3	50 1	4 1	11 4	57 1	21 1	37 2	23 1	41 3	72 2	51 1	70 4	9 2	52 1	59 2	43 1	2 1	6 1	66 3	54 4	24 2	28 1	60 1	32 4	46 1	45 1	53 5	20 2	75 3	30 3	44 3	14 1	55 3	19 2	64 1	25 2	63 1	26 2	10 2	22 2	27 1	39 1	8 3
79 2	37 1	28 1	27 1	74 1	5 1	72 3	15 1	61 1	76 4	48 1	6 1	65 4	29 1	63 5	66 1	71 3	78 2	19 3	53 3	26 1	45 2	52 1	54 1	59 2	18 1	10 1	38 3	73 5	1 1	40 2	17 4	75 1	34 1	9 4	69 1	42 1	7 2	3 3	55 2	14 1	33 1	60 3	8 2	49 2	30 1	62 1	20 1	13 1	41 1	22 1	47 1	70 2	51 4	0 2	4 2	21 1	25 1	46 2	16 3	32 2	67 2	31 2	24 2	64 1	58 1	57 2	68 1	36 1	44 1	50 2	77 2	35 1	23 1	11 3	2 3	43 1	56 7	12 2	39 1
21 2	28 2	64 2	15 3	33 1	1 1	13 1	23 2	20 1	40 2	79 2	39 2	65 3	53 2	77 1	52 1	61 3	48 1	35 1	71 1	2 1	27 1	19 1	63 1	69 3	68 1	67 2	50 2	25 3	70 1	72 2	7 1	45 1	17 1	41 1	30 2	43 1	75 1	34 1	58 1	73 2	18 1	55 3	56 5	0 1	66 1	32 2	57 1	47 1	38 3	29 1	6 1	74 1	49 1	60 4	46 1	9 1	54 2	26 1	22 1	44 4	78 6	37 2	3 1	10 2	4 1	5 1	8 1	14 1	62 1	76 2	51 1	36 2	59 1	42 5	16 1	24 2	12 1	11 1	31 1
27 1	72 1	58 1	4 3	76 2	37 1	51 1	69 3	8 1	68 2	23 1	63 2	38 2	54 1	45 3	19 2	2 2	44 3	39 1	35 1	14 1	3 3	53 2	22 2	55 2	7 1	0 1	46 1	74 2	18 2	34 5	26 1	24 3	40 1	41 1	79 2	59 4	15 1	77 1	62 1	28 7	31 2	70 1	5 1	1 1	48 5	9 4	12 3	61 1	10 2	50 1	73 2	16 4	64 1	29 1	67 1	20 5	11 1	65 2	71 1	78 3	43 1	13 1	60 4	36 1	17 4	32 1	42 1	47 1	52 3	57 1	21 3	25 1	30 1	6 1	75 1	49 8	66 2	33 1	56 1
12 3	78 1	16 4	59 3	27 1	1 1	62 1	72 1	9 1	22 1	35 1	70 2	73 1	43 1	63 1	74 2	40 1	41 3	23 1	10 4	75 1	53 2	19 3	69 2	79 4	48 1	25 1	39 1	2 5	13 3	56 1	11 1	52 1	57 1	21 1	51 1	47 2	32 1	38 4	36 1	42 6	61 1	50 2	54 3	24 1	65 2	68 4	7 6	71 2	58 2	18 2	55 1	8 3	20 1	28 2	6 1	66 3	49 2	17 1	44 1	45 1	46 1	15 2	37 3	5 2	77 1	26 1	29 1	60 3	76 1	0 1	33 2	4 2	14 3	30 7	31 1	3 1	67 2	34 1	64 3
39 5	0 2	72 3	4 2	14 3	16 2	28 1	7 1	79 1	62 1	76 1	12 1	77 1	11 2	63 1	71 1	65 3	23 1	64 1	40 3	41 2	17 1	59 1	15 1	37 1	53 1	78 8	25 4	67 1	20 2	6 3	24 1	66 2	47 1	49 2	26 3	31 1	13 1	10 1	22 1	32 2	70 2	48 1	8 2	33 2	18 2	9 1	43 3	51 3	38 2	73 2	29 1	74 1	30 2	3 1	46 1	35 6	2 4	60 4	61 1	75 1	1 2	27 2	57 1	42 1	34 3	45 3	50 2	19 1	56 1	21 3	52 3	54 1	5 3	69 2	44 2	68 3	55 3	36 2	58 1
1 1	10 3	9 3	30 2	8 3	79 1	20 2	23 1	34 2	65 2	18 3	56 2	3 1	24 2	46 3	70 1	48 1	43 1	74 3	67 2	40 1	38 1	77 3	71 1	54 2	32 2	15 2	28 1	72 1	76 2	33 1	19 4	50 1	47 1	2 3	31 3	16 1	57 2	12 1	51 1	7 2	29 1	4 2	13 2	49 1	58 3	63 1	14 2	44 2	37 1	55 2	0 3	53 1	68 1	27 2	11 3	22 4	66 1	60 2	59 1	41 1	17 1	69 3	78 3	36 2	45 2	73 2	5 2	52 1	62 3	64 5	39 1	75 1	35 1	25 6	21 4	26 1	42 2	6 2	61 3
