60	60
46 1	28 2	59 3	45 1	3 1	32 1	25 1	47 1	2 3	40 1	26 1	27 2	16 1	41 3	55 1	14 1	20 2	23 1	48 1	1 2	30 1	49 1	51 1	5 1	57 2	22 4	0 3	38 5	44 1	56 3	17 1	53 1	34 1	12 3	18 1	19 2	8 1	52 1	39 1	36 4	37 4	10 3	7 4	24 1	58 1	4 1	42 3	13 1	21 3	15 1	11 1	31 1	6 3	9 2	33 3	50 1	29 1	35 1	54 4	43 2
21 2	0 2	29 2	13 1	52 2	56 3	37 1	22 1	19 2	42 1	4 1	9 2	27 4	15 2	33 6	3 1	38 1	7 5	25 2	48 3	18 2	53 4	50 1	31 5	1 1	55 1	14 9	11 1	20 1	5 1	49 3	2 3	8 2	34 1	6 1	47 1	46 1	39 1	16 4	43 1	41 2	30 2	28 3	23 2	32 1	24 2	40 2	26 1	51 2	59 1	35 3	10 1	54 1	36 1	12 1	17 3	58 3	57 2	45 1	44 2
32 2	57 1	14 1	35 5	47 1	25 2	12 1	37 4	53 1	23 3	56 2	39 1	59 2	38 5	1 1	36 1	51 1	48 1	27 1	8 1	55 1	40 1	5 1	21 2	18 1	0 2	9 3	42 1	4 2	33 2	10 1	44 1	54 1	49 1	17 1	50 2	43 1	3 3	13 7	41 1	22 3	6 1	31 1	7 1	45 3	11 1	30 1	20 3	16 1	28 1	15 1	46 1	2 1	52 1	58 2	26 2	29 2	34 1	19 5	24 1
35 1	16 3	6 1	43 1	18 2	53 3	23 3	11 1	57 1	15 2	42 1	24 1	37 4	44 1	13 1	41 1	14 1	38 17	49 1	2 1	56 1	55 1	50 1	0 1	9 1	19 1	59 1	21 2	12 1	45 1	36 1	29 2	17 3	39 5	46 1	5 1	30 2	51 2	8 1	20 1	1 1	31 1	25 2	54 2	33 3	26 2	28 1	58 2	27 1	32 2	48 4	10 5	4 9	34 2	22 3	52 1	40 1	3 1	47 5	7 1
41 1	34 3	45 1	28 1	36 1	8 1	18 1	38 1	4 1	53 3	21 1	31 1	46 2	32 3	5 2	13 1	50 5	27 1	44 1	11 2	24 8	57 1	16 6	15 2	26 1	7 2	35 1	30 1	55 7	12 1	1 2	58 5	51 5	2 4	17 1	29 3	48 1	10 1	52 1	3 2	20 1	56 1	19 1	49 8	59 2	37 2	54 3	22 2	9 1	25 4	33 3	23 4	43 2	14 3	40 1	39 5	6 1	47 2	42 4	0 5
59 1	58 1	3 2	24 3	47 1	41 1	1 1	20 1	32 1	28 3	33 3	6 1	0 2	9 3	45 2	30 4	17 1	5 5	16 1	27 1	34 4	56 1	36 1	39 1	2 1	15 2	37 1	46 1	48 1	11 2	51 3	52 2	14 2	18 1	13 3	12 3	49 9	38 1	21 6	42 3	29 1	26 1	53 1	8 2	43 1	10 1	40 2	23 1	55 8	54 1	50 4	25 1	22 2	57 1	31 5	4 4	35 4	7 1	44 1	19 3
10 3	12 6	54 1	57 4	58 1	4 3	30 1	49 1	3 4	26 1	9 1	47 4	42 1	5 1	28 1	38 1	36 4	23 2	8 1	33 6	11 1	43 1	7 1	41 1	52 1	17 2	21 6	37 2	55 1	59 1	44 1	20 2	53 1	24 4	48 1	25 1	50 1	27 2	22 1	1 2	46 1	35 2	2 2	39 1	45 1	16 2	18 5	14 2	19 1	29 3	13 1	51 1	32 1	34 1	56 2	31 1	0 2	6 2	40 3	15 2
48 3	24 3	11 1	39 1	47 3	30 5	29 2	25 1	6 1	4 1	27 2	16 2	14 1	58 1	43 1	35 3	18 1	5 3	17 1	57 2	28 1	56 1	31 1	20 3	26 1	44 2	9 3	34 1	40 1	7 1	1 1	32 1	23 3	53 2	2 2	12 1	22 2	54 1	33 3	36 3	19 3	15 2	42 1	49 1	52 1	8 1	13 2	38 1	45 2	51 2	21 1	37 5	3 1	55 2	50 1	46 5	41 1	10 1	0 1	59 3
0 3	22 1	25 1	36 1	1 3	6 1	44 1	5 2	47 3	55 1	54 2	39 1	11 7	28 1	57 2	49 3	45 1	46 6	15 2	2 2	12 1	33 4	56 1	20 1	58 1	3 1	27 1	14 1	34 1	23 2	17 4	21 3	41 1	19 3	26 1	10 1	18 4	37 3	43 6	53 2	24 2	42 2	50 1	38 1	35 1	32 1	40 1	30 4	13 2	29 2	59 5	8 5	51 1	31 1	7 4	48 1	4 1	52 1	9 1	16 1
23 2	55 1	30 2	42 1	57 1	51 2	52 1	59 1	3 1	2 2	26 4	47 2	58 3	13 1	43 1	15 1	44 2	9 3	38 1	28 3	4 1	50 1	17 2	19 2	7 1	35 1	29 2	41 2	21 1	6 1	34 1	25 1	36 2	22 1	37 3	18 3	33 2	16 2	10 3	53 4	56 1	49 2	54 2	46 1	48 1	8 3	31 2	12 1	0 2	5 2	11 5	45 1	1 2	39 1	32 1	14 1	27 2	24 1	20 1	40 5
45 2	51 1	27 1	56 2	50 2	43 1	53 2	10 1	33 2	22 1	20 1	30 1	16 1	32 2	7 1	15 2	36 1	54 1	6 1	47 2	3 2	21 1	0 1	37 1	2 1	55 1	19 2	39 1	49 4	24 2	46 1	42 1	13 3	41 1	40 2	23 1	12 1	5 1	11 1	4 5	48 5	26 3	28 8	52 1	38 4	14 3	57 2	1 1	25 2	59 1	9 2	8 7	17 1	35 2	44 1	34 1	29 4	18 4	58 3	31 1
21 2	13 2	48 1	45 2	16 1	44 1	18 2	57 3	47 5	34 1	43 3	15 1	56 3	4 1	39 2	49 3	38 2	41 2	29 1	27 2	26 3	30 1	24 3	37 2	5 1	0 2	11 4	8 1	46 3	52 1	17 1	50 3	9 1	19 1	14 2	28 2	31 2	35 2	53 1	51 1	10 4	59 1	22 3	7 1	42 1	20 1	3 2	1 1	32 2	55 3	23 3	6 3	33 1	54 3	25 1	36 2	58 1	12 4	2 4	40 1
42 1	53 2	51 1	56 1	32 1	10 1	44 2	18 1	21 1	2 1	7 4	12 1	47 2	37 2	55 1	27 1	19 2	16 1	8 3	41 1	4 1	31 1	24 6	38 3	14 2	17 2	11 2	6 1	26 3	52 1	54 1	0 2	36 1	43 2	58 1	39 2	22 1	1 2	50 1	48 1	34 1	23 2	40 7	45 6	35 1	28 1	15 1	49 1	33 2	20 3	3 2	5 1	30 1	9 2	46 1	59 5	29 1	57 2	25 1	13 3
44 3	6 1	13 5	23 1	36 1	57 1	7 2	17 3	32 1	49 1	37 2	35 3	8 2	11 3	54 1	56 2	4 1	47 9	29 3	33 6	40 1	31 2	22 2	12 3	52 2	27 5	26 1	3 1	58 1	15 3	25 2	18 2	51 2	24 2	43 1	5 1	20 1	55 1	46 2	42 3	39 1	48 2	1 4	30 1	10 2	21 1	59 1	53 1	16 1	34 2	50 2	2 2	19 1	38 3	45 1	28 1	9 3	14 4	41 2	0 1
53 2	58 1	30 2	6 1	42 1	52 2	18 1	41 2	28 2	23 2	40 3	31 1	20 1	29 2	39 2	36 1	26 1	8 1	50 1	17 1	7 1	55 1	12 1	15 1	24 1	3 1	16 3	9 2	27 1	35 1	13 3	11 3	51 1	57 2	4 4	2 3	37 2	34 4	56 1	46 1	48 2	14 5	21 1	54 1	44 1	10 1	45 1	33 2	19 4	5 2	47 2	38 1	43 2	1 2	59 1	22 1	32 2	25 1	0 1	49 1
30 1	27 2	13 1	34 2	56 3	31 1	37 1	23 1	5 5	15 2	32 4	44 3	0 3	59 1	57 1	26 1	58 2	14 2	12 1	35 1	20 1	10 2	8 2	18 2	40 3	22 1	17 2	46 1	53 1	49 1	29 1	3 1	48 1	11 2	52 1	54 3	24 1	16 2	19 4	33 2	9 2	42 6	41 2	55 1	50 1	28 1	2 1	6 3	4 1	1 1	47 3	39 2	43 1	7 1	36 3	25 1	21 1	51 1	38 6	45 1
20 2	36 2	13 1	28 3	26 2	23 2	50 2	54 1	47 1	16 1	4 3	43 1	22 4	1 1	37 1	31 1	46 1	7 2	15 3	40 1	17 2	8 2	33 1	12 2	53 1	0 1	25 1	14 2	9 2	57 2	29 1	34 1	35 7	11 2	48 1	42 1	19 7	3 3	39 1	6 4	38 4	30 2	24 6	10 2	32 1	2 4	51 1	5 1	58 5	55 6	52 1	45 1	18 1	21 2	44 3	27 1	49 2	59 1	56 1	41 1
11 1	49 1	2 2	25 1	47 2	15 3	42 2	4 3	7 3	45 1	52 1	21 4	38 1	50 1	46 3	48 3	54 2	29 5	57 1	0 2	19 2	20 1	17 3	22 3	40 3	23 1	10 4	6 1	8 1	59 3	32 1	37 2	36 1	34 1	9 2	12 3	18 1	41 1	27 1	53 3	51 1	33 2	1 7	39 1	3 2	5 1	55 1	16 1	30 7	26 1	14 1	56 2	43 2	28 6	44 1	24 2	58 1	35 2	13 2	31 2
1 2	14 2	11 2	40 1	20 1	52 1	28 1	13 5	36 1	27 1	18 4	58 1	37 1	39 4	3 2	53 1	12 1	15 2	22 1	47 4	34 1	0 1	19 2	29 3	25 3	59 2	55 3	16 1	48 1	2 3	21 2	57 3	38 3	35 1	9 4	26 1	23 1	43 1	44 1	45 4	56 1	54 1	5 2	24 1	6 3	10 1	50 5	49 2	4 1	32 2	31 3	30 1	8 2	51 3	7 1	33 1	17 2	42 1	46 1	41 3
47 6	27 3	14 1	17 1	22 2	40 2	32 1	24 1	26 1	33 4	1 3	30 2	31 1	55 1	42 1	23 4	52 5	50 1	48 1	35 2	2 1	53 3	5 3	16 3	36 1	8 1	21 1	34 1	19 1	20 2	4 3	51 2	15 2	38 2	12 2	41 2	3 3	11 2	37 1	56 1	57 2	6 1	13 4	39 1	28 2	10 2	29 1	18 1	7 4	59 1	46 1	43 1	44 1	9 1	49 3	45 4	58 2	0 2	54 5	25 1
29 1	17 2	41 1	26 1	51 1	48 1	55 3	40 1	12 1	22 1	58 1	8 1	43 1	20 2	13 1	32 3	25 2	2 1	36 4	10 1	52 5	39 6	21 2	4 1	11 3	49 1	28 4	23 1	54 1	7 1	44 2	46 1	3 3	30 2	9 1	15 1	0 2	45 5	38 2	5 1	59 3	47 2	50 1	35 1	53 1	24 2	56 2	6 1	18 2	19 1	31 1	57 1	34 1	37 3	16 1	14 1	27 2	1 1	33 5	42 2
41 1	3 2	53 1	18 1	21 2	8 1	16 5	32 3	2 1	34 2	39 2	47 1	33 1	19 2	1 1	13 1	4 1	27 1	49 1	31 1	55 4	23 2	50 2	57 2	15 2	58 1	22 1	51 1	30 2	54 1	36 1	10 1	20 3	11 2	5 1	24 2	45 3	43 3	25 1	46 2	40 1	42 1	17 2	6 1	37 1	52 2	0 2	44 1	9 2	29 1	28 1	56 1	7 1	12 1	59 2	14 1	26 3	38 1	48 1	35 1
58 1	20 1	28 1	21 2	6 1	22 1	15 1	55 1	40 1	36 1	7 6	33 1	30 1	8 2	37 2	9 1	34 3	56 1	1 2	59 1	29 1	12 1	16 3	53 1	54 1	42 2	57 2	5 2	2 4	49 1	32 2	18 6	11 4	31 1	3 1	39 1	17 2	44 3	51 2	24 8	50 2	38 1	10 2	35 3	41 1	23 2	52 1	25 1	14 4	19 1	46 2	13 2	43 1	26 1	4 1	47 1	0 1	27 1	45 3	48 4
37 1	25 1	49 3	32 5	16 1	8 4	6 1	36 1	30 3	59 4	27 1	38 2	41 2	47 1	17 1	15 1	54 3	11 1	48 2	45 5	28 1	0 4	43 2	5 2	50 5	2 3	12 1	3 3	57 4	22 1	1 1	19 5	53 1	20 4	31 4	26 3	44 1	18 1	7 1	51 2	55 3	4 1	21 4	35 4	39 1	58 2	29 2	46 5	9 2	13 2	42 1	34 1	10 3	40 2	33 1	24 7	56 2	23 3	52 1	14 1
51 5	48 1	50 2	5 2	46 1	15 1	18 3	54 2	38 1	45 1	14 1	43 2	42 1	0 2	31 2	16 1	1 1	23 3	37 1	52 2	33 7	57 2	44 2	3 1	22 7	19 2	32 1	55 1	56 1	36 1	6 3	41 1	29 1	26 1	40 1	13 1	9 1	47 1	28 3	34 1	2 1	4 1	59 6	10 2	58 4	21 1	8 3	7 1	27 2	49 1	12 1	30 1	25 1	17 1	24 2	39 2	11 1	35 3	20 3	53 1
45 1	53 1	18 1	17 4	55 3	11 2	35 1	26 2	3 1	22 3	54 1	32 1	37 2	49 1	46 3	36 1	20 1	31 1	25 1	14 1	15 2	38 1	51 2	34 1	27 3	47 4	29 1	0 2	30 3	9 1	24 1	44 3	43 1	56 2	1 2	40 1	33 1	48 1	6 2	7 2	52 2	58 1	57 3	12 1	50 9	28 2	2 1	10 1	5 2	19 1	4 2	23 1	59 1	21 1	41 3	39 1	16 1	8 1	42 1	13 1
30 1	28 6	25 2	13 3	27 5	0 2	34 2	55 3	42 2	44 2	35 6	14 1	53 4	31 1	43 1	54 1	20 1	50 1	10 2	2 1	17 2	11 1	52 2	26 3	19 1	21 5	3 1	47 1	8 1	36 1	38 2	22 4	4 1	48 1	57 3	15 4	24 3	7 4	5 1	37 2	1 2	41 2	6 1	32 1	58 1	40 1	56 9	12 4	59 1	29 1	33 6	39 1	46 7	23 2	9 3	18 1	51 2	49 2	16 1	45 1
53 2	7 1	27 1	39 1	20 1	17 1	54 2	14 1	45 1	6 1	49 1	55 5	36 1	29 1	1 1	5 2	13 2	52 2	8 1	31 1	37 1	30 1	33 1	24 2	59 1	46 1	47 3	25 3	42 1	11 2	34 1	38 2	32 1	0 2	2 10	22 1	48 1	16 3	57 1	19 1	50 2	12 1	58 2	26 1	56 1	23 1	41 3	15 4	18 2	44 1	9 2	4 1	35 4	51 2	21 1	3 1	10 1	28 1	40 1	43 6
7 1	51 2	22 1	24 1	9 9	43 1	56 1	26 1	12 2	17 4	21 2	3 1	39 1	57 1	8 2	27 1	38 1	1 1	31 1	48 5	29 5	2 3	20 1	0 2	16 4	18 1	40 2	41 2	42 5	13 1	50 1	53 1	54 3	15 2	5 1	58 1	11 1	47 1	30 2	6 1	49 1	44 1	46 1	19 4	25 1	55 2	45 1	37 1	10 2	23 1	33 1	52 8	4 1	35 2	32 2	59 2	14 1	36 1	28 1	34 1
51 1	48 3	38 1	27 1	7 1	8 2	22 2	42 1	11 1	40 1	1 1	29 1	17 1	45 1	26 1	47 1	57 1	34 2	28 1	41 1	31 1	24 1	56 2	37 3	6 5	23 1	13 1	16 1	5 1	36 1	18 2	46 3	12 1	4 2	15 2	58 5	59 3	10 3	43 2	20 1	33 1	52 1	19 3	21 2	32 3	53 3	3 2	54 7	0 3	44 1	50 2	9 3	49 1	39 2	2 1	14 1	30 1	25 3	35 7	55 3
25 1	37 1	28 1	19 2	39 3	3 1	56 4	29 1	12 1	20 4	15 1	36 2	43 1	49 3	42 1	24 2	11 1	46 2	2 5	55 1	9 2	23 4	27 5	30 1	59 2	58 5	8 2	52 1	38 1	33 7	45 2	48 1	0 2	14 1	26 2	1 1	35 6	41 1	34 1	57 1	5 2	6 2	22 2	50 3	54 1	47 1	16 1	13 1	40 1	53 5	4 2	10 1	31 2	51 6	17 3	21 1	7 1	32 3	44 2	18 2
50 1	53 2	21 1	35 3	41 1	42 2	31 2	3 2	49 1	0 1	39 1	22 1	58 3	6 1	23 1	14 2	30 1	19 3	18 3	11 1	51 1	56 1	27 1	29 4	24 1	47 2	28 2	1 1	16 1	40 2	55 8	26 1	5 4	45 3	38 2	15 1	17 1	7 1	8 1	25 1	4 1	10 1	52 3	13 3	32 2	33 1	57 1	9 1	36 3	48 2	12 3	54 3	59 2	43 1	37 2	2 2	44 1	34 1	46 2	20 2
24 1	40 4	45 4	47 5	20 1	22 1	27 2	51 1	25 2	29 1	28 1	37 1	10 1	43 1	42 1	21 1	11 2	4 3	33 1	17 2	7 1	31 1	3 2	13 2	23 4	1 1	9 1	30 2	5 1	0 1	36 2	59 6	35 4	26 2	48 1	18 1	41 2	46 5	32 1	16 1	54 4	57 1	6 1	52 4	34 2	8 2	15 1	19 4	39 1	53 1	2 2	58 1	44 1	12 1	55 1	50 1	49 4	14 1	38 1	56 2
2 2	26 6	19 2	31 1	36 2	5 4	57 5	22 1	50 3	35 1	30 1	34 6	41 2	44 7	27 2	7 2	16 1	42 1	58 3	20 1	59 1	39 1	52 3	29 1	53 4	6 1	51 1	46 1	21 2	9 1	17 1	28 1	10 2	55 1	15 5	49 1	54 1	43 2	8 3	33 1	37 1	1 2	18 4	4 2	47 10	0 1	23 1	24 1	32 3	48 1	3 3	14 4	12 3	45 3	38 3	40 1	25 3	11 1	13 1	56 1
31 6	55 1	11 4	14 1	28 1	9 1	50 1	35 2	10 1	5 1	17 2	25 7	48 3	38 1	27 3	19 1	18 2	49 3	41 1	37 4	34 2	7 1	6 1	47 1	20 1	44 4	23 1	2 1	29 3	16 3	56 2	0 2	21 1	58 1	15 1	3 3	24 3	1 2	32 3	30 1	22 5	26 2	40 1	46 3	45 1	57 1	36 1	13 1	33 3	59 1	8 1	39 1	52 1	12 2	4 1	54 1	43 4	53 4	51 3	42 2
17 3	43 2	29 3	23 5	10 2	2 1	8 2	58 3	59 2	47 1	3 3	20 2	18 1	0 1	25 2	39 1	7 2	24 1	21 1	19 3	15 1	34 1	51 3	53 2	26 1	22 1	38 1	16 4	12 4	54 1	45 1	49 3	6 1	32 4	27 3	35 3	52 1	56 1	14 2	40 1	11 1	4 1	44 1	46 2	31 1	1 7	28 2	57 4	42 1	33 2	37 2	36 3	30 4	13 2	50 2	55 1	5 1	9 3	48 1	41 3
53 3	56 3	34 3	36 3	15 2	18 1	7 2	23 1	40 4	0 3	11 1	55 9	12 1	5 1	10 1	50 1	19 3	45 6	42 2	35 1	29 2	1 1	47 1	52 2	21 1	30 1	33 2	32 3	22 3	48 3	59 5	28 1	26 2	25 2	54 1	38 1	27 1	37 1	31 1	13 4	16 1	43 1	6 1	46 1	3 1	49 3	8 2	58 3	20 1	14 1	57 2	17 1	2 1	24 3	44 1	9 1	4 1	39 3	41 1	51 3
41 1	5 1	39 3	44 2	55 1	53 3	57 2	16 2	25 1	50 1	7 1	13 1	22 1	52 3	32 3	48 1	34 1	23 2	15 1	30 1	26 2	29 1	37 2	58 1	17 1	54 2	28 2	20 5	38 2	33 5	18 2	47 1	40 1	46 2	21 1	10 2	4 1	43 1	9 2	51 1	8 2	59 1	45 3	0 1	19 2	1 1	2 4	3 1	14 2	35 1	31 1	36 4	27 1	56 2	6 2	11 1	42 1	24 1	12 5	49 1
35 4	3 2	22 4	36 5	53 1	46 4	11 1	44 2	42 3	54 2	24 3	12 1	45 3	34 2	29 3	33 4	25 2	7 8	52 1	51 1	48 1	8 9	55 1	50 5	49 3	0 2	23 1	56 6	21 2	57 4	26 2	47 1	40 1	1 1	18 2	31 2	37 4	19 1	28 1	41 1	15 2	13 1	2 1	39 1	16 2	20 1	10 1	43 1	59 2	9 1	30 1	38 1	17 2	14 1	27 1	58 1	32 1	6 1	4 6	5 1
46 1	10 2	39 1	45 3	9 1	6 1	25 2	19 2	15 1	1 2	37 1	2 1	23 2	11 2	4 1	55 3	58 1	30 3	35 4	12 1	32 3	44 1	14 4	42 4	22 4	52 1	49 4	51 2	47 1	59 5	13 1	26 2	28 2	18 1	17 1	20 1	29 3	54 1	36 1	16 3	40 2	24 1	27 1	31 2	34 2	38 1	50 1	8 1	53 1	48 3	57 1	7 1	43 1	41 1	56 1	3 2	33 1	5 3	0 1	21 3
4 1	32 2	19 1	42 1	35 1	15 1	1 1	9 2	27 1	21 1	36 2	37 1	13 1	49 1	34 4	43 2	10 4	30 3	5 6	11 3	24 2	38 2	51 1	40 1	53 3	57 2	8 2	50 1	22 2	3 2	31 2	20 3	16 1	0 4	54 5	55 2	46 6	12 2	52 1	2 2	41 3	45 1	56 1	39 1	44 3	23 1	47 1	28 1	26 1	6 5	17 1	7 1	48 7	29 2	14 6	59 1	18 1	58 4	33 1	25 4
38 1	56 2	52 3	18 1	54 2	21 4	4 1	35 1	28 5	17 3	8 2	49 2	10 1	44 3	48 2	14 5	58 1	0 3	27 3	15 1	19 4	41 3	29 1	16 3	7 1	37 2	1 5	20 5	22 1	46 1	5 2	9 6	25 3	3 1	13 1	6 2	26 1	30 1	55 1	34 1	50 2	59 2	43 1	40 2	31 3	57 1	12 2	39 2	51 1	23 2	45 2	42 6	24 1	32 2	2 1	11 1	36 1	47 5	33 1	53 2
13 1	40 1	51 1	20 2	30 1	24 3	14 2	39 1	31 4	41 1	35 2	56 2	3 1	8 3	48 7	6 1	33 4	21 2	37 2	42 2	28 2	16 1	52 4	34 3	53 1	57 3	11 1	15 1	2 3	19 4	50 2	47 2	25 1	55 2	26 2	29 1	10 1	32 1	59 2	43 1	22 2	9 7	44 1	45 2	0 5	38 1	4 3	49 1	46 2	27 2	18 4	36 2	23 7	1 1	58 2	12 1	17 4	7 1	54 4	5 1
35 1	3 2	50 1	44 2	14 1	36 1	41 2	58 3	51 1	53 2	23 4	7 4	0 2	47 3	38 1	46 1	52 2	8 1	10 1	32 2	12 1	42 1	43 2	18 1	1 3	48 1	49 5	29 5	54 1	9 3	4 3	40 1	37 1	13 1	22 1	24 5	19 3	45 3	34 1	33 1	16 1	11 1	21 4	57 2	20 8	26 5	6 2	30 2	25 1	39 1	31 2	5 4	28 3	27 1	15 1	59 3	2 1	17 1	55 1	56 2
28 3	59 2	1 2	16 1	51 2	18 1	7 1	35 4	2 1	13 1	14 2	5 1	15 1	9 1	20 4	25 3	11 1	58 4	38 2	6 2	12 2	21 1	29 1	22 2	43 2	26 1	3 2	33 1	37 2	17 1	56 4	10 1	50 1	8 3	19 1	39 2	52 1	48 2	40 3	23 1	42 1	36 1	32 2	46 2	44 1	24 1	31 1	34 2	0 2	27 1	47 1	53 2	45 1	57 1	54 1	55 2	41 3	49 4	30 2	4 4
10 1	11 1	29 1	43 2	47 2	12 1	58 6	36 1	50 2	32 1	9 2	22 1	46 3	21 3	1 3	48 2	7 1	25 5	0 2	15 1	37 3	56 3	45 1	31 3	41 3	44 5	24 2	17 2	38 1	55 2	39 2	52 1	4 1	34 3	28 2	5 4	53 2	23 1	14 2	2 1	57 5	8 1	3 1	30 3	19 3	33 1	18 2	6 1	16 1	20 1	35 1	27 4	51 1	59 1	40 1	54 1	26 1	42 1	13 3	49 3
45 1	52 1	37 1	29 4	5 2	12 1	4 1	23 3	7 2	16 2	22 3	15 1	11 1	8 2	36 1	39 2	47 5	28 3	57 3	20 1	51 1	2 1	54 3	56 2	19 1	46 2	21 1	55 1	30 1	53 1	26 1	1 2	33 1	50 4	6 1	42 2	43 5	9 2	41 1	0 1	44 1	34 2	25 1	24 1	49 1	3 1	31 1	17 1	35 3	32 1	48 2	13 3	40 1	14 1	59 3	38 2	10 1	58 2	18 3	27 4
51 1	5 2	18 4	13 1	37 1	25 5	26 2	46 9	9 1	54 1	57 1	19 1	31 3	11 1	35 4	7 2	27 3	28 1	16 1	44 2	29 1	30 1	47 3	24 3	10 3	34 6	22 2	33 1	6 1	40 1	12 1	0 1	41 3	49 5	21 1	39 3	58 1	56 4	14 1	23 2	1 3	59 3	45 2	4 1	15 1	8 2	53 1	52 1	38 1	55 1	36 1	48 1	50 1	2 1	3 3	20 2	43 2	42 1	32 3	17 1
18 3	4 2	56 1	54 3	49 2	15 1	11 1	44 1	25 1	21 2	10 1	14 1	22 2	23 3	38 5	50 2	40 1	9 1	46 3	52 2	42 1	37 1	39 2	55 2	31 1	47 1	30 3	41 2	24 2	2 1	0 1	1 4	12 8	34 3	53 5	35 1	20 5	32 3	27 1	5 1	13 5	28 1	26 1	59 1	45 3	19 1	36 4	33 1	6 3	7 1	16 1	58 1	57 1	17 4	48 1	3 2	8 2	43 1	51 1	29 1
40 2	54 1	48 1	38 2	44 1	47 4	16 1	35 1	24 1	51 1	55 4	45 1	53 1	7 2	14 5	57 2	15 1	30 2	33 1	50 1	4 1	5 1	46 1	18 1	2 1	10 1	3 1	39 4	13 1	43 2	56 2	17 1	11 1	1 1	29 1	21 1	22 2	19 4	25 2	20 1	26 3	58 3	34 3	28 4	37 2	23 1	27 1	52 1	6 1	42 3	9 1	41 3	0 2	31 2	59 1	12 3	49 2	32 1	8 1	36 2
40 3	12 1	51 1	54 1	46 2	11 2	36 3	13 5	52 1	45 4	55 7	16 1	41 2	19 1	34 2	39 2	18 1	0 7	2 1	14 4	4 1	50 1	59 2	38 3	29 4	1 2	42 1	31 2	20 2	35 1	56 4	15 5	43 3	27 3	5 1	33 1	44 1	57 1	48 3	49 3	32 1	8 1	25 1	53 2	6 1	9 2	26 1	17 1	47 2	22 2	21 5	7 1	58 3	23 1	37 1	24 1	28 1	10 1	30 1	3 1
30 1	22 4	16 3	34 3	6 1	32 2	39 1	14 4	24 1	53 1	10 2	48 1	4 4	19 1	20 3	7 2	9 1	33 2	50 3	37 1	28 4	35 1	56 2	46 1	29 3	12 2	45 1	8 4	1 2	13 1	27 1	41 2	44 3	59 1	26 2	21 1	47 1	17 2	42 2	38 3	49 1	18 6	11 4	43 1	3 1	52 3	0 2	31 2	54 2	57 2	36 2	55 1	40 2	2 1	5 2	51 1	58 1	15 1	25 2	23 1
29 1	16 1	6 1	31 2	27 2	44 1	55 3	5 1	9 2	45 3	26 1	33 8	57 3	17 1	32 3	25 2	2 2	35 5	56 1	43 2	20 3	39 2	30 2	1 1	19 3	52 1	54 1	21 1	34 1	23 1	3 1	28 3	42 4	49 1	48 3	4 1	12 4	36 2	41 1	22 1	0 1	40 2	59 2	13 2	11 6	47 1	46 1	51 3	50 1	10 3	18 1	14 1	15 4	8 3	37 2	24 4	38 1	58 2	53 2	7 1
20 1	3 1	39 5	19 2	18 1	55 1	8 2	33 3	5 2	17 1	32 2	57 1	35 2	27 3	21 3	58 5	56 2	41 1	23 4	59 2	13 2	48 2	42 4	36 1	49 1	31 3	4 1	16 3	29 2	9 1	45 1	46 3	40 1	12 2	22 1	50 3	53 2	38 1	51 2	44 5	54 3	7 2	37 3	10 1	15 2	11 1	24 5	34 1	0 1	43 1	14 1	25 2	47 1	28 2	26 2	30 1	52 1	1 1	2 1	6 1
3 2	53 1	41 1	15 1	1 1	58 1	33 1	57 1	47 5	46 2	40 2	52 1	6 1	13 1	25 1	10 1	26 4	50 1	37 3	7 2	51 2	39 2	20 4	43 1	17 5	44 1	59 1	11 1	56 1	27 1	5 1	54 1	19 3	23 1	42 4	14 2	0 1	31 3	18 1	45 1	32 1	9 2	16 1	35 5	21 1	38 1	30 2	2 1	48 1	12 3	49 5	24 1	4 2	36 1	29 1	22 1	34 3	8 1	28 2	55 3
26 2	2 1	10 2	41 3	34 1	1 1	4 3	15 2	17 1	30 1	8 1	58 1	57 3	53 1	12 1	11 1	25 1	48 1	27 5	22 1	9 1	3 6	32 2	35 2	6 2	44 2	37 1	55 1	28 2	52 2	5 2	50 1	45 1	36 5	20 1	33 1	16 1	39 1	43 1	56 1	31 1	47 1	0 2	46 2	19 4	51 5	13 3	7 1	49 1	18 1	40 1	38 1	54 3	59 2	29 1	23 1	14 1	21 1	42 2	24 1
55 4	39 4	9 2	52 1	11 4	31 3	15 1	23 3	57 2	34 5	12 1	36 1	59 1	8 2	44 1	43 2	53 2	21 1	32 3	16 2	56 2	47 2	25 1	20 3	42 2	13 1	40 1	24 1	18 1	41 2	6 2	46 1	1 1	37 2	0 1	14 2	26 1	28 2	2 1	50 1	45 4	19 1	33 2	49 1	5 1	7 5	3 3	30 2	54 1	27 2	35 3	4 1	38 4	17 1	48 1	51 1	58 3	22 4	29 1	10 2
59 1	50 1	29 1	44 1	36 1	19 1	37 4	21 1	15 4	23 2	8 2	17 5	40 2	56 2	42 4	18 1	28 2	4 2	57 2	32 1	0 4	51 3	22 4	1 1	38 4	52 1	20 2	5 1	26 1	46 1	9 2	30 2	16 2	34 4	24 1	27 2	10 2	6 3	54 2	12 1	48 3	41 1	35 1	14 2	47 2	33 3	25 2	55 1	39 2	49 1	2 3	58 1	45 2	3 2	11 10	7 1	53 2	13 1	31 3	43 1
32 1	46 2	42 2	23 1	43 1	33 2	28 4	47 1	9 2	11 1	59 1	39 1	13 1	1 1	6 2	20 1	29 1	48 1	37 1	53 4	58 2	7 1	19 1	44 2	3 1	45 1	26 1	24 1	16 1	15 3	21 3	35 1	34 2	8 2	51 1	31 3	41 1	14 2	36 1	17 3	2 1	52 2	4 2	10 3	30 1	12 9	54 1	56 1	18 1	5 5	0 2	50 2	40 5	27 7	55 3	57 2	38 2	25 1	49 4	22 1
45 1	54 2	27 1	1 1	44 4	17 1	34 1	56 4	18 2	48 1	33 1	31 1	12 1	23 1	28 1	46 1	30 3	7 1	58 2	13 1	16 1	39 4	57 1	59 1	3 2	41 1	24 2	55 2	14 7	29 3	10 3	19 1	36 2	0 5	53 2	5 1	32 1	35 1	4 2	42 1	25 2	22 2	50 1	47 1	51 1	49 1	8 2	20 1	40 10	11 4	38 2	37 1	9 1	21 1	2 2	52 1	6 3	26 2	43 3	15 1
