60	70
24 53	34 57	51 49	38 46	65 51	19 49	40 52	1 43	12 46	39 62	44 44	31 55	41 49	37 52	54 53	68 48	50 46	28 64	47 51	21 52	13 43	15 53	22 37	49 52	7 48	2 48	60 45	53 46	35 49	61 53	67 52	0 51	66 55	26 55	20 42	9 50	33 49	45 51	17 48	14 51	56 51	48 52	36 44	18 54	46 55	10 44	42 43	32 46	27 48	55 49	52 39	57 45	59 52	6 50	63 49	64 48	4 52	23 49	43 44	29 44	3 50	58 46	30 53	69 50	62 48	16 57	11 39	25 49	8 52	5 57
10 49	69 51	43 60	58 52	2 57	35 48	19 47	24 47	40 55	39 42	56 48	65 40	63 45	55 54	18 43	4 42	66 54	34 41	52 55	59 48	32 49	11 43	16 44	54 56	60 50	6 45	33 65	7 45	0 44	3 56	61 54	30 52	45 53	68 46	38 49	5 54	22 48	25 45	64 51	46 51	37 54	48 46	36 46	42 51	29 48	14 55	50 50	13 58	28 56	47 57	8 53	20 54	26 42	51 54	27 41	53 50	57 57	41 49	15 51	21 64	49 52	1 51	12 50	17 46	67 54	9 57	23 51	44 46	62 51	31 58
35 59	23 47	5 51	69 50	30 49	25 47	40 44	47 52	6 48	57 50	58 51	43 43	59 56	41 52	9 63	50 52	32 47	46 55	27 50	12 45	36 55	48 54	7 52	33 46	61 53	1 47	26 48	3 47	38 51	49 51	45 48	62 58	51 58	0 48	4 51	13 54	28 53	60 47	66 47	67 53	11 52	14 46	8 55	52 48	19 53	22 51	56 46	42 57	24 46	55 41	53 51	10 48	31 43	18 46	44 58	65 45	63 51	2 52	17 50	37 44	68 46	20 52	54 51	21 57	64 46	34 55	29 49	15 45	16 48	39 53
53 46	41 52	9 53	7 53	18 52	37 55	45 46	33 42	0 53	46 48	62 43	50 50	66 50	48 58	43 54	51 51	12 48	25 48	49 45	15 56	40 53	55 51	67 57	16 48	4 47	19 47	23 57	30 50	28 49	22 45	29 53	20 45	8 52	69 57	27 42	3 48	6 42	52 47	10 49	63 44	61 55	68 50	58 58	21 45	32 45	47 49	38 45	39 49	2 46	26 52	65 48	31 56	24 56	59 46	42 47	54 49	57 50	17 54	1 52	11 50	5 49	44 45	56 55	14 54	60 50	34 48	13 55	64 45	35 56	36 52
59 46	6 47	62 47	24 43	19 51	8 50	40 53	27 47	35 44	12 50	7 49	51 53	31 48	22 50	68 49	41 44	36 53	29 45	18 53	20 47	37 49	58 44	66 58	46 43	32 53	10 51	28 54	55 59	63 46	11 52	0 55	15 47	54 42	47 47	9 48	39 54	64 52	17 50	57 52	23 52	48 53	38 50	44 54	67 53	30 46	2 52	69 52	50 51	4 50	56 57	49 50	5 53	33 49	1 60	60 47	3 45	42 47	16 53	61 49	65 53	45 52	26 49	21 51	53 50	52 56	13 42	34 51	14 44	25 45	43 36
22 47	39 54	27 49	55 50	53 61	20 59	45 56	54 50	31 44	30 49	2 48	56 52	24 52	52 47	67 46	29 54	46 50	36 54	18 46	16 48	21 45	65 49	63 59	51 50	61 47	66 46	40 47	9 43	50 51	23 53	14 47	38 52	7 45	58 43	5 50	3 50	47 63	59 55	25 53	4 55	11 51	44 49	42 47	37 53	10 52	17 41	48 52	1 51	6 41	26 51	0 49	33 35	69 57	34 45	43 48	41 55	60 54	19 46	12 57	32 49	57 54	13 49	28 47	64 47	8 53	49 53	68 52	62 51	15 55	35 48
6 48	59 39	18 45	67 47	20 40	5 45	61 50	43 48	25 47	1 40	2 55	50 42	11 59	53 48	55 51	7 49	35 49	56 57	39 50	13 46	12 46	62 45	68 45	34 54	26 45	9 41	23 48	24 53	14 46	4 52	28 53	63 47	29 46	32 50	65 47	3 60	31 48	69 42	42 49	45 54	19 52	54 48	64 49	10 49	37 46	21 43	15 53	66 49	17 52	36 44	22 52	38 50	57 57	49 45	52 56	8 48	30 43	41 46	27 46	46 48	58 54	0 60	44 50	47 50	51 57	60 45	40 51	16 55	48 46	33 51
66 50	19 44	33 58	13 47	4 50	50 39	14 50	46 59	7 53	58 56	30 36	12 49	6 42	69 51	3 51	54 55	44 50	8 51	40 57	15 49	56 46	23 51	39 37	34 50	68 47	47 54	60 54	16 45	53 46	17 54	11 57	0 53	48 48	26 52	29 47	24 47	67 48	21 48	49 41	22 48	55 53	28 46	63 56	51 52	2 50	35 54	65 50	64 55	62 54	18 54	36 50	27 49	59 55	32 53	42 50	25 47	9 53	1 49	61 43	38 58	31 51	57 44	52 51	45 50	10 58	37 55	41 56	20 47	43 51	5 46
66 53	54 57	9 45	56 53	43 47	18 50	0 62	30 52	26 55	11 57	21 47	27 47	10 50	47 50	50 63	20 51	52 50	48 50	46 57	25 46	45 43	32 45	34 41	55 53	51 44	42 46	1 43	63 49	2 46	8 44	61 50	57 54	36 49	40 50	7 53	15 52	29 37	5 41	53 52	38 50	14 53	16 43	17 55	23 55	41 53	58 51	37 55	39 54	68 49	4 51	3 52	19 42	6 55	22 53	33 58	24 51	65 44	69 44	59 50	60 41	35 52	49 42	31 53	64 52	28 57	13 50	67 53	62 46	12 46	44 52
5 57	38 50	52 57	30 53	51 51	55 48	28 53	27 50	36 43	21 48	15 52	45 50	24 53	34 40	6 49	44 46	25 53	47 53	33 52	17 48	10 50	18 42	4 48	54 44	32 53	9 50	58 60	14 55	1 53	16 52	63 49	64 55	68 52	57 54	65 61	62 51	50 45	12 54	69 52	13 57	42 48	56 50	66 49	48 44	43 50	60 52	22 48	11 54	46 54	67 53	23 46	3 44	39 49	29 48	59 55	61 46	19 47	20 43	35 55	37 44	40 53	41 55	0 46	2 41	31 56	8 49	49 45	7 36	26 54	53 56
12 49	27 52	2 55	46 55	25 44	44 49	33 54	5 48	18 45	66 49	47 52	11 50	21 60	64 47	19 48	68 58	61 50	43 52	55 58	36 39	51 50	40 48	67 45	49 55	14 52	37 55	38 53	56 54	54 51	7 50	9 61	22 39	8 44	17 53	39 46	62 49	32 52	60 55	4 53	48 48	6 51	58 52	24 49	13 39	50 54	29 55	20 47	34 52	57 53	10 55	35 53	45 51	16 57	52 45	65 48	1 58	28 47	69 48	59 59	26 51	63 49	30 49	15 51	53 54	42 47	23 49	41 58	3 59	31 56	0 51
58 45	30 53	66 47	31 44	29 41	51 38	11 53	69 44	64 49	20 49	38 57	56 53	25 47	47 52	59 53	12 51	22 55	3 43	53 48	32 44	26 52	54 51	19 51	46 51	17 50	61 52	45 49	2 49	5 53	23 52	41 58	16 48	28 60	63 48	65 53	52 52	18 56	40 53	35 46	57 55	37 50	7 46	44 48	1 47	50 56	34 47	49 43	9 43	36 56	48 54	43 51	4 42	24 45	42 52	39 40	55 45	10 51	15 59	21 44	62 45	27 56	60 43	6 49	33 51	67 49	13 47	0 53	14 46	68 57	8 50
38 46	17 48	36 45	55 50	37 60	16 41	34 55	29 48	26 48	11 50	9 51	19 54	69 59	14 51	43 49	39 46	61 46	28 52	22 44	8 53	51 45	32 51	57 54	48 33	40 48	33 53	21 59	44 53	1 50	54 47	30 41	50 51	12 52	24 44	68 44	27 51	15 52	56 55	62 56	66 51	20 55	60 42	42 50	0 58	65 64	59 42	6 41	13 54	23 47	58 46	2 52	52 53	3 53	25 47	46 47	64 45	45 45	5 52	47 57	10 49	4 53	7 52	35 50	63 54	49 48	31 51	53 49	18 52	67 47	41 52
5 45	45 58	2 45	59 46	16 54	50 52	46 48	42 54	18 48	24 51	61 57	32 45	53 46	7 49	58 51	69 54	56 53	20 58	0 52	4 49	15 63	27 40	55 55	39 55	11 43	19 44	38 54	52 53	13 48	51 49	8 51	37 40	67 46	48 48	40 57	35 38	26 44	64 49	17 46	63 51	9 49	57 46	25 47	47 56	12 55	33 50	49 53	14 51	41 56	65 57	6 50	1 54	44 57	10 47	3 45	29 53	68 47	60 46	21 57	54 59	66 56	28 50	30 49	22 51	31 61	23 51	36 49	62 42	34 49	43 51
11 38	3 52	58 46	37 52	31 52	59 50	15 46	50 56	25 45	65 50	57 45	46 51	12 55	53 47	26 50	63 39	30 44	67 52	45 57	13 49	62 47	5 45	17 51	44 55	38 45	28 42	8 62	35 54	29 52	24 48	52 47	34 55	47 52	10 44	19 53	2 56	36 55	49 52	7 51	18 47	16 53	27 51	0 46	42 47	60 51	43 45	20 53	48 43	23 57	6 47	14 47	32 52	54 54	51 51	22 46	55 55	9 47	64 49	4 46	66 50	61 58	1 55	69 51	33 50	21 54	40 52	68 53	41 44	56 53	39 56
68 49	67 50	11 52	38 43	47 51	49 46	8 48	53 37	54 50	2 46	13 55	5 47	32 41	18 49	19 57	42 53	50 48	58 60	10 42	7 51	59 50	26 56	45 48	14 49	37 57	39 50	36 46	55 46	44 51	28 54	12 46	31 51	65 46	52 45	6 49	21 47	61 47	60 55	48 56	22 53	27 51	24 56	1 45	66 47	34 49	64 44	46 49	17 50	62 48	30 49	43 48	20 43	56 60	4 50	33 56	3 52	57 55	51 54	23 50	63 62	0 56	69 43	41 51	35 47	25 46	29 49	9 55	16 51	40 55	15 53
54 44	30 50	17 49	33 57	38 54	25 48	52 45	16 41	51 56	47 54	64 50	56 46	44 53	14 53	60 43	40 48	32 49	12 57	68 48	69 44	15 53	57 53	31 42	49 47	34 48	20 54	46 46	3 58	9 47	42 49	59 43	24 54	11 59	65 46	0 43	4 45	66 49	63 51	48 50	7 46	45 42	23 52	10 48	27 53	55 55	53 46	36 51	39 57	62 47	19 47	2 57	37 41	26 49	18 46	6 55	43 51	67 35	1 45	61 50	28 60	5 57	50 48	29 46	22 59	13 48	35 47	8 51	41 40	58 52	21 46
52 45	16 51	49 52	22 45	43 47	66 40	42 44	62 56	64 44	26 44	4 39	20 51	41 53	24 54	30 51	38 43	55 49	54 48	6 44	44 54	59 48	56 43	32 46	57 54	58 63	13 49	45 54	61 47	60 58	25 61	40 54	69 49	46 49	2 54	65 50	9 42	3 52	7 55	53 55	0 43	14 57	17 52	5 48	33 56	67 52	63 45	15 48	21 54	11 60	29 52	47 49	28 55	8 44	50 55	10 48	1 59	35 52	39 50	31 47	19 49	37 58	34 56	18 50	36 52	51 55	68 57	12 51	27 56	23 47	48 46
15 59	65 41	9 53	68 60	31 51	4 54	30 43	62 52	19 56	51 52	52 47	59 49	0 47	69 59	39 50	37 50	10 60	60 47	27 50	46 51	42 55	49 50	2 56	36 54	16 47	25 47	41 52	20 49	22 52	50 57	48 49	14 43	44 55	24 47	6 46	7 62	28 50	45 50	57 57	3 51	13 43	33 51	18 45	23 43	66 48	38 50	12 52	43 54	40 51	63 48	32 48	29 56	34 38	53 51	5 53	56 47	55 50	11 47	54 48	21 40	47 51	26 54	61 58	35 49	8 45	17 41	1 54	67 52	64 56	58 49
10 56	15 56	44 54	1 41	59 48	30 52	66 36	48 56	58 44	4 41	17 52	9 42	12 55	40 50	49 52	55 50	33 50	26 52	46 44	36 46	3 52	23 52	34 41	32 53	13 56	62 44	37 57	7 53	39 49	60 48	47 51	31 51	43 38	14 53	51 52	25 51	0 46	19 43	16 53	8 53	42 48	28 52	21 47	67 44	11 49	61 42	69 54	63 44	64 58	29 54	6 53	68 63	18 49	5 50	50 44	54 43	45 46	27 50	2 46	57 48	35 58	38 48	22 53	20 47	56 58	53 59	24 55	41 51	65 47	52 56
43 57	3 56	37 53	14 43	29 46	45 50	52 57	6 42	22 50	47 52	12 54	66 45	30 49	57 41	5 57	23 49	51 54	48 48	7 49	17 49	64 54	20 58	31 50	16 56	69 46	67 54	4 48	68 46	44 48	27 54	33 50	11 50	56 48	28 51	49 45	62 43	59 50	50 50	53 56	35 48	26 53	24 42	61 50	1 51	55 55	60 45	15 51	0 45	46 50	32 54	65 57	58 56	36 43	2 47	42 49	34 51	18 54	38 52	39 39	41 56	21 47	63 47	10 40	54 42	8 57	9 48	25 53	13 50	40 49	19 47
14 52	16 48	68 50	38 49	41 63	2 55	66 50	20 48	27 46	48 50	40 57	9 56	32 53	42 47	64 45	36 46	12 45	50 50	5 42	6 56	59 50	3 49	54 54	44 47	60 51	18 44	25 50	37 50	49 57	57 51	29 50	62 47	33 51	31 51	1 59	17 42	67 50	47 52	56 54	51 56	43 54	0 48	63 52	4 55	45 49	46 47	13 53	24 45	7 57	53 51	15 47	55 47	26 48	52 46	65 46	35 50	58 55	69 51	22 51	30 58	11 51	23 53	19 51	39 47	8 53	61 48	28 53	34 56	10 57	21 44
18 50	38 40	24 46	65 36	2 47	1 54	64 52	60 37	51 47	48 53	6 54	8 51	13 53	21 45	12 42	28 50	4 47	9 46	55 49	41 54	54 54	17 48	52 48	36 53	66 43	67 55	35 55	37 50	68 54	58 49	15 44	10 51	5 49	11 46	7 49	34 46	56 49	57 56	45 52	20 55	69 59	26 43	27 52	0 49	29 51	23 41	46 49	40 46	32 53	59 52	22 54	43 50	3 48	42 54	44 48	63 43	53 46	16 50	25 44	47 48	61 47	50 51	14 44	33 50	62 51	19 52	30 43	49 50	39 44	31 40
62 48	45 49	48 56	26 46	69 50	4 44	31 55	54 47	25 43	2 57	43 46	68 55	15 46	7 57	17 44	65 50	60 49	9 44	64 54	3 58	23 57	51 43	5 48	22 49	14 47	32 46	13 60	35 49	58 50	53 49	42 55	46 47	56 50	1 56	33 49	49 40	18 50	12 54	67 47	19 50	11 48	10 40	41 47	40 52	34 48	66 48	59 53	24 45	30 46	16 45	52 54	50 53	47 50	39 51	55 61	28 49	6 48	44 49	8 44	57 55	63 42	29 51	20 48	27 48	0 59	37 56	61 52	36 65	21 46	38 46
10 55	31 48	26 43	7 49	52 48	43 52	68 44	12 41	57 45	69 54	63 55	35 49	36 45	50 48	38 59	5 44	44 49	42 48	29 53	62 53	8 51	64 53	45 52	40 56	16 58	51 56	39 41	46 48	15 48	25 45	67 53	27 47	55 60	65 42	48 50	22 47	2 52	47 45	4 56	18 42	17 55	11 53	34 45	53 47	58 54	24 56	21 49	19 46	0 52	54 51	28 63	3 53	37 55	1 51	30 40	33 49	14 55	66 48	60 41	6 49	23 52	41 47	61 57	56 47	59 53	32 54	20 42	9 43	13 54	49 60
13 52	21 52	50 53	53 48	16 50	4 56	67 50	69 52	47 50	42 54	59 52	1 53	54 45	52 48	34 39	12 53	58 57	45 53	36 47	57 53	64 42	44 52	62 40	40 48	63 42	37 43	19 46	32 52	2 53	55 52	7 46	8 52	41 50	17 43	49 55	14 55	20 48	27 51	66 45	38 50	61 56	0 54	6 42	3 38	46 45	51 52	11 46	33 52	25 53	48 46	24 62	22 48	5 49	65 49	56 62	60 47	31 52	15 48	23 49	29 55	30 54	39 38	68 49	43 41	35 41	10 43	26 55	9 55	18 52	28 50
14 60	41 44	24 49	61 49	17 44	5 53	62 45	40 41	51 56	50 39	33 46	6 50	63 56	3 53	4 58	56 49	2 48	38 43	64 48	69 52	9 52	18 55	47 50	22 52	43 52	28 52	26 53	39 48	55 47	31 46	58 41	66 61	8 57	46 59	49 52	11 49	25 51	52 52	45 52	54 46	1 50	65 53	57 54	32 51	27 45	13 50	12 57	36 44	7 60	16 53	34 51	59 51	10 49	44 45	23 56	0 42	35 43	15 48	29 50	67 52	68 49	30 50	48 50	19 47	21 49	42 55	53 54	37 52	20 49	60 57
23 45	32 46	63 51	49 50	34 49	45 53	43 57	36 45	0 55	53 47	42 51	17 57	8 53	64 59	28 45	15 45	31 59	4 56	11 49	55 50	25 51	33 47	13 56	59 49	6 47	40 57	39 57	22 41	18 48	68 46	9 51	54 35	20 52	41 53	10 50	5 52	29 40	26 55	19 50	14 29	67 49	1 51	16 47	44 53	65 46	2 55	56 52	24 47	69 51	66 50	60 51	47 51	50 52	61 45	37 50	7 52	46 51	21 54	38 56	3 58	52 54	12 50	27 57	58 52	30 40	35 56	51 47	57 50	48 54	62 49
18 52	11 57	48 49	22 51	24 50	19 56	8 49	40 58	58 45	17 51	37 53	47 56	64 45	59 47	7 43	52 56	27 50	16 59	67 45	30 57	66 39	65 50	69 52	28 54	5 50	43 46	6 54	4 52	3 54	33 47	51 53	13 49	38 44	42 44	54 40	0 54	36 52	46 45	14 44	68 42	60 50	50 46	25 57	62 46	55 51	35 52	41 49	9 50	2 38	61 40	39 52	57 42	26 48	15 42	34 56	32 44	23 43	56 45	45 45	44 44	20 46	29 52	31 44	53 48	10 52	63 55	21 50	1 57	12 59	49 48
11 59	36 52	66 52	47 50	6 60	34 52	35 47	57 47	14 54	3 47	58 51	67 53	9 55	31 49	52 51	29 52	51 56	62 51	59 58	26 46	23 50	24 56	19 53	39 46	50 53	18 59	54 48	61 51	45 50	13 49	12 49	17 55	15 55	69 46	65 40	7 53	37 58	46 53	16 49	5 47	30 49	22 46	41 47	55 46	68 45	8 55	28 42	63 47	42 56	1 39	33 52	60 47	27 44	4 62	0 52	38 40	10 43	40 58	21 53	25 48	53 48	32 52	44 55	56 43	20 57	43 51	49 52	64 53	48 43	2 49
62 48	56 44	19 45	15 46	23 56	14 56	39 55	24 55	22 41	30 43	58 54	8 45	17 47	32 52	25 47	3 50	41 52	68 43	67 41	34 41	42 50	20 50	27 43	12 47	43 45	46 42	53 50	69 44	54 53	51 51	61 47	11 51	47 54	0 47	28 63	60 57	33 54	38 49	57 40	4 54	31 47	59 56	6 56	50 47	36 52	16 50	18 50	55 52	13 52	63 50	7 46	2 51	44 44	45 51	5 55	37 55	49 51	1 48	48 60	21 51	29 58	10 51	35 56	52 48	64 54	66 45	26 53	65 51	9 61	40 54
53 55	48 55	40 53	8 51	18 44	17 45	47 53	34 49	58 42	35 48	60 44	14 46	25 41	2 53	69 51	23 49	62 45	63 54	36 58	39 45	67 54	1 46	44 52	10 54	15 53	64 62	24 47	30 55	54 49	57 47	50 53	0 47	43 54	11 49	42 40	56 51	45 55	68 41	26 53	49 53	22 51	13 49	5 48	12 48	28 40	4 56	9 55	37 47	51 51	41 48	55 49	19 50	38 50	27 47	7 48	21 56	65 45	66 52	29 59	20 48	3 44	31 50	32 57	46 45	16 50	61 48	59 50	6 45	52 53	33 49
69 48	40 44	56 46	55 52	53 56	57 44	31 51	24 50	66 55	0 45	16 46	41 54	54 48	13 49	22 49	6 44	33 44	59 49	67 47	14 52	17 53	12 59	35 56	42 55	46 50	29 55	23 50	61 43	8 52	11 49	64 56	65 45	19 64	26 52	5 49	4 57	68 48	37 51	62 54	48 53	3 55	58 56	39 59	36 46	32 40	27 49	10 46	45 50	25 50	60 54	15 46	51 49	44 43	63 56	7 47	20 46	28 44	49 57	50 52	21 45	30 44	47 40	43 44	1 54	2 50	9 50	38 51	18 49	52 47	34 50
53 50	34 44	21 54	7 45	2 48	17 47	48 44	40 53	10 36	69 55	60 56	30 63	58 50	24 48	62 48	19 48	45 41	0 50	56 57	8 51	22 42	52 43	5 51	50 46	23 50	15 42	29 45	35 51	6 49	65 55	66 52	25 48	68 44	61 60	26 52	18 50	27 40	12 58	4 48	16 49	37 51	46 59	36 56	47 50	1 50	41 49	13 53	38 52	55 44	32 57	3 51	57 47	20 49	33 47	67 56	44 43	14 43	11 51	64 51	43 58	54 46	9 53	42 57	51 50	49 56	28 51	31 48	63 47	39 50	59 42
16 52	24 47	49 44	44 53	68 50	21 51	43 42	54 43	63 59	58 51	62 52	56 58	13 55	55 50	46 51	29 50	57 42	50 46	27 54	6 51	47 46	9 48	11 55	39 50	53 52	51 54	5 46	45 53	23 46	15 49	35 50	10 46	28 59	34 50	17 53	37 52	7 50	31 60	38 49	41 47	60 50	66 52	26 46	3 40	64 47	32 47	33 56	12 46	48 49	42 46	36 54	67 51	20 48	59 57	65 45	22 50	14 44	25 46	52 51	19 45	61 49	18 50	2 47	8 56	40 49	0 51	4 47	69 52	30 46	1 52
44 45	51 47	48 56	23 50	26 50	34 53	46 53	12 44	32 38	61 50	15 55	54 51	2 53	24 48	64 55	66 49	41 41	50 48	53 60	20 54	63 53	62 50	56 47	49 57	57 50	55 45	21 56	1 46	8 48	67 51	17 50	5 54	39 44	58 52	10 60	13 55	6 38	4 47	60 51	59 54	28 55	38 48	37 49	19 53	7 52	25 52	18 57	36 53	52 54	43 51	35 48	47 45	9 55	65 59	69 52	3 53	14 45	40 51	27 57	45 49	68 55	29 51	30 51	16 52	11 44	31 49	33 55	0 53	42 48	22 49
24 50	11 55	20 65	50 50	51 58	36 58	57 51	25 51	29 47	28 54	5 52	53 39	55 51	12 56	2 50	7 54	38 46	21 60	35 50	48 54	26 47	40 46	16 44	15 49	64 48	68 44	66 49	14 46	3 44	23 51	59 48	41 58	8 53	22 46	65 54	47 50	42 57	49 56	63 47	34 46	32 46	69 53	9 35	4 49	17 51	33 53	43 52	44 45	62 47	6 50	10 53	18 50	31 54	52 47	61 48	0 57	19 47	1 54	46 57	54 43	67 52	56 51	45 53	13 50	30 40	58 44	60 48	37 46	27 51	39 47
32 43	19 54	24 39	40 45	56 50	50 57	48 49	15 45	64 55	18 55	17 45	58 53	4 52	7 52	3 52	28 51	69 46	44 47	42 47	41 44	9 44	13 55	11 52	54 50	68 50	49 45	6 61	26 51	47 58	36 58	8 52	55 46	62 42	22 49	57 67	34 52	46 49	52 47	37 50	29 44	10 53	12 50	1 53	66 49	30 54	35 57	61 49	14 43	0 55	67 47	43 37	21 47	20 51	2 52	59 58	25 46	63 47	53 52	51 59	33 45	65 48	45 41	16 49	23 55	38 53	31 42	27 53	60 56	5 56	39 45
14 51	50 48	7 52	56 38	47 58	8 43	55 47	19 50	45 52	35 41	60 42	51 55	37 45	17 49	22 52	40 51	66 49	63 46	38 42	18 52	39 42	62 47	27 49	2 60	49 52	61 55	44 52	15 47	64 55	31 53	24 55	48 50	65 41	59 49	10 46	30 53	16 49	43 52	68 48	4 56	9 49	57 45	42 50	53 50	26 54	32 50	6 51	23 47	11 57	58 49	36 49	33 46	20 48	0 49	46 50	1 51	41 44	25 58	12 50	52 53	34 55	5 57	21 48	3 52	69 54	13 48	67 49	54 47	28 54	29 60
4 43	19 44	10 46	14 52	28 53	33 48	53 42	68 51	34 50	17 58	32 50	52 53	12 49	60 48	45 55	3 53	2 49	55 50	22 55	56 54	20 53	63 44	57 53	48 52	24 46	30 51	0 59	6 48	41 35	43 47	51 44	67 53	36 58	40 45	61 49	35 59	8 53	15 57	1 50	18 55	50 55	64 55	16 41	21 50	31 54	46 52	39 42	42 53	54 53	59 60	49 50	5 63	65 59	23 48	58 59	29 47	37 47	38 63	26 51	27 53	62 51	66 60	11 50	9 45	7 50	13 49	69 48	44 49	47 47	25 49
66 45	49 49	47 45	12 54	43 49	23 58	8 52	58 54	65 54	69 42	67 48	41 40	46 47	36 56	11 44	35 44	28 40	1 42	63 49	19 54	40 47	37 53	68 60	6 53	45 50	29 49	4 40	21 48	56 49	3 45	48 49	55 52	27 62	24 53	53 44	9 51	34 42	20 52	44 46	54 51	14 46	50 49	17 53	51 41	25 48	61 46	16 48	0 48	22 51	7 55	33 54	32 49	62 53	59 52	39 56	38 56	10 48	64 61	15 44	13 54	2 46	52 49	18 51	5 45	30 52	31 47	26 60	60 55	42 47	57 60
62 51	47 47	69 47	26 51	2 46	61 45	66 44	68 50	19 48	32 56	39 47	18 50	44 48	54 46	27 53	55 43	42 48	40 48	28 52	10 51	7 44	3 52	53 51	51 54	24 58	0 46	52 54	36 54	9 40	5 53	48 52	49 50	21 40	50 51	4 50	31 51	29 52	65 57	56 48	23 49	58 48	35 58	57 58	64 51	33 59	16 48	63 50	34 49	15 52	8 54	46 53	60 47	67 52	11 47	1 46	30 53	6 57	14 48	22 52	45 50	20 51	25 54	41 49	38 55	37 61	17 45	43 47	59 50	12 58	13 52
55 59	18 53	67 51	33 49	48 50	5 56	16 52	3 44	11 52	39 51	60 50	21 52	24 51	7 50	22 45	68 48	25 50	12 49	35 53	54 56	41 52	38 54	64 58	49 56	30 48	8 54	45 49	1 54	59 50	61 39	19 51	32 52	50 51	53 49	66 50	65 50	31 58	69 52	26 55	17 52	34 48	14 48	40 44	10 56	2 52	51 58	44 46	42 56	9 43	58 49	27 60	15 52	36 48	57 47	47 54	52 49	6 44	46 46	20 49	43 59	63 51	23 49	37 54	0 50	62 50	4 51	56 43	29 50	28 53	13 54
20 47	65 49	67 51	10 51	26 49	30 52	12 53	14 53	17 50	16 41	58 50	21 49	23 46	60 54	1 45	61 47	50 45	0 48	32 51	27 44	55 50	28 53	52 50	42 44	22 36	36 52	57 49	35 53	47 46	63 48	3 56	4 48	66 56	34 50	18 49	25 59	64 52	53 46	43 51	40 53	37 50	19 49	69 52	41 43	49 50	51 52	2 50	33 48	13 50	39 46	54 50	29 44	8 48	38 55	48 53	46 56	68 55	24 42	62 47	15 44	6 52	45 43	56 48	11 55	7 53	5 52	59 59	44 50	9 43	31 46
61 45	0 50	64 48	43 47	24 51	56 48	10 57	50 53	51 55	34 54	37 44	60 49	21 52	31 51	44 58	13 55	57 36	15 58	48 47	14 48	69 53	39 48	27 52	59 53	49 50	66 62	1 54	25 46	42 51	2 52	22 45	28 45	65 52	58 54	30 44	38 47	18 54	67 58	12 55	36 55	11 56	8 50	19 47	23 46	6 49	46 46	40 48	26 53	29 54	68 53	52 56	41 49	35 46	3 49	20 53	47 53	45 55	62 57	63 44	55 48	17 51	9 56	33 52	7 53	5 45	54 47	53 45	32 44	4 45	16 45
56 55	69 41	7 52	10 44	3 49	1 48	4 58	20 49	61 47	32 53	44 51	9 52	65 50	15 48	29 46	8 55	59 56	22 52	50 50	67 48	25 57	42 50	68 52	38 55	12 49	55 50	21 48	53 44	33 45	47 49	27 60	45 47	18 52	40 46	34 49	13 43	28 45	6 51	17 55	26 53	36 48	52 53	57 48	16 48	35 59	62 49	43 51	31 44	19 49	30 48	54 48	49 41	14 48	60 32	37 46	0 50	39 53	64 58	11 50	46 45	5 49	48 46	23 57	2 47	58 57	24 45	51 50	41 56	66 55	63 52
54 51	35 44	65 51	28 50	2 52	69 45	11 51	22 44	23 48	45 51	1 45	38 48	68 57	31 47	55 47	39 45	29 39	44 48	27 56	43 51	0 58	58 47	60 55	18 51	25 58	41 51	67 46	12 49	47 50	32 48	46 39	49 41	57 51	8 44	4 39	48 54	53 50	42 44	59 53	61 52	7 50	63 41	40 57	16 49	52 59	17 52	10 52	30 53	50 53	34 52	9 55	15 50	33 52	14 45	56 47	13 61	3 45	24 52	37 50	21 52	64 56	51 50	26 45	62 52	5 44	20 55	6 46	66 50	36 55	19 51
7 50	46 53	18 49	39 49	17 47	30 45	49 42	22 53	6 53	44 48	0 48	25 49	23 53	2 51	59 49	68 60	54 48	38 51	61 45	43 46	5 49	13 48	40 54	16 55	24 45	11 54	33 55	3 46	36 49	19 47	62 47	9 50	56 50	34 59	4 52	45 45	63 53	28 52	60 48	21 47	52 44	37 55	65 54	47 58	48 57	1 49	66 50	42 39	58 50	31 53	53 45	41 45	8 50	55 49	57 52	69 45	15 48	10 50	64 51	29 48	50 51	32 45	14 55	67 49	26 52	51 46	27 45	20 48	12 48	35 55
69 53	23 49	7 52	40 54	56 55	18 46	54 46	35 45	17 49	58 44	27 44	34 54	62 58	0 44	44 56	14 49	15 55	39 51	10 42	16 53	28 43	3 46	1 47	22 49	6 56	36 51	53 54	65 44	51 52	48 47	37 43	66 48	19 45	42 52	59 64	45 50	32 49	43 54	26 52	20 47	13 54	21 52	33 51	41 42	4 51	67 42	60 46	12 42	24 48	30 48	49 51	5 51	38 50	57 48	64 56	61 50	52 43	29 49	9 45	50 53	8 55	47 59	55 50	68 48	2 54	63 45	31 52	46 47	25 54	11 48
24 45	5 44	35 48	57 50	9 49	56 48	39 47	20 46	15 53	12 52	36 41	21 51	45 46	23 45	66 44	28 46	11 48	58 42	65 43	29 51	22 47	37 49	60 47	17 59	63 64	41 59	0 46	40 49	31 51	8 37	68 50	33 57	62 47	25 54	32 57	38 52	46 49	55 61	52 51	4 59	50 56	42 44	14 47	16 49	18 56	54 47	67 49	64 49	47 49	69 51	34 52	2 49	6 46	1 48	7 48	51 45	26 52	19 45	13 52	53 42	43 52	61 54	10 48	44 49	48 57	49 45	27 54	3 59	30 41	59 41
64 40	16 43	48 45	1 47	40 52	35 42	18 54	53 46	38 55	36 53	26 56	31 57	59 40	42 50	39 56	57 50	32 50	4 53	62 45	22 60	30 48	28 49	47 51	9 51	11 53	7 48	6 53	2 43	24 48	0 57	45 57	17 56	69 46	46 55	67 53	5 54	10 47	23 45	63 53	44 46	29 57	13 49	58 45	61 48	51 42	54 49	19 53	8 49	14 51	68 44	33 46	25 64	50 39	15 49	65 43	37 55	12 44	49 55	55 50	34 51	60 51	27 49	66 48	3 47	20 49	56 50	21 54	52 48	41 49	43 44
66 51	27 48	41 55	33 50	42 46	52 48	45 52	25 47	35 47	21 53	37 44	47 48	50 52	18 65	1 42	54 49	30 45	31 36	7 56	5 49	55 60	44 50	32 45	22 50	9 50	59 44	46 42	61 52	12 49	39 45	64 50	48 54	51 54	28 57	24 52	67 45	2 48	11 52	6 45	29 46	26 49	16 50	68 53	23 49	3 57	14 52	8 51	34 52	60 47	4 43	38 49	69 48	49 47	62 55	17 45	53 47	19 59	13 47	57 46	56 41	10 56	63 46	65 46	20 56	15 46	58 52	40 46	43 55	0 43	36 52
59 51	37 51	35 42	5 51	44 48	49 38	13 45	14 51	53 57	57 50	39 47	46 45	58 44	60 57	2 45	28 62	3 48	38 51	63 50	41 46	61 54	29 46	66 50	69 56	32 47	4 52	12 48	56 49	54 49	34 48	19 49	10 43	21 45	20 41	67 47	33 44	9 46	52 51	6 52	68 51	43 57	55 39	40 41	8 52	30 47	0 48	24 53	36 55	7 43	47 48	65 39	48 45	27 42	31 45	1 47	62 45	23 42	50 43	22 45	51 44	64 53	17 48	15 58	25 48	42 49	16 54	18 51	11 52	26 37	45 52
30 46	10 47	69 52	56 47	46 50	49 46	38 40	3 50	55 54	22 54	53 54	14 52	66 46	8 48	28 54	39 54	25 49	58 60	68 58	6 54	44 45	17 52	32 54	5 58	11 49	20 47	62 44	41 47	26 55	42 60	48 49	9 56	64 49	19 42	67 54	2 54	47 48	43 45	36 52	18 46	35 49	37 44	63 44	16 54	60 52	45 54	61 59	54 58	24 57	13 58	57 48	51 52	52 53	40 47	7 50	59 48	33 45	29 51	65 61	23 48	34 52	15 50	27 54	12 47	1 52	21 59	4 42	0 48	31 54	50 57
68 52	42 56	53 47	28 52	61 47	5 44	54 45	26 50	34 57	33 56	21 53	15 53	19 56	62 55	8 51	45 49	46 56	13 43	32 57	14 43	60 59	56 50	30 55	31 43	1 49	18 51	16 44	2 39	39 53	0 57	25 53	38 50	20 51	47 54	7 46	43 46	59 52	36 54	50 50	49 45	37 49	3 52	23 61	27 45	24 46	65 48	6 43	22 48	63 46	4 52	67 59	35 47	66 49	17 52	58 44	64 50	10 52	57 50	41 50	44 53	12 53	55 48	52 49	69 47	29 45	9 48	40 53	48 47	51 37	11 45
32 43	54 46	28 51	63 54	57 54	21 37	20 52	50 46	64 56	45 55	68 47	58 54	29 43	33 54	34 56	23 55	39 45	11 51	59 49	8 48	41 51	7 48	10 48	42 33	25 47	65 46	38 52	15 56	51 52	26 44	37 48	49 52	0 49	53 50	2 57	36 56	56 51	13 48	17 38	19 61	9 59	67 42	14 58	6 43	27 53	3 59	62 38	16 47	31 49	52 58	60 55	69 52	12 47	40 49	44 45	46 41	18 40	66 46	43 49	47 48	35 51	55 48	5 52	48 52	1 48	61 49	24 53	22 49	4 47	30 55
1 49	68 46	34 56	20 44	9 57	30 49	21 51	36 51	60 52	47 36	58 58	62 54	31 50	15 49	64 46	22 52	13 60	16 49	41 61	50 58	54 47	35 47	11 42	10 43	17 54	69 44	33 48	39 47	59 64	5 53	7 52	8 48	43 57	27 50	32 60	45 49	25 56	55 54	24 49	4 38	37 48	26 55	14 49	48 43	56 54	57 47	65 46	61 43	44 47	29 48	63 57	3 48	23 49	66 55	42 55	53 46	38 52	49 48	19 47	12 49	28 54	52 53	40 48	18 50	6 46	67 51	0 50	2 51	46 47	51 58
9 51	0 44	58 57	34 45	33 52	23 55	3 40	56 51	1 44	50 39	42 52	65 50	40 52	13 55	20 47	10 57	61 57	44 36	12 51	48 51	25 51	18 42	62 57	60 51	19 46	35 50	53 61	46 54	2 56	69 52	22 56	57 52	66 45	52 56	27 48	36 52	55 46	29 46	5 56	6 53	31 57	8 49	54 40	17 43	21 45	64 47	68 47	14 58	4 56	47 42	26 46	16 44	11 49	49 55	24 55	43 46	41 49	37 58	15 50	7 43	63 56	28 47	30 65	59 59	38 49	32 46	67 42	39 43	45 47	51 49
51 56	27 51	28 49	56 38	3 50	0 50	26 48	34 60	13 52	58 45	39 57	54 35	7 55	8 45	55 46	69 51	35 48	64 58	29 50	52 56	37 46	40 47	48 41	44 44	46 52	14 51	47 48	17 52	62 55	43 49	33 54	16 51	20 49	11 40	19 55	36 50	21 51	23 47	45 52	24 49	38 50	4 51	30 54	6 41	10 49	22 44	68 53	57 54	41 51	9 49	18 44	61 47	42 60	31 51	66 47	59 58	60 45	53 52	65 51	12 47	2 53	67 55	5 48	1 49	15 53	25 50	49 44	32 49	50 60	63 52
10 57	51 44	59 47	68 53	38 42	22 44	3 41	18 48	8 53	52 52	56 50	64 53	69 43	54 53	40 59	45 52	19 57	32 57	26 43	29 56	43 50	58 54	53 48	57 52	16 52	12 57	28 40	23 62	6 50	25 56	1 54	21 49	14 50	24 61	36 46	7 48	50 47	27 64	13 38	62 44	65 49	46 47	11 46	55 58	31 56	34 48	20 39	39 56	67 51	41 54	33 54	2 51	4 47	44 41	9 50	63 38	48 48	66 48	42 56	0 42	37 44	15 60	61 46	17 55	30 54	49 53	5 50	47 47	60 50	35 49
