20	30
21 4	27 2	2 1	20 4	7 1	18 1	6 1	9 2	12 2	3 1	23 2	19 1	28 1	8 1	10 2	14 1	24 3	13 3	11 1	0 5	1 1	5 1	15 2	16 1	26 1	17 1	4 2	22 3	29 3	25 6
14 4	22 1	24 1	11 1	0 3	6 2	8 1	20 1	25 2	29 2	4 2	26 1	10 1	21 1	7 2	27 2	15 2	28 2	1 1	13 1	17 1	16 1	3 1	9 3	2 3	12 1	19 4	18 1	5 1	23 1
11 2	10 1	4 1	21 1	3 1	26 4	12 1	18 2	22 3	8 3	25 3	7 1	9 1	20 2	27 1	24 1	14 1	19 2	29 1	5 6	13 3	2 3	16 2	15 5	0 3	1 5	17 1	23 1	6 3	28 1
27 2	14 2	19 3	13 1	6 1	18 1	8 1	29 1	15 6	16 3	11 4	5 6	0 1	1 1	17 2	21 1	20 1	3 1	26 2	22 3	24 4	10 1	4 1	12 1	25 2	9 1	23 1	7 1	2 1	28 1
27 2	10 4	3 4	6 2	8 1	11 1	20 4	18 3	12 1	15 1	16 10	26 1	4 2	0 1	14 2	2 3	25 4	24 1	28 1	5 1	22 1	13 4	7 2	29 1	9 1	1 2	21 3	17 1	19 3	23 7
17 1	0 2	12 1	7 1	27 3	21 1	22 1	25 4	2 2	19 1	15 1	5 4	10 1	20 1	14 3	3 2	11 1	6 2	24 1	1 3	28 2	16 1	18 1	9 1	4 2	26 1	13 1	29 1	23 2	8 3
27 1	8 1	15 4	11 3	1 1	28 1	17 1	21 5	18 1	9 6	20 3	14 1	4 2	26 4	29 1	22 1	12 2	19 2	3 1	6 2	25 5	16 1	7 2	2 1	10 1	0 1	24 1	13 1	5 2	23 1
5 4	0 1	21 1	14 1	27 1	7 1	12 3	29 3	2 1	15 3	10 1	25 1	16 1	24 2	19 3	1 3	18 1	11 1	4 1	20 1	23 1	13 2	9 2	22 1	6 2	8 2	3 1	28 1	17 1	26 8
25 1	11 5	28 1	15 1	16 1	18 1	17 3	19 1	0 1	24 1	26 3	1 1	14 1	20 2	27 1	23 1	3 2	5 4	29 1	6 5	10 1	7 1	12 2	2 5	9 1	13 1	21 1	4 2	8 3	22 1
19 3	11 1	9 2	7 1	15 1	5 6	14 1	23 1	22 1	20 1	0 2	29 3	18 2	10 2	4 4	21 4	3 2	13 2	26 4	28 1	25 3	12 2	24 2	17 2	27 2	6 2	16 1	1 1	8 5	2 1
4 1	15 3	18 1	13 1	1 1	28 3	17 2	6 2	16 1	8 1	5 3	12 1	26 3	0 1	2 1	20 2	10 1	14 1	3 1	7 1	21 3	23 3	19 3	25 2	29 1	11 3	9 1	22 6	27 2	24 5
2 4	24 1	21 3	16 2	25 1	9 2	10 5	7 1	26 1	29 2	0 1	4 1	28 2	22 2	5 2	12 3	20 2	6 3	11 1	1 3	17 3	8 3	18 1	13 4	3 1	19 2	14 1	15 1	23 3	27 3
28 3	23 2	15 2	25 2	5 2	20 2	22 1	11 2	17 3	9 4	0 1	24 1	14 2	21 2	13 1	27 3	26 2	1 1	6 2	7 1	4 2	16 4	10 3	2 1	18 1	3 1	8 2	19 2	12 1	29 1
27 1	17 3	8 1	11 1	26 6	15 1	14 2	1 1	21 1	0 1	3 1	18 1	10 2	28 2	12 1	25 1	19 2	4 1	24 1	29 1	16 2	22 5	5 1	6 1	13 1	23 2	9 2	20 5	2 3	7 1
4 2	17 3	22 1	13 3	5 1	15 5	3 1	27 1	6 2	24 2	8 1	7 1	12 1	29 1	16 2	23 3	10 3	20 1	18 2	0 1	1 1	19 1	21 2	9 1	25 4	11 1	28 2	2 4	26 1	14 3
2 1	26 2	3 2	7 1	0 1	17 1	6 1	12 2	16 2	11 2	4 3	8 6	29 1	14 1	15 1	21 7	25 1	5 1	20 1	13 4	28 4	27 1	22 3	9 1	10 3	23 1	19 6	24 4	1 1	18 1
27 4	21 1	0 5	2 1	4 1	11 5	22 1	19 2	23 2	8 1	13 2	26 3	12 1	14 1	17 3	5 1	3 4	16 1	6 1	15 2	9 1	18 4	7 1	20 2	29 3	25 3	24 1	10 1	28 4	1 3
16 1	11 2	7 1	15 1	12 2	6 2	28 1	5 1	19 2	21 1	23 2	9 1	25 2	0 1	22 2	13 1	2 1	14 1	29 1	24 3	3 2	8 3	27 2	17 2	4 7	26 3	20 3	18 2	10 2	1 2
12 1	11 1	23 1	13 2	19 2	2 2	4 2	7 2	5 1	17 2	20 1	0 1	3 2	16 1	27 2	14 1	24 1	26 1	9 1	1 2	15 1	6 1	21 3	18 2	28 2	8 1	25 2	29 1	10 1	22 1
16 1	24 1	19 2	14 1	27 3	15 5	7 3	23 1	17 2	6 2	4 1	3 1	25 3	2 1	8 1	5 4	0 1	28 1	26 1	1 1	11 1	29 2	21 1	9 2	12 4	20 1	18 2	13 3	10 1	22 3
