50	70
63 48	36 46	59 54	18 44	28 56	17 40	22 55	67 47	15 49	64 58	49 55	41 45	69 49	16 52	11 49	58 55	27 51	48 58	43 49	13 53	30 50	60 47	35 39	45 56	51 50	1 51	26 45	19 54	66 56	33 53	53 54	61 48	3 48	24 47	23 49	38 53	32 52	21 51	5 53	14 45	10 56	8 50	2 52	65 51	54 47	12 60	57 47	31 47	42 52	0 44	37 47	25 52	52 49	20 46	39 51	50 50	44 43	62 46	56 59	29 58	6 54	4 41	34 56	47 47	7 50	68 54	46 49	55 49	9 57	40 54
59 53	61 55	33 53	18 52	32 52	39 56	14 44	49 45	36 44	19 51	26 50	62 46	27 42	35 52	23 46	17 55	28 44	40 56	38 47	44 42	22 50	1 47	58 55	6 49	30 48	9 46	37 45	54 43	16 39	67 53	45 55	20 43	10 49	50 49	42 51	4 54	66 49	13 49	25 52	46 47	51 46	5 48	56 55	24 48	43 52	0 53	34 42	52 54	47 53	65 44	29 57	7 50	68 57	48 42	21 61	8 48	2 51	64 42	15 47	57 50	41 50	63 51	60 48	53 54	12 44	3 51	55 45	11 46	31 39	69 51
23 53	51 49	69 50	54 58	25 60	49 50	56 53	17 50	62 55	50 55	18 52	0 58	52 57	40 44	38 50	2 55	55 47	66 52	31 50	22 53	35 51	61 45	60 58	12 49	67 56	36 52	46 48	59 48	37 48	3 52	26 56	44 62	68 52	34 48	64 53	19 53	5 55	16 42	63 46	8 55	48 47	28 61	27 56	13 51	9 52	30 47	53 49	11 54	15 46	41 52	10 39	29 47	65 48	32 50	57 47	7 50	21 52	39 44	4 46	24 50	58 57	43 52	47 34	6 37	20 42	45 35	1 46	14 60	33 49	42 45
2 49	13 47	4 39	28 49	56 49	27 47	48 60	59 60	0 47	53 45	12 51	68 46	50 45	1 55	36 56	25 52	39 39	62 54	57 50	47 47	31 42	63 45	44 51	61 46	32 57	34 47	11 53	14 48	24 56	10 51	29 50	58 44	35 50	17 51	55 51	43 56	3 56	6 47	9 48	42 60	49 50	37 47	5 44	18 40	7 56	22 46	64 51	66 53	16 48	30 49	38 53	20 50	33 48	60 50	40 39	21 47	46 54	23 51	52 46	41 39	65 50	54 45	67 48	19 53	8 56	15 46	26 48	69 52	45 47	51 47
5 53	13 52	44 46	46 46	39 48	1 57	12 56	61 52	53 51	66 47	49 52	50 58	2 48	68 47	38 41	8 54	31 48	64 49	14 51	36 55	15 47	45 56	41 46	37 58	7 50	19 54	9 48	17 55	23 47	30 55	65 49	57 53	34 50	58 47	48 53	4 42	40 56	63 58	32 49	6 43	20 46	42 45	60 47	29 49	16 54	11 45	67 59	25 48	35 56	69 56	3 52	43 51	10 47	0 47	28 49	59 43	52 46	26 46	62 46	33 50	47 55	54 43	18 47	55 51	56 50	21 55	24 44	51 52	27 54	22 57
0 55	16 42	26 42	6 51	49 48	44 57	13 53	30 46	8 52	14 49	17 41	15 46	62 49	37 49	41 49	5 48	60 51	54 55	42 50	66 43	27 55	19 45	57 45	9 54	58 53	52 58	68 49	50 54	69 55	53 55	63 55	4 54	40 60	46 50	12 61	21 47	32 54	38 48	25 45	1 57	43 57	48 54	61 48	59 57	65 50	20 52	34 47	7 59	56 50	36 54	45 55	39 51	31 48	29 43	3 51	23 44	18 48	2 51	47 46	28 49	24 54	33 52	67 45	35 46	10 54	11 47	51 49	64 48	55 50	22 44
4 51	14 45	32 54	47 41	53 39	54 41	41 48	65 58	3 57	29 50	6 45	66 45	22 51	37 37	57 59	18 44	1 50	12 36	11 47	55 44	30 46	36 51	33 43	44 53	40 50	26 49	63 47	15 50	28 50	49 55	52 41	64 41	68 56	2 56	56 59	59 50	39 53	48 55	31 53	19 51	5 50	60 52	62 57	13 45	38 55	35 51	23 44	27 56	42 54	46 46	34 42	25 55	8 60	21 44	67 50	58 53	51 49	69 50	16 53	0 53	43 47	45 56	9 46	17 50	20 61	10 44	24 51	50 43	61 52	7 60
3 45	62 54	55 54	14 46	19 40	37 51	7 42	65 56	41 46	45 49	0 45	18 43	33 55	52 45	56 58	51 53	69 44	54 55	44 56	16 48	4 52	59 56	30 49	26 57	67 48	40 57	25 46	10 51	32 49	58 52	5 56	12 46	64 45	24 49	39 39	23 49	68 49	61 57	36 55	53 43	22 50	13 45	17 46	15 52	46 53	57 50	21 44	34 44	60 50	29 54	42 45	1 46	31 50	48 44	38 47	50 52	66 55	8 55	11 41	43 49	49 59	35 52	20 49	28 48	6 59	2 47	63 43	9 57	47 50	27 46
27 47	7 44	18 53	67 57	10 57	65 53	11 56	4 54	17 51	47 47	26 56	59 49	24 56	52 53	25 53	0 48	8 46	43 53	38 44	69 47	37 54	16 44	39 45	35 47	56 49	1 47	41 49	2 45	48 56	53 51	19 55	32 47	50 57	30 41	12 58	66 58	31 49	9 45	44 50	63 56	36 57	33 45	61 40	54 44	51 60	29 55	58 45	13 48	49 50	68 47	55 41	6 55	20 52	14 49	23 54	40 51	45 47	28 50	57 48	60 52	62 50	15 53	3 56	42 46	46 45	5 51	22 50	64 47	21 52	34 49
10 53	42 49	64 45	67 57	24 40	55 46	58 50	51 56	14 50	5 54	12 60	4 44	66 52	27 52	21 51	32 43	0 47	62 51	57 48	36 40	63 53	37 50	44 52	29 46	35 57	47 43	16 46	50 53	60 45	1 51	22 52	28 60	26 56	49 46	34 53	2 53	45 55	6 49	68 57	69 42	65 62	11 52	59 52	13 53	53 52	15 45	48 47	17 45	39 46	54 49	19 56	52 51	33 52	3 48	8 43	23 45	9 47	31 50	41 52	20 46	56 50	18 50	7 45	43 44	46 54	40 54	30 51	25 53	61 55	38 47
3 44	48 51	45 51	44 46	38 47	32 50	47 55	4 59	12 53	52 47	11 52	54 44	61 50	17 48	26 54	1 46	66 43	50 41	22 58	63 55	31 51	16 51	28 47	19 51	69 57	39 53	9 49	21 52	51 51	68 38	67 48	13 45	6 52	29 55	35 48	53 52	20 36	59 50	34 52	10 61	56 52	18 49	5 53	43 53	23 55	64 44	57 57	37 58	58 42	60 42	25 55	55 53	24 41	8 49	40 45	65 51	2 50	15 48	46 46	42 51	62 47	49 44	33 51	36 55	41 49	0 51	27 50	14 55	7 50	30 45
35 51	19 49	3 53	67 56	36 51	41 56	24 59	21 57	17 64	18 51	60 50	25 52	30 45	23 48	44 54	20 51	57 54	62 49	61 48	32 54	50 59	31 53	26 54	0 43	7 55	10 46	55 44	9 45	53 49	64 41	34 50	29 49	8 45	39 50	27 45	63 50	49 52	48 43	56 51	5 50	33 48	46 41	4 45	68 39	16 46	15 51	51 54	42 48	47 52	40 52	52 56	12 51	14 48	43 47	66 46	65 41	28 44	69 40	58 41	11 52	1 59	2 50	22 50	6 46	37 55	59 54	54 56	45 47	13 50	38 51
24 45	22 46	20 55	43 50	0 48	53 54	15 47	42 51	59 48	50 40	16 48	49 52	25 46	46 48	69 59	48 63	26 51	12 49	57 45	17 53	56 47	23 46	33 49	52 51	19 43	11 46	60 49	36 56	55 43	39 48	63 54	29 43	37 53	4 53	5 52	28 53	41 50	3 56	18 45	13 56	61 48	65 53	32 50	9 51	58 46	68 43	34 51	14 41	40 52	8 41	30 45	7 59	44 46	51 53	66 50	64 41	1 43	38 57	47 49	35 61	31 56	45 47	2 45	62 44	21 54	67 53	54 54	6 51	10 45	27 49
15 47	17 55	19 47	58 51	69 49	43 56	67 54	6 50	20 48	5 55	23 55	48 51	51 51	9 40	45 55	65 48	66 50	13 50	1 54	29 41	35 48	52 61	38 48	46 61	50 41	63 53	47 41	57 49	62 49	41 51	3 52	61 51	44 51	55 51	53 43	21 50	64 50	18 43	60 50	36 48	59 53	8 50	12 49	4 57	39 48	0 57	28 46	14 49	49 43	31 48	22 55	42 52	32 53	30 46	7 45	27 56	25 60	11 53	33 46	34 54	26 50	2 55	24 54	54 49	68 56	56 50	10 60	40 51	16 52	37 52
13 46	9 57	17 48	3 47	22 59	18 50	0 48	19 50	43 52	12 50	66 47	6 63	20 58	14 51	36 52	15 50	49 44	44 58	46 47	64 46	1 51	61 51	59 51	57 41	2 38	67 56	69 43	63 42	58 51	62 52	42 48	21 53	38 49	37 48	54 59	25 57	68 59	26 54	55 52	33 38	28 58	39 43	35 56	8 53	23 51	40 43	45 51	47 53	32 50	16 50	52 48	34 52	30 47	41 53	29 56	51 42	7 49	60 60	65 48	27 55	11 50	5 54	53 40	24 47	10 59	48 53	50 50	31 53	4 64	56 49
33 48	4 47	22 54	28 44	42 54	36 48	59 54	23 50	21 48	48 57	45 57	25 47	49 49	64 50	41 36	65 47	13 41	38 50	60 48	0 55	5 58	66 49	16 55	46 47	18 49	11 47	53 59	31 43	1 45	8 54	62 47	27 48	6 54	54 45	26 53	58 44	19 49	32 47	9 50	55 60	2 50	24 36	12 50	30 47	3 43	47 51	37 44	63 46	7 52	51 46	57 56	15 50	34 48	52 50	35 52	61 54	39 46	44 50	10 54	43 51	17 56	14 51	56 44	50 50	68 44	40 48	69 47	29 52	67 47	20 51
45 56	31 47	69 54	16 51	43 48	33 41	23 48	63 48	62 51	40 41	2 51	8 50	29 46	60 48	53 48	42 53	46 43	12 50	10 52	22 47	49 44	35 55	1 52	19 55	59 54	21 54	9 50	28 52	34 54	27 47	41 49	4 49	18 43	25 45	24 44	37 48	58 43	5 46	17 47	0 62	65 57	64 54	57 54	15 54	3 56	20 48	56 49	14 50	13 49	7 45	30 47	39 45	6 46	52 52	68 49	67 50	47 52	55 51	36 48	66 47	11 51	51 51	44 59	32 54	54 45	38 43	50 45	26 59	61 56	48 52
64 53	54 58	6 42	60 49	17 42	25 53	56 55	46 50	8 42	65 52	51 47	43 59	41 49	9 60	57 53	15 52	11 48	19 52	12 50	68 54	27 52	2 49	37 43	33 62	13 51	52 52	62 46	18 46	69 48	59 49	55 47	53 47	24 49	28 55	66 50	20 51	21 54	30 55	36 50	32 56	63 54	38 44	39 54	5 51	22 48	16 38	44 49	61 52	26 48	7 56	14 45	49 49	50 49	3 48	47 55	42 51	0 46	34 47	29 44	35 49	45 48	4 51	48 52	40 52	23 48	10 53	31 63	58 50	1 50	67 54
34 48	27 53	55 44	63 50	59 41	67 53	5 57	52 48	68 49	26 63	32 46	19 58	20 52	58 51	8 41	39 49	1 56	51 54	31 51	61 50	35 45	45 50	65 55	56 53	14 53	29 48	44 53	36 53	62 46	9 42	37 60	33 52	54 52	21 51	3 45	64 49	24 56	41 56	48 48	46 50	28 49	7 44	40 49	50 44	69 46	47 53	0 56	18 58	30 51	6 43	12 47	42 50	66 56	13 48	4 53	49 51	15 49	22 55	25 54	16 50	38 51	10 49	43 56	11 53	53 49	17 46	57 41	23 49	2 53	60 55
50 51	29 47	8 48	42 52	31 52	62 46	9 46	65 50	11 57	25 49	54 51	6 54	67 52	37 48	44 51	28 48	56 51	0 52	52 49	66 55	34 54	19 53	58 53	64 43	27 45	69 54	30 48	59 49	36 56	33 60	2 53	53 58	12 50	45 53	68 50	63 37	55 55	24 46	10 55	21 52	5 48	18 45	61 57	51 60	47 46	43 56	38 49	48 54	7 55	3 48	32 51	57 55	46 37	20 57	49 49	40 53	26 44	35 54	41 56	14 44	23 50	13 44	15 60	1 49	16 46	60 47	17 49	4 48	39 54	22 48
7 52	18 55	5 45	8 57	21 42	46 51	29 42	68 50	32 55	20 41	58 58	26 46	2 54	28 40	53 56	0 43	33 51	41 46	65 51	12 46	44 51	37 42	56 49	35 44	47 58	1 41	11 52	45 52	3 54	15 45	55 49	59 58	42 57	9 52	66 56	31 47	10 57	14 52	40 49	19 51	39 58	36 47	25 49	24 52	22 50	34 42	67 52	23 43	13 47	48 48	51 52	52 48	60 51	43 51	30 58	6 46	54 39	38 47	4 46	69 50	64 47	63 41	50 35	17 46	62 49	49 51	61 49	27 49	16 49	57 51
3 47	54 46	52 60	23 52	43 54	45 52	33 50	41 48	12 42	59 56	5 56	37 47	65 56	58 46	15 60	61 56	11 48	8 57	31 47	25 49	18 46	16 46	69 51	57 57	51 51	36 48	28 45	46 48	1 47	53 50	9 51	27 53	7 48	67 45	62 45	47 52	63 56	39 47	21 41	26 43	40 49	4 51	38 53	49 47	32 51	35 43	30 59	24 40	55 44	50 52	29 52	64 54	44 52	48 46	56 48	19 48	17 47	42 50	0 51	14 42	10 44	60 49	13 49	34 45	6 56	66 53	68 50	2 46	20 57	22 49
51 63	20 50	50 49	59 51	66 55	37 54	26 51	1 57	60 52	22 47	15 49	40 48	55 57	41 51	49 47	64 57	44 52	29 52	27 44	19 53	25 48	56 48	63 39	32 49	24 44	21 50	10 51	18 47	67 58	36 54	38 52	5 49	61 45	54 52	48 50	0 60	8 57	30 54	31 54	46 48	12 40	23 46	69 52	65 44	45 42	9 47	33 52	57 55	7 52	42 52	47 60	34 49	35 57	4 61	11 47	3 53	39 53	68 45	58 50	53 52	52 45	2 47	6 50	13 40	43 50	14 41	62 42	28 58	16 50	17 50
47 59	49 49	60 43	40 46	1 43	62 46	11 53	2 50	9 56	29 46	17 54	20 42	5 42	52 51	57 46	18 46	22 53	67 50	46 57	54 55	38 50	53 47	50 52	7 47	37 60	35 59	34 56	48 48	0 50	45 52	33 41	32 54	31 44	44 52	13 44	51 42	58 51	14 49	55 55	15 44	36 54	21 49	42 57	19 48	61 44	43 55	56 48	16 54	30 47	28 48	69 53	63 47	39 50	41 47	10 45	27 48	6 46	4 52	12 47	8 57	3 58	68 45	59 53	23 54	65 45	64 51	24 52	26 54	66 45	25 50
39 47	63 48	48 49	58 53	13 47	23 50	31 54	6 51	41 50	40 49	16 52	62 45	1 50	51 51	35 52	55 44	7 47	22 43	45 56	14 49	25 49	57 47	52 66	10 45	44 43	50 49	27 48	26 53	12 44	0 55	15 37	29 50	38 45	5 48	37 47	61 49	18 45	59 43	53 53	9 58	4 54	30 52	64 50	11 50	32 47	68 50	65 51	56 47	49 44	24 57	34 50	42 44	69 54	47 50	17 51	28 50	20 48	60 50	67 49	21 51	19 55	66 50	8 44	3 56	2 55	36 55	54 49	46 56	33 53	43 54
28 45	45 54	34 52	32 49	24 60	37 54	47 55	1 46	40 54	61 49	17 50	7 49	6 49	42 50	35 55	50 52	23 39	60 65	19 47	5 48	3 55	16 40	15 49	2 44	0 48	67 47	41 37	58 54	14 45	20 56	54 44	25 49	4 41	18 50	8 48	31 52	9 47	69 51	26 47	63 51	10 63	27 55	12 50	44 50	55 51	57 52	33 52	65 48	22 48	52 51	59 45	29 44	11 51	68 52	64 45	56 53	21 51	46 43	39 51	62 53	43 53	48 50	51 56	66 56	36 49	38 57	49 53	13 61	53 53	30 46
46 62	13 48	48 46	29 50	11 54	41 51	18 50	49 53	68 49	31 50	57 53	14 47	25 50	66 50	30 59	5 53	28 52	34 41	69 42	43 52	37 50	40 47	50 60	0 54	19 54	16 47	35 57	32 46	59 52	23 49	64 53	42 48	22 38	61 52	4 39	55 49	9 56	26 49	8 59	58 47	39 54	24 50	56 55	62 52	45 60	10 57	7 56	21 42	1 55	54 55	27 46	60 53	36 50	2 47	53 55	15 53	52 40	51 52	20 54	12 46	33 67	47 56	3 51	67 44	17 56	44 59	63 44	38 50	6 51	65 57
17 53	28 51	45 51	21 52	41 44	23 44	10 58	69 41	58 47	54 52	61 47	44 51	26 50	3 49	13 50	65 54	60 56	46 49	39 58	15 56	20 54	40 44	34 49	16 48	0 47	7 46	14 52	19 53	59 55	25 52	35 51	55 47	51 47	67 58	56 47	9 53	62 48	63 41	11 49	64 53	18 54	57 53	43 44	27 42	52 49	66 47	2 53	68 54	38 47	53 46	5 43	31 51	49 50	47 51	36 60	12 60	33 55	42 56	29 51	4 56	48 52	6 47	24 51	50 48	30 48	22 56	8 46	37 41	1 49	32 42
58 58	23 46	61 49	5 45	2 49	41 49	21 46	11 49	45 57	15 51	46 54	18 53	33 54	38 51	42 50	12 51	62 47	20 51	28 42	55 52	44 53	60 52	49 44	6 53	57 53	13 55	34 50	27 57	26 50	24 57	51 47	14 46	39 56	9 48	64 44	54 42	31 43	47 50	48 50	36 54	63 45	1 54	16 47	19 40	40 52	53 50	37 50	65 49	7 57	4 48	56 49	22 43	8 59	50 50	52 59	69 57	3 47	25 40	35 54	59 54	29 49	32 50	43 52	30 41	66 54	17 56	67 47	10 45	0 51	68 51
62 56	20 56	4 52	35 54	12 47	18 48	67 53	31 37	30 51	47 53	3 43	65 60	66 49	5 50	38 42	52 53	32 51	40 52	23 43	37 54	48 47	53 43	50 52	57 46	24 50	26 48	9 61	64 48	14 46	19 55	61 40	44 55	54 43	39 54	25 53	29 49	27 56	17 47	22 53	15 58	69 45	56 57	33 54	28 40	59 50	2 46	45 48	43 50	21 53	58 48	1 50	36 54	8 38	6 53	51 39	11 49	7 54	34 44	0 47	41 49	60 51	13 46	16 47	42 47	46 46	63 49	55 53	10 53	49 55	68 50
22 51	68 52	29 52	66 54	28 49	36 46	30 56	41 50	55 51	40 53	7 49	39 38	2 47	24 51	16 51	48 46	57 44	21 56	11 45	54 46	44 44	65 47	0 47	26 51	38 57	51 53	27 46	60 44	61 50	15 42	43 47	56 44	45 54	52 56	47 47	18 52	32 59	10 47	31 50	62 47	6 51	19 51	23 49	13 48	34 53	17 51	46 43	33 48	42 53	67 53	12 51	37 44	50 55	63 54	14 46	1 52	4 45	25 55	20 52	58 55	49 59	5 42	64 58	59 58	9 43	8 56	35 40	69 51	53 54	3 50
16 50	46 48	44 44	35 52	69 51	50 54	21 58	59 47	66 47	6 49	68 44	27 51	10 47	14 47	58 46	28 49	8 46	20 58	60 47	13 50	22 47	45 52	52 60	3 45	36 51	25 51	11 47	1 59	32 42	2 49	34 52	43 53	41 48	63 54	56 60	62 47	47 52	65 49	40 60	24 44	23 49	30 52	29 56	33 51	15 53	18 41	42 55	57 54	39 53	54 46	9 46	12 55	37 47	7 49	31 50	51 48	53 44	48 49	19 48	17 45	5 48	64 45	61 55	26 52	4 52	49 44	67 49	38 44	0 52	55 45
55 41	69 55	25 43	9 51	27 54	21 50	16 57	63 46	5 51	42 49	23 39	65 49	41 46	22 54	54 57	7 43	35 49	51 49	24 50	57 53	1 62	44 54	13 41	68 55	20 47	10 52	52 56	28 56	26 43	40 56	33 53	34 57	60 61	32 51	59 58	66 60	36 50	2 54	17 56	4 49	58 58	30 51	15 51	53 56	11 52	38 47	19 47	61 44	50 56	39 56	12 43	6 42	48 46	3 41	56 44	18 43	8 45	64 46	45 40	29 51	31 45	62 53	49 58	37 51	0 48	47 44	46 55	43 57	67 48	14 43
22 48	51 42	58 52	9 57	57 49	0 57	14 48	21 45	1 49	49 51	54 53	16 45	26 46	18 54	69 54	12 50	44 46	46 39	10 52	3 50	23 47	45 42	55 54	19 58	39 59	68 54	43 52	33 40	50 42	56 52	20 60	2 51	53 49	64 52	62 52	24 47	38 56	60 55	34 50	48 57	59 49	17 51	8 41	42 56	52 56	7 46	30 51	31 53	41 51	13 42	65 52	36 57	35 51	37 57	6 54	28 55	61 51	27 59	40 60	66 53	4 53	11 43	29 47	67 51	63 45	5 47	15 59	32 58	47 47	25 55
24 47	29 52	61 44	43 54	64 49	58 50	63 43	5 48	69 51	20 48	53 45	10 41	11 58	59 53	7 48	13 50	1 58	16 44	68 58	32 57	35 44	27 44	12 46	50 50	3 41	23 51	65 41	31 51	62 50	21 45	17 57	19 51	47 47	67 45	44 46	51 50	15 49	52 50	33 45	42 51	45 45	22 52	56 50	46 55	6 46	2 48	26 54	66 54	49 49	9 51	8 53	28 49	36 53	39 48	18 47	30 46	14 44	57 42	34 48	48 59	55 49	41 49	38 41	60 52	25 54	40 50	4 47	0 46	54 44	37 45
6 54	47 58	0 45	34 59	32 52	40 57	67 50	24 54	66 48	3 43	13 53	19 46	33 55	46 41	44 62	60 53	42 52	26 58	58 57	59 53	68 49	36 49	8 53	65 50	12 47	63 55	9 52	14 47	54 44	29 54	27 51	55 46	30 46	10 50	62 50	22 43	7 51	4 52	52 45	69 56	25 52	61 52	53 53	45 46	28 54	11 54	31 60	56 49	41 57	1 53	2 47	37 42	23 45	51 51	16 47	20 43	48 53	17 55	35 48	39 47	38 45	5 55	43 49	21 52	15 51	18 47	49 53	64 57	57 42	50 44
54 53	68 50	65 48	31 48	11 63	0 42	66 53	32 56	52 57	34 56	39 54	61 48	63 49	64 43	14 50	5 44	41 46	60 55	53 43	30 54	45 49	33 46	17 45	16 50	18 47	49 47	9 50	46 48	38 64	13 58	35 51	42 44	69 42	28 46	67 50	21 45	3 45	8 43	6 47	58 44	48 54	37 52	55 56	2 52	23 56	29 45	59 57	47 44	27 47	43 46	51 59	50 48	20 61	36 56	4 54	22 48	56 57	57 54	7 46	26 53	62 49	1 50	25 49	15 53	12 46	19 53	44 53	40 53	24 50	10 51
37 54	30 51	66 58	64 46	44 46	14 55	12 48	8 55	65 47	15 50	11 54	49 49	24 55	13 62	27 52	0 51	26 57	69 49	19 44	38 48	22 57	51 44	45 44	2 59	32 55	57 51	7 47	46 52	29 52	68 47	54 57	6 51	56 60	47 55	17 47	3 42	61 48	31 45	62 48	53 55	20 51	36 48	40 45	67 47	5 50	52 49	25 47	48 44	23 51	58 51	50 45	35 46	41 42	16 55	39 53	28 45	10 48	34 40	55 49	42 42	43 47	4 50	33 55	1 51	60 54	63 60	9 45	18 52	59 55	21 48
3 47	15 57	11 45	23 59	50 49	61 38	57 51	28 60	49 54	46 47	66 45	21 50	8 53	18 55	48 48	68 46	55 64	32 45	37 48	26 55	45 53	0 42	12 52	14 51	53 59	58 54	36 49	67 58	30 52	9 46	6 44	16 45	29 43	17 51	39 53	60 51	4 48	51 53	10 44	31 44	54 51	43 50	13 40	44 55	7 49	34 51	62 49	65 47	38 45	56 62	5 45	52 58	27 45	64 59	42 43	63 47	69 49	35 55	2 48	20 45	24 49	47 46	19 59	59 51	1 53	33 57	22 47	40 49	41 49	25 45
2 50	54 50	14 51	40 49	28 52	34 46	46 50	25 50	43 55	57 48	61 58	52 46	58 48	26 46	27 55	68 54	60 48	39 51	33 49	3 52	21 48	65 52	44 45	50 54	23 47	15 57	36 56	48 43	17 55	64 52	4 49	62 47	35 50	29 56	22 56	11 52	69 47	16 58	8 51	31 51	37 57	13 45	6 56	7 53	5 56	42 49	66 55	19 47	53 45	38 46	18 42	41 53	55 50	49 54	12 44	1 46	0 51	20 48	10 48	63 44	67 48	59 49	30 51	24 46	47 60	45 48	32 46	51 46	9 50	56 48
43 42	61 55	11 44	0 41	1 48	35 46	39 52	58 49	25 55	4 50	62 50	12 45	10 44	49 56	20 52	8 51	13 49	69 56	45 50	17 45	44 54	52 53	55 67	7 53	29 60	48 47	36 46	65 53	9 49	19 51	23 45	53 44	60 51	54 51	56 56	2 50	42 49	63 55	57 48	40 42	32 51	59 54	51 41	47 50	41 58	5 45	66 55	68 59	37 55	67 57	28 50	38 57	33 45	14 55	24 46	46 43	15 50	30 61	31 49	27 53	21 52	18 59	50 49	64 41	26 44	34 51	3 44	22 48	16 46	6 51
40 43	3 47	10 51	50 50	6 51	28 54	36 53	68 49	12 61	30 48	25 54	8 54	45 49	49 44	52 50	38 52	34 56	16 48	55 45	11 42	59 44	53 52	21 49	20 55	44 64	35 52	65 54	17 47	57 51	64 49	14 57	1 43	2 56	32 50	27 53	24 46	7 46	33 44	23 56	26 58	41 44	67 52	5 56	31 51	69 48	47 55	15 44	58 50	43 43	46 40	18 56	22 54	9 54	37 46	63 42	54 46	51 60	13 46	42 54	66 54	19 58	61 34	0 51	62 54	4 47	60 56	48 55	56 50	29 49	39 54
49 62	4 51	43 48	62 50	44 43	11 45	64 56	6 49	55 53	50 52	35 53	31 45	38 47	63 48	19 52	52 59	56 51	61 51	27 51	47 51	2 51	21 45	57 47	40 56	26 53	15 47	23 48	25 47	33 44	9 52	37 46	13 52	18 49	58 51	32 49	65 51	48 52	39 43	12 45	10 47	7 54	51 51	0 46	29 46	8 62	54 61	34 51	22 47	20 48	30 50	24 47	59 48	16 48	69 56	67 48	41 47	45 55	1 50	14 55	66 48	5 58	17 50	68 45	60 48	36 56	53 56	3 53	28 50	46 43	42 45
7 55	67 45	39 58	46 52	14 50	43 44	26 51	11 52	32 51	6 60	15 49	17 53	29 48	10 47	30 52	48 51	47 53	8 46	9 51	1 56	50 44	25 54	42 55	19 46	64 57	41 53	51 44	34 54	20 48	24 54	66 46	40 57	4 33	60 56	65 43	57 49	61 48	37 54	16 57	31 58	21 49	38 50	52 51	35 50	62 55	54 49	22 45	33 48	59 45	2 57	53 56	27 51	58 52	63 47	23 51	36 49	55 50	18 49	12 55	69 50	44 56	45 43	28 63	68 53	0 48	5 49	3 56	13 51	49 49	56 51
18 50	36 47	13 50	34 52	33 47	14 39	31 56	53 37	67 37	49 45	1 58	30 49	44 45	22 46	40 51	17 54	52 44	7 50	62 50	46 52	3 53	19 47	43 48	35 46	37 52	59 58	51 44	21 51	10 54	64 55	24 54	12 45	39 59	26 47	54 47	47 46	58 50	28 56	50 53	5 54	11 47	16 54	41 45	27 41	42 49	66 46	57 44	20 47	25 48	0 52	2 48	65 50	61 55	55 50	29 54	38 54	8 54	6 50	4 49	56 43	69 53	63 52	60 50	15 53	23 44	9 54	68 50	32 53	48 49	45 54
46 48	43 58	53 44	4 48	62 52	1 55	54 42	3 42	68 56	61 52	49 45	52 48	26 35	18 43	41 42	19 49	30 55	28 53	64 51	5 50	44 46	55 49	21 49	6 49	60 54	57 51	2 59	33 48	58 45	34 52	12 56	31 48	8 46	7 50	11 57	59 55	38 45	24 40	15 47	48 47	23 48	36 52	51 56	63 51	50 58	35 47	45 48	14 52	17 53	16 52	27 50	47 43	10 48	42 44	69 43	29 39	56 52	39 59	13 51	32 53	25 53	0 43	65 49	67 52	40 50	20 50	66 52	22 60	9 54	37 46
45 43	62 40	14 46	0 50	31 51	61 45	58 59	41 46	16 47	56 47	54 51	37 54	50 53	6 49	59 57	52 51	60 57	65 52	30 44	26 49	8 53	66 46	21 57	7 60	39 53	44 50	25 47	38 54	4 51	12 48	33 45	64 46	5 58	49 54	23 46	36 49	17 47	34 46	32 45	51 50	29 57	47 48	18 46	11 56	3 48	27 49	53 55	1 47	42 62	63 53	55 55	20 41	28 51	46 54	57 47	9 58	2 46	19 62	13 42	69 44	68 46	67 60	22 55	35 46	40 48	24 49	15 59	43 48	10 41	48 54
14 52	21 48	50 50	0 49	3 51	9 41	34 49	36 49	26 58	65 48	58 53	15 59	12 45	46 60	69 56	29 55	55 51	13 51	64 49	42 55	24 57	10 46	23 51	39 52	33 43	4 57	16 56	49 50	62 51	48 43	17 48	7 46	47 49	32 48	63 50	68 52	67 54	37 53	8 46	20 61	61 50	27 50	35 46	44 53	40 50	52 50	60 46	43 52	31 50	30 45	2 51	54 56	18 45	45 47	1 54	41 48	53 50	59 50	22 48	57 45	28 47	5 52	19 50	38 57	11 45	25 49	51 54	56 49	6 47	66 57
50 39	64 41	26 50	3 47	53 52	16 53	57 58	18 48	66 39	34 57	67 56	52 49	14 51	63 52	13 45	6 57	65 54	9 56	51 52	35 38	21 55	49 51	48 43	69 56	22 54	41 53	33 57	56 46	68 53	27 46	40 50	60 50	0 51	4 47	20 45	7 45	32 48	29 51	36 55	61 50	28 42	23 56	30 61	19 43	1 47	39 56	17 49	38 49	55 46	58 51	25 43	12 55	10 53	42 49	46 58	24 44	11 51	47 47	54 54	43 58	5 52	44 51	59 54	2 41	15 47	62 58	31 59	45 53	37 44	8 49
8 52	53 45	36 45	58 52	29 44	27 41	31 52	2 47	19 47	21 48	30 48	5 48	34 49	1 53	48 47	3 44	65 57	39 50	64 54	10 51	57 57	18 47	63 56	66 49	4 49	12 55	68 51	49 52	54 44	47 48	40 48	26 59	56 53	33 53	11 55	35 40	50 46	67 55	6 54	62 51	41 46	37 46	59 49	14 50	22 46	46 56	28 47	13 52	44 48	38 58	9 50	17 54	52 51	23 56	69 50	16 49	43 39	15 48	45 47	61 51	0 50	7 52	55 54	60 60	25 43	42 45	24 49	20 49	32 58	51 48
