100	80
24 47	76 60	21 51	55 54	27 49	64 48	43 53	2 45	4 53	22 50	23 53	30 46	73 41	17 52	0 57	60 58	75 56	32 44	18 44	15 51	42 52	72 42	79 44	67 48	5 55	61 55	49 56	50 57	63 53	13 48	51 44	6 56	38 46	14 57	8 44	54 51	68 52	25 53	9 49	28 47	59 49	36 47	62 58	69 52	35 51	45 51	26 52	20 48	11 46	58 55	19 42	70 54	74 46	12 51	3 48	66 47	56 46	33 44	40 59	47 49	39 47	41 48	46 47	48 40	57 46	77 46	78 59	52 55	1 54	16 48	53 58	37 48	31 44	71 55	65 54	7 56	10 53	29 50	34 57	44 49
25 48	78 54	30 40	56 49	61 37	39 48	27 55	6 45	35 48	76 45	24 49	4 51	68 57	23 54	8 49	18 48	66 45	74 48	71 52	49 42	2 53	22 55	40 47	37 61	1 51	32 54	26 45	19 48	63 55	42 46	57 48	45 49	55 47	48 43	70 41	75 46	9 49	15 49	44 47	12 49	14 49	69 51	36 51	73 54	7 46	28 47	51 46	13 50	65 58	43 52	17 51	21 58	0 50	59 56	41 51	52 53	20 52	3 48	67 49	38 53	72 43	64 46	34 53	50 52	5 46	11 47	16 44	46 56	29 47	53 52	47 54	54 48	60 44	58 52	79 39	31 51	33 53	10 49	62 46	77 58
71 53	46 54	74 52	31 47	20 49	21 50	42 51	66 53	44 58	61 56	50 53	13 56	57 47	75 54	14 48	39 53	41 56	48 45	68 49	33 47	0 48	18 49	24 47	23 56	52 49	34 52	64 52	9 51	30 48	7 47	8 48	56 55	5 51	29 70	62 59	60 50	15 50	59 61	36 42	6 50	10 44	51 50	67 50	35 56	65 54	2 53	55 44	43 56	4 45	49 48	40 48	3 51	1 40	27 56	38 53	28 52	58 46	79 53	54 44	47 47	76 54	69 54	63 52	17 52	70 49	26 57	72 61	25 50	12 48	78 44	45 50	73 50	11 57	19 41	22 48	53 53	77 54	16 48	37 58	32 40
39 54	7 42	38 50	49 49	44 37	10 53	36 46	21 51	77 53	14 45	20 56	6 51	25 43	74 44	57 47	54 50	64 49	69 44	62 50	50 46	52 47	53 60	19 47	43 52	11 51	79 49	42 52	47 42	78 60	26 50	3 54	63 47	1 47	34 40	35 41	28 53	68 52	70 46	66 49	56 60	45 50	17 62	33 43	32 52	8 41	5 50	61 45	9 49	23 51	71 43	29 56	18 42	31 44	40 47	4 54	76 42	65 54	24 46	30 43	72 43	0 57	22 52	67 51	13 45	75 47	2 66	73 56	37 56	58 51	15 50	60 58	55 51	16 53	12 53	27 55	59 51	46 43	51 58	48 52	41 48
24 52	67 50	75 52	51 49	74 57	6 53	12 54	21 61	0 61	78 53	29 51	56 51	53 47	9 44	71 63	54 52	28 60	31 54	62 47	30 62	19 54	66 53	14 49	22 52	46 53	65 50	11 44	20 54	13 56	73 48	79 45	40 44	37 47	39 47	17 54	16 54	44 48	41 51	35 50	2 55	8 48	70 57	50 52	52 47	26 50	5 50	32 63	18 41	59 49	47 52	7 49	48 54	63 49	60 51	45 35	76 52	3 54	68 50	49 44	69 53	10 49	25 58	34 41	1 40	55 58	33 55	42 44	61 45	72 48	43 47	36 44	57 51	4 59	23 49	77 48	64 55	27 53	58 54	15 56	38 45
11 46	19 43	64 53	45 47	14 60	73 48	7 41	40 51	8 51	16 50	51 47	18 52	58 54	61 50	53 49	69 54	24 51	35 54	78 41	27 49	79 51	76 41	43 56	10 41	4 54	37 55	60 46	57 34	33 48	20 53	29 52	32 50	23 52	52 52	55 52	0 48	15 55	70 49	17 50	46 48	26 58	2 45	77 50	49 49	25 44	54 55	39 45	41 43	66 49	13 49	34 46	50 51	63 53	1 50	9 57	31 51	59 56	72 37	38 48	30 54	21 38	6 46	22 50	48 53	65 57	68 41	44 54	12 57	28 44	36 54	47 52	74 42	56 51	3 36	67 52	62 58	71 43	42 52	5 55	75 52
53 55	71 47	59 47	15 49	46 46	28 54	19 63	50 52	74 52	30 47	9 54	64 53	67 55	8 46	21 58	43 50	47 57	41 43	40 44	31 48	70 53	35 49	37 57	65 41	76 40	32 56	6 51	78 42	22 62	17 51	27 47	25 49	4 41	13 48	62 43	29 52	79 52	24 54	44 51	7 49	56 58	2 55	1 50	77 55	36 44	58 45	69 62	33 62	18 53	63 50	20 51	11 50	23 42	52 55	26 47	75 55	39 50	5 57	48 65	54 41	55 52	73 51	51 58	45 51	49 56	42 40	0 48	61 48	57 48	10 44	66 43	38 56	14 56	72 47	12 64	16 52	3 46	68 48	34 47	60 47
5 50	8 47	33 51	54 49	50 50	46 48	14 51	24 56	34 53	7 53	75 49	45 55	21 41	44 43	43 54	66 60	78 48	71 55	74 52	61 46	49 49	56 52	53 39	76 56	18 48	0 53	51 38	22 55	6 46	13 49	39 51	37 52	72 55	19 45	64 46	16 51	70 48	38 43	2 54	1 48	62 52	36 52	20 52	30 55	48 60	68 52	67 50	4 46	79 50	41 43	47 47	60 47	65 45	10 59	26 51	59 49	32 43	69 46	77 48	11 52	9 48	57 59	58 51	15 55	31 52	3 53	29 55	17 42	55 44	52 47	12 41	40 56	42 48	35 55	28 63	27 58	23 49	25 45	63 39	73 57
58 60	26 58	3 53	1 49	63 49	4 44	13 50	23 51	38 39	60 50	12 54	8 60	50 47	57 41	45 50	69 49	19 57	49 45	73 52	15 53	78 53	29 47	0 44	34 54	37 46	31 46	52 53	70 41	55 55	14 49	32 43	61 56	36 48	10 47	47 46	42 45	79 44	62 46	67 56	48 42	74 55	68 44	77 41	18 51	7 44	11 54	54 45	16 44	2 47	17 57	33 51	46 50	66 35	44 54	59 50	35 56	43 46	51 46	28 50	25 43	75 49	9 65	24 45	40 46	41 48	76 45	39 48	53 44	22 38	5 50	71 56	30 41	64 53	27 48	56 60	20 49	21 54	65 46	6 46	72 45
79 55	55 55	78 54	57 52	10 55	71 51	41 50	3 52	4 46	58 55	5 51	38 57	62 35	60 50	9 56	45 44	8 49	51 54	54 50	36 46	32 41	15 52	72 44	70 49	56 38	29 52	49 54	61 42	39 59	63 41	31 49	67 48	7 58	24 56	1 59	44 49	65 61	18 54	53 50	47 54	68 59	12 54	21 53	0 58	37 46	23 55	30 51	40 52	22 47	75 49	50 55	11 51	2 43	14 48	66 51	69 50	26 56	17 48	64 55	35 55	77 56	33 55	19 41	52 54	42 45	20 54	46 42	28 48	13 47	27 43	43 48	16 45	48 43	73 47	74 58	25 58	6 50	34 46	76 49	59 49
48 34	6 52	79 51	18 54	13 44	74 59	36 46	60 50	29 45	55 54	46 50	41 48	20 39	70 49	19 42	38 48	4 46	40 40	10 54	76 52	7 45	53 47	37 56	78 53	39 51	42 54	0 41	77 49	57 43	14 53	64 55	28 42	16 51	32 54	51 61	5 50	67 55	17 52	68 41	44 44	43 46	27 49	50 57	9 49	66 48	33 46	58 52	63 51	73 46	25 43	52 45	69 56	1 57	15 43	34 51	31 55	35 50	11 48	54 51	47 49	22 54	59 53	75 50	71 54	65 46	56 50	26 57	61 45	45 42	30 58	8 53	23 44	24 47	49 49	3 53	2 49	62 55	72 43	21 50	12 56
30 49	47 52	15 54	48 56	23 45	6 54	71 55	1 54	50 57	26 46	11 51	13 52	18 50	33 53	59 50	22 51	9 46	72 55	75 56	8 52	51 45	44 57	17 51	12 51	64 54	42 50	54 54	41 56	37 49	20 46	77 46	58 46	10 48	7 62	34 41	78 42	79 48	3 46	49 54	70 52	62 50	35 47	29 49	31 45	39 44	66 45	74 53	46 49	5 50	56 48	0 49	73 51	28 58	24 60	57 54	19 50	60 53	68 44	63 47	43 51	45 45	16 55	25 49	4 58	38 38	2 60	61 48	65 51	52 52	76 53	40 45	14 54	21 54	53 54	67 49	55 53	32 52	36 48	69 56	27 51
62 54	45 40	56 48	1 52	46 52	34 54	67 51	8 66	55 45	19 44	70 49	71 51	75 54	59 51	28 49	20 57	36 53	73 52	23 48	11 49	57 47	9 47	24 42	38 47	54 52	31 52	60 48	44 60	42 51	77 46	13 45	18 47	50 58	43 51	66 49	14 43	3 49	48 58	7 49	37 44	21 41	25 40	2 58	26 45	68 48	5 46	35 47	51 45	27 55	63 55	0 53	39 51	79 53	64 45	52 46	72 51	30 40	41 46	61 47	69 61	47 48	22 62	6 41	65 43	15 44	58 51	53 45	29 40	32 52	16 43	40 55	17 48	33 53	76 46	4 46	78 48	74 58	12 46	10 50	49 54
56 48	67 50	4 50	9 44	71 55	6 55	47 55	52 51	30 56	45 51	64 53	76 53	1 65	51 46	2 48	24 54	10 48	23 45	31 51	11 52	46 50	72 51	38 47	35 47	15 42	61 53	54 41	36 50	48 57	68 63	60 49	27 47	77 59	14 56	55 45	29 46	33 48	44 47	73 55	43 55	41 53	79 51	21 41	5 58	8 43	63 49	32 53	69 57	13 44	62 52	70 55	65 46	19 52	75 48	3 52	25 55	40 50	17 52	42 50	57 51	59 57	18 52	16 56	74 50	50 58	28 56	39 43	34 55	12 53	49 52	66 47	26 51	20 48	7 53	37 60	22 44	78 42	58 47	53 46	0 46
71 47	1 53	28 56	17 48	4 48	15 52	7 53	49 45	34 58	50 40	8 47	38 61	79 57	78 52	75 52	3 46	63 48	54 47	74 53	46 55	26 50	48 45	11 46	60 46	58 48	23 49	37 48	70 51	9 41	73 47	68 46	59 45	18 55	27 42	56 47	2 55	30 50	31 46	57 44	77 48	45 46	41 48	13 48	20 52	19 46	6 44	43 40	65 52	42 47	22 52	16 51	67 48	66 53	36 49	35 43	24 48	55 45	47 50	61 46	25 50	69 52	33 47	10 50	76 57	62 47	53 56	52 46	5 51	0 52	72 56	39 45	44 47	29 55	51 57	32 56	21 43	64 59	40 46	12 47	14 49
31 50	63 48	30 49	16 48	68 46	59 49	50 41	29 50	3 55	40 48	12 52	58 57	66 49	49 51	45 42	33 57	13 49	0 48	54 51	17 57	1 46	56 56	76 54	48 50	70 49	9 46	53 54	41 45	36 39	27 43	25 50	72 49	46 48	7 50	51 56	71 57	52 57	11 49	14 45	6 53	28 55	2 56	23 49	4 52	37 49	78 56	55 52	39 43	61 48	43 46	24 48	74 46	15 46	8 46	35 53	21 53	5 49	64 52	75 49	69 46	47 54	73 49	77 49	79 47	18 58	10 51	20 53	22 47	44 52	32 57	62 54	42 53	57 52	19 58	38 49	65 49	26 49	34 44	60 46	67 59
3 59	63 51	66 55	31 47	72 47	33 61	4 52	69 50	65 48	34 48	17 43	8 50	29 44	6 51	62 50	38 44	18 49	39 55	28 68	11 44	49 48	20 49	67 44	1 51	78 49	70 63	26 49	76 61	74 42	27 49	59 52	7 51	35 52	0 51	10 51	52 54	42 51	41 49	5 56	54 53	58 44	25 51	77 61	48 49	64 58	37 63	40 45	55 64	23 49	32 49	24 61	43 44	2 59	60 51	9 52	53 57	19 50	61 42	12 48	45 55	22 59	36 44	56 57	16 55	79 52	15 48	30 58	57 53	51 53	46 56	50 43	21 48	14 53	71 55	75 54	68 52	73 46	47 56	13 44	44 43
3 50	19 47	12 44	61 47	58 48	67 49	18 48	49 42	33 51	62 45	57 51	36 49	46 56	31 44	75 44	55 39	50 39	23 51	41 48	77 41	52 38	40 49	45 61	28 42	72 50	1 54	53 47	30 59	43 47	48 40	66 52	24 51	74 51	69 49	2 54	15 46	76 49	22 47	16 50	7 48	54 54	0 54	38 56	51 49	78 53	70 48	10 59	26 53	47 54	71 53	8 55	60 47	17 43	34 57	44 56	4 55	11 47	21 52	64 53	68 48	37 56	6 44	5 42	79 47	56 54	25 58	14 46	42 59	63 44	65 51	29 57	59 57	73 52	9 47	35 53	20 61	13 47	39 58	32 50	27 55
18 46	29 44	4 48	37 48	19 54	13 58	79 44	53 51	68 45	6 44	9 44	54 47	28 58	31 61	39 52	3 47	72 51	49 51	55 53	25 54	14 55	45 51	56 43	42 52	8 43	1 55	34 53	0 50	35 53	43 52	65 51	60 54	67 43	44 55	69 52	33 46	5 47	26 54	40 58	57 48	2 50	16 46	71 58	17 57	62 51	10 52	11 54	50 48	61 48	58 54	46 46	48 51	73 48	77 48	78 44	75 46	63 41	51 59	32 57	36 42	38 49	27 52	12 54	30 50	23 51	21 43	41 54	74 59	59 49	24 58	47 60	70 49	15 48	66 51	76 42	22 50	52 48	20 53	64 54	7 47
38 45	33 39	50 50	49 48	13 57	30 52	78 53	1 43	26 44	51 49	22 43	46 48	43 51	34 46	72 48	64 55	73 44	36 48	41 50	37 48	59 48	42 50	69 54	7 42	39 52	3 54	52 48	40 43	9 55	76 56	5 54	0 48	75 44	15 49	28 44	48 43	62 47	23 50	10 55	12 47	57 53	54 44	27 43	79 45	17 52	63 49	47 55	21 45	66 47	55 52	25 53	35 46	74 51	11 43	18 48	19 56	53 47	61 57	70 50	20 51	29 56	16 43	6 49	77 46	4 58	67 54	65 49	60 39	44 47	56 42	58 47	45 55	32 54	24 45	31 50	71 46	2 51	14 53	68 47	8 54
43 52	57 43	24 53	46 49	31 48	54 49	33 48	61 48	68 43	42 45	22 62	23 50	29 52	30 46	73 46	0 42	14 47	49 53	10 43	60 39	44 58	47 53	3 47	16 53	67 54	70 39	21 49	1 48	51 46	26 51	56 43	19 51	76 47	27 51	4 51	75 45	62 49	55 47	18 49	52 51	64 42	20 49	71 53	39 52	53 47	37 41	50 51	74 49	8 47	65 51	59 44	9 50	28 47	12 48	79 42	48 56	38 53	35 51	45 53	66 54	34 54	72 55	63 48	6 62	69 44	5 47	17 46	58 52	11 55	41 49	78 43	15 44	7 51	32 50	36 53	77 50	13 52	25 50	40 52	2 54
32 45	9 51	58 51	8 42	30 57	67 53	10 55	14 53	38 53	41 50	49 55	71 52	23 48	25 45	53 56	34 46	43 53	11 47	13 46	56 43	78 52	54 54	18 55	16 61	4 46	37 54	26 41	65 57	77 41	74 46	6 46	63 42	55 52	70 44	57 48	64 54	24 52	7 48	27 59	42 49	62 40	61 47	44 52	76 54	35 59	1 42	60 52	51 54	0 53	5 55	69 46	31 51	22 41	19 48	66 51	28 56	3 45	59 52	48 51	29 51	50 46	33 62	39 53	15 55	40 59	68 49	73 49	20 48	45 54	72 56	47 53	46 43	75 58	21 50	17 58	79 44	12 47	2 48	52 45	36 45
61 51	63 46	78 41	62 57	10 51	30 53	4 37	74 45	52 48	45 44	11 46	53 50	6 42	12 54	42 48	69 56	50 46	29 54	68 51	49 51	37 57	60 51	72 45	55 53	75 54	40 49	15 45	39 44	71 59	35 48	7 51	56 44	73 50	59 43	41 55	65 49	38 46	27 45	1 48	54 42	36 42	58 51	66 47	23 54	3 53	17 43	51 45	79 54	34 43	18 53	31 44	5 57	21 53	70 48	43 46	0 49	44 57	77 45	47 55	14 46	32 63	64 59	33 47	2 52	57 46	19 56	76 42	8 52	48 53	25 44	22 56	16 56	67 54	26 52	13 45	28 41	24 47	20 61	46 49	9 49
59 50	28 43	8 45	40 53	66 46	62 50	7 48	47 42	25 52	0 56	23 57	12 51	64 51	50 49	41 56	11 50	72 49	29 49	74 45	43 42	77 50	30 45	46 49	39 47	53 49	5 55	70 51	24 46	16 47	33 51	58 50	19 55	32 46	61 56	22 44	57 60	51 41	1 57	17 44	69 58	54 44	36 54	20 49	76 49	55 52	49 57	35 52	45 54	21 48	14 39	42 47	56 46	52 47	79 49	38 51	4 51	6 51	2 54	3 52	60 40	15 60	75 44	9 43	48 50	73 48	78 56	63 48	10 48	18 48	67 54	44 54	65 47	71 54	27 49	31 46	37 49	68 61	26 43	34 36	13 45
59 47	71 56	41 48	68 59	37 46	8 51	73 48	20 51	70 42	26 39	64 53	61 46	33 49	47 48	78 47	1 49	77 47	21 52	66 50	2 50	58 56	31 61	25 47	16 47	72 50	75 52	54 49	4 43	23 53	69 54	49 52	76 57	45 55	53 49	18 50	6 42	24 51	15 50	43 54	46 50	74 50	39 62	51 61	12 50	60 50	40 54	35 41	29 49	50 43	19 48	62 60	7 55	22 50	5 42	32 48	56 56	30 45	14 54	9 43	67 49	28 60	36 57	13 45	55 47	57 51	17 52	11 59	44 49	79 59	3 52	34 55	65 51	0 58	63 49	42 49	48 50	52 47	27 54	38 48	10 47
46 48	9 58	23 44	64 52	28 52	20 56	53 49	44 55	67 50	4 37	45 47	10 51	32 49	78 47	36 49	60 45	68 47	7 48	52 45	37 46	22 56	75 48	49 49	24 47	12 50	30 51	29 51	13 49	55 54	15 49	43 37	25 54	76 49	8 53	19 39	79 53	72 57	26 59	17 55	54 50	51 51	16 50	21 50	58 46	50 55	63 49	14 46	38 46	42 53	48 57	57 55	69 54	65 54	5 45	35 58	31 47	1 50	77 51	66 57	71 39	74 55	33 47	61 44	41 50	56 43	11 51	62 57	70 41	34 54	18 52	0 42	6 52	73 52	40 53	47 51	39 48	27 53	2 58	59 55	3 45
62 51	18 55	70 51	45 48	1 45	13 47	44 52	53 50	63 50	36 44	47 49	61 49	69 44	33 55	72 52	22 57	71 50	49 42	41 60	40 51	76 53	21 50	6 45	30 53	64 48	11 56	68 53	3 50	39 51	52 46	51 56	17 47	25 53	31 52	77 48	29 58	19 57	50 48	55 30	14 50	4 56	37 50	28 56	20 43	27 47	48 52	10 46	75 47	5 42	54 46	34 48	42 59	66 57	16 51	2 46	38 53	73 62	78 56	8 48	26 40	58 56	15 57	57 49	79 52	35 43	67 47	0 58	43 54	60 57	23 44	24 51	46 48	7 46	74 51	9 51	65 52	12 48	32 56	56 56	59 57
66 54	1 47	14 51	59 53	7 49	69 46	26 44	48 53	41 49	39 51	15 52	11 55	6 56	49 45	53 47	31 48	10 50	35 59	44 51	71 56	2 64	36 59	0 60	17 46	51 54	21 50	63 59	70 50	23 42	58 54	56 48	9 57	25 53	30 56	29 46	43 55	57 50	72 50	34 44	75 53	40 49	4 54	50 47	78 51	54 52	3 53	77 49	16 55	67 49	27 46	38 47	5 50	64 58	68 57	47 55	61 55	20 52	42 47	8 47	24 53	18 52	73 45	28 56	32 52	45 41	13 54	52 54	76 53	37 52	65 51	60 48	79 46	46 54	55 46	22 62	19 52	74 56	33 52	12 47	62 52
65 37	28 56	9 51	55 47	13 55	58 47	63 48	18 52	12 44	34 44	78 48	21 41	43 59	8 50	46 56	19 51	69 48	6 53	67 45	33 52	10 49	14 54	39 47	49 53	2 55	7 52	64 52	48 53	60 51	29 55	1 60	56 51	76 48	22 52	42 56	25 44	24 46	15 49	35 59	5 56	44 67	20 52	77 48	31 39	23 50	53 53	71 60	52 51	17 48	54 46	37 42	57 49	40 50	73 51	61 42	27 56	30 49	74 51	62 44	70 44	16 56	3 52	68 42	75 56	79 49	50 50	38 54	51 51	32 46	0 52	41 51	47 50	36 54	72 53	11 36	66 51	4 51	45 49	59 51	26 52
54 51	41 52	46 44	29 51	5 47	27 47	12 51	65 42	15 58	57 46	45 55	58 47	43 50	77 47	73 59	1 48	34 46	67 46	4 52	76 49	20 50	47 56	10 61	61 44	63 46	32 49	19 53	75 49	70 42	38 52	26 56	49 49	74 48	64 48	69 50	33 49	24 50	42 45	52 45	14 42	30 51	7 47	2 52	68 43	72 50	6 37	59 60	11 51	44 52	66 47	31 51	3 51	9 51	40 50	51 49	55 50	78 47	56 59	35 54	62 54	60 65	71 52	36 51	8 48	23 42	22 58	37 56	25 54	18 48	17 47	50 54	13 47	21 47	0 47	48 51	53 48	28 50	39 52	16 50	79 49
24 39	70 40	74 52	16 48	44 46	51 46	19 44	7 55	65 45	23 46	1 45	77 56	72 51	79 42	9 58	5 43	73 50	30 53	21 38	46 52	66 49	8 47	58 50	57 47	11 46	25 45	71 49	14 57	54 56	42 51	40 46	28 47	0 46	45 54	27 54	2 50	10 51	20 54	48 54	26 50	6 55	35 49	13 52	31 56	15 49	47 53	49 49	56 49	38 40	18 48	78 63	52 61	53 46	36 53	59 53	39 41	41 47	43 46	37 41	22 51	50 48	17 43	75 53	4 50	63 48	3 50	60 56	64 40	61 55	67 44	62 41	33 48	32 43	29 48	34 49	55 52	68 44	69 52	12 49	76 52
41 62	59 39	39 50	49 54	53 51	77 57	26 50	51 53	32 39	48 54	22 52	17 41	31 48	19 53	52 52	15 42	64 52	37 48	34 55	24 58	69 49	57 56	23 58	43 50	72 52	4 48	20 49	74 54	44 44	2 51	35 52	67 50	62 38	79 52	47 52	73 49	7 49	65 50	33 47	25 54	1 47	28 50	8 45	10 54	42 47	12 43	3 47	75 40	70 54	55 51	13 56	30 49	6 48	56 50	46 46	45 54	40 52	5 52	21 42	0 57	9 53	68 51	29 48	27 46	36 49	76 46	58 48	61 52	66 50	78 52	16 57	63 54	11 51	38 55	14 42	54 49	71 44	60 51	18 47	50 46
29 52	40 55	9 53	32 53	5 49	4 48	37 49	23 49	78 60	14 41	65 52	58 40	7 46	20 52	47 48	21 49	68 49	34 54	67 49	59 49	22 59	25 52	76 47	18 56	13 52	63 45	56 49	69 54	10 46	64 52	75 45	62 50	19 48	46 44	73 51	26 57	44 49	51 58	49 54	6 46	30 49	60 56	57 49	28 58	1 44	41 46	43 50	39 40	66 47	45 53	42 38	11 55	70 42	53 52	15 51	38 48	0 47	3 53	33 52	48 48	36 53	72 53	31 56	35 50	74 56	8 56	16 59	2 47	61 55	54 53	27 58	12 46	50 56	24 50	52 60	55 58	71 44	79 55	17 41	77 50
4 57	53 44	30 52	14 43	43 51	22 46	38 45	56 51	61 47	63 50	8 42	45 45	54 46	18 53	60 53	25 57	35 56	26 52	41 53	77 53	17 44	74 51	37 47	32 46	73 51	52 46	65 45	69 44	75 54	57 42	79 45	67 48	59 50	13 45	23 48	62 49	31 44	5 46	2 46	48 49	51 59	66 53	1 50	12 48	70 43	20 41	55 42	9 54	49 40	16 45	44 48	6 56	33 50	42 45	71 43	21 54	64 49	28 50	29 46	11 54	47 51	40 50	15 53	34 50	3 48	76 50	39 53	46 43	7 56	78 50	10 50	58 50	24 49	0 41	50 49	27 43	72 45	36 48	19 52	68 51
36 46	34 51	77 51	60 55	73 55	0 60	4 41	69 46	23 48	31 43	28 49	57 47	43 45	51 56	70 53	46 47	76 42	55 50	62 50	7 41	35 50	75 46	54 52	17 56	6 49	11 53	71 43	18 49	38 47	42 51	20 44	8 47	27 44	63 50	19 45	64 48	10 50	29 54	59 45	25 49	21 48	79 42	72 53	65 55	12 48	15 54	61 53	74 43	24 54	45 44	22 50	39 44	1 58	3 47	44 51	67 44	9 61	40 49	32 50	33 49	56 52	47 52	78 48	50 53	13 53	66 49	58 51	14 48	26 58	49 54	48 50	30 40	5 44	2 43	52 45	53 51	41 51	37 59	68 48	16 54
22 51	46 54	17 50	10 45	4 45	20 48	48 40	58 55	28 48	26 45	57 50	13 54	21 47	27 54	78 56	55 57	73 45	79 52	76 50	69 55	50 55	75 46	72 58	3 46	0 49	19 49	11 51	67 61	9 47	41 52	61 41	77 46	32 45	38 46	7 45	14 43	51 59	59 46	62 54	34 47	6 51	65 51	30 49	37 53	33 45	35 51	49 40	68 43	64 53	2 48	70 44	44 54	56 47	12 53	43 58	53 51	45 47	1 53	47 53	63 51	15 51	29 48	52 54	40 40	25 43	39 64	66 52	18 51	16 57	54 57	8 49	42 48	5 51	24 46	31 48	23 47	74 56	36 56	71 57	60 58
63 51	38 52	22 48	44 50	64 57	79 47	41 43	54 51	75 52	27 49	77 48	78 44	58 45	76 39	66 47	23 58	74 53	18 50	50 39	24 49	34 44	68 53	62 56	47 44	43 45	6 48	52 48	32 53	33 48	67 52	53 47	40 47	61 45	60 50	39 51	37 43	65 54	2 47	31 53	16 50	56 55	3 47	57 54	25 53	28 53	15 52	21 52	36 52	71 52	20 55	45 48	42 49	55 51	30 55	12 46	10 42	35 50	26 57	1 51	0 59	59 52	49 40	17 43	14 50	13 46	51 54	8 51	70 44	72 50	5 44	11 44	29 44	4 49	9 56	19 63	46 55	7 47	73 59	69 48	48 56
52 51	47 51	67 52	25 48	63 51	68 48	79 61	22 38	6 46	19 53	8 52	20 53	23 47	59 49	45 53	2 49	15 52	9 48	44 61	55 52	57 44	64 50	16 46	46 56	61 47	51 60	66 53	53 47	30 56	71 54	33 53	75 53	36 51	76 50	65 51	38 49	12 48	10 46	43 45	72 51	17 54	39 50	13 54	42 43	50 47	3 48	35 42	1 53	62 49	54 52	37 57	26 56	49 54	78 52	69 42	5 42	31 52	73 60	74 52	7 53	41 51	56 47	34 43	29 46	48 40	77 53	24 58	58 55	0 48	14 60	32 46	4 46	28 47	27 47	70 53	40 53	11 53	18 48	21 51	60 54
57 53	15 51	30 50	66 57	42 54	26 50	33 40	73 49	47 58	19 53	16 52	68 46	6 39	65 50	12 47	49 43	14 47	75 50	9 51	48 56	54 47	55 47	77 57	37 43	45 51	70 45	8 56	51 51	63 46	59 56	23 54	5 52	7 52	4 53	44 49	40 49	11 47	60 47	21 51	24 44	50 45	52 43	69 46	56 55	43 49	31 56	34 54	32 49	17 52	61 40	78 47	10 53	2 50	18 46	0 54	35 45	58 43	22 48	36 57	79 42	46 53	28 48	25 44	76 43	64 54	20 50	1 48	62 46	67 45	39 51	72 44	27 48	71 45	38 49	74 52	53 52	3 46	13 48	41 53	29 52
17 48	49 45	1 53	33 53	10 49	39 55	43 49	56 53	40 45	58 43	48 48	41 52	75 54	18 51	30 46	47 53	20 56	73 52	69 53	60 49	24 52	11 49	2 48	77 48	3 48	23 36	62 48	29 54	63 59	12 51	7 56	50 63	26 50	34 55	9 48	72 50	67 48	57 45	19 52	16 51	71 47	35 48	61 50	45 41	68 55	74 43	59 51	22 47	78 44	28 53	0 63	13 48	44 60	37 56	42 41	8 48	70 47	25 52	76 54	4 45	27 52	51 48	55 50	54 59	64 50	36 53	5 56	53 53	31 61	32 43	14 53	66 56	65 49	79 48	38 53	46 56	21 58	15 44	52 49	6 41
34 42	42 53	36 50	23 53	5 39	38 51	63 52	13 46	72 53	9 53	77 46	27 50	75 56	54 40	46 47	41 45	73 50	39 50	7 50	30 58	66 47	18 43	45 47	74 48	55 47	6 50	58 50	28 55	15 60	69 53	71 52	25 55	4 47	65 48	29 52	70 54	0 54	52 47	44 47	62 48	8 47	26 53	56 50	32 50	59 41	37 52	60 38	53 51	35 43	51 49	47 50	10 44	16 47	57 54	68 51	24 54	78 47	79 53	31 44	1 56	11 44	76 47	17 44	64 48	19 58	14 38	61 45	48 49	12 58	2 57	49 46	67 56	50 56	21 51	3 57	20 42	33 50	43 53	40 48	22 51
45 63	24 45	61 49	37 49	69 49	52 49	9 57	42 53	14 54	68 39	3 51	19 44	30 39	35 42	64 57	38 48	1 55	11 53	10 47	21 42	7 43	77 58	33 54	57 53	29 66	53 48	74 48	2 60	46 53	78 44	48 53	75 54	36 41	31 53	43 48	49 53	40 47	25 49	54 49	16 48	41 46	58 46	65 57	63 47	70 46	32 48	67 46	34 49	22 56	4 55	44 44	50 50	13 52	60 48	27 48	0 55	39 48	20 58	71 55	47 57	18 43	73 54	59 51	8 54	51 46	12 52	62 54	72 51	23 49	56 55	26 50	6 44	28 52	15 51	55 46	79 49	66 48	5 50	76 36	17 50
62 47	75 52	19 53	31 48	24 52	60 47	0 49	18 49	30 47	15 47	2 53	11 41	46 57	12 55	38 44	48 51	26 44	51 49	39 49	55 54	5 56	35 52	47 51	76 57	54 50	34 51	8 49	10 49	50 52	33 45	64 55	3 51	78 53	29 52	56 40	14 48	71 51	20 54	77 54	17 43	37 56	13 53	41 52	32 46	72 52	16 46	25 51	73 53	67 54	22 56	9 51	49 43	44 49	53 54	59 36	28 47	58 57	61 62	43 52	6 46	40 58	74 52	65 50	42 52	68 50	45 49	7 51	4 52	66 54	27 49	1 48	23 47	70 48	69 47	57 44	36 52	52 47	63 57	21 58	79 51
11 44	24 53	28 49	45 43	22 45	23 47	73 49	57 56	36 48	29 51	69 50	17 41	0 42	34 45	46 49	26 50	66 39	51 45	25 48	50 53	64 52	39 52	47 51	70 55	8 51	58 48	71 55	2 50	48 45	38 43	30 45	7 41	43 49	18 51	74 42	65 46	56 48	31 43	79 35	40 58	27 54	6 54	78 51	15 52	41 52	42 46	12 52	55 49	33 51	44 52	72 49	21 50	67 47	37 58	19 54	62 46	54 56	10 49	13 50	63 55	14 48	60 39	76 53	61 61	3 47	1 41	77 51	20 51	52 45	68 54	9 52	5 55	16 48	53 52	35 50	49 52	4 51	59 44	75 54	32 54
5 47	4 48	11 49	17 56	50 54	30 50	67 37	29 56	13 45	74 45	52 53	70 55	68 52	27 49	78 49	7 46	65 51	77 51	55 55	0 54	22 51	33 56	40 47	8 50	79 44	61 52	3 51	38 50	75 56	60 55	15 41	69 53	54 54	64 47	73 46	16 47	49 54	37 46	6 45	39 58	34 55	20 52	48 41	18 50	66 57	31 46	58 54	26 51	36 50	47 46	19 51	46 50	51 55	28 41	71 51	42 52	21 56	72 56	23 47	9 44	62 51	24 46	14 51	32 46	41 49	45 51	12 60	35 52	1 38	25 54	56 53	2 53	53 48	57 51	59 48	76 53	44 51	10 48	43 45	63 51
59 54	63 57	25 50	30 60	12 59	6 52	57 43	61 57	4 51	19 48	35 53	55 50	9 61	24 45	56 51	10 46	66 45	5 41	71 48	70 43	76 44	65 47	46 60	22 54	74 55	32 49	52 40	8 41	39 44	0 38	26 47	41 53	42 46	33 47	11 54	21 51	73 45	28 47	79 45	36 50	34 51	14 49	58 57	20 49	75 55	37 50	51 59	40 52	64 45	72 44	27 60	69 50	50 55	48 45	53 53	78 53	3 55	44 41	49 50	18 44	62 46	47 51	1 51	13 46	29 53	60 55	67 50	68 37	15 46	43 48	54 53	31 48	17 51	38 51	45 46	77 44	16 56	7 50	23 44	2 52
60 46	48 42	43 53	72 45	33 45	45 48	2 52	56 60	6 52	7 50	5 54	35 44	37 56	12 49	16 47	71 56	51 44	79 49	22 51	41 46	15 51	46 45	47 47	49 44	59 38	4 54	76 52	36 43	42 48	3 56	77 51	55 52	64 56	18 49	74 53	10 52	57 56	25 48	31 48	26 44	58 56	14 48	20 50	70 44	0 52	34 50	78 54	27 50	52 56	1 51	66 45	40 49	13 53	61 53	67 48	9 46	29 45	73 52	30 54	50 49	23 58	69 50	28 51	17 48	63 57	53 48	65 55	11 52	19 44	54 57	75 57	68 50	39 47	8 48	24 45	21 56	38 40	32 43	62 59	44 56
15 46	40 49	2 48	39 51	31 46	54 54	74 46	22 47	44 51	47 70	35 50	25 53	55 55	9 56	30 44	68 51	7 47	75 59	11 48	13 54	19 45	1 44	4 50	69 49	62 51	26 54	17 45	77 57	78 49	33 54	5 54	51 55	6 48	48 48	49 51	28 47	61 49	64 43	36 52	29 51	24 44	46 57	71 46	63 56	57 50	20 53	65 45	73 46	59 52	21 55	8 45	3 46	12 52	0 48	50 47	10 49	37 53	14 51	52 49	41 42	18 45	66 55	58 48	16 47	23 51	38 45	72 45	34 53	67 51	27 46	60 56	76 54	43 54	42 46	53 50	32 56	79 51	45 46	70 43	56 47
3 50	76 54	9 56	28 60	47 53	18 46	55 47	22 57	73 52	20 50	52 51	23 48	5 45	30 46	38 38	57 55	36 45	4 50	15 39	21 47	65 53	58 50	50 51	74 52	53 52	40 49	2 49	33 54	44 51	7 55	1 52	51 44	29 50	37 41	75 53	35 50	19 50	71 41	12 48	26 43	64 53	69 46	10 54	60 48	27 42	0 57	32 54	24 51	77 55	34 49	41 50	39 52	72 49	17 47	59 47	61 49	45 41	78 42	49 46	6 44	25 54	16 53	54 47	63 51	67 42	66 50	42 48	56 53	31 36	79 48	11 53	14 45	13 51	70 45	48 50	43 51	8 56	68 44	62 52	46 50
0 45	57 45	30 51	38 37	71 46	39 41	50 47	34 51	43 51	60 49	53 46	62 49	56 42	64 46	79 51	17 49	49 52	20 54	32 45	31 46	67 51	12 54	52 48	6 53	11 48	61 50	70 50	47 52	8 44	35 51	14 52	40 56	4 50	69 49	55 48	29 45	1 57	59 49	54 47	10 52	66 49	73 45	33 53	26 49	5 53	45 50	48 45	36 45	58 51	3 55	63 54	72 50	44 48	75 60	65 48	42 51	37 45	22 44	41 49	28 54	46 53	19 45	2 48	13 51	78 51	21 51	51 42	9 54	74 46	68 53	76 51	16 57	25 52	27 56	7 50	24 48	18 47	23 58	15 54	77 60
75 49	23 52	18 53	65 55	0 61	14 50	21 64	79 56	35 51	1 54	7 48	76 52	44 49	67 56	47 50	16 48	12 53	45 50	22 47	39 48	15 61	54 52	55 53	41 55	13 52	71 47	4 53	64 45	70 52	31 48	40 40	42 47	58 45	43 50	77 51	27 56	17 57	78 51	30 47	53 45	20 41	49 57	36 50	59 47	73 47	10 53	69 45	29 50	19 40	5 39	62 52	72 52	26 49	24 46	37 48	8 58	2 47	48 49	74 46	32 43	38 47	63 47	51 43	50 48	57 43	52 56	56 49	9 58	11 47	60 49	34 51	68 55	46 52	61 47	6 47	25 42	66 61	28 50	33 49	3 50
30 49	51 60	75 60	40 44	23 46	3 42	16 43	58 48	60 49	54 51	64 51	17 46	52 56	79 52	78 45	70 47	25 55	42 54	69 59	37 51	1 51	38 52	34 42	27 54	62 49	67 44	50 55	57 47	65 47	28 57	45 53	39 44	61 51	9 48	33 44	48 48	72 52	10 55	63 47	53 50	20 50	11 48	4 46	59 54	0 54	26 41	2 50	49 55	31 56	14 49	71 54	68 39	5 49	29 45	73 45	7 52	44 47	24 47	6 49	66 49	56 48	55 56	18 51	77 59	74 51	13 49	41 56	22 51	32 47	35 51	19 50	43 50	21 60	36 49	46 48	76 39	8 46	12 55	47 52	15 50
65 45	79 55	1 53	21 52	63 47	22 47	74 41	76 55	35 48	8 54	10 48	51 39	33 45	68 58	73 61	59 50	78 49	23 41	20 55	0 51	2 50	57 55	24 42	36 58	54 48	28 55	77 49	72 48	18 47	13 48	61 40	62 62	40 55	25 50	26 57	7 50	75 46	50 52	15 50	42 53	16 52	32 58	12 49	66 50	64 51	56 55	58 55	46 46	41 48	69 59	67 55	49 44	30 42	48 48	52 56	60 53	34 38	37 47	45 49	47 50	4 50	39 52	44 51	19 53	43 51	38 52	9 49	11 55	71 50	14 51	55 49	53 49	3 49	27 46	17 56	70 60	6 49	31 58	5 48	29 54
48 55	37 49	58 62	65 51	64 51	75 44	77 52	73 46	16 46	54 49	52 42	47 54	74 48	32 53	55 47	18 56	19 54	57 47	22 53	49 46	68 49	3 55	23 49	30 51	66 46	20 45	79 47	42 56	43 45	24 48	34 51	70 52	9 49	50 49	38 48	11 54	56 41	27 44	45 49	4 52	46 48	35 53	44 59	62 61	67 49	76 44	40 63	78 45	51 55	0 50	12 46	5 53	41 54	14 50	17 45	59 47	29 48	36 51	7 54	31 48	25 53	21 52	10 57	33 54	71 56	28 62	2 53	53 51	39 45	8 59	13 39	60 55	69 40	61 63	63 45	72 51	6 47	15 55	26 50	1 52
58 50	65 51	64 41	68 50	8 42	36 45	33 51	5 64	37 51	47 60	45 53	41 47	63 51	59 42	20 48	18 50	21 53	72 50	15 50	12 48	52 40	54 46	70 60	76 46	67 54	34 52	4 56	22 49	0 42	56 44	17 51	73 48	26 45	27 45	1 51	24 48	79 56	11 63	23 53	69 42	78 43	6 47	13 45	49 45	42 57	74 46	16 51	30 54	39 52	66 47	71 41	32 48	2 51	9 58	51 56	61 45	55 53	53 42	10 62	31 43	46 50	62 46	44 59	57 52	77 53	3 52	60 57	48 58	50 58	40 65	38 50	14 44	35 54	28 52	43 55	19 44	25 51	7 49	75 48	29 58
74 53	3 46	11 48	25 54	2 45	8 50	67 47	35 47	53 47	72 50	79 54	70 58	44 51	42 46	61 51	62 50	16 45	19 58	26 52	59 56	51 46	64 54	77 57	20 54	32 44	34 48	31 55	29 49	33 55	50 57	21 52	0 41	38 47	7 53	71 46	4 50	13 47	1 54	47 39	57 46	9 51	43 47	12 49	40 58	58 44	10 45	24 40	17 47	14 46	75 46	66 63	48 51	65 48	78 47	28 46	18 50	45 50	22 53	54 53	63 53	68 48	39 42	5 54	52 51	30 54	49 47	6 56	15 41	56 53	69 45	55 51	37 52	76 42	60 52	46 47	73 45	36 54	23 46	27 48	41 50
73 49	17 60	54 53	4 46	3 51	61 48	33 45	5 45	46 50	36 55	18 39	72 54	43 52	13 52	77 53	56 55	60 51	14 42	7 54	2 58	59 49	29 46	37 47	24 55	53 45	47 54	11 47	31 44	38 51	9 45	10 58	65 48	55 45	58 58	42 44	16 49	27 43	34 52	6 48	67 51	12 48	64 55	74 55	8 47	44 48	63 57	75 44	20 48	49 51	22 52	52 38	19 54	28 56	70 50	26 47	50 62	68 60	35 52	62 49	57 48	32 55	39 43	78 53	45 57	21 50	25 51	48 57	76 58	1 38	66 49	41 56	30 54	15 42	51 47	23 54	71 47	0 56	40 50	79 44	69 56
51 49	59 42	0 45	66 53	26 57	64 48	17 53	14 53	39 59	46 54	57 47	28 47	21 55	11 48	37 49	52 52	18 56	10 46	15 50	16 56	42 50	3 49	47 46	41 46	61 49	73 44	53 46	2 48	60 50	7 54	45 55	50 43	78 47	76 57	32 55	19 44	75 53	62 53	1 56	33 50	43 47	74 58	9 64	6 48	48 45	30 49	72 53	40 57	36 50	24 41	77 42	38 58	29 55	5 59	8 41	63 47	13 49	69 49	25 54	71 55	22 56	49 56	79 41	20 49	44 55	34 53	68 58	54 53	27 53	31 45	35 42	12 56	55 54	58 54	56 47	67 52	70 48	65 46	23 49	4 47
68 51	16 49	38 45	0 44	20 50	60 39	73 53	49 52	1 50	46 44	53 56	61 51	63 51	7 53	78 58	37 50	55 45	25 43	56 48	36 44	24 54	5 56	44 53	57 54	33 49	69 45	65 53	17 43	10 56	31 52	23 47	75 51	27 40	14 51	3 44	34 57	4 46	28 50	72 48	64 42	26 47	58 49	79 53	50 51	35 42	52 53	18 46	32 53	29 56	62 57	12 53	6 50	11 48	9 48	70 42	2 53	66 58	8 41	13 47	42 49	48 53	67 52	40 49	21 57	47 43	77 46	59 60	71 47	51 48	30 54	22 50	45 50	19 53	41 48	43 47	74 48	76 48	39 46	15 49	54 51
75 41	3 52	47 63	78 46	45 54	35 57	22 47	33 50	76 44	61 57	2 54	66 49	60 39	62 53	53 41	0 57	79 50	26 55	43 53	44 48	27 57	29 51	4 34	10 40	12 47	34 50	40 50	59 55	71 43	65 53	16 45	21 42	36 55	14 49	73 48	48 50	69 46	23 57	74 45	54 52	56 53	7 49	8 50	67 43	72 52	18 45	46 49	42 47	49 43	28 48	9 51	38 52	15 56	24 47	55 57	64 49	13 50	37 53	17 40	58 63	30 61	1 48	32 47	31 58	39 63	52 52	5 51	19 49	70 65	50 43	6 52	51 59	41 47	25 52	20 56	57 48	63 44	11 46	77 48	68 54
10 52	6 43	27 57	26 49	71 53	76 46	38 46	34 51	25 57	68 41	15 55	57 49	72 52	59 39	41 46	4 57	79 50	20 49	9 51	3 45	7 47	45 49	46 43	2 51	36 59	14 52	13 47	5 52	74 50	63 42	24 44	64 58	11 50	0 51	42 50	78 51	77 43	8 59	48 46	69 42	65 50	43 61	12 52	70 58	33 54	52 37	58 49	22 52	56 61	75 49	60 53	35 49	16 50	28 45	54 54	29 46	44 54	1 51	66 42	50 52	32 58	21 52	23 51	73 56	49 50	39 52	47 43	62 43	30 52	19 45	53 45	18 44	17 53	67 49	51 43	37 46	55 49	40 54	31 48	61 46
71 52	9 52	63 55	37 45	22 48	5 47	44 47	40 51	76 54	45 43	16 51	18 57	41 51	8 45	54 40	30 53	55 51	26 46	50 51	79 52	29 58	43 56	11 59	56 49	23 46	59 50	38 51	17 47	51 40	42 53	58 52	53 56	47 51	33 61	13 50	15 46	20 55	62 50	46 47	21 46	72 52	57 45	0 45	1 50	6 53	69 43	49 47	70 48	39 51	60 50	66 41	31 51	77 52	73 41	68 43	4 43	27 53	67 45	25 53	34 44	74 43	61 49	64 49	28 45	24 44	3 53	2 52	78 43	32 57	48 42	19 63	12 50	14 52	65 43	52 46	10 56	36 50	7 49	75 39	35 48
7 51	52 53	9 49	20 51	12 51	59 50	11 49	25 50	50 47	49 52	14 53	56 52	72 47	75 52	28 51	41 50	45 42	46 51	53 56	23 41	74 51	65 42	37 41	32 54	68 57	60 52	31 47	79 52	18 47	15 51	63 52	64 50	70 42	8 48	51 47	39 54	62 49	4 43	29 44	24 56	34 53	3 56	78 50	76 43	58 57	73 48	1 60	16 50	69 48	10 54	54 50	27 40	6 50	40 59	19 42	67 50	42 45	5 51	13 47	2 58	55 44	0 46	36 40	21 41	66 42	47 51	38 56	17 47	43 51	26 54	48 50	35 51	61 50	33 42	44 39	57 52	22 56	71 55	77 52	30 50
70 44	43 47	71 45	34 60	46 36	35 47	13 47	25 51	60 51	41 51	12 52	78 46	39 56	10 45	75 44	36 50	15 51	26 59	14 56	8 46	6 52	69 53	76 43	65 49	58 56	63 49	19 41	29 59	73 45	31 58	2 57	9 58	4 50	0 51	56 43	22 50	77 50	67 50	54 51	44 49	33 58	30 48	79 47	17 47	61 44	64 53	40 49	1 42	20 42	68 56	24 53	50 54	23 46	27 44	21 53	49 49	74 48	48 46	51 53	42 55	57 46	59 39	53 47	11 52	5 50	72 51	3 44	62 50	47 48	28 50	7 44	45 48	52 46	37 47	32 51	38 44	16 47	66 46	55 47	18 48
51 54	20 56	18 56	2 56	40 45	6 46	9 54	74 50	10 58	37 47	67 42	71 47	30 58	50 49	36 57	23 49	25 57	45 51	48 42	19 49	63 55	59 55	15 50	5 66	31 51	46 41	41 50	24 53	62 53	14 47	47 46	54 50	17 45	22 45	3 50	70 48	73 55	64 50	55 48	76 50	49 50	68 51	26 49	69 43	56 45	53 50	66 45	60 48	58 52	27 52	43 53	57 42	8 56	4 51	21 53	11 51	29 54	0 61	78 55	61 50	75 58	38 57	35 52	77 51	1 48	72 44	39 53	33 50	28 58	79 60	32 44	34 46	44 49	7 60	16 49	52 44	42 53	13 52	12 61	65 53
37 52	70 51	66 48	30 51	16 54	48 43	71 39	65 53	49 55	24 51	68 53	14 44	26 37	11 51	7 56	10 44	55 44	17 51	1 55	75 51	21 55	69 49	28 54	67 46	77 55	46 36	33 58	40 57	62 47	20 50	50 48	78 51	54 49	15 39	18 55	29 53	39 44	72 57	9 42	56 51	51 51	27 36	13 56	35 46	8 43	5 57	43 44	6 37	76 53	22 46	42 50	3 46	53 53	79 52	12 58	23 44	47 51	2 44	19 52	61 50	31 52	59 43	64 55	34 39	36 54	4 55	57 51	38 54	63 43	73 56	0 49	25 40	58 49	45 48	44 50	60 51	41 51	74 55	52 48	32 45
21 58	40 49	18 45	78 46	46 54	2 57	5 50	1 57	3 55	30 50	33 41	13 54	41 47	8 51	57 58	67 51	28 52	64 57	63 54	50 48	43 55	26 50	48 56	75 52	77 53	53 52	70 46	6 46	12 61	66 49	16 57	34 47	65 49	69 49	25 49	52 43	31 50	4 50	62 43	19 51	60 50	45 50	39 50	23 47	68 53	10 54	56 41	29 55	20 52	72 53	7 55	59 47	36 51	51 48	47 43	49 52	74 50	15 46	32 49	27 49	11 56	54 46	37 54	61 48	35 49	76 46	0 50	17 51	42 56	58 57	24 52	38 42	55 46	44 47	73 49	79 56	14 56	71 46	9 47	22 54
45 52	4 46	1 53	68 56	66 45	56 54	31 49	36 45	67 46	14 56	11 48	58 47	54 58	60 51	6 48	27 48	23 52	50 45	51 37	0 49	3 52	49 52	21 53	74 55	41 57	12 47	65 53	47 47	29 50	43 50	77 49	33 49	9 53	5 57	17 49	20 44	35 47	10 51	13 57	25 34	78 46	2 46	69 46	52 58	32 44	15 45	22 55	53 44	61 43	18 44	7 48	76 50	37 47	30 47	55 47	46 52	24 47	59 51	42 41	26 49	75 45	40 59	62 39	28 50	34 40	16 50	70 46	44 46	73 57	19 46	79 48	8 52	72 48	38 48	64 42	57 65	39 45	71 46	48 52	63 42
18 50	7 48	43 53	75 59	30 46	77 51	34 57	35 52	47 46	71 55	58 48	15 46	61 44	9 42	52 62	49 54	45 52	23 51	62 59	6 51	51 48	55 56	50 56	4 53	42 46	0 52	56 47	59 43	11 47	78 49	60 52	20 46	19 50	37 46	12 51	68 48	31 44	29 49	10 60	36 48	70 37	69 54	65 56	3 41	22 39	21 56	46 58	54 54	33 45	28 50	13 47	79 48	27 52	66 43	24 43	48 42	38 43	8 61	72 51	2 61	14 57	73 49	44 44	39 51	5 47	76 47	53 58	57 56	1 46	17 55	16 55	74 45	63 48	25 48	26 52	32 52	40 52	41 48	64 53	67 54
64 52	0 50	55 46	30 49	34 55	33 48	49 48	3 53	74 48	56 54	22 44	37 57	53 50	8 52	77 50	31 44	6 51	59 48	16 47	67 50	73 44	36 49	29 57	60 54	79 55	1 48	35 52	61 45	71 54	38 51	20 54	78 55	17 50	24 54	18 46	41 51	7 51	28 50	43 44	13 52	48 60	45 52	69 51	72 51	76 49	63 49	5 56	62 49	40 55	12 48	50 40	32 50	66 47	58 55	44 40	57 48	65 49	46 51	68 56	70 56	39 52	15 51	2 48	54 42	52 56	75 55	26 43	11 54	23 50	47 46	42 50	19 38	9 48	21 54	10 50	27 50	25 42	51 46	4 51	14 46
46 51	25 52	53 50	37 44	33 47	50 51	5 57	51 51	72 53	14 48	38 39	44 58	71 46	30 47	66 42	39 47	23 54	43 53	45 49	15 47	31 40	27 51	67 41	55 57	34 47	49 52	3 43	4 68	63 58	79 56	13 53	47 54	18 53	36 47	35 58	77 46	19 58	58 56	69 46	73 61	8 51	40 53	20 54	17 54	7 47	61 53	29 53	21 50	76 44	6 49	65 51	1 47	16 48	9 44	48 50	12 47	56 57	75 44	42 48	26 49	2 41	64 51	62 53	60 53	74 43	68 55	41 51	10 52	78 43	59 57	22 53	57 39	28 55	24 53	54 48	32 49	52 56	0 50	70 48	11 47
67 53	21 49	40 53	76 42	38 48	47 54	75 48	20 46	53 50	42 46	49 44	72 52	27 56	2 47	78 47	71 60	54 53	9 52	4 52	77 47	0 53	18 48	14 47	28 61	39 42	1 54	37 52	11 46	59 47	66 47	68 54	36 51	45 57	63 47	41 51	10 53	55 54	23 55	6 51	16 49	3 49	31 52	61 56	56 42	15 40	30 58	24 55	44 52	43 42	33 47	60 56	46 48	5 52	34 58	22 56	51 43	7 44	70 52	12 55	52 56	17 48	13 58	65 46	8 50	48 50	32 50	58 51	79 44	64 56	35 53	74 43	62 47	69 52	50 46	25 43	73 51	57 48	19 39	26 47	29 52
45 47	72 50	63 46	64 51	2 63	68 53	4 50	33 54	53 58	11 53	49 53	62 62	14 45	57 46	56 48	10 49	36 51	17 55	75 53	76 57	28 50	34 53	19 38	71 59	54 57	8 44	38 46	15 54	30 52	77 46	18 43	60 54	26 49	12 47	43 42	66 56	7 54	73 51	40 53	31 51	20 48	46 47	70 57	16 48	25 57	67 51	41 50	37 41	44 49	39 47	55 51	59 45	9 53	23 56	3 57	51 49	0 45	48 59	78 47	74 50	50 51	27 50	69 57	65 48	21 57	58 55	42 48	47 55	5 47	22 43	24 52	1 42	52 56	13 53	29 50	79 53	35 44	6 57	61 55	32 51
54 56	24 52	45 44	42 47	66 50	20 57	33 53	27 50	64 56	73 54	77 47	38 48	43 47	53 53	19 51	3 53	1 50	50 45	60 54	56 53	31 50	29 42	5 50	41 47	30 43	62 51	17 44	65 40	58 49	10 54	69 49	14 53	70 47	13 56	25 44	76 50	7 53	4 44	22 53	8 50	26 52	11 45	67 58	28 47	37 46	63 48	36 47	23 53	6 48	39 46	18 56	9 53	12 47	71 54	32 49	0 55	52 47	40 52	75 38	55 50	79 47	51 52	35 59	48 50	59 48	2 55	34 52	46 50	44 56	21 55	49 46	61 53	47 47	78 50	15 50	57 44	72 69	74 53	68 56	16 54
65 47	35 49	56 52	69 42	76 53	51 52	33 55	2 44	52 48	4 42	43 54	55 51	63 55	20 50	40 50	41 51	49 49	25 51	22 48	54 41	53 49	72 49	46 57	42 49	48 42	5 45	66 53	27 44	17 52	6 47	24 59	28 52	34 57	60 50	12 56	14 55	21 57	3 55	18 49	0 49	1 54	7 40	77 56	45 51	23 48	58 48	38 61	11 54	67 55	29 55	57 45	78 53	26 54	62 52	19 40	74 55	70 51	8 49	64 41	68 48	16 43	73 55	15 36	39 44	10 48	9 42	36 51	30 55	61 51	32 46	37 53	50 51	75 48	13 51	47 47	59 48	44 46	79 50	31 52	71 46
11 46	40 43	13 55	57 45	17 50	66 43	20 44	38 48	62 50	72 52	1 50	53 52	26 57	24 52	25 46	42 44	32 52	56 55	51 50	12 51	70 50	27 53	44 46	10 46	60 47	46 54	33 55	35 43	19 47	55 55	4 46	15 59	48 46	43 49	61 47	74 56	68 44	69 51	54 58	22 43	64 51	71 55	36 49	58 53	18 41	49 54	3 48	5 50	39 49	65 46	16 38	37 53	79 51	67 50	41 49	47 48	76 54	50 51	21 44	30 58	75 58	7 52	34 53	63 44	14 43	29 55	45 42	8 51	9 50	59 43	73 54	77 52	78 50	0 57	6 40	28 53	52 40	31 46	2 48	23 48
42 60	74 46	7 51	8 53	20 45	19 43	41 47	76 53	5 55	52 45	75 57	64 44	15 44	53 42	16 56	45 56	17 57	78 48	6 34	57 38	47 49	32 55	50 45	25 46	27 56	14 53	23 57	51 46	26 57	33 53	65 38	77 51	35 46	66 51	0 62	71 44	13 59	44 61	37 55	18 48	54 54	58 54	9 49	46 46	10 59	48 47	73 49	22 58	70 53	24 50	1 46	69 49	36 45	40 51	79 49	55 60	39 45	3 52	29 49	31 49	21 46	30 57	61 56	67 45	38 51	12 59	63 54	59 44	60 47	2 47	28 54	34 58	72 43	4 59	11 50	56 54	43 53	49 44	62 47	68 47
54 47	13 54	21 49	27 47	56 56	33 49	77 41	48 47	1 50	43 43	53 42	25 45	14 56	39 54	57 43	50 55	72 57	41 47	37 47	46 46	28 38	42 50	11 52	71 44	44 46	36 43	5 49	16 50	63 53	30 44	59 61	51 51	52 53	55 56	69 53	32 53	45 48	79 54	78 44	19 41	75 50	23 47	62 42	73 51	38 56	22 50	40 51	0 47	26 50	67 53	4 41	65 48	60 44	35 47	31 50	24 49	17 56	8 46	18 50	34 56	74 47	2 45	61 49	58 58	6 50	68 57	20 48	76 55	64 44	49 50	7 50	12 62	66 45	3 48	10 52	70 51	47 53	29 54	15 48	9 53
15 46	20 43	59 53	6 48	12 48	10 55	22 47	41 45	16 49	0 47	68 58	27 50	38 52	34 55	35 49	53 58	17 60	56 44	31 58	19 45	30 53	47 56	18 51	46 52	67 47	44 48	77 54	54 56	70 48	48 48	29 44	33 47	1 50	32 43	14 56	23 46	55 54	40 50	42 56	25 54	60 59	78 50	26 53	8 58	76 47	13 49	79 52	74 54	7 41	39 50	3 51	66 63	43 58	21 49	5 53	73 48	51 45	65 48	49 54	62 53	57 47	58 51	2 47	28 55	45 53	71 56	50 48	36 48	72 53	63 55	52 54	75 42	69 56	9 49	37 49	64 51	4 48	61 51	11 52	24 50
56 48	12 49	45 56	24 47	69 44	78 52	34 57	67 38	23 44	72 50	22 53	10 50	18 50	55 48	36 52	64 51	51 43	30 55	28 47	35 52	62 41	21 44	57 53	26 56	17 48	52 54	15 53	29 54	75 56	25 49	63 52	68 45	14 57	11 53	42 51	4 44	71 60	32 61	47 51	53 50	13 50	54 51	61 47	9 54	65 49	38 51	58 52	40 53	1 45	37 47	79 50	3 56	43 44	6 54	20 42	2 47	49 52	76 53	50 46	7 49	70 43	48 48	77 53	0 55	5 52	74 53	60 40	31 53	19 53	8 50	33 49	73 52	39 54	44 52	41 51	66 57	27 47	16 46	59 53	46 53
52 44	59 52	61 47	24 47	18 38	45 44	29 57	64 44	69 56	20 53	74 49	21 61	36 52	6 46	23 60	68 48	4 56	78 52	48 57	8 53	55 57	33 58	31 47	62 49	79 44	58 50	2 60	76 50	71 43	41 49	27 55	66 60	5 45	1 50	28 53	53 52	3 53	46 43	19 47	10 47	54 46	37 49	32 48	57 55	63 49	44 50	7 47	35 48	67 46	17 55	65 48	11 50	47 51	38 48	22 52	73 53	14 47	13 50	75 60	70 53	51 54	30 51	12 50	50 47	43 49	15 48	77 41	0 54	16 46	56 56	26 57	72 46	42 43	39 53	60 45	9 51	40 55	25 51	49 51	34 56
13 49	5 49	55 59	35 44	60 48	47 51	51 52	3 55	78 54	41 49	26 45	71 43	22 51	72 55	14 47	36 55	31 54	46 51	0 59	57 47	21 49	20 55	25 51	61 56	38 52	37 52	68 46	18 57	75 48	44 57	32 43	73 45	79 55	66 46	15 52	52 46	30 54	28 50	39 52	23 52	42 52	54 59	70 50	48 53	9 49	69 54	7 50	33 52	45 47	43 43	62 35	12 57	50 49	34 46	63 49	19 52	27 53	17 50	58 52	64 60	6 58	40 54	29 46	74 47	11 41	1 55	49 61	24 53	59 46	16 51	2 50	67 53	56 61	8 55	10 49	65 52	77 53	4 47	76 54	53 51
58 54	18 52	65 43	8 47	63 51	12 52	66 53	78 46	1 50	45 46	6 55	25 49	28 50	37 59	70 44	16 48	68 54	59 49	47 38	55 48	14 46	52 49	11 42	76 53	10 47	60 52	29 47	71 54	26 47	20 48	5 54	77 51	35 47	43 46	7 46	23 57	17 49	79 57	38 53	62 53	15 50	31 54	53 47	44 57	54 52	74 50	57 43	51 53	22 57	0 60	19 53	9 51	41 43	2 58	24 55	49 57	73 49	32 55	69 49	3 58	34 57	50 56	67 49	46 52	39 48	42 48	33 49	64 50	27 54	4 61	13 52	40 54	36 53	48 41	75 44	61 54	21 53	30 58	56 54	72 44
42 48	53 54	50 48	56 51	75 50	63 49	33 47	15 51	14 48	22 48	72 50	45 51	19 52	54 47	43 59	65 48	51 49	35 56	18 54	21 59	47 41	24 45	41 50	38 42	58 46	74 53	68 44	67 38	0 57	13 44	60 50	26 53	73 53	17 59	44 45	69 49	30 60	62 43	77 53	10 51	27 47	76 46	7 52	6 57	20 52	40 42	2 48	12 54	28 52	37 48	1 59	79 51	55 56	4 58	46 39	3 47	57 45	71 58	78 50	16 45	52 47	64 52	36 44	31 50	23 48	59 43	11 50	25 53	39 57	9 54	61 53	34 42	49 50	5 50	8 49	32 58	70 51	66 53	29 51	48 42
70 51	72 59	5 41	20 53	30 49	54 49	66 56	68 54	53 57	76 54	22 44	61 51	57 52	64 43	0 50	34 56	27 55	26 48	40 56	33 45	77 39	2 53	59 60	24 59	71 48	74 48	43 50	37 48	55 46	75 45	44 55	38 50	58 48	3 50	4 55	35 46	32 51	11 48	69 50	29 48	62 53	36 53	17 49	65 51	63 53	42 54	21 62	18 52	41 47	14 47	12 47	56 63	25 43	6 49	78 54	73 51	19 46	1 50	50 47	15 48	79 40	60 39	67 52	31 54	10 50	8 46	13 51	46 51	39 52	45 58	52 40	16 55	23 48	7 46	51 56	47 53	9 46	28 52	49 50	48 51
79 48	42 48	78 50	41 43	61 49	20 59	16 41	57 49	0 51	31 44	55 56	74 50	51 49	28 50	17 50	25 53	7 45	65 57	9 57	2 53	19 45	5 63	63 42	49 49	45 53	60 57	75 45	6 58	71 44	32 47	39 38	13 46	62 48	10 57	54 53	36 38	12 46	47 52	24 61	40 49	64 51	46 45	44 46	21 51	8 54	67 51	11 48	33 52	56 49	1 42	14 46	70 52	3 50	43 42	59 59	26 57	68 49	73 44	23 51	66 49	58 43	50 53	27 47	37 50	77 58	22 49	52 47	38 54	15 52	4 51	76 50	34 44	30 48	69 49	48 41	72 51	29 47	35 54	18 56	53 48
24 48	39 50	2 51	48 49	54 44	67 52	44 48	72 46	1 45	27 47	55 51	56 47	21 54	4 50	34 55	5 52	16 59	36 57	32 50	51 52	0 48	6 53	47 51	7 50	42 54	79 54	52 47	29 46	65 50	75 47	46 52	15 54	57 59	38 43	8 49	76 45	61 57	23 44	77 59	10 58	41 48	73 53	40 48	45 52	70 52	43 46	60 56	71 53	74 59	17 43	64 54	31 41	18 52	14 55	69 57	49 44	13 53	12 48	50 53	33 43	68 55	66 50	53 56	20 47	26 45	19 48	62 44	11 50	25 47	30 49	3 50	28 45	9 55	58 51	37 54	59 48	78 51	63 46	22 41	35 55
27 51	17 58	49 50	44 52	22 55	37 41	39 51	55 51	6 54	72 59	19 55	62 47	5 49	65 57	20 49	46 49	54 54	33 51	70 52	8 41	15 56	42 46	51 56	68 54	43 50	67 49	60 55	63 46	25 54	36 44	35 43	16 45	28 51	57 45	76 46	75 50	29 58	40 42	32 44	74 52	45 51	30 47	53 48	13 54	38 43	31 45	61 51	34 43	11 47	7 50	56 55	79 44	77 54	3 41	41 44	64 49	21 51	48 39	73 49	52 53	69 44	47 49	26 51	24 49	14 56	2 47	23 44	50 55	71 50	4 48	0 52	1 49	66 64	12 50	10 49	18 51	58 51	9 60	59 54	78 62
5 44	76 48	66 49	52 46	65 52	68 42	24 42	3 49	7 47	51 56	27 42	40 51	29 60	35 51	53 49	37 50	0 44	10 51	78 59	42 44	32 42	69 50	63 59	59 57	25 55	22 51	39 50	6 41	49 58	34 48	79 49	15 55	71 53	43 45	36 44	31 49	9 41	62 52	61 49	74 45	8 51	11 45	67 42	33 48	38 49	20 45	46 40	55 45	26 48	12 43	19 58	30 56	57 50	56 56	64 50	45 41	54 42	21 43	28 47	77 47	4 51	17 52	70 45	60 40	14 47	16 59	72 45	44 49	50 54	47 40	48 49	13 50	23 55	41 60	2 51	73 51	75 49	1 52	58 41	18 50
63 55	9 56	64 47	8 54	66 50	19 53	5 56	75 43	38 49	12 49	32 42	78 52	51 54	0 51	47 54	46 50	15 46	7 49	4 47	11 51	3 58	17 49	28 56	20 48	45 53	54 48	14 48	74 53	55 47	70 50	50 63	6 48	27 44	76 55	65 51	72 46	29 46	73 54	22 51	31 56	16 42	44 54	77 55	41 49	23 51	69 49	53 59	58 52	52 55	13 55	62 55	57 50	60 53	71 53	25 54	26 50	39 45	56 53	40 48	59 51	61 51	18 41	36 52	33 53	35 43	34 49	24 36	67 56	1 48	79 47	37 49	43 42	2 48	48 54	42 60	49 47	30 44	10 45	68 49	21 56
13 51	49 53	37 57	25 56	75 54	71 51	56 55	7 51	78 51	3 48	60 39	0 54	47 52	14 50	21 55	15 47	63 44	42 46	57 46	28 48	70 48	69 57	40 48	62 51	11 44	4 54	9 53	53 50	8 56	17 49	2 53	52 51	76 59	73 52	31 52	46 57	5 42	41 56	65 39	44 45	24 42	48 53	39 43	16 43	10 48	30 48	61 42	74 42	64 54	22 56	67 55	18 43	79 48	55 47	34 44	77 51	59 47	45 50	35 50	27 61	66 47	32 43	68 52	20 42	1 53	19 51	26 50	12 52	23 53	43 47	58 55	36 59	54 55	72 53	51 51	38 45	33 46	29 51	6 61	50 47
41 51	68 51	52 51	50 46	58 54	54 49	9 55	75 50	43 46	23 56	12 55	15 41	49 52	62 49	5 56	29 47	16 57	72 47	57 49	47 48	74 53	2 53	13 54	32 54	26 57	35 55	14 54	77 47	71 56	36 51	40 49	17 55	30 48	61 54	64 48	69 47	51 47	45 47	79 49	1 49	33 50	63 47	22 40	7 51	70 44	18 43	25 55	28 55	3 55	0 56	65 58	55 49	67 52	21 53	73 46	76 47	48 52	39 45	66 57	20 51	8 38	10 45	37 56	59 44	56 52	44 59	34 52	38 43	31 53	78 44	19 53	11 51	60 47	53 45	27 51	42 43	24 47	6 44	46 52	4 49
14 57	4 46	50 52	40 48	57 50	28 48	44 51	36 50	75 52	5 55	55 48	34 52	68 53	12 51	45 50	64 45	27 45	53 50	43 50	31 49	19 50	76 47	77 45	42 47	70 57	73 61	63 58	41 46	24 53	13 50	62 57	65 47	3 47	7 49	1 53	69 53	23 50	18 60	8 55	22 45	9 52	52 45	15 49	2 41	78 48	60 58	38 43	61 49	10 45	17 41	37 50	29 42	51 53	25 47	39 41	49 65	54 52	35 49	26 49	56 52	67 52	59 44	72 36	20 46	11 51	58 46	33 48	21 39	79 51	0 47	66 52	16 48	74 47	71 48	30 45	46 39	48 57	6 52	47 45	32 46
79 53	75 48	16 45	71 51	15 42	51 48	25 45	0 43	26 46	17 53	33 37	44 49	50 40	31 49	73 54	21 59	55 54	28 54	70 54	66 46	13 44	43 53	61 48	29 56	1 51	65 56	12 49	62 46	74 48	9 59	40 48	35 52	53 49	41 45	48 55	72 55	57 52	32 49	46 51	27 50	11 52	37 53	52 59	60 53	22 52	24 48	7 42	68 50	23 53	36 52	20 47	4 48	58 50	64 45	6 45	38 50	67 50	3 47	49 47	8 62	54 51	56 47	45 47	42 52	69 56	18 55	10 50	47 54	2 52	19 50	14 50	59 50	30 46	78 48	63 47	76 56	39 53	77 49	34 47	5 51
24 54	33 47	45 56	36 37	49 44	42 47	74 56	22 53	20 55	77 57	48 52	75 55	29 53	6 55	17 54	15 44	14 50	13 44	0 48	59 50	10 43	2 46	30 52	65 50	55 50	1 49	5 46	4 42	69 47	64 47	43 47	28 50	57 43	39 56	41 51	16 42	66 53	50 47	32 45	68 48	38 52	79 59	40 50	11 52	72 52	8 46	47 49	21 51	3 57	25 58	12 51	67 53	18 52	56 53	71 50	7 52	46 53	34 51	61 52	78 51	31 50	63 51	52 51	44 52	54 57	26 48	37 60	60 46	70 50	27 47	62 45	35 43	23 55	51 45	9 53	58 35	53 55	76 48	19 57	73 45
66 44	43 46	9 50	63 52	13 49	26 59	32 45	60 42	72 46	2 51	78 51	48 53	73 49	55 48	34 45	44 53	58 54	4 50	64 43	16 48	29 51	51 43	41 51	30 49	56 63	3 55	18 55	27 54	28 57	36 51	45 52	79 44	49 44	21 51	24 58	71 52	33 52	25 53	62 43	20 52	70 57	12 46	1 46	39 43	53 56	50 53	37 43	74 52	40 55	77 52	65 45	10 46	11 46	57 44	15 46	59 40	67 53	52 48	69 48	5 52	47 44	76 54	42 45	6 46	38 42	75 53	23 50	19 53	8 45	61 47	14 53	0 57	22 48	54 48	68 65	7 49	31 49	35 41	46 46	17 51
56 47	32 48	34 40	66 57	49 45	31 46	44 48	76 49	28 49	47 50	18 49	55 47	2 46	26 56	1 54	33 39	7 48	24 53	35 49	11 50	17 52	5 45	61 48	58 37	79 53	0 44	64 53	63 51	6 54	73 53	39 52	59 57	8 49	38 48	51 56	25 52	22 56	75 53	46 39	15 52	78 50	67 50	72 49	60 51	36 46	9 53	45 42	10 56	23 51	16 46	20 55	13 44	21 42	40 47	68 47	42 52	74 44	27 53	70 49	41 55	43 53	48 52	65 43	30 47	52 49	14 48	29 45	57 50	77 45	50 53	37 54	54 49	19 40	71 48	12 55	4 61	53 43	3 46	62 56	69 46
50 46	57 51	45 43	33 46	1 50	11 47	39 56	7 46	54 48	71 54	56 58	42 45	6 49	13 50	79 50	5 48	0 47	32 42	20 46	24 52	58 59	66 55	21 45	2 49	14 59	67 57	38 45	52 45	75 42	22 50	76 56	59 52	10 49	35 44	69 48	64 51	46 46	30 47	62 48	41 52	68 47	70 45	78 50	65 46	4 52	48 39	72 56	61 52	29 51	19 52	23 54	16 58	55 58	3 49	43 49	25 49	44 46	15 47	77 47	49 53	40 54	34 45	8 51	12 47	26 43	28 47	47 52	60 43	73 52	74 64	17 47	51 55	27 45	63 51	37 52	18 58	9 52	53 44	36 55	31 54
19 52	9 48	66 49	39 51	43 56	59 43	60 54	31 45	40 54	30 56	20 43	74 51	61 51	15 43	35 48	42 46	27 51	29 53	62 57	4 47	48 44	12 61	50 57	24 52	78 54	79 51	46 44	2 48	23 55	44 48	26 55	1 50	49 44	32 52	47 50	38 46	75 53	13 50	21 53	10 41	63 49	51 45	71 52	76 49	69 45	45 50	68 49	3 45	41 57	54 49	36 49	17 54	57 47	14 59	37 59	18 55	16 49	28 53	5 46	0 43	64 49	33 48	7 51	6 42	56 43	53 57	67 52	22 55	77 50	34 47	72 52	25 45	52 39	11 49	55 52	73 48	70 52	58 49	65 59	8 51
3 55	51 52	30 46	2 54	70 56	35 52	37 57	38 50	43 52	76 58	31 54	73 53	10 50	17 51	52 44	0 47	29 49	59 51	20 48	41 43	47 52	21 58	22 58	6 49	68 48	60 51	24 48	77 55	39 48	19 44	64 42	11 57	78 43	71 51	79 48	1 59	5 58	72 40	54 51	61 61	63 47	15 45	75 48	34 58	69 51	65 47	13 51	66 47	9 46	4 44	23 53	45 63	25 46	46 45	53 59	18 46	14 53	12 56	7 53	16 54	8 52	42 56	56 56	40 49	28 45	50 52	74 48	44 54	62 58	36 53	48 40	49 53	55 52	33 54	26 45	67 51	58 52	27 47	57 47	32 55
