70	60
10 45	17 56	37 48	31 47	55 54	9 51	46 56	16 50	6 48	33 45	24 46	48 50	30 51	29 55	11 48	36 45	21 48	44 51	39 48	18 53	3 50	54 52	57 48	7 59	38 53	0 52	52 48	56 53	13 44	49 41	14 49	32 52	25 50	1 47	51 38	40 53	35 51	2 47	22 49	28 47	19 53	23 45	50 46	27 57	26 52	15 48	42 53	4 43	59 46	43 53	53 48	8 42	47 48	41 61	45 53	12 45	5 49	34 49	58 47	20 48
17 50	54 52	46 47	42 51	5 44	59 46	33 48	15 49	36 47	14 48	3 38	29 47	38 49	48 50	0 50	16 48	26 45	12 59	35 45	34 44	22 51	41 48	7 44	57 43	44 47	24 52	19 54	25 53	49 50	56 48	51 50	11 46	13 46	4 61	27 48	43 55	1 49	10 43	50 53	53 49	39 50	30 38	37 58	55 49	40 50	9 43	23 51	28 48	45 45	6 59	47 54	32 50	52 50	20 42	18 48	31 50	21 51	58 52	2 56	8 48
45 59	27 47	13 45	25 45	34 55	57 55	43 58	14 42	15 45	28 52	8 50	44 46	50 51	12 58	59 55	7 53	37 50	3 47	16 48	46 45	36 53	55 41	21 48	9 44	29 47	51 44	39 46	11 42	6 56	35 47	41 41	42 46	5 50	58 45	1 47	56 56	30 52	53 60	49 41	26 49	0 42	10 51	40 52	31 51	32 59	23 51	2 49	24 50	18 50	19 50	17 46	33 47	4 45	22 46	48 58	47 50	52 45	38 57	54 49	20 56
7 53	31 47	21 49	0 49	56 47	45 56	19 51	13 51	49 57	47 53	6 49	9 47	14 55	18 47	25 48	11 49	17 41	48 53	35 46	54 48	28 47	12 50	41 37	50 52	52 54	53 52	33 48	57 46	46 49	5 42	55 44	58 52	34 51	24 45	30 52	2 44	3 52	15 57	32 54	22 50	20 54	40 53	42 50	38 56	44 55	29 41	43 56	51 48	26 44	23 43	37 49	59 47	36 53	8 54	39 50	10 45	27 60	4 53	1 50	16 56
40 38	19 56	32 46	48 53	30 47	21 46	58 42	4 54	57 55	46 49	25 42	11 45	47 48	13 50	22 40	8 52	31 49	16 56	51 52	35 46	41 66	27 50	42 61	37 47	36 48	24 58	55 46	9 45	7 43	33 55	54 54	53 56	0 50	17 44	56 47	3 48	49 51	20 53	14 54	28 49	1 45	34 48	6 65	44 43	2 51	50 54	43 49	5 58	52 52	26 49	39 49	38 50	15 46	10 50	23 56	12 52	45 57	59 48	18 49	29 52
34 52	28 56	38 50	22 51	40 51	57 48	53 46	0 46	50 48	27 50	30 49	52 54	15 48	14 47	26 52	44 47	17 46	8 45	4 49	3 55	55 48	51 48	18 51	21 49	9 41	47 53	19 52	59 60	48 41	6 57	1 46	56 54	7 45	10 47	54 55	33 48	2 53	5 51	24 42	41 52	45 46	37 41	35 45	13 32	23 54	43 48	11 40	12 48	49 54	39 51	20 47	58 52	36 48	25 48	42 47	16 51	46 48	32 47	29 51	31 60
52 45	51 49	33 54	54 51	19 51	59 51	7 42	1 56	18 52	28 54	49 55	11 56	10 50	8 56	12 49	38 47	40 48	29 61	57 60	6 47	13 47	46 53	34 53	3 45	53 45	21 51	4 45	35 56	32 49	47 46	9 46	0 55	37 45	25 54	42 53	15 56	27 47	36 50	22 47	31 50	16 50	45 52	2 48	48 52	20 49	5 57	23 45	58 54	44 48	50 41	39 53	56 47	26 57	24 54	17 47	43 46	55 51	14 47	30 58	41 53
56 50	47 54	42 46	54 40	30 60	1 49	10 46	29 49	21 60	17 57	52 56	11 54	9 48	18 58	2 48	32 60	50 50	23 52	48 57	36 50	3 48	15 51	35 47	5 57	13 52	39 48	53 58	33 48	38 51	14 46	7 51	51 50	8 45	25 51	12 46	49 45	40 56	20 56	57 49	55 52	19 48	0 56	58 47	34 48	46 44	45 58	4 47	26 52	59 54	37 40	16 44	24 47	44 50	28 52	27 64	41 48	43 60	22 42	6 51	31 53
51 48	20 43	18 40	55 43	47 51	44 58	36 46	37 55	27 59	23 45	48 48	12 48	43 46	0 48	28 53	6 52	25 42	26 56	35 53	53 52	13 46	57 53	58 48	59 47	30 48	54 50	8 49	2 56	16 58	9 48	14 55	24 52	17 46	10 51	33 57	50 48	1 47	31 47	5 43	39 49	56 44	46 46	19 56	34 51	52 53	11 52	21 42	45 41	22 49	41 54	49 53	4 45	3 43	15 44	29 41	7 56	32 53	40 43	42 54	38 51
6 57	54 55	2 48	49 48	41 53	32 48	45 57	18 53	7 49	20 46	39 48	3 48	1 49	30 48	31 60	46 45	15 51	8 42	57 42	44 54	58 52	24 60	14 46	59 40	25 52	29 53	0 46	43 50	40 50	34 56	47 37	26 53	55 53	37 51	21 51	38 54	36 53	12 47	16 46	52 45	22 51	19 50	51 53	50 54	5 42	11 43	27 43	35 47	13 45	4 37	28 55	48 57	53 49	17 51	33 53	56 52	10 51	9 56	42 50	23 58
34 51	49 45	59 39	14 43	50 44	53 46	18 50	37 59	13 49	23 51	32 47	15 56	40 51	41 58	39 51	16 52	52 53	24 52	27 46	47 52	1 43	46 54	0 48	29 44	48 51	2 54	21 52	5 38	51 50	45 49	28 51	3 44	10 51	30 48	54 51	11 41	25 43	8 53	12 46	6 54	42 57	38 49	7 54	55 53	22 55	35 48	19 53	44 52	57 53	17 51	43 52	33 50	20 45	9 52	56 49	4 55	58 52	36 50	26 46	31 45
42 55	34 48	41 47	7 54	8 47	12 49	23 61	54 42	9 45	31 58	55 53	30 52	33 50	52 43	6 55	44 54	53 53	15 51	11 46	56 50	47 54	1 47	58 50	39 56	22 45	57 52	19 46	29 49	27 47	20 48	13 43	5 42	48 51	17 42	18 52	40 46	24 54	0 53	25 55	3 47	49 48	14 45	59 49	35 43	2 45	21 52	45 55	28 56	37 52	46 53	10 52	32 47	36 54	50 51	4 53	43 46	26 59	16 46	51 59	38 54
0 53	10 48	8 52	32 46	6 45	27 49	35 55	39 54	20 44	57 47	41 48	28 49	14 46	53 53	54 45	9 54	5 43	47 52	18 48	36 53	48 45	21 54	25 47	45 55	4 55	12 54	44 49	33 50	37 50	40 52	15 46	38 46	56 45	1 52	7 55	31 53	23 52	50 47	51 63	43 51	58 43	59 42	42 53	34 47	16 48	26 52	3 43	30 46	17 51	13 46	11 46	46 48	49 48	2 47	22 47	55 49	19 50	29 42	52 44	24 55
47 53	37 47	58 51	6 48	3 50	30 59	10 44	12 45	23 50	21 47	45 52	8 50	34 58	39 54	56 48	28 42	51 44	40 55	46 57	15 47	38 55	19 53	53 43	32 56	25 43	41 50	5 41	24 50	14 52	44 56	57 47	4 58	50 54	33 53	36 44	13 57	26 47	9 47	52 44	11 34	17 51	49 47	1 58	20 45	31 50	18 42	16 49	0 57	7 52	43 48	54 51	48 46	29 35	2 52	59 49	55 58	35 57	22 44	42 54	27 52
36 56	46 52	57 53	45 57	12 49	22 48	41 53	21 49	54 45	3 63	44 58	55 53	24 50	1 44	13 58	50 42	47 50	4 58	10 61	37 48	53 46	2 56	19 44	43 54	29 64	38 50	25 49	51 44	56 55	26 56	15 51	28 53	20 47	18 55	14 51	11 45	32 50	58 49	49 46	59 54	6 46	5 52	33 50	8 56	27 45	48 49	23 51	0 48	31 53	16 44	30 52	9 45	35 47	7 46	34 45	42 45	17 55	52 47	40 49	39 57
49 50	35 56	43 47	29 45	46 49	10 56	25 58	38 59	5 36	9 55	2 41	37 61	42 51	47 50	44 50	26 56	24 53	20 41	6 47	51 56	36 53	55 54	34 50	21 39	52 44	8 47	7 48	4 47	45 55	58 58	50 48	57 50	53 53	22 57	19 52	23 52	54 51	16 56	1 52	11 49	27 54	39 49	17 54	30 40	15 48	18 44	59 48	41 45	33 51	32 54	0 47	13 50	14 54	31 47	28 56	3 51	12 51	56 44	40 48	48 46
15 43	45 51	48 49	28 55	12 51	36 55	16 48	53 42	52 50	55 53	46 42	47 53	27 46	13 55	14 52	10 45	44 51	51 50	4 59	57 43	8 51	58 56	29 52	59 56	7 45	42 51	9 54	31 44	25 40	41 48	34 52	21 52	20 47	17 51	26 56	43 54	35 45	40 45	5 56	49 50	1 57	0 55	32 58	39 53	33 39	30 49	56 55	19 46	22 39	54 49	24 52	37 51	18 52	38 56	23 51	3 45	6 61	50 50	11 51	2 46
3 46	12 50	18 43	27 52	52 45	29 54	32 50	19 54	42 56	26 54	20 45	37 56	36 42	2 60	49 49	57 49	24 47	11 45	44 52	34 56	9 50	55 40	21 41	17 57	48 52	23 51	8 52	0 45	22 44	4 56	33 65	41 59	31 51	56 44	39 44	50 54	6 48	7 54	30 53	51 52	45 48	38 56	13 49	54 57	14 54	15 38	59 48	58 60	46 48	5 46	40 55	43 43	1 48	47 54	16 57	35 52	53 49	10 51	28 58	25 50
38 52	18 54	50 47	16 58	21 59	5 44	22 43	30 52	28 49	1 57	9 49	58 43	56 44	34 55	6 42	36 48	53 46	26 50	47 48	32 54	3 49	51 54	41 43	49 49	15 49	0 42	2 40	7 52	23 53	4 57	10 56	29 52	52 46	59 52	24 42	31 51	39 58	57 49	46 48	44 47	17 64	40 51	37 45	11 52	25 48	13 53	27 37	20 56	42 44	45 56	55 50	14 54	19 53	48 48	12 51	54 55	8 54	33 52	43 38	35 51
6 44	44 55	7 46	18 53	35 50	12 47	51 43	39 53	33 40	46 50	50 62	4 59	32 52	25 49	54 53	56 50	8 52	31 58	23 54	17 56	24 48	5 43	2 55	3 58	0 50	26 55	11 49	43 49	47 51	49 50	40 50	20 56	14 49	29 60	45 51	52 55	59 57	58 57	42 49	13 54	30 52	55 54	1 47	15 47	16 45	41 42	28 42	34 41	21 46	38 48	9 53	57 49	22 49	53 41	37 50	10 57	48 52	36 46	27 48	19 57
41 50	23 50	29 46	44 46	33 46	39 54	59 52	34 59	10 46	38 42	49 51	6 49	30 57	5 41	28 53	26 47	46 56	20 59	3 46	47 58	42 55	24 48	14 51	53 56	35 53	12 54	18 48	21 51	36 57	16 52	43 54	40 50	58 52	17 48	45 56	57 43	48 44	51 52	15 43	22 54	11 54	56 53	9 48	54 63	25 43	50 47	8 45	55 57	32 52	2 56	1 44	7 52	27 50	37 53	52 59	13 51	31 44	19 51	0 52	4 47
10 51	49 59	52 50	6 50	41 51	43 45	56 47	50 42	0 44	48 50	23 52	22 47	39 59	30 56	37 44	1 47	8 49	58 49	27 54	59 48	34 49	15 51	16 55	29 52	40 49	5 45	20 64	12 49	9 42	53 49	24 52	26 53	11 49	36 46	17 56	45 54	25 49	32 48	54 53	18 47	35 44	46 45	55 50	2 57	3 51	14 57	13 43	28 56	51 43	57 41	21 57	33 46	19 42	7 51	47 45	4 43	42 52	44 52	31 51	38 55
12 55	23 47	19 52	20 47	37 42	46 54	8 44	32 49	51 50	10 52	1 52	38 59	54 58	27 49	52 43	44 57	6 47	36 45	3 52	47 52	22 48	0 55	26 48	50 45	9 53	21 55	33 38	30 61	49 43	48 48	57 46	58 47	7 42	18 44	25 45	41 48	34 47	24 60	28 48	2 49	31 53	4 55	59 52	29 44	11 52	45 48	39 48	53 49	56 48	55 46	35 44	5 42	43 51	13 55	42 50	17 40	14 52	16 50	40 50	15 49
22 48	32 55	17 56	1 48	55 46	8 53	23 52	37 47	7 47	52 50	54 46	40 49	33 46	49 69	56 44	41 46	24 53	57 58	9 48	16 47	39 52	13 56	47 44	14 52	30 49	2 46	34 52	44 52	20 53	48 55	26 56	15 51	28 46	59 52	51 46	45 50	6 52	18 54	27 41	19 43	12 46	5 53	58 45	25 41	35 46	36 60	46 51	11 53	4 53	0 55	31 53	29 60	10 44	21 44	43 51	3 51	42 51	50 49	38 39	53 44
7 45	56 43	21 50	49 46	22 52	26 52	37 56	11 51	43 56	4 48	27 57	46 37	19 55	14 46	39 58	18 54	41 47	6 56	25 51	2 50	24 48	20 45	34 49	57 41	23 54	13 52	17 54	30 45	58 50	0 39	53 53	12 51	16 53	31 50	32 54	1 52	40 58	15 41	29 49	51 48	50 49	33 46	42 60	38 53	55 42	5 57	36 50	52 55	10 49	48 45	47 50	59 54	28 53	44 53	9 51	45 59	35 47	54 51	8 48	3 49
34 45	19 54	37 52	5 50	12 51	29 37	27 42	38 49	39 61	7 57	8 51	17 49	54 52	41 54	31 61	2 49	23 58	49 55	10 50	55 55	15 51	44 49	52 47	11 47	13 44	53 51	1 56	22 51	50 41	25 56	32 58	26 54	46 51	3 43	28 52	20 55	16 56	33 55	14 44	35 45	4 45	45 51	51 58	0 47	57 53	18 54	48 54	24 46	43 51	59 47	21 51	58 43	6 47	9 54	36 47	40 47	47 49	56 52	30 50	42 46
29 47	21 58	26 54	53 55	24 56	12 59	3 44	51 57	13 45	8 40	22 53	40 41	4 56	16 47	44 56	43 54	42 46	6 46	11 42	57 56	30 53	14 58	31 57	46 56	50 46	10 60	37 52	33 49	17 50	20 53	52 45	23 47	18 55	59 48	39 45	15 54	55 47	45 51	48 54	54 48	2 47	56 50	27 45	19 62	35 47	34 48	7 51	47 51	5 50	36 58	41 48	49 49	32 42	38 50	0 53	25 51	9 49	58 43	1 44	28 50
2 49	56 50	25 44	29 52	5 48	35 50	52 41	38 49	24 52	1 48	11 45	13 40	0 49	16 50	36 51	19 45	10 50	47 49	44 53	34 46	41 54	23 48	33 42	28 48	22 46	31 45	20 47	3 51	7 53	8 50	57 52	46 45	39 56	49 55	59 51	53 51	43 43	42 57	54 49	51 52	26 39	17 48	4 54	58 58	9 55	12 45	48 54	32 56	14 50	27 59	50 55	55 45	37 52	6 49	40 42	30 56	45 49	15 57	18 54	21 56
35 46	21 46	0 50	41 48	56 47	50 52	29 58	38 55	22 45	3 50	9 55	18 50	49 50	45 48	7 54	40 58	15 57	17 47	14 42	2 47	11 49	54 47	26 51	8 54	6 54	53 47	16 54	19 53	57 54	23 51	52 51	30 49	1 51	4 50	20 59	55 52	31 45	48 50	42 48	13 53	37 47	5 52	10 51	36 45	24 52	46 47	43 43	28 51	51 49	32 38	34 43	47 56	59 49	33 51	39 55	27 55	12 43	25 50	44 48	58 48
47 35	50 45	15 55	37 45	42 52	38 54	13 45	25 62	20 51	48 49	12 47	41 55	35 49	30 55	16 41	4 49	55 56	11 49	52 45	53 58	56 48	27 51	9 46	46 48	2 49	43 51	7 55	34 47	44 51	3 61	28 48	32 56	10 50	36 53	33 48	1 47	39 47	40 53	8 50	6 64	24 49	18 49	31 45	57 48	5 49	22 40	45 59	19 55	21 50	14 47	54 54	29 60	51 50	59 56	58 43	26 48	23 40	49 52	17 46	0 53
10 58	47 39	0 58	23 56	34 43	8 43	12 48	27 46	51 50	4 52	22 52	46 51	52 47	33 51	13 48	5 38	16 42	45 42	43 61	3 49	2 45	35 55	20 58	58 43	44 51	21 56	17 49	31 57	11 51	7 51	48 61	9 49	24 50	59 52	54 52	42 51	14 53	55 46	19 44	6 53	26 48	18 55	36 51	49 54	41 56	1 52	29 40	28 44	37 54	56 46	50 39	30 50	57 46	25 45	38 50	39 52	40 50	32 43	53 42	15 48
33 41	26 49	40 48	41 48	36 58	28 56	32 50	58 53	19 54	37 48	24 57	30 43	29 44	7 55	44 50	53 50	3 57	50 52	17 55	56 50	48 47	51 51	4 62	22 47	10 56	55 56	59 45	12 50	45 46	57 51	1 51	46 48	52 43	18 59	21 54	9 58	23 46	35 51	11 47	25 45	49 50	27 45	15 49	16 53	39 47	14 48	6 56	20 40	43 53	34 52	5 52	54 45	47 56	38 50	0 46	42 49	2 58	31 53	13 55	8 45
5 60	29 51	2 52	25 50	39 44	9 41	4 50	55 49	14 53	26 43	47 51	58 52	38 48	48 50	45 48	30 58	32 55	31 38	43 48	51 50	21 52	34 53	12 50	53 53	28 43	22 51	8 49	27 45	46 46	1 53	7 50	3 49	49 58	20 49	13 44	23 45	36 45	17 54	0 50	18 52	35 49	16 43	33 56	41 53	19 40	54 61	52 49	40 53	57 52	42 48	11 55	15 58	24 49	56 49	37 44	59 54	6 47	50 48	44 52	10 46
47 53	6 60	44 41	36 44	39 52	27 52	1 49	31 48	49 42	35 50	11 45	37 47	17 46	15 42	20 51	56 56	9 44	13 44	22 50	45 52	12 51	4 58	30 50	24 49	52 42	58 34	26 55	54 46	48 44	7 50	53 51	57 53	50 41	5 46	32 48	29 46	25 49	0 52	51 50	43 48	14 46	23 46	38 52	59 44	33 50	55 57	10 45	3 53	28 49	34 57	8 40	19 45	46 58	18 53	40 46	42 60	2 52	16 55	21 44	41 48
11 40	24 55	18 47	51 54	35 47	54 50	41 48	34 47	3 41	26 51	31 45	14 55	6 53	23 46	37 51	58 44	16 40	45 53	44 59	13 53	57 55	55 61	20 49	19 50	46 52	29 43	21 49	47 49	49 51	12 51	22 46	33 46	56 61	27 47	32 50	59 49	48 48	39 45	10 51	50 48	43 54	36 48	42 52	1 52	4 50	53 47	30 58	8 60	38 50	7 58	9 49	0 49	2 55	17 47	15 50	52 50	40 52	5 48	25 44	28 53
15 49	58 58	13 49	55 47	48 51	7 41	29 45	0 46	2 55	24 49	10 51	50 44	42 46	11 51	59 51	32 57	56 48	36 61	41 40	37 51	21 56	16 51	14 53	5 50	31 46	35 45	30 45	54 43	38 53	44 54	1 51	26 55	52 52	6 45	4 48	12 49	33 48	51 49	45 45	27 46	39 45	17 57	18 53	47 55	8 53	34 54	23 44	43 50	40 46	3 53	53 44	19 47	57 51	25 54	20 51	9 53	49 50	28 59	46 53	22 48
24 54	33 45	21 50	36 58	49 58	51 47	38 52	6 47	50 53	22 49	53 45	55 60	48 48	1 50	46 57	3 49	8 48	2 43	43 46	20 54	17 56	13 51	12 47	44 44	40 50	28 56	15 56	31 42	59 56	32 50	25 38	0 47	30 45	29 44	27 46	58 54	18 51	10 49	39 52	47 50	9 52	7 49	14 52	26 50	56 41	54 54	23 49	42 55	11 50	52 53	19 52	34 48	45 54	4 45	57 48	41 45	5 44	16 44	35 45	37 43
59 53	12 50	27 51	48 54	11 47	18 44	54 55	4 42	20 52	55 52	57 60	42 46	38 50	5 51	25 50	32 47	45 42	50 53	56 53	36 50	52 53	49 52	1 44	35 55	6 54	37 52	16 39	53 48	24 49	28 49	41 40	30 41	26 50	14 42	29 41	10 43	44 50	13 43	2 49	17 50	7 54	22 42	31 48	0 45	8 54	43 48	40 48	21 50	34 48	19 50	47 50	58 52	46 45	23 54	3 49	33 48	9 40	51 51	15 41	39 45
59 48	29 51	3 56	27 48	31 48	8 51	35 48	41 50	25 45	44 51	53 58	32 57	4 46	56 43	24 60	16 54	49 44	36 52	42 54	17 55	50 57	40 52	6 50	2 48	51 50	0 51	13 45	5 62	26 53	52 54	18 44	11 48	15 50	30 52	12 51	57 52	23 43	38 44	21 46	43 45	37 51	46 57	1 51	47 54	54 43	7 43	10 50	20 57	9 48	55 47	48 52	22 50	19 44	14 52	45 45	28 54	58 52	33 56	39 40	34 47
38 61	48 46	24 48	57 56	49 41	17 57	27 48	40 57	56 43	4 48	7 54	0 48	28 49	36 46	54 54	13 53	55 55	53 41	16 52	32 46	34 53	10 37	51 50	37 51	12 55	21 49	1 54	3 54	25 51	46 49	33 50	5 49	20 44	31 50	23 53	58 50	29 42	30 47	26 45	2 52	45 46	47 45	44 44	18 45	6 47	41 51	43 52	42 52	19 52	22 52	9 48	35 35	11 55	15 53	14 54	8 44	50 43	52 47	39 52	59 51
57 44	31 56	48 49	21 46	26 45	27 55	58 49	35 49	18 51	59 46	9 45	20 49	53 59	17 50	13 50	49 52	12 48	3 59	39 53	54 51	40 53	0 48	15 55	2 58	55 55	38 58	30 51	10 48	36 56	42 45	33 47	19 48	29 53	47 45	43 50	52 43	7 45	24 50	50 54	4 52	22 44	28 57	45 52	41 57	11 57	37 54	34 49	23 45	46 39	51 56	16 55	32 53	56 58	25 56	6 57	5 60	1 48	8 47	14 48	44 47
44 51	43 51	5 46	27 45	51 36	10 58	3 45	25 48	1 42	40 46	36 46	7 41	58 46	34 40	33 53	13 52	38 47	17 43	46 40	19 50	15 47	20 41	56 47	31 51	4 49	21 52	26 52	52 39	29 55	2 41	59 48	32 50	22 46	24 54	0 55	16 43	45 48	37 57	9 56	39 50	35 47	54 55	23 48	14 49	18 56	41 51	53 45	8 56	28 51	6 57	50 51	49 51	47 53	11 50	42 51	48 57	12 55	57 48	30 46	55 51
32 56	35 56	31 53	20 48	59 50	13 48	8 51	9 47	15 44	36 47	23 51	28 56	34 43	42 47	55 46	26 43	29 52	24 53	0 48	57 51	22 51	45 50	48 45	51 47	4 56	7 49	17 49	21 54	11 45	58 48	1 41	44 45	40 55	25 56	30 54	10 47	6 43	39 46	18 52	2 50	49 56	54 53	3 50	14 55	46 55	16 49	33 44	56 50	5 53	50 46	47 50	27 39	41 51	52 57	37 50	38 47	19 44	12 55	53 50	43 54
44 58	55 52	46 51	22 54	57 53	0 50	6 41	17 42	19 58	30 48	38 47	59 49	18 56	52 38	40 50	29 43	47 50	3 53	13 51	49 50	23 41	41 57	37 54	14 43	33 51	7 52	26 47	48 53	54 48	9 51	28 43	45 52	20 46	5 54	21 50	56 57	51 44	53 45	34 34	10 60	8 56	58 49	35 57	27 52	1 57	31 51	11 59	4 53	42 51	36 50	2 45	16 49	32 54	43 42	50 53	39 52	24 44	15 51	25 51	12 44
44 55	12 48	18 55	2 47	17 48	52 46	39 46	49 63	36 55	1 47	33 50	43 55	45 47	56 44	32 51	48 55	21 55	28 50	31 62	50 44	19 45	54 53	53 40	42 47	34 46	40 54	3 44	20 47	10 52	24 53	41 46	29 52	16 55	37 45	15 41	51 56	22 44	4 58	30 55	9 44	11 48	27 50	25 45	6 58	55 44	47 53	5 48	57 47	46 50	13 43	7 55	35 51	38 53	14 46	58 48	59 57	23 57	0 44	26 50	8 44
25 45	3 53	48 52	56 47	52 48	50 47	11 52	10 52	6 52	46 59	24 44	36 59	5 46	16 39	40 46	7 59	14 47	26 50	21 47	17 40	18 46	57 48	54 50	9 47	59 55	29 50	51 53	44 45	47 48	31 41	2 45	12 49	33 48	43 49	20 50	22 46	42 57	35 47	13 47	34 47	4 46	39 53	15 47	41 54	38 51	8 43	58 51	49 46	55 55	1 45	45 42	30 46	53 49	32 53	0 44	23 50	19 45	27 57	28 44	37 55
32 50	53 44	3 40	15 40	11 56	25 50	57 55	40 50	6 49	28 62	35 50	34 54	0 50	33 47	59 53	36 50	39 47	44 45	9 46	10 62	38 43	46 54	42 46	5 52	16 48	4 57	41 55	58 45	56 54	45 54	51 47	2 49	18 53	26 50	8 46	50 50	48 46	37 51	13 45	22 49	7 48	49 52	19 48	24 51	1 52	23 42	20 46	21 46	31 48	12 45	29 51	47 53	30 56	43 63	52 52	17 55	27 46	55 50	54 48	14 50
5 54	38 53	7 47	0 46	28 52	41 54	4 60	20 50	33 45	54 51	10 54	23 55	25 54	1 51	14 41	51 47	55 55	11 48	48 48	42 59	32 47	40 49	43 46	59 48	47 50	27 56	34 57	19 48	9 48	8 41	37 56	15 49	57 52	44 59	21 51	46 53	17 53	13 47	31 55	22 50	26 53	29 45	56 50	12 49	24 49	2 48	39 46	6 39	35 40	36 40	52 56	18 47	3 54	16 59	45 46	50 47	53 51	58 42	49 50	30 44
20 47	49 46	59 48	21 44	41 47	15 54	35 45	27 51	2 44	46 50	3 52	54 46	48 44	26 62	32 52	19 48	10 51	44 47	25 46	42 45	14 52	5 46	40 45	38 49	31 48	9 47	1 57	51 41	39 43	11 53	47 56	8 48	24 46	6 50	28 53	33 56	56 49	53 52	37 51	55 54	22 48	50 48	45 57	36 52	18 42	29 53	58 49	13 45	0 46	57 44	30 44	52 44	17 62	43 54	23 46	34 53	12 49	7 52	4 40	16 50
12 59	38 53	5 58	35 47	34 46	11 47	22 53	52 53	10 56	13 46	27 47	28 53	21 56	59 48	9 50	45 50	23 46	20 55	3 46	43 48	8 51	41 45	25 45	54 53	53 47	15 54	36 53	18 46	47 46	55 53	48 50	39 47	32 49	49 52	57 48	26 58	37 50	29 47	31 58	0 58	30 56	14 46	1 49	24 54	58 53	50 47	40 47	44 52	46 44	51 52	6 47	19 49	17 50	7 44	42 49	16 51	56 40	33 53	4 55	2 47
10 50	13 45	25 58	20 45	1 50	18 54	52 53	51 59	12 55	28 55	40 43	38 43	56 48	11 56	59 47	8 48	49 45	30 54	48 51	34 52	22 53	58 51	47 49	42 57	4 47	35 44	9 49	26 47	0 38	43 52	15 66	39 44	31 52	32 50	44 41	24 45	21 53	16 54	27 52	23 58	7 57	53 47	33 45	37 52	14 40	2 57	36 49	54 46	46 47	19 66	29 49	17 45	5 49	6 53	45 51	3 53	41 53	55 48	57 45	50 54
46 51	18 50	9 51	21 41	25 47	39 47	57 59	14 58	41 49	38 58	22 50	50 51	33 47	49 48	52 55	54 53	29 56	16 49	4 44	42 53	10 58	24 53	5 58	26 46	34 58	35 48	55 43	2 56	56 49	11 40	36 53	7 49	23 54	3 42	37 44	43 46	51 48	20 51	13 59	31 57	1 58	45 59	0 44	17 47	48 51	30 52	32 58	12 49	59 51	58 54	27 45	53 47	6 62	40 49	15 47	44 53	28 51	8 49	19 52	47 44
58 48	8 54	31 49	4 54	32 55	20 53	55 54	0 52	34 51	2 51	35 49	18 55	28 54	10 50	51 54	12 49	45 48	11 46	41 53	43 47	57 54	40 53	38 44	16 54	30 48	37 54	24 47	52 50	1 51	21 51	25 48	59 44	49 43	29 44	53 50	7 42	39 47	56 42	54 47	14 49	50 43	3 43	19 45	26 53	5 59	47 50	42 47	15 52	6 41	17 48	13 54	27 56	48 47	23 55	36 55	44 46	33 52	22 45	46 50	9 52
41 62	29 51	2 45	49 48	33 58	42 58	3 48	40 47	54 49	52 48	46 48	39 51	10 54	1 47	58 47	22 52	47 46	27 52	34 48	51 46	30 57	44 55	15 46	56 50	37 44	45 47	48 53	12 57	7 48	5 42	35 52	19 41	20 53	38 47	32 46	18 49	43 44	13 52	26 54	17 45	8 54	0 54	31 55	14 50	24 45	28 51	11 42	59 52	23 47	53 51	57 52	36 51	55 45	9 53	50 57	16 49	6 58	25 50	21 55	4 46
9 52	5 54	22 51	46 59	17 52	41 53	15 63	11 48	18 53	34 56	3 50	33 50	51 54	48 53	38 45	13 50	53 52	10 51	54 53	45 48	44 45	6 52	52 46	1 52	50 58	23 53	49 57	58 54	32 47	40 55	4 49	0 51	31 51	12 51	59 43	19 47	7 52	37 57	56 53	42 50	21 44	30 52	20 56	35 55	24 52	26 47	29 51	27 50	14 55	28 48	2 52	47 43	43 47	55 55	25 50	39 53	8 47	16 50	57 48	36 50
39 54	7 50	15 53	44 55	26 59	43 54	53 51	45 46	56 41	11 53	22 44	14 44	42 44	48 50	2 61	34 54	46 55	37 45	47 51	49 52	31 46	4 60	13 53	50 46	32 53	0 49	57 48	41 42	17 52	52 57	35 53	19 54	3 41	5 43	20 51	8 50	21 48	16 53	40 52	23 41	54 41	10 50	1 43	24 57	6 55	36 51	58 50	33 42	9 57	25 51	59 42	27 54	38 45	51 49	29 52	12 41	30 52	55 45	28 51	18 53
1 57	36 51	33 41	14 52	27 40	41 49	18 44	21 53	47 44	58 43	23 48	19 57	43 52	44 44	13 52	16 49	24 33	28 51	48 56	54 54	59 52	22 54	40 52	12 60	34 47	0 46	20 46	6 54	29 54	11 46	31 50	55 49	32 52	56 51	38 51	35 54	15 46	4 49	45 45	9 44	39 55	46 57	17 53	53 46	30 50	7 43	37 46	49 52	2 49	5 52	3 42	25 50	51 47	26 48	8 46	50 39	57 48	42 53	10 46	52 50
5 52	55 45	43 51	16 39	6 46	51 54	32 52	46 51	15 55	56 50	52 42	45 54	2 44	36 58	34 50	47 45	11 37	22 45	33 51	58 42	40 53	0 43	59 51	1 46	13 48	3 62	18 52	9 46	35 52	37 52	57 43	23 51	27 58	12 53	38 48	48 51	26 55	49 56	7 49	31 49	19 55	20 46	42 48	44 52	30 51	53 53	17 54	14 54	39 54	29 50	21 50	8 42	25 43	4 50	28 50	24 49	10 53	50 50	54 58	41 56
43 54	58 62	54 58	39 52	11 52	46 48	19 42	15 51	24 45	21 50	30 58	40 53	35 56	3 43	9 54	16 52	5 47	47 43	29 47	1 40	26 43	42 58	8 44	41 36	18 47	13 44	50 50	4 43	22 55	52 54	28 54	31 53	7 46	6 50	0 46	10 47	59 46	27 47	48 52	57 41	25 53	53 56	20 54	34 44	32 47	55 48	37 48	2 46	44 54	12 47	38 47	17 43	36 46	45 49	14 50	49 48	33 60	56 56	51 48	23 48
19 52	18 53	22 44	14 43	56 54	53 56	15 51	42 46	47 43	9 35	49 47	54 45	2 41	34 42	48 51	3 48	44 54	23 51	35 45	37 54	51 44	36 52	33 55	38 44	50 46	17 50	12 50	55 54	26 47	29 48	30 54	20 48	28 53	41 50	10 48	7 44	0 53	25 58	4 44	39 43	45 55	46 45	59 53	57 43	52 55	6 42	40 50	43 48	21 49	27 47	24 56	5 51	16 49	8 48	58 47	32 49	11 54	13 53	1 50	31 44
29 60	56 55	57 48	33 49	55 50	1 52	13 47	24 62	32 45	0 49	27 52	43 53	17 50	53 50	10 64	45 52	20 54	35 55	23 58	41 57	54 52	11 46	2 49	22 44	25 48	12 46	15 47	34 45	26 42	37 46	21 42	38 59	3 45	59 45	8 50	14 49	49 56	30 47	40 48	28 53	4 50	51 47	31 47	58 55	44 45	50 62	39 62	47 51	19 37	18 60	36 46	52 40	9 52	42 45	48 47	5 50	46 52	7 57	16 55	6 51
14 49	52 50	10 49	59 50	30 61	48 52	12 56	54 49	9 43	6 48	22 45	41 52	7 52	58 60	2 48	38 54	39 55	43 53	11 51	32 53	36 61	24 45	28 49	45 53	35 45	34 54	57 48	47 61	44 54	13 50	16 48	50 50	8 51	25 52	15 54	46 47	56 56	4 45	1 58	27 50	40 56	5 56	17 36	18 51	33 58	21 50	31 44	55 55	53 50	26 51	3 48	29 53	51 56	23 51	42 50	49 49	20 59	0 50	37 46	19 52
59 53	9 55	3 57	57 51	48 48	47 39	24 50	56 61	36 53	38 55	1 47	42 47	8 44	5 56	29 43	10 52	58 50	13 43	31 52	50 49	30 44	26 50	6 53	40 51	53 45	19 48	46 48	52 46	41 48	20 51	51 56	34 51	7 50	23 45	22 48	28 41	17 50	43 51	49 55	4 46	54 40	0 43	55 56	37 44	15 52	12 48	25 45	27 56	32 37	18 60	16 55	21 49	45 47	14 52	39 57	2 49	11 58	44 62	33 46	35 47
7 51	49 43	32 62	13 48	2 52	38 55	27 50	35 46	44 50	30 65	19 49	28 47	39 54	20 52	45 43	48 48	40 50	33 46	57 50	8 50	6 47	3 56	18 46	22 55	14 51	53 51	1 44	43 50	52 40	11 54	55 56	46 48	42 50	12 51	36 44	23 42	5 45	17 49	59 50	0 45	9 46	50 53	25 52	54 55	29 53	51 47	21 45	41 54	15 47	47 47	10 48	56 57	58 41	24 45	34 51	37 51	4 54	16 52	26 49	31 54
31 45	17 52	56 45	47 53	40 50	25 53	51 40	46 49	2 41	34 56	1 45	59 47	0 59	6 53	10 44	21 56	50 44	54 49	41 57	24 53	14 54	18 50	26 55	4 55	35 40	49 52	23 45	22 57	37 54	13 49	12 45	42 53	19 44	7 57	52 41	53 53	29 48	58 58	38 53	3 51	57 49	55 57	15 50	11 50	33 53	28 56	16 44	36 44	9 46	5 51	27 49	32 42	44 37	45 53	20 43	30 51	39 47	48 46	8 49	43 52
32 48	24 44	11 47	58 50	55 48	13 53	21 49	48 53	43 54	7 56	0 56	47 50	40 54	52 48	36 49	4 54	23 61	57 55	54 47	9 53	22 52	28 50	35 49	5 54	53 40	8 54	6 47	39 54	46 46	2 46	56 52	1 42	41 52	16 48	45 34	38 51	17 49	34 47	27 57	50 47	26 49	42 52	44 45	18 47	15 54	49 57	30 47	59 46	14 52	25 58	10 54	31 54	33 45	51 49	12 61	3 51	37 48	19 45	20 51	29 53
3 53	24 62	8 51	4 47	57 55	45 48	32 50	52 51	6 54	41 47	21 50	48 52	29 48	54 52	44 41	39 39	53 50	51 44	22 47	36 49	50 52	10 50	43 49	15 50	40 45	20 53	2 42	38 54	12 49	25 38	59 57	47 51	49 51	55 50	30 49	13 52	26 41	37 46	16 46	56 55	58 49	34 53	17 44	18 50	0 42	28 57	46 50	31 53	23 55	9 44	14 49	42 47	5 48	19 53	35 54	1 43	7 50	33 50	27 50	11 50
21 52	39 58	15 50	49 51	42 53	27 45	29 51	54 41	3 52	44 47	22 44	32 56	2 56	57 53	48 50	35 58	23 54	30 45	50 49	8 53	41 50	9 53	46 55	13 52	5 52	40 50	43 51	25 53	51 55	52 43	56 51	4 48	34 46	14 58	38 46	45 52	1 45	53 48	31 47	0 42	10 49	11 53	59 59	55 44	12 43	18 48	24 47	19 43	37 54	36 45	58 58	20 51	33 52	26 52	17 59	47 54	16 51	7 54	6 59	28 44
35 47	43 50	50 59	19 49	51 46	26 52	47 46	5 55	48 50	1 50	52 50	38 54	8 51	34 47	11 55	55 44	37 58	10 48	42 44	45 52	54 55	24 58	0 48	16 53	59 55	32 53	23 46	3 46	18 56	44 61	7 60	22 48	17 49	6 56	25 52	41 52	49 49	29 49	53 46	9 49	46 41	39 39	4 50	27 55	28 49	40 62	13 55	15 55	21 53	2 55	14 53	31 47	58 51	33 53	36 42	12 54	57 48	20 48	30 47	56 50
17 56	52 43	49 44	44 46	16 54	57 51	56 57	41 53	21 49	45 49	29 49	40 36	1 60	25 47	3 53	54 45	47 62	39 46	6 60	43 52	46 55	42 40	31 53	37 57	8 49	12 36	28 47	20 53	35 53	53 52	7 47	5 49	51 46	26 45	50 53	13 42	11 42	0 41	18 47	38 49	33 53	48 57	2 50	32 55	58 50	36 46	59 56	30 54	24 52	55 50	4 46	22 49	27 43	34 49	19 49	10 52	23 55	14 53	9 54	15 57
