20	100
25 1	31 1	71 1	81 1	50 3	19 2	38 2	36 5	21 1	56 1	65 2	69 2	87 1	76 6	18 2	2 2	27 1	75 2	15 3	0 4	4 2	43 1	26 2	84 2	42 1	1 2	54 1	58 1	28 3	77 1	68 1	79 4	64 1	53 1	51 1	41 1	94 1	61 3	92 4	39 1	80 1	35 2	14 3	89 2	6 5	20 4	3 1	9 1	33 2	17 2	72 3	55 8	99 1	44 1	59 5	86 3	93 1	90 2	46 2	63 2	96 1	32 2	66 1	8 1	37 1	70 1	29 1	10 1	16 1	83 1	52 2	98 5	97 5	40 1	13 1	45 1	24 1	49 1	62 1	88 2	57 4	12 2	82 1	74 1	85 1	11 3	48 1	73 2	30 1	95 2	22 2	67 1	78 1	47 1	23 3	60 1	5 1	91 3	34 4	7 5
29 1	15 8	41 2	57 2	17 3	69 1	35 1	37 1	2 1	44 1	59 1	86 2	51 1	26 3	98 3	74 1	28 2	50 4	73 1	10 1	43 1	32 1	63 3	90 1	25 1	4 5	91 1	66 1	19 3	94 2	72 1	54 2	20 4	5 3	89 1	48 2	13 1	16 7	96 2	67 1	88 2	81 2	24 3	45 4	95 1	65 4	31 1	39 4	64 2	52 1	76 2	47 1	22 1	60 1	9 1	40 2	8 1	7 1	42 4	58 3	70 1	97 3	84 2	36 1	83 3	77 1	99 3	46 1	56 1	38 1	82 1	85 7	78 1	55 1	21 2	30 3	14 2	62 1	12 1	93 1	33 2	92 2	27 1	49 3	61 2	53 2	80 3	6 2	79 1	0 1	11 8	18 1	3 8	75 2	34 1	87 1	23 3	1 2	68 2	71 1
81 1	35 1	71 2	70 1	20 5	52 1	7 1	9 2	85 1	62 1	46 1	73 1	37 1	60 1	36 1	14 4	67 2	43 3	79 1	31 2	27 2	42 6	99 2	8 1	5 1	38 1	0 2	26 1	88 1	87 1	12 2	59 3	39 2	24 7	44 4	97 2	63 1	58 5	11 2	77 1	69 2	1 3	65 2	6 1	21 1	40 5	61 1	93 1	78 2	32 1	41 1	18 3	50 3	89 1	86 1	80 2	76 1	30 2	72 4	45 2	56 5	13 2	98 2	66 1	33 4	57 1	4 2	22 1	51 2	15 2	23 2	68 1	53 1	47 1	55 1	17 3	94 3	74 1	10 1	3 12	75 2	34 4	90 1	16 3	49 3	95 1	64 2	96 1	48 1	92 1	2 3	54 1	29 1	19 7	28 2	84 3	83 1	25 1	82 2	91 1
77 1	62 1	75 1	2 1	23 1	40 1	95 4	66 1	6 3	46 1	31 1	41 3	96 4	55 4	36 3	43 2	29 1	42 4	3 4	47 2	68 3	52 1	94 5	37 1	38 1	22 4	78 3	92 1	13 1	84 1	49 1	79 1	27 2	14 2	8 1	4 2	0 1	51 1	93 3	21 2	97 3	87 4	5 2	16 2	72 2	81 10	54 1	15 1	45 2	59 2	76 3	83 1	18 1	73 2	86 1	67 1	30 2	69 1	89 2	39 3	60 4	19 1	24 5	50 1	70 5	90 1	74 1	99 1	57 2	63 2	53 2	64 2	35 3	1 1	25 7	88 2	56 1	12 3	61 2	20 2	91 3	33 1	34 2	71 5	11 1	80 1	26 2	65 2	9 2	28 4	44 1	32 1	85 1	17 2	7 1	58 1	48 4	98 6	10 6	82 1
29 3	37 4	51 2	11 3	64 2	71 2	10 1	34 1	49 1	0 1	35 3	73 3	82 5	13 1	89 2	86 1	87 2	3 1	79 1	8 2	17 3	85 5	32 3	55 3	42 1	56 1	96 1	5 2	25 5	33 1	18 4	50 1	26 1	45 2	98 5	92 1	68 1	14 1	22 5	30 3	52 1	48 2	2 1	88 2	44 2	93 1	72 1	91 5	65 3	41 5	27 4	21 2	6 3	62 3	97 3	76 1	84 1	80 1	94 4	70 1	53 3	54 4	19 1	12 3	24 1	75 1	61 1	99 2	38 2	47 1	78 7	46 1	66 1	58 1	7 2	4 1	31 3	16 1	39 1	81 2	28 2	9 2	40 1	67 2	36 2	83 1	59 2	1 2	23 5	20 1	15 1	90 2	63 1	43 2	77 1	69 1	95 1	74 3	60 1	57 3
52 5	96 1	0 1	32 3	10 2	35 1	20 1	95 1	78 1	16 1	69 1	15 3	83 1	37 6	72 3	1 4	66 1	77 1	84 1	67 1	2 1	54 1	89 1	11 4	5 1	63 2	25 2	92 1	12 1	47 2	88 1	87 1	8 2	86 1	79 3	33 3	9 1	73 3	81 2	22 1	91 1	51 2	58 1	7 1	21 2	34 1	19 1	71 1	76 3	60 2	70 5	31 1	82 1	98 1	53 1	97 2	43 6	27 1	24 2	42 1	90 2	62 2	50 6	80 2	41 4	48 1	4 1	45 2	14 1	3 4	61 2	26 1	64 1	75 4	94 1	29 1	49 1	99 3	40 3	39 1	55 1	13 1	17 5	74 1	38 1	46 10	23 1	6 1	93 5	57 2	68 2	30 1	36 1	85 4	18 3	28 2	44 2	65 1	56 1	59 1
8 4	54 1	95 1	15 2	56 2	6 1	96 3	4 1	67 2	66 3	79 1	74 1	17 1	48 1	24 7	99 1	58 1	62 1	84 1	30 1	89 1	92 4	83 7	26 2	19 1	70 1	31 1	11 1	21 2	44 2	82 1	51 1	64 2	69 2	16 1	9 1	72 1	53 1	81 3	46 1	40 3	47 1	18 3	97 3	63 2	91 1	12 5	85 2	33 2	78 1	0 2	90 2	39 4	98 3	45 1	29 2	27 2	28 1	55 1	94 1	32 1	68 2	7 1	38 1	1 2	52 3	73 6	3 1	5 2	10 1	43 1	14 2	35 1	77 1	2 2	65 4	61 1	88 1	57 2	71 3	50 2	86 2	59 3	87 2	25 5	75 4	41 1	23 1	76 1	34 1	93 2	49 1	20 4	60 1	22 1	13 2	37 1	80 8	36 1	42 1
64 1	13 3	71 1	11 1	38 4	45 3	94 2	0 2	96 1	73 3	69 1	80 3	56 1	12 1	31 1	10 1	41 2	67 1	26 2	86 1	33 6	92 1	37 1	97 1	72 5	85 2	44 1	39 1	53 1	54 2	8 5	36 2	83 1	78 1	61 6	25 7	28 1	32 1	75 2	17 1	70 6	34 1	57 1	93 2	77 2	76 1	90 1	48 2	15 1	3 5	14 4	22 2	84 1	58 1	50 3	21 1	40 2	2 1	47 3	29 4	49 1	60 4	23 2	7 2	42 1	9 1	35 1	98 1	95 1	52 2	81 2	4 1	16 5	59 1	51 1	65 2	62 1	18 3	24 3	82 2	91 1	20 1	89 1	55 1	6 1	68 2	5 1	1 1	66 1	74 1	99 2	43 1	88 1	46 1	30 2	27 4	79 1	63 2	87 1	19 1
49 1	76 2	33 2	34 2	41 2	69 2	96 1	16 2	31 3	81 2	66 1	71 1	99 2	36 2	50 1	79 1	86 3	78 3	11 1	90 1	93 1	40 2	52 2	67 2	45 1	12 2	20 2	73 4	61 3	89 1	29 1	44 2	91 5	15 1	26 1	51 1	22 1	80 2	74 4	38 1	3 2	32 3	7 1	62 2	48 1	24 2	53 1	94 1	42 2	30 1	47 2	87 1	18 1	85 1	4 1	8 1	10 1	14 2	70 1	92 1	68 7	2 1	59 1	25 2	28 1	5 1	1 1	97 2	65 3	82 1	46 4	84 1	6 1	54 2	39 1	75 2	58 2	83 1	60 1	0 2	95 1	21 1	35 1	57 2	13 1	23 2	72 1	17 1	37 1	27 1	88 7	98 1	63 1	64 3	55 1	43 2	9 1	77 2	19 6	56 1
25 3	15 2	0 7	84 2	91 2	63 1	57 7	13 1	23 1	62 2	99 5	87 4	50 2	74 1	10 3	83 3	38 4	41 6	22 1	64 1	53 1	4 1	30 1	48 2	59 3	98 2	26 4	18 4	95 4	86 5	58 1	73 1	61 2	55 2	90 1	19 2	45 1	20 3	76 6	36 1	2 2	75 2	21 1	82 1	89 2	93 1	3 1	88 1	70 2	72 2	31 2	17 1	29 1	56 5	34 2	14 1	32 2	40 4	80 1	33 2	51 1	1 2	71 2	28 1	5 4	46 1	69 1	44 2	7 1	60 2	27 4	67 3	8 2	11 1	65 1	39 2	81 1	66 1	68 4	6 1	78 5	96 2	9 1	94 5	77 2	54 3	85 2	49 6	92 1	42 5	35 1	47 1	12 1	43 1	37 1	79 1	97 1	16 1	24 1	52 1
80 1	41 4	72 1	73 5	68 1	35 1	13 1	9 1	95 4	89 2	17 2	67 1	63 1	34 1	71 1	99 2	91 1	30 1	36 1	42 1	38 1	77 1	50 1	98 1	6 2	43 4	11 2	57 1	74 1	53 1	65 1	66 1	76 1	18 2	12 1	46 1	44 3	10 1	96 2	4 3	16 2	52 2	69 4	45 1	51 2	88 3	47 1	78 1	70 2	94 3	26 1	61 1	37 1	48 1	83 2	64 2	33 2	55 1	25 2	93 1	8 2	75 1	82 4	20 1	60 1	90 9	56 1	21 1	5 1	31 1	59 2	19 1	7 2	23 1	2 5	81 1	85 2	1 2	22 2	49 1	79 2	15 2	0 1	84 3	32 2	28 2	3 1	87 1	97 2	27 1	24 2	40 2	14 4	62 1	58 1	92 5	39 1	54 3	86 1	29 1
86 1	79 3	27 2	74 2	33 2	44 1	93 3	89 1	42 2	37 1	30 1	20 1	23 1	5 1	12 4	90 1	91 1	0 2	71 2	32 1	52 1	25 2	62 1	22 1	55 1	58 1	31 3	84 1	7 2	99 1	51 2	94 2	87 1	1 2	64 1	59 1	95 2	16 3	83 1	18 4	21 2	41 2	19 2	72 1	47 1	75 1	54 4	35 5	39 1	34 1	77 3	46 2	4 1	13 1	60 2	78 4	10 1	24 1	88 1	67 2	26 1	92 1	61 2	40 4	63 1	76 3	29 1	68 5	38 3	96 2	14 1	28 1	97 2	82 2	70 1	17 3	65 1	11 1	85 2	2 1	98 2	69 1	9 1	73 5	48 1	80 2	6 2	8 1	36 1	43 2	81 3	49 1	53 2	3 4	57 1	56 1	66 1	45 2	15 5	50 4
99 2	19 1	57 1	38 1	52 1	65 2	0 2	37 2	3 3	83 2	64 1	21 3	48 1	70 1	16 2	26 4	86 1	50 1	24 4	35 1	55 2	91 1	12 2	31 1	9 2	10 3	67 1	62 1	22 1	58 3	77 1	49 2	98 1	71 1	25 2	90 1	39 3	92 1	2 4	80 2	72 1	43 1	30 5	4 1	56 1	54 1	47 1	14 1	44 3	73 1	68 1	51 4	93 4	27 2	75 1	29 1	82 1	74 4	28 3	46 3	32 2	40 2	20 1	79 1	41 2	69 3	8 1	13 1	78 1	53 1	97 1	89 1	45 6	87 5	66 2	34 1	85 1	59 1	7 4	17 1	15 2	61 1	6 1	94 2	88 1	5 2	95 1	96 1	36 1	18 1	42 1	81 3	84 2	23 6	76 3	60 5	1 2	63 1	11 2	33 3
23 1	71 1	15 1	79 3	14 1	60 2	58 7	78 1	22 1	37 3	67 2	45 1	56 5	51 4	21 3	66 1	20 6	17 1	82 1	93 3	12 3	41 3	40 2	8 1	50 1	27 1	64 2	18 3	59 2	39 1	65 1	76 1	72 1	16 1	61 4	97 1	1 1	91 1	77 1	96 1	32 3	89 2	7 2	74 3	10 1	19 2	35 2	87 8	85 1	9 2	63 3	31 1	54 1	86 1	99 3	98 2	52 3	38 1	0 1	53 3	68 2	44 4	30 2	36 1	2 1	5 1	33 1	69 2	84 3	75 5	90 3	46 3	92 1	25 1	47 1	29 3	81 1	73 1	24 2	94 1	55 1	4 4	43 9	48 3	49 1	42 1	34 3	11 3	95 1	3 1	70 2	26 1	83 4	88 1	13 1	62 1	80 1	57 3	28 1	6 1
75 1	67 8	39 1	76 2	48 1	51 4	60 4	16 1	15 3	18 4	28 2	78 4	53 2	31 1	4 1	88 2	70 1	63 1	90 1	43 1	26 1	40 5	94 1	20 1	55 1	35 2	72 2	57 3	10 1	37 1	93 2	79 1	5 2	29 2	54 1	61 3	97 1	84 1	99 1	47 3	92 5	87 1	85 1	0 1	32 1	38 6	46 2	66 3	24 1	81 3	82 3	98 4	83 1	50 4	71 1	44 1	68 4	11 1	41 3	95 4	30 1	69 1	21 2	52 1	8 1	3 1	7 1	45 3	23 1	56 4	73 5	74 1	36 3	34 1	80 3	17 2	22 1	33 3	25 3	14 1	96 1	89 1	59 1	9 1	6 5	19 1	62 1	58 2	42 2	64 1	91 3	86 1	77 1	2 1	13 1	1 1	27 1	49 1	12 2	65 2
5 3	22 2	2 1	25 2	10 2	11 1	81 1	91 2	51 1	61 2	58 1	87 2	30 1	62 4	37 2	85 1	64 2	34 2	18 1	13 4	66 5	80 4	75 1	7 3	74 4	46 1	26 1	71 1	82 2	16 1	92 1	29 1	84 1	50 4	8 1	77 1	78 4	9 1	63 1	33 1	98 1	45 2	89 3	0 6	41 3	69 1	95 1	43 1	27 1	48 2	94 2	6 1	57 3	76 2	59 1	32 1	36 1	97 4	90 1	88 4	49 1	23 3	79 4	52 1	86 1	17 1	12 3	65 1	83 2	31 2	55 1	72 2	60 1	68 1	42 1	99 1	14 2	24 1	3 2	56 2	73 1	67 1	39 1	1 1	54 5	40 1	28 2	15 1	44 3	4 4	93 2	21 1	70 6	19 1	20 1	35 1	47 3	38 1	96 3	53 1
33 1	47 1	92 1	90 2	3 2	58 1	37 1	86 2	19 1	87 1	71 4	0 2	50 1	82 1	1 1	94 1	80 2	21 2	22 2	16 1	17 2	56 2	88 1	76 3	31 2	11 6	91 1	84 1	74 1	95 4	20 1	38 1	48 3	13 2	2 3	35 3	63 2	6 1	25 2	18 2	78 1	15 1	73 2	54 1	61 1	93 2	41 1	59 2	70 1	57 1	5 1	26 3	30 1	45 1	44 3	4 2	42 3	39 3	7 3	14 1	62 1	77 1	24 1	29 2	99 1	53 1	89 1	75 4	81 3	23 2	49 7	66 2	97 3	9 3	65 1	64 1	60 1	52 3	27 2	72 1	8 2	36 1	96 1	10 3	69 1	28 2	67 1	68 1	43 3	55 4	79 2	85 2	34 2	46 1	83 2	12 2	98 6	51 2	32 2	40 1
65 3	86 3	30 1	45 5	58 4	17 1	73 3	19 1	98 1	95 1	44 1	12 1	80 2	77 3	16 2	13 1	67 1	36 2	11 1	48 1	46 4	78 3	10 4	20 2	21 2	27 1	51 2	79 1	39 4	90 3	0 4	52 4	37 1	75 5	2 2	8 3	29 1	41 1	68 1	83 2	61 1	18 3	42 2	87 1	82 4	62 1	63 2	32 1	49 1	4 1	81 1	74 1	50 3	64 1	38 3	69 2	5 3	72 2	71 3	94 1	84 1	26 1	23 1	59 2	57 4	7 1	53 1	24 2	22 2	91 1	43 1	34 1	9 2	66 1	35 2	54 1	47 1	96 1	93 5	25 1	85 1	99 3	31 1	40 4	60 3	89 2	97 2	70 1	88 1	56 1	15 5	14 2	55 1	92 2	33 1	3 5	6 2	76 3	28 1	1 2
25 1	88 2	80 2	41 3	73 2	37 3	26 1	86 1	82 1	64 2	76 1	23 1	34 1	36 1	87 4	6 1	69 1	53 2	70 1	94 4	14 5	63 2	99 1	18 1	62 1	10 2	72 1	11 3	46 3	39 2	31 3	27 1	22 4	78 2	44 1	15 3	55 1	79 1	95 1	48 5	7 1	54 3	65 1	89 2	51 1	92 1	98 1	12 1	75 1	90 1	60 1	45 3	56 1	0 1	58 1	33 5	84 1	19 1	52 1	43 1	42 2	81 8	16 1	32 2	35 1	57 1	47 2	77 4	1 1	40 1	13 2	66 6	97 2	17 2	71 1	38 2	74 1	2 1	3 1	9 1	85 1	91 1	29 6	20 2	24 6	83 4	68 3	96 1	28 4	49 4	93 2	4 2	30 1	61 1	8 1	67 4	21 2	59 3	50 2	5 2
67 2	63 1	6 1	42 1	65 1	82 1	56 2	55 2	3 2	72 2	11 3	14 2	97 2	89 1	23 1	50 1	19 1	92 1	10 7	43 1	21 1	7 1	36 1	39 1	59 4	30 1	85 2	80 1	93 4	68 5	22 1	28 1	86 1	98 1	51 1	79 1	2 1	60 1	26 1	29 1	34 3	91 1	40 1	48 1	84 3	33 1	4 2	64 2	17 2	37 1	18 3	62 1	71 7	87 2	69 1	52 1	81 1	35 1	20 1	16 2	73 1	75 1	66 1	70 4	76 2	83 2	25 1	15 8	57 2	31 3	74 2	78 1	54 1	77 1	8 1	12 1	13 1	58 1	44 5	1 4	47 4	96 1	9 4	99 1	41 1	53 1	90 2	5 1	32 3	38 2	46 3	49 1	45 2	0 1	27 5	94 2	24 4	95 6	88 1	61 1
