50	90
84 2	45 1	88 1	27 3	77 1	66 1	5 1	71 1	13 1	44 1	58 1	50 8	31 2	76 2	10 1	1 1	67 1	52 1	83 1	43 4	81 4	85 1	63 2	49 2	11 2	57 1	19 1	53 3	26 3	75 1	6 3	17 1	39 1	34 3	30 2	69 2	7 5	54 3	73 1	22 2	16 1	87 2	29 1	72 1	3 4	47 1	40 1	65 3	28 1	70 2	18 1	36 2	20 1	32 1	2 1	9 2	35 2	14 1	64 1	60 1	23 1	61 2	59 2	46 1	0 1	55 2	74 1	78 4	79 5	42 7	38 6	82 2	15 2	33 3	21 1	62 2	48 1	41 1	8 1	37 1	86 1	12 1	25 1	24 1	56 3	4 3	80 1	51 1	89 1	68 1
71 4	55 2	2 2	0 1	53 1	22 2	37 3	29 3	77 3	61 2	41 3	70 2	79 1	11 1	14 2	8 2	64 2	86 1	1 1	54 2	56 2	59 1	45 2	73 1	4 1	32 1	17 3	30 1	38 1	57 2	47 3	78 1	39 2	65 1	18 5	13 2	62 4	35 1	69 2	63 1	72 1	83 9	20 3	25 1	76 1	5 2	82 1	81 1	36 1	42 7	67 1	85 1	44 2	7 2	48 3	74 4	6 1	33 2	31 1	28 1	60 1	51 4	16 2	24 1	23 4	19 2	26 1	84 1	43 2	68 2	58 5	34 2	52 1	87 1	89 3	3 1	49 1	46 6	40 1	15 1	80 1	9 5	10 2	21 1	50 7	75 3	66 1	27 1	88 1	12 1
62 3	43 2	72 1	60 2	69 2	63 1	85 1	40 1	52 4	77 2	81 1	30 1	0 1	61 2	15 1	4 1	25 1	9 3	37 3	16 1	50 5	39 1	10 4	65 2	33 1	54 2	41 3	20 6	73 4	74 1	14 1	75 2	78 1	2 1	35 2	38 5	17 1	19 2	71 3	55 1	3 3	46 4	64 1	27 3	6 2	59 1	82 1	24 1	86 1	26 7	68 1	51 1	84 2	44 1	32 1	13 6	8 2	42 1	5 5	11 1	58 2	12 1	34 2	57 2	22 1	48 2	21 1	66 1	31 1	67 2	7 1	28 1	53 1	70 1	56 2	79 1	49 1	36 1	18 1	47 2	89 1	45 2	88 1	23 1	83 2	87 1	76 2	1 1	29 1	80 2
57 1	4 1	47 1	7 1	88 1	84 1	54 4	9 1	22 2	33 2	37 2	70 2	13 1	17 3	27 5	82 1	12 4	35 1	19 1	53 1	10 1	28 1	30 9	59 6	48 3	42 1	34 2	77 2	1 3	20 1	56 2	21 9	75 2	71 2	24 2	81 1	78 5	3 2	80 5	23 1	40 1	58 1	87 6	31 3	62 2	83 1	25 1	41 3	6 3	14 2	51 1	49 1	43 1	63 3	66 6	32 1	36 1	65 1	68 2	5 1	44 1	0 1	2 1	45 2	55 4	16 3	79 2	52 1	73 2	15 2	74 1	18 1	46 1	89 1	11 1	69 2	76 3	86 2	38 3	29 1	72 2	60 1	64 1	61 1	26 3	39 6	67 1	50 2	85 3	8 1
14 3	35 2	40 1	23 1	9 1	88 1	54 2	34 1	6 7	62 1	4 1	58 1	16 1	70 4	87 1	18 1	5 1	31 1	10 2	11 2	30 2	33 1	56 2	86 1	43 4	57 2	66 4	21 1	17 1	65 1	50 8	13 1	46 1	81 1	61 3	7 2	85 2	27 1	64 2	79 3	80 1	28 1	52 1	19 2	47 2	72 2	3 2	8 2	60 1	36 3	51 1	22 3	24 1	39 2	69 1	67 2	45 4	82 1	38 2	1 2	26 2	44 2	59 3	83 6	77 2	29 2	25 3	37 2	68 1	76 1	73 1	20 1	74 1	32 1	84 1	89 2	0 1	71 1	49 1	53 3	48 2	42 2	41 1	55 6	78 1	15 2	75 6	63 1	2 2	12 1
73 4	50 2	81 1	27 1	8 1	21 1	30 3	89 4	68 2	34 1	56 3	38 1	84 3	33 3	20 3	5 2	44 1	41 1	22 2	75 2	51 1	43 1	1 3	86 1	64 1	29 2	42 2	63 1	3 2	11 2	80 1	31 3	77 6	10 1	53 2	15 1	25 1	79 1	62 6	57 2	71 4	28 1	55 1	9 2	24 2	47 3	58 4	23 1	54 3	59 1	0 3	35 1	18 1	49 2	2 1	60 1	82 1	61 4	45 5	87 1	76 2	13 3	70 2	36 1	78 4	72 2	4 1	6 1	14 5	40 1	12 2	16 1	67 4	39 3	52 1	48 3	65 6	7 3	19 1	83 1	85 2	37 1	74 4	88 2	69 1	26 1	17 1	66 2	46 1	32 2
66 9	46 2	5 1	87 4	21 2	9 1	78 1	83 1	11 1	31 2	4 2	16 1	3 1	84 3	35 1	75 1	81 1	32 3	20 1	27 1	43 1	23 2	54 7	82 2	72 3	56 1	70 1	45 2	25 1	52 4	64 1	17 2	26 1	69 3	67 2	53 2	89 5	30 4	0 1	49 1	19 1	51 3	33 3	77 2	6 4	39 3	29 5	41 3	36 3	12 1	7 1	15 1	2 1	40 2	48 1	61 1	74 1	88 2	63 2	24 2	28 2	34 1	73 4	38 1	18 1	1 3	80 3	58 1	62 2	14 1	57 2	37 2	13 1	50 1	47 1	60 2	8 1	65 1	55 8	22 2	86 12	10 2	76 2	68 2	42 4	85 2	71 3	79 1	44 3	59 1
70 1	75 1	16 1	6 2	28 3	44 2	35 2	0 4	4 1	87 1	74 5	22 2	64 1	61 4	42 1	50 1	3 2	27 2	60 3	47 1	58 1	49 1	51 1	63 1	52 1	76 1	30 2	10 1	31 1	80 4	72 1	1 7	26 1	9 4	66 3	43 1	36 3	29 1	5 2	7 3	14 2	11 1	23 1	81 2	82 3	78 1	71 2	33 2	46 2	56 2	32 2	54 2	45 4	18 2	40 1	85 1	13 4	38 6	79 1	20 2	37 2	84 2	2 3	15 3	24 1	19 5	8 5	55 1	77 4	83 3	68 8	69 1	39 1	62 2	48 2	17 1	88 2	57 1	34 1	25 4	89 1	65 1	73 1	59 2	21 1	41 2	53 1	86 6	12 3	67 2
63 1	42 2	65 5	29 1	59 2	28 1	84 1	45 1	89 2	10 1	35 1	38 1	17 1	71 6	4 2	30 2	3 1	43 1	27 1	50 1	44 1	19 1	37 3	39 2	15 2	34 2	67 1	76 1	73 3	31 4	47 1	40 1	0 6	81 6	46 1	25 7	1 2	21 1	58 5	23 2	18 3	62 3	69 3	77 1	36 1	33 1	32 1	60 1	9 1	22 1	49 5	13 1	68 1	8 1	56 2	79 2	2 2	72 1	78 2	83 4	11 2	52 3	82 1	86 1	80 1	7 1	85 2	20 3	6 3	74 1	87 1	88 1	57 3	66 1	48 3	70 1	24 1	51 2	41 1	64 1	54 1	12 1	75 1	61 1	55 1	53 1	5 1	16 4	14 2	26 1
21 6	39 5	50 4	42 2	77 2	48 2	54 3	37 3	86 1	4 1	1 3	36 1	49 2	81 1	82 2	78 1	74 2	14 2	66 2	75 2	57 2	16 3	9 2	8 1	70 4	87 1	31 1	60 1	7 1	10 3	45 1	69 1	20 1	28 1	34 1	59 1	47 2	88 1	40 1	85 1	46 3	68 1	62 1	89 4	53 2	18 3	76 1	30 4	83 2	52 2	80 4	79 1	38 1	56 1	19 2	26 2	58 4	32 3	11 4	67 2	71 1	13 2	61 1	17 3	51 5	41 1	44 2	3 2	2 1	43 3	29 1	12 1	5 1	15 2	22 7	27 2	84 3	63 1	55 1	24 1	65 1	73 3	64 4	6 1	25 3	0 1	35 2	72 3	23 2	33 3
34 3	4 1	20 1	88 2	18 1	77 3	56 2	2 3	70 4	8 2	81 1	69 1	24 5	80 1	46 2	23 1	13 2	86 1	33 3	82 2	17 1	10 1	89 1	32 1	87 1	19 2	3 1	84 1	47 3	41 1	50 2	12 1	71 3	0 5	78 1	76 1	38 1	45 1	16 2	25 3	65 1	6 1	48 1	29 1	5 3	49 3	68 1	54 3	62 1	36 1	11 4	79 2	44 1	59 2	26 2	35 1	31 3	67 1	73 1	58 1	60 1	37 4	1 1	22 2	74 2	28 4	7 1	15 1	57 2	61 1	40 1	14 2	27 5	42 2	30 1	51 3	55 3	53 2	52 3	9 1	64 1	43 3	72 2	75 2	85 1	66 3	21 3	83 1	39 4	63 1
39 2	18 1	37 2	65 1	41 1	56 2	49 4	89 2	7 1	6 1	27 1	69 2	24 1	45 2	8 1	21 1	59 2	0 2	85 1	73 1	70 3	43 2	61 4	30 1	77 1	34 1	20 2	31 9	87 2	79 1	42 2	3 1	26 1	81 1	57 2	44 2	23 4	17 1	22 2	12 2	83 3	50 1	53 3	64 2	32 2	75 2	16 1	78 2	84 1	68 1	11 8	63 1	28 1	62 4	2 2	36 2	46 1	4 1	10 1	66 1	88 2	52 1	15 1	60 2	33 1	86 1	35 1	72 1	80 4	29 2	67 1	25 3	71 1	19 1	82 1	38 3	9 1	55 11	51 3	76 2	54 5	14 1	48 3	58 3	13 2	1 2	40 1	47 1	74 2	5 1
25 1	21 1	74 1	63 2	28 3	57 5	60 2	44 1	23 1	6 1	49 1	8 1	81 1	86 1	87 2	72 2	24 3	34 2	39 1	80 1	45 2	29 1	37 1	70 2	0 1	2 1	76 1	9 1	82 1	7 1	18 1	41 3	1 2	56 2	58 1	20 3	48 1	67 1	47 3	68 1	78 3	61 1	46 1	36 3	32 1	65 6	4 1	30 1	53 4	88 2	38 2	55 1	77 2	26 2	73 2	27 3	10 1	62 2	3 1	54 1	15 2	33 1	11 2	84 1	5 2	17 1	71 10	13 1	83 3	31 2	35 1	75 2	40 1	50 1	64 1	19 2	52 1	16 1	42 4	69 2	51 2	22 5	66 1	85 4	89 1	79 1	12 1	59 1	14 1	43 1
89 2	46 1	23 2	88 1	22 1	63 1	45 4	32 1	33 1	65 2	50 2	39 1	44 1	34 1	26 1	70 1	79 1	40 3	81 1	56 3	74 3	66 3	78 2	24 2	58 3	35 1	47 1	2 1	59 2	7 1	18 1	19 1	80 1	72 2	53 7	71 4	85 3	10 1	1 3	68 2	11 1	69 2	25 5	37 1	16 4	8 1	87 4	62 1	67 1	48 2	27 1	41 1	14 1	17 2	28 3	64 1	43 2	4 1	29 2	5 2	55 1	61 3	60 1	54 1	31 1	6 1	51 3	82 3	57 1	86 3	38 2	0 1	76 2	84 1	3 3	30 1	75 1	73 3	20 2	49 1	15 1	83 1	13 2	21 1	52 1	9 1	12 2	36 3	77 1	42 1
65 3	12 2	83 1	88 1	21 2	89 2	3 4	37 2	14 6	68 1	35 1	15 2	13 2	44 1	60 2	25 7	34 1	31 3	86 2	10 2	64 1	78 4	75 7	49 3	28 2	22 1	24 1	6 2	45 1	55 1	26 3	85 2	84 2	53 1	5 1	9 1	41 1	56 1	59 1	81 1	42 1	11 2	47 3	54 1	36 1	20 1	76 4	39 2	7 1	79 2	1 2	18 1	67 7	2 1	17 3	87 1	82 1	61 1	70 2	52 1	50 1	58 1	69 2	57 1	29 4	38 3	63 1	71 1	72 3	48 2	43 3	16 1	33 1	77 1	23 1	66 2	62 2	46 4	8 7	27 1	30 2	0 1	80 5	19 1	40 3	73 1	51 1	4 1	74 2	32 3
87 1	82 3	39 1	3 1	0 1	52 1	69 2	30 2	59 1	41 1	18 2	13 1	56 2	72 1	28 1	51 1	27 10	75 1	62 3	45 1	40 3	1 3	83 4	5 3	10 2	54 1	23 2	66 7	70 5	63 5	17 2	9 3	33 3	46 1	22 2	29 1	26 1	24 3	31 3	21 1	47 3	50 1	6 6	60 3	67 2	37 1	16 4	53 1	74 3	86 1	15 4	19 1	7 1	64 2	76 5	57 1	61 1	25 1	35 2	8 2	34 1	78 5	11 3	14 2	58 2	85 2	88 1	44 3	4 3	20 1	43 1	55 1	79 2	89 1	2 1	77 6	49 1	32 2	71 1	81 1	65 1	48 5	36 1	12 3	42 1	73 1	38 1	68 3	84 1	80 1
50 5	6 2	14 1	74 2	38 2	11 1	85 1	57 1	68 1	84 1	62 1	41 1	17 1	34 2	8 1	77 4	13 8	52 1	80 3	47 3	22 1	79 2	86 7	24 3	78 3	48 4	28 1	59 1	76 1	60 2	36 1	65 1	15 1	26 1	61 1	7 1	33 2	45 3	3 1	71 1	27 2	29 2	56 2	1 1	39 2	42 2	66 2	5 1	0 1	25 1	46 1	83 1	35 1	73 2	70 2	10 1	67 2	69 2	89 1	63 2	55 1	43 1	9 2	81 1	58 2	2 1	23 2	54 3	20 2	30 2	88 2	87 1	31 2	44 3	82 2	49 1	21 6	4 1	37 2	40 2	72 3	19 3	12 2	64 4	75 1	51 1	16 1	32 1	53 15	18 1
48 1	15 1	40 4	33 1	36 2	43 2	63 2	23 3	66 1	80 2	6 2	30 7	3 1	14 2	10 1	55 2	88 1	46 1	57 3	79 1	41 1	58 1	34 2	62 4	22 3	64 4	82 1	1 5	72 1	16 2	4 2	37 1	0 1	71 2	2 3	70 3	76 1	21 1	53 2	17 2	83 3	61 1	68 3	60 5	77 3	67 1	51 1	20 1	13 1	39 2	7 3	27 1	42 1	8 1	44 4	24 1	87 2	78 6	75 3	81 1	38 5	74 2	12 3	9 1	69 4	52 2	49 1	85 4	50 1	5 1	86 1	26 1	18 2	31 1	47 2	29 5	59 1	19 4	45 1	89 2	84 1	11 1	73 5	65 1	25 2	56 3	32 1	28 1	35 1	54 2
89 1	2 1	24 7	68 2	64 2	43 3	82 2	22 2	19 1	27 3	57 3	65 4	70 2	46 1	18 1	52 2	11 3	10 1	0 1	23 2	86 2	87 1	15 1	39 1	3 3	13 3	38 1	29 1	80 2	5 2	14 1	78 2	73 1	47 1	83 4	16 1	75 1	61 1	77 1	55 3	32 2	48 1	26 1	34 1	84 2	50 6	69 6	12 3	72 1	7 1	53 1	1 1	17 1	88 2	36 5	4 1	59 3	30 4	41 5	9 1	8 6	51 4	85 1	81 5	45 2	31 3	33 1	6 3	66 1	56 4	20 1	42 1	37 2	76 2	62 1	74 2	21 2	60 3	79 1	63 3	25 4	58 1	49 4	67 2	35 1	40 1	28 2	54 2	44 5	71 1
88 2	22 5	72 1	14 1	34 1	37 1	7 1	18 1	48 1	61 1	82 1	42 1	21 4	62 1	26 2	81 2	84 1	23 1	83 3	53 1	52 2	2 2	51 3	30 2	57 1	36 3	56 2	4 1	11 2	38 1	68 1	41 2	80 1	69 1	89 1	70 2	54 1	40 1	71 1	20 1	79 1	74 1	32 3	25 2	3 1	47 1	16 2	86 1	27 3	43 1	65 2	28 1	6 1	59 1	60 3	44 1	31 3	49 1	12 7	75 1	5 1	39 2	66 1	46 1	24 1	13 1	1 3	77 3	19 6	33 1	8 1	50 5	15 3	35 1	76 1	78 1	55 2	9 2	64 1	17 6	67 6	29 2	63 1	87 3	73 2	85 1	58 1	45 1	10 1	0 3
19 1	15 2	12 1	72 3	79 3	59 1	75 1	24 4	9 4	55 1	30 1	61 1	74 2	33 2	60 1	50 1	38 1	28 1	80 3	67 1	4 2	0 2	11 2	52 1	63 1	66 2	58 3	89 1	46 2	84 2	1 9	76 1	8 1	53 1	14 2	44 1	29 2	37 1	16 3	40 1	47 4	54 1	68 1	27 4	35 1	51 1	36 3	69 1	42 2	45 1	49 2	77 1	73 1	64 4	85 1	71 1	25 1	57 1	62 1	56 2	2 4	20 1	88 1	10 3	7 2	34 1	13 5	18 1	26 3	83 5	43 1	32 3	3 1	22 2	6 1	48 1	39 1	23 1	78 1	31 2	87 1	21 2	86 1	81 1	82 2	65 2	70 8	17 4	41 2	5 1
66 1	7 2	78 2	17 4	48 2	33 3	37 2	8 1	54 1	76 1	83 3	58 1	44 1	74 1	19 3	13 1	65 1	11 1	51 2	88 2	55 1	23 7	4 4	82 2	56 2	16 2	72 3	64 2	2 9	36 1	45 1	20 5	10 1	15 1	89 6	39 1	52 1	32 1	12 1	43 2	27 1	18 1	34 2	59 1	40 1	29 1	77 1	14 1	61 1	57 1	79 1	86 1	31 1	68 2	24 2	25 1	38 1	26 1	6 1	9 1	5 1	84 1	49 1	75 1	1 4	87 2	21 1	81 1	35 1	30 2	50 1	0 1	73 2	3 1	62 4	80 1	47 1	67 1	70 1	53 5	28 1	71 1	42 1	63 4	46 1	41 1	60 1	22 3	85 2	69 1
15 4	24 5	60 1	66 1	9 3	21 1	27 1	23 1	2 1	53 2	29 5	50 1	19 2	45 2	1 2	51 1	37 1	8 2	43 3	54 1	30 1	69 3	41 1	84 1	0 2	47 2	46 2	52 1	70 2	85 1	76 2	61 1	57 1	88 1	39 3	18 4	36 1	78 3	22 5	26 1	63 5	14 3	58 1	42 1	77 1	17 1	82 5	64 3	65 1	73 2	87 2	67 1	86 1	12 2	35 1	38 1	20 4	3 4	71 2	83 1	31 2	5 3	49 2	74 1	11 2	10 1	56 2	13 2	62 1	72 4	32 1	55 1	75 2	33 5	40 1	44 2	80 2	48 1	89 2	79 2	68 3	6 2	34 1	7 1	4 1	16 1	59 3	81 2	25 1	28 1
70 1	44 2	53 1	10 1	72 5	20 3	50 1	80 4	88 2	71 3	30 1	23 4	55 2	21 1	67 1	13 1	7 4	73 4	37 1	4 2	66 3	56 1	77 1	87 1	76 1	32 1	78 1	46 3	9 3	60 1	40 1	38 3	61 4	54 1	0 2	41 3	57 1	24 3	84 1	3 1	16 2	58 1	1 1	33 2	25 2	6 2	17 3	59 1	52 1	82 2	34 1	75 4	5 1	81 2	68 3	19 1	35 1	62 4	29 1	43 2	86 1	28 1	74 1	8 2	14 1	22 3	39 1	42 1	45 4	48 3	51 1	47 3	18 2	31 2	2 1	89 4	63 7	12 2	15 1	64 2	11 1	27 4	79 1	26 2	36 1	85 1	49 5	65 1	83 1	69 3
14 1	39 3	80 4	32 2	6 2	77 1	17 1	43 2	12 2	55 2	33 4	16 7	76 2	26 2	9 3	61 2	79 1	45 2	58 1	67 1	15 2	74 2	31 1	24 1	68 2	59 5	1 4	20 1	25 8	65 1	52 3	3 1	35 2	13 1	71 2	83 1	56 4	62 1	5 3	2 1	0 5	69 2	70 3	86 1	63 3	53 1	37 2	88 1	81 1	36 1	40 1	75 8	48 7	21 3	30 3	41 2	51 3	11 1	46 1	18 1	49 1	78 1	84 1	4 2	85 2	89 5	60 4	64 2	73 3	66 1	50 1	19 1	72 2	38 2	27 1	47 1	87 3	44 1	28 2	10 2	57 1	54 2	82 1	23 1	7 2	29 2	42 2	22 2	34 1	8 1
27 1	62 1	44 3	15 1	34 2	16 1	6 2	45 4	9 2	75 1	14 2	5 1	67 1	60 1	70 1	33 1	76 1	86 1	42 3	50 3	29 3	8 1	72 1	63 1	46 3	73 2	65 3	79 1	84 4	55 1	1 2	78 1	87 1	20 2	89 1	81 1	0 1	64 3	83 1	40 1	30 2	53 1	68 2	24 4	54 2	36 1	37 1	59 3	85 3	11 1	13 1	47 1	22 1	32 4	10 1	25 1	35 1	61 1	23 3	49 1	66 3	80 3	82 1	7 1	51 1	12 1	88 1	58 3	17 2	19 2	56 1	21 1	69 2	26 2	57 3	48 1	71 6	41 3	74 1	43 1	52 1	77 1	18 1	2 3	39 1	31 3	4 1	38 1	3 1	28 8
47 1	86 1	58 2	69 1	20 2	22 1	34 2	61 2	26 4	81 2	15 1	63 2	41 1	10 1	18 1	23 4	77 4	6 1	66 1	21 1	85 1	62 2	67 1	64 3	59 1	57 1	11 2	14 3	45 1	80 6	28 1	56 2	55 1	54 1	44 2	43 2	70 1	72 6	83 2	42 6	27 5	79 3	4 2	49 2	39 1	48 3	12 1	60 4	36 1	29 1	17 3	0 4	40 2	68 2	2 4	5 8	75 2	65 1	76 2	82 2	73 2	33 1	19 1	38 2	13 1	3 1	46 1	31 1	89 1	52 4	53 1	9 5	37 1	87 1	30 5	78 2	24 1	84 1	1 2	35 1	25 3	7 2	74 2	32 1	71 1	16 1	88 3	51 1	8 2	50 3
60 1	47 3	87 1	57 3	28 1	75 1	23 2	13 1	5 2	21 2	22 6	86 9	17 1	72 1	10 2	59 2	26 3	67 1	58 1	49 1	19 1	89 2	0 1	52 1	64 2	16 2	36 6	68 2	33 3	45 1	8 3	32 2	14 1	27 1	15 5	62 1	50 1	25 1	66 2	54 1	53 3	37 2	78 5	80 3	85 2	1 5	34 2	44 1	46 2	70 1	31 6	73 1	56 4	29 3	2 2	42 1	76 1	55 1	41 3	18 1	88 2	11 1	61 1	38 1	24 1	30 1	4 2	7 1	82 3	3 1	71 5	51 6	81 2	12 4	84 1	63 1	39 2	77 1	6 1	48 5	9 1	83 1	65 4	69 3	40 1	43 1	35 1	20 2	74 4	79 2
7 6	30 1	73 1	86 1	52 2	2 5	20 2	17 2	26 1	50 1	83 2	79 1	1 1	32 2	3 2	71 1	29 1	13 1	43 1	46 1	60 4	53 1	12 1	22 1	59 1	63 2	15 1	39 2	49 3	62 1	48 1	0 1	11 1	14 3	38 2	27 1	37 1	65 2	40 1	61 1	47 2	5 2	45 1	78 1	23 3	74 9	58 1	42 1	44 1	85 5	82 1	21 2	10 4	77 1	24 2	84 2	6 2	25 3	31 2	75 3	76 1	35 3	41 5	19 1	80 1	57 1	51 3	72 7	18 2	68 5	56 1	67 1	55 2	28 2	64 3	4 2	54 5	70 2	87 2	89 6	33 2	66 2	9 1	34 3	16 1	81 2	88 1	69 1	8 1	36 1
63 4	15 1	25 3	51 2	47 1	36 1	80 1	86 1	19 1	12 1	45 4	56 2	1 3	9 1	83 2	44 1	48 1	6 4	30 2	38 3	31 3	76 2	61 1	79 1	4 1	20 1	64 2	42 1	72 1	11 2	13 1	82 1	69 1	87 1	65 1	10 1	78 1	52 5	81 1	23 1	77 1	46 1	89 4	68 2	55 2	21 3	17 2	49 6	35 2	8 1	2 1	26 3	58 2	27 1	67 2	60 1	22 2	75 4	18 1	37 3	33 1	0 1	5 2	40 1	41 1	59 5	53 1	84 1	66 7	14 3	24 4	28 1	57 3	85 2	73 1	62 1	54 3	29 1	88 1	43 4	7 1	74 1	70 1	50 1	32 1	3 3	34 3	71 2	16 4	39 6
57 6	21 2	84 1	8 1	54 2	10 4	25 4	74 1	87 1	44 2	83 2	86 3	50 1	75 1	66 1	73 2	40 1	55 1	34 1	28 2	0 3	30 2	19 3	58 2	70 2	89 2	32 1	18 2	17 1	1 1	9 2	27 2	29 6	71 2	41 1	88 4	59 1	69 1	46 1	64 1	36 1	12 1	14 1	65 2	26 1	13 1	62 4	3 1	38 1	4 1	78 1	56 2	48 1	24 2	16 2	5 1	23 2	63 1	60 1	85 1	77 1	79 2	33 1	76 1	53 1	11 1	80 2	67 2	47 1	81 2	72 1	49 1	37 1	52 3	42 1	31 3	61 2	51 2	82 1	68 1	35 1	7 1	45 1	20 1	22 2	39 1	2 1	43 1	15 2	6 3
26 4	62 1	37 6	36 1	40 2	58 4	9 2	83 1	2 1	82 3	53 2	85 1	7 4	30 2	10 3	34 1	74 4	89 1	88 2	14 1	49 1	31 1	22 6	56 1	39 5	16 2	0 2	8 2	1 2	65 1	44 3	32 1	6 3	71 2	41 1	68 1	79 1	12 2	50 3	52 2	25 4	54 1	20 1	42 5	29 1	46 1	81 1	76 1	18 2	35 1	13 2	69 1	51 1	19 2	21 1	45 2	78 1	75 1	63 1	11 1	5 2	43 3	66 1	59 1	72 2	27 1	48 4	55 2	80 2	77 1	15 3	86 3	60 1	64 1	84 1	47 2	33 1	4 2	23 1	57 1	70 2	87 2	3 2	38 2	28 2	61 1	73 5	24 2	17 2	67 2
12 1	30 4	55 1	78 1	48 6	76 1	72 3	14 1	71 1	29 4	85 1	21 5	32 2	44 5	67 1	0 3	47 1	89 2	56 2	57 2	39 1	80 1	13 2	35 1	27 2	4 2	20 2	19 1	24 1	62 2	64 2	77 1	87 2	79 2	88 1	82 4	8 1	5 4	46 1	2 1	75 1	18 1	83 2	60 2	3 1	7 4	28 6	69 3	22 2	9 3	15 2	10 2	63 1	81 1	6 1	52 1	11 1	1 1	37 1	23 1	65 1	61 1	41 1	31 2	68 1	53 7	36 3	49 1	66 1	73 3	59 2	84 2	33 3	50 4	17 1	86 1	54 1	74 6	38 1	25 3	34 2	40 4	42 2	45 1	51 1	58 1	43 3	70 1	26 1	16 1
60 8	84 2	72 2	80 1	46 1	9 3	24 1	20 3	50 2	52 2	55 1	1 1	33 1	28 2	29 1	6 1	13 1	8 3	66 1	71 1	38 1	15 1	53 1	42 1	31 1	85 2	41 1	10 1	32 2	26 1	48 3	65 5	49 2	12 1	56 3	14 1	77 2	75 1	39 1	81 1	51 4	59 1	34 1	37 1	87 4	5 2	22 1	35 1	27 1	70 1	2 1	43 2	19 1	63 2	67 2	89 4	88 1	58 4	21 1	4 1	62 1	16 2	79 2	78 1	17 1	7 1	68 1	76 1	30 2	40 1	57 2	74 6	18 3	23 1	44 2	0 4	82 8	64 1	69 7	86 1	3 2	25 3	73 1	45 1	11 3	54 1	36 2	61 3	83 2	47 2
29 1	51 2	19 2	16 1	81 1	82 1	80 2	40 2	6 1	77 1	65 3	23 7	54 1	55 2	33 1	7 2	67 3	75 1	86 1	9 2	84 1	26 2	64 2	57 1	13 1	41 1	37 1	62 8	89 1	76 5	36 1	50 3	18 1	43 2	52 2	5 1	78 1	24 2	63 6	12 2	56 2	48 3	28 1	31 1	59 3	72 2	32 2	3 1	35 2	2 5	60 3	44 3	14 2	27 2	79 3	74 4	25 2	20 1	39 1	68 3	11 5	69 2	88 2	49 5	87 1	83 3	61 1	53 1	45 1	10 3	46 2	70 2	71 5	47 1	34 3	0 4	38 1	85 2	22 1	42 1	15 1	30 1	58 1	8 1	66 6	73 1	4 1	1 1	21 1	17 3
24 1	73 1	87 1	71 2	34 1	85 2	54 3	78 1	69 1	63 2	15 2	31 2	29 1	1 1	4 3	77 6	36 2	19 4	2 2	70 1	57 3	32 1	74 1	79 2	47 3	26 2	80 1	52 1	83 1	66 1	55 1	76 1	68 1	5 1	22 4	49 1	9 3	6 1	86 2	12 3	53 2	17 3	39 1	81 1	45 1	50 3	89 4	67 1	21 1	60 1	82 1	62 2	61 2	37 2	20 3	48 2	65 1	46 1	7 3	41 2	23 1	35 1	13 4	10 3	30 1	3 1	27 2	0 1	40 1	88 5	64 1	16 3	25 1	11 5	75 4	28 1	84 2	42 2	44 1	18 1	59 1	56 1	43 1	72 2	51 1	58 10	38 1	14 1	33 1	8 4
66 1	64 4	26 1	14 1	35 1	4 1	50 3	73 2	36 1	19 4	7 2	52 1	30 2	47 2	78 1	60 6	49 3	87 1	24 1	0 1	65 1	63 4	57 1	2 2	75 1	51 3	18 1	85 3	41 2	38 1	46 3	1 2	70 1	39 1	56 1	44 3	69 2	31 1	15 1	16 2	42 1	33 4	10 2	9 3	27 1	34 3	28 1	74 5	89 1	5 1	67 2	12 1	17 1	76 1	79 1	68 1	81 1	83 3	22 1	53 2	58 1	54 1	40 1	82 2	62 1	6 4	11 2	59 2	80 1	37 4	86 1	3 2	32 1	29 2	43 3	71 1	55 4	72 1	88 2	48 1	77 3	84 6	20 4	45 3	13 5	23 3	21 1	61 2	8 3	25 2
22 1	10 4	39 2	69 2	21 4	4 2	33 3	59 2	54 1	35 2	25 1	34 2	63 2	14 1	26 1	64 1	61 1	88 1	79 1	68 3	75 5	8 2	32 1	49 1	62 1	48 3	89 1	77 1	44 13	37 1	72 1	80 1	57 1	18 1	51 1	28 2	0 3	87 1	23 1	47 1	16 1	56 1	78 2	46 4	12 2	17 1	24 3	42 2	43 5	29 1	40 1	9 2	65 3	84 1	73 1	71 1	7 2	66 1	67 4	15 1	5 1	1 2	76 4	6 2	27 3	86 1	13 2	74 2	41 1	2 2	50 1	83 2	31 3	52 3	70 2	45 1	58 2	30 2	53 1	85 1	60 3	20 2	38 1	55 3	3 1	11 1	82 2	36 2	81 2	19 6
60 2	31 1	84 2	55 2	17 2	53 2	69 1	29 1	47 2	73 1	36 1	37 1	30 2	76 1	9 1	51 1	75 5	10 2	67 3	89 5	22 1	35 1	58 1	59 1	70 4	25 3	79 1	18 1	0 1	74 1	78 1	26 2	71 1	81 1	12 2	66 1	15 1	1 1	6 1	77 1	41 1	88 1	49 7	8 4	19 1	2 3	39 1	33 1	54 2	56 1	87 2	46 1	65 2	85 2	83 2	80 4	45 3	4 2	64 2	62 3	28 2	68 1	48 1	38 1	40 1	43 2	3 1	27 1	86 1	14 2	5 2	34 4	24 1	72 7	63 1	21 2	13 1	23 1	57 1	44 2	7 1	52 3	32 1	50 2	11 1	61 3	42 2	20 2	16 3	82 1
25 1	17 2	43 3	38 3	86 1	8 1	45 1	81 1	65 1	12 3	39 1	29 2	48 1	72 2	47 2	9 1	60 1	79 1	19 3	7 1	52 1	37 1	18 1	82 1	35 3	61 7	6 5	55 6	5 2	64 1	31 1	74 2	63 2	40 1	4 2	53 1	42 1	36 1	44 1	20 1	33 2	21 4	30 2	78 2	66 1	23 1	80 1	69 3	89 1	57 2	54 4	87 1	83 3	49 3	46 2	58 1	28 2	34 2	56 3	77 3	85 1	50 1	13 1	10 3	70 1	62 2	76 4	41 4	15 1	73 2	27 1	59 1	22 3	11 1	75 3	67 1	51 4	16 1	84 2	0 1	2 1	71 1	14 1	1 3	32 5	24 2	88 1	3 2	68 2	26 1
66 1	45 1	60 1	9 4	16 3	83 1	87 1	79 1	74 1	15 1	11 3	73 2	75 1	25 2	22 2	21 3	40 2	36 2	34 1	63 3	69 2	85 4	48 1	37 5	38 4	58 2	65 2	72 2	29 1	55 1	35 2	62 1	14 1	10 4	1 1	78 2	89 1	82 2	88 3	44 2	0 1	17 2	84 1	52 1	28 1	46 1	19 4	59 2	30 5	64 1	70 1	24 1	50 3	3 1	4 4	5 2	61 3	41 3	49 2	56 3	7 5	12 1	76 2	81 2	86 1	68 2	67 4	54 1	32 1	33 2	42 2	31 1	18 4	51 2	26 2	27 1	77 3	47 1	23 3	43 3	71 1	20 2	13 1	2 1	80 1	39 1	53 1	8 3	57 1	6 5
88 3	64 1	38 1	34 1	54 3	57 2	46 1	44 1	81 1	4 1	14 1	73 1	86 2	30 4	2 1	51 1	10 2	53 1	8 2	87 1	7 2	43 2	59 2	84 2	35 1	62 2	15 2	42 3	19 2	76 3	49 1	31 1	56 1	70 1	61 2	74 3	25 2	11 6	66 4	28 3	40 2	72 1	83 1	5 1	65 3	12 4	27 1	47 1	1 3	48 2	60 1	75 4	13 3	52 1	6 1	50 3	45 3	68 1	78 1	18 2	33 1	20 1	22 1	63 1	55 3	69 1	82 1	39 1	80 2	37 4	89 1	21 2	77 2	24 2	85 1	17 4	23 1	0 2	16 3	32 2	79 2	26 2	41 4	71 1	9 1	3 5	29 3	36 1	67 2	58 1
36 1	86 1	67 1	16 1	54 3	60 1	9 2	56 2	70 1	72 1	5 2	15 1	27 1	74 1	71 1	68 5	37 5	0 3	4 4	11 4	39 1	75 2	76 1	59 2	1 2	10 1	28 1	7 1	79 1	66 1	32 10	85 3	57 2	6 1	35 3	8 2	58 1	52 2	23 3	62 1	26 2	55 1	78 4	47 2	87 1	48 2	38 1	45 1	51 1	29 2	44 2	19 3	82 5	50 2	31 1	13 3	42 1	49 1	34 1	17 1	43 1	84 1	64 4	40 5	63 2	77 3	24 1	73 2	25 1	33 1	18 3	41 1	3 2	12 1	81 1	22 1	2 1	20 4	69 2	65 1	53 2	88 2	46 2	21 1	61 1	30 5	83 3	89 2	14 5	80 1
74 1	56 1	85 1	17 4	9 1	68 3	37 2	28 2	88 3	1 3	83 2	55 6	71 1	70 2	76 2	41 1	20 1	27 2	11 1	62 1	35 2	0 1	66 4	49 1	61 5	82 4	80 3	4 1	77 1	5 3	14 2	23 2	40 1	8 1	47 2	43 1	31 1	25 1	86 1	52 4	78 1	18 1	6 4	33 1	75 1	81 1	59 1	10 1	72 2	21 2	65 1	3 2	89 3	73 1	57 1	84 2	60 1	38 1	42 1	51 4	32 2	24 1	87 1	44 1	64 2	34 3	22 3	69 2	30 1	39 1	16 3	2 1	54 2	53 1	45 1	15 3	50 4	63 5	29 5	19 1	12 1	36 6	79 2	67 1	48 2	7 1	46 1	13 5	58 1	26 4
27 1	16 1	59 1	8 1	38 1	20 3	28 1	36 4	68 6	24 1	49 1	43 2	22 2	37 1	67 4	64 2	66 1	76 2	47 4	48 1	57 1	6 1	40 3	26 1	39 2	56 2	4 1	61 2	75 3	19 4	84 2	53 2	42 6	21 1	63 4	73 1	79 4	83 1	34 1	13 2	7 2	46 3	54 1	60 1	31 3	50 1	0 2	12 1	58 2	85 7	82 2	86 5	30 1	81 2	65 3	72 1	87 2	23 1	29 7	44 3	10 6	14 2	25 3	17 1	70 2	52 1	15 1	62 1	77 2	69 4	32 1	80 1	1 5	11 2	71 1	78 1	45 3	51 3	3 1	9 1	5 1	55 1	33 10	18 1	2 1	41 2	88 2	35 3	74 1	89 4
8 9	4 3	87 1	74 2	5 3	60 1	32 1	59 1	49 2	38 1	58 1	40 3	15 2	81 1	67 5	63 2	21 1	79 1	25 1	36 1	0 2	14 1	35 1	22 1	78 2	20 1	28 1	61 2	68 1	3 3	42 1	37 5	56 2	65 2	82 1	44 3	12 1	71 1	50 1	55 1	84 1	64 2	86 4	75 2	18 2	66 2	76 1	45 1	69 1	77 2	17 5	6 1	16 4	23 2	53 4	34 1	72 2	27 3	51 2	13 3	11 3	57 1	70 2	2 1	19 4	31 1	73 3	88 1	83 3	47 1	10 1	41 7	46 3	24 1	80 3	9 1	48 1	29 2	33 1	62 6	85 2	43 1	54 1	7 1	30 2	89 1	1 1	52 1	26 1	39 1
86 2	24 1	12 1	88 2	68 2	83 5	71 5	26 2	67 4	54 3	1 3	4 1	52 1	50 1	74 1	80 1	33 3	43 1	63 3	44 1	62 1	11 1	82 1	17 1	9 2	76 4	49 1	16 1	7 1	79 1	19 4	20 2	0 3	23 3	6 1	31 1	56 1	69 3	13 1	38 4	65 1	84 1	85 1	46 1	2 1	18 3	51 4	47 2	30 2	34 2	8 1	87 3	73 1	81 2	89 1	41 1	36 1	60 2	5 1	29 1	42 1	77 1	40 2	55 4	25 5	53 1	21 3	37 1	22 1	14 1	45 5	66 2	35 2	59 1	39 1	58 1	72 1	61 2	57 2	48 1	75 3	15 1	3 3	27 2	10 1	64 5	28 3	32 1	78 1	70 3
77 4	89 2	79 1	20 1	24 2	27 3	45 1	34 1	8 2	37 2	35 4	83 1	53 4	33 1	60 1	76 1	44 1	59 2	0 1	12 1	30 1	19 1	65 1	17 2	4 5	31 1	25 1	52 2	49 1	2 2	3 4	9 3	22 1	14 2	80 3	11 4	51 1	5 1	23 1	54 7	48 1	21 1	43 1	40 2	28 4	38 3	13 2	18 3	70 7	58 2	10 1	81 1	74 3	16 1	69 1	63 1	75 6	73 2	55 3	64 1	56 2	26 2	47 2	72 3	82 2	85 1	1 1	86 4	15 1	6 1	66 1	57 1	7 1	46 5	39 1	42 1	84 2	50 2	68 1	61 1	87 1	29 6	88 3	78 1	62 1	67 5	71 5	41 1	36 4	32 1
21 2	19 1	15 4	6 2	34 3	73 1	86 2	56 1	10 3	29 1	31 1	59 2	9 1	70 1	88 1	61 1	42 2	0 5	76 1	11 1	18 3	79 2	28 2	39 1	82 2	16 2	68 2	53 7	63 2	37 1	35 2	5 2	67 3	72 1	89 1	12 2	51 3	2 2	32 1	7 1	78 1	85 4	48 2	38 1	23 1	58 1	8 3	40 5	27 2	41 2	84 1	45 1	64 2	55 2	22 1	74 1	4 1	77 3	30 2	17 1	43 3	69 3	3 1	26 1	54 1	50 1	62 1	65 2	60 1	57 3	36 7	33 1	75 1	24 3	47 5	83 3	49 3	14 4	66 2	25 2	81 1	1 4	52 4	13 1	87 5	80 5	20 3	71 1	44 2	46 1
52 3	58 1	40 2	64 1	71 1	79 1	67 10	21 4	12 1	35 2	25 5	7 5	27 1	84 3	78 2	43 1	42 1	46 3	76 2	68 3	11 1	26 2	8 1	61 2	69 4	31 2	39 3	59 3	75 2	36 1	51 2	0 3	22 1	77 1	66 1	82 2	55 2	72 4	50 1	29 1	89 1	49 4	9 2	1 4	38 4	16 1	53 2	17 2	62 2	54 1	33 2	10 2	5 1	65 1	60 3	20 1	44 2	15 1	88 5	4 1	6 1	14 1	23 1	80 2	45 4	47 2	48 2	74 1	37 1	86 4	18 1	85 1	83 1	28 1	57 4	81 2	30 1	87 4	32 1	13 1	19 1	41 6	56 1	2 3	24 1	34 3	70 2	63 1	3 1	73 3
