10	20
9 2	10 1	4 2	0 2	12 1	7 1	2 2	16 1	18 2	1 1	8 1	5 2	11 1	6 1	19 1	15 3	3 1	17 1	13 1	14 1
2 1	18 8	19 1	11 2	4 1	9 2	6 1	16 1	3 7	17 2	15 3	10 2	13 1	7 1	5 3	12 1	0 1	1 3	8 5	14 3
0 1	6 2	2 1	10 2	15 5	5 2	16 1	18 2	17 1	9 2	19 3	14 1	13 1	8 1	11 1	7 2	1 1	3 3	12 1	4 1
7 1	18 1	17 1	11 5	1 1	9 1	8 1	14 2	10 1	6 1	13 2	15 1	19 2	2 3	4 1	12 3	0 3	3 1	16 1	5 1
11 1	13 1	9 1	12 2	1 1	10 2	8 2	0 3	17 2	14 1	5 3	4 2	16 1	19 4	7 1	18 1	15 1	2 1	3 1	6 5
4 4	17 2	19 1	14 1	3 2	15 2	5 1	9 2	12 2	13 2	6 1	11 5	2 1	8 3	10 3	7 2	18 5	16 1	1 1	0 2
12 1	5 1	11 1	2 1	10 1	14 1	4 1	3 6	17 1	0 3	18 5	16 1	15 1	7 1	19 1	9 1	13 2	8 1	1 1	6 1
6 4	16 1	9 2	15 1	1 2	17 1	0 3	14 3	4 4	19 1	5 4	3 2	8 2	7 1	18 1	11 1	2 1	12 1	10 2	13 4
5 1	3 1	2 1	13 2	1 2	8 4	6 1	9 1	10 2	15 2	7 1	17 1	19 3	12 2	16 6	4 1	14 2	0 2	11 4	18 1
6 1	13 1	8 2	5 1	19 2	4 4	18 2	3 2	14 1	16 1	11 1	0 6	1 1	2 2	15 2	17 1	7 2	12 3	9 3	10 3
