90	80
40 44	12 55	71 43	10 38	17 47	25 47	3 52	13 46	14 53	22 52	46 53	54 52	68 58	45 45	24 48	77 45	76 46	28 52	11 49	70 60	60 55	16 51	74 45	15 46	21 46	37 54	50 53	64 41	0 56	58 54	36 47	48 55	2 54	5 51	56 39	44 47	62 57	26 51	39 50	57 46	30 46	55 45	1 46	78 47	66 49	41 53	31 52	33 45	67 51	7 53	8 52	43 49	73 52	4 51	27 56	34 50	59 52	42 54	75 54	72 48	18 43	69 50	35 48	79 41	9 52	47 60	20 53	63 54	32 54	38 51	61 56	29 48	23 52	51 48	49 51	65 46	53 43	19 55	52 49	6 49
47 47	40 48	32 53	15 40	73 47	57 49	71 48	70 48	43 46	46 46	2 56	0 56	13 55	72 52	61 51	6 52	30 41	54 54	29 51	48 51	76 53	58 57	28 55	45 50	14 53	1 54	63 51	8 51	21 50	78 59	37 46	77 43	79 50	67 52	22 57	53 56	11 52	3 44	17 60	35 49	62 52	5 53	74 49	66 48	50 57	42 49	36 56	19 47	9 50	60 46	69 52	25 50	51 43	44 52	23 49	26 46	4 45	7 52	16 51	31 51	10 54	59 45	56 49	27 48	64 44	55 54	68 45	33 41	20 50	24 45	49 58	75 35	18 43	12 48	52 50	38 43	65 47	39 47	41 54	34 45
53 52	40 50	79 51	15 50	19 50	54 57	34 53	17 51	73 49	41 46	2 50	45 45	25 52	26 45	77 52	1 42	33 55	3 52	28 51	68 48	14 52	56 54	65 47	59 51	36 56	30 49	48 47	43 49	44 50	8 55	66 48	55 54	38 45	51 56	20 53	24 50	62 49	12 52	16 51	57 53	69 40	52 49	18 58	75 60	46 55	27 47	11 51	10 47	13 53	78 53	32 52	35 52	61 43	21 45	50 49	67 51	6 41	9 58	29 52	22 63	37 46	71 42	63 51	60 46	58 52	76 55	31 52	7 56	42 57	5 53	0 51	4 54	47 52	39 51	72 56	64 48	70 53	74 53	49 57	23 57
24 46	30 50	34 48	49 49	25 47	68 40	46 56	79 53	63 57	18 44	75 47	39 52	19 50	27 51	9 53	52 55	59 53	51 51	47 57	5 52	73 63	29 50	77 48	37 51	71 52	74 46	8 47	44 53	14 41	56 59	70 54	57 58	3 55	65 51	36 43	12 47	41 46	69 52	33 50	55 55	61 58	58 48	64 42	32 44	78 54	26 46	6 53	20 53	35 52	50 50	11 55	43 47	54 49	45 37	1 49	48 44	10 55	0 49	4 43	72 51	66 52	13 42	60 50	2 56	67 52	76 48	62 49	7 49	28 57	16 52	15 64	22 50	40 56	42 56	38 49	53 53	23 49	21 44	31 51	17 41
55 47	16 48	25 56	50 49	36 56	5 54	73 49	70 48	72 45	57 42	53 47	11 51	54 57	32 48	74 49	31 52	66 49	21 47	71 47	28 43	44 49	24 52	52 46	62 48	68 44	38 45	2 46	9 48	64 46	79 56	48 49	34 49	77 54	7 52	76 47	30 51	40 54	56 48	12 53	19 48	8 44	33 54	1 51	18 57	39 44	78 46	10 46	4 55	41 51	69 52	42 53	35 40	65 42	26 55	37 58	17 42	43 42	75 47	59 46	23 50	3 49	6 35	27 44	61 57	49 49	22 50	13 57	63 44	46 49	47 46	20 43	29 53	58 49	14 44	51 50	15 53	60 53	67 53	0 46	45 48
42 58	40 56	8 48	61 41	54 52	66 50	33 57	17 56	56 45	44 43	29 51	55 53	77 53	28 43	67 52	7 53	18 50	76 42	53 59	9 52	15 50	20 49	78 44	13 54	32 45	48 54	6 53	0 59	26 48	74 40	21 58	16 50	45 54	63 54	69 65	3 57	49 46	62 54	24 47	68 55	43 46	1 48	70 47	2 47	22 40	38 49	75 58	19 55	14 53	4 49	5 48	60 41	41 46	57 52	36 58	46 53	73 59	37 49	59 50	79 47	10 53	47 44	27 52	72 48	11 53	64 49	12 51	52 56	71 49	31 38	35 48	58 56	51 49	65 50	34 55	23 46	50 48	30 41	25 54	39 50
73 57	48 58	18 39	32 47	25 53	52 47	14 47	27 43	49 55	72 53	16 49	74 58	79 54	78 45	7 53	8 58	6 50	24 54	58 44	28 45	33 47	36 46	5 52	46 45	50 53	39 46	67 49	76 54	22 53	68 46	70 48	31 43	63 53	1 46	43 55	69 49	38 57	61 59	19 63	26 49	57 41	64 44	9 44	62 54	17 45	21 51	30 48	55 49	20 47	3 52	51 60	13 49	77 50	23 45	54 47	53 62	4 46	60 48	35 39	11 48	40 54	59 48	56 43	65 49	42 50	12 51	75 44	2 52	45 52	71 50	0 58	34 47	29 45	10 33	44 42	15 42	41 55	66 51	47 52	37 49
11 54	59 43	18 45	26 52	36 50	33 47	45 55	4 56	38 45	40 44	13 47	57 44	35 50	31 60	43 60	32 49	2 52	63 61	16 43	28 46	66 42	29 51	23 54	69 52	74 49	56 47	10 51	6 57	8 51	46 50	22 40	44 49	9 48	21 46	34 46	73 52	52 49	62 47	0 50	3 50	65 49	77 45	68 63	78 46	49 52	20 46	25 59	75 57	7 59	17 52	41 42	27 47	51 49	19 47	30 49	47 41	48 48	12 45	60 39	72 55	58 49	1 50	64 50	15 51	24 52	76 52	53 55	14 47	37 49	39 45	61 48	71 52	5 54	70 42	67 50	42 53	50 53	79 45	54 56	55 44
61 53	22 54	4 47	48 53	10 52	24 51	56 57	9 49	60 54	11 55	63 59	30 49	25 49	17 48	34 50	26 52	28 50	58 51	54 51	21 50	2 53	6 43	41 46	8 53	69 49	78 60	36 47	16 50	68 50	35 52	77 58	12 52	18 50	75 46	59 50	55 55	50 53	51 47	57 62	72 54	15 58	76 55	67 53	33 46	47 44	5 50	43 55	62 59	73 46	13 44	53 54	70 53	23 47	65 58	79 47	64 48	29 42	0 41	44 51	74 53	39 50	7 39	42 53	45 49	27 59	3 52	31 46	38 55	49 55	46 54	14 45	52 52	40 44	19 48	71 59	32 48	66 50	37 46	20 52	1 50
51 57	36 56	44 46	26 48	5 50	79 59	28 52	42 54	22 52	8 53	6 49	11 51	4 45	52 49	59 41	7 52	40 44	43 53	78 41	71 49	75 58	70 56	35 46	47 53	66 47	74 47	65 53	13 54	38 46	45 57	68 41	16 50	33 47	25 51	69 46	21 47	17 48	29 57	72 45	34 45	10 48	64 50	58 41	48 60	61 49	3 48	49 45	18 39	73 56	32 48	2 57	30 43	14 52	62 49	54 49	19 54	76 52	67 51	24 46	41 53	31 49	9 59	55 44	20 51	37 48	63 44	1 49	27 52	60 56	23 55	12 52	46 44	50 50	15 50	39 42	57 54	0 42	77 57	53 54	56 44
69 44	72 52	75 60	13 48	15 48	44 50	35 50	76 54	51 47	47 59	27 51	56 55	41 51	60 43	38 51	7 55	78 52	65 54	25 52	79 47	32 54	43 51	71 52	4 43	66 50	50 58	36 48	64 52	54 47	10 49	18 54	57 51	49 51	14 42	21 45	28 49	74 51	8 59	26 54	19 50	59 54	46 44	22 53	0 53	45 44	48 51	2 54	34 46	67 52	11 58	9 45	33 53	70 48	68 63	53 49	52 51	31 47	42 57	55 55	63 63	30 48	73 52	39 46	1 40	37 48	3 52	61 58	17 43	40 50	62 49	12 51	24 43	5 40	6 41	16 59	29 55	77 54	58 40	20 50	23 49
57 51	78 46	67 58	50 65	71 46	7 44	37 46	62 59	5 51	13 40	58 56	15 55	12 43	23 58	8 53	69 52	61 48	38 51	0 55	51 59	52 50	11 56	77 54	19 53	31 54	36 47	45 51	66 47	21 48	27 45	18 57	73 49	49 57	47 58	64 55	53 59	75 49	60 60	6 44	56 48	32 47	24 51	70 46	4 56	68 46	28 53	63 48	26 54	33 44	40 42	30 57	74 46	42 49	43 52	59 56	3 48	20 52	39 59	65 54	72 47	17 47	35 47	55 47	54 52	1 55	10 39	2 47	9 53	46 49	34 52	29 53	25 54	48 56	14 40	79 54	16 49	44 46	76 43	41 44	22 57
34 53	45 49	16 51	75 53	23 51	59 48	26 49	78 43	66 48	61 55	35 50	13 42	70 50	7 50	33 55	40 54	38 53	11 47	54 47	20 52	69 45	15 49	72 50	28 53	51 43	18 50	32 44	14 49	47 50	53 55	65 52	6 50	56 50	5 51	25 46	71 61	31 44	73 52	30 50	39 57	12 43	76 52	41 57	62 51	63 52	8 54	44 42	48 48	46 50	49 47	1 48	21 53	58 51	42 37	9 55	57 54	4 51	67 43	36 53	60 44	64 45	79 50	17 50	68 54	19 58	24 50	29 58	0 49	10 48	55 46	2 49	74 51	50 48	77 48	22 48	3 57	43 44	52 54	37 50	27 38
39 53	79 46	73 48	21 57	8 44	11 45	47 42	43 53	14 46	71 56	46 46	36 57	5 50	59 58	4 55	78 41	57 49	22 58	42 52	44 53	60 45	35 49	76 50	33 54	68 58	70 54	7 48	65 51	1 48	63 53	20 44	69 54	45 52	72 50	34 57	62 45	13 47	24 51	23 48	67 38	37 51	6 47	28 48	32 51	19 38	52 31	54 60	15 50	75 53	50 51	51 36	77 50	40 55	66 58	30 51	27 50	2 52	3 45	0 42	58 52	64 46	53 48	9 46	61 54	55 43	49 54	16 39	48 53	31 55	18 49	41 54	56 48	17 52	29 50	10 51	26 43	12 51	38 47	74 44	25 51
72 55	56 52	61 53	45 51	74 49	38 51	32 46	12 45	66 47	40 47	19 52	7 46	50 53	13 48	8 50	76 47	62 48	29 53	78 54	48 48	20 52	59 50	16 48	4 44	68 50	47 49	70 46	46 53	69 53	2 53	49 55	15 51	23 55	55 47	5 51	65 54	36 59	24 58	64 58	67 51	54 64	26 54	21 43	77 38	44 50	39 52	60 49	10 46	18 52	51 43	30 59	58 49	71 45	63 48	6 55	41 56	17 53	57 52	34 51	52 45	28 43	14 53	11 36	9 42	27 39	43 60	75 44	79 56	22 57	42 44	31 47	37 50	0 45	1 51	53 48	35 60	25 47	33 46	73 65	3 54
54 48	40 51	76 42	58 54	55 48	37 43	12 50	2 46	61 43	41 52	18 46	52 57	47 46	50 59	72 50	31 54	16 56	5 43	45 44	17 48	28 45	20 45	70 46	36 43	69 50	59 54	11 49	56 57	30 52	67 49	49 55	42 46	78 50	43 49	63 49	24 50	32 52	48 57	29 49	10 46	62 54	64 54	6 57	38 54	60 52	35 44	23 54	3 43	51 45	1 48	68 45	73 51	19 49	22 46	25 54	66 57	0 49	39 54	33 46	9 43	7 56	26 54	27 54	15 48	53 42	57 42	21 52	71 53	77 50	74 50	75 50	44 46	14 51	13 49	79 47	65 53	4 52	8 44	34 51	46 59
13 50	59 44	15 46	34 60	28 48	75 53	47 47	61 59	41 48	23 42	73 50	30 51	56 62	63 50	48 42	38 51	1 58	50 52	32 54	37 57	0 51	33 49	20 46	22 52	70 54	29 52	66 52	4 49	78 46	27 49	54 43	19 44	55 51	10 54	67 57	14 49	46 51	31 45	3 52	76 51	40 50	42 54	57 52	68 51	11 43	77 55	26 51	25 54	53 55	2 51	24 51	43 38	60 56	17 52	18 48	72 52	52 45	12 42	74 48	8 54	35 50	64 50	71 53	45 49	21 57	36 53	5 54	49 41	7 36	58 44	16 51	65 46	9 48	69 49	44 51	39 53	51 51	6 50	79 50	62 43
61 53	18 50	45 45	39 47	72 48	46 50	20 41	48 50	16 46	44 51	79 46	15 51	53 55	66 51	26 50	42 47	49 53	36 59	23 52	51 53	41 56	33 53	50 54	73 56	52 47	30 48	64 47	71 50	47 47	12 60	35 47	56 50	54 51	25 57	40 46	27 54	43 41	65 42	5 49	19 50	55 52	67 44	31 49	59 53	28 51	0 43	74 47	69 48	11 52	1 47	78 49	2 54	3 57	60 44	14 48	62 47	4 51	37 45	38 48	13 45	8 54	68 50	29 48	17 48	63 46	34 49	77 50	58 47	21 47	24 45	32 48	6 51	9 47	7 46	76 50	57 49	10 55	75 49	22 41	70 41
52 57	79 50	14 54	47 53	33 39	32 43	8 56	49 46	59 57	75 54	68 47	42 59	27 55	41 53	72 52	5 52	67 53	61 42	73 46	9 63	74 57	46 50	29 57	53 44	60 56	1 41	56 53	6 45	39 44	54 51	77 45	55 44	15 52	19 52	3 53	66 52	23 40	71 56	69 56	21 48	26 64	62 47	24 55	36 44	35 55	43 57	76 46	11 54	28 50	0 53	64 51	20 47	51 45	48 47	25 41	31 52	18 57	10 51	7 48	58 44	4 47	65 55	78 57	34 50	16 47	30 47	38 57	13 48	22 54	70 57	44 45	57 51	40 45	63 46	12 50	37 49	45 50	2 50	50 57	17 53
68 40	67 57	19 44	73 54	10 46	35 50	21 47	16 51	29 52	62 50	25 53	3 51	46 53	14 50	61 55	11 55	20 54	41 43	43 50	63 52	69 46	42 55	27 47	77 52	55 55	59 48	76 53	60 46	34 59	72 49	36 60	32 51	54 47	75 51	31 43	64 52	58 49	8 42	48 49	52 51	38 48	70 60	44 56	65 50	0 48	79 47	24 47	28 58	57 47	40 47	56 54	47 46	49 42	37 44	1 54	18 46	2 48	4 50	33 48	51 54	6 46	45 45	17 60	12 46	7 51	39 43	5 58	13 44	78 51	26 47	71 41	22 55	30 57	15 43	74 50	66 45	53 48	50 41	9 54	23 59
46 52	34 56	36 48	26 40	7 47	41 44	68 53	70 45	49 58	13 50	24 49	31 51	4 47	11 35	63 47	60 54	35 57	53 55	33 56	51 56	8 43	72 46	9 49	16 53	61 53	48 59	5 53	75 49	10 49	50 41	54 52	64 41	43 52	40 62	29 44	62 53	55 50	20 52	74 55	37 54	38 50	39 55	27 37	69 45	21 53	47 39	44 49	2 49	71 45	78 50	77 49	65 43	66 56	12 53	57 52	17 55	79 46	76 63	73 56	1 50	25 49	6 56	0 63	3 45	18 49	32 46	45 43	67 64	28 50	30 58	14 54	22 52	23 53	59 57	58 53	15 50	19 54	42 54	56 54	52 47
47 51	61 52	73 41	53 50	63 43	10 47	19 47	15 38	71 43	54 54	1 47	74 52	28 47	55 51	42 54	16 45	20 41	77 48	11 55	79 49	67 46	58 41	45 50	25 43	57 53	41 46	3 58	37 46	21 51	8 51	17 47	76 58	30 52	66 48	46 51	68 48	12 43	4 43	65 52	56 49	75 47	78 54	35 52	14 46	23 47	51 51	50 51	5 50	43 46	44 56	34 40	69 57	38 52	60 46	31 44	64 58	72 50	9 51	59 58	36 55	62 52	13 51	6 48	48 51	52 45	27 55	32 54	40 42	0 52	24 55	70 52	39 46	26 49	22 42	49 51	33 56	18 61	29 48	7 50	2 51
34 48	69 50	44 48	45 47	62 45	50 45	15 45	64 48	30 49	59 55	9 47	66 47	36 55	20 50	52 50	54 42	6 39	22 51	11 49	8 48	3 55	16 45	32 46	10 51	37 48	63 44	65 39	46 51	47 56	76 55	49 43	77 44	61 46	0 54	60 45	35 54	48 53	78 58	31 55	2 47	13 44	21 51	42 59	79 47	58 54	33 48	41 50	24 50	72 53	67 47	27 47	55 55	19 47	40 46	14 51	74 49	70 52	75 46	28 56	56 50	57 48	12 50	71 42	4 54	1 48	29 50	43 48	38 50	39 42	23 52	18 47	53 48	5 50	17 59	25 42	7 54	68 51	73 50	51 55	26 46
1 47	26 45	6 45	41 41	75 48	9 57	45 52	12 38	49 60	39 55	60 56	54 56	31 46	61 49	77 40	70 48	73 56	44 54	22 53	13 44	18 44	20 44	63 51	10 51	67 52	29 44	38 55	50 51	2 51	34 50	65 46	57 47	40 49	74 48	64 46	33 40	30 58	55 47	56 50	47 55	76 56	79 47	52 58	53 49	59 54	37 50	72 53	78 55	5 50	36 47	68 53	16 51	42 50	19 46	8 44	3 54	58 60	11 47	69 41	43 51	51 42	27 56	23 48	66 50	7 32	0 48	14 52	17 49	46 53	4 41	21 51	48 49	71 50	15 54	28 49	24 47	62 51	35 50	32 44	25 53
27 51	40 40	5 47	10 59	77 52	23 57	3 56	75 49	32 51	76 58	55 51	46 44	69 50	41 54	18 49	7 50	17 50	34 46	60 46	16 50	30 53	24 46	2 55	35 51	56 52	78 44	48 49	67 43	25 44	11 53	29 42	62 51	59 56	19 51	70 58	13 50	51 64	1 56	22 46	68 51	38 53	6 53	63 46	44 55	33 51	20 57	57 50	39 51	43 52	37 45	31 51	36 56	26 59	28 50	49 49	8 50	42 40	21 56	64 56	52 49	15 55	45 45	71 52	14 52	12 58	53 57	66 55	65 45	72 48	73 46	58 46	0 53	61 46	74 42	9 44	79 48	4 60	50 54	54 47	47 47
2 43	35 44	46 55	69 61	60 49	70 45	9 44	34 50	11 60	8 57	68 54	20 59	12 38	37 45	43 47	30 50	74 58	61 50	15 39	25 58	79 51	45 57	56 52	17 44	75 40	29 50	39 37	72 47	52 46	28 46	54 39	21 46	0 52	48 51	14 57	57 49	66 55	53 41	36 43	50 47	65 48	27 47	59 52	5 50	44 48	16 45	64 51	47 49	10 51	32 53	63 51	40 53	22 52	33 48	58 59	76 46	24 44	55 48	26 46	73 43	19 47	71 47	1 48	51 51	3 58	4 55	7 50	77 42	31 44	18 47	6 47	49 48	23 43	13 46	38 56	42 53	41 49	67 44	78 54	62 47
37 44	42 60	3 42	13 55	77 42	66 55	39 63	73 53	34 37	14 59	16 52	72 55	69 44	51 54	41 51	43 54	19 48	52 45	56 49	7 50	76 52	17 45	64 53	11 50	0 52	8 50	2 50	10 50	46 48	70 56	24 44	38 53	30 47	79 56	29 43	61 42	65 58	36 44	40 46	55 45	5 52	6 43	12 55	15 48	9 54	78 47	57 52	63 50	33 50	1 55	22 50	53 49	44 50	35 52	48 58	60 44	54 48	23 44	67 48	74 48	75 56	45 47	25 50	28 50	71 45	59 46	18 45	31 42	62 47	68 45	4 55	58 50	32 43	49 53	50 61	47 51	26 53	20 57	21 51	27 53
65 56	33 50	38 49	48 50	58 58	64 39	32 53	61 49	37 51	22 49	68 45	40 44	0 52	59 50	29 55	11 50	18 55	54 60	4 47	17 46	9 51	50 53	60 42	10 48	1 50	26 47	36 59	7 47	45 53	35 51	39 56	8 48	49 49	73 46	76 52	41 48	27 54	78 53	14 43	13 53	34 51	46 56	75 42	19 53	5 48	52 50	70 53	25 51	44 46	62 50	24 49	23 49	69 46	30 58	63 50	53 55	51 53	21 55	79 53	74 47	67 58	2 57	72 48	28 51	42 51	71 48	47 52	3 48	43 48	55 46	20 42	66 47	15 49	16 48	57 62	31 43	77 51	12 44	6 46	56 42
24 49	0 45	21 55	40 50	47 45	19 43	6 42	77 57	70 42	3 52	32 50	67 42	45 50	51 53	64 48	78 49	52 48	37 46	25 48	16 47	58 49	75 47	35 39	31 57	41 43	68 39	53 50	22 38	72 60	10 59	9 56	18 44	20 38	2 63	57 52	23 47	48 48	42 46	1 47	29 56	61 53	59 46	76 51	63 58	33 47	73 57	44 46	79 47	39 58	11 46	66 57	26 56	60 52	71 47	14 46	15 56	12 55	27 44	56 47	30 50	7 48	36 53	4 52	38 51	49 41	65 55	54 48	46 46	69 52	62 56	13 41	34 49	43 57	55 49	74 51	8 46	50 49	28 42	5 50	17 52
43 52	59 58	14 53	34 57	52 51	38 55	22 50	24 55	64 55	65 51	27 41	18 60	37 58	39 54	60 46	72 55	36 49	20 43	31 55	68 48	58 48	48 50	33 56	69 56	17 55	73 42	21 53	51 58	12 50	0 44	2 49	5 46	4 48	76 55	19 46	66 52	28 49	54 59	67 49	15 51	32 55	3 47	79 50	13 47	35 48	9 52	53 50	45 44	11 47	41 55	47 54	70 55	8 56	26 54	78 49	50 54	55 50	1 58	23 50	40 52	61 50	6 46	16 52	62 63	25 49	30 49	42 46	44 55	63 63	7 51	56 50	71 56	77 58	29 57	75 40	49 58	74 46	10 48	57 56	46 53
54 48	35 49	27 45	6 49	68 46	77 39	23 50	12 47	62 55	20 55	71 49	49 49	47 47	28 52	44 45	56 47	69 46	59 46	17 44	38 47	4 59	31 44	72 48	29 51	45 57	79 46	58 56	36 62	60 46	2 59	30 50	43 56	74 52	14 53	57 49	25 50	52 41	70 47	46 47	39 49	18 43	11 50	16 58	78 51	7 58	37 54	73 51	26 42	8 51	40 56	48 53	55 43	13 45	22 47	61 49	41 58	9 44	19 42	75 57	66 57	42 48	10 57	65 52	51 49	15 49	33 45	53 51	64 53	3 47	24 54	34 55	21 50	63 48	67 55	50 49	1 50	32 46	5 54	0 41	76 64
72 48	44 51	67 53	74 49	28 43	37 42	69 51	46 47	15 60	29 45	5 60	79 50	58 43	16 47	55 42	42 53	18 50	47 43	8 48	33 41	49 46	51 45	68 49	71 53	66 46	7 52	3 43	35 45	20 43	62 56	19 51	23 44	53 55	54 41	9 46	52 42	75 50	60 45	39 49	22 47	30 47	59 50	56 45	4 50	27 50	43 51	45 45	38 52	31 54	41 48	25 44	63 46	64 47	2 55	78 49	65 61	6 45	17 55	76 47	12 58	1 51	73 48	48 42	34 52	57 46	32 51	24 41	14 48	50 56	13 48	77 59	21 53	10 51	40 47	36 54	61 55	26 47	11 50	0 50	70 51
57 47	28 45	53 49	20 53	45 57	52 49	37 50	71 49	62 56	10 49	32 57	27 52	11 50	51 47	64 49	13 40	40 47	68 45	34 47	5 40	4 46	61 50	7 50	9 57	0 52	44 50	17 56	29 54	49 49	2 46	63 50	66 45	67 46	1 49	15 52	54 37	26 49	65 43	35 56	70 45	60 53	42 53	23 47	76 50	48 54	77 49	19 52	16 44	73 50	69 49	33 42	14 52	47 59	75 52	78 51	30 55	3 50	55 48	31 46	21 51	79 53	72 54	24 57	58 52	46 61	38 56	43 47	25 43	18 50	59 41	50 52	74 59	36 48	8 48	39 52	12 51	6 32	22 52	41 55	56 48
18 47	29 50	65 48	41 49	36 52	42 36	79 51	49 51	12 50	6 48	16 54	14 53	10 57	33 49	52 58	64 42	9 48	69 46	21 48	38 50	13 44	22 48	43 55	61 49	26 50	72 47	57 42	8 45	0 51	77 48	58 44	54 59	66 51	28 45	67 49	35 47	76 45	60 51	78 47	46 55	40 52	31 46	3 35	37 58	62 40	32 54	25 47	73 48	11 51	2 45	39 51	5 51	23 49	47 47	7 41	48 45	17 53	34 54	27 50	24 55	44 50	20 54	19 45	74 48	56 47	30 49	63 56	45 60	75 52	15 47	71 43	51 55	4 51	59 49	70 49	53 49	55 55	50 49	1 56	68 48
15 53	68 54	74 51	73 52	28 51	0 54	55 47	76 48	2 44	7 52	40 45	35 58	23 59	29 38	36 52	19 53	72 53	9 50	16 46	50 46	70 46	47 43	31 48	18 41	17 43	38 51	14 53	52 44	60 49	41 46	56 47	1 57	12 52	66 50	43 50	30 46	75 51	27 54	25 46	59 47	20 56	10 46	78 45	48 44	5 52	6 48	63 44	64 49	58 52	46 61	21 52	24 53	54 48	61 46	32 46	77 50	79 47	57 45	53 59	62 48	39 47	34 45	45 43	42 56	11 43	44 48	65 53	33 46	22 53	71 52	13 45	67 56	51 44	3 53	49 44	4 56	8 50	26 43	37 61	69 42
27 52	76 47	21 54	22 58	50 47	54 57	75 53	15 41	4 54	69 48	49 41	18 49	7 48	9 57	23 54	64 44	71 58	45 49	19 45	32 55	48 61	51 56	12 53	68 53	58 48	78 44	11 61	0 55	61 40	79 55	46 52	24 46	41 53	1 50	8 58	43 53	42 49	13 43	2 40	16 51	55 47	66 47	67 51	34 53	77 54	62 47	20 50	59 42	30 54	74 49	70 52	39 53	31 48	60 48	40 45	63 50	72 45	35 49	25 55	14 57	37 48	47 37	52 47	73 49	17 50	36 47	57 51	5 60	44 53	56 43	10 45	33 46	28 54	38 50	26 53	3 50	6 51	53 52	29 48	65 51
25 49	9 42	2 47	6 54	5 49	41 51	52 50	53 55	54 50	72 54	12 49	73 49	64 46	65 60	3 55	48 57	7 42	51 50	0 57	56 44	62 59	32 44	74 50	22 45	20 44	69 49	33 46	18 42	75 46	61 44	45 56	29 59	70 50	37 42	31 38	4 44	43 50	78 50	15 50	16 50	60 58	24 57	11 52	23 51	63 49	68 51	42 56	79 52	49 50	38 53	13 48	40 52	35 56	67 46	39 44	34 45	21 51	77 45	19 47	76 47	28 47	55 48	71 50	8 46	14 50	26 43	17 53	30 45	10 49	59 46	47 51	50 45	66 45	57 53	46 53	44 52	36 55	58 57	27 47	1 49
62 52	55 51	74 42	58 47	44 45	60 48	13 49	67 56	8 58	68 50	14 45	31 51	37 46	28 46	26 50	36 53	3 54	32 51	17 53	49 51	41 57	65 50	1 50	43 45	48 54	76 43	39 48	69 54	5 54	51 54	35 58	46 55	21 43	38 48	42 61	18 52	72 50	6 50	40 55	15 59	64 60	9 36	29 47	61 55	30 48	24 61	0 43	45 46	33 55	77 50	78 47	73 50	16 48	20 51	34 49	7 52	57 47	70 54	23 48	47 45	66 60	54 56	25 45	71 55	79 56	53 58	22 51	59 55	63 45	19 47	56 55	50 49	10 44	52 50	12 51	11 39	75 44	4 50	27 52	2 49
35 48	15 57	25 53	77 50	21 57	27 50	68 46	33 50	73 58	32 44	8 51	78 54	42 45	70 42	55 45	51 47	2 58	38 46	50 53	71 47	36 49	11 50	54 60	3 50	18 56	72 47	58 56	52 41	61 45	30 48	41 52	37 53	39 44	13 42	12 37	76 55	67 48	45 43	63 43	16 58	29 64	17 52	31 46	40 54	48 49	53 47	26 47	6 49	59 54	74 56	62 51	56 47	24 52	22 49	47 52	1 42	75 45	23 50	69 47	0 49	60 47	43 46	57 49	14 52	34 48	79 53	66 40	19 40	9 51	5 40	28 55	7 53	46 43	65 50	44 40	4 53	49 47	20 56	64 52	10 45
23 56	7 50	66 52	47 38	20 44	55 53	29 36	60 52	31 39	22 46	79 51	11 56	52 49	17 51	65 43	32 52	46 46	33 44	54 49	6 42	62 46	71 50	69 49	57 41	43 52	78 51	34 49	76 53	51 53	74 51	18 49	13 46	19 49	58 55	72 43	67 58	50 56	21 43	1 42	10 42	35 52	0 49	73 47	26 51	70 49	41 49	45 48	39 53	64 55	8 50	28 51	4 47	56 39	12 57	44 52	38 48	30 49	3 54	53 52	24 55	77 54	36 58	49 54	63 49	42 46	59 47	61 57	14 54	5 47	9 53	40 54	48 49	68 52	2 45	75 51	16 48	37 41	25 45	27 56	15 54
73 49	43 46	24 45	10 52	63 48	69 45	18 54	8 51	58 51	45 55	49 51	41 49	78 54	54 42	15 51	72 51	29 47	67 45	17 52	1 55	13 49	64 50	21 57	46 55	52 49	7 59	53 50	12 51	60 54	47 50	22 61	28 46	38 45	19 50	39 54	27 56	31 51	0 44	6 47	42 52	56 58	2 51	51 48	3 49	9 58	66 49	40 62	48 46	5 54	44 39	74 53	35 45	26 56	16 51	32 43	11 64	34 48	25 58	62 57	57 43	76 55	79 49	59 45	50 53	61 48	4 46	33 47	68 48	70 49	71 52	75 58	77 52	20 53	36 47	23 46	14 42	55 51	37 52	65 44	30 45
63 50	4 61	58 46	18 46	43 44	68 54	12 55	34 49	2 45	39 52	47 55	46 56	36 58	25 48	7 52	78 54	37 49	28 46	14 51	17 48	49 43	40 42	55 49	24 55	64 60	66 51	54 50	8 47	52 45	41 55	15 50	38 55	29 45	79 44	9 53	61 54	44 55	59 59	67 44	74 51	23 52	5 40	53 49	6 48	75 48	73 50	0 50	35 55	26 49	16 34	48 56	30 53	71 50	65 52	13 57	45 52	72 48	60 50	3 45	50 48	20 50	76 51	57 57	27 51	31 53	56 55	21 47	77 55	33 43	10 58	51 52	22 48	62 50	1 45	69 60	11 45	32 52	70 53	19 57	42 52
17 49	43 56	56 48	47 47	40 36	34 54	25 52	12 42	62 48	71 51	22 47	54 48	68 46	24 49	60 51	78 46	33 59	39 52	51 47	42 45	65 54	2 54	23 55	10 57	18 38	64 54	27 50	1 54	72 51	7 51	69 52	13 52	35 44	21 54	30 51	73 54	20 52	46 50	67 54	70 55	29 54	6 48	45 41	59 48	31 51	8 48	16 44	9 45	55 47	19 46	52 53	50 41	4 49	79 56	63 52	38 50	32 49	3 44	53 55	66 51	48 50	76 47	5 47	0 56	74 43	11 56	14 57	15 59	44 47	36 50	41 49	77 46	58 58	57 51	28 49	61 53	37 54	75 40	26 55	49 54
47 46	8 52	35 50	79 44	38 49	67 46	23 57	7 48	56 58	66 44	68 45	49 50	44 48	51 48	33 52	64 57	5 51	17 49	36 51	34 59	13 48	39 33	1 50	65 44	40 48	63 54	0 54	57 53	62 50	18 48	20 58	12 48	3 43	48 51	45 58	26 49	59 49	53 53	77 50	37 46	2 48	70 56	11 52	30 46	6 44	71 49	14 56	21 48	31 51	42 47	52 49	29 43	46 50	54 45	32 45	74 57	19 47	24 47	43 53	22 48	75 47	69 54	55 60	4 52	76 46	50 46	73 46	16 49	58 48	28 53	60 51	78 42	61 49	41 50	15 49	25 52	27 53	10 57	9 54	72 50
13 55	60 51	59 52	54 44	8 56	53 60	16 52	79 56	43 45	3 62	23 54	5 50	9 48	27 41	50 40	47 55	34 47	25 55	7 54	21 54	40 50	2 55	30 50	49 52	39 48	65 46	61 49	29 47	66 45	74 56	12 52	6 50	67 45	64 57	18 49	46 43	51 45	72 40	62 51	56 45	78 56	4 49	33 51	14 44	15 50	19 46	41 54	63 49	32 55	17 50	52 52	68 46	10 51	58 54	48 57	55 46	77 58	70 55	38 45	71 46	76 62	57 51	26 49	42 52	11 46	73 48	1 46	36 54	28 49	69 51	35 57	31 49	44 49	45 47	20 43	37 48	75 52	24 45	0 53	22 48
38 46	35 49	69 50	29 53	37 48	31 54	54 55	3 48	41 60	59 56	77 44	68 48	15 47	61 58	49 50	26 51	33 54	70 39	17 44	1 54	13 41	63 45	24 51	57 59	14 53	62 54	21 47	36 48	11 48	25 48	19 49	55 45	52 47	67 53	46 49	64 49	4 48	74 42	71 47	42 40	65 41	0 55	28 51	7 43	50 44	16 46	48 48	58 47	44 52	6 44	66 47	60 53	34 45	43 49	72 49	75 55	78 41	73 57	9 49	53 50	76 41	30 51	5 43	23 47	8 48	32 50	40 44	18 48	51 49	79 51	45 54	47 52	10 46	20 49	56 53	22 43	2 47	27 59	39 45	12 48
6 53	68 51	8 59	62 50	63 46	24 54	29 46	79 37	39 55	2 46	77 53	75 40	15 57	56 47	35 42	50 50	48 59	20 42	11 46	47 49	31 55	66 56	14 52	40 53	55 54	12 49	52 48	34 37	54 53	19 52	13 48	3 52	23 40	22 58	72 50	43 54	41 47	26 47	53 47	0 53	30 54	9 50	25 49	49 41	69 54	42 48	73 38	70 50	65 50	17 50	61 49	16 52	78 48	33 50	18 46	58 45	44 46	36 43	60 49	64 52	46 56	51 42	76 48	4 52	10 44	1 53	5 49	21 48	27 57	37 51	38 58	71 54	45 54	32 43	7 50	74 56	59 47	67 51	57 50	28 45
67 44	74 51	21 53	47 58	68 51	58 50	62 55	73 59	45 57	4 57	44 49	78 46	17 50	60 46	65 58	32 54	34 50	3 49	66 54	46 50	48 48	20 47	27 51	71 46	16 45	28 46	5 48	30 45	0 46	79 56	8 46	40 49	11 52	53 45	1 48	2 49	25 46	63 41	6 51	51 53	24 50	36 47	31 46	19 47	54 57	77 44	26 62	13 49	41 56	43 48	56 40	7 51	12 51	76 50	49 46	29 55	10 47	69 48	50 55	64 46	59 47	9 53	37 43	15 40	57 56	14 49	61 51	38 49	75 51	52 51	18 49	42 43	33 40	72 56	35 48	39 53	22 62	23 55	55 52	70 56
46 48	1 40	74 51	57 50	43 46	27 48	45 50	18 52	67 49	12 43	6 52	52 42	16 43	60 48	37 49	17 53	64 55	2 51	32 54	21 40	33 49	79 55	44 46	26 46	63 50	58 55	22 44	51 45	77 37	59 46	50 54	47 47	72 47	15 42	70 51	66 39	76 51	25 63	78 56	34 57	48 51	56 60	75 52	69 54	9 56	14 52	0 56	4 56	73 51	39 57	35 57	20 43	10 54	41 50	42 47	53 61	61 47	7 48	65 58	13 49	62 49	31 53	49 55	19 52	68 51	3 47	5 48	8 52	38 53	55 58	36 51	54 59	71 52	29 50	40 37	24 51	23 51	28 52	11 48	30 42
36 47	4 47	50 47	69 54	56 58	78 51	40 58	24 47	17 49	77 56	47 48	14 58	76 58	12 55	18 53	9 58	58 45	1 48	60 41	68 49	23 40	72 49	79 42	44 53	51 53	71 57	48 46	3 45	15 56	37 56	30 48	8 42	13 51	63 52	73 50	54 48	21 56	75 52	29 46	61 52	5 56	66 54	74 55	70 48	67 44	64 54	62 49	31 53	35 51	59 55	57 44	42 58	11 45	45 51	26 50	16 54	0 44	43 44	20 50	41 59	39 52	22 42	7 54	46 56	34 44	2 54	49 41	52 58	19 49	65 42	28 47	32 49	27 48	33 50	55 56	53 49	6 45	10 47	25 53	38 50
69 51	63 60	8 49	66 48	37 43	76 48	40 49	31 47	48 43	22 40	78 39	61 58	53 52	54 54	20 52	24 49	19 47	7 51	13 54	51 42	27 44	1 50	57 49	14 48	60 58	71 47	29 57	0 41	72 42	6 50	16 50	67 49	64 52	11 58	33 53	55 47	42 58	36 57	10 56	21 41	77 61	28 47	43 46	59 48	44 46	35 58	74 54	70 56	32 50	79 44	23 50	26 57	12 54	58 53	65 45	39 48	46 47	9 52	15 45	25 45	2 50	17 47	18 62	47 62	3 56	50 46	5 41	49 54	34 54	75 50	62 46	56 41	41 44	68 44	52 54	73 47	30 47	38 51	45 40	4 53
27 47	56 50	69 52	8 52	1 42	0 54	44 46	4 49	48 47	14 55	7 56	16 48	5 48	3 47	70 49	75 46	65 45	33 56	59 46	43 56	73 51	35 41	40 47	54 48	66 58	52 56	46 41	55 53	30 48	50 49	37 50	67 45	49 56	79 52	41 53	32 56	64 38	24 47	71 47	26 50	58 41	77 50	25 46	38 50	17 46	23 54	45 48	74 53	76 38	72 44	61 47	2 51	34 53	51 46	20 48	19 52	60 53	31 54	12 44	47 46	6 54	63 40	10 43	29 54	22 50	9 49	18 47	36 57	57 52	28 42	68 53	21 51	39 48	15 51	53 59	78 52	42 45	62 55	13 55	11 54
65 51	70 45	56 53	14 54	39 47	7 55	42 45	47 46	31 42	43 42	64 56	25 45	79 50	1 53	53 46	19 43	73 40	6 48	35 55	74 60	13 48	21 45	5 46	76 55	11 46	0 49	67 49	36 53	28 52	20 41	30 45	55 54	68 54	77 50	62 46	17 44	2 54	46 52	40 52	54 53	15 42	37 47	78 45	12 56	38 38	61 52	32 50	69 53	51 51	4 59	52 47	23 63	33 52	45 43	66 54	75 50	72 48	26 53	50 44	71 53	58 45	48 52	49 47	18 45	59 42	60 49	3 49	10 50	29 67	27 46	16 48	22 48	34 55	41 55	8 42	44 48	57 50	24 50	9 54	63 48
0 54	35 50	63 46	76 56	79 54	46 56	17 47	52 53	19 47	21 49	58 55	67 48	64 45	59 50	31 45	60 57	20 55	61 47	26 61	75 50	53 44	72 53	74 53	8 39	37 53	68 51	70 54	48 55	51 43	23 47	78 51	54 45	6 45	1 42	36 50	4 51	77 53	27 45	57 55	22 49	12 47	24 48	47 51	15 53	13 55	32 47	50 54	56 46	11 50	66 49	28 49	69 52	40 52	42 53	5 58	73 49	71 46	49 32	2 40	33 52	16 46	25 47	29 51	45 55	3 54	55 56	62 56	18 53	43 42	34 44	39 55	14 46	30 52	7 51	41 52	9 46	44 51	10 50	65 45	38 50
33 43	69 41	47 53	15 54	7 46	5 47	62 54	63 47	29 49	31 55	48 49	22 46	27 43	37 54	49 52	54 44	30 51	14 54	77 49	78 58	11 55	46 51	71 58	66 49	1 43	76 44	59 52	72 55	75 54	17 50	45 54	21 52	58 46	55 46	67 54	60 52	42 56	70 50	34 48	9 57	16 51	74 51	3 39	73 57	28 53	64 54	12 49	13 42	26 45	8 47	38 48	61 51	23 49	20 51	41 59	35 50	68 53	25 50	39 56	19 45	53 54	32 50	52 49	10 49	2 47	79 49	6 51	50 52	18 50	44 56	36 45	65 44	4 48	40 57	56 46	43 46	0 47	51 50	24 58	57 48
52 49	76 52	19 46	9 46	72 52	67 44	5 59	3 45	55 52	44 54	15 46	56 59	74 53	53 57	2 52	11 44	60 46	21 50	41 49	18 54	46 55	61 57	6 49	45 54	20 57	57 46	10 39	73 55	71 43	69 51	26 42	14 50	51 55	35 54	25 49	0 57	30 51	68 52	22 60	48 55	49 53	58 52	64 40	16 51	78 53	38 50	27 53	4 48	12 56	39 48	29 50	37 51	17 44	77 46	59 56	34 48	1 45	43 54	40 41	62 55	66 48	33 38	79 45	23 53	65 47	36 48	13 50	32 51	75 47	42 50	63 48	31 38	24 46	7 46	50 62	8 54	70 50	28 49	47 54	54 51
61 52	4 47	13 53	66 47	43 54	11 43	27 46	38 48	72 47	59 47	10 51	18 47	70 44	26 54	33 42	54 52	44 51	58 54	16 45	51 49	57 52	32 56	17 54	64 56	45 50	42 51	21 49	68 55	37 48	60 35	34 46	14 46	20 55	22 56	77 43	56 56	35 48	50 57	39 55	5 58	47 57	49 57	65 58	36 53	69 50	67 51	8 49	41 50	71 51	15 47	29 42	28 52	25 48	12 53	73 53	3 45	78 49	62 46	24 45	79 51	53 46	52 44	7 50	55 55	76 39	46 57	9 46	74 46	30 39	40 61	75 46	2 46	48 49	0 43	63 46	23 49	19 48	6 46	31 50	1 46
67 48	0 44	5 55	31 57	63 48	45 48	20 58	11 49	60 53	32 46	22 54	16 50	3 37	76 45	24 55	69 54	40 51	18 51	41 51	19 48	9 42	59 51	38 46	44 50	50 52	42 62	57 60	58 48	30 46	4 53	27 48	64 43	35 45	2 51	1 51	23 44	13 49	48 56	8 50	55 46	36 51	33 54	77 48	70 44	52 53	74 55	43 46	56 46	47 59	53 44	65 46	10 48	15 50	21 49	14 53	54 51	12 51	39 46	26 46	34 54	29 57	61 45	28 55	6 52	62 53	51 47	66 51	79 52	46 45	73 51	7 48	68 50	49 46	25 43	71 54	72 54	78 54	75 55	37 46	17 46
17 52	62 47	31 51	16 48	46 55	18 55	68 48	74 50	60 64	7 55	39 45	14 44	30 47	2 53	34 48	28 60	41 48	51 61	3 47	55 47	15 43	12 46	50 46	79 47	24 47	35 46	8 57	25 47	4 42	26 53	22 56	61 48	66 43	77 48	69 57	63 59	20 49	5 51	33 46	1 53	44 49	36 47	32 46	45 44	57 61	52 46	56 49	37 54	67 58	23 48	38 47	58 52	13 44	6 50	65 54	11 53	29 46	49 47	78 54	48 42	42 46	21 53	75 51	73 56	71 46	43 43	9 59	70 48	64 45	27 52	76 51	0 46	40 53	54 47	72 45	53 49	10 51	47 57	19 47	59 55
5 48	60 49	8 44	55 54	54 50	17 54	76 55	1 55	28 46	49 46	20 50	40 50	68 49	37 42	65 51	78 42	18 52	26 56	16 52	43 50	48 54	24 50	70 55	29 46	25 56	10 45	69 49	15 38	45 58	13 48	56 52	4 51	58 55	0 53	34 49	32 47	39 50	22 56	46 51	9 46	63 49	72 48	23 52	6 58	77 42	2 60	62 44	36 47	51 53	53 52	12 55	21 52	64 50	11 44	71 50	27 53	61 52	35 55	66 61	14 49	74 48	79 53	75 49	33 52	73 44	57 56	42 46	7 50	19 50	59 51	50 60	38 46	47 47	3 53	52 54	44 44	31 60	67 53	30 42	41 43
12 47	15 51	27 49	23 61	40 54	51 55	41 50	73 56	71 43	55 52	68 45	56 59	38 45	22 57	1 57	5 46	16 48	72 47	48 46	50 44	77 57	4 49	47 48	32 54	74 44	37 52	18 52	8 45	30 61	67 41	59 61	17 42	57 53	39 37	78 49	62 48	64 46	70 45	9 44	63 52	11 52	76 55	46 50	49 51	36 60	29 57	26 46	69 61	33 59	53 44	60 52	25 39	44 53	31 55	21 61	7 52	19 52	10 49	28 55	43 52	20 42	65 49	52 56	24 51	61 53	35 52	42 53	54 42	0 53	45 56	79 46	14 50	34 51	13 59	58 54	2 43	66 50	6 42	3 47	75 53
3 53	1 55	49 46	25 48	70 43	55 53	35 50	19 47	66 47	73 55	32 52	28 53	74 53	76 54	46 48	65 53	47 53	11 57	53 46	58 58	42 44	18 49	60 51	31 45	16 53	5 47	26 43	6 57	22 49	37 53	41 50	45 60	63 52	2 44	40 37	21 57	20 44	36 48	24 48	13 49	9 48	61 49	51 58	56 41	30 48	34 50	29 53	69 45	17 47	44 52	23 49	39 54	57 54	33 43	72 52	27 53	67 53	14 44	62 52	64 50	38 53	77 42	54 48	75 54	68 46	78 53	50 45	43 52	4 50	10 49	52 45	7 45	71 51	48 53	0 40	79 53	15 46	8 51	59 55	12 49
77 51	22 52	36 45	48 47	40 47	25 47	76 47	79 57	13 48	21 51	27 44	11 48	60 48	47 37	55 50	65 51	3 50	63 50	5 48	29 54	54 42	66 54	53 51	9 51	35 52	68 45	56 50	14 53	0 60	74 48	61 56	69 53	57 47	62 55	37 48	72 49	44 52	24 46	39 51	32 49	23 54	12 48	18 53	20 55	73 45	1 44	59 47	52 41	10 39	4 41	8 50	50 52	28 48	2 42	78 43	46 49	34 43	38 52	16 44	71 56	7 49	75 53	17 45	45 48	26 54	33 44	31 50	70 46	15 51	49 50	67 49	19 48	41 55	58 58	6 48	51 48	64 56	30 52	43 47	42 50
15 44	11 45	16 55	73 55	47 52	71 48	3 46	8 50	19 52	31 49	42 51	49 62	57 41	63 44	54 47	38 56	48 51	26 54	40 56	55 55	36 56	53 48	39 51	20 51	79 53	27 54	56 53	60 56	2 43	78 54	46 53	1 56	24 40	34 48	28 43	74 43	51 55	17 48	52 47	22 54	37 49	10 44	33 51	70 46	76 58	41 46	0 53	66 40	18 54	75 51	32 50	77 60	72 63	62 51	13 56	25 47	44 45	23 54	68 56	21 53	58 58	12 40	59 60	7 51	61 50	43 56	9 51	35 62	45 44	67 51	50 53	4 53	5 53	65 49	14 48	69 55	29 57	30 52	6 49	64 53
34 58	41 46	43 60	42 45	60 49	38 49	22 55	51 60	63 39	9 57	29 46	70 56	0 40	15 42	18 52	58 45	57 52	65 50	39 49	74 40	48 48	14 50	67 44	54 55	45 54	35 46	76 50	23 48	24 42	77 53	12 54	52 39	16 48	50 57	64 44	53 46	32 52	62 55	2 57	66 43	59 54	69 49	73 48	71 49	46 48	78 45	30 46	55 58	40 49	25 42	8 62	36 49	13 52	28 57	19 52	56 46	4 56	7 54	37 57	75 54	33 49	6 50	11 52	1 51	68 59	10 47	26 55	47 55	5 51	72 51	17 46	31 46	61 54	27 56	49 54	3 55	44 54	79 57	20 47	21 41
12 50	62 55	57 50	48 52	51 54	63 58	33 53	10 50	79 46	54 50	13 53	53 40	21 47	1 54	22 46	35 45	65 55	8 53	36 44	72 54	55 61	75 47	16 54	11 54	19 51	77 47	49 50	52 57	4 55	71 50	67 42	47 49	24 55	38 45	7 45	32 50	37 46	40 47	20 53	15 54	45 52	59 52	64 54	41 47	34 48	23 47	76 51	69 56	2 50	66 50	14 48	43 45	56 48	6 57	78 56	25 45	61 46	46 57	58 47	50 47	42 50	74 49	9 58	5 50	17 52	39 46	18 51	28 51	44 49	68 53	3 55	31 48	30 44	73 53	60 42	70 45	26 48	0 51	29 53	27 59
38 40	67 48	4 61	1 52	7 43	0 53	69 53	8 47	5 39	34 56	55 56	18 48	32 50	60 50	50 50	52 51	78 48	11 46	31 53	46 49	75 53	30 56	77 56	76 51	49 52	21 62	47 45	12 57	51 54	19 54	16 40	2 53	29 49	43 58	64 53	23 42	56 58	41 48	10 54	74 47	25 52	57 43	58 58	39 49	48 41	54 52	73 48	13 46	6 43	28 46	66 54	36 54	72 40	40 42	15 53	45 45	68 53	17 54	35 43	14 51	3 37	65 45	44 46	37 46	53 51	63 44	26 49	79 49	33 52	61 49	9 52	42 49	22 48	62 48	71 53	70 46	27 51	59 51	20 57	24 46
62 44	72 42	64 53	30 51	74 57	35 47	11 61	5 48	47 52	9 56	36 46	1 59	50 51	78 61	39 49	60 43	34 52	52 46	21 51	38 45	70 52	59 49	14 52	75 55	0 54	61 53	6 55	7 47	31 55	66 44	73 43	48 49	37 49	17 57	32 38	8 55	65 44	24 60	76 59	29 50	12 49	19 44	63 43	77 34	68 48	22 54	3 56	10 60	41 60	33 38	28 52	13 47	2 53	55 42	43 52	51 57	57 37	79 49	40 51	69 54	54 51	42 48	49 46	46 46	53 46	25 50	71 61	27 54	4 38	26 37	15 52	56 52	44 40	18 57	45 51	23 58	20 43	58 42	16 55	67 51
1 50	48 49	19 52	32 58	73 38	57 54	10 53	78 55	35 56	8 53	59 47	21 47	43 54	13 60	66 52	70 51	75 45	60 54	4 52	51 43	77 50	56 52	53 42	31 51	3 44	23 55	15 53	76 45	34 52	6 55	29 45	7 44	16 52	46 49	27 58	72 45	14 51	69 58	2 51	52 52	61 47	44 45	22 54	47 42	64 49	11 51	38 50	30 57	42 44	18 49	24 57	26 56	28 53	39 54	62 49	58 46	79 39	33 53	25 47	45 46	12 43	20 52	5 52	63 42	65 51	9 45	55 51	54 55	40 47	49 42	68 61	37 56	74 45	17 52	36 62	50 54	41 47	67 54	0 63	71 49
6 45	20 51	30 50	24 47	67 48	4 42	60 62	51 53	79 46	40 55	58 50	65 35	13 47	2 54	15 49	18 54	3 46	25 49	23 52	44 54	28 53	10 44	34 48	22 42	66 49	50 52	27 52	63 50	0 51	12 47	52 44	41 49	17 47	5 56	32 50	36 48	31 41	45 54	35 54	33 50	77 45	29 45	71 46	64 49	7 44	11 48	48 53	72 56	21 53	68 52	14 53	9 49	55 45	39 45	69 49	54 54	49 59	46 46	43 50	73 47	75 50	8 50	26 43	37 45	38 53	61 54	56 53	57 48	19 52	1 51	42 56	74 52	47 50	16 61	53 52	78 49	59 48	76 42	62 57	70 54
66 54	61 49	19 41	50 45	69 47	74 56	25 49	37 51	16 43	2 54	67 57	73 50	78 52	59 49	27 49	9 61	47 53	14 52	51 51	49 40	39 63	13 50	40 55	60 50	64 53	32 54	1 49	46 41	0 52	43 58	57 42	23 51	4 55	70 54	22 38	56 43	45 46	75 45	11 46	44 52	5 59	65 39	77 49	36 50	53 46	48 53	8 43	31 48	79 51	38 45	30 53	41 47	12 46	54 52	52 50	20 52	18 54	26 41	58 57	6 46	21 54	33 53	28 49	24 47	10 53	7 55	35 51	76 49	62 56	68 53	63 54	34 54	71 54	3 54	42 48	17 51	29 51	15 48	55 54	72 46
69 44	18 46	72 58	49 49	36 40	70 49	75 50	38 40	64 49	68 53	3 58	35 45	12 53	6 55	73 56	67 50	78 52	30 47	20 51	11 48	31 37	58 56	62 54	22 51	1 49	48 44	37 50	19 54	59 57	10 39	53 52	17 51	9 46	42 53	43 54	40 53	47 49	61 50	29 56	76 47	71 53	74 49	25 53	24 55	7 50	34 51	60 51	16 44	51 51	15 47	8 49	4 49	14 44	57 46	56 55	50 55	23 56	52 52	0 50	21 52	28 44	33 52	77 50	26 52	5 53	63 49	55 51	46 44	13 45	44 44	45 51	65 45	2 53	32 49	54 55	66 55	27 37	39 56	79 41	41 43
75 52	57 55	40 49	10 53	32 49	53 48	38 46	58 57	29 60	0 48	27 50	28 52	11 39	65 49	20 45	33 55	6 50	71 53	49 47	50 54	68 52	22 54	56 44	77 44	24 56	1 60	7 56	34 55	15 45	78 47	67 57	45 60	43 55	72 44	18 43	17 52	5 61	21 56	55 42	60 51	47 55	9 36	23 54	37 50	44 49	3 50	69 51	42 43	52 46	14 53	59 51	61 49	8 48	73 51	41 46	30 59	26 52	4 44	64 44	63 42	62 54	48 51	19 44	12 44	16 50	70 53	2 51	74 54	39 47	51 42	13 61	46 49	79 43	31 53	36 52	25 50	54 44	76 45	35 51	66 47
60 50	19 54	20 43	57 45	45 60	27 59	37 41	50 44	77 49	25 45	78 56	13 51	64 37	7 46	18 54	71 52	56 49	39 50	0 51	2 42	73 55	58 51	76 53	70 52	16 51	30 46	72 48	17 54	63 40	74 41	52 53	44 45	28 58	33 47	40 47	29 52	10 50	3 57	32 46	69 46	14 43	61 47	59 47	55 53	23 52	46 52	31 46	42 44	26 50	62 49	9 54	38 52	41 46	24 51	1 50	49 54	48 40	51 49	53 56	68 46	21 48	43 53	66 50	65 44	47 56	34 54	22 38	6 45	8 43	4 57	35 42	15 41	79 43	11 44	75 48	36 45	5 52	54 50	67 50	12 56
73 50	52 44	67 40	34 54	50 44	76 42	54 43	49 52	2 55	5 45	48 46	53 54	11 53	8 49	47 47	30 54	35 40	31 48	75 49	39 47	33 48	12 54	74 48	63 48	1 50	16 37	46 55	59 53	65 38	28 51	4 48	21 54	19 45	38 35	60 52	41 58	0 49	9 50	72 47	57 47	14 44	64 51	62 51	37 49	71 45	6 50	79 49	70 47	27 46	42 51	43 50	56 48	26 58	15 40	13 41	68 47	24 58	51 47	22 49	17 52	44 58	55 52	77 44	32 47	10 54	29 54	3 49	23 47	18 52	61 43	40 50	66 49	25 52	58 53	45 51	69 52	20 40	7 55	78 53	36 45
5 47	25 47	27 55	54 52	18 51	51 57	38 49	24 50	13 53	26 41	67 43	15 52	31 44	21 53	2 44	6 56	28 49	72 48	22 48	78 45	73 49	23 50	53 52	16 47	48 47	47 47	32 43	1 45	44 47	43 50	35 47	57 46	42 53	9 51	64 53	68 50	50 51	17 47	61 54	37 49	29 55	49 51	10 55	66 51	58 57	69 52	33 47	4 54	19 52	62 65	14 57	71 62	63 53	65 55	60 53	46 50	11 48	74 58	12 45	75 53	3 58	8 48	55 44	7 45	41 41	30 58	40 44	20 50	70 45	36 47	76 44	52 42	59 54	77 52	45 57	79 49	39 58	56 49	34 52	0 50
60 46	44 48	62 57	46 57	52 43	38 46	32 52	49 48	29 51	71 53	15 43	0 50	17 44	23 48	79 44	67 48	30 52	27 52	48 53	39 53	40 51	26 47	13 52	51 56	41 44	3 55	19 47	50 40	31 53	55 47	75 54	56 52	35 51	8 57	45 39	37 54	53 43	16 55	73 45	74 45	1 42	18 43	21 53	2 45	36 49	77 50	22 45	7 54	58 59	59 57	28 45	10 44	70 49	42 52	25 45	47 53	76 46	43 49	63 54	66 47	65 48	12 41	34 44	64 49	69 46	4 58	33 54	9 37	14 46	11 55	20 45	6 57	68 50	61 51	54 51	78 46	72 60	57 44	24 47	5 54
55 45	16 63	7 48	32 51	28 46	51 50	34 48	6 52	67 48	63 56	40 50	14 44	26 50	70 45	30 47	18 56	54 51	77 47	69 51	75 49	62 48	8 43	58 43	68 41	78 47	56 47	47 42	59 49	9 44	72 51	25 47	76 46	46 51	33 45	13 55	74 45	19 41	44 43	49 47	71 53	12 47	53 57	22 55	5 42	41 47	65 53	0 44	20 48	2 59	45 52	21 48	79 43	31 60	42 44	3 48	35 48	1 57	15 43	17 48	38 53	27 47	57 51	61 48	50 52	73 42	23 54	60 54	48 41	24 58	36 42	64 44	10 47	52 48	29 49	4 42	39 52	43 48	11 53	37 50	66 49
11 59	72 52	49 45	27 46	74 46	16 58	51 48	69 45	50 48	44 46	61 53	63 45	9 48	38 44	54 62	57 47	23 57	53 42	70 54	18 46	45 50	36 60	77 52	24 53	4 48	41 51	78 51	47 53	15 45	7 55	35 46	71 53	67 44	76 48	33 46	60 49	58 51	5 44	12 54	28 43	14 55	68 45	79 54	10 59	26 49	30 53	48 46	62 49	2 48	6 58	1 45	3 47	34 50	52 55	37 55	8 55	40 57	43 48	56 48	59 45	46 52	20 45	22 49	31 46	17 53	66 37	29 47	65 47	73 59	25 46	39 44	13 47	32 52	75 53	0 54	64 53	21 55	55 50	19 50	42 51
41 50	12 50	11 55	13 51	73 53	42 62	36 55	52 62	45 46	32 55	47 46	14 53	35 50	23 46	20 43	70 47	56 46	21 52	63 56	39 56	29 43	77 51	38 54	26 52	60 44	18 46	15 42	61 45	79 54	54 52	65 43	1 49	66 51	78 46	49 48	28 41	2 51	7 48	24 44	25 45	0 51	57 54	59 58	16 48	64 45	46 54	69 48	75 52	48 51	53 46	58 46	30 52	51 44	43 50	17 52	55 44	74 49	68 53	67 40	6 55	50 49	3 50	34 48	5 53	40 57	27 47	71 56	44 51	76 44	62 46	4 50	9 49	37 44	8 49	33 39	19 58	10 52	31 48	22 45	72 47
54 52	31 58	55 50	27 50	62 52	70 55	63 46	30 54	9 48	78 57	77 50	66 61	7 50	4 51	38 55	45 51	33 50	12 44	68 51	40 50	41 57	75 46	29 52	18 45	28 47	13 42	76 49	35 46	47 49	1 50	64 44	2 47	48 50	6 47	21 50	56 48	22 46	25 45	17 55	16 44	58 54	46 54	69 37	14 46	71 49	8 51	3 51	23 41	73 64	74 48	43 52	49 54	0 52	42 46	57 50	44 48	59 44	37 43	53 56	52 54	34 54	51 51	39 58	61 42	11 46	20 40	26 58	50 49	60 36	24 50	15 60	36 53	65 43	10 48	67 53	5 52	72 50	19 46	32 60	79 57
15 43	69 49	55 48	60 55	5 54	12 47	73 43	58 56	78 50	49 48	74 50	32 50	34 50	35 50	59 53	8 52	75 40	23 47	26 51	2 50	66 48	70 41	61 54	57 57	31 47	27 56	18 54	9 46	76 59	71 52	25 54	1 51	62 53	51 60	17 42	42 52	6 52	11 53	16 61	22 38	50 51	37 49	24 39	44 53	53 53	47 42	68 54	7 50	79 47	56 59	54 50	48 47	29 47	20 47	14 50	10 40	45 50	38 45	63 54	77 50	72 51	30 56	13 58	3 54	43 38	52 49	19 52	36 59	0 55	39 49	46 50	28 63	4 51	40 46	21 55	41 54	65 43	67 54	64 41	33 58
15 53	54 54	38 57	7 42	24 45	33 51	49 50	14 51	29 38	21 47	18 44	57 51	69 48	78 50	61 52	51 47	66 46	37 51	9 37	22 49	10 47	20 49	79 44	77 42	72 52	74 51	28 47	5 52	44 51	73 53	4 53	45 47	68 53	58 51	55 50	76 43	3 55	52 56	35 52	13 50	6 44	50 53	30 46	75 48	48 44	11 54	70 49	40 44	59 51	1 52	36 52	19 56	12 50	2 57	64 57	16 59	26 56	67 38	42 43	27 55	56 46	71 56	31 51	25 49	63 59	0 46	41 53	53 55	60 48	23 47	46 56	39 50	43 52	8 54	17 53	34 59	62 49	47 55	65 55	32 52
11 49	48 45	29 49	16 44	69 57	76 56	34 49	0 54	36 51	78 38	50 48	42 44	63 50	17 55	5 41	4 47	23 52	44 55	18 49	45 44	43 53	59 55	74 49	26 44	13 48	54 50	22 54	75 56	14 52	65 59	70 48	3 54	49 54	68 46	39 53	52 51	25 53	6 51	10 47	71 62	41 49	72 45	20 46	58 57	35 57	33 48	51 52	67 50	40 47	19 53	47 38	77 51	56 54	53 49	73 43	9 50	8 44	28 51	7 55	46 48	31 47	30 47	57 49	27 49	66 54	12 47	55 50	32 37	1 46	37 46	79 53	24 42	38 45	61 55	62 45	21 51	2 40	15 49	60 51	64 60
14 46	41 48	61 39	52 47	11 50	3 48	73 49	9 51	43 52	22 55	53 55	28 54	36 45	55 49	65 54	40 49	50 43	29 51	46 56	34 49	18 50	51 48	27 55	16 48	37 52	2 55	30 46	48 46	21 51	44 47	19 39	63 44	32 36	31 50	70 43	58 53	33 49	67 50	78 49	72 47	60 51	20 46	56 57	54 34	57 50	7 51	69 52	4 50	64 52	38 46	24 41	15 60	45 51	1 50	59 36	23 53	39 50	49 61	25 46	8 43	77 46	0 46	10 50	74 52	79 46	5 52	13 61	66 50	76 57	6 51	12 49	35 52	71 55	62 47	42 53	26 52	17 53	68 55	75 56	47 46
11 58	14 52	61 51	34 42	32 59	13 50	65 50	16 48	2 59	39 50	37 59	12 50	44 47	78 51	70 50	52 45	45 52	1 47	72 51	36 53	53 48	31 51	77 42	27 51	15 45	22 55	19 50	26 56	42 50	38 56	62 50	21 45	41 51	10 53	57 52	47 53	33 60	79 44	49 55	71 45	40 58	63 54	74 50	68 50	6 40	24 57	48 44	4 41	17 52	28 45	67 44	60 50	73 52	29 58	20 48	23 55	25 52	5 52	35 54	3 57	18 47	50 49	59 48	43 41	9 42	8 46	66 50	0 47	54 40	51 55	69 52	58 37	46 48	55 47	64 49	7 51	75 54	30 50	76 52	56 54
64 55	8 58	5 44	54 51	71 52	53 47	74 51	60 52	13 55	59 52	46 53	78 56	42 43	18 45	38 49	44 52	30 51	20 52	67 51	15 57	9 50	61 53	23 49	63 52	37 47	43 53	33 50	51 52	35 49	76 50	25 47	72 46	70 56	3 52	65 38	1 58	58 52	12 55	36 50	68 52	75 47	21 52	62 42	45 45	56 50	47 48	31 51	66 57	16 55	79 50	26 43	27 51	50 54	6 52	4 47	69 53	48 39	73 53	28 51	11 57	41 52	49 53	7 50	24 44	34 58	0 59	52 49	2 44	14 49	40 52	57 51	19 54	55 56	29 49	17 58	77 47	10 47	39 46	32 56	22 58
20 49	33 59	40 60	3 49	71 57	63 47	32 50	26 40	24 57	21 52	56 42	55 57	30 44	37 46	17 48	18 56	67 51	14 60	15 50	31 54	5 54	48 52	77 57	60 47	75 47	4 45	54 51	64 49	79 55	0 45	27 46	65 54	38 41	34 46	78 50	59 55	8 48	25 50	76 53	53 49	45 53	19 55	7 56	58 48	42 45	29 52	9 45	61 48	69 42	44 50	50 57	47 50	12 54	6 50	70 55	49 56	51 47	16 59	62 47	43 59	68 52	13 58	1 48	23 51	57 51	72 45	2 38	41 51	35 52	28 45	73 45	22 47	10 53	36 51	46 47	74 47	11 54	66 50	52 55	39 38
41 49	15 48	24 48	3 46	49 48	59 48	23 47	62 47	2 49	42 46	71 49	44 55	48 41	9 53	4 54	29 49	39 48	11 51	68 64	79 54	37 47	47 50	77 47	76 45	7 48	27 52	52 53	6 49	10 62	32 50	74 51	43 51	16 47	14 51	21 52	35 50	73 55	8 48	75 46	36 49	56 52	22 51	66 55	13 57	70 59	1 50	20 51	5 45	26 52	28 60	34 49	58 50	72 54	60 48	31 46	69 50	63 55	54 47	33 52	67 42	19 59	61 50	78 50	25 52	17 51	0 51	51 53	46 52	45 56	38 55	65 52	57 41	12 57	64 46	30 48	18 50	40 48	53 50	55 46	50 54
8 49	70 50	20 53	34 58	23 53	55 53	26 50	19 49	74 45	39 54	33 49	57 46	60 57	66 53	17 48	28 48	16 50	18 53	59 45	50 49	75 53	45 41	11 50	48 51	49 54	63 52	5 45	29 55	51 47	1 58	76 51	77 54	30 55	54 52	41 55	67 52	61 54	22 52	58 52	24 45	79 48	4 51	52 54	9 47	0 44	53 54	31 49	7 50	2 51	71 46	42 49	40 44	6 52	3 52	27 55	32 45	64 52	78 41	25 50	37 55	13 53	12 47	21 52	10 38	65 52	73 42	47 50	69 45	56 48	35 48	14 49	15 58	36 46	38 54	46 46	68 59	62 56	43 48	72 51	44 49
