60	70
68 57	4 43	14 51	35 47	53 59	38 52	50 48	36 44	29 47	5 49	44 58	0 49	67 53	28 52	43 51	56 59	30 48	26 58	9 51	19 42	6 48	37 48	31 56	64 43	45 56	40 56	10 53	63 43	32 52	27 37	62 59	7 48	3 54	60 55	11 55	22 47	59 50	17 46	15 42	47 52	23 48	69 48	49 52	18 55	16 51	24 46	48 50	39 50	58 54	34 55	66 63	13 54	65 52	52 45	55 53	8 61	54 54	61 42	1 45	42 46	46 50	51 41	33 58	21 45	25 44	2 51	57 55	41 37	20 51	12 58
64 50	44 51	2 48	1 45	30 50	10 41	51 46	63 57	57 51	36 54	4 59	24 42	39 52	20 50	47 49	67 55	53 55	14 47	50 54	9 50	23 51	42 48	66 46	60 46	62 48	33 45	8 39	19 50	41 52	48 51	31 50	21 54	49 50	16 50	13 49	61 45	11 58	0 39	58 51	65 49	45 53	34 49	26 54	68 49	17 47	69 52	25 53	3 48	59 47	7 49	43 48	12 52	37 43	28 49	27 51	15 49	55 48	5 54	22 51	35 53	29 47	6 49	18 43	38 48	40 54	52 53	54 54	46 48	56 45	32 57
47 47	39 53	59 46	6 59	41 44	42 48	68 53	25 48	7 65	50 45	65 48	60 62	64 53	2 52	22 45	33 52	34 55	14 53	19 55	13 46	10 51	44 42	49 50	55 55	61 50	9 57	56 55	58 44	31 45	53 51	24 44	8 49	18 55	67 47	46 45	17 47	38 54	57 54	54 52	45 57	63 47	36 57	4 56	12 54	29 47	62 41	48 55	16 56	0 47	28 50	32 50	5 44	15 43	23 48	51 53	69 55	1 47	20 46	26 56	35 52	40 47	30 51	3 56	37 50	52 61	21 49	27 48	66 40	43 51	11 69
29 55	26 51	2 47	19 58	1 51	10 47	9 56	5 44	16 58	7 55	50 45	22 54	61 49	59 45	17 50	14 56	64 61	39 54	12 42	32 53	51 49	49 39	62 51	33 54	54 48	43 54	20 57	13 48	30 50	63 48	31 47	15 42	58 46	3 50	24 59	68 56	66 42	46 44	41 59	35 54	48 51	28 50	11 44	8 52	44 49	38 48	57 44	6 54	36 54	0 34	69 40	21 48	55 47	65 49	45 44	18 55	67 48	47 42	4 44	34 57	40 47	42 50	52 44	37 49	23 44	25 52	53 47	56 53	27 45	60 53
23 48	28 52	22 43	19 53	24 44	9 43	39 52	21 47	40 48	30 54	1 49	63 52	44 48	20 62	55 54	43 52	59 61	31 38	47 47	60 51	66 51	10 52	38 52	33 50	7 53	36 52	46 52	50 52	18 49	68 47	0 47	5 48	29 54	57 60	2 45	58 52	37 55	34 47	15 50	14 54	3 47	6 48	67 56	51 54	25 53	52 46	42 47	65 52	61 47	27 52	32 53	54 47	13 45	35 50	53 56	48 47	4 51	26 55	62 57	69 47	64 60	45 51	49 49	11 56	16 59	8 51	17 51	41 46	56 51	12 51
37 54	40 53	47 50	36 47	38 53	20 53	30 47	63 52	59 52	49 46	23 47	12 48	39 57	5 53	10 55	26 51	57 49	24 56	19 54	44 51	3 49	54 43	65 54	68 41	66 63	11 54	56 42	14 48	0 44	21 47	35 55	31 52	55 52	62 45	9 42	41 59	53 39	34 42	2 63	13 46	46 45	28 46	29 55	58 49	32 53	67 48	50 53	6 46	17 48	48 53	61 55	69 53	15 60	7 54	8 50	18 52	27 40	33 51	1 52	45 56	42 54	64 47	43 51	22 51	16 58	52 45	25 62	51 48	4 50	60 43
34 49	52 46	60 51	4 43	54 53	10 50	20 49	30 53	38 50	0 58	6 52	25 48	29 47	48 56	44 49	19 50	68 53	45 50	63 50	53 53	43 45	13 51	22 45	65 53	3 41	51 45	16 50	64 50	50 36	62 49	8 57	33 60	18 45	28 43	37 52	26 59	58 53	69 59	23 47	11 47	5 51	14 48	59 45	24 56	40 44	49 63	15 50	39 49	41 47	27 42	57 53	61 48	21 51	66 47	17 55	46 55	42 55	55 51	12 48	47 57	7 51	35 52	9 57	67 53	2 44	1 51	56 51	31 57	36 42	32 46
3 50	24 44	29 44	55 53	0 53	22 48	14 40	51 57	53 47	5 48	63 53	69 49	68 59	56 45	64 44	58 44	36 54	62 52	30 49	27 47	15 47	34 51	10 53	8 65	21 56	67 43	9 55	1 49	40 54	38 53	25 46	37 50	46 45	57 64	61 57	47 49	32 49	18 50	50 47	16 54	4 54	59 54	44 53	20 44	52 54	33 38	19 49	45 58	43 51	23 52	7 47	6 53	66 45	42 52	39 56	2 51	49 49	13 55	48 54	60 51	28 55	35 45	12 55	31 46	41 45	26 56	17 52	11 54	65 52	54 59
49 57	42 47	8 48	62 35	41 61	12 47	56 52	38 48	13 58	3 48	27 46	16 52	68 49	53 47	45 49	65 50	9 46	18 45	26 55	69 48	30 45	20 49	22 56	34 55	19 53	14 55	36 48	21 47	43 40	39 56	11 44	54 63	31 51	44 49	51 50	67 50	57 54	32 44	4 48	61 51	15 52	40 55	7 44	46 50	66 56	23 50	10 49	63 54	17 53	2 59	50 41	1 55	25 52	35 51	5 54	64 52	28 55	59 52	37 43	24 53	60 48	58 49	48 56	47 47	52 45	55 56	6 54	29 53	33 48	0 46
15 53	10 49	16 42	0 49	66 47	52 58	7 54	51 43	19 53	6 52	5 45	55 49	65 44	30 45	69 53	48 50	39 59	14 46	62 46	68 45	36 59	60 52	56 49	54 48	29 52	59 56	61 45	34 45	3 47	11 55	63 46	45 49	25 43	27 49	1 47	41 46	21 54	4 45	9 50	12 51	49 48	31 51	53 54	13 44	24 47	38 49	17 53	28 50	64 52	50 38	23 48	57 54	8 55	37 40	44 50	46 53	40 45	20 46	47 41	33 47	32 44	43 56	22 51	42 41	35 53	67 56	58 55	2 47	18 42	26 52
7 49	59 51	38 43	11 57	22 42	48 47	14 48	17 52	55 51	33 55	64 46	24 48	66 52	34 58	19 51	15 45	54 53	13 51	31 52	42 48	52 47	30 47	0 54	3 50	63 52	43 46	36 49	29 53	27 44	12 55	16 48	46 48	60 58	62 54	61 56	51 51	18 53	44 52	23 54	69 56	68 52	2 45	9 49	10 44	5 50	53 45	50 47	67 49	56 48	32 44	58 39	57 55	1 54	65 53	47 44	35 56	21 39	8 46	49 57	4 51	41 46	26 49	6 58	45 48	40 47	39 47	28 42	25 46	37 55	20 46
28 49	48 54	23 42	17 42	68 52	16 40	45 46	42 49	58 43	10 48	65 49	46 52	50 47	15 53	38 51	14 53	26 42	56 49	18 44	64 37	1 54	7 44	0 50	67 44	22 44	47 45	29 43	63 54	12 50	44 51	52 54	33 55	27 39	11 53	20 41	9 39	55 52	37 52	30 50	31 52	19 48	5 43	54 56	32 44	34 59	57 47	40 45	51 44	13 49	6 55	21 47	60 46	53 53	25 53	69 47	62 48	66 46	4 43	61 55	36 44	41 60	59 48	35 48	8 41	39 44	3 52	49 40	2 53	43 50	24 55
51 55	19 54	24 56	12 47	2 43	29 62	48 40	49 53	68 43	41 46	55 55	36 53	38 51	20 50	67 53	21 48	58 52	63 41	5 51	25 50	39 42	59 52	9 41	7 52	64 53	11 50	54 51	18 52	66 51	22 58	3 52	52 52	45 59	27 54	31 43	14 53	50 45	8 49	33 43	46 52	44 54	17 51	35 54	23 59	53 63	32 54	60 45	10 50	61 56	34 49	15 55	62 48	0 47	40 48	16 49	4 40	56 53	6 48	47 42	28 43	43 60	30 51	13 46	57 54	26 53	42 48	1 47	37 49	65 44	69 47
12 48	52 58	38 49	5 42	61 57	36 47	66 42	63 50	34 48	40 48	35 51	60 51	64 55	50 54	22 60	47 50	53 47	1 59	2 54	25 48	9 60	13 51	26 57	65 40	45 45	59 56	67 50	21 52	14 43	3 52	29 50	33 51	16 59	49 56	37 47	32 52	8 55	54 46	19 52	11 44	30 53	39 52	48 55	10 48	28 55	18 49	42 43	7 46	31 51	58 39	6 60	15 49	68 48	57 49	55 47	17 53	41 49	24 54	56 46	69 44	27 46	23 49	44 47	46 49	51 56	20 51	62 40	43 55	0 47	4 46
6 56	59 54	48 58	27 55	60 54	7 50	45 46	47 61	13 49	33 47	30 48	37 49	8 47	64 47	52 50	69 54	26 48	68 49	57 48	28 52	44 57	53 48	38 55	21 49	24 47	2 53	36 43	9 52	15 51	51 53	34 53	19 54	67 50	56 49	43 50	25 49	12 52	20 50	39 64	4 52	66 49	22 55	3 51	35 52	65 41	10 53	31 54	54 48	14 56	0 57	61 49	62 52	55 48	23 44	11 53	32 52	5 56	50 52	63 41	29 49	46 45	49 49	42 48	18 56	40 55	16 43	1 45	58 47	41 55	17 57
18 49	37 44	29 54	16 50	14 47	65 49	0 47	69 56	32 54	13 55	36 50	15 45	58 49	50 49	48 46	19 56	35 51	1 49	10 59	31 52	2 50	27 57	54 53	30 61	67 47	12 49	61 51	38 44	45 50	20 55	33 47	51 42	42 46	41 54	59 55	63 48	6 57	25 45	44 53	23 47	40 46	3 51	55 56	34 48	26 51	17 50	28 56	68 42	4 53	21 52	24 48	64 54	49 46	39 49	11 60	43 60	5 55	47 56	56 53	46 48	60 48	22 59	62 37	8 51	7 57	53 50	52 52	66 57	9 49	57 52
36 59	38 55	14 50	68 60	21 53	29 42	19 41	2 56	11 44	10 41	12 42	31 54	50 48	34 48	3 48	17 44	26 43	49 54	59 64	46 51	42 52	61 59	24 53	37 43	56 52	6 54	35 54	13 48	9 47	7 47	62 48	60 40	69 46	64 53	39 55	40 50	4 52	25 49	0 56	5 57	43 52	51 48	48 50	27 43	23 58	32 46	28 55	22 60	57 46	18 49	47 46	30 49	15 51	63 52	52 52	41 47	45 43	44 48	55 47	8 53	66 53	54 55	58 48	33 48	53 50	67 46	16 58	65 44	20 50	1 49
58 53	52 53	60 44	62 53	16 42	29 45	22 46	65 40	31 53	51 55	45 43	1 47	7 43	28 42	35 48	38 36	44 49	57 49	12 43	33 51	40 56	9 47	2 45	17 47	32 47	50 59	61 54	21 44	43 62	67 57	27 54	49 58	54 56	47 55	59 48	30 57	3 63	19 46	53 56	13 53	66 49	34 48	41 48	63 48	56 49	6 52	20 49	25 52	15 47	18 48	48 51	5 57	11 48	36 42	4 46	10 52	39 51	68 55	14 53	55 58	23 57	37 46	46 46	42 54	24 46	64 56	69 54	8 58	0 51	26 47
25 52	6 54	48 51	36 50	8 55	7 49	18 50	21 50	39 49	62 51	68 49	45 43	29 45	67 46	24 46	27 47	1 41	20 47	11 48	4 49	51 50	0 59	16 50	10 50	46 43	42 53	43 43	12 43	5 47	49 51	52 47	22 47	64 54	14 48	13 45	65 49	33 54	41 48	3 53	30 47	26 54	17 38	56 48	38 58	23 41	19 50	66 50	44 52	32 47	15 44	9 54	47 42	69 49	31 44	34 45	59 52	60 51	28 47	40 40	54 45	37 44	35 50	63 52	61 49	55 45	58 49	53 53	57 55	2 60	50 52
35 50	43 50	9 57	25 51	63 46	62 52	36 43	60 52	47 48	65 46	51 41	57 54	39 55	48 49	6 50	23 56	37 44	13 47	4 52	38 51	49 55	52 55	26 53	5 51	40 48	29 41	41 53	14 47	20 48	3 46	24 45	58 45	11 48	15 42	45 46	69 49	17 45	19 48	28 50	54 54	22 46	8 47	12 51	31 49	7 61	50 52	0 52	33 53	42 50	55 52	67 48	53 52	2 49	30 50	1 49	56 57	64 52	27 45	10 46	18 51	61 52	16 45	34 50	44 52	68 55	32 58	66 58	59 49	21 60	46 47
68 50	49 49	11 49	64 43	20 51	5 48	37 42	39 46	22 43	52 52	16 50	26 49	36 52	45 53	30 52	33 50	65 53	63 50	29 45	40 45	53 50	48 47	6 52	35 59	27 54	59 40	41 48	4 42	3 53	56 46	44 59	51 50	21 47	28 54	0 47	69 56	66 49	61 41	24 41	31 68	10 55	46 56	1 46	23 55	7 47	18 49	54 45	17 33	12 55	60 47	13 53	34 48	43 55	38 45	19 58	9 49	42 51	50 41	2 53	57 49	62 50	58 49	25 47	15 46	14 51	47 57	32 51	55 50	67 49	8 54
8 45	45 53	55 49	39 42	23 51	66 54	57 52	46 48	67 57	52 52	16 53	50 56	33 52	27 46	34 55	11 53	26 45	13 43	28 54	47 46	14 49	9 60	68 56	41 48	35 45	4 52	48 42	62 47	54 45	0 50	19 55	58 57	6 48	2 53	61 46	38 46	24 52	65 42	59 43	69 48	53 50	3 43	60 46	12 48	22 45	44 52	49 50	17 57	51 45	36 47	64 45	63 46	43 50	7 53	40 50	42 57	25 49	15 48	56 54	29 43	20 48	32 55	30 51	18 57	31 42	37 49	10 44	1 40	21 49	5 54
38 39	13 53	23 51	69 45	47 52	62 43	51 48	48 55	20 49	11 50	58 43	18 47	27 48	14 59	9 46	64 58	46 51	28 52	34 50	35 46	54 47	56 46	25 51	7 51	2 44	59 51	4 57	3 51	21 46	61 54	10 57	66 43	57 44	24 52	16 49	0 63	17 48	52 44	50 49	42 49	49 55	5 37	41 55	29 56	33 42	15 52	19 49	67 57	45 48	44 53	63 50	68 47	32 48	6 43	53 43	37 50	8 46	55 50	22 44	12 51	26 46	31 47	60 50	43 51	30 47	36 42	1 45	40 54	39 35	65 58
17 53	67 60	13 55	1 45	56 51	35 49	28 45	34 45	32 46	40 45	54 60	48 56	52 51	26 51	2 56	63 49	65 43	57 47	25 50	50 51	46 50	20 41	36 53	33 53	11 47	21 55	55 51	37 47	14 55	58 55	30 60	41 49	12 53	68 47	27 48	9 44	69 55	47 54	42 54	10 53	18 45	19 49	23 57	15 42	44 56	64 52	8 47	61 57	66 56	53 55	39 51	7 53	24 55	62 48	22 47	38 51	0 49	60 47	6 55	51 55	3 48	16 52	43 53	49 53	4 45	59 49	29 51	5 57	45 47	31 43
37 48	20 57	22 52	63 48	55 55	66 45	14 46	7 52	33 46	30 48	53 46	19 50	17 41	21 54	9 42	29 50	16 52	51 54	41 48	12 55	4 54	38 45	31 47	68 48	45 53	58 56	67 46	10 45	48 63	35 57	18 48	49 52	23 56	52 45	39 47	61 56	50 44	62 51	57 45	32 55	2 46	1 44	11 57	56 54	42 49	25 56	36 54	65 51	59 56	24 49	3 59	0 55	6 50	64 48	54 42	8 40	44 57	47 47	43 42	60 52	34 52	28 46	26 53	13 49	27 51	69 51	15 51	40 50	5 54	46 52
52 45	67 56	40 54	3 44	17 55	43 49	44 49	34 52	53 46	50 44	33 54	65 39	35 50	45 50	32 47	0 43	56 49	28 56	68 52	46 48	30 49	63 46	64 50	14 56	19 52	49 64	61 46	47 48	59 43	42 49	31 42	15 53	8 49	25 55	12 49	2 50	26 42	24 51	37 45	23 48	60 40	58 48	22 53	54 58	57 57	48 54	27 52	4 51	16 51	18 51	9 49	41 55	51 46	29 44	10 51	66 60	13 44	69 53	5 45	7 45	39 50	21 56	55 48	20 41	11 55	36 46	6 47	62 42	1 50	38 56
13 49	47 51	3 42	65 47	36 47	19 52	68 52	20 58	55 49	22 44	59 42	48 58	5 50	17 43	44 58	27 51	64 53	35 55	10 51	56 49	30 54	18 53	12 52	61 57	67 51	1 48	14 55	9 56	15 41	52 53	34 61	51 56	37 44	0 51	60 47	49 47	66 56	45 52	50 49	4 44	24 45	43 62	63 48	26 49	58 53	54 37	2 40	69 54	32 47	8 41	29 45	62 50	28 57	6 42	33 40	31 53	46 49	25 50	11 60	57 46	41 48	7 48	38 41	40 49	21 47	42 58	16 52	39 57	23 39	53 47
8 48	38 50	59 48	34 39	62 56	35 48	24 47	61 55	9 52	0 49	18 58	26 47	19 42	4 49	33 53	28 50	63 53	67 56	27 53	48 44	40 46	36 48	29 54	30 47	7 54	22 51	58 46	23 46	11 48	3 41	1 45	31 41	56 49	37 48	20 54	39 54	42 44	47 50	51 53	17 52	10 46	44 48	49 46	25 47	21 46	60 63	12 39	69 51	43 57	50 49	14 60	55 47	41 49	2 46	46 45	54 45	45 51	53 45	32 45	52 45	6 51	64 52	5 59	13 57	15 53	68 57	65 50	66 54	16 43	57 50
7 47	67 47	52 47	55 47	27 55	28 50	5 44	11 49	34 52	6 52	16 49	33 40	20 47	23 47	12 49	58 66	36 48	25 44	19 49	15 52	47 50	44 60	69 50	64 50	61 49	9 50	26 55	50 44	31 46	22 49	57 43	13 41	51 51	38 47	24 41	18 48	49 40	39 52	68 51	43 52	54 49	14 44	21 55	17 47	8 58	4 53	59 44	37 54	60 46	35 43	56 53	63 47	62 55	53 49	40 51	45 53	41 48	42 49	32 42	0 52	2 58	3 54	29 46	10 61	65 53	66 54	48 47	30 42	1 48	46 57
41 42	15 56	61 59	40 50	46 48	38 52	10 46	29 47	12 45	68 49	37 53	0 48	30 53	49 51	3 41	45 44	67 54	35 50	50 47	24 47	5 52	48 46	54 49	14 52	8 54	53 54	25 55	44 44	55 58	56 45	66 50	69 48	39 44	31 59	57 55	17 63	51 53	33 59	58 53	22 45	9 49	64 47	27 48	23 52	20 56	60 51	1 46	4 49	65 46	19 51	62 42	47 54	21 52	16 43	28 59	42 51	36 51	18 47	63 54	13 50	52 57	2 58	43 45	59 51	7 56	34 50	32 54	6 52	11 54	26 54
16 57	53 56	69 52	42 51	45 49	34 44	20 49	39 52	32 56	47 47	52 51	28 43	2 54	50 54	65 44	41 51	18 58	27 53	0 43	58 56	12 52	56 53	46 49	60 50	63 56	35 51	48 49	43 49	66 48	22 49	24 38	67 46	13 57	17 46	5 62	33 40	21 57	3 46	61 49	37 55	54 49	26 50	1 49	49 57	55 48	19 45	6 52	15 43	23 51	30 56	8 48	59 56	11 53	62 42	51 54	44 50	9 54	38 43	14 48	57 53	68 58	10 50	31 53	36 58	29 45	64 54	25 55	40 50	4 51	7 45
20 56	26 45	25 50	54 45	33 39	46 49	57 50	58 51	30 58	45 50	28 54	59 53	55 49	65 49	9 45	51 41	0 48	31 49	16 46	56 45	11 48	21 50	66 48	32 53	42 44	13 54	10 46	5 49	23 52	63 56	36 57	49 52	69 53	68 54	1 52	44 50	8 43	52 45	14 54	12 62	17 54	18 53	7 56	67 52	29 54	53 50	4 49	15 53	38 53	27 49	3 46	37 51	64 54	2 49	34 50	39 51	40 51	6 58	50 53	48 57	62 53	60 51	35 49	41 41	47 45	43 46	24 53	19 40	22 39	61 49
35 53	52 59	63 50	39 53	18 48	0 51	58 53	46 49	47 52	41 51	62 49	7 48	69 47	57 49	14 45	43 54	37 56	1 45	27 54	24 53	59 50	15 39	61 49	23 56	38 52	25 55	66 50	48 46	21 51	60 49	22 50	2 52	26 51	55 51	50 48	40 51	56 59	32 46	36 56	30 49	17 45	5 44	54 54	64 47	33 53	34 47	4 50	8 50	49 52	19 55	29 53	42 57	44 47	11 46	53 49	20 39	16 44	31 39	67 57	9 49	3 43	68 62	10 48	51 46	45 52	13 52	12 41	6 50	28 50	65 45
36 45	9 39	11 47	64 52	7 55	21 59	41 53	43 41	65 48	46 50	42 42	68 47	18 56	37 45	58 53	5 42	8 51	54 46	52 59	45 49	56 46	25 53	13 50	51 53	69 47	10 45	40 55	47 49	30 48	3 48	19 36	44 46	12 56	17 43	4 43	15 48	60 60	62 48	2 54	29 48	16 50	20 47	32 47	61 55	67 51	24 46	1 54	6 53	31 52	23 53	14 49	34 45	55 51	63 47	66 52	49 48	22 50	59 42	57 49	50 51	33 42	39 57	26 49	53 50	35 51	38 55	0 44	48 47	27 59	28 54
19 53	57 66	21 51	54 45	38 58	40 47	69 48	1 46	0 43	23 57	37 50	58 62	51 54	33 54	22 57	26 60	9 44	24 57	16 48	60 54	25 44	2 57	46 56	6 41	42 54	63 55	61 51	17 52	14 51	4 46	18 45	5 59	47 60	20 49	36 47	13 46	35 46	52 52	8 43	7 41	12 57	55 45	44 44	66 51	56 53	49 49	15 52	59 45	67 56	28 52	62 55	29 56	11 54	10 48	45 48	39 51	50 56	41 51	30 53	68 49	31 56	27 52	34 47	3 56	65 54	43 52	53 57	48 43	32 45	64 50
62 51	1 48	30 48	20 52	58 53	52 50	29 61	60 43	67 44	16 59	59 44	24 52	50 47	11 40	4 54	34 44	27 49	40 46	65 53	54 48	22 50	69 44	10 49	3 47	15 61	56 50	35 60	39 50	66 49	37 63	68 57	5 48	63 43	38 42	43 55	57 47	31 46	41 51	51 50	61 49	42 56	18 50	47 54	19 56	48 56	21 44	7 57	2 38	28 47	26 53	53 56	32 69	46 49	6 47	13 62	8 53	64 53	33 46	14 44	12 49	49 55	36 52	44 62	55 49	45 56	25 56	9 52	23 52	0 60	17 53
61 55	38 45	6 55	57 50	5 50	65 55	68 55	24 49	53 48	8 51	54 53	33 54	47 56	36 58	4 58	39 50	3 46	56 57	7 54	40 52	22 53	66 45	46 50	12 53	1 48	30 55	23 56	20 46	50 54	52 50	42 44	21 44	17 57	60 54	64 47	32 58	55 59	25 44	45 52	41 50	67 46	11 44	2 58	43 47	18 49	15 54	63 51	28 53	37 54	69 52	48 50	9 47	31 54	51 49	29 44	58 56	27 45	16 52	44 52	49 54	0 39	59 51	26 41	34 51	10 49	14 57	13 54	62 52	19 57	35 57
0 52	8 52	34 42	53 56	51 49	42 53	25 56	6 53	17 46	7 51	52 59	62 51	24 42	60 47	3 48	46 48	66 53	29 54	40 53	64 55	58 52	32 52	20 44	13 53	61 55	47 57	14 45	31 50	1 48	48 51	10 49	67 50	39 47	18 56	68 56	45 51	11 56	26 47	15 49	49 50	69 57	19 48	36 47	23 58	33 55	43 49	54 45	50 54	35 42	12 47	30 46	41 48	4 50	16 49	44 60	55 48	57 53	56 56	9 63	63 48	37 49	5 43	38 40	65 44	2 52	22 48	59 50	28 47	21 49	27 49
16 57	47 53	26 47	37 54	4 49	46 56	21 46	28 48	48 47	3 57	39 47	17 50	7 51	22 48	27 55	50 40	43 55	32 47	54 45	51 57	44 56	69 42	58 49	63 49	12 47	68 38	33 50	36 54	31 50	0 48	65 52	41 51	34 51	62 49	61 44	67 39	6 53	24 47	11 52	1 59	9 44	25 59	18 55	64 59	35 39	52 47	59 48	10 42	8 47	60 48	49 48	29 52	30 52	19 47	56 55	57 44	13 57	38 46	20 57	55 43	15 43	40 52	42 50	5 54	2 48	53 49	45 43	66 50	14 51	23 50
31 59	4 54	50 46	40 50	52 50	22 46	16 47	12 47	9 58	7 52	20 51	5 52	48 47	42 46	25 38	10 49	2 40	6 53	63 51	39 46	8 48	0 47	68 52	62 46	57 49	17 61	53 59	55 55	56 47	23 47	49 52	14 49	13 48	21 48	41 48	58 50	44 49	38 48	24 48	30 49	60 51	54 50	45 54	64 47	26 48	33 52	3 49	28 45	69 50	36 40	29 47	66 56	61 49	46 48	47 51	15 51	37 57	51 49	18 48	19 53	11 54	32 49	43 54	35 48	67 53	27 48	34 52	1 50	59 47	65 52
60 55	16 44	37 55	36 39	6 46	55 48	2 58	67 52	50 55	30 57	15 50	61 50	13 43	43 51	45 52	18 44	63 52	1 54	4 36	49 45	35 37	22 59	39 52	17 51	38 54	25 50	27 54	51 33	21 58	12 44	44 50	26 44	59 48	56 44	57 50	24 54	62 45	52 51	31 42	46 52	58 53	19 44	7 46	8 43	66 55	54 60	32 56	65 51	9 49	47 48	40 53	53 48	69 50	0 51	42 45	64 50	23 56	29 48	10 53	34 51	41 47	11 51	5 48	48 50	3 51	33 52	68 48	20 53	28 56	14 50
2 50	0 54	47 38	68 52	63 51	67 51	43 52	49 57	10 46	9 52	30 56	7 52	45 43	37 49	11 52	48 50	41 47	38 57	57 53	69 53	36 46	44 45	22 51	35 54	34 52	15 51	8 48	23 54	27 56	32 56	25 50	61 54	6 53	18 43	21 46	12 56	56 49	53 52	24 55	51 51	1 52	46 44	13 52	42 51	29 46	50 47	20 51	31 50	26 52	3 52	14 57	5 41	19 46	17 55	54 55	40 42	16 54	4 51	64 41	28 48	62 50	33 55	58 44	66 58	65 56	59 51	60 49	39 49	55 44	52 58
41 43	47 52	44 52	64 46	45 50	39 50	14 54	18 48	56 49	38 41	54 49	48 54	66 43	17 50	10 43	1 57	61 45	69 50	60 47	42 53	7 50	43 47	11 50	9 53	12 42	30 43	26 44	27 51	63 56	59 45	51 44	29 54	57 40	22 48	50 58	55 58	62 56	65 46	37 41	23 51	19 51	36 38	28 50	67 45	53 43	40 52	13 59	21 58	34 53	5 50	0 47	35 61	49 46	46 52	58 61	25 50	6 53	33 51	3 54	68 58	2 44	4 61	20 45	24 44	31 55	15 49	8 48	16 52	32 53	52 53
16 51	48 46	46 52	3 53	54 49	41 42	37 51	15 49	4 42	14 41	31 45	13 47	59 46	30 40	66 59	52 45	10 58	8 56	11 46	24 54	23 46	68 49	60 52	32 48	17 49	33 50	22 54	47 52	64 52	36 48	20 59	56 50	61 53	69 48	65 50	5 50	27 49	42 53	57 53	1 52	39 52	63 53	50 46	26 50	0 50	67 55	45 48	44 45	35 55	29 43	58 51	40 47	25 44	49 42	2 51	19 53	38 51	7 55	62 52	6 54	12 52	18 50	43 55	53 55	34 54	28 57	51 49	55 52	9 54	21 59
47 47	20 50	68 46	23 46	28 47	7 43	26 56	29 42	4 53	51 55	39 48	36 45	11 58	12 45	60 55	33 56	62 46	53 49	50 37	40 55	49 45	42 44	17 46	69 52	18 52	31 45	30 50	44 57	13 46	25 57	45 57	37 67	1 45	67 43	56 55	10 49	5 55	0 50	19 56	54 63	3 53	65 51	63 49	46 46	27 49	21 45	16 51	15 40	58 43	34 50	38 49	43 43	66 56	57 47	14 57	35 50	32 56	41 56	22 51	24 49	61 50	9 46	6 47	52 46	55 44	2 46	48 45	59 44	8 48	64 37
10 44	36 60	24 45	16 52	48 52	40 58	47 51	3 51	38 57	59 48	14 53	12 50	53 46	31 51	22 53	49 52	21 52	26 53	61 42	67 58	68 50	63 44	25 44	19 45	62 43	55 52	9 49	41 50	34 44	60 47	11 46	27 55	65 54	20 49	1 41	8 41	33 50	52 48	7 44	46 56	44 47	23 43	4 52	42 39	39 52	15 46	64 44	37 51	50 42	6 53	54 50	30 49	29 40	43 47	28 40	13 49	17 49	5 51	0 51	45 54	32 52	35 40	51 52	58 46	56 52	18 47	57 47	2 48	66 50	69 58
10 43	38 46	52 57	11 53	49 56	18 48	61 55	47 55	28 53	23 50	64 53	22 51	40 39	9 53	31 41	69 58	54 45	30 50	21 46	62 44	8 48	12 55	24 48	44 42	59 50	37 46	50 50	46 50	58 48	48 47	53 52	34 57	67 48	65 48	29 46	35 52	45 46	14 45	4 51	56 42	27 46	66 48	13 46	20 44	6 52	39 59	57 50	60 52	15 55	16 45	41 42	51 58	55 55	26 54	7 49	19 61	0 45	33 43	17 50	32 52	2 64	43 42	5 47	42 50	68 44	25 45	3 51	1 41	63 38	36 51
40 48	17 52	50 48	11 50	55 38	60 59	8 54	68 58	45 53	44 54	16 44	28 51	47 56	48 54	7 53	0 50	22 54	41 54	65 55	59 51	4 46	57 49	67 47	36 54	20 46	52 45	38 45	5 49	51 45	18 50	64 46	62 47	30 43	2 46	19 48	43 49	6 53	27 48	33 41	37 54	26 44	1 52	35 48	15 41	42 51	66 43	39 50	24 48	53 53	25 44	31 60	49 50	13 53	54 53	21 50	9 49	12 56	32 46	46 58	10 54	14 47	56 48	63 44	29 60	69 38	23 51	61 47	34 52	3 43	58 54
18 49	61 59	34 50	67 44	45 47	35 55	22 52	66 50	46 42	6 51	65 53	7 48	33 52	69 46	36 51	57 57	55 54	60 56	16 46	54 56	10 56	62 46	8 58	19 52	41 54	37 50	39 60	56 54	38 46	2 41	58 55	4 61	59 43	12 44	30 58	43 51	26 46	11 55	52 48	50 49	23 46	31 49	13 53	40 55	53 56	49 61	24 50	14 48	32 48	44 56	29 60	47 39	0 48	51 41	3 40	15 46	27 40	63 63	20 61	42 50	28 50	1 48	21 48	17 55	25 56	64 46	68 44	48 53	9 48	5 49
61 48	67 53	35 46	33 54	44 55	10 46	47 51	57 50	41 50	4 56	5 54	60 51	2 53	38 47	63 44	46 56	20 49	45 38	23 44	48 50	24 45	19 54	59 56	22 50	34 48	43 47	54 34	40 52	30 44	62 54	39 48	37 55	3 50	66 53	6 52	49 49	12 44	8 50	13 51	36 49	29 59	58 44	26 51	52 45	0 51	28 45	21 50	50 58	18 42	11 49	1 52	55 52	25 48	17 49	14 53	53 49	42 50	69 37	64 50	51 52	27 50	9 46	7 53	31 45	32 49	16 57	68 49	15 50	65 52	56 43
49 45	56 44	1 48	46 57	38 53	40 47	20 43	15 50	59 48	66 53	13 43	11 46	36 49	69 45	21 47	4 48	58 53	17 48	50 42	23 52	45 49	62 53	24 50	2 43	64 49	47 50	54 43	16 54	3 52	52 61	8 49	41 53	55 55	22 46	18 50	28 46	10 49	44 46	37 47	43 41	30 48	25 59	48 55	12 53	65 53	51 53	67 46	29 51	57 50	9 45	0 49	60 48	34 46	42 58	53 49	31 48	35 45	7 45	68 51	6 49	5 48	33 50	26 39	27 52	39 57	32 47	61 37	14 49	63 45	19 42
11 52	22 50	37 53	13 49	23 43	12 54	14 54	45 49	54 56	48 50	55 42	39 50	0 54	17 44	6 53	56 49	9 51	43 57	31 53	65 54	49 50	59 52	36 48	40 52	10 53	61 52	1 53	57 53	51 46	47 54	53 61	38 47	3 49	5 42	42 51	44 48	8 56	52 54	24 48	18 51	67 55	15 54	7 47	62 54	68 41	27 43	69 47	21 53	25 53	32 47	28 51	50 46	19 54	35 41	29 45	64 53	60 54	30 49	66 56	33 43	26 51	63 51	16 56	4 52	58 57	41 57	34 50	2 61	46 44	20 53
10 51	57 46	14 53	32 58	61 41	63 33	33 53	21 49	13 50	6 46	59 48	37 54	22 61	36 59	34 54	41 53	65 50	26 52	2 44	7 56	56 43	3 54	58 52	46 44	44 41	60 55	20 42	27 52	1 54	17 48	47 55	11 53	54 51	48 44	53 49	39 47	43 51	52 47	55 49	45 46	5 51	68 49	28 57	67 59	35 52	51 48	50 47	49 50	25 44	9 51	12 43	19 47	30 56	24 48	23 44	18 52	4 44	69 52	31 53	15 37	38 49	16 53	0 48	42 50	66 56	40 56	8 46	62 46	29 43	64 50
19 47	66 41	8 48	0 50	25 50	18 51	11 61	10 51	22 43	43 47	46 50	36 52	28 41	50 45	61 53	15 50	64 49	3 45	23 53	67 58	39 46	34 45	24 61	14 50	13 48	33 54	20 54	48 44	60 50	17 63	40 46	51 48	9 54	35 52	31 49	47 50	2 46	62 55	42 56	7 47	53 51	57 51	30 43	63 52	44 43	27 52	4 45	32 47	65 55	37 42	55 47	58 46	59 47	45 54	26 45	69 56	38 51	16 45	29 53	54 54	12 59	1 52	6 52	5 38	68 53	49 48	52 56	21 44	41 57	56 48
13 53	17 50	64 60	54 51	25 46	28 49	31 49	68 54	11 45	19 47	9 48	32 57	6 50	34 50	48 43	24 40	21 48	36 54	12 44	14 54	40 46	4 51	39 50	61 47	57 60	49 47	50 54	58 50	60 45	26 46	18 50	45 55	47 42	2 51	51 47	20 54	59 48	69 45	42 46	10 44	46 48	33 50	66 53	67 49	37 51	16 59	44 49	1 52	65 53	35 56	56 47	22 56	52 51	62 50	27 51	5 49	23 49	43 55	7 55	0 48	29 57	41 43	53 43	3 46	30 55	8 50	63 44	15 52	55 46	38 53
25 49	0 50	31 44	58 49	33 56	67 46	10 52	4 45	49 54	19 45	53 41	2 46	32 46	30 49	41 51	13 48	57 49	38 43	18 45	63 50	44 50	37 53	14 51	20 49	64 56	8 54	52 54	21 50	11 43	36 39	48 46	9 41	66 47	3 42	22 45	43 52	56 50	28 42	60 50	46 51	51 53	39 54	23 63	26 53	1 48	12 50	55 40	42 43	35 47	7 51	45 52	61 54	47 54	40 47	16 59	50 44	54 53	6 51	34 46	27 43	24 47	69 51	15 45	5 59	65 56	62 50	29 47	68 55	17 45	59 54
36 51	26 53	68 50	33 49	66 41	39 59	8 53	65 53	32 51	6 46	11 56	52 47	29 54	5 59	62 60	31 51	7 48	34 49	57 53	43 44	64 52	60 45	13 50	59 48	24 46	12 46	20 49	53 51	56 53	42 56	51 39	30 53	50 53	14 54	0 51	37 51	69 42	18 51	19 51	44 46	47 49	67 45	27 51	41 50	2 53	15 58	63 46	17 48	54 46	22 43	9 49	1 45	61 54	48 52	55 45	16 47	40 50	3 48	25 55	23 45	38 54	10 46	28 44	45 46	46 52	49 42	4 52	21 50	35 47	58 52
63 48	21 48	8 53	39 50	29 42	17 50	68 47	65 60	48 46	59 55	58 52	67 49	61 51	24 53	28 51	30 40	10 41	64 52	18 56	1 44	50 54	45 51	3 47	27 59	52 49	54 49	22 50	6 56	46 49	16 48	57 50	49 52	4 50	5 49	31 51	20 47	19 47	69 48	53 46	33 45	34 42	12 47	0 46	11 49	32 39	38 49	55 51	44 45	25 47	7 51	62 56	13 53	23 54	66 42	47 51	42 48	14 40	51 54	2 62	15 48	26 46	43 51	56 49	41 52	40 47	37 48	35 48	60 46	36 50	9 45
31 44	19 47	1 48	32 60	28 40	47 60	29 50	4 46	23 48	14 43	9 48	40 51	69 43	60 45	68 44	54 50	44 60	5 51	56 51	62 40	2 59	22 53	61 57	12 56	41 60	53 49	35 41	43 43	46 55	58 53	59 48	36 49	49 53	64 46	63 45	38 61	7 48	21 51	37 51	42 56	55 49	50 51	26 54	3 49	33 52	6 41	51 48	11 42	25 52	39 42	16 56	18 47	15 46	8 59	57 47	30 46	34 56	24 49	67 47	52 48	48 55	27 53	45 51	65 46	0 47	20 48	10 51	17 40	13 51	66 57
63 55	41 46	17 57	9 50	5 46	40 50	29 52	37 53	19 53	56 52	6 39	67 49	18 44	12 43	21 59	8 59	0 50	34 51	10 45	45 60	69 48	57 53	50 56	55 54	25 56	20 47	66 40	32 56	44 51	59 51	53 51	23 49	33 45	47 51	60 49	13 52	65 53	39 57	1 43	22 54	4 38	54 40	49 40	43 48	38 49	42 52	14 47	11 52	28 47	2 53	64 55	24 53	16 49	58 45	48 56	27 43	3 44	7 49	35 55	36 53	31 45	46 53	68 43	15 62	62 47	26 49	51 47	52 43	30 55	61 53
