20	50
11 2	7 1	17 4	2 1	45 2	49 9	14 3	39 4	29 2	5 5	46 2	12 1	24 1	38 1	34 1	44 3	0 1	9 1	30 4	10 1	31 1	4 1	47 7	33 2	35 4	1 3	22 2	42 2	40 2	16 1	25 1	19 3	18 3	13 3	21 1	32 1	3 2	6 3	8 2	23 2	48 4	37 1	26 2	43 5	20 2	36 2	15 1	41 2	28 1	27 2
11 2	3 2	24 1	14 2	20 1	44 2	16 1	9 1	41 3	30 3	0 1	34 2	6 1	19 2	33 1	22 5	28 3	10 1	13 2	49 2	18 1	25 1	32 2	42 1	17 4	4 2	26 1	2 1	46 4	7 1	21 1	45 2	43 2	39 2	23 2	48 1	27 1	5 2	40 2	35 1	15 3	8 2	37 1	36 1	1 3	12 1	31 1	29 2	38 2	47 3
11 1	16 1	8 1	3 2	46 2	41 1	43 2	37 1	7 2	48 1	40 1	30 1	35 3	9 2	4 1	29 3	45 4	26 3	32 1	15 2	17 1	36 1	13 1	18 1	0 1	12 1	19 3	14 1	21 1	10 1	28 1	42 1	27 1	31 2	44 1	2 2	22 5	49 4	34 3	1 1	33 1	20 3	24 1	39 2	47 4	25 4	38 1	6 2	5 3	23 2
11 3	13 1	29 1	19 1	38 5	12 2	10 1	17 1	39 1	4 1	34 2	20 1	41 4	15 1	35 1	21 1	8 1	2 2	48 1	42 7	31 3	32 2	0 3	45 5	36 3	3 1	24 3	46 4	44 1	9 2	47 5	23 2	26 1	7 4	37 2	43 8	25 1	33 1	49 3	16 1	28 1	30 5	1 4	5 1	14 2	40 3	18 1	27 1	22 1	6 2
39 1	26 1	35 3	33 2	22 2	18 1	38 1	32 2	30 2	8 2	45 1	34 1	49 1	6 1	48 3	46 1	43 1	37 2	16 3	1 1	15 2	5 1	44 1	20 1	17 1	47 1	23 1	42 4	13 1	10 1	3 4	12 1	36 1	31 1	9 3	4 2	40 2	21 2	29 1	19 1	11 1	7 1	2 8	25 7	27 4	28 1	0 4	24 2	41 1	14 1
48 2	16 1	6 3	40 2	30 1	12 1	21 1	11 1	20 1	15 2	8 3	24 2	46 1	36 2	39 2	44 2	45 1	22 1	41 1	26 3	38 3	37 4	31 3	18 1	9 2	4 1	5 1	7 1	35 6	42 1	25 1	13 1	19 1	23 2	47 3	2 5	34 1	10 1	28 1	33 2	29 3	1 1	17 2	0 2	3 1	27 1	14 2	49 3	43 1	32 2
30 1	8 1	36 2	44 3	31 2	15 1	39 3	14 1	48 5	23 2	4 2	12 2	19 1	16 2	42 2	32 2	33 2	2 2	40 2	24 2	26 1	20 3	21 5	34 1	43 1	49 2	0 1	45 2	10 2	38 1	1 2	46 1	13 1	27 2	5 3	37 1	7 7	25 1	41 2	22 2	47 2	29 1	11 1	6 1	9 3	3 4	18 1	35 1	17 1	28 3
28 2	29 1	20 1	18 2	15 3	19 3	2 1	36 1	12 1	47 4	45 1	17 2	14 3	8 2	5 1	25 1	1 1	31 1	6 4	21 1	10 1	9 1	13 3	0 1	43 2	7 1	38 1	39 1	11 2	22 1	32 2	16 3	26 1	49 4	34 2	30 1	24 1	27 1	35 1	46 2	42 3	33 5	37 1	48 3	23 7	44 3	3 1	40 1	4 1	41 1
43 1	3 1	32 1	17 1	14 1	2 1	10 1	4 2	33 2	38 1	25 4	46 1	18 1	1 1	6 6	22 1	42 3	0 1	37 1	48 2	12 2	40 1	28 1	35 4	31 4	26 3	5 1	7 1	30 2	27 2	29 1	19 1	45 1	16 1	36 6	41 1	23 1	24 2	13 2	15 2	44 3	20 5	34 2	39 2	9 3	21 1	49 3	11 1	8 2	47 1
3 1	36 2	26 1	43 1	8 4	7 1	11 2	17 3	29 2	4 3	25 3	48 1	38 1	30 2	10 1	40 1	13 2	46 1	18 1	27 1	23 1	39 2	12 4	6 1	19 1	33 1	24 3	1 1	49 1	20 1	14 1	15 1	37 4	22 1	35 1	5 2	45 1	34 5	9 1	44 1	21 1	16 1	41 6	42 3	2 2	32 2	47 1	0 1	28 1	31 2
11 2	36 1	39 3	8 7	26 4	42 1	25 1	3 1	14 1	47 2	12 6	1 2	32 1	41 1	9 1	49 1	20 1	6 2	4 1	13 1	16 3	35 2	19 2	7 1	28 1	31 1	2 1	43 3	44 1	45 2	15 8	23 1	38 3	48 1	27 3	29 8	17 1	33 2	40 1	37 1	22 2	34 1	21 3	30 1	5 1	18 2	46 1	10 2	24 2	0 1
11 1	2 4	26 1	1 2	37 4	31 3	0 1	27 2	9 1	24 2	10 2	5 1	36 1	43 1	39 2	3 2	12 2	17 2	21 1	29 3	47 1	16 1	6 4	35 3	8 4	13 1	20 1	33 3	49 1	18 1	14 2	45 3	48 2	23 3	19 1	25 2	46 1	22 1	34 1	7 4	42 1	28 1	41 1	32 4	38 3	30 1	15 1	40 2	4 1	44 2
10 2	38 1	29 4	15 1	40 2	27 2	28 4	48 1	0 3	8 1	22 1	41 1	20 2	13 2	9 1	49 1	39 5	12 4	34 1	31 2	43 4	25 1	5 1	1 2	30 1	7 2	24 2	18 4	4 8	35 2	33 1	2 4	26 1	44 1	42 1	11 2	16 2	14 3	19 3	36 3	3 7	47 1	46 1	21 3	17 1	6 5	32 1	37 1	45 2	23 1
21 3	1 1	3 1	27 1	20 2	7 1	22 2	24 8	19 6	6 4	5 2	48 3	39 5	32 2	12 1	38 1	41 2	40 1	43 1	34 1	37 1	44 2	16 5	36 4	14 1	0 2	10 6	29 5	47 7	35 1	46 2	49 6	42 2	13 1	23 3	17 2	26 1	33 1	31 1	28 1	45 1	11 1	4 2	18 2	30 1	2 1	9 1	15 2	8 1	25 3
29 2	20 1	18 1	27 2	2 1	15 2	26 1	47 1	41 2	49 1	28 1	3 5	7 1	22 2	16 1	19 4	0 2	21 2	30 1	13 1	31 1	38 1	1 1	45 1	46 2	12 1	43 6	5 3	48 1	39 5	17 1	36 2	23 5	37 1	24 1	8 2	11 2	9 1	4 1	33 1	44 2	25 1	6 2	42 4	35 1	10 2	40 1	32 1	34 1	14 1
0 1	16 1	34 2	15 1	31 1	43 3	48 2	49 1	29 1	47 1	4 1	30 1	44 1	36 1	46 1	22 3	2 3	35 2	37 3	11 3	28 5	45 3	18 2	41 1	7 1	32 1	10 1	26 3	40 1	19 1	6 3	24 1	21 2	5 3	3 2	27 1	33 3	39 1	9 1	25 1	8 1	42 1	12 1	17 1	1 9	13 3	38 1	20 1	14 3	23 2
16 2	45 1	48 3	9 8	26 3	32 5	38 1	18 1	46 1	27 1	22 1	2 1	33 2	17 3	19 5	4 1	31 1	15 1	34 3	8 2	7 1	11 1	39 1	13 6	0 7	47 8	21 2	44 1	37 4	25 1	41 3	3 2	42 2	23 1	12 1	49 1	6 1	24 1	36 2	43 4	20 1	14 2	35 1	5 1	1 1	28 1	29 4	40 5	10 2	30 2
22 1	6 3	0 1	44 4	15 1	4 4	40 1	32 1	24 1	19 3	41 2	10 3	21 3	17 3	28 1	39 1	37 2	23 1	14 2	1 1	9 3	13 1	20 1	36 1	2 1	8 2	5 4	45 1	47 1	33 1	29 1	34 4	7 3	38 1	30 2	46 1	12 1	48 2	18 1	49 1	31 1	26 4	43 2	25 2	35 1	3 2	42 1	27 1	16 3	11 4
37 1	14 1	19 1	6 4	48 1	10 1	33 2	46 2	27 1	17 2	24 1	44 1	32 1	39 1	7 2	12 1	13 3	41 4	31 1	42 3	4 1	35 2	20 1	36 1	30 2	16 1	15 1	18 3	11 1	49 2	21 4	3 1	47 1	2 1	28 1	5 1	45 2	38 5	25 2	43 2	34 1	26 2	0 1	8 1	1 4	40 1	23 1	22 1	29 3	9 1
17 3	12 4	34 2	33 2	11 1	42 2	8 3	30 6	2 1	32 3	44 1	7 2	40 1	43 2	28 2	19 1	15 2	37 1	10 3	39 2	41 7	18 4	38 1	29 1	6 1	31 2	49 2	5 1	4 4	14 2	25 1	36 1	35 3	9 8	47 9	1 2	48 5	22 1	27 1	24 1	23 1	45 2	46 1	3 1	21 2	0 1	26 4	20 1	13 1	16 1
