15	30
18 1	22 1	19 1	28 1	20 1	5 2	4 1	26 9	17 10	16 5	15 2	7 2	13 1	11 2	27 1	25 1	24 3	23 1	0 2	9 2	2 1	12 1	8 1	1 2	14 2	6 2	3 2	21 3	29 1	10 1
12 3	29 6	2 1	9 4	23 1	15 1	3 4	17 2	16 4	4 1	21 3	7 7	8 3	19 1	6 1	28 6	10 2	24 2	20 1	22 5	14 1	5 1	18 2	27 4	0 1	25 1	1 1	11 1	13 2	26 1
6 1	19 1	17 2	7 1	18 1	12 2	20 2	4 1	3 3	21 2	13 2	28 4	15 2	24 1	14 1	1 1	8 1	11 1	25 3	16 1	26 1	5 1	0 2	2 3	29 1	23 1	27 1	22 1	10 1	9 1
21 2	18 2	1 1	26 1	5 1	20 1	15 1	9 1	12 2	6 2	2 1	13 4	29 2	16 3	24 4	28 1	0 1	25 3	7 1	22 3	3 1	11 1	10 1	19 2	4 1	14 2	8 1	17 2	23 3	27 1
21 4	3 2	4 3	28 1	17 2	15 2	0 1	26 1	24 1	27 1	23 1	22 2	18 7	10 2	9 1	7 1	1 1	25 2	13 5	29 1	2 1	5 2	19 1	20 1	12 1	11 1	16 1	14 2	6 1	8 1
26 3	5 4	9 1	13 1	17 3	8 1	24 3	12 1	0 2	15 1	18 3	20 5	14 1	23 1	22 1	10 1	6 1	16 1	19 3	29 3	7 3	28 2	11 2	21 1	2 1	27 1	4 2	3 3	1 1	25 2
28 1	16 3	27 1	14 1	10 3	4 2	6 1	22 2	9 1	20 2	3 1	13 1	12 2	24 2	29 5	17 4	7 2	0 1	8 2	1 3	25 1	21 1	18 1	19 1	23 1	26 3	15 2	5 2	2 3	11 8
12 2	0 3	23 1	9 2	3 1	11 1	25 2	1 1	24 1	21 2	29 2	8 4	2 1	7 1	18 4	15 3	5 1	17 2	26 1	19 1	28 1	13 1	10 4	4 2	16 1	22 1	27 6	14 1	6 2	20 4
0 2	16 1	24 2	18 1	23 2	5 2	21 2	14 1	17 4	4 2	1 3	28 1	15 2	10 2	22 2	26 2	11 4	29 3	6 3	2 2	20 1	12 3	8 1	7 1	25 4	9 1	13 4	27 7	19 4	3 9
9 1	1 1	25 2	18 2	22 3	10 2	19 1	21 7	14 2	12 1	17 3	2 1	11 5	28 2	27 2	26 1	24 5	5 1	16 2	3 2	6 1	15 3	4 1	13 1	7 2	0 3	20 4	8 2	29 5	23 2
24 2	10 5	28 2	2 4	0 1	25 1	4 4	12 1	5 2	18 2	1 2	13 1	16 1	21 1	15 1	29 2	6 1	20 2	11 2	9 1	19 1	23 2	17 1	26 1	7 1	8 1	3 1	27 1	22 1	14 1
20 1	3 1	24 2	22 1	6 1	28 1	17 1	21 1	14 4	18 2	9 1	0 1	29 1	11 1	16 2	26 1	1 3	13 1	2 4	12 1	4 4	10 1	19 4	5 3	25 1	23 1	8 2	27 1	15 4	7 6
26 3	20 1	4 1	2 2	18 1	16 1	28 1	21 2	29 3	13 3	19 2	3 1	14 4	6 2	22 4	23 2	12 3	0 2	9 3	8 6	25 3	27 1	5 1	1 4	15 1	11 2	10 2	24 1	7 1	17 1
15 1	13 2	2 1	19 1	7 2	23 1	16 1	12 1	21 2	6 1	29 1	22 1	4 2	25 2	20 4	17 3	5 3	28 1	8 3	3 4	26 1	18 3	24 1	0 2	27 1	14 2	9 3	11 3	1 1	10 1
7 2	22 1	17 3	23 2	19 3	24 2	28 2	29 4	3 1	13 1	6 7	16 3	15 5	2 2	4 2	20 1	10 1	26 1	21 2	9 4	14 2	8 2	1 1	25 1	11 1	18 1	0 1	12 2	27 7	5 3
