70	40
22 56	7 52	33 46	11 49	28 43	3 51	26 48	19 44	10 57	2 43	21 52	15 46	24 50	14 46	8 49	18 45	0 52	38 43	30 53	31 53	34 49	17 48	6 54	1 49	23 45	20 52	27 58	29 55	4 49	39 52	37 44	12 53	9 51	35 47	25 46	16 51	32 52	36 45	13 42	5 52
25 48	19 47	30 50	23 43	21 40	28 47	31 47	16 45	34 51	12 51	9 62	33 52	24 48	36 49	0 50	18 48	4 54	6 56	8 51	3 52	27 50	38 50	15 46	10 45	20 53	39 52	17 56	1 50	32 49	5 52	11 45	14 44	26 47	2 52	7 56	22 52	35 52	37 52	29 50	13 46
17 53	0 56	15 49	37 56	39 50	27 48	20 51	10 47	30 51	22 51	1 53	18 48	19 44	33 44	21 55	35 51	4 52	28 58	24 54	38 55	11 48	6 56	5 47	3 55	23 48	14 51	36 41	16 57	12 48	31 51	29 49	2 58	13 48	8 54	7 61	9 49	34 54	25 47	32 57	26 54
3 53	24 64	37 47	12 48	36 50	5 53	8 46	7 45	21 52	15 54	9 49	32 51	35 53	17 58	20 55	39 49	25 51	6 45	10 46	0 46	14 46	4 50	18 49	31 47	11 49	22 52	26 41	34 48	23 50	13 51	1 60	28 48	30 47	29 49	33 46	2 56	27 45	19 48	16 46	38 56
18 53	9 52	20 47	31 52	39 50	27 52	1 50	13 43	28 41	11 58	0 54	5 49	2 55	36 51	10 49	37 51	30 44	32 53	15 43	29 48	34 60	25 57	17 48	7 49	16 50	38 54	14 48	24 53	23 55	19 58	6 55	21 56	33 49	12 65	26 50	35 49	3 49	4 55	22 40	8 40
31 58	7 52	33 47	0 53	19 46	27 42	1 56	22 54	18 49	14 51	26 54	5 47	6 45	13 48	9 50	17 49	12 49	3 52	20 46	34 52	30 49	8 49	29 55	32 50	21 57	11 45	38 52	10 42	23 48	35 48	28 50	39 47	16 50	37 48	4 48	2 57	25 61	36 43	24 50	15 50
9 49	32 51	19 50	39 53	28 48	38 56	15 51	30 45	13 60	20 50	4 53	6 57	27 48	36 54	24 52	17 51	3 49	35 53	26 51	7 41	10 38	8 49	5 48	37 58	23 52	2 48	16 56	12 45	29 52	21 48	0 46	33 53	22 48	1 44	34 44	31 47	11 52	25 46	14 52	18 51
5 54	2 51	38 55	19 57	14 52	7 51	6 43	9 57	35 45	28 49	13 51	25 56	23 61	29 47	24 52	11 59	26 51	30 54	0 56	21 52	22 50	8 58	16 49	12 54	39 55	36 56	15 51	32 46	37 50	31 45	10 53	3 57	34 47	33 44	4 56	1 54	27 57	20 55	18 53	17 44
38 50	9 47	18 52	15 48	5 48	37 46	33 45	20 49	29 44	34 49	1 58	12 45	39 49	0 55	32 51	16 45	35 50	17 57	30 36	28 47	13 45	24 42	27 60	8 52	11 46	7 44	31 52	26 61	22 51	21 54	2 42	6 46	4 43	10 57	25 49	3 64	36 43	14 48	23 48	19 51
26 50	2 56	29 61	20 41	34 55	13 46	19 59	5 49	11 49	18 54	32 46	16 49	3 47	30 50	38 49	8 47	1 45	33 51	15 47	0 51	7 51	28 55	14 50	36 52	17 49	37 47	39 53	22 51	10 45	12 44	24 48	31 47	6 49	23 51	25 52	27 45	21 41	9 40	4 51	35 45
22 49	20 53	4 52	9 56	8 55	33 59	32 60	15 52	17 51	3 53	18 55	19 44	30 49	34 55	25 48	16 53	14 49	24 47	35 42	26 45	21 55	36 50	11 50	7 42	37 55	1 47	38 52	12 47	2 57	5 46	28 52	29 45	0 45	23 50	6 51	13 48	39 48	10 58	31 52	27 53
29 56	5 44	27 50	12 48	20 48	30 51	1 47	21 46	9 57	7 47	24 48	0 47	10 54	26 47	25 52	18 49	17 50	11 52	34 48	28 48	2 45	3 51	35 50	31 49	22 52	8 44	39 42	14 50	19 49	15 54	16 44	38 51	33 55	4 50	6 56	32 42	13 55	23 55	37 51	36 50
27 55	6 46	37 49	1 55	21 51	19 51	17 47	10 46	0 50	33 53	38 61	7 54	5 42	13 44	14 54	35 48	9 55	29 60	25 52	34 46	31 48	20 40	18 41	15 58	12 52	28 58	36 52	32 58	8 42	3 45	23 43	16 56	11 53	24 48	39 61	30 47	4 54	2 55	22 45	26 42
6 46	30 44	4 50	27 53	34 53	37 49	10 47	22 50	32 56	15 46	17 56	9 47	16 46	3 58	7 55	26 49	29 46	13 52	5 52	11 48	33 54	23 50	36 52	31 58	35 42	24 48	1 52	18 59	12 51	39 52	0 42	28 48	19 47	2 52	25 49	20 48	8 50	14 55	21 56	38 56
35 50	23 52	34 55	36 44	16 57	8 47	28 56	29 47	12 48	14 51	15 46	9 53	4 52	0 54	37 56	33 48	38 45	1 48	32 53	19 49	31 47	7 46	39 52	5 46	17 53	6 47	24 53	13 54	27 50	11 52	10 52	22 54	20 46	30 53	26 52	21 45	3 53	18 50	25 47	2 49
6 56	28 46	32 59	2 56	29 44	34 51	22 47	12 48	19 56	24 46	27 47	23 55	39 57	5 51	7 53	18 49	38 51	21 44	31 47	13 46	16 49	8 50	4 53	26 48	11 50	3 49	10 61	14 48	35 51	0 50	37 51	20 56	15 47	1 51	33 49	9 47	25 48	30 43	17 51	36 48
33 51	9 47	30 44	7 49	14 45	29 53	24 45	38 44	20 53	0 55	25 57	32 52	35 48	34 40	31 54	12 49	16 54	36 47	3 45	39 45	21 48	22 50	15 42	19 47	28 57	26 53	8 46	2 45	18 54	4 44	6 53	5 47	23 50	10 39	17 48	1 55	37 50	13 52	11 42	27 65
39 51	0 57	33 56	12 57	9 48	24 48	16 54	14 48	19 48	29 46	11 54	4 45	25 47	21 53	8 46	13 50	7 46	31 56	17 55	5 53	35 52	32 42	34 46	3 51	36 54	2 56	18 63	6 48	15 48	1 55	37 47	27 45	26 44	22 46	38 51	10 58	20 42	23 45	28 64	30 48
31 52	22 47	16 51	28 46	38 51	17 42	24 53	8 52	32 45	0 56	23 44	1 49	26 56	10 42	37 52	34 40	27 52	11 52	25 42	18 55	2 52	13 59	12 49	3 42	29 49	39 48	19 59	9 50	33 54	36 50	7 50	5 52	15 53	14 50	21 53	35 57	6 53	30 58	4 55	20 55
37 52	33 52	34 47	18 55	5 47	11 54	4 62	1 48	13 56	22 50	35 51	3 48	2 62	26 51	14 56	7 51	8 58	28 53	32 53	30 57	21 56	27 56	29 54	36 56	9 49	19 43	0 49	38 56	23 46	16 46	25 53	20 53	39 50	10 51	6 51	15 52	24 49	12 40	17 49	31 51
29 62	20 53	22 54	2 65	23 50	8 46	14 43	12 53	35 52	10 45	6 49	36 46	15 56	32 45	7 43	11 38	9 52	28 49	18 53	4 49	17 44	34 49	31 50	39 50	3 48	5 44	30 51	13 56	0 48	26 53	24 48	21 50	38 51	16 50	25 52	19 49	37 51	1 55	33 55	27 47
15 41	23 56	12 51	22 56	9 51	27 52	20 53	6 48	4 45	34 43	31 49	0 60	38 45	26 53	1 53	11 48	16 53	35 55	21 50	18 41	39 52	5 50	28 52	33 36	37 51	30 51	25 50	8 38	14 53	32 57	3 53	7 49	10 48	2 56	13 47	36 47	24 50	29 55	19 51	17 47
27 52	24 55	19 56	13 54	31 42	33 56	18 54	5 52	37 53	39 61	4 61	16 57	6 44	2 53	35 50	8 54	32 43	11 58	9 55	29 51	34 42	28 49	20 49	14 51	25 45	22 51	36 50	38 53	17 57	21 46	10 58	3 45	30 51	0 57	15 45	1 58	26 46	12 54	7 47	23 49
20 48	24 54	16 48	5 53	8 59	12 49	18 62	14 49	39 61	26 55	30 47	0 44	25 53	4 50	34 45	13 47	19 56	35 52	37 47	15 49	28 53	2 41	23 49	7 50	27 52	38 45	31 47	1 52	10 59	17 50	22 52	33 49	32 43	9 54	36 51	11 50	29 58	6 46	21 40	3 44
38 53	34 50	24 59	3 48	2 46	5 49	37 57	0 48	28 54	21 51	9 43	18 52	27 50	33 51	30 46	22 48	26 54	19 48	20 49	15 48	8 54	10 52	31 54	14 46	25 53	16 56	17 49	7 42	11 45	36 52	39 45	6 40	4 49	1 54	35 47	32 44	12 62	23 49	29 46	13 48
32 50	4 48	39 53	30 52	7 51	29 39	2 56	10 50	8 51	34 52	27 47	20 46	38 57	5 50	33 52	36 50	22 55	24 49	37 43	23 46	25 45	9 43	13 45	11 45	26 58	1 51	14 47	17 56	19 49	12 43	31 62	6 46	16 53	3 50	18 51	15 44	28 50	35 46	21 41	0 51
19 46	27 47	29 44	18 48	0 52	32 51	23 50	31 50	17 58	37 56	5 44	10 56	35 49	21 42	34 49	28 48	8 52	1 48	12 48	11 54	16 49	24 53	14 48	25 52	2 51	38 48	39 50	36 62	20 49	4 55	6 52	30 53	22 54	3 56	9 50	13 58	26 47	15 59	7 55	33 49
25 45	15 49	30 45	33 53	28 52	3 57	32 50	7 45	10 43	1 49	19 41	35 47	11 52	16 52	24 44	21 60	22 44	9 54	29 51	26 47	2 52	23 50	18 52	17 49	6 52	12 53	4 47	20 50	39 53	34 50	13 49	0 53	38 51	14 56	8 53	27 50	37 53	36 55	5 52	31 53
9 45	37 50	7 48	17 50	16 45	34 53	39 41	0 52	15 48	29 49	36 54	19 52	1 49	3 53	24 50	2 44	8 49	14 42	22 57	11 57	12 57	18 52	10 52	30 57	32 49	33 60	21 50	26 51	6 48	20 51	27 51	35 52	31 44	4 52	38 52	5 52	23 50	13 49	28 49	25 52
3 53	4 47	1 47	25 51	34 51	27 45	20 61	18 42	33 46	5 52	29 54	14 44	35 49	30 53	38 48	8 48	21 49	19 55	17 52	36 56	23 46	13 51	32 52	12 48	6 53	0 58	31 48	26 47	28 48	9 58	15 50	11 48	2 52	7 48	22 46	16 63	39 47	10 50	24 55	37 47
11 49	8 51	29 56	36 49	28 45	17 54	18 56	5 53	10 53	13 61	16 42	23 51	7 48	26 44	30 53	34 55	15 49	22 56	31 54	37 50	25 56	20 48	3 49	4 55	27 46	1 47	0 50	33 49	9 53	21 52	14 54	32 42	19 50	24 53	39 47	38 51	6 45	35 52	12 54	2 52
5 52	0 45	1 55	25 43	30 43	15 50	21 57	11 48	13 54	8 50	16 52	10 53	3 52	14 45	19 54	31 58	18 51	35 50	17 46	38 48	9 48	22 51	39 56	36 54	29 45	6 58	32 43	2 51	33 46	26 48	12 43	20 45	37 53	7 50	4 48	34 60	24 46	28 43	27 57	23 44
0 47	32 46	27 46	33 51	11 44	10 41	38 56	6 60	14 41	39 53	13 50	16 49	9 48	25 48	12 49	7 44	24 48	8 54	19 53	20 53	4 50	28 43	18 50	15 55	29 50	5 59	34 45	35 52	2 44	3 45	17 53	22 46	37 51	31 47	26 50	36 50	23 41	30 59	21 52	1 53
3 45	20 53	39 48	16 41	17 59	19 57	6 49	1 51	33 48	25 54	32 54	38 51	21 47	26 45	28 58	35 43	9 50	2 54	18 39	10 46	15 48	5 42	11 49	27 45	34 44	12 49	31 42	7 49	0 49	14 52	13 52	29 54	4 51	36 52	30 56	37 56	22 42	8 52	24 41	23 61
29 51	24 51	15 55	3 45	16 47	21 50	35 49	38 46	23 49	27 46	20 53	33 46	2 47	0 47	26 52	17 51	36 49	4 44	19 46	7 59	1 55	13 52	25 47	22 49	39 44	12 53	9 48	5 53	37 46	10 47	6 50	30 36	18 45	11 43	34 37	8 53	14 45	28 52	31 49	32 51
19 58	8 54	33 47	20 67	27 47	17 47	16 55	14 47	1 56	37 51	5 55	13 56	34 40	36 43	3 52	12 53	6 50	7 47	31 45	2 53	38 44	35 55	11 52	18 48	26 59	28 57	24 40	25 46	21 37	0 50	9 52	29 52	23 55	10 44	22 43	15 52	30 48	39 46	4 53	32 58
22 45	12 57	30 59	23 57	32 52	7 46	2 47	24 54	18 49	8 49	5 57	25 58	19 49	26 48	39 49	13 42	35 47	20 50	34 47	37 49	17 44	33 53	4 48	11 50	38 48	16 48	15 54	6 48	27 55	31 50	10 57	0 51	36 42	9 45	28 51	1 55	21 53	29 49	3 46	14 48
12 40	30 53	7 50	34 53	0 49	26 60	18 50	5 53	35 49	16 49	29 61	4 53	33 53	36 49	28 51	10 51	23 49	37 43	19 53	1 49	25 62	14 50	17 43	2 50	20 43	27 48	8 50	22 37	6 52	32 51	9 40	15 50	3 49	31 56	11 46	21 53	24 46	38 52	13 49	39 48
0 47	16 53	31 52	26 54	7 45	13 52	1 60	18 52	21 50	9 54	3 55	33 48	17 50	38 48	2 48	8 51	28 49	23 51	32 38	10 57	20 49	19 53	15 47	27 40	5 49	34 49	39 60	24 48	6 51	25 45	14 47	30 58	4 45	11 48	29 47	36 52	22 51	35 49	12 47	37 42
36 46	10 52	31 45	19 47	5 52	37 53	9 50	25 48	1 45	30 50	28 49	7 50	12 50	14 52	8 52	15 51	11 48	35 50	23 48	26 49	24 61	29 56	17 48	16 57	22 51	27 43	33 52	18 45	32 51	4 50	20 45	6 48	21 54	34 43	2 42	38 57	13 49	0 51	39 53	3 51
16 55	6 44	38 52	26 45	2 54	32 56	28 51	37 48	5 51	24 49	3 46	19 46	17 49	23 50	8 44	11 52	30 46	7 44	14 53	36 48	18 52	10 48	0 51	35 52	25 47	22 50	21 55	27 47	13 51	33 37	34 54	15 56	39 57	20 50	9 54	1 55	31 50	12 48	29 47	4 48
15 52	20 44	25 47	14 38	9 53	2 51	18 59	19 49	30 43	6 53	0 46	28 46	1 53	16 60	33 45	38 53	11 42	32 53	17 49	24 48	5 54	23 43	26 52	7 51	3 52	39 56	31 47	36 49	21 53	4 53	29 50	12 47	27 41	22 54	34 49	8 50	13 43	35 58	10 49	37 49
36 53	21 42	27 57	13 51	37 55	17 51	0 53	8 45	16 47	14 49	38 46	28 53	1 54	30 49	11 53	6 47	2 47	39 56	18 47	33 49	10 47	19 53	25 50	7 46	34 55	29 55	15 35	3 51	26 44	35 54	23 51	5 46	32 51	31 48	20 41	4 57	24 58	22 51	12 51	9 51
21 45	1 47	31 55	37 50	25 50	15 52	26 43	5 42	13 50	16 53	6 50	34 53	8 51	29 51	17 52	4 51	33 50	24 54	38 54	14 46	23 44	32 49	35 53	7 50	36 49	20 45	39 54	27 57	11 45	9 53	28 49	30 42	18 48	22 50	10 45	19 41	12 41	0 58	3 48	2 49
26 43	6 54	30 46	14 63	2 50	29 48	33 55	39 41	19 60	37 49	23 60	9 45	16 41	32 54	24 47	22 47	1 46	28 53	3 52	35 50	34 49	7 50	10 48	8 47	11 55	0 51	18 51	20 58	12 55	27 43	25 55	15 47	36 52	13 54	38 56	17 54	5 44	31 55	21 48	4 46
5 52	30 64	24 55	26 51	21 51	23 51	18 51	22 55	34 48	36 49	11 55	33 53	4 42	1 52	10 45	9 56	19 46	29 55	2 62	28 46	16 50	38 47	7 54	12 55	17 50	25 49	35 57	39 53	6 56	37 44	3 48	8 52	13 58	32 48	20 45	27 44	15 45	31 53	14 41	0 46
1 56	39 50	14 56	5 51	28 53	22 49	21 41	2 56	0 53	18 46	19 52	9 46	37 56	29 48	13 47	35 54	34 61	26 59	16 48	8 53	20 53	17 53	24 52	4 47	36 59	11 53	7 54	3 51	12 52	38 42	25 49	31 52	10 49	33 56	23 49	15 49	27 48	32 50	30 53	6 56
29 41	12 47	31 46	16 53	18 47	32 53	13 60	0 49	9 49	2 52	37 47	33 54	28 49	23 50	5 52	4 60	10 54	6 46	24 58	27 56	7 46	26 51	34 49	15 52	17 54	19 50	38 42	8 42	14 43	39 52	1 52	35 52	20 52	25 52	21 55	30 55	3 47	11 38	22 42	36 53
7 50	6 44	33 50	32 50	23 54	19 61	25 51	21 51	18 46	39 50	35 49	22 51	20 45	5 39	3 49	34 47	12 57	37 49	0 45	14 47	1 51	27 50	30 50	9 53	31 52	29 40	10 56	28 53	17 53	13 52	16 47	4 52	11 48	8 56	15 43	36 46	2 54	24 52	26 51	38 53
2 49	0 54	37 45	7 43	28 59	21 56	16 48	34 56	10 39	36 52	5 66	1 53	12 49	6 52	27 45	38 48	17 56	25 52	8 51	18 56	15 56	30 43	33 51	39 47	35 50	14 53	24 43	19 51	32 47	4 52	9 55	11 43	3 47	22 48	31 46	13 41	29 57	26 47	20 48	23 50
16 51	15 59	32 46	11 35	0 47	17 48	20 51	28 42	2 56	6 53	1 50	26 56	5 58	36 44	22 50	9 47	12 48	21 48	37 48	39 55	25 58	34 53	8 46	19 55	29 45	33 60	30 50	3 41	27 48	14 49	31 46	4 46	24 44	38 50	10 42	23 55	18 41	13 50	35 49	7 47
33 50	17 49	9 42	12 51	10 52	38 47	19 59	20 49	37 49	1 44	32 46	21 45	15 46	28 56	18 46	11 56	24 53	14 44	29 44	0 50	4 44	22 54	7 44	2 49	36 57	26 50	6 47	23 42	13 50	16 52	27 52	31 60	39 55	3 46	8 49	34 53	35 41	30 55	25 44	5 57
33 51	30 45	28 45	18 49	32 46	9 41	10 52	4 54	22 57	0 49	35 46	31 44	2 42	15 59	37 50	38 47	1 45	29 45	25 45	5 45	34 38	36 47	3 55	13 49	12 44	26 47	6 46	14 56	11 51	16 48	19 51	23 44	20 55	27 47	24 55	17 44	21 54	39 53	7 48	8 51
7 51	25 55	9 46	13 53	18 47	10 42	3 47	6 59	22 47	35 48	30 52	26 44	34 50	36 44	39 53	5 53	27 42	20 50	17 60	38 57	16 56	0 53	28 55	19 52	23 46	21 49	15 45	1 50	2 54	4 43	31 51	8 52	14 52	33 47	11 47	37 54	24 51	12 37	29 37	32 53
24 51	0 50	17 45	35 47	29 45	11 53	6 45	27 49	3 52	7 54	5 50	23 52	33 50	26 47	9 41	31 55	1 54	25 53	20 46	36 53	12 41	13 48	32 51	2 53	34 50	15 50	30 56	14 56	16 38	10 54	8 46	28 52	4 53	37 51	18 48	38 50	22 58	19 39	21 54	39 50
34 57	1 43	26 43	35 56	14 53	32 50	19 55	22 56	20 50	2 53	21 42	12 49	0 52	36 56	28 52	23 52	30 43	10 50	3 59	8 55	25 52	27 47	6 49	4 55	29 51	15 49	37 61	31 54	5 54	33 46	16 51	7 50	9 44	24 45	13 46	17 53	18 46	39 47	11 58	38 55
32 56	7 52	13 46	22 54	37 48	4 49	36 52	19 54	3 56	15 51	20 41	21 42	38 45	18 51	25 51	35 52	0 46	33 42	39 51	24 45	12 48	23 53	34 52	10 51	16 42	28 49	2 58	9 52	14 56	17 51	30 46	6 43	1 49	27 49	31 53	29 46	26 55	5 46	11 57	8 48
8 47	32 46	4 44	3 49	16 56	7 52	9 40	12 62	36 52	19 58	14 50	2 49	34 55	23 53	30 50	6 44	10 44	26 47	18 55	15 47	1 52	27 53	33 53	37 53	5 58	20 50	39 47	28 41	11 49	0 51	22 51	35 53	38 51	17 44	13 55	31 47	21 51	29 56	24 49	25 53
37 50	18 46	34 51	22 47	9 48	7 39	21 53	19 50	16 57	27 48	10 55	28 51	23 54	11 55	8 43	35 49	1 42	5 52	32 56	3 50	39 51	30 48	31 52	0 46	26 43	33 47	6 56	15 51	24 47	17 43	25 56	13 46	38 60	29 49	12 48	2 56	36 50	4 46	20 48	14 53
6 52	9 49	17 54	34 51	3 49	10 44	21 55	33 43	12 61	8 52	26 55	38 50	0 51	19 52	1 46	30 50	39 51	35 61	24 49	4 54	22 45	27 55	36 51	7 53	31 57	28 48	29 49	14 58	5 48	25 52	2 44	37 49	20 57	15 43	16 54	11 43	18 50	32 51	23 54	13 42
19 50	12 53	8 48	16 54	33 50	23 60	11 40	6 52	37 56	35 46	27 54	17 46	14 54	4 51	28 49	24 53	13 52	15 56	25 50	20 50	22 51	1 49	29 56	38 49	32 52	36 34	21 45	0 52	10 50	30 43	9 53	26 54	3 49	7 51	5 57	2 47	34 48	31 50	39 49	18 59
27 51	4 54	31 50	32 42	28 54	23 58	2 53	38 47	12 50	24 51	34 44	17 58	5 46	13 59	9 51	25 44	26 53	6 55	30 56	36 40	21 57	20 56	35 44	29 50	39 39	10 55	16 45	14 60	37 47	15 45	0 50	18 50	19 53	11 56	22 42	7 51	33 44	8 49	1 42	3 54
21 45	6 51	39 48	25 56	0 46	18 55	5 47	16 53	20 47	22 63	19 59	10 45	29 56	24 58	1 45	28 46	37 54	4 62	30 46	8 53	35 57	9 51	36 46	15 61	34 46	14 56	26 66	32 61	13 45	11 47	12 43	3 42	27 51	17 46	2 50	7 52	38 54	31 50	33 49	23 51
30 44	37 54	18 55	2 50	28 45	21 45	15 51	36 52	8 52	5 58	23 54	29 42	6 53	17 54	13 52	16 53	20 49	10 46	25 49	35 51	19 52	1 52	14 47	12 46	32 46	24 47	7 45	33 53	22 54	26 38	0 43	9 54	3 54	4 57	27 50	31 50	11 50	39 55	34 46	38 53
38 47	14 51	36 52	35 55	9 54	12 50	13 49	10 53	21 49	19 37	37 53	15 49	8 47	28 48	27 51	24 51	0 48	1 53	5 55	22 43	20 51	17 48	3 50	7 53	11 52	2 46	39 51	30 42	26 59	16 50	31 46	23 52	25 55	33 53	29 49	34 47	18 39	32 44	4 55	6 45
30 46	6 53	32 41	38 54	10 47	5 52	1 53	18 52	16 49	15 53	17 56	29 51	33 54	22 48	21 46	35 45	37 46	20 50	19 56	9 49	14 46	12 48	25 46	4 56	13 46	24 42	27 51	28 53	31 53	0 47	2 53	39 56	7 38	3 50	36 51	11 52	34 43	23 43	26 49	8 50
23 41	21 50	25 45	18 52	4 52	31 47	15 44	38 51	5 43	39 44	29 43	28 48	16 53	17 49	8 52	10 55	26 62	37 47	22 54	20 54	36 49	13 49	3 57	27 54	34 40	19 61	9 48	2 49	12 50	6 59	30 53	0 45	7 55	32 52	1 46	33 50	35 54	11 47	14 49	24 46
12 45	10 52	29 50	36 47	13 52	2 43	7 44	5 47	34 48	30 52	14 56	16 48	19 61	33 50	37 49	27 50	4 49	39 48	32 51	8 51	6 44	22 54	18 45	23 51	11 41	25 48	3 46	24 54	28 45	38 48	26 49	35 42	15 50	31 53	1 47	21 49	17 52	20 48	0 46	9 59
34 45	13 47	22 43	32 51	15 47	5 50	0 46	37 60	4 46	16 43	9 47	23 47	25 51	7 43	39 48	30 53	21 48	29 48	18 54	24 61	20 50	10 46	33 45	2 51	12 47	3 53	26 54	17 51	28 52	38 43	27 53	35 51	6 47	19 50	8 41	11 49	1 51	31 45	14 59	36 51
6 55	11 55	18 60	10 46	35 52	33 45	4 48	34 50	23 51	16 53	25 57	3 47	21 52	22 59	8 42	12 55	20 46	9 49	28 51	14 53	17 52	30 53	26 54	37 50	29 48	32 56	15 51	7 58	19 49	13 59	31 51	0 54	2 64	39 50	27 50	24 48	5 55	38 50	36 56	1 54
