10	80
40 2	48 1	54 3	12 1	71 1	75 4	58 6	16 2	34 1	57 5	3 1	10 2	76 1	45 3	1 1	73 6	9 1	49 1	53 1	33 1	36 1	0 1	61 1	27 2	59 2	4 1	56 5	42 1	29 1	60 3	11 1	8 1	15 1	17 2	37 1	13 1	44 1	52 5	51 1	47 2	6 7	46 2	25 3	77 4	50 9	14 1	43 1	74 3	65 2	69 2	32 1	63 7	39 1	28 1	26 2	18 1	21 1	22 4	20 1	64 1	19 1	2 2	41 2	7 4	72 3	70 1	67 3	79 1	31 2	24 2	38 2	66 1	55 2	23 1	30 2	68 1	5 3	78 1	62 1	35 1
20 1	16 2	39 1	63 1	17 1	43 1	35 1	53 1	49 3	57 1	23 3	4 8	40 2	65 2	2 1	75 1	59 3	1 1	67 1	26 1	74 1	50 1	11 1	60 1	33 2	25 1	30 1	66 1	28 7	73 1	36 5	32 1	34 3	76 4	51 4	0 1	58 1	13 1	3 1	7 1	52 1	77 1	61 3	5 1	12 1	19 2	14 1	44 2	68 2	45 3	38 3	27 2	8 3	71 2	18 2	29 1	10 3	78 1	24 1	79 1	6 1	21 2	56 1	41 8	47 1	64 1	15 2	37 1	72 1	9 1	54 2	55 3	31 3	69 1	62 1	48 1	46 1	70 1	42 1	22 1
35 2	54 1	8 2	44 3	14 1	34 1	39 1	42 3	40 3	41 1	36 1	50 2	24 1	15 1	45 2	3 3	66 1	12 4	69 1	71 1	68 1	77 1	17 2	2 2	6 2	32 1	72 2	9 1	21 1	46 1	56 2	70 1	23 4	16 2	63 2	19 2	53 5	67 2	48 2	11 1	52 2	13 3	58 1	4 1	62 1	31 1	43 2	33 1	78 2	47 4	1 1	49 3	37 4	57 4	73 2	22 1	61 2	74 1	25 2	38 1	55 3	7 2	26 1	79 1	5 1	28 1	18 5	10 1	0 3	75 1	59 1	60 1	30 2	20 1	64 1	76 3	51 2	29 3	27 2	65 4
32 2	79 1	69 1	17 1	40 1	47 2	16 1	1 1	44 1	35 1	67 2	11 1	37 2	22 1	26 3	75 1	23 1	10 4	36 3	51 1	58 2	3 1	9 1	33 1	7 1	54 2	12 1	55 1	0 6	62 1	30 2	43 1	45 1	14 1	48 2	20 3	2 4	31 5	68 1	64 1	34 1	27 2	63 2	21 4	60 1	38 2	78 1	76 2	52 3	56 2	19 5	4 1	71 1	66 2	8 1	15 1	53 2	28 1	49 4	72 2	41 2	74 1	18 4	24 4	25 2	73 1	57 5	50 3	29 2	13 4	61 1	39 1	77 2	42 1	59 1	65 1	46 2	6 2	5 1	70 5
57 2	10 1	8 1	36 2	77 2	54 2	51 1	19 1	47 3	35 2	3 2	23 3	59 2	65 2	28 1	76 3	52 1	7 7	49 1	2 3	4 2	24 1	55 2	70 5	40 3	31 1	16 3	18 1	67 2	68 1	11 1	22 2	73 4	39 2	61 3	29 1	12 3	45 2	1 1	6 1	53 1	20 1	69 1	14 4	78 4	27 2	74 3	63 1	38 3	42 1	64 1	32 1	30 1	15 3	17 4	50 2	72 1	66 4	58 3	60 1	25 5	48 3	75 1	62 1	0 1	46 1	79 1	34 3	26 1	43 1	33 1	5 4	41 3	21 4	9 4	71 3	37 1	56 1	13 2	44 1
36 1	69 1	7 1	58 7	17 1	43 2	72 2	27 3	75 4	6 2	31 1	49 1	61 7	24 1	74 1	56 1	32 1	18 1	57 2	62 2	44 2	3 1	54 3	55 1	70 5	14 4	52 1	60 2	20 4	30 1	53 1	63 2	41 2	51 3	78 3	40 1	38 1	50 5	16 1	29 2	1 6	42 1	15 2	35 1	77 1	23 1	76 2	68 1	33 1	4 2	10 2	2 3	59 3	21 1	34 1	67 4	0 2	45 7	64 4	19 3	22 1	37 2	11 1	66 1	5 2	9 2	39 4	48 1	73 5	46 1	71 3	79 1	28 3	8 2	26 2	25 3	12 1	13 3	47 1	65 1
2 1	0 1	65 1	77 2	6 4	38 1	37 2	31 2	58 1	39 1	73 1	20 2	13 2	70 4	56 2	23 1	5 1	78 1	43 2	62 2	35 1	18 1	22 1	8 1	54 4	9 1	21 1	47 2	28 1	60 1	50 1	3 1	17 2	11 2	48 1	29 1	53 1	45 2	33 1	41 1	14 2	61 3	57 2	68 5	30 1	40 1	15 1	76 1	1 2	46 1	52 1	44 2	79 1	63 1	72 2	34 1	55 1	74 1	71 2	51 2	36 1	12 1	24 5	19 1	32 3	69 3	59 1	16 6	75 4	10 3	66 3	67 1	64 1	26 2	25 2	7 3	4 2	42 1	49 1	27 1
50 1	54 1	6 1	62 3	20 1	49 1	79 2	12 2	71 3	3 5	35 2	14 1	76 1	60 1	68 2	78 3	47 2	33 1	40 4	72 3	69 1	48 1	25 1	65 1	61 1	52 1	44 4	15 1	17 2	58 1	70 1	24 1	41 1	77 1	31 1	74 3	21 1	11 1	45 1	18 1	5 2	53 2	34 1	39 2	73 1	16 2	59 1	2 1	43 2	64 1	56 1	30 1	46 4	75 1	29 1	10 2	23 4	0 2	32 4	42 1	38 1	57 1	26 1	7 3	37 1	8 4	63 3	27 2	1 1	55 1	28 3	66 4	22 1	4 3	19 2	51 3	67 1	36 1	13 1	9 1
14 1	52 1	79 1	29 3	23 4	20 1	12 4	39 2	43 1	36 2	32 2	75 2	19 4	65 1	18 1	28 1	6 3	26 1	50 2	24 2	72 3	0 2	76 3	70 2	38 1	37 2	59 1	9 1	7 1	21 1	67 1	25 3	55 1	45 2	77 1	46 1	49 1	66 1	10 1	35 1	5 1	69 1	17 2	78 4	22 4	8 1	33 3	61 1	57 4	58 1	53 2	16 1	34 4	54 2	64 1	31 1	1 1	11 5	74 7	73 1	62 1	27 1	2 1	40 1	4 1	15 2	44 1	13 1	60 1	56 4	68 1	51 2	47 1	30 6	48 1	3 1	41 1	71 1	42 2	63 1
27 1	29 1	16 3	25 1	53 10	68 1	43 3	0 2	40 1	4 2	13 1	17 1	37 3	30 1	42 1	23 3	19 1	20 3	14 2	46 3	50 4	64 2	8 1	79 6	52 1	36 3	6 1	35 2	57 1	3 2	67 2	7 2	22 4	63 1	21 1	65 1	51 3	10 1	48 1	18 2	69 1	59 1	71 1	9 1	12 1	75 1	74 5	78 3	1 1	55 2	70 1	77 1	47 3	5 1	34 1	73 1	15 1	31 1	58 3	26 1	2 3	45 1	61 1	72 1	66 1	56 3	60 1	24 3	32 2	41 2	54 1	33 1	38 3	76 3	28 1	11 3	39 1	44 1	49 1	62 6
