60	70
13 1	23 1	8 1	5 6	62 1	20 2	44 2	2 3	29 1	9 1	40 1	21 2	49 1	26 4	25 2	32 3	35 2	1 3	28 1	68 1	46 2	59 1	36 1	37 2	69 2	7 1	19 1	45 3	55 1	47 1	16 1	34 1	58 1	6 2	0 1	48 1	3 1	50 1	18 1	31 1	66 1	11 1	65 4	12 1	14 2	51 1	61 1	33 2	4 1	57 1	27 3	24 3	10 3	15 1	52 1	63 3	41 2	43 1	22 1	30 1	67 4	53 2	56 3	64 1	39 9	54 1	60 3	38 1	17 1	42 1
8 3	43 3	53 2	52 3	44 2	61 1	40 1	24 1	39 1	23 2	33 6	65 4	25 1	18 1	41 2	32 1	17 4	12 3	50 1	5 2	26 5	62 2	57 3	4 1	64 3	9 1	20 1	35 1	2 4	51 1	60 2	11 6	29 2	19 5	21 3	38 5	37 2	63 2	55 1	7 5	30 8	10 3	3 1	54 2	49 2	1 1	0 2	14 5	46 2	69 1	15 1	66 1	34 1	31 1	6 4	36 2	16 1	68 3	58 1	56 2	28 3	22 1	42 1	47 2	27 1	13 1	59 2	48 1	67 2	45 1
68 1	66 2	55 4	21 1	52 1	9 1	44 1	38 3	8 1	28 1	62 1	17 1	30 1	50 2	16 6	41 2	54 1	37 4	47 1	59 1	18 4	7 1	4 1	65 3	26 2	25 2	13 2	3 2	34 1	10 1	6 2	35 1	40 1	0 1	14 3	58 1	24 3	12 1	23 1	46 1	36 2	31 1	11 1	64 2	1 1	48 1	60 4	61 3	20 1	45 1	39 3	2 1	5 1	63 1	29 2	19 1	32 1	67 4	49 4	42 2	56 4	57 2	69 1	22 2	53 1	43 1	27 3	33 1	51 2	15 4
65 2	9 1	36 2	20 4	39 1	37 1	67 1	38 4	35 1	14 3	52 1	33 1	56 2	1 1	21 3	24 1	53 3	0 1	41 1	8 1	17 1	5 4	19 3	61 1	58 2	47 2	6 5	59 2	60 3	25 4	18 1	7 3	55 4	57 1	66 2	40 2	50 4	62 2	16 1	42 1	68 5	13 2	63 4	3 1	48 1	64 1	45 4	2 2	15 1	29 2	10 1	22 2	26 4	44 1	51 2	43 1	12 1	30 4	54 1	4 2	23 1	31 1	11 2	46 1	27 1	49 5	32 1	28 2	34 1	69 1
24 1	15 2	47 2	53 1	10 2	48 1	22 2	60 1	35 1	28 2	43 1	46 4	14 5	44 1	52 1	56 1	23 2	9 1	69 1	42 2	59 1	38 4	29 2	18 6	37 1	34 6	11 1	40 2	65 1	57 2	54 1	2 3	63 1	64 1	20 2	7 1	41 3	51 1	62 2	68 1	30 1	1 2	0 1	8 4	39 1	5 2	6 3	61 1	55 1	36 1	16 2	31 1	49 1	19 1	27 3	17 3	4 1	66 1	58 3	32 1	12 1	33 3	67 2	26 1	45 3	25 3	21 2	3 1	50 2	13 1
45 2	15 1	7 1	14 4	6 1	40 1	35 1	38 1	46 4	63 1	26 3	18 2	9 2	60 3	2 3	23 2	10 1	33 2	62 1	39 3	5 1	1 3	8 1	54 3	57 3	55 1	11 1	41 7	64 1	56 1	22 4	0 4	19 2	21 1	16 1	65 1	32 1	17 5	29 1	4 1	28 1	48 2	25 1	53 2	24 1	36 3	49 1	20 3	58 3	3 1	50 1	51 2	66 4	34 2	30 2	13 1	47 1	52 2	43 1	69 5	61 3	27 1	68 2	67 2	12 1	59 3	37 1	31 2	42 2	44 1
57 2	40 5	58 2	4 1	46 1	0 1	20 1	51 1	48 1	26 1	67 3	62 2	30 5	19 2	35 3	69 4	14 1	1 3	43 2	12 1	13 3	10 7	45 4	22 2	15 3	27 2	38 1	34 2	25 2	6 1	31 3	21 1	44 2	37 1	56 1	16 1	53 1	3 2	9 1	66 2	41 2	32 4	11 1	7 2	65 2	17 1	60 1	54 1	49 1	18 2	61 1	63 3	59 1	8 2	42 2	52 5	64 1	36 4	24 5	5 2	33 1	28 3	23 1	2 1	47 1	55 3	50 1	39 1	29 1	68 4
37 3	56 1	7 1	49 1	31 1	16 2	53 2	59 1	23 1	64 2	19 1	30 2	24 2	65 1	68 1	13 1	1 4	63 2	17 1	38 2	41 2	55 3	10 1	50 3	54 1	4 7	62 1	69 1	34 2	27 3	5 4	29 2	14 1	67 1	22 1	60 1	8 1	45 1	46 3	35 1	39 6	48 3	43 2	12 3	47 1	28 1	40 4	44 1	61 1	36 1	33 1	26 1	9 1	21 1	6 2	0 4	42 5	66 3	11 2	25 1	18 2	32 5	51 1	20 1	52 1	15 2	3 5	58 2	57 1	2 4
19 2	36 1	21 1	26 8	23 1	10 1	38 1	60 2	31 1	66 2	49 1	46 1	1 1	42 2	34 1	24 1	67 1	27 1	16 5	61 2	68 1	5 2	64 1	51 3	15 1	4 3	13 1	57 1	37 2	48 1	33 2	6 1	28 1	50 1	30 1	32 2	11 1	45 2	0 3	53 3	8 1	35 1	47 4	25 2	20 1	59 1	22 3	12 1	43 1	3 2	52 3	54 2	17 1	29 1	41 3	40 1	58 1	62 1	44 2	69 3	63 1	56 1	18 3	65 1	55 2	7 4	2 2	14 1	39 2	9 1
59 1	20 2	45 2	67 6	66 4	28 1	5 3	22 5	57 2	30 2	31 1	62 1	12 1	33 1	44 1	47 1	41 2	9 2	68 6	51 1	60 2	49 2	14 4	8 2	35 1	32 1	58 2	18 1	25 1	42 1	13 1	53 2	23 4	29 1	65 3	27 1	26 1	37 2	1 3	50 1	54 2	21 1	16 2	55 3	64 4	39 2	10 3	17 5	56 2	61 2	4 4	34 2	63 1	7 4	3 2	69 5	6 2	2 2	24 1	38 2	43 2	36 5	48 2	40 4	19 1	52 1	0 4	15 1	46 1	11 1
8 2	60 3	41 1	16 3	33 1	32 2	62 1	35 1	1 2	51 1	57 1	53 2	26 2	30 3	7 3	44 2	49 1	11 1	15 1	2 2	14 2	59 2	23 1	9 5	6 1	64 2	50 2	65 1	37 3	12 1	38 1	52 1	17 1	21 4	31 1	29 1	47 1	20 2	67 2	10 2	0 3	24 1	58 3	3 5	48 2	13 1	28 2	54 1	46 1	4 2	40 3	66 3	61 1	22 1	25 2	43 2	27 4	19 1	39 1	42 1	69 2	34 1	5 1	68 1	55 1	63 3	45 1	56 2	18 3	36 1
49 4	13 3	55 2	57 1	1 2	16 2	20 1	41 2	59 1	46 1	32 1	54 2	5 1	64 1	66 3	15 1	22 1	53 3	26 1	62 3	50 2	35 3	30 1	68 3	58 1	33 5	4 3	38 3	24 5	10 1	36 1	39 1	9 1	63 3	7 1	34 1	28 2	56 1	48 1	3 1	27 2	21 2	0 1	44 1	51 1	19 1	17 1	23 1	8 1	18 2	47 2	31 2	43 2	14 2	65 8	52 2	2 2	29 2	40 1	60 2	69 3	25 3	37 1	45 3	61 1	67 1	11 10	12 2	6 3	42 1
64 1	57 1	68 3	24 2	51 1	49 1	27 1	40 2	38 3	63 1	44 1	17 1	48 4	23 1	55 1	18 1	46 4	4 4	67 2	20 1	43 1	59 3	0 1	47 6	6 3	9 1	19 2	26 1	5 1	13 4	21 1	15 2	10 2	69 1	29 5	60 4	53 3	32 2	33 3	66 2	65 2	45 3	39 2	41 2	1 6	62 4	31 2	35 1	58 2	12 6	34 1	54 4	28 1	37 1	14 1	42 2	7 2	8 1	11 1	61 2	30 3	22 1	56 2	36 3	50 5	16 1	2 1	3 6	52 4	25 2
44 1	69 1	56 3	4 1	1 3	25 1	33 2	8 3	57 1	34 2	38 1	0 1	2 2	53 2	12 2	50 1	66 4	41 4	30 1	36 2	16 3	58 1	21 3	27 5	13 1	59 1	52 1	32 1	35 1	23 5	31 1	3 1	67 3	39 1	40 1	7 7	62 1	18 1	5 1	55 2	28 3	54 1	63 4	20 1	9 1	68 3	10 2	22 1	24 2	48 2	45 1	15 1	14 1	65 2	51 3	11 1	60 1	43 1	26 1	19 3	6 1	46 2	49 4	17 1	47 3	61 2	37 4	29 3	64 1	42 1
14 1	16 1	23 1	32 1	31 1	59 6	19 2	52 1	64 1	3 1	36 1	12 2	8 1	25 10	65 1	10 3	18 3	37 1	1 5	69 1	28 5	34 1	15 1	38 1	60 1	56 5	47 2	13 1	62 2	51 5	55 1	61 2	39 2	0 1	24 2	2 1	67 1	49 2	26 1	54 1	5 5	33 2	17 2	22 2	20 2	43 1	50 6	45 6	6 2	35 2	4 3	9 3	44 1	58 2	29 2	63 2	11 1	57 3	48 1	68 3	41 1	27 3	66 6	53 1	42 6	7 6	46 3	40 2	21 2	30 6
6 8	19 1	69 1	49 1	67 2	63 3	22 1	32 1	39 2	47 1	36 2	56 1	14 1	29 1	13 1	44 3	1 1	5 2	57 6	35 1	50 1	20 2	38 1	42 4	60 4	16 2	27 1	12 2	51 1	33 2	11 2	59 1	21 1	7 4	65 1	2 2	18 1	55 1	41 2	48 2	26 2	30 1	24 1	8 2	64 1	9 1	66 3	45 1	40 1	34 2	61 1	23 1	0 1	3 1	28 1	52 1	10 1	37 1	68 2	43 4	62 2	25 3	15 1	4 2	53 1	31 1	17 1	58 2	54 3	46 4
35 1	43 2	21 1	56 5	5 1	17 4	13 2	19 1	16 1	4 2	54 2	9 2	63 2	60 1	37 10	59 1	27 4	65 1	11 1	1 1	55 1	28 2	0 2	14 2	66 1	30 2	40 2	57 3	23 2	38 2	25 3	50 4	34 1	69 2	2 3	49 2	48 1	46 2	67 1	6 2	31 2	58 4	61 2	62 1	22 3	15 3	52 1	7 2	24 1	42 2	68 4	29 4	26 2	36 4	8 2	32 1	3 2	51 2	45 1	18 2	20 6	33 4	39 3	10 2	41 1	44 1	47 5	64 1	12 1	53 1
49 3	12 5	32 1	27 1	36 3	17 2	39 1	35 1	25 1	68 3	58 1	20 2	7 1	62 1	11 1	14 2	55 1	15 2	54 1	43 1	29 2	47 2	31 1	3 1	45 10	44 2	51 1	26 2	69 1	60 9	65 2	33 1	9 1	38 3	13 2	57 3	30 1	37 1	59 1	10 5	0 2	24 2	67 1	66 1	23 6	56 1	34 4	19 2	21 5	40 1	4 1	28 1	18 1	1 2	53 2	46 1	8 2	48 2	50 2	63 2	2 2	16 1	64 1	61 1	52 3	41 1	5 1	6 2	22 2	42 1
60 1	68 4	0 2	69 1	16 3	7 1	67 1	38 1	44 1	21 2	65 1	40 1	2 3	15 4	3 1	37 1	42 1	28 1	59 1	62 1	30 2	34 2	5 3	32 4	48 2	54 3	9 4	55 1	26 1	66 2	31 2	64 2	8 3	19 5	50 1	39 6	35 3	29 6	24 6	11 3	52 2	27 1	41 2	61 2	6 2	57 1	58 1	14 4	43 1	49 3	12 1	46 3	10 2	51 1	36 2	13 1	47 6	20 3	22 2	17 4	18 3	63 3	25 3	4 2	53 1	23 1	33 2	1 1	56 1	45 2
36 3	18 1	32 4	53 4	27 1	26 1	3 4	59 1	1 1	65 1	42 2	35 1	51 2	8 2	9 4	63 5	29 2	21 1	20 6	13 2	10 2	62 1	12 5	43 1	45 1	50 5	46 1	56 3	11 5	30 2	39 2	68 2	44 3	2 1	33 2	37 1	19 3	0 2	17 1	34 2	54 1	40 3	41 1	61 2	67 1	58 4	52 1	22 5	4 1	31 2	25 2	7 3	6 4	48 2	66 2	57 2	55 2	24 1	47 2	28 3	23 1	64 2	60 1	38 1	14 1	5 1	16 1	15 1	49 5	69 1
50 2	18 1	30 2	55 1	40 1	12 7	42 5	44 4	48 5	59 1	69 3	29 2	1 2	34 1	61 1	25 1	23 5	36 1	24 2	49 1	6 1	7 1	54 1	52 4	8 1	22 3	17 3	15 1	28 4	9 1	21 2	60 6	33 2	0 2	11 2	2 3	4 2	3 1	47 10	5 1	58 6	66 2	16 7	27 1	51 3	14 1	20 1	67 1	37 1	45 1	57 2	10 1	62 2	35 3	63 1	65 2	32 1	68 1	39 4	31 1	13 1	19 1	43 1	26 1	46 3	41 1	38 1	64 4	56 1	53 1
43 1	55 1	45 4	44 1	69 1	24 1	26 1	33 7	10 1	9 2	48 2	32 1	25 2	22 6	19 1	31 2	62 3	15 2	68 3	47 1	35 3	5 1	14 4	8 1	61 1	30 1	64 3	60 1	57 2	29 1	46 1	41 2	65 1	39 2	59 1	16 1	1 1	3 2	13 1	6 2	0 1	53 4	52 2	34 1	4 1	7 1	28 2	37 1	2 1	38 1	11 1	67 1	58 1	51 1	18 3	27 3	40 3	63 1	21 1	42 1	23 2	12 1	20 1	36 1	56 4	49 1	17 2	66 2	54 6	50 1
28 4	13 1	47 2	11 1	59 5	15 4	27 1	32 1	19 1	48 1	18 2	42 3	45 2	3 1	46 1	34 1	12 1	36 1	69 2	23 1	39 4	56 2	7 1	1 1	57 1	62 1	35 1	63 1	25 1	5 4	58 1	14 1	8 2	17 1	60 2	16 1	65 1	4 1	2 1	21 1	37 3	67 3	29 1	64 1	61 1	51 1	44 1	49 3	52 3	9 1	41 3	30 1	66 5	10 3	38 2	6 8	43 1	53 1	40 5	0 7	31 1	20 2	55 1	50 2	26 2	54 1	22 4	68 1	33 1	24 1
1 1	43 1	11 6	60 2	34 7	23 1	37 2	41 1	10 1	21 1	5 1	32 2	29 2	42 2	26 2	15 1	12 1	30 5	55 2	63 1	27 1	49 2	3 3	19 3	18 1	40 2	13 1	56 1	54 1	6 1	8 4	33 2	61 1	16 1	45 2	47 1	59 1	17 1	36 2	4 1	53 2	66 2	57 1	20 2	24 2	69 3	25 4	22 1	62 2	50 2	2 1	65 1	9 2	39 2	38 2	7 1	64 2	68 1	35 1	58 5	44 1	51 1	46 1	48 1	52 1	0 3	31 2	28 1	14 1	67 3
20 2	46 1	26 5	55 4	22 1	38 1	3 1	25 6	41 1	10 2	67 1	69 1	23 1	1 1	52 1	60 3	50 1	36 3	30 1	57 1	66 1	5 4	58 1	24 3	45 1	4 1	27 1	9 1	40 1	68 5	53 1	32 1	51 1	0 2	8 2	59 1	17 2	48 1	14 1	62 1	64 3	39 3	35 1	34 3	42 1	12 2	18 2	31 1	7 1	6 3	54 3	2 1	61 1	43 1	47 1	49 4	15 5	28 7	13 1	11 2	63 1	65 2	33 2	44 3	56 1	16 1	21 3	19 1	37 2	29 1
65 3	19 1	49 1	20 1	52 7	18 2	34 2	6 3	10 4	31 2	33 2	42 1	54 2	0 1	26 2	57 3	40 2	17 1	45 2	44 4	51 2	59 5	13 3	37 2	41 1	25 1	8 2	67 2	3 2	48 4	28 3	27 1	9 3	21 1	62 2	36 1	2 3	4 6	60 1	11 1	15 3	61 4	66 2	39 1	47 1	53 3	38 5	7 1	30 1	16 1	46 1	58 2	23 1	50 1	14 1	68 5	64 1	69 4	56 1	24 1	1 1	63 2	5 1	12 1	55 2	35 2	32 1	22 1	29 1	43 1
60 1	13 1	2 4	30 2	28 1	67 1	12 1	36 3	25 2	49 1	7 1	20 3	21 1	55 1	22 1	50 1	5 1	37 3	61 2	48 1	63 4	57 1	26 1	33 1	18 2	38 1	35 3	31 3	23 1	14 1	65 2	16 5	47 1	66 4	59 1	62 3	64 1	56 1	9 1	46 5	68 1	51 4	15 1	10 3	24 3	1 1	54 1	39 2	3 2	34 4	6 1	42 1	19 1	45 4	17 1	40 4	32 1	0 1	44 1	53 3	8 2	41 1	52 1	58 6	11 1	43 3	29 3	69 1	27 2	4 1
18 2	38 1	0 1	6 1	36 1	34 1	65 2	47 1	13 2	9 1	61 6	31 1	41 3	60 2	27 1	22 2	2 5	11 1	64 2	15 1	23 1	5 1	54 2	52 2	28 4	53 1	43 1	45 1	12 1	17 3	33 9	68 1	32 2	29 1	58 4	24 2	63 1	30 4	42 1	59 2	10 2	44 2	8 1	49 5	16 5	25 5	40 4	39 1	55 2	1 3	7 3	67 2	57 4	48 4	62 1	20 5	21 1	56 1	51 1	35 1	14 2	4 1	26 1	66 1	69 1	50 1	19 2	37 2	3 1	46 2
55 4	34 2	42 2	39 4	0 1	16 1	48 2	67 2	30 1	35 3	32 1	17 5	37 3	41 4	33 1	22 2	51 1	12 1	52 2	47 2	69 1	10 2	23 1	15 1	6 1	59 2	65 2	11 1	44 1	28 1	36 1	26 3	58 4	63 4	27 1	68 3	40 3	50 1	4 1	8 1	25 4	24 1	64 2	61 2	21 1	43 2	46 1	2 1	38 1	13 1	14 1	1 4	20 1	18 1	29 2	49 1	54 1	3 1	5 4	53 3	45 1	60 5	9 4	7 1	62 1	57 1	31 3	66 1	19 1	56 1
52 4	24 1	29 2	61 2	37 1	34 3	65 2	66 1	7 2	30 1	17 2	60 1	55 1	1 1	43 1	46 2	13 1	3 1	36 1	45 1	57 2	53 4	69 1	27 5	15 1	12 1	20 1	8 2	56 1	14 1	28 1	32 1	54 1	2 1	64 1	18 1	33 1	41 1	6 4	22 2	25 1	48 2	51 2	5 2	21 9	31 4	16 2	0 2	38 1	4 6	10 2	68 4	63 1	23 3	42 1	44 4	49 1	11 1	9 1	62 1	26 2	39 1	58 2	40 4	19 3	47 2	59 5	35 1	67 2	50 2
68 1	20 2	15 1	29 2	43 1	11 1	67 3	10 2	60 2	51 4	54 1	22 1	19 1	4 1	53 1	12 1	48 2	1 2	6 2	17 1	24 5	46 1	9 3	7 1	25 1	38 2	59 2	61 2	30 1	8 1	62 2	41 1	23 3	27 2	57 1	66 3	39 1	28 2	2 2	36 2	69 1	0 2	32 1	13 1	63 1	5 1	58 2	50 1	56 1	31 2	16 2	49 1	65 2	33 1	44 1	34 2	45 1	37 3	21 3	3 2	47 3	64 1	42 7	26 2	55 3	52 1	35 5	14 1	40 2	18 2
33 2	49 2	55 1	67 3	28 1	60 2	26 1	14 3	7 1	19 2	63 1	15 2	35 1	30 1	58 3	42 10	18 1	46 3	41 3	53 1	20 4	66 1	23 1	11 2	68 2	65 2	45 1	51 2	1 2	16 3	64 1	50 3	21 2	27 1	9 1	17 1	56 3	61 1	8 2	4 2	22 1	24 2	43 1	0 4	40 1	34 6	2 3	5 1	36 5	13 1	44 1	12 2	54 3	29 1	25 1	31 1	37 4	47 1	38 2	6 1	62 1	57 1	52 1	48 3	3 4	69 2	39 1	32 5	10 1	59 2
57 1	22 1	29 1	51 5	67 2	42 1	12 1	19 1	64 1	27 1	35 1	32 1	45 1	61 1	44 2	6 2	10 3	33 3	30 1	65 2	66 3	48 4	39 1	37 1	63 1	56 1	28 1	49 3	0 1	21 2	68 3	5 4	3 2	53 1	60 2	69 1	14 3	8 6	38 2	40 2	13 1	43 1	26 1	50 2	46 1	41 1	55 5	54 2	59 1	9 1	18 1	62 3	2 2	11 2	4 2	7 1	31 1	36 3	24 4	47 2	17 2	23 2	1 1	20 2	15 2	58 1	25 2	34 3	16 2	52 1
64 2	22 1	26 1	42 3	29 4	43 3	13 2	38 1	51 2	0 1	60 3	68 2	2 3	37 1	16 1	44 4	27 1	48 4	12 1	66 1	5 1	31 2	14 7	69 2	63 1	10 2	23 1	8 4	49 2	54 1	25 3	21 2	24 3	35 4	15 1	4 1	1 1	39 1	17 2	3 2	41 1	11 1	52 1	61 5	18 1	65 2	53 5	47 2	62 1	45 1	58 4	20 1	55 3	50 1	40 3	34 1	19 1	9 1	32 1	28 1	57 1	33 1	7 1	67 1	30 3	6 3	56 1	59 1	36 5	46 3
44 1	9 1	24 2	12 1	20 1	0 1	34 1	62 5	42 2	21 1	3 4	61 1	23 3	29 1	53 1	22 2	51 1	50 4	57 2	63 2	35 1	58 2	14 3	52 5	4 2	65 3	17 2	30 1	11 3	41 9	54 1	43 2	1 1	38 2	28 1	10 1	55 2	39 3	67 2	18 7	56 1	64 1	66 1	46 2	40 2	5 1	19 1	6 2	15 3	60 3	25 2	16 1	37 1	8 1	13 6	31 1	68 1	27 2	49 1	2 2	7 3	33 1	32 1	47 2	48 6	26 1	69 7	59 3	36 3	45 2
62 4	5 4	29 5	58 2	16 3	59 2	4 1	27 1	7 2	32 2	60 2	52 5	35 1	2 7	43 4	6 1	42 1	12 3	13 1	21 1	67 1	28 2	54 1	53 2	3 3	36 1	31 3	44 2	23 1	19 2	9 3	66 1	50 2	8 1	33 2	39 6	1 3	20 3	37 1	26 3	49 1	11 1	0 1	64 1	48 1	55 1	61 1	63 2	45 3	68 1	17 1	34 1	41 3	22 1	69 3	51 2	24 1	57 1	30 1	18 3	14 3	46 3	56 1	40 2	10 2	38 5	65 4	47 7	25 4	15 2
33 1	5 3	34 2	25 1	63 1	52 1	45 1	56 3	44 1	29 1	60 2	11 1	67 9	2 1	14 7	21 1	16 5	65 1	18 1	3 1	62 1	59 1	40 1	13 2	53 1	20 2	23 1	39 2	15 1	19 4	37 2	7 1	4 3	31 2	32 1	47 3	42 1	17 4	46 1	10 2	68 1	35 2	64 1	58 4	61 1	51 1	55 1	48 1	28 1	24 1	22 1	0 2	6 1	54 1	8 3	66 1	1 2	38 2	49 2	30 1	12 1	50 1	41 1	9 1	26 1	36 1	69 3	27 2	43 1	57 3
67 2	2 2	48 2	5 2	61 1	65 2	22 5	11 1	24 1	17 5	57 1	14 1	4 1	38 1	56 3	39 1	47 2	32 1	52 1	29 2	53 4	68 2	8 1	66 1	28 2	64 1	0 1	60 3	12 3	33 2	41 3	26 1	18 5	35 1	54 1	40 1	37 2	21 7	23 1	6 1	50 2	49 1	3 1	7 2	45 8	42 1	30 2	27 1	16 1	13 2	62 2	59 2	1 1	9 2	63 3	10 3	25 1	58 7	19 2	44 1	46 1	69 2	20 1	51 1	36 4	55 5	31 1	15 1	34 1	43 5
4 1	19 3	66 2	46 1	50 5	43 3	48 1	12 3	11 1	32 1	2 2	30 3	38 1	54 2	65 1	35 1	13 3	60 2	25 1	42 2	26 1	59 3	49 1	10 6	56 1	63 1	14 1	5 5	37 1	3 2	58 1	55 3	45 1	22 2	17 2	68 1	24 1	21 4	67 2	6 2	62 1	34 1	33 1	40 2	16 1	23 1	31 1	47 1	18 1	64 3	51 1	29 1	41 3	20 1	28 1	0 1	57 1	36 5	1 4	69 1	9 1	53 2	39 1	52 1	61 2	7 4	15 1	27 5	8 3	44 3
40 1	60 2	69 1	8 2	15 4	47 1	56 5	37 3	44 2	29 2	62 2	9 2	25 1	14 1	7 1	51 4	65 1	64 2	32 5	13 1	18 1	59 1	20 1	0 1	50 1	31 1	53 4	41 2	39 2	3 1	17 1	52 1	57 2	35 2	30 2	38 8	16 2	63 1	43 1	28 2	54 1	42 4	2 3	49 2	11 4	48 5	26 2	45 2	33 6	66 2	6 1	34 1	24 2	21 3	36 1	27 1	67 1	22 1	23 1	19 3	58 2	1 1	68 2	46 3	61 6	12 2	5 1	10 7	55 1	4 1
60 1	53 3	1 2	47 4	38 3	12 3	56 1	36 2	14 1	29 4	9 1	13 2	43 1	62 1	45 1	51 1	30 1	11 1	28 3	24 3	18 1	39 1	55 3	46 1	2 1	4 1	66 2	67 6	22 1	44 1	59 2	64 2	52 1	15 2	6 1	7 2	8 1	26 1	21 2	54 1	25 2	68 4	33 3	10 4	61 1	69 1	35 2	37 2	27 2	19 1	23 1	5 1	48 1	3 1	0 2	34 1	57 8	20 1	42 1	40 3	32 1	58 3	31 2	49 1	17 1	41 2	63 3	50 2	16 1	65 2
56 3	30 7	33 3	12 1	66 1	31 2	52 1	63 1	41 1	58 1	18 1	67 3	23 2	36 1	37 2	64 3	57 4	17 2	48 2	53 3	15 3	21 1	51 3	4 1	61 1	39 1	9 3	62 1	50 1	29 1	59 1	44 1	22 1	10 1	47 3	68 2	8 1	65 1	46 6	19 2	1 2	20 4	40 2	6 1	0 2	69 1	54 2	5 2	7 3	2 3	11 1	60 3	42 1	3 3	32 3	16 1	13 2	24 3	45 2	28 3	38 1	49 3	14 2	55 1	34 1	27 2	43 5	25 2	35 1	26 4
47 3	19 2	57 2	1 1	11 1	48 6	0 2	26 2	62 1	24 2	2 1	46 2	63 1	45 3	13 1	68 2	42 2	28 4	40 3	64 2	16 2	49 1	34 1	9 1	4 1	33 2	17 2	5 2	69 1	39 1	23 1	7 1	51 1	66 3	18 1	50 5	52 6	55 1	44 3	54 2	32 6	35 2	20 1	41 2	36 1	31 1	29 3	56 12	60 4	3 1	8 5	21 1	58 3	65 1	22 1	6 2	30 1	43 3	53 1	15 2	67 1	38 3	25 2	59 2	27 1	37 1	10 1	61 2	12 1	14 4
37 1	23 2	60 3	53 1	21 2	62 1	68 1	31 1	39 1	57 1	69 2	46 2	28 6	20 2	24 1	15 2	29 2	49 3	38 4	41 1	54 6	13 1	61 1	14 3	32 4	67 2	58 1	22 1	9 1	51 1	4 3	19 1	5 3	11 3	10 2	64 2	33 3	55 2	40 1	0 1	6 6	30 1	35 1	2 1	1 4	17 4	63 3	27 1	34 1	16 1	44 3	52 4	66 3	56 1	43 2	26 2	50 1	36 2	59 1	42 1	18 5	47 3	25 1	7 1	12 4	45 1	48 4	65 1	8 1	3 3
45 6	26 2	58 1	32 2	21 1	13 3	61 5	46 3	60 6	44 1	20 6	10 3	62 2	36 1	68 4	56 3	23 1	1 1	51 3	41 1	12 3	65 6	15 1	43 3	37 2	64 1	50 2	55 1	24 1	47 1	19 2	42 2	48 1	11 1	5 3	3 7	54 1	38 1	40 3	27 1	7 1	59 1	9 1	29 2	2 3	33 1	18 3	69 1	31 1	52 4	39 1	16 1	0 2	4 1	14 1	35 1	28 2	63 5	34 1	66 1	49 1	17 1	57 1	8 7	22 2	30 1	6 1	67 1	25 2	53 5
35 2	44 4	14 1	15 1	38 2	34 1	4 1	62 1	69 1	12 2	41 1	48 1	20 2	16 1	27 1	39 2	60 2	3 1	29 2	63 1	26 1	9 1	56 1	5 1	61 2	67 1	37 1	51 2	42 1	52 3	68 1	58 2	0 7	18 2	53 3	64 2	46 1	25 1	8 1	55 2	66 2	23 2	32 2	31 1	54 1	21 5	10 1	6 2	1 2	59 1	17 3	13 3	19 1	49 1	2 1	28 2	11 4	50 2	57 1	45 1	36 5	7 8	43 2	33 1	40 1	30 2	22 3	24 1	65 1	47 1
67 1	10 2	41 6	15 3	30 3	36 3	21 5	4 2	64 1	9 1	3 5	54 2	39 1	52 1	20 3	38 1	60 1	17 2	58 3	18 1	11 2	35 2	0 3	27 1	69 2	45 12	49 3	25 1	61 1	66 1	28 1	56 1	1 6	13 1	62 4	22 3	57 2	31 4	59 1	47 2	46 2	24 3	19 1	48 2	16 1	50 2	32 1	12 2	40 1	68 1	33 1	44 2	26 1	51 2	7 1	34 1	63 6	14 1	6 3	2 1	37 1	55 2	29 2	5 5	23 2	65 2	8 1	42 1	43 1	53 1
1 1	49 4	34 1	41 1	32 3	65 4	5 1	2 1	19 3	24 2	9 2	62 3	61 1	36 1	56 1	63 2	38 4	40 1	26 1	16 1	43 2	4 1	55 1	10 1	13 3	69 1	29 1	23 1	64 2	39 5	51 1	66 2	53 1	37 4	67 3	20 7	52 1	48 1	58 2	17 1	35 2	15 2	12 5	44 1	11 1	47 2	31 3	6 1	3 1	42 2	60 1	25 1	14 2	8 1	46 4	50 1	30 1	45 4	33 1	54 2	27 2	21 1	28 1	0 1	57 1	59 1	68 1	22 5	7 6	18 2
34 2	21 3	51 1	48 1	62 3	1 1	19 4	26 1	33 1	6 1	47 1	58 2	31 2	30 1	27 3	60 1	68 5	59 6	56 4	41 2	11 1	10 3	50 1	69 1	8 1	3 3	61 1	49 1	24 5	54 1	7 5	63 3	23 1	46 2	16 2	32 4	45 1	38 1	40 5	52 1	18 1	35 1	67 1	20 2	37 2	36 2	25 1	44 2	22 1	66 1	65 1	13 2	12 1	5 1	29 1	4 2	43 1	55 1	64 1	15 2	0 5	9 2	28 2	17 2	14 1	53 1	57 1	2 2	39 2	42 1
25 2	3 1	22 1	69 1	61 1	58 4	56 2	34 1	2 1	16 1	37 1	13 4	63 3	20 2	54 1	47 2	32 1	10 1	24 4	39 4	7 2	5 1	36 2	60 2	11 5	0 1	18 2	1 2	8 2	17 1	53 1	57 3	48 1	31 1	28 2	12 3	14 1	27 3	49 1	62 2	50 2	38 3	65 1	23 2	41 1	21 1	6 3	44 4	19 2	9 3	29 4	30 1	59 2	52 1	42 1	43 2	15 4	66 1	4 3	33 2	40 1	35 7	51 2	55 1	67 2	68 2	46 2	26 2	45 6	64 1
44 2	33 3	5 1	1 3	37 3	32 2	35 1	51 2	60 1	21 1	16 1	55 3	3 7	59 2	45 1	25 2	40 1	22 3	38 3	31 5	28 1	17 2	42 2	65 2	10 4	61 4	0 1	15 2	18 3	26 1	69 3	41 1	49 3	2 3	29 3	52 4	4 2	36 2	6 1	7 3	13 2	20 2	57 1	39 1	46 1	54 2	67 2	19 1	14 1	27 2	58 8	62 1	47 1	48 1	68 1	43 4	24 1	56 5	53 1	50 3	8 1	30 1	23 1	64 1	9 1	63 1	11 2	12 2	66 5	34 3
50 1	1 3	29 4	58 1	3 1	52 5	64 1	17 2	2 3	8 1	44 1	46 2	61 1	28 1	51 1	69 1	11 1	30 2	24 3	42 1	21 1	26 1	35 4	13 2	39 2	19 1	23 2	55 1	20 3	9 1	66 3	65 1	56 1	36 1	10 6	27 1	12 10	68 3	7 2	32 2	60 3	6 1	25 1	67 1	14 1	34 1	53 1	47 1	41 1	54 2	57 2	5 4	0 1	22 1	31 2	38 1	18 3	59 3	40 4	49 1	43 1	16 2	15 1	45 1	48 1	63 2	62 1	37 1	33 1	4 2
23 2	12 1	5 2	44 1	46 2	61 1	43 2	15 1	25 1	38 1	45 2	57 3	26 3	10 2	17 2	21 2	19 2	16 5	9 3	11 2	2 2	64 1	58 2	13 5	68 1	59 2	22 4	39 1	65 1	34 1	27 5	42 3	37 3	29 1	0 3	63 3	40 1	4 1	35 1	28 1	52 1	66 1	8 1	6 3	49 4	53 6	60 3	51 1	67 3	47 3	33 1	14 1	32 2	30 2	69 1	56 3	62 1	41 1	55 2	36 3	48 1	20 1	3 1	24 1	31 1	1 3	50 1	7 4	18 1	54 2
29 2	54 2	39 2	31 2	51 1	11 2	19 1	58 2	4 3	7 7	40 1	32 2	3 2	50 1	60 1	65 3	69 1	18 1	63 1	24 4	48 2	57 4	1 3	2 4	37 3	22 3	34 3	15 2	21 3	49 4	44 1	42 1	68 3	0 1	59 4	41 1	5 1	46 2	61 2	23 1	64 1	33 1	30 2	17 6	27 1	20 2	6 1	67 1	9 3	52 1	43 2	16 1	10 3	38 5	56 1	47 2	26 1	53 1	12 4	8 2	14 1	13 1	35 1	36 4	45 3	28 1	55 1	25 1	66 1	62 4
26 3	2 5	54 3	0 1	3 4	5 2	61 2	49 3	27 2	56 1	10 2	1 2	63 7	11 1	68 1	16 1	4 1	34 2	41 1	53 1	33 3	37 1	67 1	8 1	25 3	38 2	65 1	9 1	14 1	17 1	21 3	12 2	36 2	48 2	64 3	13 1	29 2	35 4	32 1	58 1	50 1	44 3	7 3	52 2	60 1	20 2	24 3	31 1	69 1	45 5	42 1	55 1	47 2	57 2	18 2	6 1	43 2	19 3	62 2	66 1	40 3	30 2	22 1	15 1	39 2	23 1	51 2	59 1	46 2	28 2
23 1	69 5	43 1	62 2	17 4	40 2	24 4	11 1	46 1	53 1	20 1	28 4	14 1	2 2	6 3	18 1	56 2	54 1	13 2	31 4	35 1	25 2	26 3	3 2	50 4	67 2	59 2	32 2	45 1	30 1	65 6	29 1	61 1	64 1	5 1	10 1	0 1	57 3	21 1	55 3	44 1	33 3	34 3	66 2	36 1	41 3	60 5	38 1	22 3	7 5	58 5	52 2	47 3	12 2	15 1	8 3	51 2	1 3	49 6	4 1	27 3	16 2	39 1	48 3	42 2	68 5	37 3	19 2	9 1	63 1
68 1	58 2	12 1	19 4	38 1	3 1	33 4	22 1	31 1	67 1	13 2	6 2	57 1	69 1	15 1	17 2	65 1	27 2	39 2	40 2	47 2	51 1	34 1	18 1	60 1	56 1	20 3	26 6	21 3	53 5	23 3	30 2	10 1	1 1	54 3	32 1	2 2	11 1	44 5	45 1	4 1	29 3	49 2	7 3	50 1	63 1	5 5	28 1	35 2	48 2	46 2	61 1	9 2	55 1	25 1	14 1	62 3	41 1	0 2	59 1	42 1	37 3	43 2	16 1	64 1	24 1	66 5	8 2	52 1	36 4
60 4	35 1	46 2	68 1	12 4	62 2	67 1	8 1	0 5	64 5	15 5	16 1	55 2	22 1	41 2	23 1	28 1	9 2	3 3	47 2	48 3	13 4	58 6	54 1	30 1	21 1	29 3	66 1	14 1	4 3	17 3	63 2	6 1	59 1	33 4	45 1	37 4	38 1	25 1	43 2	53 1	61 1	24 3	31 1	32 2	10 4	52 1	11 1	26 2	1 1	34 2	18 1	49 2	2 3	36 1	19 1	51 3	69 3	7 5	44 2	27 4	20 1	57 4	42 2	65 1	40 1	56 1	5 1	50 1	39 1
48 1	41 1	58 3	51 2	42 1	61 2	18 2	30 2	22 2	3 3	46 2	66 2	2 1	10 3	59 1	40 4	35 5	17 2	1 3	57 1	8 2	50 4	69 2	53 1	67 2	36 3	11 2	13 1	47 2	5 3	4 6	63 3	14 1	15 1	56 3	20 2	54 7	26 1	23 1	44 2	12 2	7 1	55 5	21 1	62 1	24 1	9 1	34 2	16 1	43 3	52 4	27 4	45 3	19 1	6 1	28 3	64 2	25 1	37 2	65 1	39 1	38 6	0 1	32 3	60 4	29 1	31 3	33 1	68 2	49 5
38 2	44 7	16 1	62 3	20 1	57 7	50 1	35 2	59 1	37 1	12 3	67 1	13 1	21 1	51 3	48 1	22 2	0 3	40 1	43 4	29 3	53 1	23 1	11 2	58 1	2 2	7 6	39 1	24 2	66 1	63 3	54 4	65 1	14 5	25 2	56 1	15 2	10 1	47 2	69 7	52 3	55 4	34 1	5 2	6 8	64 1	45 4	3 3	28 4	4 3	30 3	61 1	9 1	41 1	18 3	49 1	60 2	26 1	8 1	36 2	68 1	27 10	32 1	46 1	19 4	33 3	42 2	1 2	31 4	17 1
