60	90
15 46	18 49	12 53	35 53	4 38	85 48	62 43	33 40	32 41	55 54	19 48	3 55	82 47	1 44	75 48	80 51	49 56	11 52	52 46	78 50	65 51	42 58	83 54	70 58	54 52	34 38	59 50	20 45	64 49	29 60	9 45	72 62	76 49	71 50	25 51	50 53	13 43	46 54	8 53	58 52	23 51	31 55	5 56	69 49	14 57	37 44	84 40	2 50	41 57	10 51	66 59	26 46	38 59	67 52	79 56	89 38	57 54	53 54	7 61	44 55	87 42	88 50	24 54	28 42	45 47	56 54	22 49	63 54	16 57	74 39	40 54	73 51	17 57	51 49	61 62	21 55	60 60	0 54	43 42	27 53	77 52	81 49	68 48	47 48	86 49	39 47	36 50	48 52	6 48	30 56
35 45	3 48	21 58	15 49	26 54	38 56	12 52	74 51	45 54	9 52	81 56	52 50	5 53	0 62	62 59	56 51	69 51	53 53	11 46	20 48	44 52	84 53	37 54	36 49	24 52	4 64	66 40	57 59	10 54	42 53	7 55	72 48	8 48	17 51	48 50	31 43	51 57	32 47	88 57	33 54	40 46	87 45	18 45	49 49	80 50	14 62	43 44	27 55	61 52	50 42	19 50	28 50	75 50	1 54	23 54	46 49	25 55	83 46	68 57	6 42	59 51	78 48	58 47	89 61	2 53	70 53	22 53	29 44	60 45	71 59	54 49	55 46	13 58	76 58	34 54	67 46	64 47	63 49	65 51	30 56	16 60	86 51	79 46	77 49	41 50	73 52	47 52	82 48	39 49	85 51
84 43	71 55	41 46	65 57	87 54	28 50	79 57	83 48	35 52	62 50	4 47	5 49	37 53	21 55	53 54	61 46	74 55	75 47	8 50	27 54	70 51	2 49	17 50	48 53	43 48	46 51	30 52	32 52	63 55	50 53	39 46	24 53	40 56	34 52	20 40	33 54	10 44	13 56	36 48	89 51	72 45	69 53	29 49	49 59	19 48	76 50	86 59	85 48	38 49	64 52	42 46	81 48	45 47	54 39	57 58	0 52	56 58	77 45	22 50	66 54	52 49	58 53	15 51	68 40	14 48	26 51	80 55	6 43	73 49	55 59	18 49	16 51	11 54	67 45	1 46	78 49	60 44	31 53	44 56	9 44	51 47	23 45	82 41	59 56	47 44	25 45	7 50	12 49	3 49	88 40
48 51	1 47	87 51	33 46	19 45	27 45	21 53	16 48	6 55	36 47	3 43	32 50	86 59	22 53	71 56	68 49	5 58	81 52	49 49	39 47	30 47	88 45	40 56	58 54	28 47	34 50	7 63	23 45	0 54	66 54	47 47	41 44	18 44	79 54	73 53	59 55	52 44	24 51	64 54	35 47	65 45	84 50	37 44	11 53	69 52	74 43	55 54	2 54	17 46	8 44	38 47	54 40	25 57	56 55	29 44	61 57	62 49	14 49	26 38	45 48	43 52	85 53	50 56	80 45	70 61	51 51	75 53	67 53	13 56	89 50	20 55	42 43	72 56	10 51	82 53	31 43	15 46	63 55	4 47	83 55	53 49	57 51	78 45	46 49	76 43	60 49	12 48	9 39	77 46	44 54
10 45	44 49	81 43	29 49	49 53	85 50	1 47	88 48	56 49	87 54	55 52	14 57	21 51	58 40	25 46	73 50	38 48	84 52	45 50	60 54	72 49	42 48	47 50	54 53	11 50	31 53	89 51	24 57	68 48	48 44	30 50	36 46	51 44	77 42	4 52	83 58	17 50	52 49	16 56	57 50	70 46	50 47	9 56	15 49	23 52	34 47	41 47	33 44	26 48	71 46	6 49	8 48	5 40	80 60	12 57	7 51	46 60	86 46	2 44	78 51	3 46	18 52	75 46	62 56	59 51	66 56	82 42	53 45	65 51	0 54	39 50	76 53	37 41	27 53	61 44	67 48	63 51	32 49	40 41	22 48	28 49	69 57	64 54	13 58	35 52	74 52	79 51	20 59	19 52	43 48
1 55	17 51	24 48	10 47	66 57	27 42	6 46	40 55	51 53	9 44	45 54	73 56	74 47	31 42	12 44	28 52	42 52	19 41	15 52	77 56	16 56	8 49	14 46	71 49	50 47	52 50	54 49	26 50	62 62	23 48	88 47	39 53	20 53	57 48	35 46	67 49	2 53	7 53	78 40	13 46	47 51	83 55	25 50	3 51	72 58	30 43	33 59	70 59	38 50	5 45	60 49	4 44	53 45	79 45	48 47	76 49	68 44	29 48	11 54	32 49	49 51	82 49	58 47	41 57	34 55	65 47	59 46	85 57	87 46	63 49	18 51	55 47	69 57	22 55	61 46	46 48	75 53	80 51	56 51	21 49	84 60	86 47	0 53	44 47	36 56	89 47	43 56	81 48	64 51	37 47
48 51	42 51	12 59	37 46	28 48	59 45	31 47	56 44	46 50	70 42	44 58	13 50	18 47	89 51	63 53	78 55	23 49	16 53	82 48	21 51	38 46	75 43	27 55	81 54	11 52	65 57	19 49	68 52	30 54	33 46	41 49	57 52	20 44	43 44	69 59	34 49	62 50	5 54	86 41	76 46	24 42	52 54	17 50	50 54	1 56	54 58	88 45	22 49	79 46	2 52	72 54	85 45	9 50	73 53	61 53	53 49	4 54	60 49	29 43	67 47	83 46	36 47	39 53	7 54	10 54	66 48	15 48	80 52	47 55	49 45	25 57	84 51	71 53	64 56	40 54	51 44	77 50	3 47	74 51	0 52	55 43	58 60	32 55	14 48	87 60	35 54	8 51	6 48	45 42	26 64
25 53	43 52	80 46	73 54	9 47	52 55	59 55	35 45	7 47	32 56	82 46	61 59	79 56	24 53	34 55	68 52	22 57	46 55	83 51	26 44	60 48	62 63	1 46	19 52	66 53	88 53	89 49	0 45	44 52	23 54	86 55	85 58	38 50	58 47	16 54	10 45	72 52	6 54	67 47	21 48	56 51	53 48	70 43	55 55	3 43	87 50	8 58	81 48	76 54	63 48	33 55	45 67	39 59	37 47	2 52	75 52	18 56	4 40	42 47	48 47	65 47	15 54	54 51	84 46	17 54	74 56	27 44	50 46	71 48	5 55	77 63	51 52	36 56	40 42	31 50	64 60	12 60	30 47	47 46	49 52	28 48	11 52	14 48	41 54	78 51	57 45	69 48	29 44	20 59	13 47
89 50	60 51	21 63	53 56	6 54	58 57	18 57	38 56	14 61	88 52	81 47	52 57	43 58	47 43	11 55	49 44	36 53	15 41	62 53	74 46	75 50	12 51	84 49	16 47	46 56	39 48	17 52	28 45	85 45	20 48	23 56	22 59	3 57	57 48	34 43	78 51	41 54	42 55	64 50	10 48	31 54	37 52	54 47	51 47	65 44	2 52	35 52	77 51	7 59	80 55	70 51	87 40	32 47	1 47	55 56	59 54	71 50	83 50	19 40	9 50	69 53	40 51	56 43	82 46	24 51	25 49	44 43	61 45	68 47	5 53	48 49	86 44	67 49	33 50	0 51	63 57	45 50	66 43	4 53	30 45	27 50	29 48	8 50	73 36	13 50	50 51	79 47	72 50	76 48	26 46
4 46	52 56	23 42	26 53	19 47	57 52	76 52	16 40	37 49	59 51	71 50	84 54	14 48	63 47	66 40	11 47	50 43	47 46	18 42	13 57	24 45	88 54	68 54	49 51	83 50	10 53	20 38	45 39	77 50	25 40	48 47	80 44	62 52	8 58	2 48	43 43	85 52	12 51	3 51	42 48	6 49	87 55	69 39	9 50	54 53	44 49	53 46	73 48	82 48	74 48	29 48	1 46	32 49	36 49	34 53	61 53	72 49	15 48	31 49	81 60	30 43	21 48	75 47	33 41	27 49	51 45	38 50	55 49	35 53	28 54	17 52	58 57	5 48	0 48	41 51	67 52	56 45	7 53	65 47	78 63	46 51	60 40	86 50	70 46	40 52	22 41	79 41	64 53	39 55	89 58
50 50	14 49	32 49	72 53	35 45	58 52	45 50	42 53	10 46	3 53	82 52	4 48	66 46	40 45	81 52	61 47	86 49	31 46	79 43	15 49	1 45	24 43	53 48	26 43	19 45	69 50	8 44	22 51	5 53	47 48	83 52	55 57	0 58	77 37	23 51	12 62	34 56	46 54	21 59	18 46	37 50	75 50	41 41	25 47	76 60	52 45	16 45	33 47	68 47	48 50	49 50	63 54	28 61	71 60	44 41	27 49	65 51	67 53	9 47	30 42	57 50	59 48	84 49	80 55	73 44	36 51	62 42	39 54	85 51	2 48	54 49	13 52	7 47	29 49	70 46	88 39	56 46	6 51	11 52	38 41	60 50	51 50	74 46	20 53	87 50	78 50	64 52	43 53	17 53	89 48
26 49	66 45	88 59	40 54	46 52	58 46	43 49	80 48	82 50	29 46	74 53	87 43	76 52	70 56	37 50	2 41	54 43	64 47	1 54	20 53	79 56	17 54	12 56	39 51	83 55	48 48	81 49	28 49	86 54	25 43	33 50	42 45	89 50	59 50	38 47	53 58	13 52	60 49	41 51	21 56	55 51	22 50	3 49	49 51	11 52	35 43	78 56	65 45	0 47	36 56	51 56	27 56	34 48	15 43	10 56	8 45	52 62	71 50	23 40	77 47	67 55	72 48	50 57	32 52	57 50	18 57	47 50	19 45	69 51	44 51	9 52	31 58	7 48	61 59	84 46	56 48	73 55	5 54	4 53	68 49	75 45	14 42	16 48	24 50	63 51	30 50	85 48	6 55	45 36	62 46
81 39	67 53	74 49	82 54	11 49	64 52	78 47	41 46	85 50	88 50	14 54	26 49	3 49	5 51	20 57	33 61	38 52	76 49	46 41	77 42	4 46	75 47	60 45	48 52	1 58	47 48	45 48	69 43	54 53	73 52	30 50	56 48	89 47	23 55	57 50	53 51	70 48	71 53	0 49	21 45	50 51	27 55	49 53	62 59	36 52	29 51	2 49	42 46	12 52	61 46	79 57	59 48	51 48	35 43	8 50	9 49	44 56	83 52	25 50	63 49	6 43	87 49	18 51	31 53	39 55	52 50	15 53	72 59	86 50	24 57	7 56	84 41	28 49	32 51	10 54	66 48	17 53	55 53	13 48	80 50	43 55	65 50	19 51	22 52	58 49	40 53	34 44	68 56	37 46	16 52
79 53	41 52	10 54	22 46	73 51	50 49	72 55	0 52	26 53	4 46	35 50	74 50	31 44	70 40	29 50	7 63	83 41	64 45	61 49	39 49	5 51	53 49	69 50	52 44	81 54	38 47	71 55	20 57	40 56	19 51	11 44	76 50	21 45	67 43	6 51	54 44	9 49	34 45	48 61	68 52	44 50	17 47	65 50	27 47	25 42	28 54	32 43	75 52	57 59	85 47	47 49	87 51	18 56	23 49	8 50	45 49	24 45	42 46	36 55	88 43	33 54	77 56	82 50	13 53	49 57	86 59	12 43	78 54	46 54	2 53	43 50	14 57	1 58	37 56	63 46	58 49	16 56	30 47	60 47	84 49	55 49	59 47	62 52	80 55	89 49	3 57	51 49	15 44	56 58	66 58
14 57	65 50	57 59	58 58	81 51	19 52	20 49	77 49	27 50	8 55	5 54	56 57	39 48	75 53	70 52	43 49	32 48	9 53	42 51	3 55	73 50	12 47	60 48	85 52	31 53	11 50	22 49	89 50	87 45	69 55	33 49	29 43	25 50	13 46	84 45	38 45	78 55	17 47	7 45	0 45	49 54	88 48	23 43	40 49	76 60	63 52	79 51	59 40	72 36	61 49	50 50	55 45	86 52	35 55	46 54	52 47	1 45	10 48	34 54	45 48	16 46	71 46	67 51	68 55	66 44	6 46	74 48	36 55	53 55	62 46	24 45	48 52	4 49	26 45	37 49	80 53	21 43	51 48	47 55	28 57	15 47	83 54	41 52	2 51	30 43	64 49	44 51	54 49	18 52	82 49
8 38	48 43	49 56	0 48	51 51	44 62	72 59	46 45	73 52	52 57	58 51	39 52	31 53	77 46	67 50	16 46	45 42	4 52	32 39	65 52	59 53	70 50	89 60	81 58	80 54	38 47	43 42	13 47	88 50	82 50	22 51	85 44	27 50	86 50	74 54	37 42	84 54	68 48	18 50	71 54	14 54	47 50	79 51	78 50	66 54	40 47	7 50	1 50	41 47	34 50	69 51	63 43	19 46	25 54	75 51	87 54	26 53	42 47	57 50	36 52	6 55	28 52	17 50	3 46	50 51	76 53	54 49	2 54	62 47	21 46	15 46	20 50	30 51	24 56	9 43	5 54	12 45	29 48	56 56	61 46	53 53	33 56	11 49	23 55	83 51	35 49	55 53	10 49	64 48	60 42
14 48	30 62	64 43	20 45	21 51	63 52	47 56	75 42	37 58	70 45	69 50	65 51	27 50	28 52	18 54	41 59	4 50	88 55	15 56	7 44	55 48	60 49	12 53	85 50	38 48	68 49	77 53	43 51	62 53	57 45	5 53	44 50	79 50	80 50	29 52	61 56	76 48	71 48	35 50	56 42	58 44	48 50	67 51	9 46	17 46	0 48	42 46	8 51	25 46	82 46	13 47	11 44	1 51	89 44	31 54	34 48	59 45	23 41	10 48	52 46	16 49	72 44	32 47	36 58	66 40	46 53	87 39	22 49	19 49	54 48	3 49	81 50	49 48	74 55	86 55	53 62	33 49	73 56	26 48	51 52	84 46	2 50	24 44	50 52	6 42	39 52	83 48	78 47	45 48	40 41
35 52	31 51	0 48	16 59	76 49	1 53	41 48	60 48	44 56	28 56	62 50	38 47	68 45	29 44	82 42	39 48	53 54	71 50	70 43	9 49	4 47	80 58	12 56	56 51	7 51	34 57	15 51	65 46	11 54	45 53	20 56	89 47	67 56	83 58	8 47	22 50	52 49	84 49	19 46	59 51	88 42	69 53	64 62	24 57	78 49	77 46	37 52	36 44	17 48	63 47	10 55	54 52	5 44	75 48	23 50	50 46	14 50	66 46	55 54	74 49	87 55	33 54	61 45	79 44	48 50	46 55	40 48	51 47	85 46	30 45	73 53	86 52	42 53	27 47	26 55	13 54	32 45	58 51	72 50	47 42	3 52	25 56	18 57	21 46	81 52	57 48	2 53	49 48	43 43	6 49
5 46	65 46	39 48	37 52	17 59	81 54	48 48	45 46	52 41	67 51	50 57	88 55	23 51	31 52	63 46	32 55	18 52	75 47	19 50	28 49	51 49	43 42	85 47	6 47	34 58	9 49	62 44	57 53	56 58	55 45	73 55	66 54	40 46	2 45	47 47	87 56	49 52	13 51	58 51	79 52	27 59	54 53	71 43	89 50	11 63	72 46	61 49	53 49	68 54	82 43	83 42	21 53	4 53	26 50	35 51	77 46	60 49	36 58	0 55	1 53	33 45	24 63	22 52	7 50	12 51	84 55	70 55	69 46	42 49	15 46	44 53	25 41	30 57	16 54	76 42	3 48	41 47	74 61	20 64	8 41	38 46	59 49	86 62	46 50	29 49	64 48	78 44	14 50	10 49	80 42
50 45	40 55	20 30	57 52	36 52	56 57	21 40	46 51	28 55	87 50	0 52	52 53	6 55	14 52	30 49	8 56	80 58	45 48	67 47	31 51	9 50	5 58	79 45	60 48	7 51	74 40	35 51	64 49	24 49	11 50	65 53	43 51	44 49	26 50	81 53	70 50	66 50	17 58	62 56	76 48	69 50	34 47	75 49	22 50	71 46	84 49	53 49	88 44	78 53	3 44	23 60	68 47	4 50	61 44	73 54	77 55	18 43	58 46	51 52	55 51	39 54	29 57	1 49	41 49	12 52	49 45	19 49	48 50	47 48	13 51	42 45	25 41	37 48	82 52	10 53	38 41	59 55	54 54	16 48	86 53	15 52	33 46	89 49	27 47	72 59	83 45	63 44	2 44	32 55	85 54
18 55	30 54	55 44	77 46	50 51	13 51	4 44	58 50	85 48	80 50	26 51	48 49	20 41	35 48	31 49	28 51	36 44	3 46	68 57	70 49	61 53	66 51	74 55	43 41	84 51	67 42	23 46	24 49	32 50	16 48	75 54	64 56	7 51	37 45	57 46	78 52	83 50	25 47	42 44	88 58	52 51	5 46	86 46	87 53	44 59	46 51	49 56	59 52	72 53	60 56	53 50	27 58	76 44	21 50	39 50	2 45	9 58	79 52	69 56	11 54	0 42	38 53	81 45	73 45	29 55	34 48	54 54	71 49	47 48	82 46	17 52	19 50	65 45	40 46	89 49	63 51	10 46	62 48	6 46	14 55	41 49	56 49	12 46	45 48	15 61	8 52	22 51	1 42	33 51	51 49
63 54	56 45	59 50	19 53	82 49	36 55	48 49	39 50	87 46	28 56	9 59	8 47	55 46	24 55	37 50	53 48	57 53	0 52	12 48	41 53	31 49	66 45	51 53	20 44	25 48	89 51	50 50	81 41	49 42	33 44	40 56	70 47	17 51	14 45	62 52	34 54	42 51	18 57	10 47	43 43	47 46	27 44	11 54	15 52	3 59	2 41	46 49	45 52	80 44	77 50	79 47	5 51	29 52	83 50	54 52	64 49	44 47	6 48	67 49	74 57	65 44	26 58	75 53	7 41	4 50	32 48	60 50	73 56	85 53	68 49	76 49	58 49	22 47	35 56	21 58	84 47	61 56	72 47	30 50	1 54	16 47	23 58	52 55	69 55	38 49	78 49	86 54	13 45	71 36	88 55
38 47	69 43	62 49	14 48	75 45	32 55	37 49	49 39	28 53	70 54	40 59	35 57	21 50	2 52	59 53	46 60	60 44	18 44	16 46	8 52	72 52	56 55	45 52	89 52	64 49	47 52	63 46	26 51	15 46	48 51	44 53	86 52	24 52	4 55	11 46	9 50	78 49	22 49	34 50	81 44	71 51	53 55	83 56	39 54	7 52	5 51	41 55	67 49	10 54	12 56	3 50	19 56	68 51	20 50	50 40	77 51	66 51	61 57	1 48	25 50	43 53	42 55	29 43	6 49	17 53	58 49	31 52	76 47	33 46	27 53	55 53	23 52	13 51	79 48	87 50	52 45	74 61	36 46	65 51	80 45	54 50	84 52	82 43	51 53	30 54	88 52	73 56	85 52	57 51	0 49
69 54	71 39	65 50	61 60	36 62	64 49	78 48	21 54	44 46	67 58	34 43	76 47	10 48	62 50	8 52	19 51	49 52	33 42	46 43	1 53	29 49	84 45	58 42	38 46	20 49	66 53	45 52	31 51	3 50	32 54	53 55	57 46	60 53	42 53	81 51	22 61	6 57	43 61	70 56	63 46	51 54	5 47	39 50	35 46	2 52	75 47	28 48	50 47	14 51	55 52	7 48	48 51	26 53	27 51	80 55	88 50	18 53	83 58	59 47	9 48	86 50	85 43	40 46	12 52	54 56	16 52	41 50	73 55	68 55	77 46	52 44	47 41	24 48	74 52	87 51	37 51	4 46	72 49	82 49	25 52	13 50	23 45	89 57	56 57	0 50	15 54	17 47	11 49	79 49	30 60
36 49	19 47	44 46	40 48	28 53	5 56	74 48	47 42	56 51	1 55	3 53	41 55	11 50	43 58	88 52	76 54	25 49	85 53	49 48	4 53	58 41	14 53	57 39	39 57	80 50	12 56	73 48	23 58	7 46	9 48	81 48	16 49	34 54	30 47	59 51	45 48	68 46	70 58	52 51	55 54	33 45	72 50	21 54	26 41	38 50	51 45	17 56	79 48	46 52	78 49	18 53	42 47	60 49	61 58	2 46	82 48	54 52	29 58	86 56	8 60	15 48	13 58	0 46	75 47	35 50	66 53	53 46	22 43	20 51	64 46	83 56	24 60	48 49	10 51	67 56	63 50	32 45	87 54	71 50	62 50	89 45	6 54	31 43	77 54	69 47	84 61	50 55	27 53	65 42	37 37
79 51	88 41	65 50	0 54	13 45	18 55	71 55	73 53	48 46	32 57	12 47	8 46	44 41	31 48	50 39	57 54	55 61	36 48	53 47	27 59	24 46	2 42	45 49	62 47	21 46	74 55	42 49	28 52	3 50	59 47	38 56	76 55	54 47	83 46	41 53	60 45	89 46	25 54	84 47	78 47	81 46	40 56	5 56	72 53	66 53	30 49	85 48	49 59	51 57	56 54	26 54	68 45	10 59	70 57	11 44	20 41	80 49	61 48	37 56	43 54	86 60	23 51	34 49	82 62	17 47	69 58	87 54	64 50	39 48	35 40	33 45	9 51	63 50	14 44	29 47	19 47	46 58	75 45	52 50	58 50	1 46	4 43	6 54	47 58	7 41	77 51	15 51	16 53	22 41	67 49
22 43	81 52	50 49	25 47	14 52	31 56	7 54	17 40	42 54	41 46	84 56	40 57	87 59	65 45	60 39	8 48	6 45	36 49	53 49	15 52	49 52	44 50	55 46	45 53	27 44	88 52	46 52	85 47	32 42	5 48	43 54	11 48	51 52	72 54	73 48	56 43	62 49	20 48	10 67	38 50	33 54	75 47	57 58	29 46	0 51	71 41	70 52	4 49	80 53	39 49	64 52	13 50	67 53	28 49	63 46	35 47	77 47	26 59	58 46	3 51	83 49	9 48	2 43	68 51	79 48	61 59	78 48	19 54	21 45	47 51	76 53	48 46	74 51	66 48	1 51	82 51	86 52	24 56	89 53	59 50	54 51	69 47	23 55	18 50	16 54	34 48	30 49	12 52	52 45	37 43
40 52	53 52	56 36	80 47	63 51	31 48	24 46	65 41	11 37	70 50	3 52	7 51	52 51	22 47	9 51	85 43	83 49	4 51	0 45	12 52	17 60	71 47	27 47	88 49	25 49	64 50	84 56	18 50	46 56	20 57	75 52	60 50	62 55	38 53	21 53	59 58	61 45	49 56	41 44	35 50	42 56	33 45	69 53	50 59	1 57	74 47	26 47	6 45	29 43	32 57	5 48	73 48	14 54	47 37	37 48	54 53	55 54	10 50	44 50	66 55	51 48	82 56	34 50	45 42	23 50	39 58	43 54	30 56	2 51	86 40	81 52	89 56	77 51	67 53	76 49	87 53	16 45	78 45	57 52	13 50	79 53	48 47	72 55	19 49	58 46	28 39	68 50	15 56	36 49	8 51
41 55	4 48	46 48	60 56	66 50	18 44	57 50	38 52	69 59	81 49	70 52	36 43	88 53	40 55	13 57	62 55	5 39	30 55	37 55	15 44	52 51	39 50	50 53	84 57	89 58	16 48	47 54	7 48	58 53	14 54	23 51	11 49	28 45	72 47	20 53	65 45	10 38	55 54	48 52	75 45	24 43	34 63	49 55	82 55	6 53	31 46	67 52	87 52	86 54	85 49	53 51	63 50	59 47	29 52	73 51	54 52	78 58	19 48	3 58	68 52	51 52	77 57	8 49	74 54	21 41	27 43	33 47	80 49	25 47	43 55	56 56	76 44	45 50	12 56	26 58	2 41	64 48	44 47	61 49	9 53	35 55	71 54	32 50	42 54	22 47	17 44	1 50	0 50	83 61	79 49
73 48	26 55	41 45	5 53	84 49	3 61	78 46	81 53	22 48	44 42	13 47	83 55	32 61	75 49	40 42	52 49	24 43	69 53	50 50	12 50	74 53	86 41	29 52	33 53	20 46	2 41	25 49	47 49	19 47	68 58	16 45	49 57	21 43	23 54	45 53	87 49	31 52	6 40	51 45	35 51	18 48	28 47	76 40	77 50	30 56	65 56	59 54	14 53	17 48	42 44	34 60	71 46	1 59	43 43	11 52	10 52	39 43	70 53	82 50	7 53	54 54	15 49	63 62	88 39	79 46	80 49	36 51	48 43	4 49	60 54	62 52	66 53	8 55	0 47	38 50	89 45	37 59	58 45	9 52	46 47	57 36	56 49	53 47	67 48	72 51	85 44	27 46	61 55	55 56	64 46
41 49	38 50	47 45	50 47	58 48	22 56	31 54	10 46	37 47	72 57	89 51	55 50	0 54	7 44	24 60	5 48	42 46	84 43	6 47	32 53	17 55	46 54	60 48	61 51	88 52	81 58	11 49	73 59	40 54	68 49	45 52	14 55	82 46	13 46	80 52	25 43	43 38	63 45	48 52	59 53	52 48	74 51	36 51	76 55	29 52	56 56	87 54	20 57	65 47	39 58	1 49	12 54	69 45	35 45	75 50	71 46	2 42	26 54	15 51	64 57	23 42	27 49	79 48	70 57	4 53	19 45	44 49	77 60	3 42	18 64	33 53	34 43	62 43	9 51	83 45	51 59	53 47	67 54	86 51	78 50	85 58	57 43	21 49	66 47	16 44	8 57	49 38	28 51	54 44	30 48
55 42	84 51	39 53	59 55	74 52	27 51	3 52	81 53	79 48	47 48	53 46	5 54	19 53	1 49	23 45	77 43	14 47	85 55	11 42	56 44	16 54	41 52	69 52	37 54	2 44	58 40	22 55	4 48	34 50	28 54	36 53	57 51	71 51	89 46	6 47	72 55	26 47	52 48	12 59	61 59	45 54	73 53	54 53	46 52	10 49	76 52	67 49	75 42	0 54	43 41	70 54	49 48	63 41	88 54	60 52	29 54	64 47	66 42	32 53	44 53	40 46	82 49	35 41	80 53	65 52	62 48	9 56	8 52	68 51	30 45	86 47	50 55	42 46	18 50	87 56	7 49	83 57	25 49	31 45	20 57	21 48	38 45	33 57	17 63	78 49	15 43	51 55	24 50	13 50	48 43
61 49	19 47	39 50	3 59	43 52	18 54	87 52	5 46	72 59	54 52	74 48	7 53	67 49	75 55	28 51	50 51	88 45	9 44	34 57	64 54	58 52	33 47	25 52	38 50	79 53	65 44	10 60	24 57	63 46	27 50	17 42	20 49	70 51	21 45	22 46	0 50	32 47	23 48	26 53	62 51	76 46	15 47	66 53	46 42	1 47	35 52	85 49	52 50	40 56	4 49	80 49	83 48	47 49	60 51	81 42	82 50	56 50	84 54	45 54	30 44	16 51	73 48	13 51	89 56	57 46	55 41	41 56	68 43	14 47	8 53	77 52	2 44	49 39	48 46	71 46	78 56	69 47	31 49	12 49	44 49	51 49	29 40	59 54	42 45	6 48	11 50	86 52	36 53	53 43	37 52
83 38	53 53	61 57	26 49	45 63	28 43	42 44	51 49	29 47	49 49	81 51	1 48	85 45	44 52	41 44	34 49	9 60	46 44	63 48	88 54	70 54	4 48	15 59	86 57	71 47	12 47	60 56	30 58	80 44	66 48	17 45	33 51	2 51	5 53	73 46	56 48	84 55	47 57	89 50	16 57	79 52	6 58	69 45	11 50	74 46	43 50	65 52	27 57	7 48	39 52	76 53	68 57	64 42	40 52	22 58	82 52	77 43	14 55	55 44	13 48	87 51	59 48	50 55	19 45	36 56	0 54	57 57	62 47	48 54	37 48	18 44	78 54	24 60	23 51	54 51	67 47	10 49	52 43	8 56	32 47	75 44	3 43	72 55	38 37	31 52	58 52	21 45	25 61	20 58	35 45
23 43	75 52	27 51	46 47	89 50	38 54	41 56	10 51	54 47	63 44	36 48	78 40	82 49	87 53	72 57	88 55	5 54	21 49	26 51	59 51	8 51	47 43	45 59	20 50	11 46	7 46	56 46	9 46	66 48	61 54	3 52	80 50	51 48	43 51	15 56	44 49	6 46	53 46	74 60	0 54	67 56	62 52	39 55	48 50	79 46	1 51	71 50	76 49	77 52	70 47	34 51	86 41	85 44	12 44	25 62	24 54	49 54	73 53	33 46	60 52	35 52	17 64	28 52	83 49	52 58	68 56	32 55	50 58	16 45	2 52	30 47	42 51	65 45	55 49	13 45	29 49	81 52	57 52	37 52	22 60	18 47	14 51	40 48	4 48	69 53	64 48	19 50	84 51	58 54	31 52
5 53	51 54	39 47	42 47	2 55	59 55	11 55	25 55	16 46	8 46	71 59	46 45	32 46	7 52	14 52	10 47	3 60	26 39	74 59	61 48	53 50	29 44	76 51	44 49	0 51	4 50	31 56	50 51	35 52	17 45	69 48	75 41	20 48	65 57	15 48	58 52	48 56	6 53	30 44	63 51	62 50	72 47	56 53	19 48	66 51	27 53	12 53	87 50	54 49	64 49	45 44	70 46	37 52	82 54	73 55	47 57	22 48	23 54	49 60	28 53	88 58	84 54	13 51	36 56	40 49	18 48	24 51	67 49	85 53	38 50	33 46	78 54	80 54	83 47	34 56	57 54	9 58	77 51	81 49	52 46	79 53	43 55	21 51	41 53	89 56	68 50	1 51	60 52	55 56	86 61
80 51	3 52	72 49	26 49	59 52	88 54	27 51	43 50	21 54	53 40	2 49	28 42	23 55	55 50	34 56	15 53	36 45	68 44	32 48	44 51	76 42	63 51	75 47	40 55	78 51	77 46	12 44	51 41	70 48	46 47	60 50	16 50	31 52	25 54	10 52	79 54	87 50	37 55	73 44	86 50	20 56	38 48	83 57	24 44	7 52	5 48	17 44	85 46	58 42	19 59	1 54	18 51	6 49	47 46	11 52	81 46	61 53	35 51	22 49	13 61	42 55	41 47	9 54	50 55	56 61	0 46	89 43	67 46	54 49	57 58	45 54	49 61	69 47	4 52	84 55	66 47	48 45	39 56	64 49	82 51	65 43	33 50	30 49	71 48	52 44	62 57	8 54	29 58	74 56	14 53
47 43	87 50	49 50	20 45	84 46	76 51	71 50	21 52	23 49	85 46	74 39	1 48	19 45	17 42	38 54	52 55	80 47	7 47	4 48	53 51	25 40	8 62	41 52	2 50	29 52	72 58	59 51	55 52	12 45	73 47	5 49	67 45	35 45	75 60	13 55	30 47	11 56	88 51	68 50	18 48	78 53	16 50	60 55	0 58	26 53	34 45	77 47	40 44	54 45	31 52	61 47	36 50	48 49	70 41	56 49	39 51	57 56	62 48	65 54	58 49	69 48	82 46	64 53	46 50	32 54	9 49	42 52	3 44	33 57	28 46	24 54	10 41	6 39	22 56	81 56	44 59	50 56	37 41	51 48	89 51	15 43	86 52	14 48	45 54	27 50	43 50	63 52	83 40	66 59	79 51
4 47	49 46	6 54	63 52	22 50	89 48	78 55	11 51	53 48	27 50	30 50	32 55	58 46	57 44	8 54	3 48	0 51	62 52	16 53	84 44	36 43	21 40	34 51	60 53	71 47	88 54	70 46	39 51	12 54	38 45	52 42	86 49	18 50	68 55	5 53	20 42	26 51	46 43	73 48	40 49	24 50	44 48	42 52	31 49	33 53	19 52	43 50	59 50	15 48	64 53	9 59	10 51	66 61	65 47	75 50	2 49	37 46	83 38	67 53	56 61	13 52	82 47	47 56	35 55	7 49	54 52	79 45	17 43	41 50	81 60	1 50	72 50	51 60	45 48	69 47	50 53	77 56	87 48	23 49	55 45	80 49	85 55	61 57	25 48	29 50	74 46	48 51	14 51	28 49	76 51
17 40	74 43	48 48	21 57	46 58	70 51	50 52	52 33	35 51	85 62	68 58	31 50	51 56	40 53	64 56	8 54	39 46	77 54	16 54	33 47	11 47	47 52	67 46	63 49	4 41	12 54	75 62	38 44	81 48	19 48	23 47	44 42	65 56	62 49	41 48	1 48	88 50	18 48	66 53	13 51	79 42	20 53	0 46	87 44	3 44	71 47	86 60	61 45	2 57	6 46	34 53	58 44	22 52	5 46	55 47	24 52	78 56	27 44	32 53	7 47	36 49	80 57	42 54	29 50	26 58	45 37	56 58	89 47	54 51	25 51	83 48	14 48	15 43	72 50	43 54	57 51	82 53	49 50	28 52	60 46	10 42	84 53	69 54	53 43	9 53	37 63	59 43	73 35	76 55	30 50
63 54	23 42	35 52	82 44	11 44	88 50	14 44	22 56	42 46	7 47	67 60	79 50	17 55	58 58	32 50	48 47	13 46	15 43	86 43	51 53	12 51	31 56	10 46	25 45	27 49	44 58	34 55	68 53	61 54	38 50	75 55	45 52	66 52	74 52	64 58	9 52	69 50	52 51	53 64	55 47	80 39	20 48	4 45	46 44	85 41	83 45	60 45	57 55	43 53	2 49	24 56	65 56	87 48	33 58	21 52	18 44	40 51	0 48	59 54	5 45	56 52	50 56	41 51	29 53	19 51	84 49	3 54	30 46	72 52	6 46	76 52	37 56	8 45	16 47	81 50	28 44	49 50	71 58	47 47	1 60	73 53	54 55	78 53	89 59	26 59	77 47	36 45	62 51	39 55	70 45
83 49	5 43	35 39	29 46	60 63	85 44	48 59	88 63	44 49	59 42	20 51	72 49	27 47	63 48	51 48	78 38	0 48	4 45	30 44	70 47	39 55	17 53	75 58	71 48	67 47	43 57	13 44	81 49	58 51	32 59	89 51	18 55	52 49	73 47	87 47	37 44	19 47	41 48	9 51	1 57	53 47	65 57	55 52	26 44	49 52	31 48	54 56	84 52	64 51	6 58	16 48	74 49	33 49	22 48	12 48	50 47	15 46	56 56	80 57	3 51	21 48	42 50	76 47	61 45	10 51	79 48	68 54	23 50	36 45	47 43	45 51	25 53	57 54	66 42	11 45	38 54	34 52	40 55	82 49	24 45	8 51	86 53	14 56	77 54	62 58	69 48	28 54	7 58	46 51	2 54
1 44	63 48	82 49	81 47	61 60	38 46	4 48	53 54	18 57	16 48	86 57	21 44	28 58	5 50	71 51	43 49	7 46	60 59	0 57	23 55	67 51	55 53	24 55	62 52	78 55	58 42	27 51	3 49	6 52	89 48	69 56	54 50	84 47	35 59	59 49	19 53	25 46	37 53	51 45	32 55	57 53	41 52	87 62	17 56	13 50	26 51	65 45	40 49	12 55	56 60	10 52	52 64	30 49	74 54	49 45	46 50	70 52	80 51	8 56	68 45	77 54	66 53	85 53	15 51	73 47	50 54	64 51	36 49	14 54	83 50	9 47	72 41	11 54	44 56	42 49	76 49	47 47	33 48	45 52	79 46	39 54	48 40	2 60	20 48	75 54	29 48	88 43	31 49	22 51	34 44
38 47	37 51	14 48	86 50	34 42	8 49	60 50	11 45	28 43	66 54	36 47	80 56	22 53	56 52	26 38	16 42	84 49	9 46	30 47	61 56	53 58	49 50	24 42	47 54	43 55	15 51	48 45	72 46	70 47	7 46	82 56	77 55	45 45	64 51	63 45	89 51	74 58	57 49	69 44	10 59	85 42	50 54	76 62	58 53	19 61	27 55	59 52	88 49	25 55	6 49	71 47	73 54	23 50	3 60	46 51	79 48	2 57	1 44	83 46	65 49	62 52	18 54	78 54	31 41	35 44	32 44	51 42	39 57	68 46	55 49	42 50	0 55	41 58	5 50	52 51	40 48	29 47	21 48	87 53	13 51	81 49	54 43	17 50	12 47	4 49	20 48	67 52	44 47	75 56	33 56
10 45	89 47	14 51	42 51	65 57	70 48	16 50	20 51	82 52	0 53	40 40	63 54	19 53	13 42	26 51	38 50	81 54	6 38	80 46	56 40	29 48	85 47	66 44	22 53	31 48	11 45	61 54	27 40	33 46	53 49	1 47	50 58	17 49	75 55	8 47	88 51	73 61	68 49	4 51	77 48	15 49	52 53	25 53	62 53	69 55	28 45	24 48	35 55	67 54	64 57	60 46	41 61	39 50	79 47	55 51	84 49	87 57	44 52	2 54	21 50	72 50	58 48	86 58	12 48	78 52	71 51	54 46	76 60	45 47	5 43	57 47	49 57	59 55	47 45	36 52	9 52	7 50	48 44	37 55	23 54	30 54	74 50	18 41	3 55	32 53	43 48	34 51	83 49	51 48	46 45
57 49	54 46	52 53	58 55	53 49	78 51	24 49	22 51	5 33	50 50	8 55	26 47	88 53	73 59	31 55	63 51	18 49	81 53	60 46	16 46	19 54	42 45	51 45	83 53	30 54	89 49	86 48	4 46	36 49	3 49	14 47	9 52	12 44	68 51	21 52	33 51	17 53	28 46	25 47	39 43	56 60	87 38	44 56	75 44	7 57	55 49	0 41	35 56	46 52	27 51	76 57	34 47	45 43	77 39	66 51	61 49	85 51	47 45	41 42	13 54	11 53	29 49	43 52	79 53	48 46	69 51	40 50	49 54	6 48	74 46	70 49	64 44	2 54	37 49	82 56	32 48	38 51	62 57	80 54	10 49	59 46	65 53	1 46	67 52	23 47	15 48	72 57	71 47	84 41	20 49
88 47	74 51	45 59	4 45	44 49	63 54	82 54	73 59	30 49	23 48	60 43	86 45	5 60	33 53	17 50	87 45	59 46	48 51	64 49	40 57	22 57	62 47	9 61	51 50	54 49	35 50	21 56	85 46	89 48	18 44	3 51	12 46	42 55	49 46	38 49	37 40	65 49	13 49	76 48	68 46	11 45	46 53	41 51	7 49	81 57	50 57	39 45	47 46	56 50	31 56	72 46	55 49	70 59	29 43	67 39	32 49	25 56	66 49	16 40	78 42	84 50	80 51	10 46	20 50	8 42	6 46	2 57	1 49	77 56	75 52	26 48	24 47	61 44	28 35	57 45	27 44	79 45	0 51	53 54	69 50	14 51	36 55	19 54	83 56	58 52	15 46	52 47	71 46	43 41	34 51
67 39	66 54	65 53	64 56	22 55	78 47	80 48	32 46	48 49	72 53	9 46	3 59	52 47	43 56	8 51	58 60	23 45	2 56	75 57	11 55	25 44	36 49	61 53	86 55	44 48	77 53	20 47	4 52	42 44	16 58	34 45	76 49	12 46	79 49	70 58	1 70	84 49	24 55	71 50	17 53	47 44	63 53	53 48	51 49	73 42	14 53	41 56	10 45	27 64	55 50	60 56	82 55	54 47	7 57	13 50	21 49	69 63	5 50	39 47	38 37	81 43	49 48	88 52	29 40	74 56	28 57	31 45	0 50	83 51	59 44	40 48	30 46	33 59	50 48	68 49	35 39	26 50	62 49	6 42	85 46	56 53	45 46	15 53	19 43	37 50	46 57	89 45	18 59	57 46	87 57
74 50	75 50	44 47	88 47	83 54	24 45	2 55	39 60	64 53	6 51	18 47	23 45	41 54	54 50	8 52	21 58	60 50	58 49	30 61	46 45	86 51	28 44	65 40	48 41	16 49	25 52	69 50	34 48	81 46	14 52	50 49	22 56	4 51	80 40	19 57	9 61	87 55	37 47	0 56	72 52	76 49	33 49	38 52	62 50	31 54	47 39	78 54	7 48	89 52	82 44	73 54	1 47	59 39	67 58	36 62	13 56	55 54	85 54	56 45	11 49	68 60	70 54	63 40	53 40	26 55	12 51	5 50	79 41	84 54	10 53	29 41	57 42	71 51	3 49	35 50	20 44	49 48	45 58	51 52	52 56	42 56	77 45	40 52	15 55	27 51	32 53	61 50	66 48	43 43	17 54
57 47	89 50	13 49	23 46	56 39	26 60	62 48	64 45	53 49	28 48	74 49	59 54	5 47	76 66	1 43	47 55	48 50	39 55	0 50	60 52	79 48	29 50	22 56	32 53	9 53	41 49	10 47	87 49	4 51	52 50	12 49	72 49	8 52	75 54	46 46	58 51	25 47	82 53	44 50	54 45	69 41	49 46	71 48	33 46	11 59	15 50	68 47	20 63	63 55	51 60	55 50	88 50	31 47	27 48	14 44	2 44	42 48	73 56	35 48	34 51	81 42	21 46	40 54	78 44	45 57	24 54	67 45	61 52	30 55	66 44	65 54	19 45	18 53	77 49	17 49	70 41	6 47	7 47	80 42	84 47	86 58	43 48	37 60	85 43	38 51	83 59	36 48	16 55	50 52	3 60
45 52	26 53	61 43	42 51	83 52	43 54	31 46	82 58	33 47	41 61	24 51	60 51	34 50	67 48	52 46	49 45	0 54	11 52	54 53	3 42	37 52	56 57	72 53	71 52	1 45	79 56	19 46	4 48	30 51	29 45	47 53	74 56	50 56	18 62	86 48	69 50	64 55	21 50	48 47	39 47	75 48	77 46	7 47	5 53	76 45	81 44	80 53	15 49	27 51	66 49	13 54	8 50	2 50	25 43	65 48	73 59	9 51	6 51	78 48	23 56	40 52	46 51	44 49	38 40	14 43	84 47	32 50	59 40	53 42	63 42	68 44	16 52	55 47	36 43	85 53	22 55	62 48	57 50	10 64	51 56	20 52	35 48	88 36	17 51	70 43	28 51	87 61	89 48	12 56	58 48
39 53	41 45	6 44	85 49	52 53	13 45	30 47	33 52	8 47	47 64	42 56	28 46	19 42	2 53	18 55	34 40	83 44	25 62	84 51	76 50	60 50	37 51	40 40	72 50	70 54	63 46	9 52	5 46	11 42	77 52	67 48	1 54	36 53	66 53	53 52	80 51	0 55	58 53	73 43	29 55	64 44	15 55	57 54	79 50	78 55	27 52	21 41	56 46	88 51	45 54	49 43	17 51	69 45	46 59	55 47	26 56	68 50	44 55	54 49	10 47	89 59	86 46	20 54	16 47	59 40	82 52	87 53	38 57	22 55	31 50	43 45	48 57	3 53	32 53	71 57	75 45	50 46	65 55	7 52	14 60	62 54	24 49	35 54	12 56	51 51	61 56	4 36	74 46	23 57	81 50
61 51	57 57	11 57	63 50	76 57	6 45	24 53	51 43	9 55	33 50	26 54	81 40	46 49	48 50	49 44	36 44	54 53	40 54	5 49	75 51	83 55	65 50	25 55	66 47	22 52	80 50	87 59	68 49	74 45	89 52	73 44	79 43	69 54	18 43	21 49	30 47	4 54	29 58	7 42	12 50	85 44	50 57	19 53	56 53	45 45	82 43	38 48	60 47	10 51	14 47	55 45	35 50	53 49	78 43	42 50	27 52	0 54	71 58	72 51	64 62	62 47	8 49	41 51	52 54	47 46	59 50	86 48	88 49	58 44	23 50	20 52	17 51	67 48	39 55	34 54	28 54	70 48	15 54	77 51	84 50	37 43	32 48	13 55	2 54	44 56	16 49	43 56	3 49	1 53	31 46
32 46	83 32	73 46	74 52	87 52	27 41	34 44	80 58	9 42	71 44	41 48	88 39	2 51	78 63	19 52	16 51	44 45	68 45	40 54	23 41	39 48	18 48	64 53	37 48	70 46	35 51	86 51	29 57	59 56	1 44	26 60	65 48	66 50	56 44	72 50	33 53	60 47	50 49	8 43	47 54	20 60	3 40	38 51	0 47	24 49	10 54	5 49	14 60	61 39	13 50	51 43	11 60	12 57	77 47	46 59	45 56	53 55	57 48	52 53	15 52	79 46	4 54	43 52	76 57	63 43	48 46	6 43	81 42	17 48	85 46	22 51	55 51	28 48	42 47	89 48	54 57	30 58	21 51	62 54	67 57	58 43	7 55	31 48	49 40	75 53	69 51	25 57	82 49	36 47	84 53
22 56	86 52	87 56	68 52	81 52	52 47	51 46	26 59	50 56	75 47	53 52	64 49	47 54	41 51	2 55	31 55	76 55	15 48	33 45	73 47	9 49	1 48	71 49	89 55	39 44	4 48	67 56	57 54	8 53	12 51	38 58	82 44	36 45	58 52	88 50	77 52	18 51	29 54	66 60	59 48	42 49	85 50	3 47	45 59	24 58	14 57	63 40	79 51	19 48	32 48	37 46	84 51	65 52	72 53	35 56	48 51	46 48	16 53	27 55	11 61	5 47	61 49	78 54	54 55	13 52	74 50	23 50	83 54	34 37	43 49	25 48	49 46	44 44	40 55	0 51	20 45	56 51	30 53	60 48	7 45	62 44	69 50	6 46	17 49	80 50	28 49	10 49	55 49	21 55	70 42
65 49	11 53	24 59	17 53	9 42	83 52	46 48	37 52	48 47	77 49	16 52	40 59	60 58	88 40	2 46	85 50	87 51	62 47	61 56	0 49	36 59	72 47	19 49	31 51	27 63	14 53	32 44	35 38	41 54	53 57	89 51	21 53	29 52	66 43	18 41	15 52	56 45	1 45	52 55	64 60	58 48	8 45	49 50	5 57	6 49	10 57	45 48	44 49	80 43	70 45	51 48	73 54	13 54	54 48	30 49	26 53	84 54	7 54	82 43	3 59	38 46	22 56	71 40	81 58	25 46	12 57	63 56	34 53	78 51	42 55	28 52	47 47	4 58	69 45	20 46	55 49	67 49	33 52	79 53	57 45	74 58	75 38	59 44	23 50	76 57	86 53	68 49	43 44	50 48	39 51
62 50	23 47	68 40	22 50	72 52	67 45	52 54	25 49	14 58	9 52	17 55	75 52	50 57	53 56	37 48	80 48	86 42	45 55	30 45	6 53	44 44	71 55	33 49	8 53	2 58	55 57	60 41	21 50	12 49	78 58	41 50	13 61	56 48	34 43	20 56	42 48	64 54	46 51	36 54	24 61	65 41	88 53	77 56	58 47	27 52	3 62	15 55	29 50	40 48	82 48	51 60	28 41	31 45	35 50	79 47	85 50	87 50	38 48	26 56	81 52	32 56	63 48	1 54	47 48	49 47	48 41	61 54	16 57	84 39	11 51	69 49	70 56	43 45	10 46	19 52	4 39	18 62	83 42	76 47	57 49	66 52	74 47	39 55	0 50	73 44	5 55	89 49	7 49	59 57	54 53
63 57	30 48	45 51	52 47	78 48	15 48	86 49	66 51	74 45	7 57	44 50	29 38	33 49	4 50	0 51	27 48	2 51	26 60	17 59	70 51	64 47	84 54	49 54	67 55	12 46	57 50	87 55	43 47	50 52	38 55	72 47	65 54	20 57	48 52	69 53	46 60	39 60	11 55	88 44	35 52	59 46	5 57	55 50	32 45	77 47	71 51	79 46	89 50	47 47	3 52	82 57	22 58	1 57	28 56	18 55	41 57	40 48	24 54	21 46	81 53	14 48	58 47	83 55	10 48	51 41	23 49	13 47	36 43	8 56	60 55	68 56	80 48	19 43	9 45	25 56	6 47	75 47	61 53	73 48	34 48	31 47	42 42	56 59	16 49	53 49	62 47	54 55	85 60	37 55	76 53
39 42	68 60	87 49	61 45	76 40	6 48	62 58	13 54	72 43	46 53	4 53	59 49	70 61	21 46	85 49	23 43	56 53	45 52	65 47	74 44	53 47	80 53	5 46	37 46	55 52	24 50	67 58	54 41	44 54	26 52	11 53	30 47	58 44	38 55	29 48	22 53	20 48	12 50	9 50	42 54	15 46	40 55	84 48	77 56	47 42	10 51	33 52	50 57	69 40	34 46	8 57	32 49	28 47	16 45	51 48	75 53	2 56	52 43	49 46	25 53	73 41	3 46	19 51	78 60	71 52	35 60	57 46	66 53	31 45	18 35	0 55	63 53	17 50	83 51	14 52	1 56	79 57	81 52	88 41	7 53	43 46	41 56	89 53	86 53	27 45	48 43	82 57	64 49	60 47	36 48
79 56	48 52	38 50	59 52	2 50	5 50	62 46	69 49	32 48	34 56	41 45	33 54	20 47	87 51	47 45	27 48	80 53	51 49	58 49	57 42	4 54	42 35	71 46	77 55	26 50	73 56	36 49	46 47	60 50	85 57	10 56	23 50	22 36	9 48	81 51	0 53	39 53	84 61	75 48	54 58	3 51	74 48	83 45	56 48	89 48	63 56	13 44	18 53	31 48	88 59	50 58	12 56	55 53	82 48	45 51	49 50	19 50	35 49	86 57	72 50	78 55	64 48	68 46	44 53	66 51	7 50	25 40	37 53	76 39	61 54	40 63	17 54	6 48	29 45	24 53	1 44	67 57	11 46	14 52	70 50	8 50	30 46	43 50	28 48	53 57	16 56	21 53	52 45	65 55	15 48
