100	10
0 52	2 41	1 52	4 43	6 49	3 54	7 42	9 50	8 45	5 58
8 43	5 42	3 50	9 44	1 45	4 50	0 49	6 38	2 52	7 48
3 52	4 49	6 53	8 47	2 57	7 46	5 44	1 49	0 46	9 52
1 38	9 48	0 58	2 40	8 57	5 50	4 50	6 42	3 50	7 41
7 53	8 47	5 57	4 54	0 46	6 47	2 48	3 46	1 47	9 55
1 50	7 53	4 67	8 44	5 42	3 48	6 51	9 58	0 40	2 55
4 49	3 51	0 54	2 42	7 51	5 55	9 60	8 45	6 44	1 45
7 42	3 56	4 44	9 45	0 49	5 52	2 53	8 40	1 46	6 51
2 52	9 55	1 47	0 56	3 40	5 53	8 48	6 44	4 52	7 50
2 52	0 63	6 46	3 53	9 58	8 46	7 42	1 47	4 51	5 58
7 54	4 47	3 53	1 52	2 56	0 55	6 41	8 52	5 51	9 52
6 56	2 52	1 53	7 45	4 50	3 50	9 47	5 50	0 41	8 46
9 40	8 53	6 45	0 46	2 49	7 40	3 46	5 62	1 52	4 48
9 47	4 51	5 50	3 43	6 51	8 52	0 52	2 43	7 44	1 54
8 43	6 50	0 55	9 44	5 45	7 46	2 53	1 63	3 41	4 47
1 39	7 47	8 53	0 53	9 45	4 46	6 51	2 49	5 45	3 47
8 50	0 48	6 55	2 49	1 45	5 47	9 48	7 45	4 48	3 50
6 47	9 53	3 51	4 51	5 51	7 47	2 62	1 51	0 53	8 49
1 48	5 50	9 48	7 56	4 42	2 54	0 56	6 51	3 56	8 54
3 49	0 47	9 43	1 47	4 60	8 50	7 54	2 49	6 51	5 50
9 49	4 50	5 57	0 39	8 57	2 42	6 55	1 57	7 53	3 47
7 58	6 51	8 55	2 54	1 41	5 43	3 57	9 52	0 45	4 54
8 42	4 46	9 53	0 56	2 57	1 53	3 56	6 48	5 56	7 39
9 40	7 48	6 46	4 50	1 47	3 49	5 49	0 49	8 52	2 48
1 46	0 44	9 53	2 58	7 58	5 53	3 47	4 49	8 54	6 44
7 49	3 51	9 54	0 48	5 45	1 58	6 44	8 45	4 61	2 58
4 55	1 44	7 53	9 50	3 45	6 49	8 55	5 42	0 45	2 43
1 52	2 52	5 56	7 36	6 47	8 48	3 44	0 46	4 53	9 48
4 49	5 58	0 44	3 47	9 45	2 53	8 56	1 53	6 42	7 52
8 55	6 51	9 42	5 57	1 56	0 50	2 55	4 50	3 49	7 45
4 40	2 55	7 56	9 49	6 44	8 61	0 47	1 44	5 49	3 56
3 45	4 54	7 49	1 52	8 52	2 53	9 50	5 53	0 51	6 46
8 53	1 52	0 49	7 46	3 49	4 50	6 50	5 43	2 55	9 54
9 43	8 51	3 55	2 48	6 55	4 45	5 47	7 51	1 49	0 49
7 53	0 58	8 51	1 51	3 57	9 51	6 50	5 46	2 54	4 60
0 46	7 52	2 55	4 57	1 49	8 47	5 40	6 48	9 48	3 40
4 53	8 53	9 45	0 44	2 42	1 48	3 50	5 49	7 50	6 43
1 39	4 47	2 49	0 56	9 44	6 44	5 47	7 40	8 46	3 54
5 57	3 53	8 53	9 40	1 51	6 46	2 49	4 53	0 47	7 45
6 50	2 53	3 48	7 56	4 51	1 49	8 53	5 44	0 40	9 45
7 49	9 47	3 54	5 52	0 54	4 44	6 47	8 51	2 51	1 46
6 52	4 51	5 54	8 45	1 39	0 47	2 52	3 57	7 49	9 57
3 51	2 46	6 39	0 50	1 50	4 44	9 41	5 49	8 44	7 47
0 55	1 53	4 50	7 56	2 45	8 53	5 46	6 56	9 50	3 47
1 52	0 51	9 50	3 44	4 50	5 53	2 49	6 55	7 60	8 51
4 44	2 53	5 50	1 52	3 43	8 50	9 51	0 55	6 39	7 55
0 50	1 55	8 52	4 56	3 52	6 56	5 54	7 48	9 48	2 48
8 56	2 49	1 54	9 55	6 54	5 54	4 52	7 47	3 54	0 53
7 52	2 59	4 49	3 47	1 55	8 52	5 53	0 57	6 37	9 48
9 45	7 54	4 44	3 34	5 50	8 50	0 54	1 44	2 47	6 50
8 51	9 47	2 58	3 41	0 52	5 55	7 51	1 53	6 54	4 42
7 54	5 45	1 51	2 54	3 49	8 51	6 49	9 47	0 53	4 54
2 54	9 54	1 57	4 53	0 53	6 56	3 55	7 49	8 59	5 57
4 42	2 53	1 42	9 47	0 48	7 49	6 47	3 53	5 53	8 47
2 54	9 48	6 48	3 51	0 43	4 48	8 52	1 54	5 46	7 51
5 44	9 56	4 42	1 50	0 54	3 41	7 52	8 45	6 45	2 58
5 35	9 43	4 45	1 54	3 41	2 49	8 45	0 51	7 44	6 52
1 46	8 42	0 53	2 54	7 54	4 46	9 48	6 51	3 48	5 50
3 49	5 51	7 53	1 42	9 49	0 51	2 47	8 44	6 44	4 55
3 56	9 34	0 56	6 52	8 54	1 54	2 52	5 44	4 52	7 45
3 52	1 54	4 50	5 44	2 55	0 64	9 48	6 45	7 42	8 46
6 55	0 52	4 51	7 46	9 46	1 58	8 45	5 52	3 55	2 48
5 54	0 46	9 55	2 48	3 48	4 55	8 56	7 51	1 53	6 55
0 48	1 54	4 58	7 42	8 56	3 51	9 50	2 61	5 55	6 45
5 52	4 43	3 57	2 46	9 53	6 46	7 47	1 52	0 53	8 42
8 55	4 42	5 53	0 53	6 51	2 50	9 51	1 56	3 51	7 45
0 49	8 43	3 50	5 49	1 51	9 41	4 52	7 51	2 53	6 47
4 42	7 46	6 53	1 37	0 56	8 49	3 55	2 47	5 51	9 41
8 47	0 52	2 45	3 54	6 56	7 43	1 46	5 51	4 43	9 52
1 34	4 56	8 43	6 52	9 48	0 37	5 44	3 51	2 48	7 54
5 53	1 54	0 53	4 53	7 42	8 49	3 51	9 47	6 49	2 54
7 39	6 58	3 54	0 43	5 43	9 50	2 49	4 47	8 53	1 50
2 50	4 43	6 49	5 47	7 53	8 51	9 54	3 45	1 55	0 54
2 40	8 50	6 55	7 49	0 46	5 50	9 48	1 45	4 49	3 42
9 57	5 48	0 43	6 43	7 52	1 44	3 51	2 51	8 54	4 47
9 53	6 47	5 56	1 48	4 46	7 40	3 48	8 54	2 42	0 54
1 56	6 43	3 48	5 52	0 49	9 52	8 61	2 53	4 45	7 60
3 46	4 55	8 51	0 54	9 49	6 54	7 56	2 45	1 59	5 56
9 50	2 49	7 45	3 55	0 58	4 53	1 54	5 45	8 53	6 49
2 62	5 49	7 48	8 48	6 54	0 54	9 56	1 57	4 61	3 49
9 42	0 47	5 45	7 47	6 60	1 46	4 42	2 54	8 46	3 50
9 50	8 50	6 57	4 56	2 52	7 44	5 45	0 57	3 46	1 48
7 49	2 51	8 45	3 51	5 61	9 44	6 51	0 51	4 57	1 54
6 50	3 44	9 52	5 56	2 43	7 49	8 66	4 62	1 43	0 50
9 53	7 61	1 44	6 47	5 48	3 45	8 46	0 49	2 50	4 46
8 54	2 48	0 52	5 61	9 48	7 45	6 47	4 53	1 44	3 51
2 47	8 50	7 49	0 52	5 49	4 47	3 50	9 47	1 56	6 57
8 46	1 41	2 47	5 53	6 49	0 42	9 54	4 57	3 45	7 52
7 50	6 56	8 51	4 47	9 47	2 43	0 52	1 51	5 53	3 49
1 59	8 54	2 51	5 51	0 54	7 42	6 49	4 51	3 45	9 60
2 43	9 54	3 50	1 61	4 57	7 54	8 52	6 43	0 55	5 51
4 46	3 50	6 41	0 47	9 54	1 51	8 48	7 47	5 54	2 49
6 55	0 58	4 42	3 43	7 44	9 49	1 50	5 53	2 52	8 51
5 56	2 44	0 46	8 56	7 51	6 48	1 54	3 58	4 58	9 55
8 51	5 53	1 41	2 41	3 52	4 58	7 51	9 42	6 48	0 47
0 43	7 57	8 54	6 51	9 49	2 51	3 43	5 50	4 51	1 52
3 49	0 54	9 49	7 50	8 48	2 43	5 50	4 51	6 44	1 50
2 45	7 44	4 49	6 36	9 48	8 47	5 42	1 56	0 42	3 53
3 55	0 55	4 52	9 46	2 41	1 50	6 49	5 52	8 45	7 48
3 55	5 55	7 56	6 61	8 51	2 56	9 44	0 48	1 59	4 40
