100	70
6 57	29 52	2 56	8 52	31 46	20 54	40 54	12 46	16 55	46 44	5 43	67 55	34 49	14 55	65 55	0 51	30 55	49 54	61 50	9 44	55 58	51 50	68 50	3 46	13 44	7 42	37 62	60 43	11 40	35 43	53 48	63 58	17 46	47 44	18 52	1 49	45 56	48 49	42 50	54 53	59 49	43 48	36 43	27 43	25 46	44 52	52 45	32 46	39 48	22 49	62 60	69 50	66 46	24 45	50 57	23 54	4 57	58 45	41 51	21 50	15 43	33 57	10 54	19 51	64 47	28 46	57 40	38 55	26 58	56 55
37 55	29 53	63 46	65 50	10 59	55 48	3 44	47 55	26 52	51 50	58 47	27 53	44 56	4 58	54 59	21 47	53 59	33 42	23 48	34 60	67 54	68 60	0 49	43 43	7 53	41 55	39 58	36 48	25 55	50 55	22 50	60 41	1 56	24 49	28 52	9 51	64 54	15 47	46 52	69 40	16 47	61 58	6 40	59 47	19 53	66 47	31 52	18 54	2 56	56 44	32 45	52 53	35 53	13 58	20 57	45 45	11 54	42 50	49 49	30 47	40 51	62 55	48 51	12 52	57 50	8 54	38 52	5 45	17 52	14 51
46 56	55 53	66 51	3 55	41 44	18 56	7 47	52 59	47 54	57 43	32 57	20 50	49 42	21 48	6 48	2 48	67 60	36 48	0 51	1 57	62 55	8 53	37 48	64 45	63 55	22 54	51 47	29 54	5 57	56 41	4 52	9 60	24 52	35 55	23 51	25 54	69 57	17 60	60 48	45 49	19 56	30 40	44 51	15 51	34 41	13 52	11 47	26 49	54 52	28 46	61 54	31 42	48 51	65 51	12 50	38 49	16 54	33 53	58 49	27 47	40 55	68 38	50 51	59 48	10 48	42 47	14 56	53 44	43 60	39 53
44 51	7 52	37 58	46 48	62 52	56 48	31 54	0 61	34 49	48 48	9 54	12 48	11 59	21 41	66 52	27 52	35 52	38 44	40 54	17 51	24 43	5 43	53 54	58 51	15 44	60 49	41 50	23 47	68 52	59 53	69 38	45 56	29 57	32 50	50 42	20 47	4 52	55 56	42 46	18 48	19 53	14 50	63 47	51 55	8 51	10 46	47 52	25 54	36 61	64 54	13 60	57 49	1 54	33 49	28 52	54 52	67 51	52 53	3 53	65 52	39 60	43 44	61 56	49 42	30 50	22 42	2 40	26 50	16 48	6 54
11 46	7 44	14 46	3 44	53 39	31 41	45 43	37 45	61 39	9 56	54 45	58 48	48 45	46 53	69 47	5 55	39 49	35 49	29 52	36 46	38 50	2 48	22 47	15 49	47 41	21 57	40 51	50 49	64 43	18 54	68 43	59 54	57 54	55 41	67 53	8 47	49 58	52 42	25 52	19 52	44 44	1 49	4 44	51 46	28 54	16 48	34 48	32 53	60 52	0 52	17 42	56 51	43 55	23 53	27 53	42 58	13 45	30 51	33 49	66 49	65 36	20 50	41 57	24 58	12 43	10 57	62 48	63 46	26 45	6 45
63 48	32 52	17 55	13 53	67 53	35 49	10 55	53 46	7 43	3 58	66 58	18 48	12 48	8 57	0 48	6 60	25 49	21 57	30 53	34 51	19 55	64 49	29 50	52 58	9 52	33 51	59 50	2 50	22 47	38 44	57 58	49 52	31 50	50 40	46 46	14 54	23 55	20 47	60 56	43 48	58 64	37 48	68 45	24 49	15 53	36 48	47 49	26 55	56 48	1 52	48 48	4 53	44 47	51 49	45 53	27 52	39 48	42 53	65 46	16 50	54 44	40 57	11 49	28 54	41 49	62 42	5 54	61 53	69 53	55 45
11 40	27 46	53 50	12 41	30 47	46 53	67 41	5 50	33 51	15 56	41 49	10 50	65 59	54 51	60 51	0 51	14 53	48 48	68 54	56 41	23 46	69 40	40 48	4 40	37 50	43 50	21 50	39 44	22 50	58 54	20 52	8 49	49 44	32 56	35 53	19 48	62 49	24 48	3 51	9 47	64 49	42 52	28 57	50 50	45 44	7 48	66 50	55 48	59 50	16 56	63 54	1 54	36 50	31 49	57 56	2 43	29 52	34 42	18 50	6 52	47 46	38 45	17 46	13 52	51 43	61 49	26 48	44 50	25 55	52 50
55 43	40 47	28 57	25 53	59 52	18 55	9 44	63 46	69 47	49 45	62 50	6 49	13 42	31 51	43 47	19 49	22 49	14 48	56 52	42 32	61 49	11 52	21 50	53 49	30 56	3 62	17 55	38 50	47 48	39 46	54 47	0 50	41 60	33 48	32 45	5 48	65 46	7 49	23 53	4 58	8 49	35 56	29 47	2 47	37 49	57 45	34 50	60 56	58 43	1 47	15 47	64 60	50 56	46 54	12 56	52 62	51 55	24 54	68 52	10 56	27 50	48 52	44 46	36 52	45 48	16 57	66 41	67 57	26 50	20 52
4 49	55 44	44 52	43 45	11 56	29 50	69 46	12 49	7 51	56 45	53 57	14 49	54 49	20 54	22 43	27 49	6 54	19 47	49 52	36 42	31 52	24 44	23 53	0 52	30 50	40 49	64 54	37 53	9 45	16 39	47 47	32 56	38 52	48 41	13 40	17 49	1 53	15 62	2 54	3 64	26 37	42 53	8 50	41 49	68 56	63 49	33 49	62 47	25 52	59 54	65 47	66 54	35 46	10 53	28 58	18 50	61 53	21 58	5 51	45 49	50 44	39 54	46 57	57 44	58 44	51 49	60 48	52 46	67 54	34 50
9 49	12 47	53 55	16 52	11 51	67 41	38 44	3 45	41 50	17 51	31 51	50 50	19 44	34 53	58 44	69 54	49 47	55 45	1 57	65 51	8 54	21 50	29 47	40 49	4 56	44 48	56 50	36 52	0 54	15 52	43 44	52 56	60 49	59 43	5 49	18 44	64 56	51 53	10 59	46 53	63 47	42 46	28 49	6 55	22 46	47 48	7 50	57 47	62 61	26 48	37 47	33 41	32 55	2 54	30 36	39 45	23 48	14 51	45 48	48 58	24 53	25 39	35 55	20 51	66 48	27 50	13 52	61 50	54 51	68 46
9 51	39 47	69 46	68 53	13 48	26 57	17 50	34 50	2 43	45 49	23 45	62 47	61 55	30 54	7 50	25 48	35 60	15 46	27 47	44 45	67 48	60 48	21 54	6 48	54 49	38 55	8 54	28 56	12 45	49 56	31 47	19 54	22 51	46 45	42 52	53 45	10 46	1 47	48 48	33 51	59 40	65 44	24 38	58 54	14 49	51 41	50 47	32 52	55 55	47 44	20 50	57 61	36 44	63 62	52 54	37 50	56 53	64 51	11 52	0 47	40 49	18 44	4 54	66 39	43 48	5 51	41 52	3 62	29 55	16 49
35 48	14 52	25 50	69 49	16 55	21 49	56 55	10 50	65 51	30 46	6 56	8 48	33 56	61 41	62 51	37 46	13 59	3 54	1 49	42 55	46 44	22 49	58 42	66 58	41 51	51 47	67 45	57 49	50 49	34 46	68 49	18 44	20 46	64 47	23 49	38 47	39 57	49 53	29 48	43 51	4 54	26 55	0 36	19 57	44 48	40 49	48 53	59 42	52 47	47 49	15 49	12 49	28 44	24 51	9 50	7 49	27 50	32 40	63 54	54 54	60 51	36 50	55 53	17 55	45 44	31 54	11 61	2 49	53 40	5 53
34 47	5 52	42 48	28 46	16 53	17 46	18 54	48 49	45 49	7 53	27 56	37 46	60 53	50 51	26 45	69 41	20 51	40 55	33 66	3 56	32 37	19 54	56 53	1 47	0 47	59 48	51 48	55 47	44 56	54 45	25 48	49 51	43 46	10 54	24 54	38 50	53 41	12 51	35 52	68 50	6 42	29 56	21 46	46 46	23 52	2 55	4 54	13 50	41 50	52 54	62 62	66 56	9 52	61 52	15 48	30 55	39 43	8 53	11 44	31 58	22 50	67 58	63 45	36 53	64 60	14 50	65 54	58 43	47 49	57 49
56 47	64 46	27 53	15 48	41 49	3 46	47 56	1 48	4 53	36 55	17 53	48 60	66 44	11 53	9 54	40 48	6 57	58 41	55 51	28 44	12 55	2 52	29 52	20 46	57 52	25 54	18 50	14 43	53 52	30 46	65 44	62 51	21 54	43 48	24 41	69 46	31 52	68 44	5 48	10 40	61 51	46 52	19 52	13 53	22 57	7 42	0 54	45 45	63 46	16 43	51 49	54 48	33 43	49 45	38 54	44 53	34 53	35 52	37 63	50 52	39 49	32 45	26 50	59 61	42 56	67 51	60 51	52 51	8 50	23 45
55 43	12 44	33 44	9 55	63 46	22 49	34 52	54 51	18 47	62 43	61 48	29 48	28 53	8 53	42 53	67 51	52 52	45 55	16 54	21 58	13 53	51 56	57 51	31 54	68 43	14 46	60 49	37 51	19 51	41 55	39 49	69 45	48 49	5 49	59 54	4 47	26 33	38 41	27 55	47 58	36 55	32 51	1 54	49 52	65 61	58 55	35 57	30 51	23 50	6 53	44 50	56 55	25 47	66 54	15 53	11 48	2 53	17 47	0 53	24 44	3 44	64 58	43 51	20 53	53 51	46 51	40 58	50 49	7 53	10 60
38 48	11 39	30 52	69 45	23 55	7 50	33 51	53 50	12 50	20 56	67 56	46 44	37 48	27 43	41 46	64 53	36 60	44 61	22 51	6 53	39 52	43 49	61 55	2 57	4 56	42 50	48 54	51 51	0 51	56 45	62 53	15 51	57 50	49 58	26 51	3 52	1 46	68 41	45 53	18 59	54 49	14 45	19 58	10 51	24 50	29 46	65 48	8 50	5 49	21 52	66 43	63 55	52 49	13 44	50 44	25 53	35 47	60 50	16 59	31 58	34 52	32 52	40 42	55 55	59 50	9 46	28 46	17 53	58 54	47 44
62 48	27 59	25 49	13 55	49 54	61 54	10 59	53 57	50 47	31 48	24 50	29 48	44 53	16 50	38 51	4 46	1 41	46 57	6 51	63 49	33 53	23 49	20 50	58 55	34 50	3 51	40 44	11 48	8 41	21 52	66 51	5 52	36 52	19 43	39 51	22 58	14 45	68 55	65 54	56 48	67 61	69 54	64 48	48 57	60 42	35 47	45 50	43 40	18 42	54 51	0 51	2 51	57 56	37 53	15 45	41 48	51 44	17 50	52 63	26 52	7 52	55 50	30 52	47 55	12 48	59 46	32 51	28 43	9 49	42 53
21 49	62 41	63 57	7 57	33 44	64 44	61 51	51 53	14 52	67 49	45 54	65 60	42 50	59 46	5 48	66 51	8 52	49 56	19 44	57 48	30 51	48 53	37 46	69 45	31 54	60 44	6 45	16 54	0 51	25 58	26 53	55 49	24 55	47 41	28 40	40 50	34 51	10 45	35 50	38 52	15 42	43 52	23 52	12 49	2 44	1 52	27 48	20 57	3 51	32 48	54 51	53 43	52 57	44 51	4 51	13 48	68 55	29 50	22 54	11 40	58 51	18 58	41 51	36 58	56 55	39 63	9 56	17 52	46 47	50 47
15 45	61 47	1 44	4 56	19 53	17 47	65 55	3 46	33 57	21 59	20 44	58 46	52 48	8 53	40 47	26 45	44 46	45 44	67 44	0 53	54 49	30 52	9 48	12 53	69 55	62 52	39 55	64 55	35 50	13 58	10 58	42 52	31 46	60 47	32 43	34 41	2 49	48 45	50 38	49 44	56 60	22 47	23 49	57 63	41 40	11 43	43 44	25 46	16 53	53 46	24 42	66 50	14 51	47 50	28 54	63 58	59 51	46 51	29 45	68 49	37 52	51 53	6 50	38 58	55 54	18 43	27 49	7 52	5 47	36 50
52 53	55 45	46 58	6 55	53 56	17 60	10 41	30 42	63 47	8 48	29 37	1 50	58 50	51 50	32 55	39 59	69 52	35 45	25 48	3 59	67 56	60 42	16 46	27 56	5 47	49 50	61 53	47 50	23 54	9 64	33 52	20 55	57 57	24 53	48 50	26 41	62 48	36 48	43 53	13 51	66 49	7 50	38 52	65 55	44 49	42 56	12 55	37 54	34 49	22 57	18 50	4 50	40 57	50 45	0 47	41 55	2 47	54 50	11 50	45 41	64 54	15 42	14 44	56 46	21 50	31 50	68 48	59 46	19 44	28 52
16 52	2 58	21 47	44 48	60 55	63 44	19 45	43 48	42 50	26 44	32 59	1 50	69 53	0 45	62 52	31 51	24 48	49 48	61 46	59 51	64 49	39 52	40 49	9 45	4 47	11 58	51 44	52 46	48 56	29 46	58 51	54 49	65 50	56 53	30 49	20 41	53 43	34 44	6 46	41 49	36 52	28 53	47 45	17 46	37 50	67 48	25 48	18 51	55 52	8 44	50 48	23 51	35 50	7 48	46 58	68 52	15 55	5 39	22 43	33 52	57 53	14 51	27 57	10 52	38 54	3 50	66 48	45 45	12 50	13 51
39 55	44 47	46 46	42 46	24 49	37 45	8 46	3 57	35 46	1 63	22 51	38 51	33 49	21 50	60 47	27 46	55 48	15 51	53 44	28 48	68 41	41 51	45 52	64 54	12 51	48 48	16 53	20 54	40 48	2 48	63 47	65 47	5 41	30 56	11 55	51 48	0 48	13 49	17 55	23 48	47 40	67 56	18 46	61 58	56 55	59 47	52 46	34 54	32 52	54 54	66 53	50 44	36 53	58 44	43 51	10 49	31 43	7 48	26 55	62 51	9 45	57 40	14 50	6 50	19 47	29 48	25 50	49 45	69 54	4 49
40 57	37 46	28 56	65 46	6 52	29 54	15 53	35 49	48 40	68 51	63 57	45 50	57 42	32 54	69 47	33 53	59 44	31 47	47 47	54 47	51 51	49 47	25 48	56 57	43 50	67 44	50 48	9 49	11 67	61 51	0 52	55 43	13 40	42 51	24 51	66 65	17 54	52 44	34 50	64 43	30 45	7 48	27 51	3 44	19 57	21 48	41 46	22 46	16 48	53 53	44 51	26 48	12 56	39 60	20 37	60 51	62 53	46 50	8 42	36 58	14 54	10 53	18 49	5 42	1 50	58 53	38 54	23 39	2 41	4 47
39 47	65 45	43 44	44 56	60 51	61 49	29 55	35 46	47 50	64 49	45 52	63 49	31 49	57 48	6 53	68 50	25 44	67 51	16 59	62 48	53 46	58 45	41 50	4 58	19 56	1 51	26 44	20 54	59 55	66 55	5 56	48 49	10 48	2 52	28 57	9 50	33 45	36 48	32 53	54 51	22 49	18 49	46 55	49 51	3 57	0 49	12 45	24 62	21 48	42 52	15 51	34 48	50 53	30 64	55 58	7 45	11 47	40 46	52 47	56 54	69 46	27 55	13 59	17 56	8 53	14 54	37 54	23 52	51 45	38 52
54 46	10 51	41 52	53 46	40 58	28 52	3 54	48 49	39 56	60 54	19 53	21 56	63 49	46 53	16 55	42 50	38 48	12 59	69 52	64 52	15 61	67 56	24 50	11 53	17 47	59 48	8 52	22 55	31 47	34 54	37 50	55 44	49 47	45 47	32 48	52 42	51 57	26 53	7 53	66 53	9 51	43 55	18 55	2 53	36 46	65 49	5 44	58 61	44 46	56 46	29 51	25 47	62 44	20 40	13 51	1 54	0 48	4 50	23 47	61 54	6 50	47 47	35 53	27 55	30 53	68 41	14 45	50 56	57 42	33 50
1 50	37 51	3 53	0 47	27 51	58 52	8 51	17 51	2 45	22 50	69 51	14 46	54 47	43 42	30 53	60 51	52 40	57 50	51 55	32 50	19 55	67 50	4 45	56 49	61 47	20 43	40 50	46 42	63 46	33 52	34 55	48 44	9 42	31 50	25 53	66 50	24 42	68 54	50 42	65 48	35 57	21 44	7 54	16 50	38 44	59 49	23 50	49 57	62 49	45 49	55 62	42 44	26 40	6 49	5 47	11 53	47 48	39 53	15 51	53 53	44 54	36 48	13 53	64 49	41 58	12 45	18 39	28 46	10 50	29 51
37 45	45 53	33 51	60 48	22 48	19 56	23 49	26 49	31 58	61 48	47 43	55 53	48 48	1 45	63 44	53 55	4 51	64 54	43 56	30 54	28 47	18 49	20 52	3 44	59 50	7 47	32 44	8 49	36 49	65 49	10 46	57 46	66 52	69 54	39 50	50 46	11 53	41 45	2 54	62 48	38 49	51 53	68 50	21 53	14 44	17 57	12 53	56 46	16 48	0 52	13 52	44 58	15 49	67 54	58 53	34 50	27 39	35 51	29 45	6 43	52 44	5 42	40 54	24 50	46 53	9 54	49 55	54 56	25 43	42 55
35 48	51 52	12 43	67 53	66 45	26 41	7 51	15 46	40 43	13 40	1 48	47 43	62 51	56 44	23 50	69 51	63 57	45 46	36 43	30 54	55 44	19 57	17 51	29 54	5 51	18 44	42 50	21 42	14 57	52 56	64 52	38 61	57 51	28 56	33 48	11 46	60 53	43 45	46 37	10 53	39 56	61 45	50 56	8 48	27 50	32 49	34 53	48 51	2 50	6 48	0 47	54 55	59 40	31 49	24 51	53 49	58 43	4 52	68 46	3 56	37 49	9 56	49 46	65 47	25 51	16 49	41 46	44 47	20 53	22 59
43 43	44 52	24 46	69 44	1 39	33 49	3 55	40 44	61 54	0 46	18 53	62 47	64 52	68 41	31 49	41 51	47 53	30 56	36 57	29 51	60 52	45 50	51 54	42 58	49 51	14 50	25 54	46 47	59 57	38 50	66 59	28 48	13 50	2 55	65 51	12 50	27 46	56 55	17 54	7 45	53 60	57 52	21 56	10 41	9 60	4 49	37 57	22 53	16 52	20 48	6 54	19 52	63 54	35 56	67 49	8 54	32 46	26 51	11 44	55 36	15 47	39 49	52 53	58 51	48 49	34 46	54 51	23 51	5 44	50 53
30 51	22 52	19 49	68 53	50 50	23 48	28 43	6 56	52 52	39 48	66 53	49 43	51 49	45 52	27 51	5 49	17 53	65 46	3 52	33 60	1 49	14 44	35 47	48 47	24 38	31 65	7 47	64 51	47 47	40 55	12 56	54 57	44 48	32 51	11 52	4 53	63 64	18 50	9 52	67 52	53 52	34 48	8 53	16 54	26 48	10 48	37 46	62 42	46 49	55 61	36 54	57 50	21 54	43 37	25 57	56 46	13 50	38 55	69 50	15 43	59 45	58 39	61 53	29 46	60 47	42 43	41 50	2 47	0 54	20 46
29 57	2 52	39 47	20 53	7 53	0 52	43 45	61 39	35 46	21 56	63 57	64 50	68 46	51 49	44 58	57 55	5 46	52 45	31 45	54 48	10 49	34 44	41 49	40 47	49 45	30 55	18 53	48 57	16 55	25 52	62 42	46 40	13 64	15 52	23 40	67 53	14 60	42 51	24 44	47 56	65 46	59 48	33 56	37 41	22 51	60 47	69 56	6 43	36 58	3 48	19 45	45 49	26 42	53 62	1 47	58 56	55 44	8 53	66 40	28 46	27 52	17 50	50 47	32 51	12 48	9 54	11 56	4 54	38 51	56 59
39 48	63 52	59 55	12 49	16 47	15 50	27 48	18 52	29 48	42 44	49 43	13 54	52 55	38 45	4 53	21 54	68 46	6 43	30 41	36 50	58 44	35 42	23 52	11 43	19 46	25 61	26 46	69 45	22 44	43 44	47 52	54 49	9 48	7 52	28 57	46 50	51 51	65 58	66 49	20 56	32 48	14 45	45 48	31 45	61 59	55 54	37 56	17 46	24 44	56 52	8 55	5 51	40 61	0 44	34 50	1 45	67 52	60 59	50 57	41 49	10 49	44 42	2 47	53 56	64 50	48 53	57 52	3 39	62 48	33 49
54 46	39 52	32 52	13 49	21 48	38 51	34 50	55 48	17 49	45 49	7 45	36 42	44 57	43 50	47 47	28 53	41 55	31 47	19 52	64 50	10 48	57 46	42 49	51 56	35 52	1 43	15 49	69 52	30 52	37 59	14 53	12 52	0 45	61 57	63 50	60 49	20 50	26 50	16 51	59 59	22 38	49 52	24 47	3 50	9 55	18 54	67 47	2 60	11 49	48 52	29 56	46 48	8 41	40 47	33 47	66 49	4 50	62 47	6 55	5 44	27 53	52 43	68 50	53 55	65 54	50 45	58 52	25 47	23 53	56 50
28 53	3 40	23 51	31 48	1 56	66 52	11 50	40 37	52 50	47 43	19 45	34 53	21 48	15 53	56 57	14 45	37 58	6 46	8 47	42 50	61 50	36 45	67 54	29 51	9 44	41 57	13 52	58 49	4 57	24 42	44 54	68 62	57 51	64 52	27 46	50 55	49 47	12 47	65 52	35 42	5 50	43 47	33 63	59 56	25 54	26 49	18 53	60 46	17 47	20 45	10 50	39 43	32 45	55 45	69 53	0 48	54 59	48 49	46 42	30 50	63 49	22 57	16 51	2 46	38 55	53 46	51 44	45 50	62 53	7 52
58 53	17 50	57 51	25 55	39 49	61 52	10 38	51 44	8 51	46 56	60 56	35 44	66 54	53 52	9 46	15 53	12 43	26 55	22 53	16 56	31 49	34 59	63 48	43 40	3 47	69 53	62 49	14 46	44 53	18 49	48 55	23 45	6 53	13 55	40 52	37 54	27 58	11 50	7 49	41 44	45 52	68 45	65 49	1 46	29 48	20 53	56 40	32 50	24 52	67 44	50 56	59 50	47 48	52 56	38 52	54 53	21 49	33 51	2 51	42 47	4 43	28 55	64 43	30 50	0 43	5 49	19 49	55 46	36 58	49 54
29 54	63 43	54 45	5 44	52 45	64 50	43 42	49 48	32 49	6 55	12 45	8 50	41 52	60 49	62 58	1 53	58 48	19 44	69 52	18 49	28 54	44 46	2 49	16 51	7 50	37 52	42 56	17 48	34 57	10 45	68 53	38 50	23 45	48 47	61 63	33 48	56 52	59 44	50 54	24 47	66 44	45 52	3 46	30 51	35 52	27 50	9 44	4 54	0 53	40 52	15 51	21 42	67 53	57 54	11 56	20 58	13 52	22 51	14 59	31 46	53 41	39 50	55 52	25 50	26 41	51 44	36 50	47 58	46 51	65 56
2 52	4 52	69 45	0 53	36 52	61 56	25 50	44 58	27 52	38 41	30 56	33 44	23 42	1 59	6 51	10 58	41 44	53 48	16 50	57 51	47 54	34 61	43 53	5 51	9 61	49 52	8 46	46 51	58 45	19 53	39 47	28 49	22 42	24 51	17 41	52 52	37 46	45 48	55 44	11 51	42 45	51 45	62 51	59 43	32 44	13 52	26 50	56 54	12 57	31 44	35 53	63 48	65 44	29 61	67 51	64 51	7 54	18 47	14 53	54 54	48 55	68 46	20 58	21 51	50 54	15 59	40 59	3 60	66 53	60 49
38 50	42 56	24 45	8 58	27 46	66 50	49 42	51 49	41 45	52 44	44 50	13 41	15 51	57 52	48 41	59 54	61 45	18 56	69 50	31 55	64 47	60 52	19 46	9 49	30 51	58 50	55 48	21 49	2 47	5 44	20 54	6 47	29 58	4 54	67 51	50 41	45 52	54 44	16 43	53 60	3 58	14 52	33 49	63 48	46 46	11 45	12 54	7 55	47 45	0 40	17 57	62 43	37 57	22 53	10 50	56 49	39 47	68 55	28 49	36 43	26 49	1 52	25 46	65 53	35 52	40 48	43 50	23 57	34 52	32 54
4 48	24 47	37 47	49 48	55 49	43 51	5 52	22 51	12 47	31 45	64 45	67 49	11 49	57 56	42 47	1 56	8 52	2 44	21 56	7 52	23 49	52 58	46 44	25 59	36 56	56 47	19 49	66 51	39 43	13 54	18 53	0 50	47 56	17 43	16 52	35 52	14 51	41 44	48 50	34 57	9 59	29 45	51 49	40 42	28 45	54 43	50 54	68 53	53 51	69 54	26 60	59 47	45 44	27 50	3 44	58 50	38 47	20 48	65 50	15 52	32 45	30 52	44 51	33 53	6 48	61 60	63 41	60 48	10 46	62 52
22 41	49 50	61 50	43 49	10 47	21 45	69 46	28 49	47 44	9 44	68 53	17 45	14 49	31 49	44 52	67 51	64 53	6 47	8 55	51 42	12 41	16 51	42 46	65 49	40 40	48 54	37 50	66 55	11 54	32 53	5 53	33 44	38 46	2 45	35 49	34 55	46 48	58 55	25 44	56 48	57 43	26 48	36 55	27 49	52 49	1 51	7 43	53 60	62 55	60 48	18 43	4 47	3 56	23 45	13 49	55 44	59 61	19 48	39 54	50 47	54 55	0 43	24 42	41 43	15 58	29 54	20 45	63 45	45 58	30 55
33 41	66 58	12 49	56 55	23 58	61 56	45 55	15 45	68 45	52 46	42 58	28 61	46 49	43 64	26 49	10 53	6 57	67 52	2 49	47 55	13 53	64 43	38 48	69 51	62 48	5 52	55 39	1 46	50 53	22 55	25 45	18 51	21 48	57 47	54 55	44 43	60 55	7 50	39 51	19 61	49 53	48 44	24 60	41 49	40 40	14 58	53 45	34 53	59 49	36 48	32 51	11 39	27 54	17 41	63 53	0 45	37 52	29 49	35 48	9 46	51 46	3 54	4 46	58 48	30 46	8 50	31 44	20 51	65 46	16 56
17 48	6 44	51 52	60 47	65 56	0 45	52 55	42 53	46 52	12 47	20 56	43 51	41 62	14 46	24 47	58 54	45 48	10 50	33 50	21 53	18 51	54 44	48 51	19 50	62 55	37 49	8 49	11 52	31 52	56 48	28 50	63 49	7 40	61 52	35 45	59 48	9 53	55 61	66 58	44 53	22 54	5 58	1 52	2 54	47 55	40 52	4 50	26 42	67 48	32 48	34 54	15 51	36 52	16 47	38 52	64 46	30 54	50 61	49 50	25 55	69 60	3 46	23 43	68 50	57 59	13 45	27 49	29 44	53 54	39 44
60 50	68 47	34 49	32 46	10 47	21 52	69 53	51 53	44 58	12 51	15 51	27 55	1 53	25 58	62 51	45 42	14 57	56 52	5 51	48 56	46 57	29 49	61 43	7 55	63 44	23 50	42 50	36 49	24 48	20 52	16 55	30 53	4 52	2 49	13 50	67 45	41 49	33 46	19 46	18 47	26 48	8 59	6 40	39 53	54 60	28 55	57 57	35 51	38 52	66 49	59 46	37 47	9 58	58 47	17 48	31 46	50 51	40 54	22 57	0 46	47 53	65 50	3 50	53 41	43 50	11 53	55 51	52 56	49 53	64 50
36 51	46 46	8 51	10 61	19 51	49 55	64 47	20 54	32 55	43 45	52 45	31 53	48 50	51 43	23 47	63 54	27 49	5 51	55 56	2 46	50 49	68 54	65 57	42 50	66 56	0 54	30 44	59 58	61 46	4 48	25 54	58 48	13 58	24 51	17 41	69 45	54 51	18 54	67 53	16 54	12 48	33 44	22 49	34 46	29 43	28 50	41 50	53 50	35 47	47 44	7 51	60 45	3 53	14 57	26 47	44 45	1 52	11 55	21 53	56 60	62 51	6 55	39 52	38 54	40 46	57 42	37 46	15 45	45 46	9 44
41 60	0 44	49 47	39 56	66 47	13 45	51 49	27 37	20 50	28 45	18 46	35 54	38 50	58 52	29 44	16 39	32 54	56 55	48 58	11 54	5 49	10 53	23 55	68 52	21 53	37 57	34 57	46 50	15 48	57 61	12 52	30 53	8 53	59 48	53 63	45 41	25 53	3 55	63 45	55 50	36 49	54 57	62 56	43 51	67 55	31 51	17 51	24 47	7 48	64 50	22 59	6 57	50 48	26 50	65 48	2 45	60 60	40 36	42 48	61 50	47 48	14 55	52 47	4 44	9 43	19 53	33 51	69 51	1 53	44 50
17 43	10 51	51 52	41 45	29 52	37 49	18 53	39 44	22 54	67 46	46 60	21 46	53 53	12 49	61 51	32 52	54 47	56 49	49 53	27 56	19 55	6 46	68 55	42 47	60 47	50 47	11 53	48 54	15 59	20 54	30 54	25 55	33 50	66 53	34 54	65 52	40 49	28 46	62 45	16 60	69 48	26 52	35 54	57 43	31 52	23 59	2 50	55 53	52 43	13 57	3 53	45 46	38 55	64 50	47 52	44 47	59 48	5 46	9 52	58 51	14 50	24 57	4 48	8 52	7 50	1 51	36 43	43 57	63 48	0 44
65 51	46 42	64 48	40 65	11 43	59 48	13 56	55 45	48 49	56 49	1 41	10 58	5 49	50 42	18 44	32 37	36 46	31 49	28 53	39 53	29 46	23 51	51 51	43 47	8 48	38 46	53 40	60 48	16 51	52 47	58 45	67 42	44 51	9 50	19 54	63 52	17 53	0 44	42 51	25 38	35 50	7 58	20 51	3 48	62 39	34 45	4 49	57 42	41 52	24 48	21 49	22 54	15 44	68 46	33 53	14 49	12 49	66 50	27 55	47 45	49 54	37 56	2 48	54 48	45 49	6 50	30 42	61 49	69 40	26 49
50 45	30 46	59 50	16 50	57 55	49 41	51 46	37 44	60 49	69 54	6 42	46 42	42 47	27 51	15 45	54 52	23 40	18 47	43 53	11 46	26 47	19 46	56 51	39 47	34 49	13 52	25 46	7 48	45 56	32 42	62 52	47 51	9 42	53 48	52 51	48 54	68 50	4 44	55 55	2 54	10 54	58 51	8 44	41 51	17 50	36 46	64 45	5 54	63 57	1 45	28 44	40 51	66 55	31 49	67 49	22 52	12 51	29 48	0 49	65 53	33 58	38 47	44 46	20 48	3 49	24 49	21 55	35 46	61 56	14 49
3 50	22 57	56 49	40 44	59 49	18 49	24 56	48 54	67 46	44 53	14 48	53 47	47 58	55 51	12 57	25 53	60 53	65 47	46 43	26 46	36 48	20 57	7 42	31 59	49 46	63 43	32 47	23 59	57 49	68 51	28 54	11 48	66 58	50 56	62 47	5 48	19 40	16 52	51 52	30 53	1 56	58 52	42 44	0 50	43 45	39 50	9 54	64 49	69 54	4 46	35 51	13 44	37 56	52 46	54 50	21 50	29 49	2 52	33 46	38 60	6 41	8 57	17 53	34 40	15 55	45 51	27 46	61 51	10 53	41 48
32 44	49 53	42 52	63 51	24 54	20 48	62 49	9 45	46 49	55 45	66 46	16 54	39 45	50 44	15 51	68 50	28 53	7 56	19 48	10 58	37 53	40 41	3 50	1 47	52 57	54 49	58 53	64 54	44 55	5 49	2 45	57 46	33 45	22 57	18 56	31 48	43 44	12 54	47 50	23 52	38 45	17 49	13 60	35 49	21 52	6 50	14 48	25 53	56 58	51 53	60 46	45 52	26 47	67 48	11 47	0 50	34 58	30 59	53 55	8 46	27 41	48 52	41 44	36 49	29 58	61 46	65 41	59 48	69 51	4 49
9 60	26 55	45 54	48 57	14 40	56 51	20 44	17 49	52 42	60 47	66 47	61 55	30 51	3 47	39 55	54 48	23 48	62 51	22 51	37 42	32 55	19 49	21 51	46 50	58 49	5 48	1 52	49 49	67 50	7 54	13 53	33 60	43 60	36 57	59 41	31 58	35 50	27 54	0 54	53 42	64 45	8 50	24 49	25 62	57 51	2 51	16 41	12 48	47 50	65 55	51 52	10 54	6 53	41 58	68 50	42 47	55 51	40 47	50 62	15 56	4 47	34 49	38 54	11 59	44 51	18 41	69 50	63 48	28 49	29 49
40 47	34 49	43 46	9 46	44 53	30 50	36 53	56 43	29 55	19 52	55 52	42 51	67 47	25 59	5 56	35 48	50 62	0 45	2 53	21 45	65 48	47 50	46 54	48 50	57 59	11 46	10 47	14 47	18 49	68 53	12 48	52 48	31 49	1 54	63 58	51 59	59 55	64 48	45 56	38 50	60 47	24 44	66 52	7 56	15 56	13 49	49 49	27 56	16 51	33 51	37 51	58 45	41 49	17 47	8 56	53 58	39 60	61 43	62 53	69 53	54 45	3 44	4 41	28 53	20 45	23 47	32 54	6 53	26 52	22 54
14 55	62 55	22 49	42 51	45 55	15 56	63 56	57 47	48 47	59 45	27 41	25 51	3 48	40 44	12 46	9 58	11 42	31 44	51 55	53 49	17 44	29 47	26 57	6 49	52 50	13 47	8 54	54 47	1 49	34 49	41 49	5 56	60 59	46 62	28 48	49 52	10 50	43 56	58 55	2 50	69 40	65 51	47 53	64 52	32 42	23 48	33 45	44 48	20 48	66 55	30 39	68 55	61 42	67 48	38 65	39 44	37 52	55 53	0 56	19 41	7 50	18 47	21 58	50 57	35 44	56 50	36 46	16 56	24 47	4 63
37 51	10 51	9 53	14 64	69 49	51 56	0 56	7 48	67 48	19 57	52 49	13 53	6 49	42 45	62 44	56 48	8 48	57 39	2 52	36 49	48 55	34 49	21 51	63 48	68 39	39 55	26 62	4 53	65 58	23 46	46 45	30 49	64 50	29 44	32 51	12 43	33 50	50 51	40 49	1 50	28 57	66 51	18 42	58 49	3 56	31 51	43 46	53 51	11 49	20 48	15 52	25 50	16 55	35 46	55 45	49 43	61 47	47 47	17 55	5 46	27 47	54 48	22 50	59 44	60 45	41 51	38 57	44 58	24 57	45 48
60 47	29 58	35 52	51 45	37 47	17 52	62 46	19 46	21 60	63 53	31 48	34 61	5 47	50 48	65 51	30 59	39 52	26 46	52 53	33 47	36 54	9 46	67 56	44 43	47 43	48 46	68 48	1 55	14 54	23 49	28 44	7 49	56 49	55 58	16 46	22 51	40 50	0 42	45 48	12 59	41 52	11 49	25 58	58 44	13 57	53 50	18 68	42 52	38 51	64 42	61 48	54 53	49 48	57 45	4 54	66 53	69 53	2 47	59 50	3 50	43 56	20 45	10 45	24 44	32 39	6 64	46 43	27 55	15 53	8 50
2 46	10 50	12 54	14 50	45 54	30 49	0 42	49 50	32 42	68 51	5 53	54 41	67 40	38 48	20 44	6 48	46 47	24 55	34 54	60 48	50 50	44 45	66 46	31 50	18 44	48 53	11 50	7 49	16 48	53 58	28 53	57 46	61 49	51 47	3 56	23 41	56 51	63 52	47 51	29 54	40 52	65 54	9 58	15 55	62 46	36 48	58 46	43 47	55 47	27 43	52 43	25 52	19 47	1 62	22 55	17 59	4 58	41 43	33 50	64 48	8 45	35 51	59 55	42 52	26 46	69 58	37 43	39 51	13 52	21 52
9 55	62 47	40 56	58 42	59 41	23 50	2 47	55 48	17 45	47 64	22 51	38 44	39 48	19 50	10 47	42 56	31 50	12 46	1 47	4 58	14 58	13 49	52 51	56 46	35 50	36 51	0 44	44 52	8 48	30 57	67 60	65 55	11 47	49 54	7 48	18 51	37 58	69 47	16 41	57 47	61 58	25 54	15 51	27 47	63 48	24 47	41 50	32 45	51 52	64 51	54 46	33 49	28 59	45 51	20 50	29 54	48 50	66 53	53 57	68 48	6 49	43 47	5 52	60 63	26 50	50 50	21 52	34 67	46 49	3 43
46 52	15 52	60 55	63 57	6 56	66 54	19 50	24 59	39 52	0 46	2 53	14 45	11 55	65 52	26 53	61 58	50 45	52 52	44 58	22 48	31 55	51 51	17 48	47 53	18 54	48 47	8 50	10 52	34 46	23 39	55 48	56 58	57 50	20 54	49 55	41 46	25 47	16 51	45 47	28 49	3 55	35 45	13 43	54 45	38 37	12 48	53 52	42 51	9 52	40 39	29 52	1 47	43 50	32 51	27 48	33 55	69 52	5 50	68 56	59 45	58 53	21 48	37 53	67 58	62 50	64 39	4 53	30 53	36 59	7 54
40 51	67 50	57 57	37 57	0 44	23 45	45 52	31 42	19 48	59 57	58 55	61 52	24 44	35 38	41 46	18 56	49 56	68 67	26 46	69 46	60 47	36 48	33 57	8 46	17 50	65 56	4 49	38 57	2 59	13 53	29 46	56 51	66 48	43 52	32 50	7 55	6 46	21 55	11 55	44 56	9 47	20 57	50 43	42 45	34 59	28 49	62 37	16 45	39 50	53 49	63 46	47 46	14 54	46 55	5 44	22 49	64 54	15 49	52 47	1 54	12 46	3 51	51 51	48 50	10 46	27 51	30 45	55 54	54 48	25 48
28 41	9 52	42 47	33 45	66 53	31 55	5 50	55 50	46 47	4 45	59 43	35 57	26 51	20 47	41 47	21 56	7 44	45 49	67 47	36 52	25 55	2 40	49 51	51 55	27 49	1 36	68 51	39 54	69 46	43 50	17 43	19 41	23 56	40 40	0 57	18 48	16 53	34 59	57 57	8 45	38 57	47 52	48 49	32 44	58 53	30 57	52 53	22 55	24 46	60 49	13 50	11 44	3 47	14 40	56 44	12 49	61 48	37 55	44 48	62 45	64 55	65 57	29 52	53 61	10 45	6 41	50 51	15 46	54 58	63 46
21 54	32 49	66 45	26 60	24 52	15 60	14 54	64 41	29 52	60 45	40 57	58 50	49 48	42 44	46 47	16 51	10 53	31 50	6 50	11 50	2 50	8 63	59 52	62 50	47 59	54 55	22 54	18 46	44 50	12 61	19 54	1 44	63 42	56 50	23 43	5 49	20 57	34 49	0 50	45 50	65 49	33 51	13 50	69 51	55 58	67 51	53 60	27 55	37 51	3 47	36 52	48 51	68 52	4 47	9 49	41 54	30 52	43 46	25 53	17 50	28 42	38 52	35 53	52 54	61 45	50 49	57 47	39 52	7 52	51 49
28 49	14 53	25 45	56 50	36 48	43 48	62 38	12 50	15 57	5 53	35 51	46 48	33 52	40 50	21 53	59 51	45 49	8 50	16 40	63 50	60 53	65 53	20 56	2 56	52 58	39 50	44 56	29 46	61 38	18 49	0 44	55 59	41 53	37 52	32 55	54 54	24 55	30 48	6 59	10 53	23 47	26 54	48 46	69 48	68 47	47 51	64 50	38 50	66 42	31 46	53 51	67 40	3 44	9 55	49 48	4 41	13 50	51 47	50 45	27 49	7 48	34 56	57 44	22 48	17 49	1 49	42 51	11 39	19 44	58 47
30 46	13 40	54 52	19 54	49 52	31 41	11 49	7 55	57 51	43 49	48 51	42 50	34 48	23 54	6 49	26 36	45 50	17 48	18 49	0 54	32 56	9 43	59 52	37 51	12 61	41 48	38 56	68 45	5 53	25 48	63 51	51 42	27 55	21 52	8 45	3 54	36 47	10 52	22 58	24 39	44 44	62 55	46 55	14 55	40 51	55 51	60 50	64 54	39 44	35 51	28 57	29 51	2 46	20 52	58 47	47 55	66 55	33 56	65 51	15 42	16 43	53 50	61 47	67 43	4 55	1 51	52 48	56 54	50 42	69 48
47 43	32 53	58 50	35 49	5 57	37 47	38 50	59 51	12 44	44 49	6 38	68 45	67 58	52 56	63 60	16 54	55 47	17 54	61 43	43 49	49 48	3 59	30 53	13 54	18 44	53 46	56 52	42 43	11 54	25 59	9 46	1 53	22 58	54 59	21 55	0 53	62 47	31 57	10 42	45 48	33 51	51 49	15 52	41 49	20 50	8 53	57 43	64 48	4 49	39 55	69 56	40 51	2 40	34 46	60 49	27 48	26 52	66 39	46 45	28 44	14 51	29 52	36 60	24 61	23 53	65 52	7 45	19 54	48 48	50 48
0 56	28 54	30 43	10 51	27 51	14 57	1 51	3 51	23 49	64 56	12 47	50 51	65 49	22 49	54 49	57 46	43 50	62 37	56 53	63 57	44 49	69 57	15 48	31 48	47 54	8 53	41 48	16 50	61 51	6 56	68 55	7 55	60 65	20 52	53 62	25 57	34 41	66 46	51 58	29 50	9 52	52 53	18 43	36 47	55 60	35 51	59 53	58 45	45 49	37 54	13 57	38 55	32 49	39 43	26 49	67 46	2 39	4 47	19 49	5 45	42 55	24 49	33 38	48 52	46 49	40 55	11 58	17 42	21 56	49 54
10 48	16 47	56 57	31 43	61 39	5 48	9 52	47 44	15 47	68 53	62 53	37 47	25 54	52 51	49 58	46 52	39 55	59 57	64 56	1 44	13 46	24 48	67 46	42 49	40 48	30 58	0 54	50 57	36 52	53 45	69 44	48 54	12 51	35 47	3 52	27 48	32 40	66 50	23 55	34 46	33 51	4 49	55 40	7 56	45 55	44 48	41 49	29 52	58 56	14 53	21 54	22 41	11 47	8 46	38 40	19 51	26 57	43 48	18 54	2 51	57 50	20 52	54 48	51 48	63 52	28 54	65 51	17 51	60 51	6 46
59 49	26 39	45 51	36 58	5 57	20 49	60 43	63 52	67 59	54 48	68 49	14 56	48 49	6 53	4 45	62 48	53 51	13 50	1 46	34 47	27 50	61 54	8 51	33 53	56 53	43 46	64 55	19 59	18 43	17 55	16 47	47 55	25 46	12 57	66 48	40 48	44 54	49 48	35 52	2 45	69 57	15 52	37 48	32 51	30 56	58 55	28 46	7 63	50 56	24 56	3 50	31 52	29 42	51 40	65 44	39 55	38 57	57 51	22 48	46 56	0 39	10 51	42 48	23 52	11 55	9 56	41 58	52 51	55 52	21 64
25 42	53 51	11 57	49 45	22 59	47 49	10 59	60 46	36 49	26 55	62 51	32 52	42 49	35 54	33 49	30 49	34 48	29 51	38 52	2 47	18 47	27 54	68 56	64 50	8 59	57 50	12 53	37 46	21 50	31 48	63 52	5 42	24 40	51 40	17 46	1 53	13 45	55 47	40 52	66 52	48 48	0 53	7 47	4 53	59 44	43 51	65 43	41 50	58 46	28 59	61 45	46 41	6 42	9 55	15 53	20 47	56 47	19 39	52 45	14 49	50 52	16 51	39 43	67 57	54 53	23 56	3 49	69 59	44 48	45 47
20 53	34 48	55 55	69 52	48 49	65 59	45 47	8 51	52 52	49 49	54 49	6 56	39 43	27 41	5 47	23 58	1 47	7 49	30 43	40 49	18 53	15 54	46 59	4 44	19 49	12 43	24 50	13 49	16 47	29 59	58 61	3 53	68 51	47 50	32 54	14 46	28 42	56 59	51 54	26 50	64 56	21 49	25 44	43 49	57 51	9 46	42 51	53 50	63 46	50 47	38 50	2 38	0 47	33 56	10 45	44 53	31 54	35 53	11 51	36 41	41 51	66 44	59 48	67 56	22 50	60 48	61 58	17 55	62 54	37 50
45 49	10 54	6 42	59 54	65 44	22 44	50 45	62 54	0 47	16 59	38 55	15 51	37 48	54 52	68 59	51 50	36 53	43 59	28 59	9 51	35 61	49 56	12 58	7 49	32 55	39 51	64 45	52 57	27 52	14 55	47 52	67 51	13 55	1 44	20 55	19 54	69 53	46 53	40 54	42 45	66 55	41 49	26 48	3 50	33 42	8 60	30 48	34 50	2 52	24 45	11 49	53 51	23 44	5 52	56 57	48 48	63 55	31 45	17 45	44 51	29 54	18 48	25 43	57 49	60 41	55 51	21 40	58 50	4 50	61 55
17 48	16 53	12 48	37 48	13 44	64 51	44 52	30 53	55 41	35 43	7 53	10 44	27 45	60 52	50 47	51 52	9 50	34 46	68 54	47 54	6 51	14 47	53 50	66 54	40 49	24 46	3 53	25 48	49 43	61 50	65 44	15 51	19 56	26 47	0 56	28 52	63 50	43 46	8 56	31 47	5 43	41 46	67 53	20 45	52 50	22 44	1 50	11 53	38 52	42 57	59 46	4 53	69 51	2 48	62 48	33 49	46 55	48 44	18 54	39 51	57 55	36 47	56 45	29 54	58 45	45 54	23 58	32 51	21 51	54 59
26 47	32 54	21 58	23 42	40 50	53 52	11 55	37 45	0 47	63 47	3 49	16 55	17 46	24 43	64 45	43 48	56 52	49 46	58 47	51 57	61 47	36 45	46 53	47 59	18 54	33 51	57 41	45 41	34 45	48 56	27 53	4 47	38 52	54 49	8 51	35 53	15 49	39 47	2 50	12 53	1 58	44 55	29 51	10 51	50 48	5 58	41 53	7 54	65 48	25 51	20 46	68 48	6 48	59 61	14 51	22 53	31 54	69 37	62 52	55 60	28 48	66 46	30 48	42 48	67 55	9 41	19 55	52 54	60 53	13 61
29 46	40 53	62 48	52 53	23 41	32 51	69 51	68 52	0 59	36 40	3 50	39 51	27 53	60 54	22 50	24 43	50 51	14 59	15 54	5 55	6 49	47 49	21 45	43 53	49 61	57 47	13 56	33 49	18 48	46 52	55 51	64 39	9 50	54 52	66 55	28 51	17 42	53 51	67 50	34 48	30 51	20 47	37 50	8 42	44 49	48 45	61 55	11 52	10 50	59 50	41 56	7 51	45 43	19 55	26 56	58 44	25 65	65 65	35 51	1 53	16 48	31 50	12 50	4 55	42 42	63 55	51 54	56 47	2 57	38 61
17 47	61 52	1 52	20 53	49 49	57 49	21 51	30 49	55 50	58 58	65 51	66 48	38 53	39 54	44 48	14 51	11 54	51 52	23 49	59 52	35 53	50 59	7 50	36 53	8 56	47 51	13 55	41 50	19 49	29 55	12 48	52 52	6 52	24 51	54 52	62 47	33 55	27 56	45 48	2 47	16 41	9 62	53 49	63 52	32 49	15 53	46 52	69 51	26 51	43 55	34 48	48 47	31 59	64 50	0 50	60 62	56 48	18 49	40 52	22 55	68 43	42 42	5 51	4 51	37 48	67 46	3 49	28 37	25 47	10 61
25 44	62 47	38 52	8 59	52 51	55 45	66 51	12 67	60 47	50 54	28 51	9 41	56 55	57 45	51 53	39 47	44 39	7 50	3 48	53 44	2 42	1 52	35 48	21 49	31 46	42 52	43 55	47 48	46 49	16 46	64 48	19 40	26 58	49 47	10 53	65 49	6 50	67 47	68 48	59 41	5 53	13 51	15 54	33 53	32 52	48 46	23 64	20 53	63 46	30 55	61 46	24 52	37 49	11 51	41 47	17 52	22 41	54 48	18 47	40 43	34 46	58 57	14 49	29 49	45 56	69 52	4 43	36 56	0 51	27 49
13 41	1 52	30 52	6 51	25 54	54 52	40 48	59 53	35 60	31 60	69 52	27 48	49 52	37 48	8 50	58 46	17 48	41 55	10 55	14 51	18 48	57 49	39 51	33 52	63 59	23 48	26 44	12 52	50 55	34 48	64 56	65 42	60 53	46 55	16 50	44 48	2 61	56 53	53 48	11 48	5 50	32 47	28 55	24 51	36 60	68 50	0 50	21 51	66 46	19 50	55 43	20 50	47 48	61 51	48 49	62 56	15 56	38 54	52 49	9 42	45 60	7 50	51 48	67 54	3 54	4 49	29 47	43 45	42 56	22 50
20 56	29 49	19 46	8 55	1 49	48 44	38 59	22 49	4 43	21 55	53 49	9 57	65 49	45 43	10 45	12 55	24 44	25 46	17 45	16 51	47 39	27 52	15 50	26 55	5 52	32 47	33 50	37 40	64 44	35 55	50 44	60 45	54 50	59 45	63 50	23 58	11 49	61 54	18 53	42 42	6 49	46 50	62 53	43 43	14 47	2 52	30 48	66 50	0 49	7 56	13 49	57 49	31 52	69 56	44 48	3 57	68 43	52 58	41 44	28 51	56 52	34 52	49 44	51 54	36 47	67 47	39 52	40 56	55 56	58 53
53 46	60 56	27 46	8 46	20 59	69 46	48 50	15 43	57 48	37 47	18 46	36 53	39 48	16 55	1 57	42 52	11 53	35 51	14 40	62 43	2 58	3 53	10 54	6 45	13 39	49 42	68 44	12 46	46 57	7 48	24 57	38 48	34 51	40 56	4 44	59 48	61 59	41 41	45 50	51 39	54 44	44 60	25 60	31 50	28 43	30 53	52 55	56 45	33 46	66 41	22 53	17 52	67 43	32 55	47 57	43 47	5 51	65 54	50 41	63 50	26 41	64 49	58 44	0 58	29 53	55 54	9 52	19 43	21 55	23 34
42 52	29 48	64 54	58 56	34 51	46 49	56 51	62 54	57 58	0 50	37 48	54 53	7 55	25 43	45 50	28 43	2 51	11 57	30 38	17 45	65 44	59 49	51 55	67 48	19 56	6 49	4 57	16 54	68 43	13 51	43 44	55 52	1 47	24 45	12 46	3 42	60 52	36 57	27 41	18 50	9 58	38 53	33 49	52 51	49 56	14 52	66 53	21 47	5 47	35 52	69 46	32 50	8 53	48 46	50 51	44 48	39 56	26 52	22 39	63 49	47 61	31 52	41 44	23 49	53 48	20 51	10 51	40 43	15 57	61 51
8 47	11 53	67 57	13 51	31 46	64 59	28 52	0 61	54 47	32 46	60 52	12 51	36 52	26 56	66 44	14 53	27 57	55 51	43 52	61 45	15 43	23 60	7 61	56 56	5 54	9 54	62 47	16 46	10 56	1 55	44 47	38 59	4 47	3 43	65 54	49 47	45 59	20 52	41 54	50 49	59 50	34 51	2 58	25 45	57 45	63 54	35 59	37 56	40 50	19 45	17 49	30 50	22 46	18 52	21 55	42 62	6 43	68 48	46 51	29 54	58 53	53 51	51 50	69 49	24 52	39 51	52 46	47 56	48 52	33 60
57 43	65 46	10 51	16 47	6 52	4 42	64 47	50 53	61 48	9 51	13 59	37 46	3 55	52 51	51 43	24 60	33 51	39 55	19 45	28 54	20 43	2 39	59 43	47 56	40 46	48 47	69 52	35 49	43 54	0 48	29 52	23 55	1 48	12 42	53 54	55 51	67 56	14 43	66 46	41 52	8 52	60 48	21 48	45 54	30 55	7 48	63 45	68 52	27 51	18 49	26 56	31 48	49 51	58 48	46 49	44 45	25 59	38 56	62 49	22 47	34 48	17 55	11 59	5 45	54 47	36 48	56 50	15 47	42 52	32 42
15 54	60 44	46 46	45 45	59 52	40 45	39 44	34 56	49 45	4 47	51 53	16 57	50 40	68 53	20 43	36 51	22 49	19 51	65 42	69 49	37 42	41 49	26 47	29 40	21 57	56 41	48 57	11 48	38 61	52 53	54 49	61 50	47 59	3 57	0 46	55 48	25 51	57 51	66 57	33 54	28 48	42 47	63 52	67 58	13 53	44 46	9 48	32 49	2 49	6 58	62 41	10 46	14 44	64 50	7 52	53 43	31 50	1 50	8 52	17 48	12 46	5 48	35 45	43 53	24 61	27 49	30 55	18 58	23 55	58 41
7 50	13 50	57 40	12 45	60 52	45 42	65 54	69 42	50 53	42 51	53 46	27 48	38 50	14 58	46 57	35 47	59 48	36 49	19 50	55 46	22 39	17 46	67 51	43 52	47 42	52 48	58 47	24 46	20 54	3 46	33 48	25 48	10 49	23 50	40 48	44 48	34 55	18 40	61 49	5 47	68 40	6 52	15 36	41 42	2 38	66 57	64 53	39 45	56 55	26 48	63 50	31 51	9 45	28 48	62 50	37 52	1 52	16 53	54 45	21 52	29 51	8 52	0 56	30 45	48 44	11 43	51 48	4 52	32 55	49 50
18 48	27 47	7 52	11 46	52 49	51 54	62 53	65 53	63 41	22 56	42 53	34 45	12 62	48 49	30 45	8 48	15 58	3 50	31 53	32 53	59 38	24 48	33 52	14 46	45 52	9 47	61 49	53 36	46 47	47 44	64 45	23 49	26 52	0 49	50 46	69 54	41 53	35 52	25 48	67 48	40 62	13 56	4 51	19 60	39 56	56 55	21 46	37 54	55 54	17 43	5 47	58 55	10 39	28 42	68 49	16 55	49 48	60 41	6 47	44 48	29 45	1 38	38 55	2 50	20 51	66 51	36 47	57 47	54 42	43 51
11 48	52 52	41 50	21 46	9 46	57 55	6 50	20 48	31 52	2 49	14 51	32 62	22 51	37 56	8 49	68 51	50 43	13 50	10 45	12 46	55 49	24 56	62 51	15 43	7 55	51 44	27 51	19 53	44 57	36 52	4 51	45 50	25 47	47 48	49 46	33 46	40 56	63 50	54 47	48 51	66 62	35 52	39 53	38 45	69 45	0 44	59 41	56 53	60 49	26 53	64 56	23 54	29 46	53 52	16 51	43 50	67 47	5 52	17 45	46 46	42 46	34 54	18 46	30 44	1 44	61 49	65 49	58 57	28 43	3 43
54 41	68 54	18 53	42 48	51 39	3 51	35 46	64 46	43 52	53 49	57 50	11 52	59 55	29 57	58 53	10 56	0 49	21 48	36 45	15 44	33 48	66 46	5 57	4 60	34 53	50 46	48 46	1 48	30 56	23 48	67 50	61 53	2 55	56 50	26 43	65 50	6 37	19 41	16 50	31 49	24 57	7 44	63 49	49 46	40 55	55 51	37 54	20 49	41 58	13 55	25 52	9 56	60 54	44 55	62 59	32 44	45 49	39 48	8 45	46 52	47 51	22 48	12 54	69 56	27 46	28 53	14 52	38 48	52 50	17 38
63 45	36 46	40 45	64 48	41 43	21 51	4 54	54 50	61 46	26 45	43 41	60 51	52 51	15 54	16 51	45 50	27 44	46 51	66 58	62 54	67 47	37 50	18 50	14 45	32 44	33 42	69 47	5 56	38 42	7 58	22 54	25 46	53 54	11 49	23 52	1 52	48 55	19 45	28 47	6 49	50 46	17 50	13 51	35 48	8 56	31 56	30 56	42 55	68 52	2 47	59 51	0 50	29 40	44 51	3 53	39 51	49 54	51 48	47 55	10 45	20 49	9 52	56 45	57 53	34 47	65 52	58 52	12 53	55 46	24 52
14 48	24 39	2 51	43 49	37 52	6 46	54 55	17 50	38 53	19 46	29 51	16 50	42 48	36 46	30 56	62 50	59 53	65 55	41 48	35 56	57 51	45 45	1 63	11 49	61 52	47 47	50 49	8 62	48 56	18 51	55 41	68 57	33 48	56 46	15 52	60 58	63 47	28 42	10 57	23 50	64 49	31 50	9 53	32 55	66 50	20 43	39 50	13 58	67 52	3 53	26 50	69 56	5 44	40 43	7 47	25 54	4 54	27 54	52 50	51 52	49 51	0 50	22 44	46 50	21 53	53 45	12 45	44 47	34 55	58 56
29 45	13 53	20 44	18 47	42 49	38 53	44 56	37 48	33 41	67 49	4 48	53 48	19 41	22 53	48 45	9 53	66 47	68 45	21 44	3 50	15 54	50 54	24 55	59 54	54 54	31 55	34 44	25 55	32 45	6 46	16 49	69 53	10 55	39 52	0 50	60 49	55 62	52 54	65 43	2 49	8 48	35 45	56 50	51 45	7 46	28 60	12 38	40 52	46 42	49 58	5 52	45 54	58 56	64 49	23 52	27 44	11 47	61 48	62 58	1 49	63 59	36 56	41 43	30 51	47 54	57 52	17 47	14 45	26 51	43 53
10 56	34 50	38 52	8 56	25 45	45 48	52 47	24 46	58 53	49 49	60 42	27 50	44 46	11 62	16 52	30 49	2 47	14 56	36 49	3 42	13 46	57 42	63 46	22 46	65 50	6 53	48 39	12 45	21 45	17 45	39 52	41 50	28 48	51 62	18 44	66 43	55 46	9 53	32 52	56 51	37 52	46 57	43 46	40 50	61 50	15 45	26 51	67 52	59 54	54 47	35 53	5 54	0 56	23 52	29 51	33 57	7 45	62 47	4 45	47 51	19 56	31 45	53 43	69 48	42 43	1 53	64 46	50 43	68 49	20 51
14 43	35 46	20 50	37 60	45 48	63 62	11 54	10 39	32 52	30 52	18 44	0 44	31 43	27 48	15 59	67 40	29 44	59 50	40 59	4 53	6 51	16 56	51 50	50 42	69 51	21 46	8 39	60 54	13 56	43 55	34 51	66 57	28 50	53 45	54 40	3 47	33 53	56 48	38 46	61 56	24 53	19 48	48 46	2 50	5 56	23 45	36 57	44 43	68 51	46 52	25 51	64 53	57 53	65 46	7 45	22 53	62 55	39 46	41 45	9 37	47 46	49 54	26 53	42 44	52 54	58 46	17 42	12 45	1 44	55 57
32 49	2 62	11 53	42 53	8 54	66 54	65 52	36 54	59 41	25 54	49 47	31 37	44 60	3 43	16 48	56 56	1 52	67 50	50 57	30 45	35 49	27 46	57 49	51 41	68 50	7 59	48 54	23 57	14 51	33 44	4 48	40 52	28 50	61 46	39 56	60 53	54 48	38 57	21 54	5 54	45 54	34 57	62 51	58 48	9 52	41 52	29 46	17 46	22 47	52 50	47 47	0 50	69 53	63 47	43 53	24 55	37 50	10 53	18 49	55 44	53 58	19 62	20 50	6 48	12 57	15 40	64 47	13 57	46 54	26 44
67 47	56 55	5 49	12 50	40 54	38 44	18 55	45 54	23 53	52 50	69 54	30 49	6 43	16 56	46 50	60 46	31 56	3 55	58 44	39 52	36 50	20 52	63 59	7 48	21 48	32 49	35 51	54 55	2 47	48 38	43 48	14 40	42 53	59 56	34 49	26 44	11 43	8 53	22 52	66 49	27 51	57 45	62 51	25 40	33 44	53 39	9 48	68 42	28 50	10 49	50 41	51 60	4 51	24 47	29 56	15 48	49 57	13 48	47 56	19 49	65 46	44 57	61 52	41 52	37 46	1 48	55 51	64 51	17 50	0 46
7 48	32 49	48 45	55 45	35 47	15 53	6 48	38 48	66 46	39 50	10 46	11 56	18 54	44 44	67 53	47 50	30 52	13 43	59 51	34 52	46 44	0 41	52 50	4 56	29 58	9 53	65 52	27 55	69 46	23 58	56 52	68 46	36 57	5 50	60 50	51 64	64 42	22 46	63 48	33 44	43 53	25 51	24 48	3 48	49 52	50 55	31 50	53 41	20 51	1 43	12 46	28 48	45 47	41 54	21 51	2 54	26 59	37 49	54 56	16 49	19 44	14 47	62 51	61 47	40 44	42 53	57 49	17 49	8 41	58 56
31 45	34 48	67 50	33 58	63 52	15 49	22 57	60 46	43 60	54 46	32 50	38 47	37 47	23 48	57 47	12 52	8 51	19 45	2 52	13 47	51 49	18 46	0 53	49 52	36 47	62 48	7 54	64 48	4 56	25 46	44 44	53 54	29 46	46 50	47 51	58 44	20 50	6 56	5 55	55 63	1 56	48 54	65 52	61 49	16 45	66 48	17 47	30 45	24 44	3 58	11 50	56 53	42 50	26 57	68 54	69 41	9 54	59 49	10 48	14 54	39 44	28 51	21 37	50 49	40 53	27 49	41 51	45 43	35 54	52 52
52 50	48 58	26 52	7 45	36 55	58 54	44 60	66 49	0 44	6 54	63 56	38 52	56 52	43 52	2 54	62 53	19 52	68 52	32 45	8 49	23 38	61 48	15 50	42 45	4 60	12 47	45 53	49 43	34 49	39 54	16 49	17 57	51 47	35 44	28 55	31 55	55 45	59 50	20 47	50 49	3 51	14 50	22 53	46 42	18 49	9 43	67 50	30 45	1 53	54 58	5 50	40 49	11 60	33 51	21 40	41 62	64 51	60 58	25 47	24 47	57 51	27 53	47 48	13 53	69 53	37 46	10 46	53 52	29 56	65 53
12 46	2 46	30 45	68 50	27 48	7 52	6 47	21 54	23 57	20 56	50 48	29 53	54 49	25 49	61 52	67 54	38 45	57 50	58 43	34 49	42 48	44 53	46 52	65 52	63 47	32 52	40 50	14 54	16 52	18 49	47 54	35 51	59 52	28 55	43 50	69 61	62 49	48 49	66 47	1 52	4 46	60 48	55 60	52 46	24 39	8 32	36 48	17 45	39 47	11 53	15 40	3 51	5 47	10 44	13 51	56 49	26 43	22 58	45 52	19 54	33 59	64 49	41 53	31 55	9 42	0 48	53 52	49 48	37 49	51 53
17 43	13 57	45 49	41 50	35 47	22 57	28 59	31 52	1 51	24 48	39 48	33 57	3 62	6 51	60 49	10 57	43 51	8 51	64 42	9 43	44 49	36 43	12 43	29 50	4 54	53 41	48 54	21 57	63 42	46 47	52 46	67 54	40 52	26 52	11 54	37 44	20 57	23 59	18 56	55 49	7 46	15 48	68 54	65 49	69 66	50 48	16 46	25 49	61 44	54 52	49 49	56 52	27 46	42 45	30 54	59 55	51 41	0 44	2 45	62 50	32 53	38 48	5 51	14 57	66 45	57 49	58 51	34 43	47 45	19 54
68 57	58 45	22 44	64 44	7 48	16 48	32 43	13 49	17 45	57 47	29 49	63 52	2 50	41 52	61 56	34 55	6 43	59 58	65 58	46 54	12 56	56 41	30 51	0 48	10 47	28 45	51 60	4 46	39 47	31 62	19 48	42 53	45 58	33 49	35 50	20 52	66 58	8 51	27 52	40 52	52 47	49 54	15 35	26 52	69 50	53 50	38 59	36 49	5 47	21 51	9 51	37 47	55 58	54 47	23 49	18 46	24 41	25 59	43 53	14 55	67 50	44 42	48 54	47 52	62 53	60 51	11 51	50 55	1 50	3 50
33 51	47 49	56 52	6 53	55 45	52 47	20 53	5 54	18 47	12 46	13 57	11 46	44 51	68 50	39 51	8 56	28 52	60 54	15 52	26 55	48 44	66 51	3 51	62 54	40 58	2 49	29 51	46 49	25 55	58 51	23 56	22 50	19 58	7 52	17 55	36 56	10 43	61 51	37 56	54 51	67 48	59 56	50 46	35 52	42 51	53 44	57 44	31 50	64 50	65 42	51 49	30 49	49 52	69 44	63 55	45 44	4 50	27 50	9 54	24 49	38 51	14 50	16 50	32 61	43 50	21 46	41 53	0 48	34 50	1 44
