15	100
53 4	65 1	45 1	9 2	44 3	15 1	40 1	28 3	63 1	38 1	19 1	66 2	78 1	81 1	87 1	49 2	73 1	10 4	21 2	67 1	51 1	56 1	55 3	92 4	80 3	74 1	68 1	43 2	99 1	36 1	71 2	90 3	86 1	70 5	29 5	24 1	14 1	31 2	0 2	72 1	18 5	3 1	88 3	82 5	62 1	30 3	85 1	95 4	33 2	27 2	12 1	75 1	39 1	1 1	91 4	98 4	25 1	22 1	93 2	61 1	89 2	59 3	8 1	60 3	32 1	94 1	83 2	26 3	50 4	37 6	84 1	77 10	48 2	7 3	52 1	6 1	57 3	41 2	79 2	97 2	11 3	17 2	4 1	20 1	54 1	64 1	34 1	69 2	23 5	96 1	2 5	46 1	16 1	76 4	35 2	13 1	42 2	5 1	47 1	58 7
70 4	8 3	3 2	87 2	5 1	82 2	34 1	66 1	35 1	57 2	62 2	17 1	14 1	15 3	90 5	85 6	12 4	73 2	89 2	69 1	23 1	31 1	58 4	37 2	79 1	81 5	26 3	45 3	4 3	51 2	41 1	1 1	86 1	43 1	27 1	49 1	91 1	53 1	9 1	50 6	38 1	52 1	44 1	93 1	25 1	65 1	95 4	59 1	29 3	71 2	92 4	72 1	64 1	20 4	16 1	60 2	74 1	46 1	13 1	54 1	11 3	33 1	55 1	68 4	47 6	39 1	21 1	7 1	18 1	83 4	84 2	32 3	48 1	56 3	88 2	24 1	10 2	28 3	97 6	75 2	78 2	94 1	80 2	19 3	2 4	96 1	63 3	6 1	67 2	61 3	30 3	42 4	36 4	98 2	77 3	99 1	40 1	0 1	22 3	76 1
60 1	87 1	84 1	57 3	86 1	76 1	3 2	77 1	29 1	31 1	25 1	48 1	62 1	90 3	47 3	22 1	54 2	42 1	70 1	45 2	40 2	6 2	10 3	91 3	67 1	38 2	20 1	17 2	43 1	80 1	65 1	27 1	5 1	55 1	21 1	16 1	2 1	99 2	9 2	66 5	78 2	0 1	61 6	37 2	53 1	89 4	18 1	39 2	75 2	49 2	26 1	97 1	35 3	96 1	46 2	74 4	88 3	44 1	41 4	98 3	69 2	50 6	92 4	95 3	30 6	71 2	68 4	4 4	93 1	64 3	34 1	12 1	24 1	79 2	7 2	58 4	28 1	81 1	14 1	11 4	13 1	94 1	36 1	52 1	8 1	72 4	33 1	63 2	85 1	82 2	83 1	15 1	32 2	59 4	19 3	23 1	73 1	1 1	51 2	56 3
68 2	77 2	81 2	48 1	88 2	54 1	86 3	10 2	91 4	98 2	72 2	99 1	35 2	94 4	83 5	6 3	52 2	53 4	89 2	69 3	5 1	60 3	1 1	2 1	75 2	17 1	85 1	70 2	51 6	65 1	56 1	97 2	23 1	76 1	28 2	24 5	12 2	59 1	82 1	43 1	57 2	78 4	11 2	71 1	7 3	95 2	34 5	46 1	41 1	16 3	13 6	79 2	3 1	38 2	44 3	93 3	58 2	15 3	0 2	14 2	63 1	18 7	22 1	47 1	36 1	92 1	29 2	50 1	66 1	87 4	31 2	27 1	64 2	19 3	39 4	26 1	25 1	73 3	9 2	80 1	42 1	30 5	37 6	20 1	84 2	8 3	45 1	67 2	55 3	33 1	40 1	96 1	21 2	74 1	90 1	49 1	4 1	62 2	32 1	61 2
88 5	67 1	83 2	95 1	48 1	30 6	78 3	43 1	60 3	45 2	55 2	44 1	47 4	15 2	38 1	36 1	94 3	85 2	8 1	70 3	61 2	59 1	26 2	77 3	41 1	16 4	20 1	37 3	29 1	74 4	42 2	92 4	49 3	35 2	79 2	2 2	86 2	28 2	3 1	98 1	57 1	32 6	54 4	63 9	90 1	0 1	82 3	9 1	65 2	31 1	62 1	68 1	4 2	27 1	13 1	93 3	5 2	64 1	19 1	14 1	91 3	51 4	58 3	73 2	89 2	52 1	56 1	53 2	72 1	87 1	99 1	18 1	10 1	33 2	75 1	81 4	40 1	17 1	66 1	71 1	80 2	97 1	76 1	1 1	24 2	25 1	7 4	96 3	50 2	34 1	22 2	21 1	12 1	6 3	23 2	46 1	39 2	69 1	11 3	84 1
14 2	44 1	62 1	53 2	71 1	86 2	99 1	31 2	98 2	72 2	38 1	68 3	61 1	30 2	9 4	21 3	66 1	25 2	20 2	16 1	78 1	40 3	37 2	54 4	32 3	10 3	75 1	13 1	41 2	97 1	11 6	39 1	15 4	49 1	23 1	58 3	90 2	82 2	81 2	55 1	52 2	69 1	50 2	26 3	76 4	85 3	5 4	1 1	47 1	57 2	24 1	19 4	60 1	65 1	95 2	87 1	79 1	18 1	48 6	88 2	56 2	73 2	17 1	33 1	28 1	29 1	51 2	83 1	84 1	43 2	89 1	2 2	93 3	27 3	70 1	59 1	74 1	4 1	7 1	12 2	0 3	96 1	45 1	3 1	91 3	35 1	8 2	46 3	77 3	22 1	42 1	67 3	80 1	63 3	36 2	64 1	92 1	34 2	94 1	6 1
68 1	55 2	98 4	46 2	63 4	41 1	10 3	43 1	59 1	77 1	82 1	19 1	74 2	11 4	73 2	80 1	22 2	39 1	89 1	44 1	94 5	14 1	61 1	62 1	56 4	28 7	9 1	96 1	87 1	86 2	88 2	7 2	1 1	57 7	52 1	81 1	23 1	67 1	24 2	58 1	90 1	25 3	66 1	75 1	92 2	49 2	60 2	50 5	8 1	65 1	72 1	79 6	27 1	21 2	20 1	64 1	18 2	78 1	13 1	33 1	85 1	47 1	93 2	6 1	45 1	91 2	12 2	51 5	42 5	36 1	34 4	38 2	48 2	84 1	4 1	5 2	30 2	97 7	95 5	31 5	26 1	0 3	76 1	16 1	40 1	3 3	2 1	54 3	32 1	99 3	83 3	37 3	35 2	15 5	29 5	17 1	70 3	69 1	71 4	53 3
24 3	53 4	33 1	81 1	78 1	59 1	32 1	22 1	62 2	29 2	26 1	60 1	30 3	51 5	88 1	17 2	16 1	20 3	34 1	48 2	65 2	28 1	57 1	76 3	39 2	25 2	42 3	6 4	82 1	47 3	44 1	14 1	2 1	92 3	75 4	89 1	95 1	9 4	43 4	96 2	7 1	61 2	15 1	91 1	5 2	70 2	58 2	90 3	71 6	55 1	49 3	45 2	87 1	19 1	21 1	69 1	85 3	23 1	99 1	67 2	97 2	98 1	41 2	36 2	93 5	77 3	1 2	0 1	84 5	8 1	73 1	94 1	64 1	66 2	4 1	86 2	12 3	63 4	35 3	11 1	74 1	13 1	3 1	80 1	10 4	37 2	31 1	79 1	54 1	27 1	72 8	52 1	40 1	38 1	18 1	46 1	83 4	56 2	50 1	68 3
79 1	91 1	65 1	85 2	35 1	14 1	86 4	4 2	15 1	67 1	94 2	84 1	11 4	48 2	73 1	82 1	63 2	75 1	66 4	49 4	3 2	39 1	59 1	46 1	55 1	80 1	37 2	24 2	96 1	23 4	34 1	28 1	44 2	30 1	72 3	38 2	56 2	77 1	52 3	21 3	12 1	32 1	68 3	64 3	58 1	19 1	0 1	70 1	7 4	18 1	95 5	20 2	22 1	76 1	61 2	97 5	2 2	74 2	51 3	10 1	54 1	26 2	93 1	47 1	62 4	17 3	90 1	92 1	50 4	99 1	31 1	36 1	41 6	57 1	25 2	40 3	9 2	45 1	42 4	29 7	13 2	33 2	6 1	71 3	53 2	27 1	88 2	8 1	69 3	78 2	98 2	87 8	83 3	89 1	81 7	16 2	60 2	1 1	43 1	5 1
40 1	18 1	37 1	4 1	56 3	0 1	79 3	21 1	96 2	7 1	32 1	15 1	84 1	72 1	50 3	73 1	25 3	44 4	30 2	67 1	61 1	42 2	68 3	52 1	64 3	88 1	80 6	70 1	24 1	93 1	13 1	87 2	78 2	77 1	89 1	54 3	22 1	69 1	57 5	5 1	1 2	86 3	23 1	28 7	11 1	36 3	71 3	75 1	90 1	62 1	19 1	97 1	46 1	34 2	66 1	9 1	26 1	35 1	33 2	92 3	20 1	76 1	81 4	85 2	29 1	63 1	47 1	60 1	51 4	2 3	98 1	49 3	14 1	91 4	12 3	31 1	65 3	17 4	43 1	6 2	74 2	27 1	45 1	53 4	95 1	55 1	82 1	16 1	10 1	59 1	38 4	99 1	83 3	8 1	3 1	39 1	58 2	94 3	48 1	41 3
64 1	57 2	90 1	56 2	26 2	83 1	32 1	51 1	62 1	86 1	37 5	30 2	87 2	59 1	92 1	40 1	1 3	5 2	48 2	18 1	2 3	10 3	77 1	54 5	23 7	67 1	11 1	24 1	82 2	80 2	63 1	52 1	20 4	45 1	68 2	93 4	72 1	94 1	78 2	44 2	89 2	49 1	69 3	4 2	13 6	58 1	85 1	41 1	43 3	97 2	15 1	31 3	14 2	19 3	66 1	33 4	25 1	27 4	36 1	76 1	12 7	29 1	99 2	38 1	88 5	9 4	6 2	53 1	65 1	55 2	42 1	95 1	71 2	28 6	35 1	73 1	74 1	16 2	60 1	3 1	91 1	34 1	84 1	75 1	98 2	46 8	21 2	81 4	39 4	79 1	50 2	61 2	96 1	7 1	70 1	8 1	0 2	47 1	17 3	22 1
46 4	44 5	35 5	56 1	9 3	55 1	10 1	86 1	81 1	63 1	59 1	3 1	82 1	58 2	75 1	62 3	67 1	68 3	2 1	52 1	91 2	14 1	18 3	98 1	92 1	87 1	97 2	21 5	57 7	41 1	84 1	12 1	39 1	6 1	83 3	43 1	30 2	61 4	79 1	50 1	11 3	7 2	24 1	4 1	38 1	15 1	36 1	37 1	73 4	74 1	45 4	17 2	70 2	25 1	60 1	78 2	76 2	89 2	93 5	77 1	54 7	13 1	69 1	80 1	19 4	51 3	0 2	27 3	28 2	64 4	90 1	8 4	94 2	29 1	95 1	47 4	23 4	42 4	22 1	31 2	53 1	5 1	34 1	71 4	1 1	49 6	20 5	65 1	66 1	99 1	26 1	40 1	96 2	88 1	32 1	85 2	33 1	16 2	48 1	72 1
72 1	82 1	39 4	30 1	85 1	18 1	3 2	94 3	6 3	93 3	16 1	26 2	20 2	95 2	48 5	2 5	66 5	4 1	29 1	98 4	15 1	74 1	11 1	55 1	37 2	73 1	58 1	67 1	64 1	1 2	87 5	7 2	96 1	24 1	45 4	61 5	0 2	68 1	81 1	40 4	71 1	9 1	51 1	33 1	80 1	19 1	69 1	59 3	5 1	25 1	47 1	62 1	50 1	12 5	49 4	34 1	22 1	92 2	89 1	91 1	78 1	36 4	79 1	76 1	17 1	84 4	41 1	44 1	54 2	35 3	13 1	8 1	46 1	56 1	86 2	21 5	65 1	53 1	23 1	90 2	38 1	42 3	32 3	88 3	60 3	70 2	31 1	57 1	28 2	99 3	27 1	83 3	77 1	14 2	43 1	63 2	75 1	97 1	52 1	10 1
7 1	68 1	43 5	32 1	13 2	29 1	56 1	31 3	97 3	69 5	57 2	79 2	22 1	34 2	77 1	67 3	89 1	51 1	78 3	25 4	53 1	17 1	33 2	20 2	80 3	93 2	41 2	54 2	3 5	9 3	24 1	28 2	60 1	96 1	12 3	46 3	16 3	42 5	37 1	10 2	8 1	2 5	65 3	74 1	15 4	90 1	70 3	14 1	66 3	47 3	38 4	23 1	99 2	49 2	18 1	76 3	30 2	19 3	88 1	83 1	91 1	1 1	0 1	86 2	92 3	11 2	35 1	55 2	44 1	36 1	62 1	82 1	94 2	75 2	63 2	40 1	50 2	52 1	48 1	5 1	87 1	95 2	59 3	84 2	39 8	71 1	27 2	45 4	61 3	6 1	81 1	26 2	58 7	85 3	72 3	21 1	73 1	98 2	4 1	64 1
85 2	25 1	94 5	16 1	74 1	5 1	66 1	45 2	71 4	1 1	40 1	33 2	51 1	21 2	8 4	0 3	60 2	95 1	54 2	9 2	75 5	97 3	2 2	81 1	10 1	27 1	37 1	47 1	67 2	76 4	87 4	62 2	46 1	17 1	58 1	7 1	73 4	52 1	84 1	68 1	31 2	44 1	35 1	57 1	13 2	78 2	93 1	41 3	99 1	92 1	4 1	64 1	63 1	98 1	36 1	11 1	42 2	20 1	89 2	32 1	77 1	30 1	72 1	69 2	24 1	3 1	19 2	29 1	28 3	38 3	70 1	55 1	39 1	83 1	61 1	96 1	26 2	86 2	88 1	49 1	43 4	65 2	18 4	56 1	80 1	12 3	79 1	53 1	82 2	14 2	91 2	22 4	50 1	90 1	34 5	6 2	59 8	48 1	23 1	15 1
