70	20
17 42	4 43	9 56	5 49	7 55	11 44	16 42	1 52	6 51	12 52	13 45	3 50	18 57	0 58	14 49	19 46	10 38	2 56	8 54	15 49
2 55	8 47	15 46	0 56	7 52	14 46	19 60	17 45	11 51	6 45	16 48	9 58	12 48	4 50	18 51	3 50	10 44	5 55	13 46	1 53
14 47	3 41	18 58	5 56	16 49	12 54	19 51	13 43	8 51	4 44	2 60	7 49	0 57	17 46	11 51	9 51	1 48	15 53	10 50	6 46
18 49	13 48	10 53	12 53	1 53	15 38	17 56	16 50	14 51	8 53	6 55	11 48	2 59	7 47	0 48	9 63	19 54	5 49	4 48	3 44
6 55	13 45	5 54	16 53	17 52	9 50	18 48	14 50	4 50	0 41	11 46	2 53	19 44	8 55	12 51	1 55	10 44	15 56	3 47	7 56
8 52	16 48	9 48	2 52	3 49	12 44	4 46	19 48	13 51	6 50	15 43	1 49	17 55	5 38	7 54	0 54	18 49	14 55	10 49	11 52
10 49	11 50	2 57	4 55	1 51	6 52	3 39	9 47	16 48	12 51	18 44	13 47	7 44	8 57	19 57	14 40	17 41	5 55	15 40	0 58
2 50	16 56	5 44	17 42	0 51	6 50	19 58	18 54	8 46	9 46	10 59	12 53	14 43	4 48	13 50	1 43	15 49	11 63	3 47	7 49
11 51	8 44	10 44	18 54	7 51	13 52	3 42	5 60	4 51	2 46	6 55	19 47	17 53	12 60	16 61	0 54	14 46	9 47	15 51	1 46
5 40	17 50	11 57	15 47	0 49	1 52	18 54	9 44	3 48	2 55	14 43	13 45	6 57	19 49	4 50	12 46	16 55	8 47	10 46	7 62
7 54	8 54	9 53	19 45	18 57	15 45	2 52	17 50	5 48	0 59	10 49	11 50	3 50	12 45	1 52	13 57	6 45	14 58	4 45	16 53
16 47	15 52	9 47	3 51	19 50	0 52	18 40	6 53	10 52	13 52	8 46	17 45	1 46	2 51	11 53	7 54	12 52	5 50	14 52	4 46
1 44	6 53	9 48	4 51	17 48	8 52	3 54	16 39	18 47	11 44	15 44	7 47	13 52	14 44	10 51	12 52	0 48	2 57	19 47	5 44
1 52	18 48	7 53	4 48	3 55	16 48	12 45	0 46	14 58	2 54	15 48	17 54	19 51	9 49	8 46	6 45	11 54	13 54	10 50	5 44
11 47	13 62	0 49	14 56	2 57	15 58	16 50	4 58	8 47	9 58	3 57	7 57	17 53	19 44	6 43	18 48	5 58	10 39	12 50	1 50
2 53	8 56	17 53	19 51	3 44	11 58	5 55	7 45	0 48	16 56	18 48	12 50	14 53	15 50	4 41	13 48	9 45	6 49	10 51	1 48
11 51	18 52	3 39	5 46	19 48	8 45	12 59	4 47	15 50	6 45	1 53	7 50	16 57	17 43	0 46	10 52	14 48	13 52	2 49	9 38
6 60	1 56	7 55	11 51	19 49	14 62	12 43	16 48	10 50	18 48	3 51	15 44	9 52	0 54	8 42	2 44	5 54	17 58	13 53	4 44
2 46	3 47	9 51	1 50	8 47	18 49	11 47	19 48	16 52	10 42	6 53	7 40	5 56	14 45	17 54	0 52	15 56	12 45	4 48	13 63
11 47	16 54	2 52	0 42	1 54	8 45	17 54	15 53	9 53	3 47	5 43	7 42	12 43	18 52	10 56	6 52	13 46	4 48	14 49	19 53
7 52	5 44	13 49	18 49	12 37	6 55	4 51	9 44	17 54	10 42	8 56	2 52	11 41	14 45	19 47	3 56	16 52	1 46	15 46	0 50
9 47	2 54	6 48	3 43	8 53	4 51	12 61	16 57	11 45	10 60	7 46	5 52	17 52	1 50	19 49	14 46	0 42	15 47	18 55	13 58
13 54	18 55	19 44	15 50	16 57	6 55	0 40	12 46	2 48	4 58	3 51	5 47	10 59	11 43	1 50	17 44	8 48	7 41	14 50	9 52
13 49	12 48	0 45	5 46	8 48	1 52	11 53	2 53	9 55	19 41	15 60	3 45	18 41	4 48	10 51	17 54	16 49	7 39	14 49	6 45
19 58	10 44	9 50	1 49	18 51	5 45	2 49	7 46	8 46	15 53	0 54	4 64	16 62	11 48	3 51	12 48	6 50	13 56	17 49	14 51
15 54	7 47	9 44	6 46	3 56	8 45	5 49	12 49	13 45	16 59	1 53	18 54	11 53	14 50	19 44	0 57	10 56	2 52	17 39	4 53
1 49	15 58	12 50	8 46	2 44	0 57	13 55	18 55	17 54	9 49	19 51	5 55	14 51	11 41	4 60	16 55	6 49	3 47	7 58	10 49
1 54	13 52	0 46	10 52	2 44	3 55	11 50	6 50	19 51	4 54	7 45	9 50	12 47	8 52	17 55	18 58	5 53	14 48	15 47	16 52
0 51	14 53	6 42	18 45	13 45	7 58	2 54	4 51	10 48	16 54	11 56	5 38	15 54	9 59	8 51	19 51	17 50	12 39	1 50	3 54
10 54	5 57	18 51	7 49	11 46	12 47	15 43	14 54	16 55	9 61	3 42	0 48	6 58	4 53	17 48	13 54	1 48	2 50	8 54	19 65
18 55	17 49	15 52	9 52	16 52	8 50	6 55	2 57	10 43	14 56	1 53	0 51	3 55	13 47	7 41	5 45	19 48	11 46	12 50	4 47
15 58	7 48	16 51	19 51	12 55	18 55	2 52	5 55	0 49	9 46	1 51	6 47	8 50	11 57	17 48	10 55	3 49	4 46	14 49	13 48
4 48	8 48	18 58	7 55	19 44	16 50	1 48	11 57	6 51	2 49	14 43	10 48	13 39	3 55	5 40	0 53	15 49	17 51	12 52	9 39
18 50	13 46	7 49	15 54	8 50	14 57	19 52	9 46	3 57	1 52	12 49	6 51	5 48	11 49	10 53	16 54	17 51	0 54	2 51	4 45
2 45	3 51	11 55	13 54	18 48	17 51	15 51	0 50	16 56	9 43	14 52	5 55	1 43	10 65	7 55	8 51	19 39	12 48	6 53	4 55
11 53	14 45	2 49	8 50	5 47	3 49	4 49	7 53	6 52	12 41	13 45	19 56	17 46	16 52	18 46	10 51	0 55	9 46	15 57	1 48
19 56	12 49	2 56	1 60	6 55	4 54	0 47	13 42	8 50	16 54	7 52	3 48	11 43	9 46	17 51	18 58	14 49	15 49	10 50	5 52
10 46	19 52	0 48	16 51	15 54	5 40	13 43	17 46	3 50	11 46	6 52	7 50	4 44	9 50	18 47	2 52	8 53	14 51	12 47	1 43
2 42	14 44	11 58	7 52	17 52	5 43	0 57	18 55	12 51	9 52	19 47	13 59	8 51	16 50	15 56	4 47	6 53	3 47	10 60	1 55
3 42	10 60	5 50	12 52	17 54	4 53	9 54	15 60	8 46	18 50	16 52	11 46	1 51	7 48	13 45	0 60	6 54	2 45	19 51	14 43
19 47	5 48	1 48	0 51	2 43	9 46	18 49	3 47	12 44	11 51	16 42	8 49	15 55	7 51	10 50	14 48	6 67	4 52	17 48	13 58
2 51	15 53	10 57	5 48	14 50	12 46	3 50	1 43	8 53	4 51	19 43	17 38	16 42	13 48	11 58	0 46	6 46	18 48	7 49	9 51
13 49	5 56	10 54	19 44	18 50	3 49	6 49	16 49	4 57	2 57	12 48	8 52	9 49	1 57	15 49	17 57	0 46	11 53	7 47	14 50
5 46	18 54	15 51	6 53	0 54	14 46	16 45	12 49	10 53	17 55	1 53	4 47	3 41	2 50	8 52	19 45	9 53	7 57	11 55	13 37
2 50	0 55	18 51	12 47	7 52	13 47	15 46	3 54	4 48	11 44	5 51	8 57	19 54	9 45	17 49	1 47	16 56	10 50	6 52	14 43
12 45	11 49	2 52	1 52	14 63	17 45	9 48	5 50	8 45	6 48	18 50	19 42	10 44	3 57	16 46	4 53	13 38	0 57	7 43	15 47
15 51	17 53	10 53	6 52	0 50	16 45	14 55	12 55	11 51	4 61	2 49	7 54	3 48	13 53	8 52	1 46	5 53	18 49	9 48	19 59
10 42	12 41	1 47	5 48	8 39	13 59	18 47	11 56	15 47	14 53	17 47	19 43	7 54	9 50	2 61	6 48	16 48	4 48	0 50	3 42
1 52	10 50	16 59	6 55	17 52	19 48	2 56	11 42	4 56	15 53	8 51	14 55	9 54	7 44	18 41	3 44	13 41	12 49	0 43	5 41
8 40	0 49	18 52	6 56	9 41	1 55	13 48	14 48	10 52	17 56	12 45	3 45	11 52	5 45	15 49	16 55	19 59	7 51	2 51	4 45
6 51	14 50	2 64	8 45	11 52	18 43	1 54	10 47	5 46	7 43	15 56	4 53	0 57	17 43	19 54	12 60	3 52	9 53	13 44	16 55
13 49	0 46	4 50	8 52	7 46	9 48	17 53	10 52	3 56	16 45	19 58	2 49	18 56	15 59	1 53	6 47	11 50	12 56	14 48	5 47
12 56	15 48	10 51	14 58	8 48	5 52	7 48	3 43	9 65	2 54	1 46	6 49	11 54	4 55	16 57	18 46	13 54	19 42	0 54	17 56
7 46	10 51	4 49	5 52	9 53	17 48	0 44	1 48	14 50	18 52	15 49	13 49	3 58	16 50	12 49	8 62	19 45	11 46	6 52	2 46
4 57	11 54	8 52	3 52	12 47	19 42	13 53	0 56	14 53	17 47	18 48	1 58	6 54	10 60	16 47	5 41	7 54	9 46	15 52	2 45
0 54	14 56	6 40	11 59	5 39	16 54	10 43	3 48	18 44	7 45	4 58	1 47	13 48	17 54	2 53	12 60	9 57	8 51	15 52	19 53
7 49	6 53	5 56	8 49	9 50	13 46	4 52	1 48	19 50	0 44	2 45	17 55	14 53	11 46	18 52	10 49	3 49	16 49	12 42	15 49
15 52	12 51	9 44	8 47	16 46	10 52	2 45	17 48	14 48	11 55	1 46	3 48	4 45	0 49	13 46	19 51	5 47	6 52	7 50	18 60
13 54	19 51	4 55	11 41	5 40	14 51	7 60	3 36	1 55	0 51	2 45	18 39	9 57	16 40	6 52	10 51	8 60	12 49	15 51	17 63
17 50	11 41	10 55	19 51	0 54	5 55	9 52	12 49	13 47	14 46	15 58	6 48	16 50	3 49	4 55	18 46	2 55	1 55	8 46	7 54
6 50	8 54	5 51	7 43	13 47	10 55	15 41	4 49	19 55	12 46	17 58	0 54	18 48	9 46	3 48	11 50	1 53	16 51	2 50	14 50
19 63	9 48	7 51	12 45	14 52	1 63	5 48	4 47	3 42	16 55	2 49	18 53	0 45	17 53	8 42	10 44	13 39	11 51	6 55	15 41
15 50	13 44	3 49	2 47	14 48	1 48	17 38	11 54	9 56	5 45	19 55	16 54	4 56	8 50	12 53	18 51	6 51	0 52	7 45	10 53
7 49	14 50	15 42	8 56	5 54	13 48	1 45	6 54	10 48	12 51	18 48	16 51	3 57	0 45	4 52	17 51	11 46	2 39	19 51	9 51
2 46	5 51	12 49	4 43	17 49	11 38	3 53	7 43	19 56	16 41	0 51	14 50	9 52	10 52	1 48	6 54	18 58	15 52	13 37	8 44
16 57	8 47	7 50	13 48	19 53	9 44	12 50	15 47	18 53	10 54	5 50	1 49	11 47	2 50	6 47	4 57	14 51	17 61	0 53	3 48
0 48	2 46	10 42	15 52	6 52	13 51	12 45	19 50	14 50	7 53	18 54	4 51	1 45	17 44	5 54	16 50	9 43	11 55	8 51	3 53
10 46	9 46	7 49	11 60	14 50	16 51	6 56	8 47	5 48	1 52	2 52	15 52	13 48	0 45	3 39	12 55	19 48	17 56	18 46	4 45
13 51	18 50	4 46	17 39	15 49	11 49	8 51	12 45	5 51	7 55	19 49	10 52	2 45	3 52	6 48	14 50	9 53	0 47	16 52	1 52
11 52	17 51	7 60	18 48	1 46	3 51	12 53	14 55	4 48	16 56	8 52	13 50	0 47	15 56	9 55	10 52	19 50	5 60	2 41	6 49
