80	15
0 51	10 53	8 53	7 50	12 50	14 42	3 56	13 54	1 59	11 58	4 50	9 40	6 51	2 42	5 54
0 47	14 57	12 58	9 54	4 53	8 51	1 48	6 44	3 49	13 62	2 45	5 56	10 57	11 49	7 50
8 51	2 51	3 51	9 57	5 57	0 55	13 51	10 56	7 51	14 49	12 43	6 51	1 47	11 44	4 45
8 47	7 44	6 51	5 44	14 51	4 44	11 51	3 44	0 50	12 56	10 44	13 48	9 53	2 43	1 48
0 49	9 43	4 52	12 48	3 53	10 49	13 50	6 54	5 58	14 44	2 51	1 51	8 42	7 50	11 57
13 52	10 45	5 48	1 54	4 40	0 40	2 46	6 50	9 45	12 48	14 59	3 49	8 53	11 44	7 45
9 44	6 52	11 50	10 46	12 45	3 45	5 40	4 54	14 52	1 47	2 44	7 40	13 46	0 54	8 50
7 45	1 43	4 52	2 50	5 56	8 51	14 44	6 43	10 46	0 58	12 61	13 49	11 45	9 49	3 42
13 56	8 57	4 55	3 57	6 51	11 56	2 51	1 43	7 53	12 49	14 44	0 58	5 41	9 50	10 46
10 45	7 53	13 46	0 52	3 50	9 47	11 44	2 53	12 44	4 55	8 48	14 47	6 51	5 54	1 51
7 49	11 43	9 56	0 50	6 46	1 48	2 45	14 61	10 46	4 50	5 56	12 46	8 51	13 47	3 54
11 52	7 54	4 48	8 56	13 56	14 52	6 53	9 45	10 43	2 54	12 51	5 52	1 60	3 55	0 43
12 47	7 50	6 50	9 48	0 54	10 50	14 55	13 43	4 54	1 49	2 48	8 42	11 48	3 55	5 51
2 51	14 51	10 48	8 50	1 40	12 47	4 45	5 52	7 57	3 49	0 56	11 57	9 54	6 49	13 53
9 47	4 44	10 63	14 50	11 49	0 49	7 44	2 43	12 53	6 43	3 51	1 42	13 46	5 42	8 49
13 54	0 39	4 53	1 51	9 53	6 51	14 47	5 53	11 54	8 44	7 51	10 52	12 49	2 46	3 46
4 52	13 48	1 50	6 39	10 55	7 41	8 47	5 51	12 52	0 39	3 59	14 56	11 51	9 47	2 49
3 47	11 44	10 53	9 53	6 49	8 50	7 46	0 61	1 48	4 54	2 48	5 49	13 47	14 56	12 53
13 44	7 51	14 55	2 48	8 47	1 54	11 42	5 40	9 51	6 47	0 40	3 42	12 47	4 46	10 55
8 50	7 58	10 53	5 55	2 47	12 57	4 43	9 46	1 48	13 48	6 50	14 50	11 45	0 54	3 42
7 46	2 37	6 53	10 58	12 56	9 46	5 49	0 47	8 47	4 46	3 53	13 46	14 50	1 46	11 49
6 53	2 65	7 51	3 43	4 52	9 48	14 46	1 44	8 48	5 45	10 49	11 48	12 47	13 41	0 52
2 48	14 55	13 44	9 55	10 54	3 58	5 46	11 43	8 50	0 47	4 50	12 46	1 45	7 53	6 44
7 53	0 52	5 48	14 46	12 50	4 52	13 47	6 52	11 50	3 48	1 51	8 48	9 60	2 43	10 50
13 57	4 44	14 54	12 54	3 42	11 49	2 55	7 50	8 60	9 57	1 51	6 39	0 44	5 47	10 49
0 39	2 48	14 45	10 47	11 47	4 53	12 52	13 47	8 48	3 54	1 51	7 47	5 54	6 52	9 44
4 49	9 40	3 51	6 43	2 47	10 46	12 49	14 50	11 48	5 58	1 54	13 52	0 53	7 54	8 40
2 53	1 44	12 53	4 51	13 45	5 57	3 50	0 51	10 43	14 62	7 50	11 51	8 51	6 47	9 47
3 55	9 45	8 57	12 52	1 49	14 50	10 56	0 52	4 52	2 51	5 53	6 50	13 50	7 55	11 49
2 51	9 50	4 51	5 45	1 45	7 53	12 56	8 43	0 57	13 52	3 57	6 47	11 58	10 44	14 57
4 53	8 46	11 50	3 58	2 48	9 51	7 51	14 50	13 52	1 39	12 50	6 51	0 49	10 44	5 47
2 57	8 68	9 52	6 51	14 55	0 54	4 58	12 46	13 51	3 49	1 42	11 55	5 41	7 51	10 52
10 46	7 52	3 55	2 49	8 49	6 52	12 49	4 53	11 56	9 57	0 53	5 50	13 54	14 49	1 55
6 51	9 48	2 58	3 56	11 52	4 53	0 53	1 54	13 49	10 56	7 47	12 53	8 50	5 53	14 40
12 49	13 41	4 51	11 54	1 39	10 48	6 51	5 57	9 60	7 55	2 46	14 47	3 43	0 47	8 55
8 50	9 50	0 38	4 49	14 53	6 50	7 52	1 52	3 46	10 53	12 46	13 55	11 50	2 52	5 53
13 60	4 55	0 47	6 56	2 56	8 52	1 52	7 51	10 46	5 51	3 50	9 45	12 50	11 49	14 56
8 55	5 52	2 47	1 48	11 45	14 52	13 48	9 60	12 48	4 50	7 50	6 47	3 43	10 52	0 49
11 57	7 54	2 50	4 45	10 53	0 46	5 50	8 45	9 45	14 45	1 49	3 42	13 54	12 54	6 43
10 47	13 50	3 53	9 47	7 53	11 49	2 53	14 47	6 54	0 50	1 50	12 46	4 44	8 50	5 57
7 47	5 51	4 56	12 50	11 50	2 50	14 49	0 50	13 51	9 44	10 53	6 49	8 46	3 43	1 44
4 58	6 48	0 40	13 53	14 44	12 49	10 47	2 47	9 54	11 54	5 45	3 50	8 48	1 53	7 46
9 51	7 55	1 53	13 44	5 41	10 53	0 46	11 52	12 50	4 52	2 49	3 50	6 51	8 63	14 44
0 49	1 53	9 57	4 59	3 38	13 48	2 57	5 49	6 50	14 58	11 48	8 45	12 51	10 52	7 47
9 47	13 34	2 48	1 53	6 57	12 45	0 45	7 46	8 47	11 48	14 54	4 57	3 48	10 49	5 52
11 48	5 58	7 51	14 52	6 50	0 54	12 51	9 53	8 52	3 55	10 49	2 48	1 50	13 61	4 48
7 64	4 46	3 50	1 49	6 50	14 47	13 46	8 50	12 51	0 52	9 51	11 44	2 59	5 47	10 48
13 56	6 55	9 54	10 49	11 51	4 56	2 47	12 52	8 47	7 51	0 51	3 60	14 56	5 53	1 53
4 42	3 50	1 37	14 46	2 47	0 44	13 52	6 46	9 47	5 50	12 52	10 56	7 55	8 43	11 54
8 45	10 45	9 53	1 51	0 47	7 49	11 46	12 48	6 48	3 45	4 53	2 53	14 48	13 47	5 43
0 55	10 41	4 55	12 51	9 48	1 47	6 50	8 58	7 50	2 58	14 54	3 55	5 50	11 50	13 56
14 52	10 46	5 50	0 54	9 50	1 45	7 46	4 50	11 55	13 55	12 45	2 51	3 49	8 44	6 49
11 59	12 44	0 47	8 43	2 46	9 57	3 52	6 58	10 53	4 46	7 50	13 50	14 47	5 53	1 40
1 45	6 50	5 50	7 53	10 57	3 51	14 48	12 47	9 42	2 50	0 65	8 50	13 46	11 53	4 42
12 54	0 55	9 56	11 55	3 47	8 43	6 48	1 45	14 53	10 40	2 54	13 50	5 48	7 46	4 55
6 61	5 49	0 56	9 50	1 52	7 48	13 48	2 55	14 45	4 56	3 52	12 55	8 53	11 53	10 54
5 53	11 49	0 40	12 49	4 47	7 49	8 50	10 45	9 52	13 48	1 54	2 60	3 46	14 56	6 50
12 50	3 49	1 52	14 45	6 50	2 56	9 47	7 51	8 47	13 56	11 51	10 49	5 50	0 53	4 49
11 50	10 46	5 58	1 44	9 49	12 52	2 48	4 39	3 54	14 49	6 55	8 45	7 56	13 55	0 53
1 53	4 59	14 58	2 51	3 47	6 56	9 51	8 52	12 47	5 38	0 40	13 46	11 41	10 53	7 55
0 64	5 47	2 44	11 45	3 55	14 48	9 49	13 44	6 47	1 50	4 46	12 44	8 44	7 50	10 45
8 45	9 48	1 53	13 49	10 47	7 39	5 44	11 50	14 53	12 52	0 50	6 45	3 48	4 57	2 52
13 55	7 52	12 48	4 44	9 47	3 51	6 54	5 48	0 49	14 50	11 53	1 48	10 55	2 46	8 45
9 47	0 43	1 50	7 55	6 53	12 52	2 55	13 58	3 48	4 50	5 61	11 45	14 48	8 47	10 44
2 45	6 61	14 46	7 51	9 53	12 57	5 48	0 47	3 55	4 56	11 55	1 56	10 46	8 55	13 51
0 51	4 47	1 58	6 51	11 60	9 53	2 55	8 52	10 52	13 44	3 46	12 45	7 48	14 47	5 42
11 40	3 48	8 50	13 45	6 51	12 52	10 48	1 41	2 58	7 47	4 49	14 44	5 50	0 55	9 46
13 51	12 51	10 47	9 51	5 55	4 51	14 53	0 44	7 50	2 46	1 53	6 46	3 50	8 50	11 51
0 53	9 50	11 51	7 56	14 56	10 51	8 44	1 44	13 51	6 45	3 44	5 53	4 54	2 51	12 50
4 50	1 49	3 51	10 54	13 52	0 50	2 54	7 62	8 52	9 51	14 48	11 42	5 41	12 43	6 50
5 49	3 53	0 49	7 54	8 42	1 52	6 52	10 44	14 48	12 55	13 60	2 48	4 52	11 52	9 53
7 51	10 46	12 58	0 50	4 57	3 43	13 60	9 40	8 46	1 50	11 49	14 53	6 46	2 48	5 47
2 54	14 56	1 51	4 53	11 47	10 47	6 47	5 53	8 56	7 48	3 48	12 51	9 51	13 48	0 48
1 53	11 57	14 43	2 45	6 50	8 49	3 55	12 49	4 45	7 39	9 50	5 42	0 47	10 46	13 55
1 45	12 41	2 50	14 48	8 49	13 49	9 51	0 51	5 69	6 52	7 50	10 50	11 44	3 53	4 49
5 55	9 52	12 50	11 50	1 53	7 57	4 51	3 46	10 45	2 52	14 50	13 46	6 44	8 48	0 51
3 39	4 57	10 39	14 52	1 48	7 44	9 50	2 54	8 55	0 44	13 59	12 51	6 61	5 49	11 48
3 42	9 48	4 56	10 50	13 50	1 55	2 51	6 44	5 43	12 57	14 48	0 53	8 48	7 53	11 54
10 57	14 42	9 59	7 53	3 50	6 50	0 44	12 43	1 57	8 42	13 52	2 34	11 44	5 47	4 44
9 58	8 41	14 50	5 51	10 48	11 58	6 50	7 54	12 53	2 55	3 51	1 43	4 40	0 42	13 51
