100	100
99 56	36 43	85 55	90 50	2 59	38 53	43 46	21 45	94 41	53 49	11 48	62 58	40 53	49 54	70 44	25 50	87 50	96 46	69 50	73 50	6 52	77 46	92 64	82 48	60 59	33 47	88 54	95 48	46 49	75 51	39 46	79 51	29 50	7 58	83 56	26 40	65 36	84 53	91 54	58 50	80 52	74 52	63 50	16 47	42 48	15 45	10 51	31 48	24 55	14 61	4 39	27 38	30 52	37 52	61 43	66 52	59 48	3 43	13 46	0 53	47 51	50 52	68 56	76 60	57 51	18 63	9 51	48 53	56 49	22 48	20 45	64 52	54 52	5 54	34 54	86 51	72 48	67 46	45 56	71 55	51 52	28 54	89 47	19 49	55 51	52 57	1 57	8 54	12 52	32 52	41 48	98 54	35 54	44 54	23 56	17 48	78 43	81 50	97 48	93 49
73 43	45 51	88 46	7 44	66 50	72 57	10 53	59 52	35 44	5 43	54 54	46 59	23 47	21 50	12 41	19 48	48 58	57 50	14 51	65 46	64 58	20 49	85 56	78 47	68 49	3 54	83 46	50 53	89 54	47 57	11 42	76 51	37 46	17 54	40 56	18 39	71 49	2 51	34 57	53 43	51 50	1 54	95 45	52 55	8 47	82 44	36 54	27 47	80 53	43 46	41 41	74 46	87 50	15 47	69 53	9 53	60 56	77 60	75 60	33 50	63 46	4 52	96 47	13 53	62 55	32 47	38 43	56 45	55 50	84 43	28 42	67 45	29 49	49 52	39 52	70 42	94 53	99 49	25 53	97 38	16 47	0 55	26 46	42 52	86 47	24 53	98 58	58 41	61 55	6 57	31 48	44 45	22 57	92 56	79 48	30 54	93 55	81 50	91 46	90 46
55 52	43 48	76 60	71 51	20 50	63 53	99 57	59 42	40 51	32 50	98 48	46 52	57 49	89 50	64 42	41 44	19 51	15 45	53 58	78 52	11 41	80 53	88 52	10 44	52 42	70 44	21 57	68 50	24 49	93 51	22 46	58 53	6 52	67 44	85 51	30 56	47 46	72 52	60 53	7 47	38 54	97 43	5 47	74 47	45 54	90 51	82 52	12 51	49 51	91 48	39 55	0 57	4 48	66 50	31 49	69 48	36 56	92 48	65 60	83 44	56 42	28 41	9 40	23 51	84 54	94 47	29 43	34 51	62 52	1 55	81 53	96 42	42 43	25 50	33 52	51 53	48 49	35 53	73 47	50 43	8 47	86 55	87 47	27 45	14 52	26 60	54 60	79 42	61 41	37 42	13 52	3 53	44 46	17 48	95 54	2 52	18 46	16 51	77 47	75 42
49 49	14 37	66 43	62 43	58 47	11 57	77 47	1 48	25 52	13 52	15 54	97 52	65 38	29 46	61 44	2 57	16 44	87 55	68 51	60 54	26 45	7 54	76 48	95 50	69 51	43 52	90 46	17 40	41 52	5 52	35 68	37 49	56 51	71 43	32 55	88 55	23 54	78 49	31 51	28 50	59 42	98 45	3 54	80 48	89 57	20 60	33 49	42 55	91 52	0 57	51 49	57 52	84 43	9 52	34 53	94 50	72 52	54 52	36 48	52 54	21 54	83 56	55 59	6 47	75 55	67 56	18 45	79 52	27 50	70 56	64 45	40 52	38 48	96 48	48 61	93 49	73 52	74 40	45 52	47 57	44 38	12 43	24 50	92 44	22 56	8 42	85 54	4 50	86 52	30 51	39 46	82 50	53 43	50 52	46 52	81 48	63 48	19 56	99 61	10 59
15 54	17 50	20 59	73 44	32 59	64 44	19 59	81 39	85 49	22 55	39 46	92 48	4 48	54 42	25 56	88 54	2 55	40 49	98 40	97 47	33 53	84 49	71 47	67 52	68 48	72 43	53 48	60 49	36 54	95 48	93 50	83 50	16 42	43 47	26 55	49 53	30 50	44 53	3 55	13 48	37 51	48 51	79 45	28 52	58 45	42 48	5 50	8 45	86 55	27 55	61 51	78 49	31 40	94 51	6 50	35 48	69 55	59 48	18 45	11 58	82 53	89 53	70 58	45 45	90 46	63 50	87 53	52 45	24 55	75 44	34 53	51 53	65 52	10 50	96 48	9 52	0 49	21 52	55 46	74 58	76 50	14 48	47 49	77 46	99 56	12 44	41 41	7 51	23 46	62 48	46 47	80 46	29 45	56 54	38 46	57 49	91 48	1 56	66 52	50 47
68 45	37 56	65 51	77 49	56 45	39 50	50 46	62 56	29 46	47 55	52 40	71 56	90 55	95 48	64 49	11 38	31 49	6 37	87 51	92 46	53 44	10 54	42 45	59 51	5 53	30 43	34 50	98 46	2 44	60 49	80 52	14 46	82 53	46 52	19 40	27 46	66 56	83 49	78 49	38 46	32 52	55 54	85 49	20 49	3 43	88 50	58 50	97 60	81 47	69 52	16 49	61 42	70 55	1 47	54 47	17 49	57 45	48 51	96 48	44 46	43 53	35 50	41 51	72 49	91 44	74 44	89 51	12 59	33 62	99 40	94 44	73 57	24 50	84 46	23 45	18 43	51 45	67 49	25 51	45 44	26 58	40 50	22 47	93 44	36 49	0 51	13 55	15 45	9 56	49 55	21 52	86 48	28 52	79 49	63 47	7 59	4 47	8 53	75 47	76 50
72 54	2 43	91 48	78 50	9 41	23 45	93 46	61 39	50 48	31 53	6 50	49 49	46 51	77 42	13 47	63 43	35 55	43 54	92 51	5 57	94 52	66 52	82 51	83 48	70 49	48 55	14 52	81 51	33 49	8 51	71 48	52 52	45 45	58 50	40 52	87 54	17 56	86 53	30 58	32 40	39 48	57 47	95 55	90 47	56 50	79 55	10 45	24 53	88 42	22 45	3 52	54 53	64 61	96 62	98 49	60 52	42 52	76 48	53 53	62 50	85 47	75 52	97 55	89 49	74 52	51 47	21 52	36 47	11 52	67 41	65 51	44 46	68 53	38 53	99 45	4 51	1 58	55 54	26 43	27 53	41 42	80 50	73 52	19 42	37 41	29 47	34 48	84 47	69 59	25 56	12 53	0 53	7 50	16 56	59 47	18 58	15 44	47 50	20 47	28 48
28 57	22 48	13 47	44 54	6 48	63 46	69 47	26 52	86 43	53 41	71 54	11 54	58 59	81 50	40 50	16 49	35 54	97 48	99 59	19 50	82 39	73 57	5 59	38 48	23 53	91 51	2 46	37 46	76 51	57 42	36 53	93 52	32 47	92 50	45 51	50 48	29 51	48 56	62 44	55 40	21 56	60 53	18 47	41 54	34 48	75 46	67 49	87 52	98 61	65 58	15 48	72 55	79 45	64 46	49 50	96 51	8 58	9 41	54 55	33 51	78 39	61 42	56 50	14 49	83 55	59 45	90 44	12 49	3 49	42 56	95 48	4 52	43 42	68 50	31 45	51 53	94 45	52 51	27 53	1 49	89 52	0 41	46 47	39 44	10 44	77 49	88 53	70 49	47 51	24 55	7 54	25 52	80 51	30 51	74 44	66 52	17 48	84 54	85 49	20 46
55 48	26 47	71 46	28 51	1 52	97 53	60 47	61 45	54 53	56 57	40 53	10 42	34 47	14 55	85 54	73 55	42 54	33 48	45 47	88 48	63 41	20 38	12 61	39 47	75 44	67 53	37 57	43 46	76 59	35 47	23 52	66 55	89 48	3 47	77 52	84 50	4 51	19 43	6 52	41 55	47 44	95 48	2 44	74 46	57 56	99 61	87 48	48 44	21 52	44 53	59 49	65 49	51 57	36 62	22 50	0 53	82 52	30 48	7 46	83 49	11 40	80 64	53 46	9 50	50 52	27 46	18 48	5 48	32 47	94 55	98 46	24 54	46 52	70 54	49 47	68 44	25 49	78 40	69 53	64 52	62 50	79 45	91 46	13 49	29 58	72 48	38 56	81 50	58 43	8 53	17 53	96 46	15 58	31 52	16 55	90 47	92 41	93 47	52 47	86 61
58 51	46 45	77 55	64 51	47 38	89 44	38 41	21 42	66 48	7 49	98 50	43 51	1 45	9 53	13 51	15 53	56 54	85 49	19 40	25 46	60 46	34 46	29 52	16 47	88 46	71 49	68 48	53 43	51 41	35 53	96 51	87 50	50 51	86 52	67 47	0 49	39 54	42 51	18 54	49 40	90 46	32 51	63 46	6 52	91 55	45 59	79 55	97 54	57 52	3 49	11 51	20 53	36 49	65 53	14 48	69 50	31 54	75 50	52 47	95 56	62 45	81 49	99 56	83 51	93 60	92 50	33 47	76 49	73 62	61 43	55 56	2 43	82 53	8 44	4 52	80 44	78 47	37 48	24 60	12 38	27 56	72 42	26 47	94 56	48 53	22 48	40 48	28 50	59 56	84 54	70 46	23 50	30 46	74 46	44 49	41 45	17 48	54 48	5 58	10 47
62 48	91 48	26 56	15 53	50 46	0 47	33 52	82 56	68 50	47 51	67 48	65 54	9 50	45 48	80 52	95 47	41 57	75 53	69 47	39 56	17 48	59 50	66 45	86 55	77 43	31 50	42 54	10 44	88 50	5 48	48 56	29 55	1 44	38 54	24 55	44 48	81 48	64 45	96 48	18 45	72 55	87 45	93 50	54 44	49 36	74 48	79 47	83 51	63 44	89 52	85 46	70 46	14 50	43 61	98 48	76 47	84 52	21 52	16 57	46 49	78 56	37 51	22 50	53 58	55 52	51 50	13 49	32 43	56 48	6 52	11 59	61 46	34 46	99 54	36 44	52 46	57 44	19 50	71 47	97 49	94 48	28 49	90 50	27 52	40 45	4 49	73 50	58 46	23 40	12 48	35 48	7 52	25 56	3 45	20 44	2 43	60 46	92 50	8 52	30 58
20 40	70 47	95 40	6 46	42 47	61 53	12 45	88 44	63 56	37 57	62 59	47 52	58 53	92 50	19 54	10 57	49 54	60 55	3 51	22 48	8 47	0 57	7 59	79 48	13 53	85 49	45 45	32 53	82 56	66 48	99 48	31 53	15 51	87 51	75 45	86 50	21 43	17 47	67 52	16 52	25 49	5 55	52 47	14 48	48 51	33 48	39 50	97 49	81 43	1 48	50 42	29 47	4 56	72 52	69 46	77 52	98 47	64 46	57 51	41 47	96 50	54 49	35 49	51 47	34 48	65 53	28 49	23 56	71 51	43 56	24 53	93 54	40 52	55 49	83 54	44 59	9 49	11 46	46 57	2 45	78 38	91 57	73 44	80 57	30 51	27 54	53 48	18 55	94 44	90 53	74 49	59 54	68 47	56 56	36 46	26 38	76 45	89 49	38 58	84 54
91 48	76 54	6 46	26 52	79 49	41 48	47 56	77 46	23 52	99 50	66 54	20 49	56 45	96 56	65 48	45 47	10 50	40 50	13 54	58 47	17 44	70 51	28 49	25 49	19 48	29 49	38 50	55 44	78 54	12 52	83 51	63 55	9 56	88 55	39 49	93 46	1 46	3 57	18 53	16 42	52 53	72 51	64 45	86 48	92 49	74 54	94 57	53 46	80 50	31 45	21 54	37 59	42 52	7 53	90 48	48 40	33 55	59 47	97 44	34 51	73 43	98 51	87 51	36 51	5 51	22 46	71 47	46 59	68 52	27 51	85 46	2 45	44 44	24 51	89 48	82 51	54 44	35 47	14 53	69 41	57 51	81 50	43 51	67 53	95 53	15 56	30 48	51 46	75 49	11 47	50 50	84 55	32 57	49 43	0 52	61 45	4 60	8 43	62 52	60 53
82 62	63 40	18 44	76 48	72 48	30 46	49 59	12 49	4 55	47 60	6 50	13 50	56 48	10 56	43 54	64 51	95 47	40 52	66 53	83 50	98 45	25 52	14 58	99 51	24 49	94 41	68 52	59 59	77 54	96 54	54 47	29 49	27 46	65 50	33 49	28 41	84 48	42 44	67 62	48 50	50 47	62 51	2 43	97 53	89 58	44 59	9 46	32 56	85 53	15 48	41 50	53 44	73 50	79 47	5 49	46 44	93 52	69 52	80 46	87 46	57 47	7 51	78 56	16 52	22 54	86 51	75 47	45 42	26 49	51 53	35 50	19 49	61 55	38 49	74 57	91 47	71 54	1 45	81 46	70 48	20 48	31 45	52 38	11 54	21 53	17 50	55 60	92 53	0 63	39 52	37 55	8 49	36 50	60 59	3 51	90 56	58 49	88 47	23 51	34 43
2 54	8 57	44 47	84 52	35 49	20 55	50 49	99 56	61 50	64 56	51 49	10 49	39 50	92 50	31 54	63 52	37 56	80 50	62 52	29 38	40 50	46 50	57 45	88 50	41 54	98 46	9 57	72 55	91 56	38 41	25 49	85 44	87 54	75 52	42 63	86 47	48 44	68 55	73 47	78 51	18 45	0 53	24 54	36 44	16 49	3 50	27 54	53 54	77 39	54 56	83 57	89 58	26 56	90 43	4 53	69 52	76 52	52 55	15 42	30 50	45 51	70 48	14 44	19 56	58 53	97 52	34 53	1 50	22 59	49 51	7 46	96 53	65 44	33 53	66 52	95 52	47 52	32 48	81 44	79 49	23 65	11 47	17 48	5 50	94 51	55 50	56 56	12 46	59 48	74 56	28 53	82 59	43 58	93 55	71 51	60 52	67 46	21 47	6 56	13 52
45 45	14 55	86 43	46 55	60 52	11 42	82 52	23 45	16 42	30 53	66 45	7 46	42 57	2 51	55 48	70 44	44 53	77 57	39 51	91 52	79 44	80 52	48 49	5 54	26 55	69 46	29 54	38 51	19 43	18 43	61 42	93 50	95 53	12 45	90 51	27 48	74 54	88 54	76 57	10 50	75 50	78 54	59 54	56 59	97 49	81 47	85 44	87 50	6 56	25 50	96 54	71 60	63 45	67 54	8 48	64 44	73 48	84 50	41 46	40 46	24 43	65 53	47 52	54 47	15 47	52 40	57 56	53 38	98 44	99 49	17 41	3 49	89 46	49 40	1 57	9 37	34 59	68 57	37 49	32 56	13 55	33 50	31 44	51 52	4 53	28 48	83 54	0 53	50 48	21 49	58 46	43 61	72 46	94 48	62 48	22 47	92 52	36 48	20 46	35 43
81 56	30 52	98 52	11 51	16 51	40 53	13 54	94 48	76 37	32 56	54 43	39 50	45 48	38 37	28 53	25 43	86 48	9 55	87 51	64 50	68 46	44 51	37 50	53 53	43 61	14 56	22 49	93 44	23 55	27 56	61 48	57 44	59 48	18 49	82 55	99 50	55 46	4 49	84 47	19 49	36 43	48 59	71 54	69 55	80 59	8 42	17 49	47 61	10 51	58 55	21 53	85 51	26 54	72 47	34 51	31 47	67 51	42 50	50 58	3 54	46 49	89 49	15 45	91 51	77 48	29 46	92 49	90 53	24 54	6 46	75 46	1 55	88 52	78 47	66 47	62 49	51 51	70 46	2 47	41 38	73 55	52 43	74 55	79 52	60 48	5 55	33 46	83 51	12 54	20 46	97 50	56 45	63 54	95 56	96 51	49 48	65 54	0 40	7 51	35 47
46 55	10 49	23 55	29 51	48 51	78 45	45 47	69 42	77 55	57 50	67 55	7 44	20 56	14 49	3 46	21 49	79 53	61 48	89 42	17 54	96 52	84 61	94 40	25 45	64 51	72 56	95 49	63 57	2 44	62 63	82 53	49 49	73 56	52 54	37 45	66 51	18 49	9 51	53 50	80 42	50 53	15 47	43 43	97 47	42 48	58 55	27 52	86 46	5 43	0 47	51 48	85 45	47 49	74 51	87 53	83 48	56 60	59 53	34 57	31 47	33 53	93 51	60 52	71 47	19 43	98 41	92 46	65 49	88 56	75 51	38 56	4 44	16 56	44 46	55 44	35 50	54 55	90 49	11 47	76 53	99 43	81 43	6 53	24 53	12 54	28 55	26 37	41 48	1 49	30 44	32 43	13 49	8 51	22 48	40 53	70 49	39 46	91 53	36 45	68 49
14 48	86 47	54 52	79 42	64 55	83 51	50 62	17 52	91 48	30 49	70 46	42 47	22 56	9 45	36 51	71 42	7 51	85 48	61 43	60 49	13 52	34 53	52 51	84 43	10 53	35 55	74 58	15 50	45 54	65 47	5 42	31 47	12 49	8 44	25 42	4 55	44 62	89 45	53 46	93 40	66 48	92 56	33 50	88 57	95 58	77 44	27 54	80 49	23 51	97 53	1 49	48 56	0 57	6 55	11 44	40 52	26 52	72 54	96 55	63 57	16 48	41 44	87 51	56 48	68 53	55 55	67 50	99 49	75 47	90 49	69 46	24 53	37 51	82 51	18 39	38 51	39 54	58 51	57 46	43 45	2 58	21 52	78 54	47 45	62 46	29 52	32 41	73 51	46 51	76 46	98 55	19 50	49 50	20 50	28 54	51 59	59 46	81 53	94 50	3 52
80 44	85 44	39 41	12 58	19 50	45 53	13 49	82 47	77 53	74 41	11 48	68 53	79 53	70 51	29 60	14 56	43 52	91 39	92 48	65 55	87 46	55 50	7 48	17 53	78 57	64 58	75 42	76 42	97 50	48 54	94 57	30 52	49 53	34 42	95 55	93 49	23 50	9 43	73 54	69 43	84 46	89 52	20 45	72 47	96 55	21 52	25 52	2 42	58 57	88 44	63 45	54 52	67 44	26 52	36 49	27 43	50 52	5 54	41 52	38 51	98 51	4 40	37 53	46 54	71 60	83 46	81 55	8 49	53 57	3 51	44 52	42 45	10 53	28 54	57 48	99 51	59 46	61 40	35 57	62 51	40 56	6 56	0 44	22 50	16 57	1 57	18 55	56 45	52 53	90 47	47 50	15 48	32 58	60 46	66 52	86 54	31 45	33 57	24 60	51 56
36 51	39 39	79 47	22 48	16 60	20 48	67 49	64 49	93 54	34 44	8 52	73 47	84 54	83 51	94 46	61 44	80 52	4 47	18 48	17 37	70 52	50 48	28 49	99 59	65 56	14 49	96 50	71 48	54 40	45 51	75 57	41 51	56 53	13 48	55 49	40 60	19 52	86 46	53 55	10 46	95 55	58 48	38 50	47 46	89 44	5 46	98 44	63 50	51 52	35 50	68 46	46 50	42 46	81 62	12 52	77 44	0 57	9 52	26 46	49 54	48 52	7 60	31 51	88 54	24 53	33 52	52 51	27 49	62 54	69 52	85 57	21 63	30 39	74 52	90 50	23 40	76 51	25 47	1 57	60 44	44 53	72 55	87 57	97 53	6 53	29 44	32 47	11 51	15 52	3 51	91 48	57 52	37 51	43 46	92 48	66 46	2 44	78 43	59 53	82 52
83 49	52 46	9 36	62 48	67 46	3 41	58 43	42 56	70 49	48 52	57 48	19 52	32 47	85 55	64 44	27 49	31 54	47 62	44 51	40 46	98 51	84 54	49 38	20 50	73 53	65 48	81 46	86 52	13 52	76 52	0 45	56 51	33 56	14 49	80 52	74 51	78 54	75 42	95 55	30 48	28 59	41 54	72 50	59 55	6 54	87 48	18 54	23 51	36 49	5 45	71 51	79 46	68 46	55 49	16 57	25 53	22 50	12 51	45 52	43 54	82 57	77 54	39 43	29 49	99 49	8 52	96 51	69 44	88 48	35 49	37 44	24 50	66 46	53 43	97 44	1 49	38 59	15 45	21 56	94 46	4 45	2 44	63 50	26 48	60 53	10 54	51 55	90 56	7 46	17 52	34 59	92 48	50 53	89 46	11 47	54 46	61 46	46 46	93 56	91 50
44 53	87 53	55 50	4 53	67 49	88 47	54 51	74 57	81 49	75 44	98 47	79 51	64 41	58 61	11 53	22 60	71 48	92 51	1 54	8 53	39 50	68 47	34 49	7 56	83 51	38 52	49 60	23 48	52 42	42 51	14 52	61 47	9 50	5 43	77 53	72 47	32 55	97 61	51 45	70 48	0 52	89 47	40 49	82 45	31 51	29 48	59 46	17 60	16 48	18 45	63 36	65 51	56 43	21 42	50 52	2 48	3 46	33 40	36 52	53 51	96 47	91 47	60 61	94 49	48 52	47 52	41 52	25 43	27 56	99 47	20 55	6 47	66 52	28 54	84 49	19 51	10 50	24 50	90 43	73 46	13 47	15 43	57 36	35 47	43 49	37 40	86 51	62 55	93 45	26 48	46 43	12 47	45 51	80 51	85 49	30 50	69 51	95 54	78 45	76 45
78 48	6 44	33 42	95 51	74 40	9 45	5 54	85 57	68 49	29 46	23 51	24 53	0 46	90 44	99 51	11 54	20 56	55 45	86 58	94 49	28 55	53 55	77 49	21 55	76 47	89 54	1 45	52 49	59 51	43 42	71 52	45 48	49 54	14 55	54 57	98 44	72 53	69 48	79 57	16 39	75 48	13 60	8 48	70 50	40 50	2 57	19 58	66 41	73 49	88 44	61 48	25 45	81 45	64 50	10 51	15 48	93 45	83 53	4 52	17 45	67 43	35 50	44 46	32 49	92 53	38 45	46 57	60 41	36 50	65 51	27 45	34 50	80 45	18 51	42 44	51 54	63 51	41 58	39 55	12 48	26 53	22 50	37 44	57 46	47 41	3 43	96 49	56 50	30 50	87 45	31 46	97 51	48 59	62 54	91 48	58 47	82 44	50 45	7 53	84 47
45 40	42 52	29 52	39 50	80 58	79 51	49 51	96 50	5 58	82 50	37 56	19 50	55 52	22 52	75 51	46 47	88 49	9 46	6 50	99 43	61 55	20 52	33 45	8 54	4 48	65 46	26 47	25 49	14 58	18 44	70 49	21 49	69 52	66 50	97 54	89 47	62 55	93 47	40 41	47 53	15 46	44 43	43 68	72 42	28 46	41 47	23 52	58 52	57 51	11 44	2 47	53 45	3 46	31 49	59 51	86 50	76 57	63 50	30 50	38 50	52 54	71 58	74 50	78 55	50 49	13 51	94 55	32 46	7 48	12 46	85 51	27 48	10 49	34 51	91 53	35 46	98 52	56 45	81 52	17 49	51 47	64 47	77 55	83 52	92 52	1 52	16 63	24 55	67 54	60 51	73 47	36 51	48 40	68 49	87 41	0 51	54 65	84 53	90 48	95 56
88 51	31 50	19 50	61 46	51 54	96 45	52 52	12 47	58 52	38 49	84 55	53 50	54 51	81 49	42 56	8 57	78 42	29 49	47 42	30 45	89 47	85 51	33 45	48 47	62 51	10 47	68 50	46 51	75 62	86 45	26 59	60 47	7 53	90 49	37 54	55 50	87 58	44 54	14 50	69 52	91 55	43 48	93 49	80 49	59 56	57 57	24 50	67 55	3 56	66 56	13 56	17 51	28 48	94 46	18 52	63 54	99 53	2 56	95 64	22 47	35 48	9 45	11 53	49 53	72 59	73 47	74 52	45 47	40 46	56 49	82 53	27 48	79 32	92 43	34 47	15 41	5 45	65 60	36 46	50 50	70 52	39 49	4 51	71 45	77 43	32 49	83 46	25 48	0 47	97 46	21 46	64 58	20 52	23 51	1 52	6 45	16 51	41 57	98 47	76 54
54 52	64 53	37 45	80 55	62 45	66 44	74 59	96 48	52 53	30 51	60 47	19 42	94 58	67 57	55 49	73 49	33 57	47 44	57 44	16 49	24 48	86 48	98 43	81 55	93 50	61 45	87 49	42 57	9 48	56 47	5 51	48 48	4 47	90 52	45 54	82 44	12 47	25 52	76 49	46 49	89 46	36 50	35 53	31 47	10 53	18 47	0 49	8 40	69 50	20 50	95 59	65 50	6 55	85 52	79 52	92 61	3 52	2 46	14 50	17 58	97 46	15 55	34 55	13 56	40 56	23 43	7 58	99 45	91 49	32 53	28 53	78 48	53 50	22 53	1 42	49 52	41 54	26 56	77 48	11 48	84 52	83 52	88 43	58 51	59 53	44 47	43 51	27 49	68 53	38 53	39 47	63 45	75 54	71 47	51 54	50 53	21 49	72 57	29 44	70 49
13 53	54 43	84 47	19 44	45 52	51 51	48 47	2 47	50 60	36 51	0 59	65 47	95 46	58 50	90 56	69 48	11 55	38 56	91 47	33 54	12 51	98 49	18 47	60 56	21 48	17 39	20 49	89 47	27 57	70 48	37 48	35 59	1 51	31 53	40 52	59 36	80 46	77 41	73 45	68 48	75 55	7 52	99 57	67 57	10 49	25 51	46 49	47 41	96 46	43 46	79 53	29 49	92 54	61 53	81 46	24 61	23 46	72 52	9 43	3 52	63 51	85 62	66 51	88 47	83 49	34 63	74 50	86 46	87 54	28 52	55 47	44 53	93 57	8 40	64 54	94 48	57 49	22 49	62 62	71 46	56 45	5 55	82 50	4 50	49 56	42 48	26 54	39 56	15 47	52 54	32 46	76 61	30 38	6 49	41 53	78 52	16 53	14 47	97 42	53 40
53 47	83 42	69 50	67 49	37 55	74 52	35 41	30 43	70 48	20 49	23 48	81 54	39 52	62 47	84 61	55 53	29 51	98 47	0 48	1 50	52 51	50 56	7 49	49 50	85 51	46 51	51 45	60 51	42 46	99 52	45 47	3 59	38 51	2 48	13 54	68 49	34 51	64 45	94 51	21 45	9 53	75 54	61 39	36 58	97 47	41 49	16 48	86 47	57 44	80 47	73 49	47 45	44 46	32 56	65 57	22 42	24 53	43 39	92 49	66 46	5 47	79 45	11 41	93 43	58 45	91 48	56 49	8 51	19 42	82 52	71 45	63 52	59 53	25 37	88 55	95 51	96 52	77 55	90 54	33 44	72 47	15 48	14 52	87 49	48 43	76 52	27 58	89 44	12 53	6 45	18 44	54 50	26 53	40 51	78 48	4 58	28 59	31 48	17 38	10 39
75 45	6 45	92 44	85 46	3 36	77 50	89 50	32 52	76 53	91 48	33 45	96 42	66 56	4 47	65 53	0 55	17 36	29 42	30 52	39 54	68 53	55 48	97 48	26 49	70 57	50 65	59 50	90 40	31 45	28 58	72 47	58 47	44 51	25 43	82 53	57 52	54 56	52 60	87 45	79 44	34 50	8 46	73 48	69 48	74 48	86 50	64 55	81 46	5 50	23 48	2 53	47 54	53 49	67 48	14 50	49 53	94 45	93 54	98 45	10 51	35 56	80 55	42 49	78 52	20 54	40 48	99 45	37 49	38 55	43 43	83 41	27 51	1 48	24 53	21 52	15 45	62 57	12 49	16 58	95 52	18 50	48 47	46 52	56 49	61 55	84 47	36 54	7 54	63 47	9 60	11 50	41 57	13 51	51 55	45 44	88 45	71 55	60 51	19 51	22 55
19 57	85 44	87 51	47 50	86 56	97 51	89 51	28 49	63 47	46 57	64 48	25 47	55 52	45 51	17 54	56 55	43 54	13 48	76 51	33 54	48 47	59 51	88 54	11 51	75 55	2 58	35 43	1 46	44 45	3 54	51 48	6 57	69 49	21 57	78 52	98 57	93 53	81 47	74 60	41 52	27 52	8 48	94 58	84 54	53 45	80 60	99 60	61 52	18 51	23 47	77 53	54 46	34 40	73 44	12 38	90 46	20 56	57 56	0 59	67 49	30 59	96 55	40 57	66 56	92 44	42 48	39 47	36 48	82 49	83 48	79 46	37 49	58 57	95 56	16 45	68 47	60 48	10 51	31 52	15 56	62 55	29 50	4 48	14 49	7 47	9 54	52 51	32 51	71 43	50 61	65 59	5 51	26 50	70 47	22 46	49 60	91 38	24 45	38 44	72 57
78 52	1 58	74 56	15 54	29 45	52 41	5 47	60 54	94 50	38 56	47 51	6 53	88 45	82 45	42 53	84 54	44 45	21 47	34 54	33 53	77 39	55 56	65 46	0 64	45 53	69 49	53 50	11 53	48 50	85 49	17 52	2 57	92 53	80 50	9 47	4 49	3 50	7 43	58 51	30 46	63 56	26 55	76 44	40 53	96 55	8 48	95 49	25 51	32 58	20 42	93 47	18 46	75 53	59 51	67 48	43 51	89 52	10 49	99 49	13 53	56 50	81 50	19 46	91 63	90 48	72 58	41 60	27 43	22 51	83 53	35 48	64 54	62 54	57 51	16 51	66 50	39 46	98 46	71 44	68 50	70 50	50 52	24 52	46 55	36 53	73 45	23 48	97 54	49 52	79 49	87 41	28 48	14 44	61 42	12 45	37 49	86 64	51 47	54 45	31 47
90 48	44 40	98 51	57 55	9 54	48 58	55 45	78 41	82 55	83 52	18 44	60 44	11 51	37 50	71 50	81 56	68 55	53 53	26 49	2 40	49 49	66 51	97 57	34 42	17 52	7 53	6 48	36 52	16 53	79 57	54 51	0 50	3 63	27 60	20 41	95 57	14 43	8 47	58 57	47 56	24 43	1 49	25 56	85 49	41 50	30 49	59 53	22 61	94 47	87 61	46 50	75 53	19 53	29 50	67 44	76 43	91 45	62 49	74 47	61 52	10 51	28 56	15 47	33 46	73 61	51 52	12 49	42 44	23 54	88 49	92 50	93 50	40 51	56 38	80 52	31 50	69 56	32 52	4 52	70 45	52 51	45 45	96 52	13 52	86 52	5 48	50 50	84 52	65 55	38 46	72 48	89 47	35 46	43 58	63 58	64 50	39 42	77 46	99 53	21 57
41 48	75 42	47 50	68 44	39 48	77 52	2 42	10 61	96 51	80 54	78 51	64 54	76 55	69 49	71 45	42 57	43 48	27 50	66 57	58 43	70 51	89 42	82 54	35 43	29 59	12 56	0 49	48 52	97 54	44 38	28 44	92 46	60 52	36 48	40 45	59 51	88 50	38 49	17 50	81 53	34 45	93 51	90 54	3 39	9 52	86 54	6 52	79 47	20 54	13 44	83 56	25 58	7 54	19 47	26 44	85 54	15 46	94 43	32 55	49 53	98 62	56 50	62 48	23 47	21 45	51 58	91 53	1 49	14 52	65 57	37 51	33 46	31 50	63 44	11 54	57 43	16 45	72 53	8 54	87 55	54 45	50 43	61 47	46 56	84 47	5 55	53 50	74 46	52 51	24 46	73 50	4 54	55 55	45 51	22 46	67 47	95 51	99 53	18 56	30 47
89 48	69 41	65 39	47 50	80 53	96 47	68 50	85 56	78 43	25 51	14 45	56 51	61 51	6 48	73 54	79 55	15 56	18 51	82 42	88 49	3 51	32 55	42 56	36 37	67 51	53 47	31 38	55 54	72 52	27 40	49 47	54 61	2 54	26 52	77 52	52 51	35 41	41 48	66 51	43 53	87 49	59 58	50 52	7 50	93 57	38 49	84 52	4 56	21 43	97 47	99 53	12 55	45 59	48 53	51 43	5 45	90 56	23 51	94 46	28 51	29 47	57 53	30 49	46 52	19 61	13 53	81 50	9 46	70 55	71 60	98 54	95 53	10 51	33 53	74 52	64 54	44 49	86 52	17 49	11 53	62 51	37 50	75 55	0 50	34 45	1 44	22 51	24 49	39 52	8 47	76 50	83 54	16 48	63 50	92 41	60 49	40 49	58 54	20 52	91 52
5 60	84 44	96 47	66 62	65 46	17 56	70 47	11 45	25 49	38 53	3 43	57 56	13 50	36 47	53 51	62 44	4 41	80 61	35 49	77 55	2 47	83 54	60 51	41 54	30 51	49 54	78 54	26 43	32 43	18 46	23 52	33 45	39 52	0 50	74 46	79 40	27 57	12 51	56 41	91 51	86 46	19 50	24 52	64 47	1 54	50 56	54 44	14 48	73 55	75 47	93 42	44 51	42 46	85 56	87 47	47 51	95 51	72 43	16 50	9 42	48 44	55 44	68 52	52 52	63 54	92 48	34 50	90 55	98 51	46 43	37 48	67 57	22 56	20 43	59 46	7 47	28 47	89 44	76 45	29 55	88 49	45 52	71 54	43 58	94 54	8 61	82 46	21 54	99 50	61 57	15 54	97 45	58 53	51 49	40 41	31 51	6 46	81 43	69 39	10 50
39 47	55 49	5 46	16 55	7 44	84 48	11 42	6 53	65 48	20 55	33 61	17 42	21 54	2 51	8 53	44 51	95 47	93 47	48 58	79 49	32 51	50 46	71 49	42 54	38 53	83 50	86 51	78 47	89 59	59 52	85 50	18 45	74 54	28 44	96 49	80 44	14 49	81 57	52 50	0 44	88 43	40 57	58 45	41 49	46 54	87 56	36 59	73 52	1 49	57 46	99 56	68 44	66 58	97 52	4 44	77 50	13 44	27 48	63 39	10 52	51 53	53 47	23 43	91 52	49 52	60 46	31 58	24 49	47 54	22 59	92 46	61 57	34 49	67 47	26 59	56 56	54 56	45 57	35 52	25 51	72 53	30 55	94 47	12 44	98 49	64 55	75 53	3 41	15 47	90 51	76 51	37 57	43 44	9 48	19 52	70 54	69 45	62 50	29 51	82 58
96 46	14 45	66 51	74 64	45 51	83 54	72 52	84 51	35 51	2 47	46 59	33 52	5 52	95 50	38 52	60 53	89 47	36 61	25 45	65 50	9 58	99 50	49 51	53 39	42 53	82 56	40 51	24 56	12 49	51 50	31 53	88 53	44 50	75 44	61 46	37 51	94 40	27 55	43 53	58 47	28 53	67 57	52 51	22 47	87 38	47 48	11 50	34 55	76 51	91 48	26 56	48 52	17 40	71 50	73 54	70 54	16 49	81 57	39 51	54 45	90 52	68 55	30 51	56 57	4 55	21 51	97 52	64 49	0 50	69 48	19 44	18 49	86 53	7 49	3 50	98 43	57 59	1 45	23 55	20 41	41 50	13 47	62 50	29 51	55 54	50 44	93 60	78 47	8 41	80 50	79 40	77 47	6 47	92 50	85 45	59 56	32 47	15 50	10 52	63 51
53 53	34 49	94 54	21 55	66 44	2 44	9 52	16 47	39 55	61 44	59 48	49 37	60 51	45 43	75 48	85 56	12 52	11 52	28 48	63 51	14 57	40 48	27 52	57 42	88 47	98 57	79 48	52 56	10 49	47 49	97 56	32 53	8 50	43 52	13 53	69 43	86 54	91 49	15 46	35 51	41 41	73 50	20 39	62 47	0 58	48 47	5 52	7 49	37 44	71 50	1 38	31 49	77 48	78 43	96 47	95 44	33 49	56 55	82 50	50 43	90 56	99 46	30 49	4 47	18 57	72 50	19 45	74 52	38 47	44 51	42 62	58 52	64 55	87 43	70 52	6 51	89 53	81 49	51 47	22 58	17 47	80 51	23 57	84 53	67 43	65 46	93 46	92 50	3 43	29 43	83 49	26 48	76 57	68 40	55 59	54 56	46 56	25 39	24 49	36 56
52 42	37 55	71 44	51 48	20 42	43 41	44 45	74 50	13 50	17 50	14 52	23 55	99 56	91 51	2 46	10 42	35 41	4 51	55 42	3 42	70 46	64 45	61 46	98 49	62 36	92 52	53 50	27 46	47 52	63 44	97 53	6 42	90 53	5 52	15 47	75 59	50 42	73 48	1 56	11 52	9 45	58 47	46 49	34 55	93 49	33 61	88 51	95 47	32 53	26 50	40 41	85 48	39 48	42 53	82 50	84 49	22 55	24 45	60 41	57 57	49 45	81 47	83 50	8 47	65 53	21 44	30 44	0 53	28 54	77 40	41 47	54 51	31 50	87 58	79 54	86 46	94 48	25 46	18 40	76 52	16 53	80 47	59 49	96 43	19 41	68 53	89 42	38 51	56 50	7 54	72 48	78 55	48 50	29 53	12 47	67 51	66 57	45 58	36 52	69 48
22 44	23 57	73 49	31 48	16 46	54 45	71 47	76 55	8 47	51 54	95 50	1 51	89 49	58 45	20 49	96 49	35 53	93 52	48 52	24 51	7 47	85 49	13 50	41 66	65 39	94 48	36 50	0 41	47 53	66 49	80 65	74 54	82 56	11 48	17 55	83 40	90 63	56 48	27 68	4 46	12 47	39 39	32 48	97 54	92 49	9 48	33 49	46 51	77 47	14 53	15 46	61 48	68 55	81 51	45 56	28 50	98 52	2 55	37 42	86 57	38 47	50 45	10 50	87 49	99 47	3 50	63 43	75 45	52 47	57 45	64 58	5 54	25 53	59 47	6 57	72 39	21 46	49 40	91 48	69 56	70 51	30 52	40 60	88 54	43 59	79 50	67 46	19 48	62 49	34 52	42 50	84 45	44 52	53 56	60 57	26 51	78 54	18 50	55 52	29 54
59 47	45 52	41 39	20 52	14 44	32 51	71 58	86 50	6 48	66 44	81 49	42 52	24 58	94 51	54 51	29 50	91 51	48 56	87 48	99 49	15 54	89 54	65 43	43 49	36 51	37 49	84 45	18 38	55 47	47 55	70 47	34 50	40 46	53 50	56 46	16 54	73 49	67 58	33 57	51 41	7 58	76 49	92 47	5 52	31 56	27 53	64 52	0 49	35 49	19 47	82 45	28 57	21 57	8 55	17 57	74 49	68 41	79 49	39 56	69 57	57 50	44 49	4 50	38 49	26 47	75 57	52 44	62 59	77 53	95 48	78 42	23 59	72 55	60 51	1 52	98 49	58 42	22 62	49 52	96 48	9 48	97 44	25 40	3 51	85 50	88 49	80 51	83 43	50 53	30 51	12 51	46 49	93 54	13 47	61 50	11 57	63 53	2 50	10 51	90 52
23 64	18 47	15 49	2 49	8 54	56 47	20 49	68 63	26 48	99 47	73 46	92 45	66 51	87 45	32 46	96 50	80 51	19 42	85 53	10 49	67 40	77 47	43 44	46 49	31 52	75 43	89 51	25 51	35 51	78 47	1 50	69 44	52 55	94 44	7 55	44 46	3 47	62 50	50 39	55 52	27 48	90 57	60 53	51 46	81 50	28 39	24 54	37 40	71 56	13 47	47 58	9 49	54 54	53 53	4 54	79 45	21 56	39 45	22 54	91 49	76 52	48 42	5 49	59 47	86 52	70 53	11 50	58 46	16 44	38 48	12 52	63 55	33 50	14 47	95 44	98 45	57 49	30 43	6 56	72 56	65 48	41 45	74 46	42 52	45 46	17 50	0 47	82 61	83 52	49 51	64 45	93 61	40 47	61 52	88 45	36 60	84 52	29 52	34 66	97 54
34 44	93 42	37 50	62 41	81 58	26 54	52 61	41 43	13 62	7 52	75 42	1 50	9 55	0 55	31 45	96 53	91 41	63 49	45 39	86 45	18 52	16 54	39 43	27 56	12 46	30 50	15 54	49 53	80 54	59 50	65 54	6 50	44 49	42 57	20 56	40 50	21 53	94 49	46 46	85 49	23 49	99 52	38 48	76 51	29 46	35 53	8 52	57 51	88 51	43 44	36 46	67 53	51 53	19 52	77 55	55 43	87 54	74 54	47 56	54 44	95 54	61 50	28 59	73 44	48 44	33 53	2 46	3 52	56 52	89 56	64 51	97 50	79 52	10 47	72 51	50 60	82 53	70 49	84 46	83 51	66 49	17 53	68 54	11 55	14 50	4 52	24 52	71 54	98 47	53 51	92 50	60 56	90 49	25 50	5 39	22 61	69 54	58 50	78 56	32 54
77 44	4 52	76 56	29 48	22 52	34 48	38 45	11 41	58 58	0 50	19 46	79 53	55 56	81 50	75 49	37 43	45 48	74 54	42 51	7 50	40 50	89 52	93 53	67 47	84 47	66 54	80 45	64 54	60 55	14 50	54 41	8 47	1 50	43 49	97 48	9 45	28 43	82 51	57 50	27 57	17 50	73 58	5 50	85 61	72 48	30 58	52 43	15 50	16 48	86 49	3 48	2 46	98 52	18 51	23 46	90 45	26 46	50 53	35 50	91 48	83 54	99 54	24 44	21 58	13 43	39 43	88 44	92 43	95 53	51 45	68 50	41 48	96 43	32 45	47 50	62 48	48 53	61 47	49 56	78 58	31 44	33 46	94 48	59 49	87 49	6 51	69 48	63 45	25 53	10 44	71 52	44 49	65 53	12 53	56 53	53 39	46 49	20 63	36 45	70 61
23 48	88 48	53 45	26 47	66 55	76 58	1 48	91 52	84 45	80 43	83 53	44 49	86 51	24 53	60 48	5 54	72 45	6 51	73 53	32 52	78 52	92 55	39 51	64 57	42 46	35 47	49 56	7 54	28 57	15 57	71 44	41 53	17 50	77 48	85 54	97 47	19 53	9 38	56 47	13 50	21 49	33 42	68 53	25 58	58 52	75 53	57 43	4 53	8 53	82 51	48 50	59 53	52 55	79 54	43 53	47 62	27 51	55 40	54 51	37 52	93 49	89 44	81 45	67 55	62 48	98 51	38 47	3 49	51 53	14 56	0 47	36 48	11 55	46 53	63 60	65 53	96 48	87 56	22 50	50 54	34 45	99 57	90 42	69 50	40 47	70 49	31 49	20 51	61 49	12 58	30 43	10 52	95 56	45 43	94 46	18 43	16 46	74 43	2 48	29 53
52 51	14 45	46 56	19 43	1 52	27 41	76 49	88 54	24 38	65 52	6 53	80 39	29 55	63 51	57 35	87 46	40 55	92 51	85 38	90 49	28 46	93 49	17 51	77 47	34 53	98 44	51 50	74 50	33 49	18 55	60 54	49 52	72 45	4 47	11 50	47 50	58 46	67 46	70 47	53 52	16 51	56 52	31 52	59 51	71 42	15 58	84 50	32 41	69 53	61 52	91 53	23 50	26 50	30 40	10 43	36 46	42 49	22 43	38 50	78 54	99 48	86 53	20 51	35 50	79 55	2 51	37 49	66 48	50 62	43 51	68 42	82 45	5 42	48 55	73 49	25 50	8 49	94 52	13 50	21 44	9 48	89 50	95 44	75 51	55 47	81 52	44 48	83 46	7 61	0 52	97 46	41 53	45 52	96 43	54 52	64 50	62 52	3 63	12 57	39 57
45 53	81 48	0 56	67 47	22 48	15 52	71 41	99 60	20 54	10 56	79 50	25 50	29 55	38 45	89 50	78 51	26 55	86 43	28 55	43 42	2 55	53 55	48 57	75 55	27 52	6 61	56 45	73 46	83 53	44 49	35 44	33 45	77 52	7 40	40 57	47 58	4 51	39 57	84 49	52 50	62 46	51 42	65 47	58 48	95 45	18 49	8 55	72 59	55 45	14 51	60 41	93 46	30 51	5 47	11 44	68 48	9 49	92 43	19 47	94 37	12 52	46 54	32 43	97 42	61 62	34 43	98 52	74 53	64 46	80 55	16 57	23 49	66 47	17 45	85 47	87 50	1 48	13 49	96 52	42 47	50 51	59 58	57 43	90 47	91 46	76 53	88 48	69 52	31 54	54 46	36 52	3 46	21 49	24 54	82 51	37 56	63 47	49 57	70 53	41 50
79 51	7 50	3 47	88 53	6 47	24 43	35 52	90 54	67 46	54 43	46 54	4 52	85 45	87 48	62 51	8 56	9 49	86 55	2 63	26 42	19 49	32 51	29 53	43 59	17 63	13 49	95 55	74 49	71 51	1 60	30 49	68 49	36 49	89 47	83 48	81 45	14 48	57 56	82 49	75 56	37 48	76 53	97 47	47 53	40 42	50 55	58 50	60 40	34 55	55 56	23 52	27 59	72 53	59 45	33 50	22 46	21 49	12 56	28 51	93 48	25 59	5 48	48 43	53 43	98 57	38 53	31 43	39 53	18 44	64 49	56 54	99 49	66 47	80 45	77 49	70 39	65 51	96 49	69 50	92 52	10 49	51 58	16 47	84 61	44 55	63 56	61 49	41 47	73 50	91 45	20 50	0 52	45 53	11 50	15 46	52 48	49 43	78 48	94 42	42 53
56 47	77 52	18 44	59 51	69 57	60 52	0 54	30 52	24 52	34 45	38 50	81 49	5 50	43 47	83 55	58 57	92 48	50 51	12 47	17 44	47 50	91 53	87 44	68 47	54 51	70 51	20 54	89 51	41 51	52 57	33 46	61 54	78 48	29 53	3 47	44 46	67 47	39 56	65 57	6 47	40 47	25 54	86 53	84 44	79 46	45 49	36 44	9 53	23 48	63 45	11 52	99 53	88 48	32 49	90 52	85 54	42 54	7 52	93 52	8 40	15 53	26 42	1 52	31 49	57 53	2 48	28 46	98 58	35 48	94 54	51 66	13 49	96 54	62 55	14 49	10 52	21 42	75 41	74 54	27 53	82 48	72 51	19 50	55 57	64 56	22 45	53 49	73 53	48 43	46 48	95 48	4 60	16 59	80 45	49 52	66 47	37 48	71 49	76 41	97 46
17 55	31 42	97 53	56 53	16 46	7 47	62 52	99 41	64 51	50 48	40 54	82 57	68 50	9 47	6 52	81 41	79 52	55 59	26 47	1 56	25 44	94 44	15 47	10 50	91 57	72 49	13 49	46 58	54 49	78 44	87 48	35 44	61 52	21 45	59 51	44 56	14 48	90 56	23 50	60 47	4 50	22 50	86 50	89 48	11 52	48 44	43 50	49 49	93 52	37 45	45 48	88 54	73 53	8 51	42 38	95 51	96 55	36 49	75 40	53 51	0 49	3 47	19 53	30 48	2 54	85 50	80 43	34 58	57 49	76 52	83 53	12 52	20 48	47 53	58 46	66 45	77 49	65 53	69 49	33 48	5 54	24 50	27 51	51 48	39 49	32 41	92 47	18 54	67 53	70 53	29 53	63 54	38 53	98 49	52 46	41 55	84 42	71 52	28 52	74 48
43 48	79 44	40 46	76 50	5 43	0 48	59 47	78 51	51 38	82 41	25 50	77 42	72 44	54 57	8 43	30 60	90 62	50 48	36 58	69 55	55 41	31 36	63 47	71 52	32 47	29 52	88 49	7 44	98 47	24 50	94 52	83 43	20 51	80 46	28 51	12 52	4 54	66 54	89 45	52 56	49 53	85 56	86 48	67 45	33 44	3 52	65 45	44 50	11 42	9 54	99 58	42 44	60 52	56 49	87 51	93 48	61 54	21 55	18 49	73 59	95 56	97 47	17 50	45 51	58 50	39 56	2 40	26 49	81 61	1 51	13 55	37 51	10 45	91 49	38 54	46 39	64 51	68 43	57 46	34 57	41 55	15 46	19 51	22 55	84 53	16 51	35 51	62 50	53 55	70 48	96 41	92 49	48 51	23 54	27 53	6 54	74 55	75 49	14 53	47 42
29 53	36 41	58 47	84 49	66 49	68 37	16 56	88 52	8 48	0 53	38 49	34 56	21 54	26 52	99 50	52 56	42 54	92 59	48 53	17 60	69 55	98 50	40 38	27 54	60 55	6 54	25 54	63 40	12 61	95 45	79 50	43 51	10 50	39 52	44 46	56 47	70 55	77 55	14 41	13 48	22 61	64 55	72 53	62 45	4 52	28 51	30 49	73 53	86 50	61 42	82 58	2 45	54 57	32 56	65 58	7 55	57 57	45 48	96 48	33 47	19 42	85 45	91 49	3 51	89 47	1 52	5 51	41 40	15 49	53 47	50 53	9 42	74 52	35 47	71 58	90 44	51 49	97 53	37 44	49 48	55 55	47 39	80 60	93 44	75 46	81 60	76 45	18 51	24 39	67 51	46 48	83 53	23 47	20 53	78 50	87 43	11 50	31 45	94 46	59 52
32 44	38 49	83 42	24 49	71 49	60 50	75 58	69 54	97 45	34 45	30 53	10 50	92 49	43 51	37 52	45 51	7 41	89 52	12 51	8 60	21 47	98 54	81 48	51 55	76 49	82 43	47 54	20 37	68 42	22 52	54 52	55 38	39 52	5 55	95 53	80 45	31 51	9 55	40 43	56 46	33 48	35 42	15 53	64 45	26 54	79 38	11 53	65 51	78 50	42 53	6 50	94 55	25 46	36 48	61 46	77 48	4 54	57 48	52 58	59 48	66 50	96 43	49 47	67 46	87 51	28 45	50 55	99 45	86 50	44 57	0 51	16 58	41 52	53 52	72 55	93 51	14 54	58 51	19 51	2 51	73 45	17 48	23 50	3 48	27 50	13 49	88 52	48 45	74 45	46 50	90 43	63 55	62 52	84 52	91 52	1 50	85 47	70 50	29 57	18 50
35 50	86 49	85 48	18 41	88 56	0 57	5 46	70 51	37 49	52 48	13 45	10 48	36 52	68 44	44 53	98 50	73 57	51 63	15 55	89 51	93 51	64 51	40 41	63 44	77 54	48 56	47 51	12 50	19 45	94 48	25 60	7 53	28 46	9 52	38 55	78 49	34 50	43 44	84 44	79 41	69 52	99 51	81 57	46 51	27 43	29 61	58 57	91 46	92 43	45 55	54 45	30 55	2 53	59 41	50 50	71 49	66 47	60 47	82 64	76 61	33 57	53 47	62 49	67 54	26 51	31 50	56 51	83 47	72 55	14 50	39 58	42 55	97 52	55 48	8 49	96 52	16 60	6 42	20 53	87 53	74 52	21 48	41 39	24 54	65 50	75 52	11 52	95 43	22 52	17 51	57 46	3 52	61 50	49 48	1 43	4 55	23 52	90 45	80 51	32 46
15 44	16 50	63 57	8 56	77 51	85 50	82 46	35 44	21 44	23 50	70 44	30 47	41 52	76 50	78 44	71 47	20 49	88 46	10 41	17 57	62 48	50 46	34 48	86 45	73 45	58 59	53 54	55 51	61 49	51 46	43 56	84 48	7 43	13 56	66 50	18 52	59 52	79 56	49 50	25 51	97 43	3 48	65 48	46 52	91 54	33 52	36 53	68 49	37 48	83 47	87 40	40 50	5 57	92 54	64 48	42 54	24 52	57 46	22 56	31 44	99 54	96 43	32 53	69 54	19 54	81 54	6 44	38 48	4 61	44 52	67 49	29 41	39 54	89 51	2 49	45 45	26 46	60 50	48 59	72 48	56 52	12 53	47 55	9 56	80 43	75 57	98 55	52 50	11 49	94 64	95 47	54 47	28 58	90 45	1 58	93 46	74 47	14 52	0 58	27 43
38 47	63 53	17 45	53 44	29 47	84 53	46 44	7 51	26 50	52 56	48 46	78 45	31 46	41 56	1 43	5 51	11 48	94 47	95 55	45 54	43 48	56 41	55 40	23 36	87 55	15 49	69 45	44 55	79 46	91 54	80 49	50 54	27 53	9 52	62 56	92 47	73 42	83 52	58 52	34 47	16 49	75 53	36 50	82 53	51 54	35 52	65 50	81 38	90 49	37 43	10 45	28 57	6 49	89 56	14 45	39 44	66 56	86 37	77 42	60 47	67 47	42 54	49 59	24 42	88 63	33 52	4 39	19 49	40 60	98 57	85 44	99 51	59 54	54 53	93 58	64 52	25 47	61 56	22 52	3 39	30 51	32 50	96 45	8 51	72 55	70 49	76 45	13 49	20 51	71 47	12 54	47 53	57 50	0 52	2 47	74 47	97 49	68 50	18 47	21 65
55 53	42 51	54 63	37 53	5 58	82 50	77 51	64 57	74 45	22 50	68 46	53 43	75 50	79 46	96 45	86 48	9 45	36 52	76 42	92 49	80 47	10 51	17 53	12 55	88 51	14 51	50 51	65 49	93 47	16 43	61 42	48 57	6 52	8 50	18 46	4 50	66 45	90 50	91 50	3 52	7 54	78 43	34 58	81 51	94 50	98 49	46 43	25 57	71 48	62 46	44 53	21 47	47 53	38 52	69 47	28 50	63 46	27 50	24 56	84 46	13 50	60 50	58 52	83 55	15 54	59 47	19 48	31 52	52 51	32 48	49 51	43 54	97 45	30 49	72 55	33 60	57 49	23 47	41 52	95 47	99 50	2 49	87 52	35 52	1 43	11 50	39 37	70 52	85 47	51 53	73 49	0 55	89 46	56 44	20 51	67 41	26 41	29 46	45 46	40 51
40 37	78 48	63 58	57 51	34 55	92 51	45 54	3 51	80 52	84 52	46 44	33 46	69 54	55 47	6 55	39 49	62 51	65 51	0 40	23 48	90 52	22 50	20 50	17 48	95 39	54 48	16 48	72 48	44 52	36 45	61 51	27 52	49 45	73 53	56 53	9 58	18 49	51 49	67 44	47 61	43 42	66 51	4 48	98 44	24 55	81 42	52 47	8 50	76 49	96 49	53 55	31 53	99 53	37 55	15 42	30 53	91 52	12 48	86 49	42 36	71 52	21 55	48 51	14 53	60 49	83 52	7 43	58 58	25 50	26 45	50 48	88 47	1 56	35 53	87 55	85 50	89 52	59 55	79 46	41 46	32 50	5 42	13 48	70 55	28 54	75 45	74 44	2 48	11 53	82 55	93 45	10 53	64 50	77 49	68 51	19 54	94 44	97 44	38 45	29 45
23 46	71 54	82 52	69 49	67 51	45 53	39 45	90 51	74 43	85 62	53 46	8 53	60 47	73 49	55 49	84 50	36 48	66 62	2 38	68 58	31 46	0 54	17 53	62 43	54 49	38 54	3 54	15 42	20 51	48 52	64 44	26 56	32 55	79 53	47 57	81 59	91 54	78 51	87 53	89 54	49 48	41 48	86 48	63 52	24 48	76 48	18 46	70 51	59 51	10 46	30 55	40 42	65 48	14 51	13 49	11 47	34 48	35 45	5 51	4 48	96 55	25 50	46 49	52 47	83 54	99 49	98 51	6 52	43 45	7 47	58 53	1 51	61 57	93 62	44 55	16 55	19 53	9 42	92 63	42 52	50 52	97 45	33 46	72 52	51 53	95 45	80 51	22 48	57 53	29 44	28 46	37 52	88 48	21 55	77 46	12 49	75 54	56 49	27 50	94 52
33 49	95 64	80 54	81 35	67 54	86 47	17 51	24 49	26 55	28 46	38 62	87 46	92 48	78 51	27 53	90 47	14 39	79 49	73 55	46 47	96 49	65 38	23 52	7 51	15 51	76 57	72 37	62 48	9 55	57 39	89 55	94 57	3 48	91 40	97 45	40 49	36 52	50 53	43 46	84 53	51 53	58 43	59 47	49 50	48 48	69 47	32 47	52 41	74 59	77 52	71 44	12 48	42 45	68 50	85 50	6 43	70 46	41 52	37 50	16 52	25 52	64 51	39 49	56 54	45 41	2 41	8 44	53 50	75 49	55 43	19 51	66 50	0 47	11 45	5 53	99 52	20 51	54 55	18 51	1 53	22 55	63 46	29 57	34 51	13 49	44 51	93 38	60 55	4 52	30 47	61 45	82 59	31 52	83 51	35 51	88 45	47 50	10 56	98 47	21 36
48 57	60 54	59 43	27 57	82 50	46 53	13 50	76 52	12 52	0 57	7 47	24 46	20 56	23 55	33 56	50 44	30 40	89 59	93 52	22 49	18 54	85 53	80 60	64 46	10 51	55 50	9 51	43 54	86 57	81 53	52 50	40 44	29 50	5 48	74 52	16 53	3 48	39 57	32 50	95 53	34 56	14 44	26 51	28 47	75 49	15 50	88 48	71 56	84 52	58 48	53 37	92 44	11 44	49 54	38 47	69 50	97 47	45 47	4 47	67 49	2 46	37 45	96 57	91 62	35 50	31 61	42 49	21 45	90 49	99 43	1 50	17 47	36 56	25 50	54 58	66 59	44 45	72 54	79 54	78 52	61 45	8 57	87 50	68 42	19 47	70 47	73 51	47 58	65 43	63 53	6 40	83 56	62 42	77 52	51 43	41 48	57 54	98 48	94 54	56 52
27 47	29 45	50 46	15 53	6 47	88 54	14 50	18 55	59 49	69 53	33 58	10 56	24 54	74 48	80 44	19 44	96 51	52 47	91 40	36 52	45 55	37 54	13 57	43 54	99 48	63 42	26 38	32 51	61 53	30 54	77 57	67 56	44 53	8 55	62 56	78 46	64 50	51 48	56 58	42 49	35 45	20 46	75 44	89 47	40 54	47 49	3 48	53 54	81 44	66 45	92 56	4 44	11 53	72 55	93 49	70 43	84 44	83 57	79 47	86 52	21 51	60 54	94 42	97 51	85 50	1 52	57 51	55 51	0 54	73 51	2 41	16 53	76 41	7 55	98 50	71 48	87 56	82 44	65 49	49 50	48 59	39 52	17 53	5 53	68 39	31 58	25 48	95 47	12 49	9 48	23 57	41 49	22 43	46 46	34 48	54 42	38 53	28 48	58 47	90 48
62 44	72 51	86 56	24 53	6 41	95 52	56 44	74 56	73 49	80 51	5 47	44 44	48 51	0 47	98 53	71 59	36 49	33 61	29 38	21 57	79 53	30 49	93 49	46 49	3 45	14 52	37 49	76 50	13 43	45 42	39 50	89 46	65 56	50 50	4 52	97 51	85 51	75 54	38 49	25 53	66 54	99 51	20 45	63 48	16 41	61 50	18 45	15 42	19 46	53 53	88 47	67 60	40 48	27 46	11 52	92 51	81 44	84 61	2 47	77 51	70 52	78 56	32 44	28 48	12 53	10 55	17 48	68 52	55 46	57 54	42 47	41 48	35 44	51 53	90 45	26 48	1 51	31 54	69 47	83 53	9 56	94 53	47 59	8 47	87 45	58 52	49 41	54 54	34 44	60 54	96 46	23 41	91 48	22 44	7 52	43 56	82 62	59 52	64 45	52 48
9 52	38 43	29 46	21 47	77 48	55 50	25 48	46 57	97 51	67 40	50 40	76 47	62 50	86 50	89 52	23 46	2 55	12 53	47 58	17 52	6 51	19 46	52 54	13 53	59 50	91 45	54 47	0 40	63 59	81 52	24 51	72 49	84 62	75 53	95 56	74 48	48 64	44 54	60 51	27 38	53 49	56 48	66 50	93 48	94 53	45 50	88 44	61 50	78 51	42 51	33 56	4 45	64 45	70 62	32 57	98 54	58 41	5 63	43 44	15 52	18 50	79 51	39 50	73 52	96 48	1 55	8 50	68 50	49 56	71 51	80 51	3 43	82 41	87 49	57 48	65 43	20 45	22 45	10 54	31 50	41 59	16 36	40 52	37 50	83 52	14 44	35 43	28 56	90 55	11 59	85 56	30 49	51 59	26 47	34 47	69 44	99 39	7 59	92 44	36 54
94 54	33 50	32 48	37 45	67 44	13 50	84 47	62 64	90 56	16 55	53 44	14 49	73 47	78 49	6 53	68 44	92 49	69 54	99 55	7 45	30 46	85 52	60 46	65 52	46 47	96 48	21 51	79 53	20 51	45 54	39 49	5 56	24 49	64 50	48 54	97 51	87 50	58 48	74 40	36 45	95 51	22 57	25 52	29 55	35 51	52 45	98 46	41 55	11 49	38 51	19 52	18 52	77 49	66 46	40 47	43 47	82 52	81 56	49 47	0 47	3 56	80 46	59 48	17 51	91 52	75 45	89 48	27 49	50 47	51 45	63 49	70 54	55 45	9 51	44 57	76 52	34 52	54 56	12 43	88 61	2 47	1 59	93 55	23 46	57 48	4 51	28 48	72 48	15 55	61 51	26 58	71 52	86 51	56 49	47 44	83 48	10 57	42 55	8 48	31 47
71 43	92 50	41 45	99 45	86 50	11 49	59 56	97 53	9 44	65 46	34 49	51 50	77 57	25 50	26 54	32 44	50 49	30 43	0 55	87 52	8 48	16 51	35 51	18 46	5 49	58 56	20 50	19 51	89 46	69 46	64 60	4 55	96 42	2 48	28 50	21 36	74 55	45 45	7 46	52 47	13 52	78 53	54 43	72 49	66 51	57 47	17 50	95 54	98 47	68 50	70 58	3 46	63 48	29 53	61 51	22 51	83 47	33 48	80 55	88 48	31 44	84 51	85 53	79 51	82 50	62 48	10 58	60 44	81 54	6 52	76 54	47 59	48 47	90 41	91 59	36 47	93 54	73 61	15 55	56 53	24 52	46 40	67 55	43 39	38 51	94 53	55 53	44 53	42 45	75 57	39 50	40 53	1 53	27 56	23 51	49 44	53 46	12 49	14 44	37 49
87 56	30 46	1 52	35 55	82 53	96 44	68 56	74 53	17 50	12 60	11 55	26 50	60 52	66 41	36 51	71 58	10 57	95 53	14 50	88 48	75 56	50 50	80 49	92 49	38 50	43 52	42 55	23 52	29 52	76 46	52 51	24 49	73 47	53 39	67 58	45 47	28 52	25 46	6 44	19 51	4 41	86 52	27 45	69 56	81 49	20 56	47 49	93 47	62 57	97 37	89 42	16 49	49 54	57 44	3 52	31 50	40 50	55 50	7 48	37 48	18 44	94 52	15 51	77 51	65 56	9 41	21 57	64 52	2 45	41 50	70 55	39 47	8 46	33 59	85 57	56 57	59 55	46 49	58 44	13 55	91 47	54 40	98 48	51 45	5 56	99 45	61 48	48 54	84 45	78 55	32 55	79 46	63 49	72 46	34 48	90 46	44 46	22 47	0 47	83 51
41 46	61 51	30 55	34 50	6 56	39 48	28 52	19 49	77 56	59 40	48 60	0 50	31 46	27 53	84 48	73 46	1 61	15 51	66 46	42 55	99 48	65 40	55 48	80 42	64 49	91 53	10 48	69 46	78 53	57 50	95 51	43 65	90 46	67 39	35 49	11 54	23 51	76 42	92 49	37 55	86 46	26 52	81 52	96 45	74 50	89 47	70 56	2 46	40 54	94 53	85 53	98 51	75 49	83 48	22 45	29 49	45 53	12 45	38 54	3 47	46 46	47 51	25 55	56 51	97 49	4 45	44 51	53 48	52 50	36 46	18 47	72 42	14 61	87 46	16 47	51 54	20 51	82 47	63 48	54 58	58 48	21 61	50 50	79 45	7 47	71 48	9 50	93 45	13 45	33 52	49 50	60 52	32 43	8 37	62 45	88 59	68 54	17 49	5 47	24 49
50 54	61 48	35 57	85 45	9 54	78 46	14 54	42 49	66 49	6 45	49 47	86 47	37 52	15 56	2 44	33 51	29 48	62 45	10 52	34 60	18 47	58 58	25 51	71 50	64 50	75 42	82 49	32 53	16 54	11 48	84 46	26 51	44 51	5 54	83 46	96 45	89 60	54 48	46 48	87 49	19 53	92 53	21 47	17 53	97 56	76 48	95 47	36 58	27 52	45 50	79 48	24 50	80 49	1 47	52 48	41 50	59 47	30 49	72 42	88 54	22 43	48 37	63 41	73 59	74 54	67 52	4 47	39 53	51 44	40 45	93 52	28 54	60 56	81 48	77 61	23 45	13 50	69 52	90 53	12 48	65 50	47 41	38 53	0 56	57 49	91 55	43 52	8 53	56 35	3 45	98 55	7 52	20 52	70 56	94 42	68 47	55 52	99 47	53 52	31 49
93 49	48 54	39 42	11 59	91 44	31 50	54 54	13 53	28 50	16 48	38 47	92 48	5 45	97 52	27 51	3 53	63 54	44 55	56 48	98 55	75 50	6 52	88 53	52 50	67 49	66 51	19 42	62 52	29 50	68 52	86 51	12 44	22 43	49 53	70 50	72 58	83 48	21 48	24 47	46 54	64 56	37 63	34 51	20 55	82 51	79 50	94 56	96 54	89 49	0 41	78 56	51 48	4 59	26 48	53 37	69 51	32 53	99 52	35 49	77 63	71 49	18 52	9 58	23 54	90 42	60 53	59 54	30 54	61 50	7 44	33 56	73 57	55 56	10 45	47 49	36 46	41 51	14 52	42 53	74 51	43 51	58 46	65 46	95 52	1 56	2 52	85 52	50 49	8 55	15 50	87 47	84 48	25 55	40 53	76 50	57 38	80 55	45 51	17 55	81 57
19 48	45 64	93 46	2 43	29 49	40 52	70 42	82 51	28 40	75 49	61 45	66 40	25 49	64 44	80 50	65 59	59 47	62 54	51 42	78 51	7 51	9 52	90 53	32 64	46 61	0 47	97 58	71 46	20 45	47 48	22 64	60 54	98 49	54 47	56 49	84 54	99 52	91 43	23 50	53 54	30 53	42 57	94 42	15 53	38 49	4 48	41 48	18 47	92 50	43 52	58 50	63 50	68 55	13 60	12 55	36 49	16 45	34 52	73 51	69 52	52 48	72 45	1 50	67 47	24 58	14 51	95 47	35 42	8 48	17 56	88 53	27 52	86 46	96 49	89 45	26 56	10 48	87 55	39 53	37 51	31 53	3 51	85 51	77 50	49 50	44 40	11 55	81 51	5 38	79 55	74 46	50 49	55 54	21 45	33 42	57 47	76 50	48 54	6 54	83 51
40 44	53 59	17 54	58 43	21 48	82 56	87 53	94 54	97 60	22 42	16 49	49 55	78 45	13 49	62 47	55 50	45 49	26 46	93 54	84 46	71 55	4 56	85 48	90 49	15 50	52 48	67 47	19 56	43 59	33 47	65 54	14 49	29 43	75 50	32 56	59 44	24 56	3 52	10 46	92 49	46 56	72 51	42 55	38 44	74 54	35 51	18 62	61 48	8 45	56 42	63 51	99 55	25 50	70 44	77 55	73 48	88 56	80 50	23 40	30 42	9 50	12 47	86 55	20 44	48 55	66 50	44 43	60 63	76 48	2 51	81 58	28 51	54 43	96 42	1 43	41 54	6 48	37 50	91 46	11 43	47 52	95 50	57 51	31 49	64 47	39 53	50 53	27 45	34 46	83 54	36 40	5 42	89 46	7 47	69 56	0 53	51 55	68 57	79 48	98 58
14 54	75 52	24 46	3 44	61 55	17 56	76 51	70 44	36 52	78 50	63 47	67 59	19 59	41 51	2 55	57 56	56 49	59 51	18 42	26 55	21 53	47 52	82 57	52 39	35 51	45 42	54 50	83 50	51 48	6 47	94 50	0 50	81 54	7 54	98 52	55 50	69 47	65 40	22 57	32 55	33 42	15 51	5 49	97 50	9 53	39 56	37 57	1 49	53 47	60 46	27 51	96 41	13 58	80 41	84 55	90 40	40 50	46 49	72 40	12 52	16 48	34 53	89 52	28 42	79 47	66 49	10 46	30 48	23 52	71 51	62 50	92 52	95 56	8 58	64 57	91 51	42 49	43 50	49 49	58 52	85 52	88 43	44 47	4 44	38 45	87 53	20 49	99 55	74 37	77 54	25 46	31 58	86 50	93 46	50 41	73 51	11 50	68 53	29 54	48 50
65 45	51 48	15 53	72 56	59 51	90 45	52 46	10 50	57 50	25 55	48 54	17 54	35 54	87 53	49 50	63 47	70 47	11 54	2 49	78 47	76 49	79 46	44 53	58 53	40 42	92 54	8 43	95 51	22 56	24 51	38 43	13 49	64 52	41 53	80 57	16 52	73 46	83 47	66 46	33 49	67 49	69 53	93 55	96 47	86 42	46 44	84 46	88 53	53 46	12 46	54 50	32 61	1 42	27 55	0 54	7 42	55 64	97 51	98 49	99 50	34 52	50 51	4 49	47 53	23 51	30 56	9 48	68 50	85 52	28 49	43 51	18 50	21 50	71 41	56 49	19 47	14 58	74 51	20 52	6 52	29 50	61 56	77 48	89 39	39 56	91 47	42 61	60 46	81 54	26 46	37 47	31 54	45 54	82 49	3 47	75 43	5 52	94 52	36 46	62 50
80 60	57 43	84 44	38 58	74 45	25 49	45 52	75 54	30 55	48 47	22 57	88 41	65 54	96 54	19 44	18 44	2 51	17 44	11 61	86 62	54 50	85 46	36 51	42 52	28 54	70 54	9 45	46 52	67 45	97 47	59 53	12 46	15 50	63 54	55 52	43 39	0 52	4 40	6 52	47 48	24 56	31 48	64 50	29 45	52 45	93 47	83 52	98 37	44 53	23 48	94 51	87 50	58 52	60 47	71 45	51 56	16 37	76 54	41 54	1 45	66 53	39 61	92 52	79 51	33 54	62 54	5 49	34 58	72 46	69 48	32 58	13 48	61 59	82 46	40 49	99 39	73 49	81 44	50 52	26 53	21 50	89 51	91 56	35 44	49 53	37 52	53 59	78 50	3 52	95 43	27 51	77 48	56 56	14 53	20 52	8 46	90 47	68 52	7 48	10 46
76 54	99 48	58 50	60 51	75 56	78 47	61 49	8 51	62 47	53 45	74 51	14 51	16 47	80 43	38 47	56 46	36 51	2 45	23 56	64 51	27 60	51 52	94 45	69 46	15 48	7 58	59 50	45 48	44 45	47 52	66 65	89 46	5 55	63 50	10 56	49 59	31 41	39 50	46 48	68 49	52 59	24 51	83 54	65 44	67 49	25 47	3 54	97 58	84 48	12 52	86 49	87 48	22 46	19 52	90 54	93 54	21 45	29 58	33 40	96 51	37 50	88 46	17 49	95 48	28 59	57 54	34 48	48 45	18 54	30 60	92 53	4 58	85 47	1 52	0 55	73 49	26 52	55 43	9 52	42 48	32 53	6 50	81 55	79 49	77 54	72 46	91 49	98 53	71 45	11 52	41 46	82 51	40 50	13 49	70 49	35 43	54 51	20 46	43 53	50 54
75 45	24 52	2 44	73 40	5 51	38 47	19 50	84 50	35 48	39 56	99 51	3 48	77 47	6 50	4 49	59 51	92 48	10 56	54 46	83 51	22 55	41 53	17 47	55 47	82 56	62 46	21 39	1 50	64 55	79 48	34 49	16 52	18 46	29 50	88 48	90 48	9 42	44 60	66 57	37 48	85 57	49 47	47 43	45 54	96 50	81 47	95 52	80 54	97 47	76 55	63 61	91 51	78 48	23 49	69 51	15 53	72 57	20 59	31 54	12 45	8 48	40 58	26 45	11 40	53 52	27 49	68 56	89 47	60 48	74 52	43 50	71 48	13 44	30 53	36 43	70 48	50 56	94 48	86 51	51 49	57 51	46 52	93 47	98 50	0 47	52 55	67 53	28 46	7 55	48 42	25 46	42 50	61 51	33 47	58 48	56 48	14 56	87 47	65 48	32 50
17 49	85 51	95 50	6 46	29 50	79 44	38 55	39 49	28 51	77 43	68 51	84 56	19 49	52 43	72 50	8 49	32 47	99 47	40 43	57 52	90 48	83 54	55 47	20 47	73 51	14 38	27 51	23 43	31 61	1 52	82 50	25 47	67 47	42 51	0 53	94 44	56 55	49 50	37 49	59 43	51 48	41 51	15 50	9 46	92 54	93 49	22 45	35 54	91 45	11 56	96 64	88 52	86 50	34 47	13 52	45 47	98 44	71 36	4 51	43 45	50 49	60 43	69 49	44 39	18 52	48 48	10 48	58 50	89 49	46 61	3 45	30 47	5 54	74 49	53 53	70 54	2 51	24 42	47 54	64 53	87 58	16 55	81 57	36 50	63 58	12 49	76 56	7 54	97 41	78 46	62 62	21 51	80 56	54 56	33 49	26 42	61 47	66 52	65 47	75 52
78 49	77 48	0 58	44 44	98 51	38 48	20 48	96 53	23 52	13 58	87 48	42 53	60 52	80 46	45 45	2 46	90 56	93 50	81 55	39 46	12 48	82 47	14 50	15 46	57 50	76 54	19 48	27 48	28 60	48 47	9 47	75 50	54 60	47 51	50 53	85 51	32 52	16 50	61 44	22 53	21 52	73 54	58 46	25 56	8 47	1 58	94 48	86 49	6 51	92 50	7 51	11 46	3 51	43 49	95 47	26 46	99 46	34 54	91 44	68 48	53 47	17 38	36 49	59 54	97 50	56 50	31 48	74 50	24 46	37 52	49 45	71 44	10 49	52 51	88 50	83 52	63 52	29 49	40 51	41 56	62 47	65 54	79 56	64 51	33 50	69 57	4 52	55 56	30 49	35 47	46 56	84 60	72 52	70 57	67 52	51 55	5 58	89 45	18 50	66 52
80 54	88 57	60 43	34 49	39 54	63 46	14 48	35 58	76 66	13 42	31 45	0 50	5 50	68 50	47 49	96 50	78 56	46 52	94 57	86 50	98 47	85 59	61 45	52 48	69 57	27 54	65 50	26 48	81 48	1 40	59 46	62 51	54 59	82 53	22 46	99 51	97 52	3 49	37 47	23 53	51 51	66 50	53 47	49 51	19 53	15 53	92 47	73 54	11 49	2 62	16 46	70 48	50 57	32 47	72 55	84 55	9 46	43 54	55 51	38 56	44 50	21 52	17 54	79 47	28 49	87 52	12 48	41 58	64 53	36 53	42 39	71 39	93 50	75 45	24 48	4 50	18 56	20 46	74 48	29 46	30 53	83 45	7 40	45 55	91 53	77 45	25 40	10 54	40 52	95 49	8 61	67 53	57 62	33 46	58 49	89 48	90 54	6 49	56 45	48 54
37 40	38 53	13 51	4 52	15 50	55 54	36 52	6 47	60 54	0 37	17 46	62 52	46 54	79 46	2 48	48 48	19 46	67 45	10 47	56 55	99 47	44 43	34 49	69 49	66 45	30 41	22 40	50 52	27 48	49 58	86 46	64 55	78 42	85 52	35 42	90 60	28 53	76 54	1 57	80 53	33 50	8 47	39 64	26 48	41 54	71 53	84 57	12 48	73 55	47 51	31 55	16 51	11 52	3 58	94 64	87 48	82 49	54 46	18 56	21 45	14 47	29 53	65 55	9 51	20 42	53 53	45 47	98 55	89 38	91 56	74 41	43 48	96 43	81 59	51 47	7 61	88 50	58 57	75 58	95 58	61 54	68 53	40 46	97 60	70 58	42 52	63 54	57 53	24 50	77 50	25 52	92 49	5 53	83 45	59 46	32 51	93 57	72 53	23 46	52 48
88 49	62 55	59 49	29 42	63 51	90 55	6 46	72 47	43 44	11 48	65 43	2 56	67 50	44 51	70 45	95 58	50 53	53 46	30 52	92 56	64 44	37 47	49 57	61 55	45 48	68 35	20 50	21 53	60 55	19 53	24 57	93 49	5 46	40 43	41 52	89 46	25 50	57 57	42 61	3 44	56 54	8 50	15 57	91 59	96 44	35 51	26 45	9 44	48 55	28 47	97 51	12 60	98 51	0 48	86 38	52 49	77 51	75 57	32 48	33 46	13 52	51 53	54 47	7 46	16 50	34 48	4 45	82 51	99 49	83 53	81 44	17 49	71 56	1 50	27 51	31 51	55 58	76 50	47 47	14 49	84 45	74 51	66 48	79 42	80 54	58 48	39 46	85 55	23 57	94 53	22 49	78 44	73 52	10 43	46 54	87 58	36 51	18 41	69 51	38 57
71 50	48 46	41 50	96 62	19 53	31 54	58 46	56 48	84 53	60 46	3 46	62 59	8 48	28 58	68 53	97 44	49 58	51 43	26 45	6 49	36 51	98 52	82 49	69 46	57 51	64 52	21 51	25 54	85 53	15 53	88 49	2 50	5 50	90 47	46 43	35 47	81 64	0 45	4 54	94 53	73 45	59 54	87 53	29 50	61 52	95 58	18 55	93 48	33 46	70 53	99 58	50 50	38 50	91 58	45 48	86 42	42 54	1 54	72 48	54 42	78 45	77 50	80 50	92 53	22 64	12 47	74 52	75 47	43 59	76 56	14 52	44 53	89 39	13 52	7 53	55 46	34 52	65 43	40 51	52 58	10 47	39 45	32 53	23 55	20 51	17 46	9 52	16 50	63 57	66 48	67 50	47 52	30 49	11 47	27 45	24 55	37 56	53 51	79 43	83 49
12 49	72 51	65 47	10 51	1 46	55 53	79 55	2 45	13 51	21 52	53 53	66 51	78 49	86 58	8 49	23 52	63 49	70 54	58 47	28 54	48 51	84 37	98 45	45 47	16 54	20 49	85 45	89 37	76 50	77 53	43 51	68 59	49 45	80 57	96 55	64 41	32 50	29 53	4 50	75 49	3 45	46 58	18 50	39 52	87 51	19 56	42 47	95 54	36 56	22 48	93 52	82 48	0 47	67 54	24 47	33 50	92 51	35 48	47 46	38 51	60 62	52 56	41 52	34 52	9 62	15 38	37 50	27 52	14 45	56 41	26 39	11 44	94 51	61 47	57 58	62 41	99 44	25 35	88 44	54 44	5 37	73 53	51 58	97 53	71 51	81 47	83 59	6 34	31 52	30 60	40 51	59 51	69 43	50 51	91 50	17 46	44 53	74 62	7 55	90 56
81 52	70 41	27 44	17 59	13 47	6 52	8 51	63 64	25 49	30 48	77 56	65 55	0 53	34 55	10 50	94 48	68 52	67 52	80 52	96 51	31 51	1 52	73 38	15 54	57 53	5 61	64 45	82 50	76 53	49 46	12 57	23 49	95 44	50 52	22 42	55 50	46 51	98 58	91 51	18 44	93 46	48 50	78 51	21 48	53 51	61 51	89 54	45 57	9 49	85 51	7 47	28 41	16 42	69 47	35 52	90 44	2 44	43 47	44 47	56 53	66 55	32 42	75 44	59 51	62 54	54 46	38 51	86 52	37 44	29 43	36 45	58 49	74 48	83 48	4 51	84 46	20 45	51 46	60 51	47 54	26 52	72 52	39 54	19 46	88 48	71 49	42 52	40 57	92 49	41 58	99 46	87 46	11 54	52 45	24 54	33 50	3 51	79 54	97 50	14 61
32 43	27 44	86 49	21 44	68 56	40 51	58 45	49 48	44 51	20 47	16 50	41 56	87 48	36 49	22 53	95 44	71 47	11 54	5 42	67 52	96 45	50 51	12 52	24 56	9 53	63 51	33 49	74 48	53 42	29 50	4 55	88 43	55 41	25 52	82 51	54 55	35 42	10 53	62 53	57 43	42 54	28 62	6 48	64 53	83 47	37 53	93 50	3 55	99 48	51 45	18 54	17 52	15 53	59 53	97 42	39 48	92 52	45 40	84 46	73 53	77 47	80 53	13 49	30 57	2 52	56 45	48 45	1 45	79 49	31 46	85 54	47 46	19 43	38 57	89 50	70 44	66 49	78 52	69 48	43 54	61 59	46 44	91 50	52 46	72 50	7 58	76 53	65 55	8 50	14 54	60 51	75 46	26 48	81 52	98 49	90 38	94 62	34 45	0 57	23 51
76 55	5 48	35 56	37 57	7 52	42 48	71 57	72 45	60 43	46 50	85 52	4 50	62 48	6 41	57 52	66 50	52 53	12 47	70 46	13 53	83 49	77 49	31 47	44 61	17 50	34 51	64 43	18 54	39 55	94 53	54 51	38 57	88 44	21 47	93 50	67 57	11 47	63 56	10 50	91 48	14 52	16 48	33 56	65 49	68 44	58 50	2 51	9 49	50 51	43 47	75 52	40 61	96 58	20 49	86 53	97 48	73 53	22 48	98 50	19 44	51 43	90 46	55 45	1 46	8 53	32 57	47 43	99 49	25 53	69 46	49 48	92 42	53 48	59 51	79 53	89 53	27 48	56 48	30 45	87 52	23 50	26 56	95 43	48 53	61 53	78 55	36 49	15 43	84 47	29 55	82 48	74 43	41 44	3 54	45 47	28 47	81 51	80 50	24 50	0 55
92 53	78 57	24 56	23 54	2 57	12 48	86 49	58 52	91 42	96 48	65 50	19 43	17 47	46 51	84 48	22 46	48 51	97 54	25 57	45 45	90 47	69 56	43 56	52 56	85 45	1 49	81 45	27 46	79 51	38 52	73 47	76 48	30 54	83 46	59 59	51 50	41 56	53 51	18 49	56 46	32 47	62 44	33 46	10 51	82 62	99 53	6 44	68 37	0 52	21 50	4 47	5 50	16 49	14 52	77 42	64 43	36 58	60 50	34 46	89 47	74 38	93 47	11 51	63 52	57 47	42 61	98 44	39 50	28 58	80 56	67 48	20 48	88 50	13 46	71 49	8 50	54 56	95 45	3 43	35 48	75 45	40 49	9 48	29 42	66 49	72 46	87 45	44 46	26 50	15 48	94 57	55 43	47 49	50 48	31 49	61 52	70 58	49 59	37 51	7 46
0 46	22 49	11 51	96 50	37 48	46 59	80 58	49 48	71 61	42 46	2 49	60 49	48 49	34 51	65 55	90 42	67 44	92 45	15 54	88 51	43 49	98 50	84 52	29 50	59 63	20 59	91 56	38 61	7 43	63 49	68 60	23 44	18 55	19 62	14 47	10 52	74 53	31 48	17 42	76 48	79 46	26 53	13 52	21 45	52 50	72 48	62 51	24 55	40 44	82 51	97 57	4 51	35 49	81 43	86 46	75 55	78 46	58 50	93 54	69 51	51 47	12 40	61 51	47 51	95 52	1 57	87 49	3 45	32 53	6 48	56 54	55 52	70 47	36 49	8 64	85 56	77 38	83 46	39 41	16 57	66 44	64 49	44 47	5 49	9 51	41 58	57 38	73 42	27 49	45 54	53 43	99 56	25 53	28 49	89 48	50 41	94 44	33 55	54 49	30 44
80 57	83 47	34 53	45 37	48 54	29 50	82 49	46 41	61 49	12 49	32 43	90 55	93 54	36 49	96 47	88 49	69 43	35 50	3 46	67 47	64 44	91 57	16 57	17 58	33 45	13 46	38 50	97 60	89 47	44 47	15 46	5 52	37 51	62 46	79 49	21 53	51 46	42 48	20 60	81 42	68 54	49 50	65 51	94 45	27 54	52 50	70 45	10 52	99 43	23 48	50 38	14 54	85 38	40 57	41 51	4 47	28 52	59 52	47 47	9 42	55 56	30 53	26 52	71 34	76 46	25 52	57 39	87 57	66 49	18 48	19 57	11 63	43 52	60 50	63 40	53 49	58 54	72 48	84 53	77 53	95 55	8 52	1 55	6 55	78 57	98 57	86 45	22 47	7 46	31 59	24 59	74 48	73 47	0 51	2 56	75 50	39 44	92 38	54 51	56 51
91 44	23 54	82 48	51 50	56 48	80 46	53 46	26 49	49 49	67 53	17 52	94 49	24 48	20 59	33 57	93 58	58 52	11 51	39 48	88 52	21 54	76 44	47 45	40 43	85 50	77 50	99 52	13 57	65 48	14 52	45 44	19 44	7 51	83 48	63 51	61 46	89 47	29 55	44 48	70 51	35 45	84 46	8 46	57 50	55 52	28 54	18 50	5 56	25 61	3 48	30 50	87 46	36 49	90 51	10 42	92 45	4 47	42 54	6 52	62 54	34 52	27 52	68 53	75 47	78 51	97 53	2 52	52 51	98 42	46 56	12 52	22 40	15 46	59 51	32 59	60 53	64 49	81 51	38 51	50 49	0 46	16 50	48 57	43 48	86 51	95 52	72 47	31 65	96 51	69 48	66 52	71 49	73 53	37 51	74 52	41 49	79 55	1 55	54 46	9 50
66 44	24 56	3 57	21 50	63 45	87 45	22 50	77 41	96 40	16 48	4 51	67 48	54 53	9 47	44 51	69 50	29 46	98 42	71 47	86 54	80 50	97 55	35 54	47 49	32 52	89 48	53 60	6 59	82 52	11 55	81 48	27 54	85 53	28 56	26 51	34 41	75 41	50 46	17 49	76 47	10 56	60 48	90 50	49 37	25 46	18 42	94 50	43 51	39 41	23 54	14 51	68 50	31 56	62 46	41 46	38 51	70 43	93 44	79 48	12 47	40 49	95 41	73 47	83 52	92 51	48 47	59 49	78 50	64 42	65 59	57 48	30 54	58 52	74 46	91 49	88 47	46 55	56 56	5 47	52 48	2 53	19 44	61 53	42 55	15 43	36 51	45 55	72 50	8 45	99 50	20 53	37 46	84 55	33 48	7 56	51 45	13 52	55 49	1 51	0 49
31 58	2 49	93 47	9 54	76 48	68 53	81 50	58 49	73 47	71 43	12 44	86 52	32 46	33 44	91 56	40 48	45 50	53 54	77 52	75 48	52 48	27 44	25 55	23 58	3 43	98 49	30 50	44 57	79 51	35 58	99 47	19 37	4 47	88 50	67 50	83 43	0 54	82 47	38 50	95 49	92 50	90 54	34 47	60 52	15 50	37 46	11 52	47 46	14 44	10 51	18 36	74 48	43 46	46 48	42 56	17 53	69 48	8 53	7 57	28 50	89 43	48 53	87 51	78 45	22 45	1 43	94 41	66 47	49 47	64 45	39 42	72 55	54 61	57 50	85 47	5 51	56 53	62 47	80 49	26 45	6 45	65 54	21 47	41 48	16 55	70 57	96 56	29 52	13 49	50 54	61 52	36 46	84 49	59 51	55 51	20 52	97 48	24 49	63 49	51 47
95 52	83 49	17 48	84 45	27 50	25 49	99 51	13 44	49 52	94 47	32 54	5 46	41 50	33 46	97 49	20 58	36 52	18 53	34 43	81 53	6 52	46 52	14 49	44 49	79 51	56 46	59 50	19 50	62 51	48 50	55 51	72 43	88 56	53 48	10 44	64 49	71 54	23 52	26 44	60 44	93 51	86 48	91 49	42 51	51 46	4 54	75 50	69 48	7 48	8 53	15 55	38 52	82 50	70 53	2 43	22 52	85 48	67 57	61 53	76 52	21 48	40 52	1 49	50 52	90 50	73 49	63 48	89 61	35 54	0 52	31 50	74 51	47 45	39 57	98 55	43 53	77 40	29 52	57 46	45 59	28 56	54 46	3 51	11 52	30 46	80 53	96 51	16 48	52 54	12 46	87 54	37 58	24 50	92 40	66 45	68 55	58 58	65 47	78 57	9 54
80 46	93 48	67 47	70 51	65 46	78 45	41 58	49 51	98 48	55 46	52 46	33 49	28 43	17 52	57 50	76 52	72 59	0 51	7 51	44 43	42 47	20 47	32 54	53 47	18 49	38 55	94 53	59 52	22 45	51 54	46 56	89 48	5 54	64 54	10 44	26 56	14 47	34 55	87 53	2 53	30 57	71 50	83 47	79 50	27 47	96 54	23 48	60 57	73 56	3 58	47 48	81 56	77 48	75 54	90 47	6 56	9 42	39 45	37 51	35 53	8 48	24 50	84 50	99 51	54 47	45 51	85 54	69 52	88 56	86 42	62 45	66 55	68 41	12 57	91 54	1 50	40 44	95 50	48 43	21 50	63 45	4 51	97 52	15 51	74 51	43 55	13 52	16 52	31 51	29 55	19 50	92 52	58 51	50 39	11 57	82 48	25 46	61 48	56 47	36 60
76 50	34 56	45 51	95 56	42 51	8 47	86 51	87 59	56 50	14 40	71 49	12 52	20 50	35 44	22 51	10 50	65 54	24 54	55 54	68 46	93 56	27 49	4 47	38 54	53 41	28 46	40 53	82 55	44 46	37 58	91 55	1 48	50 47	43 50	0 54	89 50	54 45	32 48	11 49	80 46	58 50	39 52	49 51	90 38	41 44	47 42	79 55	9 49	88 58	83 47	23 45	62 46	2 49	75 53	67 53	69 45	18 46	72 46	17 36	46 49	48 53	59 56	66 46	70 48	73 52	21 47	77 51	33 45	19 46	6 54	74 48	61 43	85 51	92 46	98 40	3 52	13 55	96 57	78 57	7 51	25 50	29 54	31 53	15 44	16 44	52 57	51 53	36 49	97 53	94 45	26 50	30 50	57 54	63 46	84 57	5 48	64 48	60 56	99 47	81 43
83 49	44 56	63 50	90 57	40 50	87 57	86 50	35 56	56 50	68 64	16 49	8 45	88 53	23 57	80 43	61 49	31 60	17 46	11 55	6 51	96 50	54 51	19 61	49 51	57 49	9 48	64 50	93 56	92 54	71 44	89 56	27 49	60 54	32 50	72 58	82 52	70 48	10 50	20 47	73 54	13 54	98 52	78 51	97 46	94 50	50 44	7 58	67 59	46 56	26 50	75 54	4 51	69 53	37 51	18 54	21 45	12 36	5 49	74 48	41 48	55 43	77 52	76 44	1 43	79 50	99 38	52 43	30 48	15 48	14 50	0 41	95 45	24 54	43 49	3 53	22 50	53 59	59 47	33 54	38 54	36 51	84 58	45 52	62 53	29 56	66 48	58 45	81 46	85 43	48 45	42 45	65 44	34 51	28 55	39 51	2 50	47 46	51 55	25 54	91 46
90 44	60 46	58 50	42 49	32 51	18 42	65 51	80 56	96 56	19 51	48 50	97 49	33 51	67 57	11 49	14 51	74 49	15 54	13 51	62 54	24 57	81 61	70 58	88 54	51 47	56 44	44 52	99 52	55 42	9 53	71 51	6 50	26 45	86 53	5 46	29 38	79 54	61 53	10 52	36 49	38 51	66 55	85 56	64 46	16 52	69 54	63 53	46 45	53 43	91 45	23 47	78 52	2 50	75 58	49 43	73 55	41 56	27 53	93 49	68 58	4 54	28 46	95 52	84 54	47 48	21 42	22 52	3 58	1 60	98 44	82 62	7 54	57 51	8 47	37 46	35 55	83 52	0 59	72 55	31 46	34 48	87 58	52 47	39 53	43 49	59 53	25 51	12 51	92 50	20 49	77 46	50 57	76 45	94 47	45 49	40 43	30 41	89 48	17 50	54 47
41 53	3 57	61 51	99 50	87 55	46 50	93 56	54 55	69 50	17 54	74 54	59 55	70 42	75 52	30 50	91 59	76 41	14 50	25 49	50 51	77 47	44 44	88 52	80 49	98 52	0 45	38 50	26 54	32 49	97 62	10 44	62 43	6 50	13 58	5 50	11 42	37 49	90 35	36 53	94 49	51 48	35 51	48 51	83 62	22 47	79 53	66 50	19 49	58 37	24 61	47 48	28 54	42 48	21 46	34 47	40 56	8 47	29 50	68 59	27 50	57 48	23 54	60 52	84 47	89 49	16 58	4 55	78 51	71 51	33 48	2 47	1 51	95 54	45 58	12 45	81 59	56 44	7 52	73 47	65 45	49 49	64 61	43 49	82 47	63 60	31 46	9 52	72 43	20 55	53 47	67 57	15 50	55 47	86 46	18 55	52 51	96 44	85 46	92 53	39 50
