70	80
5 53	46 43	52 50	74 59	53 50	28 41	36 45	18 49	43 54	54 56	32 56	76 49	79 46	38 46	23 49	27 56	7 63	22 44	29 54	3 48	58 49	59 49	16 43	34 43	20 63	63 55	44 45	21 63	8 47	26 47	25 57	60 58	70 47	78 53	2 52	13 48	4 51	61 42	65 50	37 45	75 42	50 46	39 44	17 50	57 52	14 38	49 55	30 54	73 45	47 47	42 49	24 53	19 50	69 47	33 56	1 45	35 52	67 47	40 48	31 47	0 51	6 57	9 51	11 56	77 54	64 47	72 50	68 41	41 44	51 54	56 53	62 49	66 48	71 49	12 46	10 51	45 47	15 45	48 56	55 44
46 37	40 46	2 40	3 51	28 48	62 53	59 51	12 63	21 49	37 53	71 51	61 56	38 47	20 52	29 59	72 57	76 53	52 49	65 45	60 47	58 48	47 49	7 52	19 57	32 52	56 48	51 51	30 49	14 46	63 52	25 54	26 47	15 50	31 50	70 40	8 53	53 53	10 49	55 51	22 53	0 53	39 54	1 53	49 64	27 53	41 41	66 53	50 58	16 54	11 40	36 44	69 49	48 47	45 49	13 54	74 50	42 48	78 44	79 36	54 61	43 56	33 46	35 55	23 58	18 55	5 59	6 61	73 50	9 56	4 57	75 52	44 53	64 54	57 44	77 49	34 50	17 56	24 53	67 49	68 49
47 50	1 52	27 52	21 45	34 55	33 48	3 47	52 49	32 54	69 52	10 52	18 47	50 47	26 51	4 56	35 44	60 51	68 49	51 47	37 51	62 37	72 50	58 44	8 42	74 55	30 45	31 50	59 45	6 53	36 52	9 48	15 43	14 53	49 58	19 44	64 48	45 46	11 48	42 48	67 47	73 51	28 52	75 44	66 49	44 50	5 52	46 40	40 62	76 49	56 49	79 56	0 53	78 48	20 58	23 51	53 42	61 48	41 47	55 52	16 57	63 44	57 52	2 52	7 55	70 54	77 54	24 45	71 41	48 49	25 46	65 48	12 49	43 55	22 55	54 48	17 51	39 43	13 57	29 49	38 48
48 48	0 51	15 56	20 55	33 49	17 52	68 53	37 60	32 53	41 51	10 53	66 54	61 53	50 48	36 46	78 59	28 61	27 46	16 49	29 45	30 52	69 50	70 42	7 47	3 60	56 51	60 49	12 49	2 49	19 44	24 54	58 48	44 43	18 51	25 54	77 47	4 51	72 46	34 61	14 48	62 53	55 45	59 59	73 37	45 52	71 46	8 49	46 52	54 40	22 53	65 45	67 47	9 46	47 46	74 53	42 48	52 50	75 51	26 51	11 46	31 56	49 51	79 46	63 52	23 53	64 48	57 51	1 45	39 51	21 47	6 47	13 47	40 55	43 50	76 49	5 39	51 48	53 48	35 54	38 51
49 59	73 49	79 52	67 55	47 53	9 52	7 52	34 43	41 42	72 51	61 49	1 51	3 53	58 49	5 45	22 54	39 49	36 50	11 48	24 53	78 51	50 51	35 48	12 57	6 53	8 49	40 50	51 52	48 50	55 58	53 59	42 55	2 49	70 46	33 48	76 48	4 53	59 51	25 50	75 49	68 50	26 47	69 52	21 59	23 48	37 47	54 53	52 59	66 50	60 48	20 51	65 58	46 50	30 49	71 53	45 56	19 48	13 47	32 56	10 50	15 49	77 48	57 50	38 44	44 47	0 46	56 52	28 54	29 52	17 46	62 54	74 52	31 48	63 48	64 54	27 40	14 52	43 50	16 44	18 51
20 48	48 55	51 46	66 49	71 57	70 53	5 56	35 56	41 48	42 49	63 49	3 52	53 54	14 50	39 54	76 52	72 42	75 45	77 44	74 47	65 46	17 51	50 51	37 55	58 51	1 54	69 49	46 50	12 42	57 53	11 45	44 53	30 45	25 51	33 50	0 48	73 50	21 42	62 44	16 49	7 55	56 63	9 48	10 52	36 48	24 45	34 42	47 48	52 52	55 49	13 53	49 46	22 50	18 46	32 57	38 55	45 44	60 58	31 57	8 41	6 40	67 50	26 47	2 58	23 41	40 55	29 41	28 58	54 39	68 49	78 50	64 55	27 50	79 43	43 49	4 52	15 50	61 51	59 47	19 42
36 52	22 54	7 53	0 47	49 52	65 66	52 47	15 45	78 49	50 53	6 40	61 52	20 43	37 53	70 52	58 46	11 55	14 43	4 47	42 61	5 46	12 51	23 51	9 54	57 49	59 46	62 51	76 45	71 52	45 54	25 47	31 52	8 51	10 50	74 60	29 54	63 54	55 48	47 49	75 55	60 52	56 44	68 50	40 45	16 54	18 48	35 45	53 51	17 47	24 46	79 48	32 49	1 40	3 44	33 50	30 43	67 47	39 45	66 48	46 57	72 49	69 50	2 47	73 48	51 49	41 58	21 53	77 45	19 49	34 53	44 51	43 54	38 54	54 50	13 52	64 46	48 50	28 56	26 49	27 53
56 53	67 48	17 45	0 46	41 50	22 48	78 53	24 51	6 51	13 46	48 49	51 51	27 45	50 51	5 46	16 40	64 49	31 54	11 49	14 52	21 48	10 48	40 46	77 53	53 48	49 50	44 41	19 51	65 53	7 47	45 45	76 53	52 47	15 53	42 54	46 50	20 49	34 59	43 50	1 51	28 53	38 46	55 44	33 46	36 51	79 38	63 56	25 52	70 47	39 49	30 50	54 51	69 58	73 48	29 45	2 50	68 51	23 48	18 55	59 52	66 40	32 53	72 44	8 45	47 33	75 60	58 56	3 38	74 55	61 51	4 47	57 47	60 46	12 51	62 50	37 47	9 50	71 53	26 57	35 43
46 57	27 47	39 48	2 50	9 49	72 48	6 55	75 42	10 53	14 54	65 51	18 52	22 51	74 45	47 52	64 44	56 44	73 54	16 49	5 47	40 49	43 52	3 48	50 48	7 49	42 41	76 54	45 50	54 51	78 65	62 49	26 56	23 59	35 46	61 45	12 51	13 49	29 53	67 50	4 44	8 52	79 53	32 54	19 55	55 49	21 51	69 50	31 52	48 42	25 38	77 63	37 53	11 55	15 51	28 53	52 50	68 60	1 50	20 51	41 49	53 51	34 51	57 44	17 48	24 48	59 56	60 47	63 55	33 47	51 49	49 51	44 53	38 49	30 43	70 43	71 50	0 49	58 47	66 50	36 47
54 61	78 48	45 44	35 52	4 48	25 57	26 57	69 51	27 52	32 56	0 58	31 52	36 50	46 46	49 55	37 49	33 50	11 46	53 48	77 55	75 50	70 57	15 54	79 45	66 45	51 58	12 50	5 55	22 53	55 46	13 45	3 50	28 55	52 54	9 62	14 48	44 49	62 50	20 42	67 49	34 44	48 56	43 56	76 48	1 53	38 52	17 51	21 53	50 51	58 49	42 53	6 54	7 53	40 51	64 48	57 46	60 52	10 49	73 52	68 52	71 45	23 42	56 54	24 54	59 51	18 45	29 52	72 55	74 47	39 48	16 45	47 54	41 51	65 44	30 55	61 49	8 62	63 54	2 56	19 48
56 56	75 41	77 46	36 48	33 53	39 56	11 48	42 48	63 50	76 56	19 44	9 50	45 61	4 48	20 48	55 51	50 38	12 46	60 53	41 48	70 46	6 44	23 55	15 51	3 43	30 48	22 49	25 43	61 55	10 55	68 57	52 49	16 55	26 50	32 52	62 55	64 44	72 57	69 44	79 49	58 58	34 55	27 48	47 50	8 46	21 54	17 41	43 43	51 48	44 43	57 50	14 52	78 53	54 45	24 45	66 54	67 51	49 48	40 61	31 52	38 47	29 44	0 44	1 55	28 48	37 50	59 52	46 48	65 46	7 51	18 53	35 47	73 49	5 44	48 49	2 38	71 60	74 53	53 44	13 48
20 42	26 51	10 50	18 52	34 43	63 49	30 59	61 50	38 50	79 45	43 53	8 50	0 51	54 49	68 56	65 48	44 51	73 58	12 49	42 45	62 47	29 52	72 57	48 53	23 55	25 51	46 46	4 49	66 50	9 54	78 47	22 50	36 51	32 48	47 51	24 53	1 47	45 46	5 47	11 45	14 55	71 54	55 46	59 48	33 48	41 49	2 48	77 47	50 48	27 52	76 42	56 48	37 54	28 48	70 47	35 49	60 59	57 52	17 59	31 48	16 56	49 46	53 50	67 56	51 52	21 46	3 48	75 47	58 55	69 59	13 47	19 52	39 49	64 54	15 55	52 49	40 57	7 55	6 41	74 54
45 54	57 55	70 47	63 53	79 55	6 51	0 54	21 58	20 54	64 43	24 45	49 48	40 36	58 48	52 45	48 45	61 50	16 50	9 50	15 52	23 49	59 51	66 50	34 52	56 51	55 44	22 52	50 52	72 57	67 54	51 49	1 50	19 38	37 43	77 55	47 45	65 53	26 53	73 42	4 45	35 49	75 48	74 56	8 54	78 48	18 48	32 55	39 49	10 50	33 50	14 45	42 50	44 47	53 43	46 52	30 50	25 56	36 52	62 45	69 46	71 55	60 47	54 44	13 42	17 43	7 46	31 52	38 48	76 54	2 57	27 50	41 37	68 50	3 51	29 49	5 51	28 48	11 45	43 62	12 43
37 50	28 51	41 43	71 58	13 58	33 50	64 52	17 48	16 46	78 45	25 55	35 58	45 59	55 54	74 53	50 49	53 52	15 49	56 50	10 48	68 47	21 51	39 41	27 49	44 44	19 51	48 53	57 50	30 47	73 52	9 51	29 56	5 52	67 53	52 51	47 51	49 49	54 53	77 47	60 42	65 41	7 46	76 47	32 49	72 46	23 44	51 56	75 48	2 52	70 41	69 55	22 52	26 49	62 51	8 44	42 53	14 54	58 70	36 52	46 47	11 52	12 46	79 40	4 44	43 45	18 50	63 54	6 49	1 50	24 47	3 52	38 46	59 47	0 54	66 49	40 46	20 46	31 43	61 49	34 45
30 50	62 55	24 51	5 46	8 48	50 44	3 51	75 50	53 44	35 42	65 45	1 59	14 48	57 50	2 49	4 47	44 33	67 50	22 56	78 46	28 57	33 53	47 50	70 56	52 46	41 51	25 51	26 52	40 60	10 54	56 48	61 48	31 53	69 62	71 50	46 43	19 44	54 63	66 51	36 51	11 44	51 51	9 46	76 48	20 46	39 49	43 51	13 56	59 55	63 54	27 50	32 54	55 56	74 46	6 49	37 52	42 48	58 47	60 47	12 43	38 51	73 44	18 55	48 51	77 51	0 45	34 49	29 44	16 55	21 49	15 51	64 42	68 51	72 44	17 49	7 51	79 47	45 53	23 55	49 56
16 48	33 52	60 54	45 58	14 47	10 56	68 52	3 58	61 40	65 46	42 51	53 56	37 49	76 55	0 54	15 51	29 50	27 42	44 56	9 57	52 42	54 50	13 49	39 46	79 46	26 53	38 43	50 46	56 57	28 50	20 48	6 51	70 44	17 47	77 58	47 48	69 45	31 44	40 52	5 51	72 57	19 53	12 47	22 46	75 54	62 48	30 49	57 49	78 54	55 55	48 43	25 45	1 48	63 48	59 55	67 45	35 54	71 50	43 46	73 48	36 54	2 44	49 53	34 58	18 52	66 49	51 51	23 59	21 43	24 54	58 55	46 45	74 51	41 48	4 50	11 50	32 54	8 45	7 62	64 55
45 61	70 49	16 51	8 47	77 47	2 49	74 49	73 56	25 50	62 51	51 51	68 57	39 55	36 43	9 57	75 51	18 57	30 56	24 41	37 52	29 44	66 52	10 43	1 56	5 55	72 55	67 43	35 51	21 49	49 50	4 54	7 58	76 53	55 50	43 49	40 58	48 54	56 44	78 55	79 42	60 47	23 53	14 45	26 54	34 49	32 46	0 42	19 45	58 44	71 54	52 45	12 50	65 52	3 48	50 51	20 42	54 53	42 45	6 46	44 52	46 58	61 47	28 43	17 53	13 53	63 52	11 46	64 62	57 43	27 50	41 51	53 45	59 61	31 46	47 48	38 52	33 46	69 49	15 45	22 51
24 55	30 54	32 43	68 52	5 51	60 45	33 52	65 51	63 54	79 51	35 54	69 47	3 50	11 50	45 50	16 65	51 55	42 47	67 52	54 43	75 51	49 50	13 54	15 55	7 48	39 45	31 53	14 53	64 49	76 47	18 48	71 42	20 51	61 45	59 51	72 53	6 47	58 51	17 50	10 45	40 46	41 50	9 52	53 49	0 56	46 53	66 50	70 47	28 60	47 50	29 55	56 48	19 47	55 61	48 49	22 41	25 45	74 47	44 47	50 48	77 40	12 44	1 56	27 47	2 59	4 58	62 57	26 49	21 46	34 52	78 52	52 51	43 52	8 56	38 57	23 53	73 45	57 44	37 49	36 45
26 57	63 41	39 54	22 56	44 43	12 53	27 49	41 37	33 50	67 47	53 58	4 54	61 52	17 43	45 44	78 60	58 50	28 53	38 59	25 53	20 51	36 50	54 60	6 45	50 45	30 59	5 48	10 44	47 50	1 56	55 44	65 49	57 46	51 56	8 50	48 45	15 47	79 48	34 49	72 61	7 55	68 50	18 54	35 50	0 55	9 58	3 44	76 52	14 41	2 52	32 56	77 47	40 50	62 41	21 54	64 50	23 50	74 45	31 42	73 46	37 47	66 53	75 52	69 51	24 49	70 47	42 48	71 53	19 54	56 42	49 47	13 51	52 61	43 47	16 43	60 53	46 47	11 58	29 49	59 57
44 43	36 48	40 42	31 45	39 49	4 51	70 51	26 43	35 54	43 53	16 52	37 55	32 55	53 46	46 59	24 48	0 49	21 50	5 45	75 58	76 47	19 47	60 48	28 58	59 46	61 51	2 50	73 50	10 55	20 46	47 48	77 58	45 46	71 59	38 51	34 49	52 47	3 53	14 49	42 59	62 45	55 53	18 43	8 47	49 53	33 42	11 50	74 47	15 42	17 49	79 49	29 50	66 52	30 52	23 41	56 50	7 62	22 55	78 49	57 54	41 48	65 52	50 49	72 47	54 60	12 52	27 45	51 49	25 55	63 48	13 49	9 53	67 50	48 53	69 40	58 46	6 43	1 59	68 48	64 53
4 40	40 49	67 53	62 59	17 60	51 49	79 59	8 53	48 51	15 45	41 46	0 45	7 44	55 54	44 46	43 61	50 55	71 41	65 52	2 45	18 51	69 50	60 36	19 46	31 54	76 50	57 47	46 58	20 53	36 53	59 46	33 46	58 54	9 44	12 48	34 48	24 50	37 52	63 48	53 47	16 49	28 59	78 45	21 40	39 46	42 54	32 54	61 48	30 51	13 48	10 45	29 46	54 55	6 50	47 51	14 49	64 44	35 42	3 50	72 55	77 46	1 55	45 54	70 55	38 54	73 54	56 49	74 49	5 54	68 52	26 50	66 52	75 40	22 47	11 54	25 41	49 45	23 51	52 49	27 46
34 40	76 57	38 51	31 42	42 49	75 54	47 45	78 42	41 52	65 60	57 44	5 52	23 46	32 39	44 49	40 52	55 55	54 47	39 47	68 51	4 59	33 51	9 56	19 56	72 50	49 44	6 41	58 50	61 46	11 58	66 44	56 46	51 48	17 56	71 50	21 53	35 45	69 48	12 50	7 53	0 56	77 53	52 47	53 44	22 51	79 48	24 52	28 58	62 50	27 47	15 50	60 46	50 53	13 47	8 43	30 44	74 50	26 51	67 50	63 48	36 44	73 43	29 42	3 50	10 42	48 54	25 55	18 47	16 45	37 43	1 50	2 46	59 57	70 40	45 49	64 53	43 57	20 49	14 52	46 48
44 52	58 50	55 44	51 54	67 55	56 56	35 44	25 53	17 47	38 54	31 50	13 47	0 50	77 64	34 49	30 54	19 48	42 51	62 53	22 49	20 37	15 54	39 49	4 45	47 41	6 53	14 55	76 49	60 59	7 52	73 49	12 49	78 52	11 57	2 50	40 45	54 58	71 48	50 49	46 56	41 48	61 59	49 42	48 47	69 53	53 48	64 48	63 55	74 47	65 49	68 57	18 53	36 55	70 50	72 46	10 44	66 44	37 39	75 49	32 55	45 50	29 43	21 48	8 50	33 53	26 47	43 49	1 56	9 49	24 43	27 47	23 50	16 47	79 52	52 64	59 51	5 48	57 43	3 51	28 49
44 50	28 56	67 46	19 55	41 48	42 41	71 50	73 46	25 49	58 51	36 45	7 48	29 41	5 53	45 51	23 54	34 47	76 52	4 46	12 52	66 47	26 52	48 60	64 49	59 49	60 53	72 54	49 50	2 49	51 51	9 56	52 48	1 53	70 46	79 50	18 50	39 55	31 54	20 39	47 47	69 45	77 58	56 52	74 48	30 56	13 47	43 40	38 49	54 58	6 35	65 49	50 49	61 46	11 48	24 45	55 50	75 56	57 48	63 54	22 47	8 57	15 52	16 53	32 56	46 46	3 53	33 49	78 56	21 52	10 48	35 47	0 48	17 45	62 53	37 47	53 49	14 52	40 48	68 47	27 58
3 44	71 43	25 51	47 46	14 48	78 50	75 48	60 53	16 49	26 53	62 50	11 48	20 45	21 56	42 52	24 52	17 46	28 55	6 53	61 49	15 59	31 45	73 50	64 55	22 43	46 49	30 58	66 51	43 48	67 54	52 50	48 47	9 58	63 52	33 42	19 53	69 42	57 49	58 50	44 48	32 49	37 45	27 50	51 45	68 47	34 54	39 46	55 49	53 51	38 47	41 57	35 46	79 55	23 52	77 59	8 57	1 48	36 51	0 44	10 48	49 49	45 61	70 45	4 47	5 49	74 55	7 50	76 42	50 42	72 43	29 51	12 58	56 53	40 55	18 49	13 56	65 56	59 55	2 41	54 51
78 49	53 55	32 46	31 43	14 44	73 44	66 56	62 58	17 49	1 48	58 51	45 50	8 47	22 49	56 49	33 56	75 47	10 45	30 47	52 43	12 46	0 56	67 49	60 45	34 44	43 56	65 44	26 38	57 46	39 45	69 48	11 41	64 50	50 54	36 49	48 49	68 47	19 46	4 52	6 49	44 47	79 47	16 59	23 49	7 52	28 40	49 46	61 47	29 45	51 50	41 52	25 54	74 53	2 51	27 51	20 47	3 44	9 50	77 53	21 46	46 49	18 48	5 45	13 50	76 54	24 49	54 52	47 51	42 56	37 51	55 43	72 51	35 50	15 50	70 57	40 44	71 49	59 54	38 49	63 52
8 46	57 52	31 55	52 50	37 51	35 46	69 50	20 60	22 49	58 42	78 47	76 42	45 53	48 53	18 52	29 45	42 50	30 47	19 55	68 47	43 52	67 54	77 49	5 43	55 44	40 54	2 45	26 49	50 45	38 50	74 52	39 52	13 52	60 44	11 57	33 52	3 49	64 54	61 52	75 53	7 51	0 44	71 48	21 53	62 46	53 48	14 52	16 39	79 51	73 57	12 59	46 53	49 52	36 46	65 57	34 57	28 50	4 48	17 46	54 54	9 52	1 51	27 50	24 56	51 56	23 56	63 57	44 62	10 50	47 53	70 47	56 49	41 45	66 54	15 46	32 57	59 53	25 44	72 47	6 51
30 49	70 51	14 43	46 45	21 44	24 55	74 49	53 54	77 52	78 52	25 50	63 54	10 45	71 41	20 45	31 54	1 40	0 41	6 48	36 41	59 48	45 47	67 52	9 58	55 53	7 52	64 54	13 50	60 48	3 50	79 63	19 49	66 42	51 59	43 44	68 52	37 44	41 46	50 53	18 45	49 51	29 52	56 54	39 52	16 57	65 63	40 43	35 53	52 53	61 47	12 44	48 52	54 45	15 56	73 63	17 54	72 52	69 48	32 45	11 44	2 39	22 44	42 55	44 46	28 57	27 60	75 51	33 54	58 50	5 57	38 43	62 44	4 46	26 47	76 59	23 46	8 49	57 57	34 51	47 54
28 58	46 38	27 56	67 50	64 49	60 47	48 46	61 56	73 51	21 38	69 45	15 52	7 48	10 54	52 52	56 53	22 45	9 44	42 49	6 42	78 53	50 48	70 43	62 51	25 56	32 51	71 49	19 56	5 51	23 44	76 51	45 52	58 55	14 53	8 45	1 52	18 42	41 53	47 45	68 52	17 55	53 39	0 41	34 55	39 50	24 54	74 47	11 50	55 50	20 52	57 42	40 45	59 50	51 54	33 52	16 45	38 49	31 54	12 49	66 50	77 52	75 55	37 52	26 59	79 51	54 52	30 48	4 48	43 50	49 57	29 43	3 49	36 58	63 56	35 54	13 55	72 43	65 39	2 55	44 46
36 47	53 45	44 55	42 51	0 60	54 61	78 45	14 53	72 48	43 52	76 54	59 46	18 56	63 43	51 59	13 51	75 54	21 45	5 45	45 56	4 49	15 55	11 45	67 47	52 53	55 38	9 48	17 39	62 44	16 50	60 53	68 52	79 44	49 54	31 54	74 49	23 49	33 51	65 50	26 41	25 50	47 52	64 47	28 57	35 51	2 51	27 55	8 52	69 47	73 50	20 43	77 44	34 51	71 48	61 45	6 48	32 47	19 47	12 59	37 48	38 40	40 47	10 51	30 51	56 48	1 47	7 51	50 44	48 45	70 46	58 53	29 44	41 43	3 44	24 49	22 55	57 51	39 50	66 55	46 51
74 48	33 51	73 46	50 51	58 44	34 48	21 50	28 56	65 59	64 48	37 44	62 57	78 54	11 46	29 49	54 49	44 46	36 52	72 54	67 47	7 55	41 46	57 53	6 45	10 42	47 49	56 50	59 54	18 60	2 56	24 58	22 61	45 48	17 52	32 57	66 54	52 51	69 55	30 49	49 52	0 47	42 53	23 55	3 48	31 51	76 49	38 46	26 55	53 54	51 49	43 53	8 50	19 51	12 44	46 44	35 51	14 58	13 44	25 47	60 53	5 57	16 46	63 48	9 40	75 54	70 49	20 55	55 42	1 50	68 46	77 60	27 55	40 51	61 47	4 49	15 53	48 49	79 54	71 48	39 46
28 53	44 48	27 49	39 55	0 43	57 43	61 51	30 55	53 42	58 51	72 55	52 48	59 54	47 50	22 47	33 49	36 49	77 50	68 50	12 53	32 52	51 52	41 52	13 40	7 43	16 53	34 45	54 52	19 54	11 52	23 50	6 51	75 49	14 58	31 47	79 55	5 42	42 51	66 47	55 51	9 51	78 54	40 50	48 45	45 51	62 43	25 50	71 44	38 51	4 54	49 45	64 47	60 58	63 44	74 49	76 58	29 53	24 45	1 54	15 51	10 45	18 47	20 51	8 49	3 49	67 50	2 54	17 54	35 42	26 45	50 45	37 53	65 56	56 55	70 57	46 52	43 56	73 54	69 43	21 50
0 37	76 50	75 47	35 52	41 53	6 51	14 58	3 51	18 41	71 45	30 48	78 46	24 45	64 51	52 45	47 50	46 46	40 49	49 55	58 48	66 46	27 50	62 51	17 50	72 51	74 50	44 54	25 52	34 44	23 49	9 44	50 55	31 56	51 49	13 47	22 45	61 58	56 49	65 53	54 50	16 48	77 50	15 47	12 39	33 46	11 57	37 56	19 41	60 41	7 45	43 57	45 52	29 48	59 50	53 62	69 43	57 55	38 57	21 51	2 42	1 50	63 53	32 54	10 60	28 45	20 53	79 53	48 47	73 53	39 56	26 40	68 46	36 46	70 51	42 55	55 56	5 51	4 47	67 47	8 48
10 53	16 51	21 57	18 50	63 40	40 49	8 55	75 42	35 53	49 42	72 49	27 48	42 45	34 40	59 48	55 48	22 52	2 54	14 51	45 51	61 48	37 51	23 48	15 57	70 50	0 53	52 46	20 54	33 45	47 52	54 49	4 58	62 51	73 47	64 48	71 49	78 51	74 44	69 53	44 48	51 50	5 52	32 47	50 57	30 49	11 53	56 49	17 44	67 41	12 52	3 52	66 43	58 55	1 48	26 45	79 48	38 52	25 49	24 45	31 55	77 55	6 45	53 54	60 50	41 45	13 51	9 54	29 53	36 57	68 51	19 50	76 46	65 56	39 41	46 45	7 51	57 46	48 48	43 49	28 58
77 51	52 41	12 48	54 55	14 51	47 61	75 43	74 55	28 51	43 49	21 45	7 54	4 51	38 41	20 52	53 48	50 53	32 47	36 52	48 36	24 49	5 49	37 46	71 47	25 52	49 52	66 53	33 38	42 56	64 45	1 53	16 45	15 54	60 55	35 48	18 53	0 56	26 43	29 43	61 57	67 50	70 52	23 43	17 53	39 47	68 62	55 66	63 51	44 47	8 45	40 54	45 53	3 43	73 47	59 52	6 46	62 47	13 48	34 49	78 58	2 52	46 55	58 43	69 52	41 56	27 46	76 60	65 44	31 50	51 56	56 53	19 46	72 54	11 51	79 47	22 58	10 47	9 50	30 46	57 52
46 48	17 42	27 44	11 46	31 52	21 49	58 56	79 46	43 46	13 48	15 51	2 43	64 60	8 47	63 44	54 55	61 42	56 42	77 48	73 56	72 48	69 46	75 58	65 51	57 52	48 54	41 46	39 50	5 51	44 51	3 42	59 46	33 51	4 45	30 58	42 52	19 40	29 54	23 54	50 57	55 55	20 53	60 54	52 49	0 51	1 42	18 50	70 50	62 58	26 51	51 46	22 53	6 57	24 45	71 53	68 56	47 47	45 53	38 48	14 54	7 51	35 52	76 46	34 45	10 44	78 50	49 53	32 47	28 59	9 48	67 51	40 46	37 44	36 42	53 57	66 47	16 48	74 49	12 50	25 44
27 49	25 50	18 50	16 47	57 58	13 53	76 62	40 45	58 51	62 49	41 52	67 49	71 47	63 53	44 43	31 49	66 50	15 59	64 48	49 49	72 45	12 54	11 50	33 57	56 52	28 44	46 53	29 50	50 61	74 56	48 48	20 52	5 50	45 52	21 56	0 43	17 51	78 42	43 50	26 51	53 41	60 52	36 42	32 54	8 43	69 57	38 47	61 54	30 52	23 50	42 47	6 43	70 54	79 50	73 55	65 53	3 43	22 51	54 51	77 45	55 51	75 46	14 44	10 49	68 47	2 52	7 48	47 54	4 47	39 49	19 55	52 57	35 52	51 43	59 49	24 56	37 48	9 50	34 50	1 50
44 38	36 47	27 55	64 50	33 44	71 49	14 46	65 47	12 55	77 51	16 55	1 53	30 50	43 52	32 56	10 48	67 55	35 49	38 52	62 48	25 49	39 43	9 44	5 53	29 41	41 44	18 52	23 45	15 54	34 44	58 52	11 50	61 50	57 44	59 48	26 46	49 57	46 51	6 44	13 54	40 46	73 55	22 49	45 47	55 51	42 56	76 43	48 52	28 42	0 53	2 52	68 52	69 53	51 52	66 55	8 48	7 39	24 39	74 48	54 55	37 55	60 47	63 51	47 39	53 45	75 50	17 49	31 48	21 46	78 44	19 45	4 55	79 49	20 57	70 50	52 55	72 42	50 54	3 47	56 46
63 40	74 39	46 51	39 53	22 50	72 45	71 42	73 53	35 51	47 54	42 62	29 50	33 47	66 45	69 48	16 47	26 48	18 54	38 54	31 49	65 49	49 55	13 41	21 50	17 51	78 52	76 50	79 50	1 52	41 50	19 45	14 47	57 50	20 59	7 62	61 50	28 47	54 53	12 53	6 35	24 51	44 54	56 61	25 44	64 50	50 51	77 53	2 47	15 46	45 49	58 48	5 50	59 43	34 45	0 56	8 60	48 58	51 50	32 56	40 51	10 51	67 53	62 49	55 47	27 47	53 45	4 40	11 49	68 52	70 53	30 51	43 45	52 40	3 42	9 52	75 40	23 56	36 55	60 62	37 45
73 44	29 42	8 62	19 50	58 56	54 47	30 46	78 49	59 47	27 48	6 46	39 49	77 44	18 46	5 46	48 51	32 42	38 50	75 49	70 46	16 50	7 56	46 59	72 41	47 51	28 46	40 40	69 48	43 42	66 40	25 44	61 45	33 50	1 49	12 49	79 49	10 51	49 48	3 44	37 49	0 60	67 50	22 56	17 46	53 47	62 52	14 52	57 50	50 51	45 57	64 60	31 45	52 46	41 46	26 52	35 45	4 45	51 51	9 57	15 52	11 50	20 58	42 52	60 54	65 50	68 51	76 55	21 45	74 51	55 62	2 49	24 56	34 44	44 53	63 52	36 56	71 42	56 62	23 61	13 45
77 51	0 45	1 51	47 51	74 52	75 52	7 47	6 47	72 46	4 53	44 49	76 46	9 54	43 57	10 48	13 52	25 52	45 61	49 44	40 55	2 49	67 47	55 46	21 46	33 41	66 53	19 47	65 47	61 45	5 52	59 40	30 47	8 43	31 45	24 56	12 47	58 42	26 58	42 51	14 49	56 44	22 52	70 39	60 52	64 40	78 58	36 48	32 60	37 52	48 37	52 48	35 43	46 41	34 41	3 50	71 44	18 50	63 40	11 54	62 44	54 52	39 47	41 47	53 50	68 45	50 41	73 50	51 48	16 51	79 52	27 45	38 51	57 51	29 53	15 46	20 50	28 51	17 56	69 46	23 54
1 63	57 42	48 47	77 52	39 44	21 47	35 50	0 49	12 44	63 47	34 56	6 44	23 59	43 58	8 43	44 49	25 58	36 52	14 47	3 48	78 50	70 45	32 52	31 54	30 48	13 49	9 61	55 51	27 59	54 46	16 44	67 46	28 46	29 54	73 44	10 46	18 48	7 56	56 58	74 47	38 60	53 49	4 48	65 40	62 49	51 59	42 45	47 48	60 56	52 55	11 55	37 57	20 47	71 42	40 47	72 40	5 46	50 46	75 53	69 40	33 45	22 57	15 53	79 49	76 51	19 46	66 44	41 46	26 48	61 56	24 56	45 51	58 53	46 43	2 45	59 48	49 56	64 50	17 46	68 57
6 42	37 50	61 48	79 46	2 49	10 50	73 42	45 48	24 51	5 59	33 49	49 56	52 49	63 52	57 47	7 50	17 44	3 47	34 52	12 44	28 46	55 51	20 50	75 60	67 44	26 50	40 56	1 52	58 54	56 58	15 32	0 43	66 47	53 51	59 44	19 51	14 54	64 56	29 44	18 54	43 54	70 51	16 52	23 54	30 48	39 49	62 42	69 45	38 55	36 51	78 53	54 53	31 47	76 48	48 50	44 51	50 51	47 50	35 54	8 48	22 48	74 52	11 50	65 55	13 50	21 57	42 55	46 54	51 54	9 52	4 46	27 47	71 54	68 51	25 46	41 49	72 60	32 48	60 57	77 51
57 50	13 51	34 45	32 53	55 45	33 50	49 54	51 40	2 48	9 35	58 49	79 51	54 59	68 53	3 50	35 50	77 49	20 46	64 60	4 52	76 54	36 42	43 51	56 55	39 45	12 56	44 45	29 54	60 57	78 55	14 54	61 45	25 55	71 46	47 52	66 48	23 45	48 42	30 51	0 45	38 53	6 57	1 50	75 54	26 52	31 53	22 48	37 55	70 54	19 60	21 47	40 47	67 57	11 52	53 51	5 53	59 44	45 51	16 47	28 48	7 51	41 52	50 56	65 56	17 54	24 51	72 45	18 56	63 40	46 54	8 49	69 54	73 46	42 53	74 52	62 52	52 59	15 50	27 58	10 48
47 53	7 50	6 52	32 56	17 56	36 51	22 37	76 48	63 45	3 57	16 51	44 51	12 48	14 53	35 58	46 52	33 44	79 58	45 50	4 46	73 44	26 50	77 51	60 45	75 57	2 54	29 52	67 54	37 54	74 48	24 48	58 45	38 48	20 53	40 55	10 45	5 49	39 51	41 56	54 47	42 42	70 56	27 54	21 48	1 52	19 46	23 49	57 51	53 44	59 53	49 44	11 56	66 51	18 47	72 52	34 48	31 43	51 45	64 50	50 51	62 44	9 60	15 49	8 48	55 52	30 45	65 42	25 44	78 49	0 49	56 47	28 42	68 49	13 52	43 53	69 53	61 52	48 47	71 50	52 50
58 59	6 40	34 49	64 53	25 44	30 51	53 45	69 43	78 52	0 49	35 47	11 47	51 55	19 49	48 47	28 48	13 53	15 45	65 50	76 46	39 50	27 37	22 51	46 48	52 46	47 56	4 43	50 46	77 48	60 49	73 44	75 46	43 54	5 49	14 51	1 46	62 45	61 52	21 49	66 51	42 47	9 55	49 51	17 52	44 47	71 47	40 51	54 59	74 60	79 49	67 57	7 45	32 52	37 46	3 48	23 49	2 55	72 47	26 55	8 53	70 51	33 43	10 57	20 49	59 52	45 48	12 52	29 44	24 56	57 52	38 48	68 49	31 47	41 49	36 59	56 46	16 51	18 48	63 51	55 63
77 49	61 56	14 52	63 44	29 46	62 52	12 40	47 47	44 44	22 54	36 52	68 44	52 64	4 56	49 55	39 47	38 52	60 54	9 56	6 52	26 48	50 49	74 55	2 50	45 63	55 49	42 51	32 57	67 43	37 48	35 48	33 49	20 54	13 47	28 54	25 51	40 42	5 43	27 44	23 57	69 48	41 55	21 57	34 47	18 53	72 50	57 62	76 55	53 41	10 39	30 55	51 51	59 47	64 46	8 50	0 55	1 57	66 52	46 52	15 48	48 54	71 52	16 46	79 58	56 51	19 59	31 48	70 53	11 48	3 51	58 44	43 46	75 52	78 56	7 48	65 46	73 51	17 46	24 50	54 47
32 47	38 48	21 43	37 53	7 56	52 40	60 55	57 60	75 50	26 59	0 52	19 57	51 46	46 48	50 58	3 57	47 51	16 51	22 45	61 53	76 49	13 53	59 48	77 50	23 49	36 50	29 48	20 49	31 49	15 48	4 49	24 55	53 48	67 46	49 48	34 50	65 50	40 49	17 53	54 55	1 48	66 51	56 54	9 43	72 50	27 47	73 53	45 51	30 49	79 50	39 51	71 46	48 45	25 55	2 47	78 61	14 47	8 41	43 49	11 55	10 53	33 54	42 51	62 59	28 56	74 43	63 54	35 49	44 43	18 50	12 38	69 39	58 47	41 52	6 45	55 46	68 52	70 45	64 52	5 47
40 51	2 47	7 48	0 53	54 57	45 50	14 56	79 51	69 42	5 59	16 52	72 51	70 51	71 45	56 47	3 54	59 57	43 50	76 61	21 50	78 44	29 50	67 55	1 50	18 55	68 44	36 49	17 57	47 49	33 52	57 57	11 54	66 45	51 60	28 45	26 53	38 41	41 51	30 56	22 50	6 49	55 54	44 41	48 57	24 49	75 56	62 52	52 50	60 40	25 50	50 42	46 52	53 46	42 54	20 49	10 49	19 44	63 47	15 52	4 50	65 55	9 56	8 49	49 42	73 57	27 52	37 51	64 46	13 52	32 47	31 47	35 54	39 56	61 44	23 60	34 49	12 49	58 46	74 57	77 56
2 52	14 49	42 60	72 49	73 42	34 54	51 42	50 51	17 56	47 49	13 49	38 61	16 60	48 53	32 47	30 43	58 49	19 51	28 54	78 56	56 50	68 55	39 48	57 51	37 54	64 55	10 57	59 37	12 47	40 61	77 53	26 49	52 52	3 50	67 52	20 52	76 58	63 62	69 44	44 42	41 44	36 50	66 55	23 40	11 46	49 43	79 49	65 56	4 44	15 51	54 52	6 49	31 55	53 53	5 58	8 43	24 50	70 47	35 47	74 51	60 55	0 53	29 51	75 50	9 56	1 41	43 48	27 55	22 47	33 52	71 50	61 45	18 48	62 47	55 51	21 46	7 52	46 49	45 51	25 52
9 45	78 50	44 47	32 42	47 50	51 50	7 46	69 44	0 51	31 46	79 60	13 51	57 53	53 43	67 53	3 55	11 49	18 45	21 52	12 49	22 47	52 39	6 53	17 45	23 51	39 56	5 53	71 53	20 52	41 53	16 43	42 47	33 44	15 51	27 47	50 54	54 47	38 48	75 43	55 40	35 43	49 54	63 53	72 50	14 58	66 47	68 40	70 60	43 50	59 57	61 45	25 44	36 54	4 44	58 45	1 54	76 51	77 44	19 43	34 63	2 55	8 55	29 50	26 43	48 52	28 45	74 59	60 51	30 47	65 54	37 44	62 52	24 47	73 41	46 42	10 42	64 49	40 52	45 55	56 53
26 49	34 55	1 46	19 40	70 45	73 48	56 51	47 45	78 54	71 49	59 57	32 55	67 47	8 48	7 39	40 49	25 48	38 49	42 43	18 51	72 48	33 44	55 52	10 46	43 42	37 43	41 41	21 59	11 52	75 49	79 49	36 46	4 55	68 53	27 48	5 53	13 50	53 47	77 44	31 52	9 55	64 46	22 50	16 54	49 47	45 42	66 45	28 50	46 46	60 54	63 58	44 47	74 53	23 51	65 44	51 50	76 57	57 60	54 49	29 49	12 46	30 45	61 48	69 47	62 53	2 61	50 55	20 40	24 51	17 55	52 42	58 45	35 47	48 50	0 45	6 52	3 47	15 45	14 53	39 50
4 48	10 47	62 50	48 44	36 56	67 47	21 46	56 50	26 46	33 41	72 50	63 50	16 47	74 48	65 52	38 54	39 54	61 50	14 58	69 58	40 47	7 54	52 55	11 51	57 52	50 55	79 63	77 58	70 56	20 50	3 62	76 38	12 47	44 53	25 47	32 57	6 58	1 51	27 56	60 60	31 50	46 60	42 40	0 48	19 50	37 58	78 41	29 52	66 58	2 45	49 48	13 53	35 53	5 50	43 48	54 44	24 50	47 44	51 46	55 59	71 54	8 52	15 52	22 49	53 47	41 54	59 53	9 53	30 56	45 48	58 47	68 46	75 51	23 49	73 48	18 55	64 50	17 51	34 52	28 52
41 49	53 51	11 54	9 51	55 49	8 45	75 50	17 50	28 54	51 52	27 54	25 40	38 55	64 45	3 53	57 57	60 46	78 51	24 52	71 55	19 46	69 51	72 55	6 55	56 46	62 39	79 47	73 53	39 57	46 56	32 49	23 57	30 51	74 54	42 51	26 51	65 48	2 50	14 52	13 51	44 47	12 52	5 56	33 47	31 55	58 51	16 40	63 56	68 52	21 50	15 46	18 45	43 48	76 54	22 40	0 47	10 50	52 53	77 55	45 52	50 54	1 53	59 46	48 55	37 57	35 52	54 53	67 42	40 48	47 48	66 50	61 52	7 40	36 51	34 46	29 50	70 52	20 55	4 58	49 45
4 45	19 46	65 55	24 50	74 49	22 56	10 55	30 49	69 51	76 60	32 51	49 52	5 45	59 55	56 43	44 56	36 46	8 47	64 63	0 50	14 49	78 50	27 52	42 55	55 60	9 41	52 51	72 50	17 49	34 44	60 42	70 51	46 54	3 55	18 52	7 54	75 50	33 54	57 45	48 55	31 59	47 44	66 50	38 54	40 54	53 63	63 43	68 56	43 52	50 56	67 53	26 55	62 52	39 62	29 39	45 48	23 54	61 41	20 54	15 54	71 55	11 45	41 51	25 45	58 53	13 49	1 50	37 49	35 48	12 57	6 44	21 41	79 40	51 47	2 50	77 49	73 43	28 49	54 49	16 56
49 44	54 56	16 51	3 48	64 54	36 46	31 46	79 59	63 52	73 52	75 48	65 53	66 42	8 42	12 59	45 52	71 53	37 51	60 49	26 44	35 48	42 48	68 40	25 53	56 44	2 58	58 37	1 55	59 53	47 52	34 51	19 51	62 54	15 52	27 56	7 46	43 42	74 54	33 50	9 55	23 46	22 51	28 52	24 51	51 57	13 53	57 49	55 50	78 46	17 50	21 54	11 47	46 52	67 42	30 49	77 42	14 57	48 53	53 42	29 52	70 45	61 45	38 48	4 46	5 47	20 43	0 46	44 60	69 56	39 56	6 53	41 50	10 52	50 54	18 49	32 51	40 42	72 41	52 39	76 52
29 41	27 50	79 50	6 53	37 52	18 50	5 42	74 52	68 47	35 52	66 50	52 50	1 48	20 50	47 48	30 61	67 57	25 47	11 50	77 46	72 44	28 50	51 49	59 52	17 48	36 48	56 49	62 51	63 60	75 48	49 43	43 50	71 52	24 50	57 50	15 47	61 54	2 59	0 48	64 54	44 54	45 50	76 52	39 53	40 56	9 50	38 53	69 50	16 46	7 49	26 44	31 52	10 58	12 56	19 50	60 47	48 49	22 51	70 40	8 48	4 67	58 55	73 48	78 45	46 54	50 56	33 56	23 43	32 58	41 46	13 43	3 43	34 49	14 49	55 53	53 44	21 48	54 51	42 49	65 49
40 51	64 49	11 49	17 47	69 43	9 47	50 58	47 61	44 52	28 46	7 48	41 57	63 47	24 49	78 47	54 47	18 41	22 44	27 52	68 53	49 48	12 56	76 51	23 49	20 52	62 53	71 51	79 43	8 42	37 48	74 49	60 49	29 48	25 62	0 48	65 44	48 51	35 62	31 55	53 43	55 47	38 48	16 55	1 59	77 48	43 46	42 43	4 52	58 47	72 58	2 51	59 51	32 50	51 60	15 42	52 49	5 59	21 41	39 52	73 50	67 53	57 50	6 49	26 46	10 44	66 44	19 49	75 60	56 52	34 45	13 54	30 54	70 53	3 48	45 50	61 54	14 51	33 47	36 55	46 51
29 46	68 49	59 51	49 48	11 49	51 54	20 42	42 57	75 46	78 49	27 47	76 53	37 53	5 65	40 53	4 39	53 51	31 48	48 49	71 51	45 51	32 50	65 56	36 51	10 50	26 50	57 60	66 45	55 46	0 56	73 49	14 47	17 48	9 57	8 52	77 52	79 46	16 52	25 48	2 52	69 54	3 42	72 45	39 49	63 47	24 48	33 53	70 59	7 44	44 50	1 47	52 43	50 50	58 47	22 55	34 52	35 58	21 52	46 59	30 52	54 44	74 49	12 48	18 42	15 37	19 46	64 49	28 50	60 45	41 45	61 39	23 57	56 52	13 47	6 49	47 44	62 40	38 52	43 46	67 64
26 56	60 50	64 57	32 38	18 53	29 51	27 47	5 57	74 58	12 51	75 42	8 52	73 53	3 48	1 53	44 50	59 48	71 49	36 50	13 52	50 46	57 52	70 58	31 59	30 57	72 58	6 52	20 55	7 54	78 55	63 48	58 44	0 55	47 49	68 56	40 54	54 50	15 55	67 50	33 46	11 49	66 52	38 53	53 48	62 56	41 49	51 51	52 42	76 48	56 49	46 39	4 61	24 46	21 43	35 46	49 59	10 53	55 53	14 51	48 47	61 54	65 52	25 49	28 52	23 49	39 52	45 56	42 52	69 47	43 47	79 57	77 51	34 48	16 56	37 44	2 49	9 46	17 47	19 55	22 54
72 48	28 56	45 58	68 54	56 53	70 49	54 56	65 48	37 48	48 54	29 47	15 49	2 51	11 53	9 48	66 55	22 56	3 42	26 62	34 49	41 52	17 54	1 46	75 48	27 48	18 51	69 46	30 54	35 43	44 54	16 44	4 43	12 47	43 50	32 54	5 50	33 55	71 57	39 46	79 55	24 56	0 53	42 49	61 49	52 57	57 48	50 51	59 51	51 58	23 53	63 42	13 54	64 42	67 49	38 53	40 52	62 48	8 44	77 50	55 45	36 55	25 45	53 51	46 55	6 38	58 48	31 51	14 55	78 50	10 51	73 52	49 52	20 48	21 50	74 48	60 54	19 42	47 42	76 47	7 49
67 48	78 53	66 51	76 44	27 50	35 43	50 38	31 40	20 49	54 48	32 54	62 43	30 55	34 56	1 39	3 48	55 53	75 54	45 53	9 49	41 46	25 45	64 46	65 46	5 54	4 49	28 50	12 48	39 51	37 49	56 56	22 51	33 54	19 54	47 48	0 47	58 50	72 57	57 49	2 48	48 54	38 46	10 51	74 52	49 38	70 51	43 51	16 44	79 55	63 56	77 50	42 49	6 58	21 47	68 43	11 58	18 55	24 50	53 55	8 44	46 48	40 51	44 50	59 57	61 49	23 40	60 49	26 53	14 46	51 54	69 46	7 58	15 49	36 45	17 40	52 44	71 51	73 51	29 40	13 49
7 44	4 55	74 42	77 43	33 59	22 61	56 52	41 58	66 47	40 48	17 48	48 43	71 56	28 51	5 42	67 49	32 47	53 61	36 49	25 50	0 52	54 55	3 55	46 48	44 48	21 49	76 50	64 55	29 56	75 54	47 48	52 48	39 51	24 55	30 47	42 53	38 47	6 48	34 48	73 57	20 47	58 57	18 48	62 46	27 43	60 55	23 58	13 45	69 48	51 50	45 47	8 44	70 42	61 48	65 58	31 45	2 51	19 45	68 51	16 48	12 41	10 55	9 53	43 56	50 44	1 55	57 48	79 48	72 52	14 43	78 61	59 51	35 46	37 56	15 45	11 41	26 54	49 48	55 59	63 47
31 41	25 55	49 45	46 42	73 56	52 50	24 49	32 47	72 50	26 61	22 59	45 50	76 51	23 55	34 52	30 45	37 50	27 53	67 58	75 49	1 50	44 48	53 52	36 50	10 51	64 53	77 55	47 50	50 50	55 43	17 54	59 44	7 50	39 51	57 46	8 48	11 49	4 51	29 48	15 48	16 48	56 48	14 51	0 53	65 52	19 47	33 53	66 54	12 39	2 54	40 51	69 43	70 43	58 53	63 55	3 55	51 47	74 52	78 47	5 50	68 43	41 48	79 52	28 50	20 49	21 54	60 55	6 50	61 52	71 57	9 48	54 50	35 48	18 49	13 48	62 49	42 50	48 57	43 53	38 46
14 48	65 53	61 53	2 53	24 50	8 55	10 46	20 50	28 46	46 54	16 45	70 60	25 49	37 50	18 52	64 56	31 45	55 53	60 48	0 50	19 45	21 49	4 49	17 51	42 54	9 55	12 51	33 55	41 51	78 53	50 60	49 50	71 48	6 42	38 39	56 52	40 40	77 42	44 41	62 53	74 50	32 44	29 46	13 46	66 54	63 51	76 50	3 56	7 51	26 53	11 55	69 56	75 46	59 52	23 42	53 58	22 54	47 43	45 47	35 50	58 45	79 43	51 49	67 49	72 54	43 43	52 50	57 46	36 47	68 47	39 50	34 44	27 42	30 41	73 50	48 49	54 51	1 46	15 48	5 48
44 50	8 52	78 48	21 41	73 47	43 49	63 58	28 46	19 46	11 42	40 49	7 51	60 49	37 51	13 51	47 56	24 47	77 44	29 55	57 43	56 52	42 48	75 39	74 48	59 49	6 43	30 58	31 48	14 53	26 49	25 49	38 55	68 52	9 53	62 46	32 51	34 49	61 55	27 52	1 43	51 53	2 54	50 55	15 49	12 46	16 47	20 57	5 46	46 50	22 59	67 49	58 38	18 56	52 52	41 58	23 53	55 46	70 41	45 50	71 49	54 49	39 53	10 42	69 44	48 47	4 51	64 56	79 44	35 59	66 45	49 41	65 51	33 60	0 51	76 42	3 44	53 51	72 56	17 54	36 56
55 52	71 43	37 38	7 60	22 50	68 45	0 60	31 44	12 43	58 52	79 43	60 46	74 50	32 45	48 44	39 60	57 47	40 49	9 50	8 55	28 41	47 54	44 44	43 55	42 51	67 47	63 58	23 52	20 55	35 48	5 48	64 50	19 59	16 47	33 43	59 54	72 53	15 47	65 46	46 50	76 48	1 59	78 53	75 50	61 41	52 53	26 47	51 53	4 56	36 48	77 52	27 52	25 54	30 53	73 45	66 51	38 48	69 57	17 46	10 58	34 54	53 46	54 56	50 50	11 50	49 48	6 58	70 52	45 60	24 54	14 49	29 46	13 48	21 51	18 51	41 51	3 57	62 46	2 50	56 46
10 47	63 50	49 51	12 58	60 43	55 56	51 56	58 46	22 53	2 38	57 55	18 52	9 47	68 45	54 51	25 50	46 49	0 42	65 45	75 38	77 44	71 47	6 48	14 49	20 52	27 45	47 53	79 41	11 48	69 51	23 49	37 60	50 46	66 52	5 47	59 54	7 47	15 56	64 61	17 43	43 42	1 54	34 53	67 55	72 45	41 44	78 47	39 55	42 53	53 51	28 43	31 54	40 47	16 52	74 49	36 52	8 44	33 42	56 51	30 43	52 58	35 54	4 53	21 50	70 55	73 49	29 47	48 46	62 54	24 59	3 35	26 51	38 56	61 54	76 46	45 54	32 47	19 43	44 50	13 44
17 55	36 47	78 46	58 47	32 55	56 49	75 43	33 52	46 50	68 48	13 50	77 46	1 51	62 44	19 51	47 53	63 47	30 56	21 58	41 52	79 48	70 45	14 57	27 44	45 54	2 50	20 49	50 48	51 48	24 50	31 46	9 46	12 44	3 42	18 56	11 49	39 48	8 37	26 55	59 43	10 53	42 49	43 42	65 46	4 52	71 46	69 52	25 52	0 41	52 47	38 43	35 45	40 56	64 47	15 53	53 49	66 50	16 46	57 48	74 57	76 56	55 53	54 45	44 53	37 54	28 47	34 54	72 47	61 51	60 57	6 49	23 47	5 56	22 48	73 49	7 53	48 49	49 45	67 47	29 50
53 49	70 46	67 40	74 51	52 44	65 44	61 56	4 53	54 40	45 54	64 43	58 51	31 54	40 42	5 54	2 44	51 38	41 43	20 42	19 58	72 49	15 51	62 57	1 50	26 50	77 56	66 47	11 57	75 46	63 52	76 53	9 51	35 50	68 52	43 41	48 43	21 55	7 49	60 47	8 51	28 50	56 45	47 45	46 48	24 51	23 50	10 48	14 41	30 47	79 53	34 46	3 59	38 49	55 48	22 47	17 50	44 53	27 58	69 52	42 52	78 46	29 52	39 36	37 49	71 50	12 56	25 43	32 44	0 53	33 51	49 58	59 51	57 57	13 46	36 50	6 43	73 44	16 51	18 43	50 50
