90	5
4 53	1 49	0 42	3 39	2 52
4 47	1 41	0 60	2 54	3 44
2 44	1 43	3 49	0 48	4 45
4 45	2 52	0 51	1 49	3 51
4 57	0 51	3 48	2 52	1 53
0 50	4 49	3 56	1 68	2 49
0 44	1 44	2 60	3 54	4 53
4 39	2 51	3 50	0 49	1 46
4 57	3 62	0 55	2 47	1 57
4 52	0 49	3 55	2 45	1 45
4 45	2 51	3 46	1 48	0 44
3 55	4 45	1 50	0 41	2 47
3 40	2 51	0 60	1 60	4 46
3 46	4 49	1 47	0 46	2 54
0 52	1 58	3 52	2 49	4 48
4 47	0 58	1 46	2 54	3 51
4 47	3 43	2 51	1 45	0 40
0 47	2 45	1 45	3 48	4 45
3 45	4 55	2 41	0 45	1 54
3 52	2 56	1 46	4 51	0 49
1 47	2 45	4 45	3 51	0 56
2 59	0 49	4 42	3 39	1 49
3 42	0 54	1 51	4 57	2 44
2 47	4 49	3 55	0 47	1 46
2 47	4 50	1 49	3 54	0 56
4 48	0 53	3 46	2 47	1 46
2 55	3 37	1 41	0 47	4 62
4 54	2 35	3 53	1 47	0 48
1 51	3 58	4 49	2 49	0 54
2 58	1 50	3 52	4 56	0 50
0 50	4 47	3 45	2 43	1 58
3 43	4 53	2 52	1 44	0 49
4 45	1 53	0 49	3 45	2 48
2 50	3 48	4 43	1 50	0 49
1 49	2 50	0 49	3 54	4 51
3 58	2 51	1 51	0 44	4 50
3 55	4 47	2 46	1 53	0 47
3 39	1 58	2 53	0 53	4 57
3 53	1 52	2 57	4 44	0 51
1 46	0 48	3 45	2 57	4 51
1 43	2 53	3 51	0 56	4 54
3 45	2 54	1 42	4 46	0 43
0 50	3 52	1 58	2 49	4 56
2 37	0 53	3 55	4 54	1 48
0 46	3 49	2 52	1 48	4 50
2 55	4 57	0 46	3 57	1 46
4 36	2 43	3 44	0 55	1 46
4 49	0 45	3 51	1 53	2 44
2 46	3 55	4 58	0 51	1 49
0 56	2 48	4 56	3 55	1 57
0 53	3 42	2 53	1 56	4 45
3 47	4 48	0 54	1 47	2 51
4 33	0 53	1 48	3 55	2 53
3 47	2 47	4 51	0 53	1 38
3 47	4 46	1 54	0 49	2 49
3 51	1 51	0 53	4 47	2 61
0 46	3 46	2 49	1 52	4 46
3 52	4 64	1 48	2 62	0 54
1 55	0 60	2 53	4 49	3 48
4 48	2 48	0 53	3 37	1 45
2 48	4 46	3 65	0 50	1 45
0 46	1 40	2 64	3 58	4 51
3 51	1 50	0 51	2 49	4 56
0 57	2 50	1 57	4 42	3 42
2 50	1 49	4 56	0 49	3 47
1 52	0 49	3 51	2 54	4 41
4 41	3 52	0 53	2 46	1 53
4 51	2 45	1 54	0 48	3 51
2 46	1 38	3 46	0 56	4 52
2 59	0 43	3 54	1 46	4 51
0 54	1 47	2 51	4 49	3 55
1 58	0 50	3 46	4 51	2 47
2 42	0 43	3 43	1 58	4 41
1 52	0 48	4 49	2 50	3 60
1 56	2 47	3 56	0 45	4 45
4 47	0 50	3 53	2 46	1 47
2 51	3 52	4 47	0 51	1 44
4 50	1 51	3 43	2 51	0 44
0 55	3 53	1 45	2 42	4 56
3 52	4 49	1 48	0 44	2 48
0 47	3 46	2 54	4 50	1 51
2 46	1 45	4 55	3 50	0 46
0 46	4 38	2 65	3 44	1 46
1 39	2 46	3 55	0 47	4 48
2 49	0 55	1 49	3 50	4 39
0 42	4 47	1 56	3 47	2 54
1 53	4 49	0 41	3 61	2 56
0 44	4 51	1 55	3 48	2 48
2 53	0 48	1 47	4 48	3 53
3 57	0 44	1 57	4 49	2 53
