90	90
68 56	87 53	39 51	4 41	13 49	41 49	73 41	8 49	54 47	89 52	10 51	16 58	51 43	11 53	7 47	61 46	17 46	80 53	53 50	74 40	15 59	24 45	65 52	5 50	6 54	81 52	36 52	77 48	56 53	25 53	60 48	45 42	34 43	26 48	18 47	76 55	78 53	48 44	49 51	62 48	75 47	33 57	83 54	20 47	23 56	58 48	1 54	9 47	38 44	84 46	59 61	52 49	37 43	35 54	0 49	14 53	44 43	47 51	21 54	64 49	72 45	19 41	32 50	40 50	69 54	70 50	88 48	29 47	42 58	12 46	3 48	43 56	71 47	86 53	85 55	31 53	55 40	46 50	79 53	67 48	2 50	82 45	66 45	30 50	63 58	28 64	22 44	57 51	50 43	27 52
80 54	72 51	43 51	38 57	56 43	89 47	53 49	76 47	37 46	84 46	20 53	73 56	77 47	14 50	88 56	30 54	52 62	60 48	49 61	47 54	8 44	33 42	24 52	61 49	58 51	36 55	12 55	35 51	10 48	1 47	7 51	57 49	81 51	18 60	39 49	13 57	4 52	23 56	0 43	28 54	26 51	66 54	82 50	45 59	44 67	22 54	87 54	59 58	6 46	85 58	70 45	83 54	67 55	69 51	54 54	42 50	78 50	25 47	79 65	17 51	5 44	21 46	19 48	9 42	65 49	11 57	31 46	2 44	75 53	32 54	62 46	34 46	51 48	27 51	48 57	46 45	63 51	3 51	86 48	29 54	64 45	41 43	74 50	68 52	50 62	40 58	71 49	15 48	16 57	55 52
74 54	40 52	37 50	19 50	9 53	69 54	39 60	0 58	24 46	21 50	56 43	49 47	47 55	81 49	13 41	16 54	76 35	27 51	33 56	3 50	32 53	36 41	68 53	41 50	59 57	52 53	70 44	22 48	83 49	34 55	14 53	78 50	65 44	31 49	6 52	48 39	35 55	63 55	28 50	77 48	2 61	38 40	79 59	86 54	29 54	88 54	64 51	50 53	60 42	82 46	87 52	84 53	57 53	26 45	4 42	43 51	10 52	45 48	12 57	71 52	73 57	51 50	80 52	25 55	61 54	66 50	46 50	17 50	44 52	11 61	62 50	85 59	30 67	7 51	1 48	89 59	67 45	15 42	42 50	20 53	53 52	5 55	23 47	8 55	75 52	58 56	55 56	72 49	54 51	18 49
71 54	17 50	33 50	7 50	5 48	36 37	28 59	66 46	56 43	29 48	16 47	30 48	61 41	77 52	38 43	63 46	11 43	79 46	40 54	69 48	18 49	37 54	21 57	45 46	83 46	89 56	9 48	31 45	84 43	13 49	68 54	74 49	80 48	64 41	70 52	34 45	32 47	39 53	19 44	6 53	49 53	75 57	60 55	4 51	10 51	58 45	22 50	50 57	65 51	82 44	87 50	27 49	53 47	15 51	12 56	1 54	73 43	55 42	72 50	23 50	35 52	57 52	26 54	8 47	42 65	59 50	88 54	41 56	78 42	3 47	85 55	76 48	48 44	46 46	47 50	14 46	24 49	52 46	54 53	81 51	43 48	25 42	62 39	51 54	2 46	0 56	44 59	86 57	20 42	67 53
18 45	39 44	70 60	44 54	16 53	25 54	33 50	63 63	11 53	28 51	6 58	36 46	49 61	38 51	79 53	21 49	83 53	29 44	73 63	71 50	30 48	24 45	14 47	48 44	54 46	65 53	78 55	74 52	69 42	61 47	35 53	9 42	87 43	80 51	2 54	85 44	13 49	10 48	20 51	53 51	59 45	66 46	12 52	41 55	5 48	1 51	75 35	67 54	88 46	8 44	23 45	7 52	64 56	50 53	34 52	15 51	55 45	82 49	32 47	43 51	42 53	77 54	17 58	52 39	60 48	47 52	46 45	68 45	31 56	26 51	86 49	51 48	22 56	0 44	37 53	19 43	84 61	56 47	89 52	45 48	27 57	58 49	40 54	72 52	81 54	76 58	62 50	4 52	57 58	3 50
18 54	75 52	61 51	82 54	79 56	41 51	26 34	14 44	35 52	64 46	63 51	23 49	33 45	59 39	77 52	7 51	32 61	76 51	62 55	22 55	11 45	37 47	55 48	56 54	49 46	86 57	40 45	16 53	73 50	1 55	72 51	21 47	58 54	12 53	80 51	88 48	28 56	67 51	78 52	45 52	25 39	47 47	9 42	44 56	74 52	34 56	46 58	20 55	52 52	2 51	71 55	4 49	36 51	66 46	13 46	17 61	51 55	15 60	27 52	87 52	53 44	8 55	29 45	50 47	31 58	6 61	60 51	65 48	38 48	69 47	70 59	30 56	43 54	57 45	3 53	54 50	10 53	42 52	0 59	83 49	89 53	85 52	24 49	84 56	39 55	48 44	81 45	19 43	5 46	68 43
60 47	36 52	78 50	66 46	74 51	69 46	87 51	1 42	25 52	31 59	21 47	43 49	54 47	8 52	73 45	0 48	12 48	89 48	24 52	63 55	53 49	79 52	62 50	88 54	41 49	14 43	28 51	16 57	7 52	29 44	23 57	72 54	2 54	22 54	46 41	37 51	61 54	85 46	33 47	13 46	38 48	64 41	58 49	27 48	3 47	81 49	39 38	56 36	82 48	68 55	35 52	20 59	71 48	18 49	42 52	30 54	77 47	76 53	5 50	51 41	70 51	48 44	32 50	45 56	44 50	59 49	50 53	34 43	67 49	15 55	52 45	47 47	86 61	84 58	40 56	6 52	9 58	11 46	75 63	83 41	17 43	65 43	10 62	80 43	19 51	55 41	57 47	49 50	4 53	26 56
40 45	71 54	73 54	30 54	22 46	79 50	49 61	62 47	11 53	48 48	9 52	64 58	12 54	36 54	1 47	63 41	53 49	47 53	34 47	52 56	32 44	56 47	31 48	4 51	66 44	81 47	6 51	78 59	75 47	88 53	84 52	44 50	59 57	37 48	51 48	45 50	39 47	77 48	8 50	0 47	76 48	41 47	55 54	2 54	23 60	21 53	83 49	19 50	33 48	38 52	86 52	67 54	43 53	82 47	20 56	3 59	54 46	26 40	10 43	57 46	68 55	35 42	69 47	74 49	25 52	24 58	50 62	72 40	7 55	17 50	5 58	14 45	15 52	87 56	70 42	13 55	29 48	89 52	27 55	42 53	28 42	61 48	60 53	46 49	18 47	80 42	58 45	16 44	85 50	65 46
70 44	41 55	68 53	29 51	16 49	3 44	79 58	13 55	35 39	8 45	30 49	56 51	73 49	28 59	50 52	48 50	80 51	21 48	19 43	74 48	24 45	15 42	45 48	2 57	20 47	71 49	84 51	38 46	44 52	64 46	31 44	23 43	43 55	66 53	88 52	4 51	58 48	83 52	9 52	67 43	76 50	37 53	32 57	57 46	59 37	1 47	61 56	42 51	36 48	77 52	65 59	54 51	62 57	60 52	5 44	6 55	33 49	81 50	53 49	49 68	46 54	47 51	12 46	89 54	26 60	14 60	11 41	85 56	51 49	7 51	18 49	86 55	40 49	52 54	22 42	55 52	17 51	72 54	63 40	69 60	27 45	10 56	34 48	82 59	78 43	87 51	39 47	75 50	25 53	0 44
65 53	8 52	37 53	40 45	16 46	2 46	59 42	41 54	22 50	12 51	50 48	71 47	81 56	60 52	44 48	58 46	72 44	18 54	9 51	46 49	0 48	67 47	38 51	21 54	27 45	32 50	48 48	53 55	47 57	89 48	63 58	39 50	79 54	45 53	10 51	80 49	75 53	86 43	51 49	73 48	66 51	20 57	6 41	69 51	19 48	68 51	76 50	52 51	28 38	78 48	3 51	49 44	56 48	61 51	54 53	11 46	74 51	23 57	35 50	57 56	84 42	83 53	42 53	85 64	33 44	1 55	7 51	87 44	70 56	88 47	29 56	24 49	34 53	4 48	17 40	14 55	30 48	15 47	77 56	25 56	62 58	64 51	55 47	82 42	13 44	26 57	5 48	31 46	43 55	36 51
1 54	85 51	0 43	14 45	66 50	73 53	75 56	59 48	87 47	71 58	74 48	79 45	81 53	86 60	67 49	2 49	22 60	54 43	38 51	6 54	80 46	36 45	31 56	13 47	43 53	33 53	42 48	28 57	18 52	26 49	35 51	15 53	62 52	89 44	58 49	68 43	69 45	50 50	60 41	24 46	78 43	16 53	65 50	63 53	53 49	30 45	61 49	51 61	11 49	19 47	72 59	57 47	32 57	40 56	23 48	12 56	46 51	25 51	34 53	70 46	17 58	84 56	88 46	27 44	77 49	82 53	83 53	45 60	41 50	7 51	52 47	8 53	9 50	10 46	76 55	39 49	21 49	49 49	20 46	37 52	56 52	55 52	5 46	48 47	3 39	64 57	44 48	47 43	29 47	4 52
12 51	2 55	88 51	14 52	23 48	15 43	61 51	62 50	47 54	28 56	87 43	19 57	67 48	85 44	69 52	4 55	71 51	51 56	41 63	58 45	45 60	37 49	32 48	18 53	9 52	81 48	86 55	13 50	7 41	64 56	79 47	46 49	10 52	65 58	34 50	75 50	36 46	59 50	49 55	80 47	38 56	29 35	60 52	57 56	44 55	42 58	63 53	78 37	33 53	21 51	24 55	27 45	53 55	35 50	56 65	43 55	0 50	16 58	83 49	77 52	30 50	55 40	22 45	1 55	52 57	17 55	70 52	76 54	48 58	25 47	89 50	26 46	66 52	50 50	84 48	6 53	5 50	39 50	11 43	8 61	72 50	20 46	54 50	68 47	74 52	40 45	82 58	31 59	3 49	73 48
53 51	16 48	85 46	76 45	12 49	46 53	70 47	83 43	5 43	32 57	17 54	50 55	14 51	60 43	38 54	44 48	27 45	36 50	43 49	19 54	29 53	72 45	37 47	54 48	45 49	65 43	67 53	87 56	18 52	63 49	71 58	3 43	52 58	51 54	39 57	4 59	86 49	1 51	55 54	31 52	25 49	61 45	56 53	59 49	84 44	64 51	20 52	47 50	34 52	48 65	35 43	41 55	80 51	33 55	49 43	89 45	7 42	6 47	74 47	62 51	22 53	40 51	21 48	0 44	10 51	82 48	66 54	77 43	2 54	88 46	26 54	24 47	78 50	8 56	69 43	81 43	11 46	68 50	23 52	42 51	13 46	30 39	58 57	15 43	73 50	79 53	9 57	57 58	28 53	75 56
11 57	84 51	21 42	45 53	50 48	17 49	65 51	72 45	59 45	82 46	88 49	23 41	25 57	85 50	48 39	60 42	30 51	7 49	89 51	70 57	5 52	80 58	32 60	73 42	16 47	8 49	9 51	28 51	36 44	71 55	52 52	4 52	10 57	2 51	44 49	27 45	47 49	86 46	74 47	42 46	24 45	26 48	69 47	0 52	87 47	33 48	75 54	67 53	29 40	37 56	18 53	46 50	62 60	40 53	15 61	35 47	34 49	78 54	13 45	81 49	55 39	20 44	83 56	1 53	77 42	6 51	63 54	76 46	39 61	58 49	38 57	79 57	56 47	43 55	14 50	68 47	12 52	64 43	54 52	51 45	22 42	19 49	49 46	61 47	3 51	31 51	66 49	57 55	53 53	41 59
2 49	61 68	76 51	85 57	28 45	69 49	81 46	56 54	48 55	25 50	22 53	38 57	60 41	47 47	46 47	29 55	13 52	26 55	89 47	71 47	15 45	42 49	27 43	86 48	8 54	19 41	64 50	43 51	54 48	10 52	5 49	12 46	57 46	77 51	73 56	1 59	23 50	39 55	31 52	41 50	40 48	63 42	7 43	17 45	20 52	50 59	3 47	4 53	84 50	74 40	49 50	87 42	36 48	70 46	18 45	72 51	37 49	32 40	24 50	51 49	66 52	68 53	52 43	14 48	44 53	53 50	88 59	65 49	82 52	9 47	62 57	30 47	45 54	80 49	67 54	6 54	16 47	0 52	83 63	59 54	75 44	33 52	78 51	55 52	79 48	11 48	58 41	21 47	35 48	34 50
45 55	48 47	77 47	44 57	17 59	61 46	5 57	16 60	85 46	52 53	37 53	19 56	69 52	12 44	79 52	15 44	43 47	38 53	8 50	75 49	55 42	20 42	81 48	6 47	0 47	32 54	72 46	49 48	9 47	62 45	26 48	70 50	63 45	24 46	87 50	74 45	67 59	2 46	66 50	83 56	56 52	3 48	71 46	78 52	25 50	58 51	36 45	47 53	54 52	28 58	22 56	31 42	82 59	41 47	33 49	88 52	51 47	76 52	4 60	59 59	1 38	34 44	13 49	14 53	18 35	30 49	39 54	89 51	73 62	50 53	40 49	27 57	60 43	68 47	64 50	29 53	65 52	23 51	86 60	84 57	42 49	11 46	57 51	10 47	7 48	46 42	80 49	53 52	35 50	21 43
52 51	27 59	85 50	47 42	81 50	50 51	36 49	88 41	87 54	73 53	29 54	2 47	66 55	61 47	33 49	20 58	22 56	35 61	75 45	45 51	6 51	55 45	77 53	42 48	51 42	58 44	54 47	17 44	83 45	89 46	15 54	74 55	0 53	70 50	76 53	80 52	56 52	39 57	11 48	25 52	19 50	1 48	24 50	67 55	10 53	49 51	26 50	5 55	64 40	38 42	57 54	31 48	43 48	59 47	79 49	71 50	69 61	12 50	86 49	13 46	8 49	14 48	82 55	4 50	7 46	65 46	3 48	44 49	16 47	63 47	32 58	34 53	28 51	78 45	46 49	72 53	21 57	18 48	53 45	48 50	84 54	37 54	40 52	30 51	41 47	60 48	68 49	23 61	62 51	9 53
20 44	47 52	66 56	84 49	4 49	16 52	80 53	82 52	41 63	76 46	52 50	60 41	71 44	55 48	54 38	83 51	89 52	67 44	81 56	58 50	9 49	38 57	2 52	42 49	12 51	39 47	25 43	17 52	53 51	59 54	43 48	75 45	5 50	51 49	36 50	62 52	85 51	69 53	29 55	87 55	33 46	88 50	30 43	8 54	7 47	28 54	3 52	78 42	46 48	18 54	50 53	74 52	14 51	65 49	44 45	15 45	35 54	34 49	19 51	86 50	24 44	70 52	63 55	13 45	1 46	0 52	31 53	79 43	61 50	57 49	37 66	32 53	21 55	48 45	6 44	73 56	49 49	26 52	64 54	11 43	56 50	40 51	23 49	27 52	72 48	45 54	77 53	68 58	22 42	10 61
12 41	34 54	2 45	85 52	77 53	5 42	0 47	7 53	52 54	64 45	38 40	41 48	25 47	55 47	16 51	4 48	30 55	62 48	9 54	29 52	42 43	86 50	56 49	43 50	13 47	44 48	81 55	76 43	49 54	18 57	14 51	57 45	83 52	48 57	6 45	10 53	40 46	19 41	11 51	54 51	71 47	21 47	15 51	87 53	17 48	32 51	59 55	68 51	58 47	82 43	74 49	28 57	66 46	65 40	22 49	1 54	37 44	88 53	47 56	50 54	23 48	36 45	53 48	78 49	33 48	61 50	8 46	45 55	3 48	46 52	51 50	69 48	73 50	89 59	63 50	26 51	27 41	75 51	60 54	39 51	84 60	79 57	31 53	20 49	72 45	67 42	24 43	35 49	70 51	80 47
64 54	7 57	86 48	62 51	47 49	14 48	59 44	22 46	88 51	69 52	9 41	54 51	37 54	42 48	58 50	75 61	39 54	50 53	43 48	85 53	28 48	70 48	3 52	13 49	89 55	72 54	30 53	5 52	82 50	35 48	29 47	19 47	15 48	26 47	21 55	81 54	36 41	78 57	10 44	49 45	77 52	61 51	12 54	0 58	33 62	84 54	60 50	83 55	6 50	38 48	44 49	67 43	63 48	2 52	4 59	24 52	18 54	46 40	80 46	52 50	23 45	40 53	16 49	51 53	25 48	31 53	65 48	45 48	79 52	48 45	17 50	11 50	74 56	55 43	73 57	68 48	71 56	53 49	57 52	8 40	1 51	32 47	66 48	41 48	27 60	20 44	76 47	87 50	34 45	56 47
84 47	26 46	74 47	82 49	13 58	27 54	73 48	48 55	20 45	72 45	40 47	68 53	76 55	62 51	34 44	53 48	57 60	21 57	42 52	88 62	39 55	60 43	19 48	46 56	11 52	64 56	3 50	79 46	4 56	55 48	32 52	31 52	52 43	14 51	47 54	8 45	35 50	56 42	38 40	80 51	22 53	9 48	0 42	71 48	17 52	23 53	65 53	16 57	49 50	61 58	59 54	89 51	18 50	28 45	37 45	66 51	54 51	75 53	51 51	77 52	10 52	87 57	41 44	6 43	81 45	63 51	1 48	45 51	7 50	29 46	58 49	69 57	15 43	30 51	33 56	5 53	50 46	83 48	86 53	2 59	44 48	25 54	70 42	24 45	85 47	78 44	12 52	36 43	43 50	67 47
18 37	6 52	40 48	73 52	51 60	49 39	0 53	1 44	42 44	82 55	4 49	44 45	7 57	10 45	22 57	43 59	68 48	81 43	9 45	78 61	8 54	41 51	84 53	61 53	79 55	55 56	3 45	2 54	34 57	31 49	20 53	74 49	65 55	23 57	29 47	88 51	39 48	11 45	60 47	33 51	19 46	85 50	80 48	21 60	58 50	56 51	13 45	57 58	47 50	17 41	53 55	26 52	63 49	64 43	15 49	25 42	27 42	87 57	50 50	72 53	24 53	14 54	75 42	69 40	77 45	62 49	12 49	35 41	86 51	89 57	83 51	32 61	76 44	70 56	48 52	59 49	30 42	36 59	45 56	16 44	71 52	38 42	5 53	28 48	66 54	54 50	67 59	52 41	37 45	46 58
1 44	19 57	40 47	77 49	66 45	42 48	61 46	20 53	37 55	68 56	80 42	24 52	76 47	27 44	10 52	69 42	6 54	0 51	28 56	25 50	62 51	82 51	72 49	30 49	56 54	43 44	79 47	65 53	47 45	74 55	31 52	71 54	70 48	29 46	48 40	9 57	18 51	85 50	57 41	87 49	15 50	52 47	51 49	60 45	63 45	59 60	54 53	34 49	13 45	83 51	33 45	67 53	4 48	32 52	21 54	35 60	12 49	23 45	81 44	88 58	50 57	41 43	22 46	8 49	86 54	14 48	38 44	3 46	36 53	7 53	89 52	26 52	16 50	58 46	75 53	17 53	11 55	53 49	45 41	39 53	2 55	64 49	73 63	84 47	49 51	46 55	55 46	5 47	78 42	44 55
86 59	75 52	23 54	57 53	56 46	71 39	87 45	64 49	45 50	50 50	16 51	17 48	22 56	41 53	27 52	24 52	20 60	52 55	9 44	49 45	28 55	59 43	78 49	65 54	72 57	84 50	62 47	1 56	73 53	12 39	63 44	30 44	34 50	83 54	13 44	8 44	53 46	47 52	31 56	58 45	32 53	29 42	25 48	3 48	10 58	54 55	42 42	7 48	67 49	26 48	69 44	39 53	43 47	81 47	89 41	37 48	44 48	33 48	5 55	38 44	76 52	40 44	61 54	19 49	0 50	15 50	46 55	51 45	18 49	82 52	55 36	66 41	11 47	74 59	2 66	35 61	21 51	80 57	77 45	60 56	68 38	4 47	36 62	48 56	88 46	79 46	14 52	85 52	6 54	70 49
3 52	52 50	83 56	33 48	36 52	79 53	30 50	29 43	88 47	42 53	43 46	2 43	55 58	68 55	0 52	31 45	5 52	20 53	23 49	48 45	46 42	6 54	35 55	82 48	8 58	34 51	73 52	16 49	9 53	45 51	27 45	25 41	86 45	74 53	12 49	4 52	63 50	47 44	58 50	75 53	39 48	78 51	50 47	77 48	60 49	14 47	19 46	80 47	21 51	37 43	53 55	87 52	28 55	76 41	11 55	64 50	49 58	7 49	72 53	61 51	67 55	71 54	59 50	22 55	85 57	44 44	89 54	18 44	1 52	13 46	38 59	54 45	62 55	57 53	40 53	32 42	41 52	65 60	24 51	70 51	26 46	69 53	56 47	15 48	66 51	81 48	51 44	84 49	17 46	10 47
41 42	75 51	47 51	24 40	9 50	12 50	29 48	86 49	39 52	69 50	77 49	35 54	17 50	14 49	88 51	64 47	42 47	59 55	53 51	0 48	21 38	58 50	46 65	73 51	43 41	22 51	28 52	55 52	65 60	63 44	81 54	5 49	4 53	7 55	61 50	33 52	87 50	51 47	30 51	78 58	83 48	26 45	89 50	32 60	84 51	49 50	85 47	71 54	80 49	68 53	66 52	23 40	34 49	8 56	70 48	18 41	52 55	50 40	37 44	36 50	3 50	25 49	1 51	67 48	20 41	31 54	45 48	13 49	11 45	79 47	72 48	2 47	54 43	19 42	48 51	44 43	38 51	16 54	27 45	57 56	82 55	40 52	6 52	60 49	10 55	62 60	15 48	74 58	76 48	56 47
76 54	24 55	50 48	73 44	22 51	31 59	13 58	10 51	19 55	72 54	43 41	11 59	74 44	23 52	57 54	3 36	69 49	7 52	30 45	18 43	5 41	60 56	81 46	6 37	64 53	37 47	33 59	4 52	42 47	32 58	0 47	86 44	20 44	17 60	75 55	88 49	26 50	48 45	46 52	12 54	66 47	71 52	35 52	27 49	65 50	49 44	59 50	85 52	58 55	87 56	34 46	9 40	36 50	45 55	78 46	70 54	54 47	84 48	79 51	51 54	56 52	25 57	21 46	40 51	63 53	41 54	67 51	62 47	16 42	82 39	29 54	39 53	52 49	1 47	61 59	28 52	14 53	47 44	53 59	15 55	80 44	77 49	68 57	89 41	83 44	8 51	44 47	2 47	38 49	55 58
35 54	22 49	67 58	25 50	47 49	82 49	40 54	2 49	63 61	29 53	4 43	37 51	26 46	44 45	46 49	6 45	88 53	69 50	13 46	79 52	64 57	27 53	66 48	78 53	48 44	10 47	87 47	18 47	74 55	31 46	52 53	1 48	43 45	60 47	73 48	36 45	83 45	45 53	68 35	16 42	3 50	81 49	58 52	0 54	9 56	38 46	20 54	53 50	72 47	62 53	61 53	42 46	23 55	89 44	21 51	57 51	19 52	28 56	15 52	59 50	51 42	7 53	85 46	86 55	11 51	65 46	84 45	34 43	8 41	17 50	5 40	50 45	76 45	30 51	12 48	41 58	49 46	55 51	75 49	54 51	77 51	56 58	33 51	71 50	24 40	70 52	14 37	80 51	39 57	32 55
36 43	3 64	37 57	39 48	4 42	32 47	38 46	83 51	11 62	73 54	89 51	62 53	21 50	40 60	65 54	24 53	22 47	54 49	15 52	69 42	12 54	75 53	79 44	46 49	20 51	61 49	18 57	25 47	51 46	17 41	74 54	47 59	9 54	88 48	23 53	72 45	7 52	5 40	6 52	45 46	13 51	66 43	82 53	43 52	49 44	2 59	41 54	30 56	58 55	34 45	77 47	68 46	33 49	35 47	28 60	44 57	78 46	80 53	86 51	29 44	26 47	55 44	81 52	48 57	70 45	56 54	59 51	53 45	27 55	60 58	84 51	63 39	0 49	14 48	52 54	87 47	67 39	1 52	10 55	85 46	19 49	42 51	16 48	71 47	57 50	76 49	8 34	64 42	50 52	31 54
55 56	13 52	3 52	39 47	73 47	51 57	62 51	19 54	69 58	4 47	10 55	89 49	12 43	59 48	46 46	20 47	57 57	83 51	5 43	58 45	23 47	49 41	78 44	44 50	11 55	72 57	71 51	64 48	37 47	74 54	63 50	50 48	60 49	75 49	68 47	45 58	61 36	41 51	2 53	30 49	32 54	14 53	77 54	8 42	18 50	36 49	87 48	88 42	34 52	35 42	28 51	17 50	53 47	15 42	82 51	52 54	54 47	80 47	29 50	79 50	47 52	70 61	21 51	85 50	1 53	81 52	66 56	22 57	7 48	33 54	0 47	31 55	16 49	84 49	43 42	6 49	48 53	76 47	40 55	9 66	56 50	38 54	42 52	25 41	27 42	86 51	67 50	65 53	24 55	26 51
50 49	3 47	79 50	20 43	51 51	86 50	87 53	26 47	5 48	57 50	36 45	13 49	34 43	61 43	21 47	15 55	69 48	45 49	31 37	84 52	52 47	83 54	70 48	47 54	0 46	19 52	76 51	72 50	18 43	10 56	7 49	49 37	48 50	39 52	8 44	59 49	41 54	78 52	66 49	62 52	88 57	43 49	28 51	17 41	77 44	40 42	89 53	80 50	60 52	33 49	82 55	75 54	38 49	44 36	71 49	37 40	12 50	1 57	14 51	58 42	81 51	9 53	22 53	29 48	27 47	11 45	53 46	65 50	55 47	73 43	4 48	6 48	23 44	63 44	25 55	74 46	67 52	32 55	54 58	35 60	68 46	2 52	56 46	64 45	85 49	42 60	30 52	24 47	46 56	16 45
4 44	52 61	73 54	35 51	44 42	56 53	40 53	22 47	61 54	59 43	9 58	32 53	57 51	63 52	16 49	54 55	79 54	48 49	68 49	5 52	71 47	72 59	43 39	47 53	60 50	85 64	78 64	84 58	70 50	17 52	65 50	64 43	36 55	26 50	13 53	81 49	12 52	38 54	75 50	58 47	7 61	66 57	50 44	28 48	74 51	88 54	77 51	19 49	76 54	10 57	24 49	53 47	51 46	27 47	39 49	45 54	82 45	25 53	15 54	30 56	86 54	20 53	67 38	34 52	83 52	62 57	46 47	31 47	42 55	2 54	29 59	8 52	87 53	21 43	49 43	1 49	0 54	41 48	14 57	89 59	23 55	37 48	3 49	33 62	11 56	55 48	69 42	18 43	6 49	80 57
51 51	6 55	70 53	81 50	43 51	5 45	26 40	80 42	33 41	17 49	31 35	32 47	2 50	15 60	75 47	30 59	16 48	86 51	67 52	28 55	45 54	72 51	69 48	52 49	0 49	83 46	54 48	66 52	1 50	4 48	68 57	49 56	57 43	8 53	56 47	76 45	74 53	77 48	63 56	27 55	71 62	59 47	53 49	11 47	47 39	79 51	64 54	35 55	23 47	21 47	18 57	42 41	73 56	46 41	78 44	14 56	29 52	48 58	9 48	85 48	20 50	41 54	88 62	36 45	82 56	65 42	55 44	87 50	19 55	40 56	38 57	7 59	24 47	60 41	37 49	10 49	3 54	62 57	84 54	25 50	12 53	58 52	39 50	34 51	44 56	13 59	22 47	61 46	50 52	89 52
56 54	76 49	58 45	32 52	86 44	59 46	63 57	38 50	84 52	37 44	36 48	64 50	28 46	21 46	46 46	35 52	14 46	6 45	52 48	19 48	83 52	2 53	33 42	81 49	85 48	10 50	30 51	29 47	88 57	66 45	13 51	8 59	11 60	22 51	80 54	75 47	48 45	39 54	60 43	5 47	47 51	67 51	68 55	9 45	23 43	78 45	62 51	51 51	61 54	70 47	89 35	43 50	50 50	0 44	34 44	69 45	57 60	40 57	79 47	74 56	87 54	65 42	17 54	49 48	3 55	72 49	77 53	54 49	55 50	4 47	44 49	71 48	41 44	15 47	82 49	18 44	12 53	1 51	27 51	24 50	31 59	42 53	7 47	73 49	25 44	53 44	45 47	26 47	16 48	20 51
10 49	26 49	22 47	39 45	50 49	4 63	77 45	55 50	53 47	45 54	35 48	68 60	70 56	83 46	69 49	87 42	48 39	34 48	81 52	24 54	46 45	58 49	13 54	6 51	14 38	8 46	3 50	62 49	27 47	75 46	21 58	0 54	5 55	49 49	1 49	57 50	67 49	51 52	80 57	54 47	65 46	28 47	59 51	85 57	61 44	38 51	82 52	44 49	74 50	20 44	60 52	47 43	76 48	89 56	42 57	52 51	64 49	25 60	72 62	15 48	29 35	88 52	63 50	78 51	32 42	30 47	16 51	56 51	19 49	23 55	17 59	33 52	37 59	66 51	86 51	40 55	7 46	84 36	12 52	43 47	18 51	36 46	79 48	73 50	9 53	11 59	2 44	71 56	41 61	31 50
33 53	7 50	5 54	82 51	51 53	80 52	86 50	18 57	30 46	72 47	68 58	49 51	64 47	84 39	48 39	63 46	3 59	70 50	62 48	47 53	38 47	28 43	52 56	13 51	39 42	75 47	57 43	58 52	60 57	27 43	26 48	4 43	77 53	15 35	56 55	22 50	36 52	55 58	65 48	50 53	24 51	79 51	71 46	21 42	12 48	69 51	73 42	40 59	76 51	32 56	9 50	83 51	43 53	74 49	54 49	25 50	2 52	34 52	46 49	1 44	42 46	29 54	88 51	23 46	6 57	66 59	85 48	59 47	10 52	11 56	87 49	67 41	37 47	35 43	31 55	0 54	45 45	78 50	8 49	53 43	17 49	89 49	81 46	44 50	19 48	41 49	61 58	20 48	14 55	16 49
72 53	57 56	62 49	88 50	15 51	27 50	35 43	66 50	39 48	37 53	18 50	23 53	85 52	13 57	4 45	17 60	30 52	44 41	71 47	12 47	83 50	11 40	77 51	64 43	43 53	16 49	22 52	59 46	47 50	9 55	10 45	38 51	49 48	14 46	67 54	52 53	41 52	26 51	60 52	78 38	36 54	33 52	46 52	20 56	81 48	63 49	51 47	55 48	84 54	8 50	29 49	80 57	50 44	56 48	73 55	7 60	58 45	54 43	19 40	75 51	79 57	82 38	48 57	70 53	86 41	40 42	24 43	42 63	61 42	28 49	6 57	74 44	68 51	25 40	76 51	5 59	1 55	87 50	65 42	89 50	69 51	0 53	31 45	2 53	32 50	45 54	34 42	21 45	53 47	3 49
8 55	42 51	3 46	43 49	85 55	17 55	0 50	66 57	10 43	87 47	6 54	35 52	29 48	65 48	60 48	80 45	61 50	9 53	22 59	49 50	86 46	51 54	36 48	88 60	28 48	55 52	48 41	54 46	70 55	53 50	79 47	4 53	74 48	14 48	33 51	38 42	77 52	19 52	89 49	59 47	1 54	32 43	52 51	75 47	21 56	23 58	24 57	57 48	83 55	71 49	68 61	46 47	41 36	44 47	18 51	69 51	82 49	84 51	13 58	11 39	56 46	64 56	63 49	20 50	39 51	7 57	31 44	62 51	73 51	58 53	67 54	5 49	34 47	12 55	37 52	47 52	45 50	40 51	72 56	50 61	81 44	15 57	2 56	78 50	26 48	16 46	30 42	76 55	25 53	27 54
54 49	35 48	62 61	9 50	72 55	51 43	24 49	14 47	50 53	52 52	71 54	19 43	80 59	3 50	23 47	85 42	84 43	58 62	11 49	67 53	42 52	40 47	81 50	48 50	30 44	76 48	74 56	86 47	25 51	34 55	82 51	33 47	4 47	32 46	59 46	83 53	61 46	47 53	27 48	68 44	21 46	43 55	64 46	17 45	0 50	7 41	75 40	41 55	53 40	18 50	22 49	65 57	87 54	1 45	28 48	63 52	88 50	77 41	10 55	89 42	8 46	6 51	15 40	13 49	57 48	37 52	60 50	70 60	49 49	55 45	31 46	73 51	26 53	38 50	45 45	5 54	79 47	29 56	56 45	36 45	20 52	39 53	78 47	16 47	12 42	69 51	2 50	44 52	66 51	46 54
77 53	2 58	21 53	34 50	46 40	27 43	47 50	32 58	72 51	55 46	19 41	82 45	56 52	48 45	62 48	28 35	69 47	75 43	88 53	74 52	76 47	22 42	10 44	83 50	36 50	29 51	64 43	17 42	50 47	67 59	80 47	45 50	14 53	6 49	66 52	23 45	71 52	38 50	53 47	57 50	12 52	42 53	70 40	86 52	26 60	37 45	78 53	39 43	73 49	63 53	59 53	81 43	0 52	61 45	5 49	11 41	15 54	20 49	30 51	31 56	43 57	18 46	9 41	13 50	41 48	49 41	8 55	89 45	40 46	24 56	44 41	54 56	35 50	3 52	79 52	33 57	4 43	84 43	1 57	25 46	85 56	68 45	60 47	52 53	65 48	51 61	16 52	58 51	87 47	7 51
49 52	56 53	78 52	59 53	3 39	45 49	84 52	43 45	20 55	35 58	19 62	54 51	86 57	80 42	40 49	21 48	64 50	52 53	55 55	73 50	37 56	87 56	39 49	81 51	72 50	71 56	6 57	32 49	46 60	33 54	63 46	0 57	36 53	68 54	23 51	57 48	42 59	85 47	9 50	61 42	48 55	24 50	13 48	58 52	22 47	82 54	89 56	31 52	14 54	29 42	83 63	10 54	51 53	34 46	47 50	4 42	53 59	27 50	69 44	70 51	66 48	60 54	74 52	2 57	30 46	16 54	25 38	12 49	26 50	76 47	1 55	65 49	62 47	15 50	75 51	17 62	11 44	7 47	8 44	79 32	77 57	5 46	38 47	41 53	44 56	18 49	50 55	88 54	28 50	67 43
22 53	55 51	7 49	40 58	52 52	18 45	59 49	39 53	1 48	21 56	49 44	67 52	17 42	32 43	81 56	89 53	58 42	48 50	87 45	88 49	27 46	64 41	8 54	57 48	74 56	79 43	4 50	69 58	15 55	83 46	20 54	2 52	10 56	86 41	6 49	35 46	28 50	71 45	46 44	45 49	38 55	56 60	36 44	80 53	30 52	84 48	66 55	44 44	34 46	85 54	9 57	47 52	5 52	73 57	68 51	77 60	0 44	63 46	31 51	24 43	51 52	25 54	13 43	43 46	33 50	37 46	76 43	26 47	65 46	60 45	72 43	23 41	70 52	11 48	82 50	29 42	75 57	78 45	41 50	62 54	3 56	42 53	53 60	16 47	61 45	19 51	12 47	50 50	14 54	54 47
8 49	50 47	82 49	71 50	4 55	83 53	3 46	47 47	49 51	87 57	24 46	54 50	55 53	36 52	78 52	21 49	14 58	68 49	23 51	35 44	52 60	76 49	9 57	75 45	64 54	59 49	80 52	84 54	37 54	31 51	74 52	53 43	18 54	30 58	66 49	77 44	40 57	79 56	58 48	63 42	72 47	89 47	15 60	69 59	57 51	86 43	29 49	51 52	7 46	46 48	19 49	1 50	20 56	27 43	85 53	32 53	38 52	10 51	0 51	56 55	22 48	45 49	48 49	2 52	33 47	16 51	62 53	41 49	39 56	44 47	25 58	13 47	17 53	6 50	34 46	88 50	12 49	61 46	42 50	73 48	26 49	65 51	5 51	28 53	81 47	43 47	67 51	70 55	60 53	11 49
25 58	72 50	30 50	42 53	87 47	68 39	2 44	55 38	17 48	43 50	46 50	62 46	34 46	58 50	24 47	69 49	66 48	19 49	82 50	12 45	70 48	31 42	8 58	89 47	20 53	27 48	65 51	3 55	88 50	75 55	63 50	53 49	4 44	84 61	33 42	79 60	48 52	80 52	81 57	67 47	44 48	71 48	64 54	45 57	41 47	16 45	37 50	54 58	51 53	49 48	60 56	28 51	9 42	36 52	77 58	6 59	32 51	22 46	73 49	14 51	38 53	23 53	10 49	74 52	21 50	85 47	13 46	86 55	11 53	26 48	59 51	1 52	76 61	83 50	18 45	47 50	7 43	5 54	29 47	56 48	35 48	39 56	57 41	61 44	0 52	52 57	50 54	40 48	15 51	78 48
23 48	86 49	61 52	15 53	84 47	71 44	82 56	81 48	20 49	88 52	64 42	76 53	8 50	62 42	85 50	2 53	50 44	83 48	25 57	87 56	6 50	41 59	5 41	19 57	89 48	57 53	29 55	4 40	52 53	1 52	55 48	56 45	11 41	43 49	59 43	45 48	78 62	70 52	17 55	63 52	7 47	21 50	39 54	58 54	79 48	3 55	0 52	60 54	28 29	66 46	34 46	65 48	16 45	22 50	75 40	18 53	47 53	69 53	49 50	33 45	46 45	26 54	13 50	27 51	72 47	30 50	14 46	37 40	68 50	42 43	54 50	44 46	31 57	24 49	35 42	73 49	32 50	80 49	10 50	51 53	40 52	36 53	77 43	67 51	74 52	9 46	38 53	53 56	48 58	12 52
85 52	84 45	5 51	73 47	8 50	51 45	47 43	30 51	82 58	70 52	64 50	17 51	9 49	13 54	57 53	60 53	52 41	26 46	53 44	43 52	19 49	89 51	40 46	80 54	74 53	12 49	69 55	41 41	77 46	29 48	6 44	32 49	2 60	45 57	0 45	33 52	63 46	88 55	79 50	71 44	61 52	68 56	87 56	42 48	72 52	66 51	39 59	16 43	34 45	75 59	37 49	4 43	21 52	11 52	7 51	14 49	62 52	58 48	59 42	31 52	56 56	78 52	50 53	44 50	3 59	1 59	55 51	36 48	18 48	28 41	35 46	48 53	22 51	67 42	23 46	65 54	76 56	20 51	10 60	15 45	86 60	46 50	49 61	81 47	38 49	25 47	24 48	54 52	27 56	83 41
58 42	54 45	1 43	83 62	75 54	72 42	73 44	53 49	6 55	16 51	33 52	59 51	89 47	36 51	43 52	14 50	9 51	10 51	38 49	0 50	86 49	81 49	52 52	22 63	35 57	42 46	64 57	34 53	45 56	47 40	80 51	40 46	8 53	57 47	3 47	71 56	61 46	87 52	84 46	32 49	30 51	7 53	78 56	24 40	85 45	63 51	66 52	17 53	23 51	82 50	26 46	25 49	56 51	48 59	49 56	88 42	69 49	55 45	11 51	44 49	39 54	67 57	77 48	28 54	13 50	51 51	12 59	4 45	65 52	76 48	46 49	50 55	62 47	60 53	37 51	18 50	74 42	19 52	15 55	27 48	79 44	31 40	21 48	70 56	2 39	29 53	20 42	5 49	41 38	68 53
45 50	16 51	69 44	74 53	80 58	62 40	36 46	61 52	0 53	31 50	35 52	47 45	43 52	12 58	41 48	3 49	34 48	27 43	53 53	59 63	19 55	51 46	14 55	82 49	1 42	15 55	33 48	81 46	75 53	87 47	54 49	63 44	73 50	37 38	66 52	23 47	8 52	5 50	89 45	67 61	17 54	84 49	4 56	77 54	10 50	64 51	48 55	57 59	70 49	7 55	58 45	11 64	13 56	50 51	65 48	22 36	83 61	55 51	30 48	72 48	49 45	76 50	68 58	18 51	25 52	44 44	20 56	88 47	29 56	6 49	86 45	9 54	85 55	71 53	26 43	42 46	79 51	78 55	60 59	46 56	38 46	28 45	39 45	40 57	56 50	2 53	24 46	32 53	21 49	52 49
83 51	58 46	39 51	88 51	77 47	64 49	69 46	32 55	45 44	47 56	21 50	51 48	16 50	89 51	9 54	17 48	25 52	30 56	71 51	26 56	67 51	48 49	68 48	63 52	15 52	61 49	59 52	70 45	23 44	60 51	7 42	0 54	87 51	10 52	28 54	84 47	55 52	6 44	12 49	81 51	57 45	4 47	73 44	44 56	34 49	35 43	40 52	85 54	62 44	86 55	27 54	19 55	49 50	29 52	43 56	22 48	41 52	54 50	11 50	1 44	33 54	37 39	74 58	65 47	13 50	76 56	52 46	42 63	75 57	18 60	46 48	79 54	38 52	14 50	56 55	8 54	82 52	53 50	24 53	66 47	80 49	72 47	36 51	20 55	31 53	3 46	50 51	5 52	78 40	2 50
23 60	6 45	87 59	37 38	78 49	24 46	54 49	29 48	74 48	65 51	50 46	11 47	66 48	35 55	19 50	75 52	60 46	33 47	85 55	62 57	51 51	4 47	80 49	27 51	44 54	89 57	3 56	25 51	64 49	22 50	15 42	67 49	16 57	84 45	82 58	49 54	68 45	63 50	9 56	52 42	5 47	61 52	69 55	26 48	77 58	56 51	88 47	13 45	28 46	45 58	2 49	36 59	10 47	57 41	79 53	42 40	38 54	83 50	76 44	7 48	21 42	8 47	58 47	59 59	31 58	73 49	30 58	53 47	71 47	41 53	81 44	32 38	18 58	14 47	47 49	39 51	72 50	48 52	0 45	17 47	70 52	86 45	40 45	43 54	34 46	12 50	1 49	46 53	20 46	55 38
43 56	24 50	51 50	21 54	78 41	0 44	75 44	18 40	52 52	34 49	3 45	61 54	5 47	10 50	50 49	79 53	53 52	73 53	17 50	38 48	40 49	67 45	68 46	84 57	27 49	82 41	89 54	58 44	26 53	64 55	80 57	45 57	76 47	37 58	56 51	60 47	57 46	9 45	30 58	74 45	54 50	33 50	4 53	48 46	31 48	44 55	49 50	29 57	88 53	66 47	42 48	71 43	87 56	59 48	62 46	13 48	81 42	23 46	16 49	46 50	8 57	77 48	41 53	25 51	15 47	35 42	12 53	69 54	22 49	11 46	55 53	39 39	2 46	70 49	7 54	47 49	6 54	14 53	36 49	63 49	20 48	19 51	28 51	85 43	83 48	86 53	1 48	32 47	72 52	65 49
53 51	60 47	17 51	62 46	0 55	87 41	54 46	83 51	72 44	7 57	18 56	5 53	65 58	35 46	26 48	30 48	2 47	41 52	85 57	46 53	37 52	79 51	59 49	31 48	69 51	34 58	78 49	86 51	12 54	1 50	76 43	77 56	56 48	89 41	38 48	32 51	40 45	33 47	52 50	44 51	67 53	14 47	3 51	70 50	88 47	28 65	82 49	63 50	21 49	43 42	27 56	71 57	80 56	25 54	51 59	19 52	39 57	81 52	23 56	29 41	45 47	11 51	84 53	68 50	55 56	36 54	74 49	20 51	6 45	4 51	66 52	15 46	57 51	73 49	49 46	13 48	10 48	75 47	64 54	48 53	50 59	8 46	24 53	16 39	22 51	61 54	9 47	58 56	42 44	47 45
73 51	42 50	2 56	23 52	83 53	59 55	62 55	18 56	6 43	8 46	72 60	48 52	12 55	67 42	13 49	85 52	15 57	56 56	50 40	36 46	1 51	78 46	43 42	35 54	46 48	38 55	20 55	54 48	71 53	22 56	75 45	52 56	30 56	76 45	41 45	19 57	80 52	79 45	24 53	40 48	65 45	89 52	11 49	28 43	57 47	0 50	87 45	58 51	66 52	64 48	63 45	3 48	7 48	9 43	88 60	74 53	60 50	27 42	82 45	47 46	4 45	69 46	17 48	25 57	5 52	68 46	61 51	34 42	77 44	21 53	16 49	37 50	51 44	32 45	55 49	70 46	53 52	45 48	10 49	81 53	49 47	33 54	26 50	39 51	44 48	31 51	84 61	86 48	29 46	14 42
24 56	56 51	57 55	27 53	42 43	4 48	79 55	76 51	67 51	30 46	10 52	55 46	39 53	40 54	73 41	52 39	54 50	88 47	64 50	66 52	11 54	14 47	3 44	45 49	38 54	77 54	84 50	71 55	46 53	35 54	29 48	89 48	50 53	70 48	17 56	25 50	86 51	16 54	74 60	7 49	28 44	68 58	1 51	0 48	59 45	62 49	83 43	34 41	69 49	58 47	72 46	19 46	43 49	37 47	61 44	22 48	8 50	32 49	13 47	87 47	12 50	21 40	6 57	23 50	41 45	2 45	5 45	18 51	15 47	65 51	63 57	49 45	20 49	81 57	33 55	48 41	47 53	31 51	75 48	78 45	53 46	82 51	44 49	51 47	80 49	60 51	26 47	9 52	85 48	36 45
39 55	3 43	74 46	4 53	49 43	41 51	89 48	64 42	88 47	10 40	66 50	2 47	55 50	18 41	77 57	86 48	85 47	58 48	42 44	7 54	81 55	45 54	68 51	56 44	26 50	37 51	78 44	79 60	6 53	54 40	73 46	32 48	17 57	57 58	75 50	15 51	51 41	44 49	30 42	53 49	62 51	60 54	20 58	0 59	82 51	22 55	35 57	43 51	76 54	34 56	27 54	70 57	80 51	33 53	83 53	65 52	63 51	61 57	29 58	48 48	25 54	67 43	13 42	46 58	47 54	69 44	28 50	1 46	16 43	9 51	31 47	23 55	24 61	59 46	40 50	8 54	21 41	36 54	71 43	72 50	11 51	19 53	50 53	52 50	84 45	87 48	38 53	5 49	12 45	14 52
67 48	83 50	13 50	24 48	68 58	22 47	20 47	65 50	87 49	17 56	62 56	85 51	18 52	41 51	57 51	36 47	77 52	60 48	61 52	35 48	56 61	64 62	51 51	47 51	84 56	32 46	81 57	43 57	19 55	7 52	40 47	39 44	2 48	52 49	82 43	37 53	16 52	14 42	63 46	42 49	12 46	23 62	59 51	11 47	46 48	1 51	75 54	49 50	5 47	6 48	10 54	72 53	89 41	76 46	58 44	79 49	88 60	70 56	73 47	34 55	3 52	78 43	86 59	66 48	21 48	25 45	15 49	53 47	31 49	50 52	48 46	44 52	30 50	74 42	38 40	4 44	55 53	28 39	26 54	69 45	9 46	45 45	0 58	8 58	71 51	29 47	54 50	80 54	33 62	27 50
56 53	57 46	41 44	75 57	47 49	51 38	89 49	48 54	44 56	33 49	87 48	79 59	19 56	13 63	18 53	76 47	66 48	10 58	52 57	21 50	9 52	81 56	68 59	14 47	85 56	69 52	38 56	1 54	2 49	3 48	5 55	71 49	80 44	7 45	77 50	32 49	15 45	12 51	73 52	22 49	29 45	53 46	20 41	63 60	39 48	49 54	30 55	55 54	28 46	50 52	83 49	64 48	37 45	26 53	72 48	25 50	42 46	65 43	11 51	67 50	82 59	31 49	78 53	74 41	24 53	61 39	88 43	40 36	23 50	0 52	36 51	17 56	4 39	8 47	6 59	86 48	59 51	16 43	45 56	43 45	46 46	54 46	60 61	58 53	35 41	34 43	70 56	62 56	27 47	84 54
11 48	21 49	78 58	69 47	2 49	70 41	76 55	64 45	46 63	82 46	36 45	88 48	50 46	32 47	30 44	53 52	57 49	5 54	74 51	89 52	1 41	67 52	9 47	77 40	73 57	6 50	12 52	48 46	27 45	55 53	54 47	33 52	28 49	68 52	10 51	8 49	43 51	17 48	22 50	25 43	85 53	52 44	79 46	61 55	44 53	23 47	0 49	72 55	58 48	66 55	45 51	87 52	39 41	80 58	42 56	83 49	16 53	75 52	24 45	71 45	13 48	20 42	51 47	37 48	35 49	62 44	60 42	26 47	40 52	19 49	15 41	65 45	84 49	56 51	81 53	47 49	41 48	59 45	7 47	38 54	31 56	29 46	3 48	14 44	34 47	86 48	63 52	18 45	49 58	4 42
24 46	79 49	62 42	20 49	64 60	86 44	23 53	17 43	87 48	73 53	58 47	5 42	18 48	82 48	69 46	60 51	56 48	71 49	33 52	25 43	9 44	51 43	38 36	19 46	0 46	36 46	72 58	39 42	26 59	83 41	77 50	43 41	32 50	78 51	35 42	46 44	59 55	29 53	84 50	2 48	6 40	13 55	76 50	63 56	31 45	12 54	7 54	53 54	81 56	44 47	1 47	42 57	68 59	40 39	88 47	75 39	27 49	21 54	41 52	54 50	45 51	85 40	10 51	89 55	70 42	50 52	48 51	57 53	65 48	15 47	49 44	22 47	30 50	16 46	80 49	14 57	3 54	66 53	37 48	61 50	74 48	67 49	52 52	47 43	55 52	34 44	28 51	11 50	8 48	4 54
10 47	48 53	70 47	39 54	56 44	44 50	55 55	7 43	72 42	76 53	2 41	85 47	58 58	29 49	41 42	54 60	71 48	50 60	5 45	57 51	42 49	75 51	36 47	34 52	84 55	87 50	28 48	6 41	60 50	8 49	52 48	40 61	86 45	1 57	65 48	68 50	61 49	47 57	33 56	45 52	73 45	35 57	62 44	15 50	9 47	11 54	43 54	14 50	19 54	16 51	66 53	89 54	67 54	37 46	24 54	30 52	13 50	32 53	0 47	38 45	53 54	3 51	21 47	25 50	63 48	81 49	80 55	18 58	22 56	64 43	77 48	12 64	79 40	26 46	20 47	31 51	69 56	83 51	46 50	51 46	59 47	17 52	23 54	4 64	74 40	88 53	82 46	78 52	49 52	27 43
87 56	17 47	80 55	62 55	51 50	11 47	68 61	40 52	38 48	43 49	6 39	5 49	64 52	55 50	83 53	61 52	30 47	9 48	88 56	19 46	60 52	81 52	45 49	32 48	86 54	57 47	15 45	23 42	42 54	7 60	10 55	31 56	46 51	73 44	59 54	76 54	25 51	4 49	74 52	71 48	8 50	36 51	66 44	85 54	67 45	28 52	16 53	52 40	89 47	14 46	82 47	1 47	18 54	44 45	56 53	33 62	21 49	12 52	26 42	48 49	63 51	70 54	53 50	37 57	69 43	75 57	34 53	58 41	54 49	72 47	22 58	77 51	2 53	78 54	13 56	20 47	3 59	65 44	41 55	79 45	50 48	35 53	24 44	0 46	49 54	47 47	84 47	39 54	29 43	27 56
65 51	15 55	28 53	48 60	30 44	5 48	80 51	66 48	83 52	20 58	17 53	40 38	72 55	12 56	41 54	34 48	75 40	26 51	42 52	16 44	49 44	52 49	78 54	6 60	53 58	85 45	4 56	37 48	39 43	58 51	86 46	25 54	19 50	64 50	69 50	32 47	18 57	24 53	76 54	57 53	38 56	46 48	14 50	74 55	36 50	1 53	13 44	47 46	73 52	2 44	3 41	56 44	62 48	0 44	89 46	67 48	22 46	50 51	55 48	59 45	51 49	79 60	45 45	23 55	27 56	82 49	33 52	77 52	35 60	29 42	31 46	81 48	61 54	88 56	84 43	70 44	87 45	43 50	7 57	60 48	54 43	11 39	21 44	63 48	9 49	8 49	44 51	10 55	71 46	68 51
74 47	14 46	21 58	78 43	29 51	50 52	86 41	33 53	59 46	65 47	69 51	31 48	15 45	77 55	70 44	16 52	80 55	13 58	27 46	3 48	41 46	61 56	56 39	11 55	43 42	64 48	60 51	62 42	12 59	0 44	7 55	52 55	19 53	42 57	17 51	40 53	34 51	10 49	68 52	46 52	53 53	79 58	75 42	51 50	72 56	63 53	36 57	18 65	44 51	87 59	85 48	84 58	4 47	9 52	66 59	35 46	8 50	82 50	5 56	57 62	49 52	6 47	26 54	37 55	55 54	25 55	73 55	48 45	20 48	88 54	45 36	71 41	67 48	28 48	38 59	30 56	23 54	58 44	47 42	54 54	2 54	39 55	83 52	32 53	89 51	76 55	24 44	22 47	81 47	1 50
30 55	24 47	79 47	89 52	2 55	88 43	9 58	83 42	17 43	66 42	81 47	43 58	51 50	39 53	67 51	80 57	49 54	82 46	15 59	69 53	13 48	26 49	53 39	46 48	36 51	50 44	40 50	45 50	35 42	70 43	52 50	63 47	23 49	6 41	4 47	74 51	21 50	58 56	47 43	27 56	1 57	87 54	64 48	77 49	10 48	85 45	16 49	42 52	33 41	54 47	62 49	84 51	48 42	31 49	86 54	34 47	37 49	18 54	12 57	61 51	14 48	78 56	28 44	7 58	3 49	65 42	5 47	57 54	25 55	56 49	60 58	11 43	44 52	75 49	73 49	29 45	22 48	68 56	38 50	55 51	0 46	59 47	72 55	19 50	32 53	41 43	76 60	71 45	20 52	8 52
37 53	42 37	1 44	63 64	59 53	53 49	17 54	36 54	35 47	8 51	14 49	31 50	40 57	39 48	22 52	73 58	68 54	75 49	27 53	61 60	43 48	7 51	77 55	45 49	67 43	88 57	12 41	2 44	25 46	0 47	84 45	18 54	65 60	74 49	44 56	16 46	38 54	51 47	49 45	52 46	29 41	41 52	78 58	62 45	26 53	57 53	66 56	32 51	69 51	56 54	4 57	6 55	50 50	9 47	81 56	47 47	11 52	86 55	34 43	13 58	20 50	30 50	83 58	89 51	24 54	21 52	70 40	80 55	46 44	64 48	54 53	71 49	28 49	87 50	10 50	5 52	76 52	48 43	85 54	82 52	19 43	33 51	72 54	55 45	58 40	23 42	3 51	15 51	79 52	60 51
46 49	13 61	67 55	83 44	41 51	54 38	0 52	8 52	36 46	9 44	43 47	21 47	75 51	12 45	85 53	48 51	33 51	18 46	61 49	69 58	59 59	34 47	76 45	27 48	26 53	16 52	29 46	25 51	24 54	73 46	40 50	39 51	55 52	79 45	3 55	66 52	17 53	70 42	74 48	1 46	50 58	51 48	4 50	28 55	71 56	23 49	42 47	72 49	14 40	65 52	53 62	62 49	80 52	37 47	84 55	68 44	38 52	58 40	56 53	81 48	19 46	86 50	82 51	6 52	63 50	60 50	44 46	22 42	15 48	78 53	52 53	10 48	30 48	20 63	88 52	5 45	57 43	87 52	49 56	35 51	47 51	2 46	89 53	7 58	64 59	32 45	77 59	11 56	31 45	45 44
37 45	57 51	4 51	33 46	80 46	44 57	11 52	32 48	66 49	77 52	39 42	14 38	43 45	89 48	64 56	70 51	21 56	8 46	19 53	2 51	0 53	79 48	83 44	61 46	31 50	51 52	46 55	12 44	58 49	62 63	54 45	24 45	52 51	45 45	84 45	23 48	68 57	42 52	55 43	53 42	88 55	48 52	1 48	27 47	67 49	38 43	76 48	6 51	30 49	17 45	78 45	20 56	59 39	71 49	60 54	65 49	40 53	18 51	29 46	25 51	26 45	87 47	86 51	69 49	49 60	15 50	82 50	34 51	81 56	47 40	7 47	35 53	41 59	85 53	73 52	16 51	28 49	75 53	22 53	56 46	36 57	74 57	63 51	10 51	3 53	50 54	13 62	5 45	9 58	72 54
66 47	48 49	33 53	6 47	57 55	38 51	50 45	86 60	58 57	41 50	88 51	4 59	21 44	0 50	19 49	76 46	81 51	43 50	32 47	62 57	83 43	30 53	72 46	80 53	49 59	61 44	5 53	8 47	79 43	29 45	73 49	36 51	59 45	15 55	39 44	46 58	1 58	65 53	78 53	35 49	63 46	37 58	31 51	28 54	23 52	12 54	85 45	82 45	20 54	24 57	64 53	9 48	84 49	11 51	89 43	75 52	27 44	87 56	25 58	53 48	54 55	2 45	16 49	56 50	10 60	77 52	17 53	18 48	26 54	52 52	22 50	40 37	45 50	51 44	55 54	14 43	34 58	13 50	69 49	68 46	60 48	47 48	74 48	71 61	42 46	44 55	3 51	70 48	67 57	7 48
51 53	9 48	10 49	80 56	78 47	5 49	79 51	44 49	26 61	22 54	46 46	88 63	7 53	73 43	72 41	77 45	75 60	14 49	38 53	56 46	29 54	49 49	8 44	12 54	45 54	43 55	62 52	61 44	2 45	67 46	28 51	36 47	64 47	71 51	17 56	16 53	76 47	37 44	47 56	60 60	89 52	50 43	27 61	85 46	84 44	52 53	13 51	41 48	58 37	68 48	23 45	31 41	59 50	24 51	48 55	87 46	15 47	83 47	32 52	81 50	57 52	35 45	1 43	66 51	11 45	25 59	42 52	3 49	74 46	33 43	55 46	18 59	69 46	39 57	0 60	34 51	53 47	82 46	20 52	30 54	54 61	6 46	70 42	65 61	86 62	21 50	19 60	40 55	4 41	63 52
62 52	59 56	8 53	46 46	67 43	10 53	35 56	52 55	20 56	55 53	38 43	11 50	37 51	73 52	63 56	36 52	75 50	26 46	7 48	51 47	4 39	15 49	24 59	42 41	33 48	84 47	68 49	64 40	32 55	57 53	44 47	56 51	22 51	34 52	78 47	81 56	87 51	80 48	61 42	82 55	54 53	18 52	30 46	48 49	21 55	19 48	89 45	66 56	47 49	50 57	77 45	6 46	83 50	85 54	1 54	86 50	2 47	40 55	13 49	5 37	29 43	69 50	43 50	14 57	27 48	0 47	58 52	72 53	28 52	39 50	25 48	12 61	3 48	49 48	60 53	41 53	31 57	53 49	79 50	23 46	45 59	70 47	71 50	74 54	16 53	17 48	9 52	65 56	88 42	76 45
79 59	47 58	85 47	31 47	64 54	12 53	29 48	59 43	41 47	50 43	17 60	49 48	37 43	83 49	4 52	80 55	22 49	44 51	51 51	20 61	46 42	62 48	2 51	57 48	55 47	30 49	23 48	67 58	54 53	40 48	75 53	1 50	72 45	58 50	3 52	78 61	24 47	6 47	74 49	48 52	14 56	39 50	61 47	43 45	71 46	10 50	15 54	66 57	9 46	21 45	8 51	11 52	77 54	52 42	25 50	86 45	18 49	84 45	69 47	68 49	87 49	13 54	32 51	63 50	38 54	76 46	36 55	16 51	88 48	7 55	82 48	45 55	65 44	5 46	81 51	60 47	28 51	42 45	35 50	89 52	70 47	34 51	56 55	53 41	27 56	33 51	0 42	19 44	73 45	26 44
49 52	82 54	24 52	23 45	1 51	25 46	59 42	48 38	45 58	55 57	89 54	11 51	42 55	16 46	6 48	65 42	29 48	70 51	34 50	26 50	33 52	37 54	66 51	12 50	27 53	73 46	50 49	62 46	69 47	87 56	57 50	83 44	21 44	36 45	56 48	15 50	39 55	74 53	64 41	4 46	32 45	76 59	51 50	3 45	60 50	86 52	35 49	19 46	17 57	10 46	30 50	77 54	84 55	41 50	88 48	46 47	18 43	9 56	28 51	5 51	54 52	78 56	61 52	47 51	0 50	63 47	8 52	52 49	44 50	2 55	13 45	43 47	81 50	79 48	22 52	7 54	53 46	71 47	58 50	40 47	80 42	38 53	85 52	31 40	75 50	68 57	20 44	72 59	14 52	67 54
9 49	75 50	39 49	46 44	7 46	17 38	82 48	77 49	59 44	6 48	14 40	57 51	54 52	31 51	0 46	21 55	28 44	43 42	29 44	41 53	66 47	79 45	5 55	3 53	11 42	64 45	20 48	15 51	88 51	34 56	18 47	51 45	22 41	4 51	23 62	67 48	19 50	76 43	27 43	33 48	48 49	53 53	10 48	25 50	13 56	36 47	52 49	16 54	56 46	47 57	24 52	50 52	58 36	80 43	42 54	12 56	8 51	69 48	40 51	87 56	72 40	61 51	44 54	78 50	71 46	70 46	73 52	84 50	38 59	83 44	1 47	49 55	86 53	60 48	81 46	30 52	62 52	37 51	65 47	55 43	32 54	63 54	85 45	2 54	68 51	26 53	74 59	35 43	89 50	45 50
11 52	46 52	13 55	61 50	54 41	51 56	48 53	85 58	24 52	66 50	78 60	17 53	79 43	12 52	63 49	62 53	34 53	69 55	65 55	28 54	30 57	26 54	71 42	20 55	21 48	87 52	10 48	3 50	27 48	56 47	73 54	72 42	55 51	15 46	80 50	38 47	4 48	0 54	47 56	33 54	76 47	64 50	44 45	32 39	77 52	88 51	40 46	41 56	19 47	37 52	57 49	49 51	74 52	53 55	45 47	60 46	16 53	29 49	2 48	67 58	1 49	58 44	14 54	9 42	8 51	82 54	50 49	25 55	6 50	7 58	75 40	59 45	22 55	23 44	39 44	18 48	35 54	70 50	84 45	68 47	89 51	42 53	36 54	5 48	81 56	52 54	31 55	86 48	43 49	83 53
74 57	85 44	56 51	11 55	40 50	9 48	73 54	83 53	46 61	2 54	0 46	75 52	59 42	66 48	39 46	51 47	12 52	18 52	35 47	78 43	72 55	16 56	49 45	82 47	60 49	89 53	77 45	67 51	62 50	8 54	68 58	70 55	20 50	6 43	63 52	53 55	5 57	33 50	31 57	19 43	30 49	65 58	52 46	48 53	80 51	55 48	64 57	13 43	41 51	36 49	21 48	81 45	43 42	32 57	1 40	54 48	58 54	84 49	79 52	17 52	27 50	50 51	38 48	37 50	44 49	15 45	61 50	45 42	34 51	7 49	26 50	57 62	86 50	4 46	28 49	24 45	76 47	87 52	3 44	29 48	22 53	88 42	25 44	71 50	23 50	69 45	47 59	42 48	10 46	14 61
23 55	34 51	54 46	21 57	84 46	82 44	57 61	15 49	2 55	31 51	64 44	20 53	61 52	89 50	1 54	19 49	68 58	67 48	29 52	38 42	18 52	83 47	76 48	49 48	32 58	53 54	85 52	65 51	69 52	0 50	13 49	17 50	30 46	55 58	28 48	74 51	81 45	43 50	6 50	27 48	86 57	59 43	87 47	37 54	63 55	10 45	75 54	78 53	66 55	5 54	71 42	48 54	33 43	50 54	79 64	24 44	88 55	9 52	62 45	7 51	46 53	51 56	14 44	22 46	52 52	25 50	35 50	36 52	40 53	72 47	60 54	70 49	80 50	42 53	77 44	39 47	58 57	45 51	3 50	44 44	8 46	56 52	41 53	11 50	4 61	16 50	47 52	26 49	12 52	73 49
0 50	74 54	51 47	5 51	44 54	80 52	18 52	83 50	84 53	31 48	47 51	46 45	85 53	79 54	68 47	57 61	37 49	39 44	15 48	77 48	75 56	4 48	3 49	19 43	23 54	11 44	63 57	69 43	71 45	40 56	70 53	14 49	56 39	72 54	20 58	76 50	45 57	58 48	52 45	88 48	29 49	86 52	36 55	24 47	30 44	78 50	59 55	66 48	60 40	61 56	35 44	65 51	22 52	49 45	32 59	26 50	33 48	62 57	82 46	9 60	21 45	34 55	2 44	50 56	81 50	87 52	48 48	54 51	17 54	25 53	53 46	38 53	89 54	7 56	16 53	10 51	12 49	6 51	67 51	43 64	27 46	41 52	1 58	28 43	8 54	64 43	42 52	55 51	13 56	73 49
62 42	67 58	50 49	34 55	57 45	56 47	24 51	41 63	66 51	11 48	35 53	72 47	14 47	7 49	22 40	30 49	45 50	76 52	16 40	43 59	55 54	73 44	29 47	51 51	17 49	59 48	10 54	88 54	85 54	5 48	69 53	13 55	3 42	80 52	75 48	21 52	20 49	38 50	4 48	1 58	53 54	71 51	6 58	54 48	89 40	36 59	31 40	87 43	74 56	83 52	18 48	65 50	77 47	9 54	81 55	42 54	79 49	8 48	86 50	58 52	49 44	23 58	2 53	70 53	39 51	25 54	32 40	40 43	68 43	60 46	37 57	82 61	64 44	33 53	44 44	63 54	28 53	47 51	52 53	27 51	15 46	78 49	48 54	19 50	46 49	61 48	0 54	84 40	12 49	26 47
26 45	70 59	5 57	65 53	11 51	20 43	10 49	25 55	64 47	60 46	86 47	13 42	4 46	53 56	83 46	40 52	35 48	12 56	21 46	34 46	79 53	87 46	57 45	50 44	38 50	58 46	47 42	39 55	81 46	71 57	28 44	82 50	23 53	88 48	36 57	46 50	61 38	43 48	66 44	17 51	76 51	62 58	1 36	8 51	74 55	52 53	68 49	2 48	63 57	6 47	59 47	69 48	51 51	67 45	41 51	32 53	75 56	77 57	45 47	33 48	0 50	27 61	15 57	56 50	18 54	78 45	85 48	16 50	37 54	14 45	42 56	44 55	73 48	84 55	22 49	24 58	29 49	9 56	72 40	48 45	31 55	19 42	54 47	80 48	49 44	55 53	3 56	30 47	7 51	89 62
81 55	35 51	4 54	26 62	8 48	59 46	50 54	39 48	42 45	86 57	52 51	22 44	38 47	12 56	24 58	33 53	51 44	56 55	11 48	71 41	19 56	87 42	80 47	75 49	85 55	79 41	61 60	88 53	76 52	82 47	37 61	65 48	16 47	64 45	66 45	70 38	83 51	69 50	18 53	36 53	43 53	13 44	40 51	23 61	62 52	34 50	74 47	27 53	89 40	48 36	49 52	54 52	67 54	41 43	25 48	57 54	14 48	31 52	55 42	58 53	0 59	46 48	21 52	5 52	7 48	1 50	9 57	20 54	72 49	45 48	44 46	2 51	6 52	32 45	10 49	29 54	53 43	15 53	28 52	68 53	84 42	60 41	47 50	30 51	77 46	73 50	17 50	3 52	63 43	78 51
48 49	88 54	16 52	42 42	53 51	75 50	79 47	35 55	69 54	18 51	80 49	84 48	8 54	63 52	37 48	85 56	21 52	9 47	55 48	34 54	32 44	14 48	76 50	61 46	59 57	26 49	81 46	67 45	51 49	38 46	2 54	41 45	71 51	78 53	25 47	19 49	64 47	62 47	43 50	68 48	70 58	58 47	56 41	11 54	28 44	7 47	5 59	49 52	29 50	72 50	22 51	1 55	10 45	66 55	12 49	23 49	52 45	46 59	36 57	33 59	13 60	44 48	77 43	47 48	86 55	65 49	57 61	27 51	54 48	83 48	50 53	45 35	4 54	0 56	60 53	74 51	30 43	87 51	39 47	89 53	20 48	17 48	15 55	6 47	3 40	24 47	82 42	31 57	40 46	73 42
66 55	52 59	20 53	39 46	27 47	35 55	22 50	56 58	82 42	69 52	41 52	4 49	85 53	43 50	73 52	6 62	11 49	24 44	30 54	25 48	63 49	29 46	79 48	84 52	62 45	42 57	60 48	74 47	16 52	1 51	75 41	68 47	70 46	5 41	32 53	88 41	71 52	50 59	0 53	10 51	18 46	37 46	86 44	65 45	81 50	26 57	9 55	58 57	44 49	14 51	46 44	31 52	83 45	2 42	23 45	53 51	77 46	38 43	34 41	7 50	19 60	49 51	28 52	48 46	17 49	40 54	8 54	3 54	87 49	72 55	67 48	45 46	33 48	55 46	80 55	51 50	15 45	54 48	59 42	12 55	47 48	36 49	78 56	13 54	64 46	61 52	57 52	21 60	89 40	76 54
25 62	63 44	48 58	23 50	50 47	22 50	64 47	14 56	0 60	44 45	42 58	55 52	15 47	20 51	83 44	17 58	10 52	80 53	47 50	29 49	28 42	18 44	70 52	84 43	27 51	41 49	66 51	72 45	19 46	26 54	78 53	77 53	33 41	53 45	62 46	8 49	3 56	88 46	52 48	16 54	76 50	74 54	89 49	68 54	30 49	82 54	24 50	59 51	37 58	57 49	81 49	9 50	11 48	87 53	7 53	71 54	43 47	75 40	79 49	86 45	69 60	39 54	60 45	45 46	67 42	51 47	31 49	13 49	61 57	34 53	56 38	85 48	65 47	21 45	5 51	2 41	32 60	36 55	54 47	4 47	12 51	73 44	6 52	46 50	38 45	58 48	49 55	40 50	1 44	35 45
26 56	28 51	13 51	2 43	19 47	10 54	78 49	82 53	20 57	16 46	22 45	0 48	70 50	49 62	29 51	48 39	69 49	67 58	81 44	37 53	43 43	87 49	44 57	50 38	17 48	56 44	45 42	25 46	85 45	59 53	54 54	60 52	72 48	36 48	38 39	35 54	46 48	12 53	30 43	74 56	47 45	33 45	55 48	76 52	18 53	14 50	79 48	23 50	80 44	83 47	88 51	89 52	7 58	66 50	58 51	24 46	41 51	5 41	68 40	62 58	53 49	3 50	32 55	1 50	57 50	40 51	52 56	11 53	27 45	51 46	21 48	6 53	34 48	39 45	8 51	71 56	31 46	65 60	4 48	42 51	77 51	64 47	15 52	86 42	61 55	9 61	84 51	73 51	63 49	75 56
86 41	62 38	19 54	87 46	61 53	1 51	21 58	29 45	8 44	47 51	57 36	59 47	52 59	20 61	51 44	23 53	66 56	71 47	5 53	85 43	25 42	76 43	68 53	9 60	70 46	37 54	60 61	80 49	46 52	27 49	77 54	11 46	3 44	64 48	89 56	41 49	34 53	54 50	42 45	4 48	50 57	31 49	16 50	33 51	30 44	74 55	18 44	7 53	12 50	49 44	79 54	53 55	44 47	14 47	40 50	26 56	69 51	36 53	17 55	56 50	63 51	81 55	82 54	13 63	67 52	32 50	0 52	35 52	48 58	84 49	15 38	58 44	43 57	2 49	22 39	28 56	45 50	39 47	6 56	24 46	83 56	65 46	10 45	78 51	55 53	88 59	38 53	72 52	75 42	73 46
85 48	34 57	76 48	51 49	82 55	78 47	63 44	9 56	35 52	8 49	77 52	40 54	31 53	56 49	49 52	29 55	37 50	4 54	16 54	87 48	67 50	2 51	74 47	69 51	83 52	38 49	86 55	30 56	65 43	6 42	12 47	44 50	39 52	57 52	28 53	43 45	79 53	47 55	17 49	80 51	75 44	24 45	70 43	72 52	5 48	18 47	36 46	33 55	48 56	64 52	88 49	25 52	84 48	58 51	81 46	11 48	54 51	20 47	45 48	15 50	32 43	22 45	89 52	55 54	53 57	61 48	14 45	19 53	59 53	71 62	66 47	3 60	50 57	23 56	62 50	7 52	21 44	52 58	1 50	13 51	10 53	42 35	46 49	60 43	41 53	73 60	0 45	68 41	27 52	26 50
11 54	58 49	34 52	47 57	1 57	53 42	68 52	25 50	55 53	89 53	48 50	79 50	52 61	57 52	17 42	20 54	27 55	10 46	21 48	42 45	51 44	8 46	38 52	12 43	54 43	88 48	43 51	7 54	81 48	33 57	46 47	41 52	86 55	6 47	5 51	22 48	18 49	14 54	15 47	70 52	35 50	0 44	24 47	73 47	32 48	78 56	76 53	2 47	64 52	67 56	49 50	69 37	63 47	61 57	37 52	75 49	23 35	50 52	60 55	31 50	85 46	84 52	36 42	56 46	26 51	29 44	72 55	45 55	40 53	77 45	28 60	4 55	66 44	19 50	74 53	39 48	9 45	59 63	65 47	82 54	87 56	62 50	44 50	71 46	16 48	80 50	30 51	3 49	83 50	13 41
86 53	50 51	13 55	87 58	52 52	35 44	23 54	24 46	63 48	8 47	16 55	36 54	78 57	77 47	89 54	88 47	15 50	1 49	2 53	65 51	84 46	75 44	17 51	80 40	31 44	14 50	5 52	0 54	27 53	66 50	25 47	59 45	61 55	10 50	53 54	41 46	67 42	18 53	7 61	26 48	54 57	9 47	32 51	69 56	62 52	11 49	74 44	58 51	3 55	43 53	49 51	33 52	40 50	56 55	83 53	39 52	47 54	42 54	85 44	71 66	19 49	38 49	22 52	64 48	48 46	12 48	29 49	76 54	60 43	28 42	79 48	21 49	72 50	57 47	45 51	30 61	51 44	37 46	81 54	55 57	4 39	68 51	73 47	34 41	44 43	70 53	82 51	46 52	20 51	6 46
63 52	82 54	17 47	29 54	69 50	77 53	66 46	79 52	26 59	8 51	21 54	50 50	6 42	42 42	35 52	64 53	78 50	28 50	56 62	20 50	18 53	31 55	65 43	60 51	89 47	49 51	70 40	10 55	45 51	61 39	37 44	27 52	48 47	16 43	4 54	19 43	32 55	59 44	7 52	46 48	24 54	0 54	44 41	3 52	9 46	55 54	62 53	34 53	12 55	88 51	67 56	38 49	75 47	41 49	5 46	58 44	53 44	57 43	36 46	80 53	74 50	40 60	43 52	13 52	71 46	51 57	33 53	68 44	83 49	52 49	30 53	84 48	2 50	81 47	72 48	22 57	39 47	73 54	76 49	47 51	86 43	25 49	15 49	54 45	1 52	23 55	11 50	85 41	14 53	87 44
81 50	35 56	71 50	62 57	78 53	1 48	46 48	66 46	48 57	50 51	19 47	27 51	18 46	7 49	6 52	63 52	21 51	31 50	75 54	20 50	60 53	64 53	14 47	22 42	86 49	41 42	70 50	53 42	49 44	56 52	65 49	10 55	12 51	47 48	24 54	3 50	34 50	11 44	45 50	74 53	59 57	28 52	44 55	42 53	61 53	73 40	55 58	82 41	17 44	0 54	23 48	88 55	77 50	58 53	80 53	85 54	79 42	9 54	30 55	26 50	4 48	38 42	83 49	37 55	84 54	52 51	69 53	5 41	43 45	29 48	87 54	67 42	51 57	76 45	68 50	2 56	13 54	57 50	16 43	40 49	39 53	25 49	32 52	8 49	33 47	72 59	15 42	89 51	36 43	54 48
