30	20
17 2	10 1	6 2	13 1	16 2	1 5	11 2	5 2	3 3	7 1	8 1	15 4	9 3	18 1	12 1	2 2	0 1	14 1	4 1	19 2
9 2	19 2	3 1	8 1	7 1	15 1	10 1	2 1	5 6	12 1	11 3	0 2	18 3	13 2	4 1	6 4	16 1	1 1	17 1	14 1
9 1	11 1	1 2	13 1	5 2	10 3	3 2	6 3	18 1	7 3	16 1	14 1	8 3	0 2	17 2	2 1	12 1	15 4	19 1	4 1
12 5	14 1	4 2	3 2	6 2	15 2	19 1	13 2	16 1	8 2	10 2	0 1	18 1	11 2	9 1	5 1	2 3	1 1	7 1	17 1
0 1	12 2	14 1	3 1	6 1	15 2	11 5	2 2	8 1	16 3	7 1	13 4	18 1	10 2	1 1	4 2	17 2	19 2	5 3	9 2
12 2	15 1	19 2	14 2	0 1	6 5	1 3	9 4	13 3	11 1	5 1	17 2	18 2	16 1	4 4	3 1	8 1	7 3	10 2	2 4
18 1	6 1	4 7	14 4	7 1	5 3	8 4	3 1	10 1	11 1	9 2	19 2	13 2	0 4	1 6	17 3	12 4	16 1	2 1	15 1
3 1	19 2	13 3	5 2	9 2	11 1	14 1	15 1	17 3	18 7	10 2	12 2	16 1	8 3	7 1	4 1	0 1	6 2	2 2	1 1
17 11	4 2	19 1	11 2	8 1	14 3	0 4	5 1	18 1	3 1	2 3	16 3	12 2	9 2	6 1	15 3	7 1	10 1	13 2	1 2
12 1	6 1	19 4	8 4	7 2	13 1	2 2	1 1	16 1	18 4	15 1	0 1	17 1	14 2	5 1	9 6	11 3	10 2	4 1	3 3
18 1	11 3	1 7	15 2	19 4	0 6	9 1	13 1	16 1	10 3	2 2	12 1	5 1	8 1	6 4	7 1	17 3	14 1	4 1	3 1
9 1	10 2	18 3	5 1	14 2	3 2	1 5	8 1	13 1	2 5	0 4	4 2	12 5	11 1	19 3	7 1	17 2	6 1	15 2	16 4
10 3	7 1	3 1	18 1	2 3	6 1	13 1	11 1	15 2	14 3	4 3	5 2	1 1	8 1	0 2	12 1	9 2	19 1	17 1	16 1
6 2	7 1	5 1	15 2	4 3	12 1	11 1	18 1	0 2	14 1	19 1	9 1	17 1	8 1	10 2	1 1	16 2	2 1	13 3	3 2
16 2	18 3	2 2	0 2	5 1	10 6	3 9	6 2	9 1	8 4	19 1	11 1	13 2	15 1	7 1	1 1	14 1	12 1	17 1	4 1
6 1	12 1	11 1	8 2	1 1	14 1	19 3	9 2	15 3	3 1	7 1	18 1	17 1	16 1	13 1	0 3	10 1	4 3	5 5	2 2
2 2	10 1	3 4	9 3	13 1	7 1	1 4	15 2	11 2	12 2	18 1	0 1	14 2	6 1	16 6	17 1	8 1	19 2	4 3	5 1
16 2	13 1	11 1	8 4	5 1	10 1	3 1	1 2	14 1	0 3	9 3	18 2	7 4	12 1	6 10	15 2	2 1	4 1	19 11	17 1
3 1	19 1	16 1	5 6	7 2	15 3	6 1	18 2	12 5	10 1	4 2	13 1	1 2	17 2	8 2	9 3	11 1	0 1	2 1	14 1
6 1	10 3	18 2	16 3	12 2	9 3	2 2	7 3	4 3	19 2	17 1	3 4	0 1	13 1	5 3	15 3	1 1	8 1	14 1	11 1
0 4	16 1	14 2	19 5	8 3	15 6	7 1	4 1	9 1	18 3	13 1	3 3	1 2	10 1	2 1	11 1	17 4	6 3	5 2	12 3
2 1	1 3	17 3	4 6	18 1	0 2	15 1	10 6	5 1	16 3	11 4	6 2	3 5	7 1	14 3	9 1	12 6	19 2	8 3	13 2
10 2	6 2	19 7	13 1	5 2	7 5	11 2	18 4	0 1	14 2	3 2	1 6	9 1	16 1	4 3	8 1	15 1	17 3	2 1	12 1
18 1	9 2	5 3	8 4	7 1	17 1	12 1	15 1	13 1	14 4	16 1	0 3	3 1	10 1	6 1	19 3	4 2	1 3	11 2	2 6
17 2	12 1	2 2	8 2	11 1	3 2	16 3	10 1	1 2	13 1	9 1	7 1	0 2	18 1	6 1	19 1	5 2	4 1	14 1	15 1
10 1	15 1	5 5	17 3	2 1	7 2	14 1	8 6	12 2	4 1	13 2	11 2	6 1	3 1	1 1	0 4	16 1	19 2	18 1	9 1
12 1	1 4	18 6	6 3	9 1	0 1	8 1	10 2	14 1	5 4	15 2	2 1	16 1	3 3	4 1	7 2	11 1	13 5	19 1	17 1
7 1	13 1	19 1	10 1	12 2	9 3	4 1	6 1	8 2	2 2	17 1	18 2	16 1	5 3	1 4	11 1	15 2	0 2	3 1	14 2
18 1	8 2	7 1	19 1	4 2	5 1	10 2	0 2	16 1	6 2	1 1	17 1	12 2	13 1	14 1	2 1	3 1	15 1	9 1	11 1
10 1	9 1	16 1	17 1	5 1	13 1	0 3	7 1	8 2	15 1	19 4	3 2	11 1	1 1	6 1	4 1	12 3	2 7	14 2	18 2
