40	20
7 2	17 2	18 2	12 1	3 2	4 2	8 1	14 2	9 3	16 1	1 1	11 5	5 1	0 2	6 1	15 1	19 10	13 1	10 1	2 1
7 1	13 2	16 1	11 1	8 1	1 3	18 3	14 4	3 1	2 1	0 3	10 2	5 1	17 1	6 1	9 1	19 1	15 2	4 4	12 1
16 2	14 6	8 4	18 1	2 2	11 1	3 1	6 1	13 1	9 1	7 3	12 3	10 2	5 4	19 2	0 1	15 1	1 3	4 5	17 2
3 1	9 1	2 1	13 3	8 3	4 1	11 1	18 3	19 4	16 2	17 1	6 2	7 1	10 2	14 2	0 1	15 2	5 1	12 3	1 1
17 1	4 2	7 1	13 3	18 1	9 1	14 1	15 1	5 1	8 1	0 2	11 1	3 1	6 1	1 4	12 1	10 2	16 2	19 3	2 2
7 1	18 3	6 1	12 1	16 1	0 1	11 1	19 1	13 2	3 3	14 1	8 1	15 1	4 1	10 1	1 2	17 1	5 2	2 8	9 2
14 2	3 2	9 1	5 2	8 3	12 1	13 1	11 4	15 3	0 2	17 3	7 1	6 3	19 3	18 2	1 1	10 2	4 1	2 2	16 1
11 1	4 1	0 1	9 1	15 1	10 1	7 2	16 1	2 1	17 2	18 3	5 2	12 1	6 2	19 1	14 1	8 9	13 2	1 1	3 6
5 3	18 1	9 2	10 2	7 1	8 2	11 1	13 1	1 7	0 1	4 2	15 1	14 2	2 1	12 3	16 5	17 1	6 1	19 1	3 5
5 1	13 1	7 1	1 1	8 2	2 1	6 1	4 1	10 1	3 4	16 1	0 2	14 2	11 3	15 3	19 2	9 3	18 2	12 2	17 2
15 2	12 1	18 2	5 6	16 2	13 1	7 4	14 1	3 3	9 3	11 1	10 1	1 1	19 1	2 10	8 3	6 3	0 2	4 3	17 2
18 1	7 1	8 2	13 4	17 2	4 8	0 4	14 3	10 1	1 1	5 2	12 1	16 1	11 2	9 1	19 1	6 3	15 1	3 1	2 3
7 1	16 1	15 1	8 2	12 1	2 12	19 7	14 1	11 2	3 2	5 2	0 1	10 2	17 1	13 1	4 1	6 1	18 1	9 6	1 3
16 1	9 1	7 3	8 2	4 1	5 2	3 3	0 2	2 2	18 1	14 2	13 2	6 1	17 1	1 3	15 1	12 2	19 1	11 2	10 6
8 3	1 1	10 1	6 2	11 1	9 2	19 3	15 1	16 2	0 5	2 1	12 1	14 3	18 4	4 5	7 2	17 2	3 8	13 4	5 1
19 1	15 3	9 3	17 1	1 4	8 3	4 3	5 1	18 1	14 3	3 2	7 1	10 3	13 2	11 1	12 1	16 1	0 3	2 1	6 4
16 7	2 1	18 2	6 2	4 2	7 1	11 2	19 3	5 2	3 2	1 2	8 8	14 1	10 1	0 1	12 6	13 3	15 1	9 3	17 1
15 1	6 1	7 1	1 2	2 1	17 1	0 3	19 1	16 1	11 2	4 2	3 3	8 1	10 2	5 1	13 1	18 2	9 1	14 2	12 1
17 6	10 3	3 2	15 1	19 1	1 3	16 1	18 1	7 2	5 2	4 1	12 1	2 3	9 1	0 2	6 1	8 3	13 1	11 2	14 1
3 3	16 1	9 5	2 3	19 1	0 5	14 2	18 1	11 1	15 1	5 4	13 1	6 1	4 1	12 3	8 1	17 4	7 2	10 1	1 4
3 6	7 1	11 1	9 2	2 3	5 1	6 7	18 2	4 7	17 1	15 3	1 1	10 3	0 5	8 1	14 2	13 2	12 4	19 2	16 5
9 3	0 1	2 2	8 2	15 1	7 1	16 3	19 2	11 3	3 2	14 1	5 1	4 1	1 1	13 1	17 2	6 1	12 1	18 2	10 2
11 1	10 2	1 3	2 2	8 2	14 6	12 1	6 1	17 3	16 2	4 2	7 1	19 5	3 1	15 1	13 2	5 2	9 1	18 1	0 1
19 1	8 4	2 1	13 2	3 5	16 2	14 1	15 2	10 1	4 1	7 1	11 2	0 2	5 1	12 2	17 4	18 2	6 5	9 1	1 2
14 3	12 2	4 1	9 2	6 1	3 1	13 1	5 1	11 1	18 1	17 2	19 2	1 2	16 2	15 4	8 1	0 2	7 4	10 2	2 1
7 11	4 1	17 2	14 1	16 1	13 1	1 2	11 2	10 2	8 1	12 1	0 1	19 1	9 1	2 2	6 1	3 1	5 1	15 1	18 1
0 3	5 5	19 1	8 4	18 1	9 1	16 2	14 1	11 2	15 1	13 1	6 2	2 1	12 1	17 2	10 5	7 1	1 1	3 1	4 1
4 1	19 4	6 1	5 1	1 3	14 1	9 1	13 1	17 2	11 1	16 2	15 3	0 2	18 3	7 1	10 1	2 1	8 1	3 1	12 1
19 1	14 1	10 3	15 2	5 3	7 1	4 4	8 1	3 2	2 2	12 2	0 2	1 3	16 3	11 1	9 1	6 1	17 1	13 4	18 4
8 1	2 1	12 1	9 3	17 2	16 1	11 3	4 4	15 2	7 4	14 1	19 2	10 1	13 1	18 1	3 1	6 2	0 1	1 1	5 2
6 6	19 1	12 1	10 1	8 1	17 2	0 3	11 2	13 1	1 2	4 1	15 1	5 4	9 2	14 1	3 2	16 6	2 1	18 1	7 1
10 2	7 1	11 3	18 1	1 2	2 7	8 3	9 4	15 4	12 1	5 1	14 2	17 4	3 1	16 4	13 2	6 1	19 1	4 1	0 2
1 1	18 2	15 2	7 1	16 1	17 2	4 3	10 1	13 1	19 4	11 1	6 3	0 1	9 1	8 2	14 4	12 2	3 1	2 1	5 1
19 3	10 3	3 3	1 2	7 4	17 2	2 1	16 3	6 1	0 1	18 2	5 4	14 1	13 2	15 2	11 1	8 1	12 1	4 1	9 8
17 1	2 3	10 1	1 1	9 1	11 3	13 6	12 1	4 1	6 1	0 1	15 4	16 1	8 1	19 2	5 5	7 1	14 3	3 5	18 5
13 5	3 1	6 2	2 6	7 2	4 1	5 1	12 2	0 2	19 1	1 1	16 1	18 1	14 1	15 4	10 2	17 3	9 1	8 1	11 6
1 6	12 3	16 2	11 1	14 10	7 5	18 1	3 3	0 2	17 1	2 1	8 9	13 1	6 1	4 1	9 1	5 2	19 4	15 1	10 1
5 3	14 3	11 1	4 1	7 2	6 1	2 1	0 1	17 2	10 1	12 1	3 2	16 8	9 2	8 1	18 7	1 2	13 1	15 4	19 2
19 2	6 3	13 1	0 3	17 5	9 1	14 1	12 2	18 1	1 2	2 1	7 1	5 1	11 1	3 1	16 2	8 1	10 3	4 1	15 2
4 3	17 2	11 2	7 1	1 2	15 1	10 2	5 1	18 1	8 2	19 2	2 5	14 3	9 2	13 1	0 2	3 1	16 1	12 2	6 1
