100	50
32 38	9 58	30 58	4 54	46 45	28 56	7 57	19 41	42 47	21 56	36 55	22 53	6 47	26 48	48 53	3 47	8 50	15 46	35 50	2 59	0 56	29 47	14 59	33 53	27 59	13 48	1 50	11 54	38 54	31 39	23 53	24 40	37 54	34 44	43 50	47 47	49 42	20 50	16 54	40 46	25 48	18 55	17 42	12 38	5 53	41 52	44 47	10 47	39 49	45 55
8 51	30 51	37 49	18 47	24 48	28 60	1 45	31 50	7 43	45 37	2 45	29 56	14 43	26 52	38 41	34 38	21 43	42 41	40 43	15 58	10 48	20 47	16 54	43 50	4 51	23 40	13 53	44 52	19 50	9 52	49 52	25 59	17 52	33 63	41 43	27 52	47 47	48 53	39 50	36 50	46 50	32 37	3 50	6 49	35 55	22 44	11 52	0 48	5 52	12 51
13 51	5 43	4 48	18 55	22 48	32 49	14 53	15 51	23 55	8 47	16 56	6 45	28 52	49 56	30 50	24 48	31 46	0 34	20 48	45 46	29 46	33 42	21 45	46 53	35 49	48 58	43 44	7 49	38 51	12 43	36 55	3 50	19 43	17 49	41 46	42 48	2 53	10 47	47 45	26 59	9 51	25 59	37 47	39 42	11 53	27 54	40 40	1 52	34 54	44 51
20 47	6 47	16 51	40 57	11 43	21 50	23 60	27 52	38 49	2 42	34 54	29 61	36 50	32 54	12 53	13 63	30 52	8 59	22 51	25 50	28 46	48 56	26 47	9 50	37 46	45 53	33 47	1 52	46 46	47 43	5 48	19 45	49 49	17 42	43 57	42 56	41 57	15 54	0 50	4 45	24 47	44 54	14 43	35 47	7 51	10 50	31 53	18 60	3 43	39 48
28 42	13 61	47 50	8 49	30 47	4 51	16 56	19 46	31 56	33 53	45 41	42 55	43 46	22 52	29 52	7 54	11 51	17 44	23 51	38 56	9 54	48 56	37 39	5 48	26 54	6 51	27 50	24 50	3 43	2 47	0 53	46 43	20 50	39 49	18 54	35 52	44 58	40 51	12 56	14 49	1 47	25 61	36 48	41 49	21 43	15 49	49 39	10 50	32 53	34 45
3 48	2 53	18 52	28 55	29 44	21 50	10 39	32 55	4 49	12 43	44 49	13 51	43 54	37 43	47 61	25 56	9 52	35 45	5 57	26 43	19 47	11 56	22 52	34 49	0 43	20 52	45 45	15 53	48 48	49 53	6 58	16 52	41 50	23 52	1 55	7 57	8 45	14 48	17 50	27 55	31 51	40 51	39 54	46 50	36 52	33 48	24 53	38 40	30 43	42 48
10 45	23 54	40 40	13 45	1 48	31 47	25 56	35 43	32 54	27 48	21 54	29 39	18 52	6 42	48 52	38 45	28 50	11 45	24 45	42 51	41 48	45 49	0 44	34 47	17 50	43 58	5 53	46 44	2 50	26 47	12 58	30 56	14 46	15 41	22 37	47 48	20 50	39 52	9 46	44 43	37 50	7 44	3 57	49 58	16 53	36 47	8 47	4 39	33 48	19 51
46 51	2 38	9 50	18 53	48 48	35 54	16 51	17 53	39 56	36 52	8 49	23 56	26 48	12 51	41 45	30 54	1 48	42 47	20 52	14 45	45 51	10 48	24 57	7 46	3 53	28 49	11 44	34 47	5 49	33 58	19 48	38 54	21 50	13 52	0 52	44 58	32 49	31 47	49 53	27 58	29 50	37 44	43 59	22 49	40 45	47 47	4 44	6 52	15 39	25 50
28 54	33 55	43 45	11 63	7 50	25 50	35 53	9 50	23 51	30 55	41 44	26 47	38 54	3 52	6 47	5 48	22 47	13 44	14 46	4 52	49 54	15 49	12 50	34 42	2 48	17 47	8 52	36 64	18 55	32 47	39 57	47 53	42 54	0 37	24 54	10 49	19 53	44 54	29 51	27 46	21 49	16 46	45 40	46 52	20 52	37 48	40 55	31 53	1 46	48 60
4 49	42 54	48 54	27 46	43 50	31 41	39 62	44 52	10 41	20 56	15 48	3 49	26 49	2 53	5 46	36 54	0 41	11 51	16 43	17 59	6 58	35 46	41 49	24 50	13 50	8 51	34 50	29 55	45 53	9 44	30 45	28 46	47 51	38 42	49 54	32 58	25 45	37 54	21 44	23 47	33 46	19 39	46 51	22 53	40 53	1 50	12 49	18 47	14 46	7 50
12 48	13 51	41 43	22 56	43 50	36 50	21 43	37 42	44 44	38 50	42 56	45 47	0 48	39 53	49 49	17 48	14 50	4 37	15 49	18 45	33 52	31 52	10 47	3 47	6 49	5 49	20 53	40 43	8 47	9 56	1 58	46 45	32 61	25 54	34 40	48 53	47 49	7 53	26 51	16 53	27 45	28 53	19 43	11 51	24 57	29 55	23 51	35 47	2 46	30 58
13 55	32 45	8 46	38 54	34 50	39 51	25 44	3 47	28 46	44 53	4 55	2 58	19 50	35 48	47 51	18 42	37 44	22 54	24 50	45 57	20 52	49 58	27 48	11 55	21 54	43 47	26 42	15 60	7 49	46 47	30 56	9 52	17 54	12 57	42 54	29 54	10 48	1 59	33 49	14 46	5 48	40 51	31 45	41 48	23 48	6 54	16 51	36 45	0 48	48 51
17 45	35 44	5 51	45 51	19 42	33 49	41 44	21 48	23 51	29 52	34 56	48 55	10 45	16 48	24 50	7 52	22 46	12 54	0 49	32 48	26 52	13 39	14 54	38 51	40 48	2 44	28 45	42 49	18 55	43 55	49 52	9 55	47 57	30 46	15 50	4 51	37 62	44 48	20 52	1 45	27 46	11 54	31 55	8 53	3 60	39 56	46 55	6 56	25 50	36 57
0 46	26 49	24 55	37 47	35 43	9 47	23 58	43 54	38 54	10 39	34 52	4 57	47 42	49 55	21 53	46 54	39 51	14 49	48 46	42 53	8 52	13 52	17 41	22 50	27 51	3 45	16 50	15 48	45 57	2 44	20 49	41 45	5 43	11 48	6 49	29 50	25 47	33 51	30 51	31 56	12 47	32 52	44 48	18 49	7 48	19 55	28 55	1 53	40 50	36 42
34 46	20 36	19 50	8 62	11 46	48 47	43 49	38 50	5 47	18 49	36 55	15 50	44 48	10 54	35 51	37 53	9 50	30 53	12 56	7 54	22 53	39 51	33 52	25 39	16 50	1 50	4 43	49 42	40 52	45 51	0 49	32 49	23 54	26 44	31 44	42 52	2 52	6 56	3 45	13 43	17 53	28 53	24 51	14 55	29 58	47 43	41 56	21 52	46 55	27 55
26 56	27 56	5 42	21 54	47 42	41 49	12 51	23 50	0 51	30 54	15 50	18 50	25 48	24 46	34 52	16 58	13 53	44 53	20 47	49 56	48 38	31 47	17 51	43 59	33 57	35 51	2 51	6 57	19 48	10 53	1 48	42 52	36 47	14 56	7 50	3 51	32 52	46 40	40 58	37 49	39 46	4 46	28 60	45 51	22 50	11 54	8 56	9 50	29 53	38 59
39 57	37 44	8 53	26 51	24 52	4 54	0 47	25 54	44 52	9 46	20 57	5 51	10 46	38 49	1 48	48 50	34 48	6 45	2 50	18 43	14 48	30 48	21 50	17 52	16 47	15 52	19 52	45 44	46 50	49 50	3 51	35 51	32 52	27 43	7 40	22 44	42 54	23 51	13 53	28 55	29 56	31 53	12 51	11 44	41 57	47 53	36 46	43 48	33 51	40 57
30 48	23 46	20 47	24 53	27 47	2 51	10 56	36 43	48 52	17 46	37 59	15 57	47 47	1 53	42 46	0 55	16 58	26 41	31 53	29 60	9 56	39 49	35 46	3 49	40 57	22 59	6 48	32 47	33 47	28 47	14 48	49 53	38 49	34 51	5 49	4 56	19 50	41 47	21 43	46 56	45 42	11 53	7 50	13 51	25 53	12 52	8 61	43 51	18 45	44 52
15 56	40 48	5 55	42 46	33 48	2 53	11 43	26 49	39 53	8 53	25 51	27 51	49 50	31 57	0 44	9 46	22 57	6 47	23 41	48 53	37 47	45 47	43 43	29 52	46 59	20 48	35 50	28 44	47 51	17 54	16 55	32 59	30 49	38 51	14 53	18 45	21 52	12 56	34 47	44 54	3 51	41 48	4 43	13 51	7 48	36 50	24 55	1 49	10 53	19 46
46 53	23 43	29 50	14 43	33 41	15 53	12 50	47 55	42 53	43 60	1 51	49 54	4 55	8 54	7 46	0 57	35 42	24 42	28 54	45 53	34 57	37 54	31 52	21 48	30 47	3 57	17 54	25 44	18 60	10 42	13 55	32 50	2 49	44 51	36 43	38 49	6 50	41 44	11 49	9 44	27 48	40 54	20 57	16 54	5 57	48 45	22 53	39 46	26 46	19 44
40 53	21 50	11 44	0 49	34 56	42 49	35 55	28 52	3 45	27 45	47 58	48 58	12 45	10 54	25 51	38 54	46 58	17 51	41 59	18 48	2 45	36 56	29 56	15 53	5 40	39 53	4 51	31 50	43 52	9 49	32 49	7 44	20 47	45 51	37 52	23 52	16 51	8 45	6 48	13 32	19 52	30 45	44 45	26 54	14 51	22 46	24 47	1 44	49 49	33 49
28 53	31 51	0 53	33 49	38 45	19 45	24 40	29 46	46 58	18 48	32 57	9 51	21 38	6 55	27 53	12 56	17 47	5 59	42 57	39 48	2 44	49 45	4 46	44 44	34 50	37 51	41 56	43 50	1 52	7 51	3 50	22 41	35 58	8 44	36 43	25 49	16 50	26 49	11 56	40 51	15 55	14 51	20 50	48 54	30 56	13 42	45 50	23 44	47 43	10 43
45 48	29 55	27 56	30 52	11 58	35 50	40 56	25 54	16 48	47 55	6 53	43 54	1 43	24 54	9 41	14 50	15 60	31 51	49 51	22 49	41 51	12 58	18 56	4 55	23 48	2 49	37 53	5 55	19 52	36 46	44 53	39 59	10 58	26 43	48 42	20 53	32 44	7 43	21 58	42 51	0 54	13 51	3 51	46 46	34 47	38 59	33 53	28 50	17 48	8 50
46 41	2 61	31 43	1 53	36 57	16 56	22 47	34 57	15 51	47 49	42 38	7 51	19 50	12 51	25 45	27 41	28 52	37 42	9 51	39 55	33 50	35 58	49 49	6 53	43 51	13 50	29 48	20 49	0 54	4 39	44 51	45 55	11 46	3 48	10 54	48 45	23 54	40 56	14 47	32 54	21 50	18 66	5 44	30 45	24 54	38 48	26 55	8 51	41 56	17 52
16 51	30 49	45 47	24 53	49 46	37 43	31 48	36 50	17 49	43 52	4 53	12 45	44 60	21 55	40 51	23 47	46 56	5 53	34 48	2 45	7 46	0 53	33 56	35 55	29 54	14 48	6 50	41 47	1 50	32 50	13 52	18 55	38 47	42 51	22 44	9 47	19 55	3 43	47 43	10 44	27 55	15 52	25 65	28 52	20 50	11 55	39 49	26 49	48 61	8 54
27 51	41 50	3 50	47 59	48 53	4 52	10 51	46 56	22 50	28 56	16 46	21 40	32 42	45 52	29 40	42 44	14 44	35 49	19 54	40 53	13 49	49 54	38 56	25 49	15 49	26 52	33 47	11 54	18 50	0 52	7 54	1 57	43 48	23 46	36 55	5 46	24 51	31 48	17 52	34 46	6 49	8 51	2 40	20 51	37 55	44 47	9 42	39 56	30 48	12 45
20 55	12 56	4 51	43 44	33 43	41 61	1 52	8 54	29 51	32 51	19 50	18 43	48 57	42 47	0 54	11 48	49 52	6 54	22 56	14 56	16 54	36 41	9 50	39 52	45 46	46 54	7 57	2 52	21 48	5 55	27 56	17 56	35 49	10 53	40 52	37 49	38 58	26 54	25 44	31 49	13 58	3 49	34 52	28 45	47 50	24 52	44 54	30 51	23 50	15 54
37 44	27 53	39 54	1 56	21 46	25 52	36 53	41 45	49 58	47 54	28 49	24 54	18 46	19 55	11 49	43 47	12 37	30 47	13 42	6 47	38 53	32 55	22 51	0 50	48 51	3 58	33 50	20 52	5 44	29 47	16 55	8 61	35 46	26 48	45 41	31 42	9 52	17 49	15 59	40 57	7 39	14 46	46 54	34 44	4 50	23 44	2 53	10 49	44 56	42 55
21 43	15 53	2 36	47 53	0 54	44 54	9 54	43 50	24 45	36 60	30 57	28 52	5 48	1 42	32 49	23 53	8 46	3 50	14 53	42 57	13 51	20 44	12 46	18 55	4 55	33 48	16 53	26 44	22 49	25 50	38 54	39 46	49 54	45 51	6 61	7 55	46 53	34 55	41 52	31 53	19 50	35 57	40 52	11 54	48 51	37 51	17 50	29 44	27 54	10 56
23 45	33 54	18 42	11 53	13 57	45 54	39 49	36 51	49 57	12 47	46 45	28 53	27 48	5 51	38 55	8 45	34 46	17 48	20 50	41 59	42 43	14 47	48 48	7 50	4 45	21 63	9 47	1 53	22 61	30 55	24 46	3 49	43 51	35 48	26 51	29 51	16 46	47 42	19 41	2 41	25 48	32 49	37 50	40 52	10 53	15 48	31 47	44 47	0 55	6 50
2 61	44 46	47 56	35 48	5 48	43 48	46 42	7 47	31 52	26 54	32 52	24 48	41 45	9 51	45 53	22 58	30 59	19 55	18 46	11 49	23 38	28 47	3 50	20 58	39 40	40 63	10 56	36 51	16 45	0 50	4 55	1 54	38 50	12 53	21 45	29 50	13 52	27 51	48 49	37 49	14 55	17 52	33 60	34 57	42 53	15 54	8 52	25 51	6 50	49 47
40 51	48 51	46 52	14 44	25 43	42 50	24 57	26 51	49 49	31 47	33 52	22 49	44 47	43 50	4 47	38 49	0 54	29 50	13 52	7 47	18 44	27 39	17 47	1 48	34 47	37 48	35 43	9 48	5 44	45 42	16 52	21 57	19 56	2 50	41 34	28 57	23 53	47 39	6 46	8 51	3 53	12 52	30 51	15 56	10 55	32 41	20 51	36 50	39 50	11 48
18 54	29 46	13 46	33 43	23 60	48 45	49 47	0 51	34 49	21 46	38 45	45 42	22 48	32 49	15 43	36 43	27 52	24 56	39 46	9 52	1 54	47 55	26 54	6 57	14 46	8 56	31 48	16 57	11 41	44 46	17 51	41 47	28 46	5 51	42 50	20 56	2 50	25 52	7 57	12 55	40 58	3 47	35 56	46 58	43 46	4 50	37 60	19 46	10 53	30 52
11 53	14 43	16 44	36 48	22 48	26 61	35 59	5 51	8 47	40 46	31 57	32 56	15 53	23 42	7 47	28 43	0 44	10 53	37 47	41 48	12 43	38 49	39 51	27 47	29 52	18 39	1 53	9 49	24 46	2 58	45 45	43 55	49 54	21 48	33 59	3 57	44 42	17 46	13 53	34 50	6 50	19 46	30 49	46 58	47 51	42 47	25 55	20 53	4 43	48 45
20 54	32 44	7 40	29 51	22 51	0 44	40 48	35 49	25 49	8 46	5 49	41 47	18 50	24 56	21 46	38 49	9 57	11 45	46 44	34 46	4 48	3 49	27 47	45 54	30 44	12 49	31 47	39 44	15 54	42 49	49 59	37 54	26 55	44 44	28 49	23 53	14 43	2 50	6 46	47 52	43 51	17 51	1 61	10 48	13 50	16 51	36 59	48 54	19 46	33 54
25 53	10 58	38 46	45 45	7 54	12 45	44 52	36 49	34 48	1 52	6 44	31 55	48 55	33 52	41 47	20 50	47 49	8 45	30 56	13 51	18 53	26 43	39 49	11 38	23 51	28 46	14 53	3 51	5 60	46 52	42 44	32 53	17 43	35 59	21 54	4 53	27 43	43 50	9 48	37 51	15 42	29 52	16 52	19 54	2 44	49 51	40 58	0 44	24 51	22 62
12 56	14 53	3 50	40 56	16 49	49 53	42 45	26 47	23 48	17 56	21 49	22 61	47 53	37 49	31 50	11 59	45 50	27 57	6 53	35 59	24 63	43 47	39 52	38 51	29 53	10 50	5 51	20 50	48 44	19 41	13 44	46 54	7 57	1 51	34 46	0 43	36 52	2 46	4 52	32 46	8 59	33 48	25 51	44 57	15 57	30 50	41 48	9 45	18 58	28 43
28 55	48 42	3 48	5 44	7 48	37 49	29 45	8 49	43 48	23 49	35 47	40 52	27 57	6 54	49 50	12 56	20 57	17 54	34 49	41 51	36 52	21 52	11 55	22 55	19 39	24 53	45 51	1 64	26 47	18 49	46 47	16 49	39 60	10 45	38 42	25 55	4 52	32 52	15 56	47 54	30 52	14 50	33 36	0 46	31 50	44 38	9 46	13 49	2 43	42 43
10 52	24 47	7 46	8 49	6 52	35 50	16 56	32 51	28 52	39 52	49 50	13 49	0 51	44 56	23 51	17 55	47 48	22 51	21 51	48 59	12 56	19 45	3 43	27 44	30 48	43 51	33 51	18 55	37 50	9 54	41 51	45 51	2 56	20 48	34 46	40 49	31 48	5 45	1 47	26 48	38 51	36 50	46 55	4 54	14 50	11 58	15 45	42 51	25 43	29 46
2 53	47 38	9 52	1 58	20 53	14 51	13 53	8 55	11 47	39 53	5 50	43 52	41 49	30 57	24 42	37 53	18 45	12 45	45 51	32 43	36 52	40 51	25 47	17 57	26 59	19 53	44 48	4 61	27 49	46 54	35 48	31 39	7 41	0 53	48 47	49 52	33 52	29 52	6 48	28 52	42 43	21 46	23 47	34 45	16 49	10 44	38 48	15 57	3 50	22 47
48 57	41 53	13 52	15 46	36 57	39 49	5 48	34 53	45 53	7 52	23 36	35 44	31 52	6 50	38 40	20 52	40 52	43 44	4 48	10 55	47 49	42 44	33 38	2 51	19 45	12 48	16 42	18 51	28 51	11 44	24 54	37 49	25 39	17 47	21 60	14 45	3 48	1 43	8 52	27 59	0 56	44 46	22 48	32 49	46 56	49 52	9 53	30 51	26 53	29 49
17 57	46 46	33 40	37 52	41 51	10 46	24 54	15 42	22 45	34 53	3 50	43 47	11 52	27 54	49 51	19 54	7 46	42 43	12 40	44 50	45 52	48 55	6 48	30 47	29 48	25 38	4 50	47 49	32 56	2 56	0 51	35 47	14 48	20 54	28 57	31 45	9 50	23 58	16 63	26 59	13 50	1 51	5 49	18 49	36 51	39 44	21 54	8 49	38 48	40 54
7 47	49 48	20 52	21 52	19 51	6 55	32 46	13 56	35 43	8 47	5 45	3 61	11 48	37 46	42 55	29 44	34 41	4 52	26 49	48 47	14 53	38 39	1 52	23 54	28 49	25 54	12 53	0 54	9 43	39 52	43 41	44 51	27 56	45 51	40 54	30 44	17 58	41 50	22 53	24 52	36 50	46 53	18 43	16 62	47 48	2 50	31 45	33 39	15 51	10 49
18 57	31 52	48 59	46 47	36 44	13 51	6 52	3 48	21 53	25 55	28 50	1 59	2 53	24 57	49 52	15 50	35 52	12 43	41 52	39 49	16 50	10 54	43 44	30 52	23 55	42 54	33 43	4 50	7 51	44 45	9 56	47 47	0 49	11 43	37 52	20 49	32 57	14 44	38 49	5 51	19 50	45 60	26 56	40 52	8 38	29 53	34 44	17 50	27 53	22 46
0 52	7 50	17 53	44 50	47 54	36 47	23 61	18 55	34 48	19 48	30 51	35 43	40 51	25 52	38 50	3 55	21 45	6 52	28 44	39 53	32 51	37 51	26 56	1 59	15 42	5 52	16 49	10 49	31 52	48 59	12 51	9 50	24 55	8 52	45 43	41 46	49 50	20 53	42 56	33 47	27 46	4 48	46 64	43 50	2 44	13 56	11 49	29 38	14 51	22 49
15 44	22 57	28 54	48 48	8 45	30 51	43 58	31 56	46 36	32 48	42 49	11 49	16 52	7 56	21 51	38 46	34 50	4 52	10 58	20 50	33 47	41 52	40 51	49 54	44 45	6 47	27 45	17 42	23 47	3 43	0 53	47 48	25 58	5 45	35 61	45 50	19 45	18 51	14 49	26 51	37 42	1 50	13 46	39 46	2 50	9 49	29 49	36 39	24 47	12 47
16 44	11 44	42 47	10 48	0 43	1 57	4 49	35 54	22 54	13 48	39 51	45 46	20 47	12 54	7 58	38 52	34 45	3 49	17 48	18 66	2 47	19 47	48 41	32 49	8 42	15 48	47 48	28 41	29 52	37 50	25 54	26 42	9 44	24 52	31 55	23 53	49 46	5 53	30 50	6 47	46 55	33 47	27 51	40 59	41 57	21 52	36 50	14 52	43 64	44 52
17 46	22 55	5 59	33 45	2 57	37 48	20 51	34 49	32 49	16 48	26 52	47 48	48 45	3 48	18 54	35 48	4 48	31 57	42 46	41 51	9 53	27 57	39 44	11 41	10 43	40 56	36 57	8 44	38 50	45 48	7 52	49 57	25 56	15 46	24 50	12 53	46 59	29 54	13 44	6 48	14 52	21 47	0 55	44 51	23 49	28 53	1 48	30 56	43 49	19 49
28 58	34 45	10 58	1 44	45 49	39 52	42 46	22 53	33 46	21 56	2 56	14 42	26 49	16 51	7 57	24 35	12 54	44 53	29 57	32 40	49 52	5 44	30 49	8 44	41 56	20 61	38 53	23 49	0 49	9 47	40 50	3 48	31 53	17 50	35 45	15 40	47 59	13 46	43 62	6 47	27 50	48 54	25 56	4 50	37 51	18 42	11 50	46 47	19 48	36 47
26 49	10 44	49 41	44 51	36 45	20 50	7 47	24 55	19 50	18 46	38 48	27 56	34 61	11 35	3 60	30 51	35 44	47 49	1 44	39 49	21 41	6 52	17 52	15 45	16 50	5 58	4 57	25 45	2 52	46 51	9 53	48 51	12 56	41 57	14 54	40 43	33 57	29 53	23 47	32 48	22 46	0 47	45 53	31 52	42 45	28 53	37 55	13 52	8 58	43 56
9 53	48 56	16 57	36 45	14 53	3 54	43 48	5 46	39 59	23 48	8 44	46 52	10 49	7 52	2 52	17 55	25 52	34 55	29 51	33 53	24 54	0 58	21 55	18 55	42 55	40 43	28 49	15 62	38 52	6 45	4 44	11 48	47 61	22 51	30 50	20 53	37 38	26 48	41 53	32 48	13 43	35 39	19 43	45 38	27 55	31 53	1 51	44 60	12 51	49 56
8 56	29 48	37 55	33 55	5 60	18 47	28 45	10 50	42 56	49 48	46 54	12 50	16 52	41 51	23 42	14 57	20 49	21 49	39 53	2 57	26 46	43 49	4 53	31 53	27 54	38 47	32 47	19 51	30 40	48 46	25 59	44 44	13 43	6 50	45 49	7 46	24 50	11 52	22 50	40 59	15 45	3 51	0 37	36 50	17 59	47 53	35 52	9 39	34 46	1 49
8 51	21 55	35 50	7 62	28 44	16 53	19 51	34 39	44 47	39 52	10 45	36 46	22 41	32 46	27 53	37 52	38 49	13 40	11 53	20 43	47 52	9 59	0 51	2 43	45 63	49 49	43 44	5 54	41 61	18 48	29 51	6 44	1 49	4 34	30 51	23 44	33 49	25 53	31 53	42 46	15 46	17 62	48 53	26 38	24 55	3 49	12 49	40 49	46 53	14 55
47 49	10 46	12 49	8 48	38 54	16 50	43 45	27 47	37 53	9 46	36 51	45 49	4 53	25 45	24 53	35 56	34 43	19 50	3 57	32 51	28 60	31 54	39 56	0 46	6 54	18 57	15 47	42 49	48 49	20 51	11 53	21 48	17 54	2 51	7 43	33 57	46 57	49 54	13 57	23 53	40 45	1 55	5 48	26 54	44 44	41 53	14 51	22 57	30 59	29 51
22 49	19 42	45 54	48 43	1 54	23 54	16 42	46 57	43 55	28 49	20 57	21 50	6 52	37 48	44 49	9 43	38 49	29 50	33 54	13 41	31 54	2 49	7 40	39 50	4 40	0 51	11 51	5 47	32 47	49 46	8 60	17 47	24 50	30 60	14 54	36 47	47 52	26 47	18 52	35 59	27 57	3 38	40 54	25 47	34 50	15 46	12 51	42 51	41 42	10 49
49 52	21 43	45 53	35 47	10 52	9 50	4 45	36 52	5 38	40 49	25 51	2 46	8 60	24 53	28 58	46 49	42 46	39 48	47 53	0 61	32 48	11 41	3 53	1 37	7 50	19 47	15 48	48 48	30 53	22 54	20 50	33 48	12 46	29 41	41 39	44 52	38 48	14 52	27 58	18 55	17 50	37 42	34 48	13 50	23 42	31 50	43 42	6 50	26 50	16 50
28 42	3 46	8 52	27 44	49 52	26 55	40 50	39 55	41 45	47 41	18 57	2 43	32 45	1 44	25 47	12 49	30 44	37 45	15 52	0 51	11 60	33 50	44 42	7 51	42 50	24 52	34 40	13 56	19 49	31 50	16 52	22 57	45 58	4 46	48 62	9 50	6 52	29 56	35 55	43 46	21 47	46 42	38 52	14 47	10 47	17 56	23 47	20 51	5 50	36 51
23 47	4 47	15 44	26 56	16 45	20 47	24 54	34 41	17 53	7 52	36 50	0 49	21 48	40 51	46 53	31 50	43 56	38 48	47 47	37 57	45 55	27 51	13 51	48 49	39 51	32 55	22 51	30 47	41 46	42 48	3 56	8 49	18 52	44 53	14 55	19 49	28 49	35 50	6 52	29 55	12 58	33 44	25 53	1 55	5 50	11 52	49 45	2 44	10 54	9 47
35 47	31 51	39 58	32 47	14 47	22 51	0 51	26 47	2 51	3 39	11 48	20 49	38 62	42 56	25 50	8 43	13 51	46 44	12 45	23 58	37 56	41 45	6 58	40 50	17 54	48 53	29 55	9 51	5 47	49 54	43 47	47 53	18 48	10 41	15 55	4 50	28 43	36 46	33 54	27 62	44 47	7 56	19 46	1 50	24 58	21 50	16 46	34 56	45 57	30 41
15 46	27 55	12 44	20 54	21 51	26 52	25 53	46 52	35 45	13 51	47 51	34 59	30 58	17 58	10 57	11 57	28 57	49 55	31 53	0 56	43 54	2 49	24 43	45 46	42 45	7 52	16 56	38 61	39 50	5 49	19 49	41 54	48 60	23 48	44 43	32 47	37 55	40 62	22 45	3 52	29 46	1 53	4 50	9 42	36 47	14 46	18 51	33 51	8 45	6 47
33 56	26 51	42 54	24 47	3 54	12 62	47 42	36 52	34 52	37 47	45 47	48 56	30 54	15 44	8 50	13 46	17 41	18 44	5 47	11 48	16 41	29 49	20 46	32 50	35 53	44 52	38 44	21 48	31 49	2 48	27 47	4 45	40 54	39 50	25 53	6 54	46 49	28 43	19 44	7 48	14 47	1 46	49 47	9 43	10 50	43 42	22 50	23 49	0 56	41 54
31 53	3 56	14 58	46 44	6 42	26 51	22 45	17 61	1 49	10 62	19 51	24 47	40 55	5 46	25 53	13 40	21 44	11 52	34 45	38 48	49 53	32 50	44 65	0 43	29 46	37 46	28 53	33 48	9 56	7 43	8 53	47 45	23 58	39 49	42 52	43 57	18 46	41 46	2 53	12 52	16 53	35 53	36 49	30 42	48 50	15 40	4 52	20 51	27 51	45 61
48 47	17 55	46 49	40 51	34 49	9 47	0 48	49 48	6 51	28 53	41 56	19 53	8 42	14 51	20 41	35 54	45 53	31 54	38 61	12 52	13 43	10 65	1 45	3 45	30 52	11 38	18 52	43 51	21 52	16 45	32 49	36 51	42 52	24 58	22 48	33 42	37 56	44 40	7 53	39 56	23 49	4 47	27 52	2 46	26 52	15 50	5 44	25 40	47 48	29 49
45 51	40 58	13 46	3 50	25 52	12 51	26 42	37 55	16 51	9 56	11 49	38 48	20 44	32 58	34 51	41 49	15 40	33 54	31 46	46 49	36 56	49 48	10 44	29 63	39 44	43 48	35 61	28 53	24 52	21 49	17 52	23 47	4 46	19 44	7 47	18 52	14 55	44 53	8 45	47 50	2 50	1 51	42 53	27 54	0 50	22 52	30 47	6 51	5 50	48 38
9 51	17 43	20 44	38 56	29 51	31 45	13 52	41 46	32 49	10 43	21 45	22 48	37 55	18 48	7 37	23 52	28 54	42 48	27 43	3 47	48 49	15 55	26 45	44 50	2 63	49 46	14 48	25 45	6 52	0 51	1 51	30 52	8 51	12 54	47 50	11 48	39 50	35 50	43 41	40 41	46 49	4 50	5 49	16 54	19 51	36 43	34 44	45 52	24 55	33 49
16 50	36 46	6 58	18 45	39 54	9 46	33 49	24 52	41 47	31 58	20 40	2 49	34 58	46 51	0 48	26 46	25 45	19 52	23 51	49 49	42 46	37 55	3 51	14 51	44 45	15 60	8 55	11 50	1 55	5 52	27 51	43 48	7 51	38 57	45 50	22 46	10 49	17 53	13 53	48 47	29 53	40 56	12 53	4 45	35 58	28 57	30 53	47 54	32 36	21 41
17 47	15 49	20 50	34 48	4 47	23 50	37 47	5 50	44 57	43 49	38 46	18 53	30 54	19 40	1 57	28 43	29 46	10 50	3 53	13 56	2 52	32 49	31 51	12 53	26 45	22 49	27 49	24 45	36 53	0 49	8 46	40 47	9 54	47 59	21 48	11 55	7 52	6 53	42 39	14 54	33 47	16 53	39 49	46 46	48 43	45 46	41 60	49 59	35 47	25 54
7 47	39 43	16 45	15 46	41 60	25 63	35 50	27 55	43 45	6 42	20 51	37 49	9 42	21 52	23 49	31 48	34 48	22 53	48 51	5 51	40 56	30 55	12 47	4 51	2 48	14 54	24 54	29 59	3 48	10 49	42 43	47 57	28 55	26 47	8 52	38 56	33 50	1 47	0 51	11 48	17 52	32 51	13 40	46 49	45 47	36 51	18 45	49 50	19 49	44 55
13 44	29 51	27 46	45 49	11 42	28 47	41 56	14 48	16 50	20 52	30 43	40 53	2 47	22 51	35 52	25 50	17 46	31 49	4 54	42 48	36 51	12 46	19 40	21 60	7 51	37 58	34 39	26 55	3 36	43 47	8 34	39 45	18 47	49 46	15 53	0 49	1 45	46 41	24 45	32 50	5 58	23 42	10 56	48 46	9 58	47 43	6 60	44 50	33 48	38 57
4 44	27 50	47 45	0 49	12 48	22 40	21 60	13 47	6 53	45 58	31 48	20 55	41 48	49 52	32 54	25 52	9 44	36 50	37 50	29 51	10 55	17 53	30 45	40 50	15 58	1 53	34 39	11 51	44 41	46 53	35 56	42 50	5 47	24 50	23 53	3 54	48 45	28 47	19 48	7 50	18 51	39 57	14 42	26 51	16 50	8 49	43 47	33 49	38 52	2 58
46 49	14 51	37 51	12 53	18 52	16 40	40 37	42 49	13 59	7 47	36 50	22 45	49 50	1 44	11 52	8 54	41 53	26 54	15 52	38 50	43 46	33 54	5 44	31 45	17 51	29 55	25 52	2 55	39 45	24 52	23 40	44 53	6 48	47 46	9 50	45 46	4 52	28 48	3 54	30 52	0 62	20 50	32 51	35 43	34 46	48 55	21 51	10 51	27 53	19 51
34 59	47 52	20 56	19 50	31 45	36 54	43 50	17 49	41 58	9 50	48 53	39 43	29 44	38 37	7 55	24 50	10 48	40 45	22 58	5 55	8 50	37 46	21 53	26 58	44 46	18 52	46 52	16 57	49 47	2 43	28 51	30 52	0 55	12 52	11 46	32 48	27 55	1 51	35 57	42 44	6 55	23 51	15 52	4 51	13 55	3 47	45 43	25 47	14 46	33 51
48 56	39 56	45 54	37 48	16 57	25 47	36 57	40 53	11 56	42 47	43 52	13 44	15 52	33 55	18 49	28 47	0 52	34 52	21 51	23 54	27 38	47 40	35 55	12 46	38 51	41 52	7 44	44 44	17 51	3 57	9 56	2 53	10 43	4 53	30 54	24 49	32 53	5 44	8 58	46 51	49 59	19 41	22 45	6 58	31 48	20 41	26 52	14 50	29 48	1 53
23 45	40 54	45 48	13 58	0 59	25 51	42 59	31 51	37 53	34 52	18 36	36 49	4 49	6 46	33 49	41 59	21 48	38 46	27 59	44 47	8 43	11 49	17 54	29 46	3 48	35 50	48 48	15 44	47 53	32 51	9 50	7 50	19 39	5 47	46 44	24 60	2 49	22 50	28 46	12 46	16 49	10 43	26 54	43 44	1 56	30 42	14 55	39 53	49 55	20 53
26 57	36 39	17 47	18 38	7 47	19 50	13 45	31 53	10 59	35 49	45 56	33 39	29 55	34 52	24 44	32 59	1 40	20 60	27 46	30 48	49 56	28 54	9 45	43 45	23 49	39 44	22 42	25 49	11 49	40 51	48 48	46 45	47 49	42 44	14 46	8 57	5 57	44 51	41 51	38 59	12 52	0 50	6 51	21 49	2 53	37 53	16 49	15 53	3 63	4 47
9 49	15 52	39 49	3 48	2 57	33 48	0 44	28 43	41 45	13 54	49 49	5 51	47 53	24 48	43 53	34 47	35 57	32 50	48 43	4 52	38 50	26 54	30 51	21 49	8 48	44 48	11 40	40 55	19 47	1 50	10 54	46 53	23 45	16 58	12 46	7 47	45 47	25 44	36 52	20 48	18 65	22 50	29 45	17 56	31 53	27 53	42 55	6 51	14 58	37 52
0 47	30 53	46 47	39 49	32 49	43 48	7 53	44 52	21 51	6 49	38 46	29 55	42 50	31 51	34 52	36 45	9 52	18 48	40 53	28 55	49 55	33 42	37 50	26 54	8 51	23 41	35 47	17 52	20 49	12 57	24 52	10 50	16 44	22 48	25 50	15 51	13 47	11 60	45 39	2 55	14 44	4 55	47 57	27 44	5 51	3 48	48 53	1 45	19 46	41 55
18 48	19 40	10 39	7 41	48 56	44 49	16 44	30 49	40 49	42 50	2 40	13 40	9 44	8 49	31 46	14 53	45 42	47 45	22 57	25 53	11 49	49 40	15 50	4 47	0 52	32 55	34 53	43 48	17 48	36 47	35 53	5 39	39 47	12 47	46 55	28 50	1 52	26 49	23 44	33 53	6 47	20 51	29 43	37 49	3 48	21 46	24 50	38 47	27 50	41 48
41 52	30 54	24 49	9 56	34 58	5 51	26 51	45 52	29 51	20 48	7 55	33 56	21 57	43 45	37 54	3 48	15 52	27 40	8 54	40 55	19 49	2 55	12 56	11 47	39 48	1 48	31 54	44 45	10 51	14 40	22 52	47 55	48 46	6 48	17 48	42 46	18 43	16 52	38 55	32 47	49 48	0 51	28 55	4 60	46 52	25 52	35 46	23 47	13 52	36 48
39 50	1 49	26 51	45 47	48 57	13 54	33 46	46 43	41 51	16 53	40 50	29 44	44 47	34 49	38 39	4 43	49 49	42 58	17 50	22 54	30 58	35 47	47 54	11 51	9 51	43 46	23 53	12 47	20 46	19 42	7 45	10 55	25 44	14 61	0 47	8 45	15 63	3 53	32 53	31 47	27 47	37 48	24 56	5 54	18 50	2 50	6 44	28 53	21 49	36 44
3 43	42 62	45 50	36 45	1 45	20 52	39 55	16 50	29 42	8 48	40 45	15 53	44 48	30 38	9 46	12 53	7 50	47 50	0 48	22 43	4 45	32 54	43 47	28 42	2 45	19 42	38 62	27 44	37 46	10 52	23 53	21 46	33 53	5 48	35 54	48 51	11 50	49 46	34 43	14 52	46 49	17 55	13 47	31 47	41 44	25 45	26 52	18 42	24 57	6 55
11 43	19 52	17 43	46 51	2 49	29 50	36 51	34 45	49 45	10 43	42 51	38 50	26 59	28 43	33 51	4 58	43 57	22 48	6 50	27 40	32 54	25 57	45 53	31 50	30 57	0 50	16 67	24 47	14 47	1 48	15 50	37 48	47 54	20 50	40 52	13 52	41 46	23 61	3 49	44 57	7 48	39 46	8 46	5 48	35 55	9 51	12 44	18 52	48 46	21 55
10 46	49 48	18 49	24 48	41 53	3 51	16 55	37 43	28 55	39 50	33 42	45 48	43 55	40 55	42 52	9 50	44 52	13 46	48 55	23 48	35 49	22 55	11 51	2 55	47 46	32 49	19 62	5 45	36 53	46 56	4 45	15 46	12 47	38 46	7 57	0 51	30 47	1 52	8 43	17 42	29 52	27 51	25 41	14 48	6 51	26 49	31 49	20 55	21 55	34 49
16 46	15 52	1 49	26 52	43 55	49 48	29 45	41 61	4 52	2 54	24 56	7 53	18 50	30 50	45 50	39 54	40 44	33 58	22 45	8 48	5 47	9 45	3 47	48 55	28 46	25 55	13 58	34 42	38 57	0 51	14 53	23 54	37 51	27 50	46 53	44 50	17 44	32 51	6 46	47 51	11 48	10 56	21 48	35 53	20 46	31 55	42 51	19 48	36 52	12 48
44 47	29 47	33 52	6 45	26 48	1 51	30 55	49 45	10 57	13 45	27 51	2 48	47 36	37 44	20 48	41 47	46 55	45 45	9 50	36 51	23 46	35 54	19 54	38 51	43 50	28 48	40 42	0 50	16 47	31 47	14 57	15 47	8 51	22 45	5 47	42 53	17 57	24 55	32 43	4 45	7 55	48 54	11 45	12 53	34 45	39 49	3 45	25 53	21 45	18 49
28 47	4 50	40 57	42 47	2 54	1 56	38 55	25 37	12 49	47 46	0 56	17 44	16 58	34 51	22 43	3 55	15 49	48 45	39 51	44 54	6 47	18 45	24 47	37 56	29 51	32 54	11 56	35 49	8 49	23 45	19 54	10 45	33 48	14 49	9 57	13 54	26 48	41 52	31 52	20 43	21 45	45 50	30 50	27 58	46 51	7 44	5 44	49 46	36 52	43 54
24 56	4 48	41 44	35 48	42 49	26 56	30 58	15 50	6 52	12 46	21 45	40 45	13 44	2 48	5 55	7 52	0 51	47 57	20 42	22 52	1 50	27 47	32 51	31 56	36 45	49 53	37 51	9 51	3 50	10 56	44 55	39 48	43 50	33 53	14 45	19 42	29 49	16 46	45 55	46 55	17 55	11 56	48 49	34 56	8 46	38 52	18 56	23 46	28 48	25 54
43 51	16 63	23 44	26 60	40 43	34 48	37 46	22 45	12 45	36 56	32 47	48 53	30 43	17 51	41 46	29 42	45 51	33 40	0 46	15 46	42 51	21 51	9 44	19 46	49 48	38 42	27 61	11 50	25 51	13 48	20 53	8 49	7 56	35 62	5 47	2 46	44 53	6 46	46 48	47 50	10 49	28 51	14 52	1 50	18 45	31 44	4 52	24 59	3 46	39 49
29 53	14 44	25 45	45 52	11 57	17 51	37 50	27 61	46 44	36 46	4 48	8 48	24 53	23 46	7 50	9 41	44 51	42 54	6 41	28 54	1 55	40 49	49 56	3 58	21 48	16 46	2 42	15 52	47 58	5 52	12 47	20 48	22 50	38 49	34 49	41 54	33 48	30 44	39 51	0 54	48 43	13 46	19 50	18 49	32 48	10 54	35 53	26 54	43 48	31 49
42 51	12 45	32 50	6 54	34 43	0 45	9 46	26 55	11 46	36 48	40 54	37 49	22 40	5 53	21 52	29 48	45 53	14 56	17 52	13 49	1 52	20 48	41 39	38 58	47 46	15 50	39 54	2 44	33 60	23 46	18 54	16 45	49 52	44 50	27 53	10 48	31 58	43 45	24 50	4 49	48 47	46 49	7 49	8 51	28 50	35 55	30 56	19 53	25 42	3 57
43 47	48 52	14 52	5 46	15 53	13 42	24 53	22 45	7 41	32 44	11 45	3 61	16 44	44 55	6 46	36 40	1 47	19 48	38 46	21 45	8 42	29 53	0 59	20 56	12 50	30 46	33 47	2 56	34 51	10 45	28 55	23 53	31 52	17 49	27 47	46 52	45 54	47 48	42 52	4 51	18 50	37 41	49 46	35 55	25 47	39 47	41 46	40 54	26 53	9 55
49 52	25 54	14 49	44 48	23 49	38 44	11 53	0 50	42 48	4 51	13 46	24 43	5 53	17 53	12 46	31 50	45 48	8 50	32 53	19 41	33 50	36 46	18 50	20 45	48 44	39 50	15 50	34 49	21 56	26 40	27 60	41 54	28 46	40 46	7 46	16 61	29 49	46 46	22 48	37 53	1 44	3 48	30 48	35 47	10 52	47 49	43 49	9 39	6 53	2 47
6 58	21 40	26 51	22 40	12 55	32 44	37 42	49 51	35 49	11 53	2 52	15 47	0 49	46 48	39 50	48 41	31 53	16 48	8 43	25 55	36 51	1 55	33 47	13 52	3 58	34 40	47 55	4 55	40 51	17 43	7 57	38 56	41 55	10 44	20 55	24 43	18 54	45 47	30 52	44 55	14 49	27 50	5 52	42 43	19 46	9 43	28 39	23 53	43 60	29 52
41 46	4 56	19 53	33 43	23 44	1 49	10 45	37 53	30 52	18 44	49 48	11 43	20 49	24 53	32 51	6 50	35 42	36 36	5 45	13 48	46 51	9 42	29 52	28 49	47 44	34 52	14 51	42 54	38 46	40 53	8 50	25 51	27 45	26 50	7 54	44 51	0 56	17 56	22 54	16 51	39 45	15 57	2 45	31 45	43 54	45 51	12 48	48 51	3 43	21 46
2 54	34 54	18 41	16 50	49 51	3 46	23 56	45 48	15 54	19 51	44 60	17 49	27 53	29 45	36 51	30 43	21 52	9 55	28 50	47 52	33 52	22 46	20 45	14 54	37 51	43 48	12 51	5 56	6 47	40 52	4 55	35 44	48 52	41 46	46 55	42 46	32 53	1 50	13 47	11 61	24 48	0 39	7 55	39 47	26 53	38 52	8 51	31 54	25 47	10 46
46 58	39 55	14 41	32 53	22 41	33 58	43 49	19 55	17 53	24 53	45 65	25 53	44 46	29 44	31 50	26 47	2 45	6 53	21 61	28 62	37 50	7 40	9 58	34 47	49 51	11 56	38 51	47 55	42 47	20 58	36 46	48 53	30 53	3 53	13 46	23 54	41 45	1 48	4 49	15 41	0 58	16 51	35 48	8 43	27 54	40 47	10 52	5 51	12 46	18 51
0 52	5 53	7 59	1 55	29 41	3 49	15 48	48 50	26 46	28 45	13 41	21 49	32 42	6 60	41 44	47 52	22 48	33 49	4 48	10 47	43 52	19 49	45 49	40 49	2 42	34 53	39 50	46 48	38 49	18 52	44 51	14 49	11 42	16 49	35 45	8 48	36 57	20 58	23 53	49 52	42 60	17 55	25 56	24 52	37 39	9 51	12 46	27 52	31 48	30 58
45 59	18 50	22 53	14 42	13 53	38 56	30 43	23 63	43 45	47 52	33 45	27 50	28 57	34 46	24 52	12 57	37 53	36 55	21 43	11 40	25 43	15 47	46 52	17 53	16 49	8 49	4 60	49 54	35 40	19 49	48 46	40 55	0 57	6 49	42 58	41 53	39 44	1 39	26 55	31 49	10 49	3 54	20 52	29 50	7 58	2 43	44 50	5 55	9 48	32 56
9 47	21 45	36 44	28 57	40 57	0 45	27 52	35 60	12 55	15 55	22 52	33 44	8 55	30 44	6 41	3 56	14 46	44 50	16 54	18 55	26 46	48 46	24 53	10 45	34 48	1 54	7 44	39 47	19 43	11 52	41 53	23 54	37 52	13 51	2 50	5 58	46 49	4 44	47 56	32 47	38 51	43 48	49 41	29 48	42 56	20 57	25 51	45 51	17 45	31 46
2 59	5 48	4 47	37 47	11 55	9 48	16 56	46 51	47 59	45 47	13 48	30 51	49 41	14 43	26 46	38 45	8 46	32 42	28 46	6 55	24 47	25 50	22 47	29 48	48 51	15 48	40 53	36 41	33 48	3 51	43 50	0 52	42 40	17 52	44 48	23 41	34 51	31 60	27 47	7 48	1 55	20 51	21 44	12 42	10 54	18 50	41 46	35 52	19 56	39 49
