15	100
76 4	24 1	46 2	50 3	53 1	77 2	61 1	2 6	19 4	12 3	59 8	20 1	25 2	41 1	83 1	90 1	32 2	17 2	84 1	73 6	67 1	48 1	66 3	88 1	49 1	57 4	58 3	68 2	1 1	16 3	60 1	43 1	34 3	72 2	91 1	82 3	7 1	80 3	79 1	38 6	86 1	52 1	36 1	99 1	37 2	26 1	98 1	64 3	47 1	27 1	29 2	93 3	44 1	62 1	89 2	33 4	15 3	87 1	5 1	11 3	74 6	56 1	10 3	3 1	23 2	13 2	9 4	0 1	28 3	21 1	31 5	75 1	14 5	42 3	6 6	78 1	54 1	8 3	40 3	35 1	71 3	70 1	63 1	69 7	95 2	45 1	92 2	22 1	30 5	18 1	97 3	65 4	94 1	96 2	51 1	55 2	4 2	81 3	39 1	85 2
2 2	37 2	62 1	75 3	84 1	18 1	68 2	17 3	50 1	41 1	34 2	63 1	76 6	26 3	21 2	11 4	35 1	19 3	74 2	97 2	96 2	45 4	65 4	61 2	95 1	79 1	9 1	31 5	93 2	4 4	20 1	67 2	77 1	49 4	28 7	46 1	92 1	29 1	48 2	78 1	83 1	66 2	98 2	52 5	71 3	57 7	3 3	64 1	40 5	80 1	85 4	14 5	90 2	59 3	5 3	47 1	88 1	33 2	27 2	69 1	42 3	25 2	81 3	12 1	32 1	56 10	44 1	22 2	58 1	7 2	0 1	16 1	53 1	1 2	30 1	60 1	99 3	94 1	54 2	38 5	87 1	86 2	72 1	91 1	24 1	23 1	15 2	55 1	39 3	89 5	73 2	10 3	70 1	13 2	36 4	8 1	6 1	51 1	43 1	82 1
83 3	74 1	19 3	38 1	35 1	13 1	86 1	51 3	73 2	53 2	76 1	4 1	72 2	85 1	44 3	20 3	45 1	2 3	42 1	5 2	26 3	6 2	22 1	36 4	7 3	93 3	78 3	8 3	47 4	80 1	71 1	66 2	59 2	37 2	31 1	25 1	40 1	39 1	1 1	33 2	67 1	27 1	96 1	11 2	75 1	55 2	52 1	91 1	90 1	28 1	30 1	63 3	84 1	15 1	56 2	88 2	87 1	34 1	41 1	17 1	12 1	23 4	9 1	60 1	18 1	16 2	3 2	54 2	70 1	49 1	77 2	89 1	92 1	46 2	50 2	65 1	95 2	69 1	79 2	64 2	57 1	43 2	10 2	81 1	14 3	98 1	29 3	61 1	68 3	62 1	32 4	21 2	99 2	0 2	97 3	82 1	48 2	24 1	94 2	58 1
61 1	98 1	45 2	88 5	27 6	19 1	13 3	14 1	46 1	33 1	89 1	41 5	25 1	26 1	93 1	68 1	1 1	70 2	30 2	11 1	8 5	20 2	21 1	24 1	51 1	32 2	42 1	76 1	47 1	94 2	64 1	5 2	0 3	10 3	77 5	31 3	90 1	62 1	15 3	17 1	59 3	12 3	72 1	86 1	92 1	36 6	73 1	80 2	7 5	34 3	87 3	55 4	69 1	66 1	35 3	16 1	40 1	71 1	54 2	85 1	22 2	97 1	9 1	83 6	38 3	43 7	4 1	56 1	53 1	57 2	95 4	39 1	58 1	82 1	75 3	44 1	63 1	60 3	79 1	29 4	74 2	99 6	78 2	23 2	37 1	28 2	49 1	52 1	96 2	50 4	18 1	65 1	2 1	67 3	84 3	3 3	91 1	6 2	81 4	48 10
4 2	16 4	41 1	54 1	83 2	72 1	1 1	8 1	33 2	80 1	74 1	17 1	87 1	63 1	75 4	70 1	36 4	78 1	21 2	66 1	92 1	35 2	57 4	12 1	59 1	31 1	29 3	88 5	90 3	10 2	25 2	47 1	96 1	76 3	55 2	46 1	6 1	20 4	61 2	86 2	58 1	53 3	73 2	38 1	91 1	9 5	64 2	45 1	51 1	42 7	94 1	3 2	98 2	56 1	44 2	81 2	27 3	28 2	15 1	37 2	40 1	69 2	26 1	89 2	84 3	34 1	14 1	67 1	2 2	11 1	39 1	22 1	19 2	62 1	82 1	85 3	7 1	48 1	99 3	77 2	60 1	24 2	18 1	13 1	68 3	32 1	0 3	23 1	5 2	30 1	43 1	79 3	52 1	50 1	65 2	95 2	71 1	93 3	97 4	49 5
91 2	7 1	83 2	32 1	0 2	60 2	55 1	76 3	86 2	98 1	38 2	30 2	13 1	69 1	61 1	64 1	62 1	27 4	6 1	50 1	74 3	53 1	92 2	12 1	71 1	29 2	73 1	75 1	18 2	87 1	82 2	68 1	9 2	21 1	8 1	24 1	58 2	17 1	89 3	88 3	36 1	42 3	93 1	2 3	78 2	35 1	67 1	5 2	33 3	26 2	23 1	49 1	96 2	66 1	3 1	80 1	99 3	34 1	56 2	77 2	85 1	84 1	31 1	51 1	10 2	15 2	70 3	46 2	16 1	47 2	95 1	44 7	72 1	57 1	39 2	41 1	79 1	25 4	94 2	52 1	63 2	40 1	19 2	48 1	97 1	90 3	81 1	37 2	43 3	4 1	11 2	54 2	28 1	45 2	14 1	1 4	65 1	59 1	22 4	20 3
13 3	4 1	96 2	79 5	32 1	59 1	81 1	62 2	11 1	18 1	97 1	82 1	14 3	33 1	80 2	31 2	64 6	65 2	75 10	6 1	29 4	34 1	51 5	1 1	58 1	30 1	86 2	89 1	87 1	25 3	91 3	98 2	85 4	70 2	52 1	68 1	73 1	15 1	0 2	53 3	61 1	41 1	72 4	56 1	38 2	48 3	16 3	83 1	55 1	60 1	76 1	42 1	7 1	95 1	67 4	71 1	39 1	44 1	12 1	5 3	24 5	69 1	49 7	23 1	26 2	46 1	35 1	57 1	47 1	17 1	66 4	88 1	9 1	78 1	74 1	22 2	92 1	36 1	99 1	94 2	63 2	19 2	8 4	50 1	77 1	43 1	2 1	3 2	28 1	27 2	20 1	21 1	93 5	40 1	84 1	90 1	37 1	10 2	45 2	54 1
89 2	49 1	37 2	31 1	24 2	2 1	97 1	88 2	61 1	71 2	48 1	80 3	3 2	36 1	65 2	87 1	14 2	68 1	53 1	20 2	0 1	38 1	39 3	75 1	22 1	9 3	41 3	84 2	99 1	45 2	5 1	77 1	73 4	42 2	17 2	76 2	82 2	79 1	13 2	74 1	86 1	96 2	81 2	52 2	32 1	28 4	44 1	85 1	93 7	56 2	67 4	12 1	95 1	40 1	1 2	47 4	25 1	78 2	6 1	19 2	50 1	11 3	64 1	55 1	62 2	26 2	8 1	98 4	4 1	90 1	70 1	58 1	72 3	18 7	43 1	59 1	7 1	51 1	15 3	21 1	83 2	94 1	27 2	92 3	16 1	23 1	30 2	29 1	35 1	10 1	69 1	54 2	60 1	33 1	46 1	57 2	91 2	34 2	66 2	63 6
78 2	92 2	82 1	19 1	26 4	58 4	96 1	76 2	70 1	50 3	43 1	60 1	94 2	27 1	97 2	99 1	79 1	15 1	13 1	81 3	72 2	65 3	64 1	87 2	68 3	57 4	46 1	31 1	20 3	9 1	34 5	35 1	53 1	88 1	10 2	73 1	8 3	48 2	89 2	52 2	40 5	2 1	32 1	44 5	16 1	14 1	56 2	84 5	93 3	95 3	21 3	47 4	33 2	98 1	1 1	42 1	11 2	86 1	54 1	12 1	63 2	59 1	23 2	30 2	71 1	36 1	37 1	61 2	4 1	45 1	29 2	62 1	85 2	25 5	55 3	18 1	0 3	39 2	49 2	69 2	7 2	80 1	17 2	51 1	67 1	66 1	83 2	91 1	75 1	74 1	41 4	5 1	6 1	22 4	28 2	77 2	3 1	38 5	24 1	90 6
45 1	98 1	71 2	2 1	29 1	30 1	91 1	22 1	85 2	3 1	28 2	35 4	79 1	27 1	5 4	6 2	4 1	87 2	68 1	80 2	97 1	8 1	24 1	49 1	48 3	37 2	93 5	70 1	12 1	21 1	53 1	34 2	58 8	96 1	38 3	60 1	65 1	75 5	64 1	54 2	89 2	14 1	82 5	23 2	56 1	77 6	67 4	92 2	86 4	26 1	78 1	46 2	90 2	55 3	15 1	0 1	44 1	10 1	18 1	19 1	13 1	9 2	72 1	59 2	16 3	31 1	74 3	62 1	50 2	95 1	88 2	73 2	51 1	42 1	32 1	66 3	83 1	43 4	99 1	84 4	47 1	39 4	17 2	7 1	20 5	63 4	33 1	25 1	40 1	61 1	76 3	69 1	57 2	94 1	11 2	36 1	52 3	41 4	1 1	81 1
35 1	6 3	16 1	78 1	69 1	17 2	19 2	97 4	28 1	88 2	15 3	64 3	5 2	83 1	38 1	56 1	84 1	96 1	53 5	3 5	85 3	24 2	52 2	62 1	50 3	40 1	12 5	59 2	81 1	72 1	54 1	61 1	82 9	74 1	46 1	41 2	29 1	8 1	22 1	86 1	45 2	33 1	91 1	58 1	32 1	71 2	20 2	44 4	4 5	13 1	27 1	73 3	43 1	79 1	98 1	80 1	65 2	70 2	77 1	34 3	37 1	23 5	57 2	25 2	89 2	7 1	76 1	31 5	48 3	9 1	66 1	93 4	14 1	49 3	94 1	26 2	90 1	36 4	60 1	0 1	39 1	68 3	11 4	55 1	87 1	67 3	30 1	42 1	21 1	18 1	63 1	99 3	2 1	1 2	51 1	47 1	92 2	10 5	95 1	75 1
21 1	77 1	96 1	41 1	1 2	95 2	65 1	97 3	60 3	84 1	18 2	53 1	34 2	64 1	57 1	40 4	86 1	13 2	72 1	62 1	73 6	59 1	6 3	66 1	56 1	7 1	4 1	3 1	87 1	67 2	70 10	76 1	35 2	11 2	52 2	39 1	25 1	32 4	17 1	29 1	22 2	49 3	92 1	85 1	45 1	75 1	26 1	30 1	83 1	93 1	89 1	10 1	58 1	28 1	90 1	82 2	51 4	42 3	19 2	69 5	79 2	43 1	0 1	2 5	91 5	78 2	47 2	55 1	54 1	33 1	50 1	48 1	74 3	23 1	16 2	44 1	88 3	99 1	81 2	27 3	9 1	71 4	12 2	31 1	37 1	94 1	8 1	80 1	46 1	68 2	36 1	38 2	98 2	15 2	5 2	24 4	20 7	63 4	61 2	14 1
51 1	65 1	21 2	27 1	93 3	78 2	24 1	25 1	44 1	28 1	94 4	30 2	76 1	0 2	16 2	36 1	29 1	6 1	54 1	52 1	39 2	2 2	49 1	13 2	17 1	5 3	42 1	95 1	81 1	64 1	80 1	12 1	31 1	18 4	53 1	1 4	33 2	45 2	72 1	73 2	75 2	15 4	48 1	37 1	77 1	96 1	7 5	14 1	83 2	41 5	74 1	91 5	35 4	55 1	97 1	68 1	69 3	26 1	85 2	82 1	67 1	62 3	60 2	10 1	70 4	90 3	61 1	20 1	63 2	84 2	11 3	46 1	79 1	38 3	88 2	58 1	57 1	4 2	99 1	23 1	3 1	8 1	40 2	66 1	43 1	86 3	59 1	9 2	50 1	34 2	71 2	98 2	56 6	22 4	19 1	87 2	92 2	89 1	32 1	47 4
5 1	62 2	59 4	97 2	38 4	9 1	92 2	57 1	40 2	95 1	90 1	63 2	13 1	11 1	48 2	77 1	85 1	49 1	20 2	80 2	32 1	2 4	60 1	68 2	72 2	94 3	35 2	53 1	30 2	98 2	99 2	43 1	89 2	52 1	54 1	14 2	56 1	47 2	86 1	21 2	66 2	96 4	79 1	17 3	24 1	26 1	36 3	67 1	34 3	55 1	70 6	37 3	74 3	16 3	0 3	88 1	31 2	82 2	18 1	7 2	25 1	93 2	29 3	78 1	45 1	50 2	91 2	65 1	42 2	51 1	19 1	15 1	71 2	84 2	61 5	3 1	46 5	4 1	83 3	75 1	33 1	64 2	81 2	8 1	12 3	10 1	23 1	1 6	41 1	69 1	58 2	87 2	27 1	44 3	6 2	28 2	73 6	76 2	39 6	22 4
33 2	15 1	81 1	47 1	0 1	14 3	7 2	36 1	80 2	24 2	60 1	11 1	86 2	90 4	40 1	57 1	59 1	8 1	48 3	54 2	29 2	70 1	92 3	17 1	27 5	76 3	93 1	23 1	71 1	89 2	58 4	94 1	20 1	66 1	30 1	37 1	45 3	69 3	73 1	99 1	97 2	18 5	1 3	42 2	49 1	32 2	78 1	83 1	64 2	63 2	22 1	4 2	88 1	9 3	3 4	61 2	28 3	95 3	79 1	38 6	72 2	91 1	65 2	12 1	68 3	67 1	13 1	51 4	77 6	84 1	19 1	74 1	31 1	98 1	43 1	16 2	5 1	82 1	21 5	75 1	52 1	53 1	87 1	39 2	35 1	56 1	41 3	6 2	25 3	46 2	55 3	62 5	96 1	50 2	10 1	34 3	26 3	2 1	85 1	44 2
