30	90
0 1	10 1	64 1	79 1	37 2	29 1	27 1	62 1	14 1	77 3	31 2	32 1	85 1	41 4	19 3	15 5	38 1	4 2	22 1	53 1	63 1	6 1	60 2	71 1	74 3	59 2	7 1	23 1	33 1	12 1	83 2	87 3	84 2	8 1	25 6	36 4	75 1	26 1	56 2	61 3	89 2	88 1	47 2	3 7	80 1	30 2	52 2	11 1	70 2	24 5	58 2	17 1	9 1	18 4	57 1	46 1	34 1	1 2	66 1	13 1	67 1	73 2	49 3	16 3	76 1	44 1	55 1	81 2	35 1	82 2	54 3	68 1	21 3	78 2	65 3	50 3	2 1	45 1	51 1	39 2	5 1	48 2	86 3	28 2	42 3	72 3	43 1	40 1	69 7	20 1
60 1	31 1	67 1	86 3	7 1	76 3	9 1	0 3	6 1	2 1	16 1	13 1	23 1	73 1	4 1	57 1	54 1	42 3	41 2	80 1	32 3	59 2	79 1	63 6	37 1	3 1	12 1	25 1	15 2	24 2	55 1	71 1	83 4	33 1	64 2	28 3	78 1	56 2	85 2	50 5	10 2	77 2	43 1	35 1	5 5	44 1	47 1	89 1	8 1	58 1	87 3	65 1	74 1	88 1	1 2	29 1	18 1	61 1	17 3	14 3	69 3	51 1	70 1	75 1	27 3	36 1	45 6	53 2	19 3	22 1	48 5	68 1	39 1	40 1	62 4	20 1	26 3	81 4	21 1	49 1	34 1	38 1	52 2	11 1	30 2	72 2	84 4	46 3	66 2	82 2
83 2	69 1	75 1	55 2	27 4	4 2	18 1	52 4	57 1	88 1	84 1	34 4	74 1	45 3	67 1	72 5	86 1	58 2	62 2	41 1	31 2	44 3	39 5	36 4	82 1	59 1	51 1	12 1	80 2	32 1	29 3	66 6	30 1	7 4	25 1	61 2	47 3	24 1	3 3	11 5	43 2	5 2	6 2	15 2	85 1	76 5	63 1	26 1	48 1	81 1	42 1	73 2	16 3	23 1	9 1	77 3	87 1	38 2	33 1	71 2	0 2	17 3	56 3	68 1	19 1	53 1	20 1	78 1	21 1	79 1	35 1	46 1	89 1	70 3	22 4	2 1	40 2	65 2	13 1	49 1	60 2	14 2	28 2	37 1	10 2	54 1	64 3	50 1	8 1	1 1
84 2	36 1	45 2	63 2	19 1	79 1	10 3	38 2	64 1	17 1	13 2	66 1	68 3	49 2	12 1	44 2	28 4	51 1	31 2	21 3	70 1	0 4	58 2	24 1	40 1	48 4	50 1	71 2	14 1	86 1	41 1	27 1	56 1	25 2	20 1	74 2	76 1	4 1	42 1	89 2	57 3	1 1	3 2	72 2	16 1	67 6	73 1	15 2	26 6	34 1	11 2	52 3	18 1	53 3	65 2	59 3	29 1	35 2	7 2	2 5	5 1	60 1	55 1	46 1	88 1	75 2	87 9	54 3	33 3	22 4	43 4	69 1	8 1	61 1	80 1	6 1	32 1	81 2	77 1	39 2	37 1	23 2	47 5	83 1	30 1	85 2	82 3	9 1	78 5	62 1
26 3	75 1	14 1	40 1	45 4	31 1	47 3	84 1	6 2	35 1	33 1	52 2	36 1	87 1	38 1	24 1	25 1	86 2	62 1	83 1	32 1	37 3	67 2	21 1	79 3	15 2	53 2	68 1	29 4	44 4	5 1	50 5	80 1	30 1	74 1	2 1	19 2	89 6	34 1	12 2	10 1	27 2	46 1	71 1	13 2	3 1	23 2	65 3	58 1	16 2	0 2	43 1	61 5	42 1	49 4	64 2	17 1	22 2	39 2	85 1	77 1	63 1	28 3	18 1	4 2	70 2	56 2	60 4	51 1	69 2	48 3	82 3	8 2	1 1	88 3	76 2	57 2	7 1	54 3	20 3	66 1	78 1	11 7	72 1	81 2	73 1	55 1	9 7	41 2	59 1
67 3	25 2	10 4	59 4	26 4	16 2	35 1	30 2	6 1	15 2	13 1	85 6	76 1	54 1	5 1	4 2	38 2	63 1	78 4	31 4	33 1	51 2	73 4	8 4	11 2	7 3	45 3	42 1	2 2	83 2	84 1	66 1	36 1	80 6	46 2	61 1	34 7	52 6	41 1	3 1	37 1	55 1	60 1	40 1	86 1	69 1	64 2	47 1	19 2	62 2	21 1	89 4	39 2	70 1	22 3	79 1	29 4	44 1	75 1	48 3	50 1	32 1	18 1	72 1	17 1	56 4	74 1	68 1	23 1	1 2	87 2	20 2	81 2	65 2	28 1	58 1	82 1	0 1	88 1	77 1	57 1	14 1	53 1	12 1	43 3	71 1	49 5	27 5	9 1	24 3
67 8	46 1	12 1	7 1	1 1	42 1	87 6	16 2	83 1	61 1	8 3	62 1	32 3	80 2	86 4	64 1	69 1	38 2	74 1	23 2	37 5	52 1	84 2	82 1	81 1	47 1	29 1	30 2	77 2	88 1	65 3	43 1	68 1	25 1	34 3	40 1	18 2	76 4	3 1	36 2	78 3	24 2	22 3	89 1	35 2	27 1	70 2	72 1	5 3	0 1	44 1	79 1	51 4	58 4	13 1	55 2	2 1	57 3	85 4	56 3	49 1	10 1	28 1	48 1	59 2	33 1	15 1	41 3	19 1	14 3	75 3	71 5	4 1	17 4	39 1	45 1	73 2	60 2	50 2	66 1	31 3	11 2	53 1	54 1	26 3	63 2	6 2	20 6	21 2	9 1
88 1	36 1	18 1	29 1	13 1	28 2	59 2	2 4	27 1	31 2	80 1	74 1	79 4	38 2	61 3	62 1	21 1	85 4	44 1	51 1	78 2	3 3	82 1	57 1	83 2	52 2	4 1	84 2	24 2	76 2	19 1	56 1	35 1	22 1	33 3	49 1	60 6	9 1	7 1	5 6	34 2	14 1	66 2	69 1	55 2	47 1	37 2	0 1	30 1	71 2	25 4	12 2	39 1	15 1	17 2	67 3	1 1	73 1	10 1	40 2	46 1	11 2	42 1	48 4	63 3	8 1	53 3	75 2	77 1	26 2	65 1	32 1	23 1	20 1	86 1	45 2	89 1	87 1	70 3	41 1	6 1	58 3	16 3	54 1	64 2	81 2	43 3	72 6	50 1	68 3
46 2	23 3	79 4	72 2	5 1	17 1	32 1	73 3	31 1	81 4	83 2	41 5	70 2	1 6	57 4	37 1	13 1	34 1	14 4	18 4	59 3	42 1	80 3	39 1	58 1	28 1	84 4	29 1	4 1	56 1	38 1	45 2	16 1	0 3	24 1	33 1	51 2	11 2	77 1	12 2	25 1	8 1	22 3	6 2	9 1	87 4	7 1	20 1	60 2	82 1	50 4	55 1	54 2	47 1	63 2	26 2	3 3	2 1	86 2	74 1	19 3	48 3	89 4	85 1	36 1	65 5	76 2	71 1	10 2	78 1	67 1	75 4	53 1	52 1	30 1	35 1	69 3	66 7	49 1	64 1	62 2	27 1	43 1	21 1	68 2	44 1	15 1	88 2	40 4	61 1
11 5	57 2	15 1	54 1	86 2	66 2	73 1	82 1	61 3	9 1	80 1	27 2	69 4	10 1	71 2	50 1	75 1	3 3	87 2	84 1	72 2	63 1	46 1	14 2	51 3	35 3	56 1	77 1	79 4	67 1	5 1	48 1	19 1	58 2	30 1	23 8	85 1	41 3	37 3	1 1	74 3	21 1	25 2	7 1	28 1	53 5	13 5	31 1	32 2	59 4	52 1	43 3	36 1	78 2	6 2	44 3	76 2	17 5	12 3	39 1	20 1	40 1	18 1	34 1	64 5	62 4	49 3	8 4	65 1	83 2	16 3	0 2	42 2	38 1	26 1	89 2	68 1	88 1	55 1	24 1	60 1	47 1	70 3	29 2	45 1	4 4	2 5	22 1	81 1	33 2
4 1	12 1	64 2	46 1	18 1	29 3	26 6	8 3	11 1	16 4	15 1	76 1	67 3	39 3	78 1	63 1	49 1	28 1	75 1	0 1	36 3	70 2	20 2	40 1	22 2	32 3	6 1	72 1	17 1	45 1	43 1	14 1	21 2	54 1	53 1	1 1	69 2	35 1	25 4	77 4	66 3	38 1	31 1	52 5	85 1	7 1	82 1	51 1	59 5	79 1	87 1	84 1	5 2	62 1	2 4	23 3	9 1	55 3	48 4	83 3	13 1	24 3	88 1	86 2	3 4	19 1	73 2	41 1	44 1	89 2	74 2	61 1	42 2	10 1	56 2	58 5	60 4	68 1	33 1	37 2	27 1	50 2	57 2	30 2	65 2	71 5	34 3	80 1	47 2	81 6
16 1	28 1	21 1	29 1	11 2	40 1	67 3	14 9	58 2	3 3	75 2	12 3	61 1	46 1	30 2	88 2	9 1	5 3	51 1	49 2	42 2	27 1	79 1	68 1	2 2	87 1	0 4	10 2	52 5	63 7	15 1	80 1	17 1	25 2	18 1	83 7	55 5	64 1	33 2	71 4	36 2	59 3	32 2	50 1	37 3	72 1	8 2	24 4	78 1	77 1	65 4	1 4	47 1	41 2	31 5	57 1	39 4	85 3	60 1	84 1	66 1	35 1	48 1	70 1	81 1	86 1	38 1	74 1	6 5	54 1	4 2	26 5	20 1	19 3	13 1	7 2	45 2	44 3	23 1	76 5	89 2	22 1	73 1	34 1	53 4	82 2	43 3	69 4	62 1	56 2
39 2	87 2	23 1	4 1	34 1	84 1	11 3	41 3	38 1	22 1	31 4	74 1	25 2	8 3	77 2	28 5	48 6	7 1	35 2	36 2	3 2	0 1	21 2	55 5	63 1	83 3	2 4	60 1	43 2	59 1	29 1	56 1	12 1	72 2	66 3	26 2	24 4	85 1	9 2	88 3	58 1	51 1	71 2	73 2	89 2	17 1	50 3	70 1	19 1	81 1	62 2	46 2	76 1	64 1	15 4	1 1	40 1	82 2	47 1	52 2	45 1	13 2	78 2	30 1	54 2	37 3	20 1	49 1	6 1	68 2	27 3	42 4	5 1	86 1	18 1	61 1	14 1	33 1	32 1	10 1	57 3	44 2	75 2	53 3	16 1	79 1	65 1	69 1	80 2	67 2
87 1	55 5	14 5	45 1	77 2	71 1	24 4	40 2	44 2	4 1	66 2	18 2	23 2	50 1	7 1	69 7	15 1	68 3	13 1	36 2	31 3	81 1	79 1	80 1	59 1	85 2	76 5	5 1	58 3	43 1	35 5	65 1	8 1	1 1	88 5	52 1	89 1	47 2	82 1	32 2	25 1	78 1	28 1	83 1	11 1	27 1	26 1	57 1	42 2	33 1	56 2	70 2	6 1	17 3	49 4	48 2	67 3	0 1	9 2	54 3	62 1	75 1	29 1	12 2	38 2	73 3	16 1	63 1	64 3	34 2	46 2	30 1	3 1	60 1	53 2	72 1	37 1	19 4	51 1	74 1	21 2	61 1	41 1	22 8	10 2	86 2	39 1	84 1	2 3	20 3
32 2	20 1	13 2	54 4	38 1	44 3	59 2	62 2	64 1	0 1	33 1	81 1	28 2	14 1	39 1	56 2	76 2	68 1	70 4	72 1	75 2	15 2	48 1	23 1	6 3	63 3	30 2	43 1	49 2	52 3	86 5	8 1	22 1	1 1	26 1	45 2	87 2	7 1	34 1	10 1	3 1	61 1	85 1	41 1	66 5	35 3	47 2	46 3	71 1	67 2	58 1	24 1	29 1	2 2	36 1	12 1	42 1	40 1	16 1	74 1	11 2	77 1	88 2	5 2	31 3	69 1	78 2	4 2	25 2	18 3	79 1	51 1	27 3	73 1	19 1	89 1	53 1	83 2	17 1	50 1	21 2	84 2	57 2	65 1	55 5	82 1	9 1	37 1	80 2	60 9
36 2	28 1	2 3	27 3	1 4	29 2	34 1	65 1	74 2	17 1	30 1	38 1	25 1	37 3	15 1	82 1	58 3	19 1	84 1	24 3	70 3	66 1	13 4	10 5	64 1	35 1	20 2	31 1	49 2	72 1	89 1	21 3	18 1	55 4	57 3	53 3	0 1	76 1	85 3	46 2	67 1	47 1	51 4	88 1	42 1	40 3	62 1	8 1	9 1	50 3	68 2	63 2	83 1	61 3	26 1	7 2	52 3	80 3	23 1	75 7	14 1	86 1	87 3	79 2	12 1	5 1	69 1	41 2	43 2	22 1	44 2	56 2	73 1	6 4	48 2	4 1	32 2	59 2	81 5	16 2	60 7	77 5	39 2	11 1	78 2	33 3	54 1	3 3	45 2	71 1
85 1	44 1	41 2	38 1	13 1	15 3	12 1	89 1	24 1	33 2	45 3	47 1	69 3	81 1	19 1	82 3	7 4	88 2	8 1	10 2	30 1	86 2	28 1	32 1	5 4	49 1	75 3	2 1	6 4	9 3	35 3	21 4	79 1	40 1	17 2	61 1	26 1	74 2	87 1	65 1	18 1	71 1	23 3	64 1	54 1	78 3	36 1	34 1	63 1	80 5	83 1	68 1	53 4	16 1	37 1	43 1	73 1	72 1	66 1	67 4	60 2	0 1	42 3	20 5	58 3	25 1	76 1	50 1	1 2	39 2	55 1	51 3	56 3	52 1	29 1	77 1	11 1	46 1	62 3	4 1	70 1	14 1	57 5	3 2	27 6	31 1	48 2	22 4	59 1	84 3
46 2	20 1	47 1	25 1	19 1	37 2	21 1	68 2	71 1	50 1	70 1	72 3	8 1	66 1	40 10	82 2	65 3	28 4	34 1	58 1	0 1	27 1	55 2	18 4	6 2	44 2	32 1	56 4	24 1	83 1	29 1	7 1	69 2	36 2	73 3	74 5	49 2	10 1	41 5	87 3	1 1	57 1	31 1	77 3	48 1	30 6	15 2	9 1	26 1	88 2	64 2	23 1	14 1	42 2	89 1	63 2	61 1	22 3	62 2	52 4	84 2	80 2	35 6	33 1	54 1	45 2	2 2	78 2	76 1	39 3	59 1	51 2	4 1	13 1	38 1	60 3	5 1	11 1	16 1	17 1	85 1	81 1	3 2	67 5	12 1	75 4	86 1	79 1	53 2	43 1
85 1	19 1	24 1	0 2	48 1	9 4	82 2	73 1	62 3	6 1	34 1	2 1	63 1	51 3	10 3	8 2	45 2	84 1	36 1	74 3	70 7	12 2	11 2	35 3	57 5	38 1	1 1	39 1	7 1	58 1	78 2	55 1	61 4	67 1	29 4	52 2	76 1	44 5	31 1	37 1	89 4	86 2	26 4	50 1	40 1	21 1	69 4	56 2	54 1	22 1	65 3	41 1	32 2	27 3	18 3	80 1	42 3	23 4	16 3	25 3	87 1	72 2	88 1	30 1	33 2	75 1	71 1	13 1	47 6	5 5	68 1	79 1	66 2	49 3	4 1	59 2	81 1	17 1	20 1	60 1	77 3	14 1	43 3	53 1	46 1	15 7	64 1	83 1	28 2	3 2
34 3	69 2	33 1	41 2	50 1	13 4	63 1	7 2	38 1	14 2	66 1	85 3	65 1	82 1	80 3	52 4	76 3	46 1	37 1	29 2	51 2	56 1	35 2	10 1	6 2	83 2	73 1	57 1	24 3	61 1	1 2	8 2	55 1	15 1	31 4	71 1	75 1	27 1	58 1	48 2	68 4	42 3	81 1	49 2	12 1	59 2	40 1	16 4	39 2	72 3	70 1	36 1	78 1	60 1	86 4	28 1	25 5	26 4	9 1	43 1	79 10	89 1	2 2	23 2	53 2	67 5	11 1	47 2	17 5	45 1	84 1	32 4	19 2	4 3	77 1	88 1	5 1	30 1	21 3	3 4	87 1	22 2	74 2	20 1	0 4	62 1	44 2	64 1	54 2	18 1
51 1	85 2	25 1	14 5	21 5	1 2	6 4	83 2	84 1	66 1	16 1	46 1	42 1	62 2	36 1	73 1	43 1	80 1	8 1	37 1	3 1	5 1	87 4	65 2	72 1	88 2	30 4	50 2	69 1	68 2	56 3	76 4	28 1	55 3	9 1	27 1	12 2	71 3	29 3	38 1	40 1	52 1	32 1	67 1	4 3	11 2	31 2	35 5	64 2	75 1	7 2	48 2	89 1	15 2	82 1	26 1	10 1	19 1	2 3	63 1	22 1	13 1	70 2	57 1	17 5	41 1	79 2	47 1	18 1	54 1	33 2	58 1	44 3	45 1	53 6	86 1	49 3	24 1	20 1	74 1	78 1	0 1	39 2	60 3	34 1	59 3	81 1	77 1	61 2	23 2
65 4	79 1	64 1	18 4	3 3	53 3	63 3	10 3	87 6	14 1	0 3	8 2	76 1	2 3	70 2	74 1	41 1	59 1	60 1	11 2	85 5	32 1	44 2	31 2	39 2	73 2	69 1	12 3	57 1	37 1	22 3	58 6	42 2	5 2	75 1	80 6	20 1	29 1	45 1	82 6	78 2	19 1	40 1	86 2	34 2	81 3	25 7	43 2	55 1	61 1	26 2	67 1	66 1	6 3	33 1	84 1	50 3	16 3	23 1	1 4	35 2	62 2	47 1	7 2	9 4	71 1	77 1	21 4	83 3	88 2	36 2	13 1	52 4	15 2	49 1	46 2	68 1	38 5	27 1	89 1	24 2	28 1	72 1	56 2	51 1	30 1	4 2	54 1	48 1	17 2
19 1	54 1	57 2	83 1	82 4	79 1	59 2	20 1	26 3	14 1	33 2	8 2	63 1	43 1	31 1	65 1	3 3	48 3	15 2	34 2	80 3	23 4	81 2	28 3	11 3	62 2	71 1	84 1	30 4	38 1	12 1	32 2	70 1	37 1	86 4	52 2	68 1	55 2	56 3	10 4	45 2	66 2	53 3	51 2	29 3	5 4	42 1	9 4	36 1	2 5	41 2	27 1	6 2	18 3	39 5	16 3	64 2	44 1	77 2	88 1	58 2	87 2	40 2	61 5	78 1	49 1	72 1	60 3	46 3	22 2	85 1	25 3	7 1	69 3	13 1	50 1	4 2	35 3	17 2	73 2	89 1	75 1	76 1	24 1	47 2	21 2	74 1	67 1	0 2	1 2
9 4	17 1	43 4	49 2	76 1	60 1	30 3	89 5	61 1	19 2	81 1	20 1	62 3	22 3	44 4	83 1	71 3	50 1	18 1	87 1	45 1	47 1	26 2	2 4	36 2	66 1	67 2	77 1	23 1	32 7	38 1	29 1	72 1	37 1	69 1	86 1	6 3	52 3	42 4	84 6	1 2	39 1	3 3	53 1	12 2	79 1	57 3	75 4	68 6	13 1	80 3	54 1	15 2	74 1	58 3	65 2	21 10	55 1	51 1	41 6	48 1	11 1	14 1	59 1	63 3	27 1	7 2	8 1	16 3	28 1	70 2	40 1	33 1	73 2	88 1	35 1	34 1	82 2	10 1	4 1	5 1	64 2	85 3	25 1	46 1	31 1	56 2	0 1	78 2	24 2
53 3	43 5	5 2	64 1	62 1	78 3	22 1	13 1	80 1	29 2	58 4	30 1	84 1	66 1	34 2	52 2	31 1	47 5	38 2	70 1	49 1	81 1	41 2	71 1	26 1	59 1	21 2	44 1	86 1	23 7	20 3	63 1	83 1	85 3	87 1	18 1	32 2	36 2	40 1	67 4	17 1	27 1	74 2	77 2	68 1	14 1	54 1	1 3	35 1	10 1	69 3	61 1	39 2	16 2	46 4	89 2	79 3	6 2	7 4	73 3	33 1	24 1	9 1	12 1	19 1	55 2	11 2	28 5	45 1	51 1	4 1	3 2	76 3	0 1	57 1	15 2	50 2	72 1	60 3	56 3	75 1	37 2	25 3	2 1	65 3	88 2	48 2	8 2	42 4	82 4
7 1	13 1	35 1	54 1	84 1	6 3	20 1	88 2	80 1	79 1	89 2	78 1	43 1	22 2	53 1	47 2	65 1	87 1	71 2	23 1	40 1	18 2	60 1	62 3	37 1	17 6	1 2	39 1	8 2	3 1	19 2	48 1	58 7	63 1	27 1	61 2	77 1	69 1	85 2	34 3	86 4	52 5	0 1	66 2	42 4	11 1	30 3	32 1	28 1	67 3	55 2	44 4	41 3	29 1	83 1	31 1	33 1	21 2	36 1	38 1	75 1	9 8	14 2	56 2	72 2	59 1	24 3	51 1	76 1	73 3	74 1	68 3	4 1	26 1	45 3	82 2	5 2	10 2	64 2	49 2	12 1	16 1	46 2	2 1	15 2	81 1	25 2	57 3	50 2	70 1
55 4	72 1	44 1	2 7	52 1	3 1	50 1	15 4	18 1	68 1	30 2	53 1	87 1	61 1	59 1	63 3	41 1	35 4	40 1	67 1	51 2	48 2	84 3	54 1	10 1	25 2	83 2	34 3	45 6	31 1	88 2	77 5	32 2	81 3	79 2	13 1	89 3	42 3	27 1	26 1	78 1	17 1	19 2	71 2	20 7	64 1	8 2	69 2	60 1	47 5	65 3	5 1	21 2	1 2	85 1	12 1	73 1	76 1	28 1	29 1	86 4	82 2	23 1	16 3	14 4	58 1	24 2	80 1	9 3	39 1	74 1	46 2	11 2	57 1	22 2	6 2	70 1	4 2	0 1	7 1	62 1	38 3	49 1	75 2	66 2	36 1	33 2	43 1	37 1	56 1
75 3	15 2	33 1	11 2	42 2	23 1	22 1	66 1	48 2	29 5	71 3	4 1	39 7	55 1	9 1	74 3	70 1	5 1	56 2	18 1	35 1	54 1	78 1	43 1	87 2	59 1	46 3	61 1	13 1	45 4	57 3	69 9	2 1	16 3	30 3	80 7	86 1	21 2	72 3	84 2	34 1	65 2	83 2	79 5	19 3	60 1	73 4	24 1	49 2	67 3	26 1	51 1	76 1	62 2	32 2	52 1	85 1	7 2	44 1	38 1	3 2	14 2	53 2	40 2	41 2	17 4	28 1	20 6	47 1	6 5	0 1	64 2	12 1	81 2	89 3	68 1	82 1	8 1	63 1	88 2	50 1	36 1	1 1	58 2	77 1	10 2	25 1	31 4	37 2	27 1
52 1	58 3	30 2	63 1	89 1	15 1	37 2	83 1	2 2	57 1	51 2	62 4	60 2	65 1	3 2	81 4	59 1	73 1	56 1	35 3	25 1	28 1	82 2	13 1	69 5	66 2	21 3	67 2	45 1	47 3	24 3	84 1	50 1	43 2	44 2	16 2	74 2	1 1	68 1	48 2	85 1	76 2	39 1	49 4	61 2	55 4	75 5	10 2	14 7	80 5	22 1	54 3	32 2	8 2	72 1	64 1	71 2	11 5	77 1	29 7	70 3	87 2	88 1	20 1	4 1	33 3	38 3	79 8	5 2	7 1	18 1	34 1	12 1	19 2	46 2	17 1	26 4	78 2	6 1	36 1	27 10	40 1	31 1	0 2	86 3	53 4	23 1	41 1	42 1	9 1
21 2	74 1	14 1	56 7	88 3	1 2	60 3	66 1	42 1	70 2	76 2	30 1	62 1	49 1	89 1	67 2	39 1	46 1	27 2	65 4	28 1	63 1	35 6	15 2	53 1	45 7	25 1	29 1	47 3	4 2	59 1	84 1	26 5	54 3	9 1	8 1	75 2	37 1	32 1	80 2	55 3	33 2	3 1	79 8	48 2	83 1	72 1	17 2	61 2	7 1	22 3	23 1	19 2	71 1	10 4	2 1	43 1	44 2	36 4	11 2	64 1	6 3	57 1	68 2	69 1	77 1	40 1	52 3	78 3	50 3	12 3	20 3	81 1	58 1	51 3	73 1	5 2	0 2	87 3	82 3	85 1	31 1	86 3	16 4	41 1	24 2	13 1	38 1	34 1	18 6
