80	100
16 47	35 57	72 42	75 42	68 41	92 52	85 60	4 50	8 53	50 46	31 48	57 52	70 56	71 46	76 48	78 41	33 47	43 49	60 50	29 51	58 50	22 54	47 58	0 52	52 57	19 55	74 46	54 50	13 50	18 36	88 44	77 48	87 48	98 49	69 55	73 47	79 53	5 55	37 55	32 47	56 58	25 43	62 51	81 55	39 49	80 38	46 51	93 55	53 48	94 54	67 50	3 48	82 47	36 48	15 55	45 61	1 50	17 61	11 51	20 51	86 57	48 55	12 43	42 52	99 50	27 47	51 54	41 49	65 47	30 57	7 53	63 44	96 50	40 43	23 51	66 50	55 45	64 48	97 41	21 53	61 51	91 50	59 47	95 51	90 48	89 52	6 52	44 46	10 57	26 47	28 48	14 50	84 54	49 41	24 47	2 49	34 59	9 50	83 44	38 45
52 42	55 55	96 49	59 43	74 44	50 55	37 48	65 48	67 47	14 56	62 51	17 57	43 51	68 49	12 54	51 47	3 50	79 56	66 54	15 55	13 48	87 54	8 58	75 42	71 45	2 61	57 42	81 43	72 50	23 55	46 55	61 50	18 44	9 53	95 54	5 48	90 49	94 51	29 49	93 49	19 50	24 49	33 50	64 45	91 51	42 54	40 53	34 48	63 42	80 42	98 44	69 42	7 51	30 55	70 49	38 48	73 61	99 53	36 47	89 47	56 46	53 55	58 58	6 51	27 36	1 56	54 39	88 48	35 53	76 53	77 56	25 50	47 53	78 50	83 55	86 51	26 46	32 52	20 41	21 49	31 64	28 45	44 43	39 57	16 55	85 50	10 49	60 47	0 52	41 57	22 56	49 47	4 47	97 48	82 46	48 47	92 50	45 51	84 51	11 45
79 56	60 51	53 48	59 46	47 49	8 60	21 50	86 46	32 53	78 55	57 47	1 44	93 50	44 57	91 52	97 42	31 52	54 46	74 46	7 57	52 50	39 52	56 53	0 47	95 56	73 47	36 54	24 59	6 52	15 58	76 51	87 58	85 55	14 48	50 43	12 55	5 52	88 44	83 50	92 53	96 51	49 52	34 39	65 46	70 48	25 42	81 52	45 56	64 52	28 54	75 46	9 55	98 51	84 37	22 48	82 53	80 53	23 51	17 52	26 45	29 52	67 54	20 44	66 57	35 49	90 48	99 49	37 51	58 53	41 59	55 56	61 48	62 48	2 48	3 54	40 55	43 44	69 53	68 49	11 42	27 51	38 56	13 50	46 53	10 48	89 58	71 50	77 43	18 63	16 52	30 37	33 52	94 49	4 42	42 40	63 53	72 52	19 49	48 50	51 51
54 51	92 45	27 53	78 47	88 51	79 43	18 45	21 54	81 49	66 58	62 57	49 48	64 51	71 57	95 42	1 46	44 54	31 48	43 52	98 58	94 50	52 55	55 58	0 48	36 53	57 52	3 54	32 55	69 43	48 50	29 47	34 52	20 61	22 49	84 49	86 49	53 54	30 59	26 50	23 49	5 44	46 46	24 53	39 54	13 45	68 56	85 49	63 47	87 54	2 53	41 54	25 45	93 42	8 47	73 39	37 46	16 46	77 47	75 52	12 54	91 50	96 44	35 48	90 46	60 53	99 48	15 49	4 50	45 60	56 59	11 47	19 40	83 40	51 59	33 53	89 47	70 48	97 48	61 45	76 55	80 49	17 52	42 53	72 47	40 45	38 46	74 53	82 48	50 47	28 46	14 44	65 51	6 45	47 45	58 53	59 50	67 49	7 54	10 51	9 43
3 45	2 50	51 45	80 40	60 50	92 53	45 46	58 53	23 49	91 52	71 48	98 51	83 44	22 53	93 53	19 48	24 43	47 54	79 50	63 53	87 42	54 47	6 61	70 49	28 49	46 48	32 54	13 52	14 50	65 54	18 50	53 52	67 57	81 50	64 58	34 51	39 50	55 49	20 53	12 54	66 51	49 40	48 50	95 47	36 45	4 55	61 49	75 56	57 48	59 48	77 58	21 54	35 52	74 48	99 58	37 47	26 44	8 43	42 50	25 54	9 49	7 47	10 60	97 56	5 48	38 52	44 51	11 50	78 57	85 44	73 36	88 53	0 43	84 45	52 47	29 62	50 52	69 51	15 56	41 50	40 50	33 59	68 55	82 50	27 42	94 41	30 52	43 51	62 44	16 49	76 50	86 45	89 47	31 48	96 54	17 49	90 53	72 56	1 50	56 50
90 44	30 45	24 55	28 56	65 56	7 50	41 44	76 42	19 48	62 50	96 50	94 48	56 47	38 47	91 50	14 52	51 46	17 48	16 57	84 57	45 47	85 49	36 56	22 52	32 42	18 58	2 50	66 44	95 46	37 50	33 45	87 47	57 54	12 48	53 47	80 48	49 49	50 45	72 52	68 53	46 55	89 45	75 52	34 43	71 48	6 50	43 55	88 47	93 46	64 48	20 45	26 54	73 52	15 50	81 56	25 55	42 42	40 56	63 51	0 46	98 42	5 55	31 49	69 52	29 56	48 53	99 59	4 57	39 41	1 48	92 46	44 44	67 50	70 48	74 54	86 48	13 48	82 52	60 55	59 51	55 49	77 45	21 45	11 47	9 52	61 50	79 48	78 47	97 53	3 56	83 49	52 49	23 50	10 50	27 50	54 42	8 50	35 53	47 56	58 41
15 48	56 50	50 45	38 54	79 50	35 48	49 48	77 53	81 60	67 46	2 45	1 45	21 45	31 42	9 44	28 53	78 48	45 56	84 57	91 51	71 51	27 47	22 55	66 46	43 48	19 44	82 52	87 49	18 57	12 54	16 55	72 47	41 46	74 52	6 49	57 48	65 50	17 42	10 45	39 42	30 55	5 54	53 48	76 54	75 53	90 54	61 46	69 47	96 45	89 49	73 54	95 52	32 52	62 55	60 48	92 50	7 49	48 55	25 52	47 54	4 48	83 52	37 44	23 51	98 45	11 51	68 52	85 45	58 54	24 47	54 53	13 56	51 42	80 57	94 49	88 48	63 53	55 53	26 55	93 51	99 41	97 43	64 49	52 47	86 57	42 47	59 48	8 53	36 51	0 61	44 55	40 55	70 51	3 48	20 51	46 41	34 48	29 55	14 45	33 59
24 55	91 58	17 52	19 52	31 51	53 51	54 47	37 57	25 50	30 44	97 45	78 50	65 42	71 43	36 57	38 51	68 38	15 45	13 50	72 53	55 54	28 52	92 49	52 46	10 39	98 50	0 43	57 46	84 47	94 48	8 55	64 63	32 53	43 52	89 48	12 46	5 44	9 53	27 46	6 43	80 53	3 48	1 49	62 55	66 43	42 45	93 58	26 48	76 57	95 56	41 35	79 45	77 45	83 51	67 44	99 55	88 52	59 55	74 56	34 46	18 49	70 44	46 61	11 51	48 53	63 44	4 51	69 46	7 56	2 51	45 59	61 46	58 50	82 53	33 46	90 51	73 49	14 43	85 40	51 48	75 47	22 54	40 48	16 36	86 51	47 56	44 48	21 45	87 51	96 50	60 44	20 39	49 48	35 45	23 54	56 53	50 49	39 51	29 48	81 53
89 44	47 49	18 46	70 56	1 50	39 54	98 46	4 54	87 59	86 41	33 51	31 39	62 46	35 50	17 44	38 45	61 51	95 53	11 55	84 50	15 52	49 52	45 51	68 45	73 50	37 51	5 51	71 51	82 44	96 46	10 52	77 48	67 48	99 53	51 49	8 54	36 51	53 57	90 50	3 45	50 57	27 49	88 52	32 58	13 46	97 56	93 48	41 49	75 51	44 58	26 56	40 50	6 52	60 52	2 54	91 46	64 50	69 56	7 49	34 39	20 42	19 54	30 53	25 42	54 50	83 47	43 53	52 52	72 50	78 54	85 54	16 42	56 55	21 51	9 53	42 41	74 58	76 58	57 46	55 49	92 51	79 48	0 47	65 47	63 44	12 46	94 48	80 60	48 61	28 51	66 51	46 56	58 53	14 58	22 60	24 49	23 48	29 47	59 51	81 53
94 48	75 42	66 45	5 47	87 57	95 52	0 44	74 47	76 56	34 40	38 51	49 50	67 44	80 52	86 48	93 45	31 49	92 49	21 47	85 56	52 59	72 46	58 50	96 41	65 51	39 53	2 53	63 57	14 56	82 54	70 53	28 50	22 51	1 54	32 62	44 52	46 54	30 44	61 43	77 49	99 44	41 52	48 47	68 45	13 51	26 59	59 39	47 46	8 49	18 47	57 59	79 53	25 49	62 57	78 50	88 53	90 44	19 55	27 43	60 49	97 47	54 54	71 55	12 47	45 53	69 51	91 59	36 50	3 40	11 61	9 45	73 45	35 47	15 51	24 51	53 45	29 47	17 44	84 55	98 54	33 51	16 48	23 41	81 42	37 54	43 52	51 52	4 49	83 39	42 52	55 58	6 60	10 58	50 51	40 48	64 42	20 56	56 54	89 54	7 50
49 45	52 49	73 53	68 45	37 48	53 51	55 46	27 51	57 56	66 42	82 56	91 53	13 58	54 58	16 45	45 54	6 46	88 47	61 40	15 50	85 49	79 48	64 51	48 45	63 49	35 60	0 48	87 47	95 48	65 53	11 47	47 49	60 54	4 53	74 49	17 44	14 53	94 47	24 55	10 56	28 49	76 53	20 49	71 49	12 52	32 57	19 56	29 51	43 48	62 60	34 52	67 52	44 51	89 52	41 48	40 56	81 56	3 54	2 54	58 49	26 59	42 44	78 47	30 39	72 49	86 49	5 49	83 52	99 47	8 50	84 51	56 42	46 44	22 44	93 54	97 53	70 46	98 43	75 48	51 50	96 54	36 48	21 47	38 48	92 48	25 50	31 55	69 48	1 48	59 56	50 54	90 50	33 47	77 49	80 42	9 53	7 44	18 45	39 44	23 53
81 51	42 53	48 52	50 46	24 52	27 53	4 47	16 51	52 57	96 50	69 49	44 53	29 48	31 51	13 56	70 53	39 47	10 55	43 53	66 52	59 54	79 51	67 60	3 42	15 48	47 47	90 51	99 59	68 51	14 56	33 56	36 48	35 46	22 48	58 54	38 51	30 45	32 43	11 49	85 49	7 50	83 40	92 51	65 44	6 62	73 54	56 57	77 52	60 50	18 55	20 51	91 52	71 58	19 45	41 52	17 52	93 47	94 58	98 47	26 61	55 52	28 52	64 47	86 53	25 52	74 53	76 55	12 50	2 51	8 48	0 52	61 51	45 55	21 53	51 46	57 37	80 56	40 45	82 54	53 42	9 50	97 50	75 40	1 52	84 44	89 39	63 55	46 48	49 49	88 47	23 44	37 43	62 52	5 49	72 51	95 43	54 50	87 58	78 43	34 57
29 56	69 60	45 50	38 58	57 53	95 53	33 48	63 52	73 53	50 47	32 47	28 53	70 49	72 54	52 57	4 55	77 55	51 44	16 46	90 56	11 44	58 50	8 42	20 50	62 62	13 52	99 53	56 54	2 50	31 44	74 49	37 53	14 54	66 49	30 62	94 51	0 50	41 56	59 54	43 53	78 54	84 58	35 44	80 53	17 50	5 52	44 45	48 47	75 54	10 44	91 42	34 56	39 53	9 53	67 52	42 56	6 48	22 43	76 48	97 50	23 50	98 39	24 48	61 48	21 47	92 58	87 46	47 41	71 47	89 46	82 57	64 53	27 52	7 55	93 47	60 45	53 49	49 45	40 47	19 53	12 48	65 50	46 47	25 47	85 41	96 53	54 52	86 44	55 46	81 50	83 51	68 48	36 47	79 53	88 56	1 51	18 47	15 42	3 51	26 56
58 58	6 57	95 54	85 47	7 50	98 46	39 48	69 49	59 58	10 49	27 48	22 61	53 54	87 49	99 44	19 60	84 50	96 49	79 46	78 46	66 46	74 54	30 50	62 40	94 46	12 44	18 56	47 49	34 42	17 48	36 53	75 50	0 48	65 55	15 48	1 55	92 55	52 47	28 56	25 48	76 54	5 65	8 48	32 51	73 46	26 42	4 45	11 48	77 56	91 53	23 58	20 45	37 54	48 42	45 50	63 51	13 51	38 51	14 47	70 50	33 45	82 53	3 57	81 48	56 51	49 53	72 47	41 45	9 47	31 60	97 54	35 42	16 57	71 52	40 52	42 51	61 46	46 60	80 54	68 52	24 41	64 54	57 46	2 51	89 48	60 52	21 47	54 50	29 55	55 42	90 50	44 49	51 48	83 48	50 44	43 54	67 49	93 50	86 44	88 53
70 46	29 51	32 51	51 53	62 58	89 41	0 44	63 54	73 54	88 53	4 52	72 41	20 53	87 51	22 47	3 52	15 47	71 40	38 55	45 46	78 46	7 56	94 52	53 48	57 48	26 47	37 53	81 53	12 57	23 51	9 50	79 40	55 55	60 43	39 61	65 47	30 47	44 46	69 55	83 49	82 48	18 57	21 45	24 59	36 46	96 61	5 54	31 43	42 49	16 49	90 43	48 46	93 44	34 54	13 53	50 49	67 45	40 54	95 45	35 40	66 48	85 58	6 48	98 52	77 39	49 62	99 51	64 61	97 53	10 50	14 45	1 43	74 48	58 54	8 60	56 60	92 48	28 54	80 46	33 48	91 56	11 51	54 39	52 46	59 53	68 61	61 51	19 42	75 51	76 45	27 51	86 52	17 53	25 49	84 53	41 43	47 51	2 53	46 58	43 50
85 43	24 54	49 54	81 56	22 44	54 48	79 60	60 52	94 43	44 53	71 51	65 61	87 51	21 58	61 47	86 53	76 47	1 54	2 44	88 47	8 54	66 40	70 49	5 46	55 57	64 52	40 56	18 57	23 41	82 56	7 48	45 51	37 59	32 62	51 48	95 59	10 46	96 53	6 52	68 48	12 45	31 48	41 50	19 41	78 48	25 47	33 47	35 50	36 52	63 51	43 50	75 57	62 42	52 48	98 52	57 54	17 43	83 45	93 53	28 44	29 55	13 57	0 48	74 59	39 45	97 41	72 49	53 48	56 45	14 52	26 63	15 50	59 54	47 52	46 54	89 55	34 50	38 50	16 49	4 53	48 53	20 53	77 48	69 56	9 53	67 55	27 54	3 44	90 44	99 59	30 50	91 45	80 49	58 47	42 52	50 45	92 56	84 49	11 50	73 58
15 41	23 50	21 47	3 49	41 44	86 53	82 47	25 56	75 39	84 49	14 42	26 51	54 45	56 52	93 53	85 56	32 54	34 42	2 47	59 50	69 46	18 55	16 54	47 54	48 48	42 42	24 60	76 54	95 55	22 54	44 44	78 43	89 46	70 51	74 51	73 47	19 51	49 54	27 43	38 54	80 49	67 49	58 51	6 49	51 48	12 56	97 61	10 47	66 49	17 49	52 48	30 49	99 45	61 46	7 53	77 42	9 51	46 50	94 50	37 46	1 49	71 48	35 49	13 44	83 54	62 53	96 49	11 47	68 40	5 53	50 49	64 43	65 62	88 50	4 44	29 54	53 59	60 58	28 50	8 49	90 47	72 62	63 56	31 49	0 57	43 45	79 57	98 44	36 56	87 42	39 43	81 60	55 51	45 45	57 50	33 54	91 51	20 49	40 45	92 51
3 52	19 52	82 52	32 46	78 43	36 48	14 48	30 51	5 44	40 55	1 49	25 44	8 59	94 48	77 51	91 41	76 39	52 59	38 54	75 60	58 41	0 47	7 55	72 43	66 59	56 43	59 55	51 58	22 48	2 51	49 61	24 55	55 55	45 47	63 55	68 50	39 51	29 50	92 48	54 44	31 56	88 54	20 55	43 47	69 41	85 59	34 47	13 45	89 57	33 50	18 41	17 51	6 47	21 50	4 46	15 47	11 53	62 50	95 40	98 56	65 49	41 57	48 57	26 49	37 50	61 52	99 46	44 52	71 51	81 47	23 55	50 57	67 51	57 50	80 49	60 50	27 44	79 48	93 54	35 52	53 54	96 40	84 54	47 54	12 44	73 43	46 45	28 57	83 48	97 47	64 49	90 47	16 48	86 43	9 47	87 46	10 50	70 48	42 52	74 54
88 61	28 58	84 45	22 50	36 48	78 43	56 51	3 45	92 46	53 44	26 44	59 52	16 55	14 51	64 40	7 52	21 48	27 43	96 53	51 44	10 53	24 51	79 48	41 50	29 47	40 54	69 56	93 56	17 54	76 49	52 52	80 54	77 55	6 54	13 45	19 58	97 51	48 51	70 45	94 59	75 58	38 53	49 57	25 44	66 45	15 54	33 54	89 47	91 55	67 41	72 51	0 49	81 43	99 51	87 44	42 50	60 58	5 54	44 41	34 49	63 51	31 54	71 52	55 48	18 50	11 45	83 50	90 47	82 50	39 42	85 53	32 46	43 51	12 53	20 50	73 57	35 43	50 49	98 55	61 50	46 46	45 55	74 52	37 55	8 48	57 53	62 50	65 55	54 47	47 59	86 44	2 58	9 47	1 55	23 50	68 52	30 53	95 50	58 47	4 48
29 56	37 45	41 51	9 49	2 49	16 58	53 45	96 49	44 53	4 54	32 54	1 50	60 44	55 42	49 52	52 56	56 54	39 50	68 47	88 47	91 50	40 54	79 41	72 50	69 53	73 48	98 54	48 52	13 41	50 48	43 54	34 44	78 55	57 48	35 51	85 51	38 47	93 43	36 58	74 40	10 45	80 47	75 57	89 45	63 44	67 64	11 53	45 50	15 51	99 53	76 46	82 45	6 48	64 49	61 53	5 48	23 45	8 54	87 46	84 46	83 50	24 46	77 46	33 53	25 47	81 50	97 55	46 50	95 49	31 54	58 39	30 45	90 52	18 46	70 52	47 44	7 54	62 46	42 57	51 49	3 51	54 59	86 47	65 48	28 57	59 48	27 53	92 43	26 50	66 54	0 50	17 47	94 55	22 48	14 49	12 47	21 50	20 52	71 47	19 46
25 44	32 43	48 60	0 45	47 48	12 54	82 46	89 56	34 47	20 48	10 48	88 45	24 58	73 58	41 56	22 53	3 49	56 52	90 55	92 44	18 42	29 56	16 50	15 51	14 55	75 56	93 44	77 57	68 55	26 62	40 50	83 44	79 53	87 49	9 51	95 44	72 52	80 43	64 54	1 54	42 41	54 55	7 48	65 49	85 61	55 53	30 56	33 55	99 45	46 64	5 53	63 48	21 48	81 47	61 45	6 58	11 47	96 53	17 53	44 47	98 45	31 52	27 52	71 48	37 48	97 53	38 55	19 48	57 52	39 53	4 52	36 45	74 50	62 57	91 45	78 49	52 44	2 46	86 50	70 50	60 51	35 49	94 47	51 51	45 52	59 48	49 46	66 48	28 50	13 51	76 50	67 56	58 57	69 50	8 47	23 52	53 40	43 50	84 46	50 41
50 51	23 50	77 51	86 51	17 52	88 40	73 57	2 57	29 48	31 56	74 48	98 42	85 50	4 53	99 39	19 46	26 49	51 41	70 50	11 42	14 58	71 56	96 51	7 56	48 53	64 49	59 44	54 44	58 49	76 52	36 42	60 54	44 47	52 50	66 52	78 49	62 59	47 50	46 54	20 53	68 54	69 49	8 54	22 43	13 55	12 48	27 58	63 56	18 52	41 47	39 50	93 52	94 55	80 39	40 56	75 44	35 49	91 46	9 45	33 57	82 46	84 49	24 58	87 48	90 53	1 53	3 49	28 53	97 55	10 51	56 52	55 46	25 47	79 49	15 53	72 46	83 50	6 52	81 46	5 50	53 49	37 56	61 43	43 52	92 44	49 44	30 54	34 44	21 61	16 59	57 50	67 57	32 57	45 52	89 54	65 54	38 45	0 57	42 48	95 54
11 44	87 42	75 53	94 54	82 55	77 43	19 52	76 53	60 59	74 46	5 52	83 53	71 51	13 54	63 47	37 48	36 51	17 52	90 42	23 56	39 52	57 56	43 46	54 51	0 46	14 45	93 51	1 51	56 40	34 50	25 49	31 45	72 54	85 53	20 44	21 53	58 52	32 51	51 50	29 57	7 57	78 50	64 52	84 48	41 43	3 47	98 51	49 41	46 45	80 52	38 56	18 47	65 43	47 52	44 57	45 47	68 46	27 47	88 56	86 57	9 59	81 46	55 52	52 37	70 56	59 47	42 56	89 55	16 44	92 48	28 51	6 52	97 51	67 56	61 50	40 60	33 44	66 61	95 53	4 52	22 59	69 53	10 47	30 56	26 48	12 57	96 58	8 51	24 50	15 55	53 42	91 50	2 44	79 60	73 49	62 47	99 48	50 52	35 54	48 47
59 48	6 52	81 44	54 52	63 50	60 52	97 54	66 44	46 54	71 55	62 48	25 50	23 45	99 47	3 44	95 52	43 52	13 51	27 49	20 50	57 47	80 43	76 47	72 57	5 59	18 47	41 51	10 52	32 58	31 54	75 50	0 52	30 51	48 50	55 48	50 55	33 48	22 44	37 54	1 48	84 40	79 59	90 46	67 47	39 53	94 47	68 39	36 56	89 39	83 40	40 51	77 49	34 50	85 48	58 45	4 56	52 43	21 43	73 46	78 50	8 50	17 49	91 46	9 45	51 48	15 44	7 53	49 49	86 51	19 54	65 46	28 48	88 45	69 51	47 52	45 47	82 52	87 46	64 42	92 51	98 42	14 44	70 51	29 43	96 50	24 60	2 53	11 58	38 46	44 41	53 42	35 52	74 51	16 51	42 58	26 49	56 45	93 57	61 60	12 53
92 51	39 58	23 44	76 47	8 37	69 50	94 50	74 51	70 53	87 51	47 41	78 57	41 43	25 61	52 63	46 54	97 51	90 38	7 48	64 48	53 48	2 57	24 48	72 53	18 45	66 50	56 49	85 50	30 48	9 44	59 57	1 54	44 35	42 44	77 42	45 47	20 46	91 50	73 56	95 52	48 45	96 56	13 46	28 50	88 44	31 53	11 47	67 53	98 52	17 54	58 55	3 47	83 53	0 49	50 56	10 46	55 44	19 49	12 48	26 50	35 48	63 48	36 51	16 61	68 46	21 48	49 56	15 48	22 48	51 46	29 39	27 55	54 52	14 45	61 44	5 52	4 47	84 53	60 42	82 56	62 66	43 59	32 47	99 47	79 54	75 45	33 40	6 49	89 58	71 57	37 49	40 48	81 52	93 51	80 50	38 54	34 53	57 55	65 49	86 53
60 52	15 45	27 53	65 50	13 40	64 50	33 51	1 50	10 50	54 49	24 48	49 61	85 50	37 52	26 55	95 38	86 47	67 48	20 45	66 61	97 46	21 49	94 43	77 51	6 46	31 50	68 51	78 44	38 52	89 47	50 50	11 44	47 50	28 40	84 40	79 46	75 53	52 55	70 59	34 50	3 50	99 51	41 59	48 32	56 46	43 56	25 49	80 46	40 56	44 55	53 41	5 52	30 48	23 46	51 53	39 47	62 48	71 50	88 52	58 50	83 54	98 54	46 55	55 57	63 57	36 53	18 56	81 56	91 56	32 44	35 49	4 48	17 40	57 46	14 42	90 41	16 52	76 52	59 48	82 46	92 53	45 55	8 43	69 55	29 45	0 51	42 54	19 43	61 47	73 46	22 58	72 48	7 61	12 48	96 46	74 53	93 51	2 40	87 54	9 49
59 47	62 46	87 52	3 46	58 55	60 46	30 43	81 38	65 51	61 57	71 47	77 56	67 45	36 47	34 57	47 48	7 55	75 52	27 52	78 53	49 41	9 41	82 46	6 55	23 57	88 48	2 48	84 50	66 49	76 45	95 52	38 46	97 44	16 52	1 48	8 46	35 52	20 61	14 43	63 51	98 58	53 46	40 49	99 53	89 53	26 55	64 40	41 51	18 55	42 50	4 48	29 54	45 51	54 51	10 38	33 40	80 51	92 47	32 51	55 51	5 45	91 48	68 45	70 49	31 50	12 50	51 53	11 55	74 46	19 48	94 49	57 44	83 39	15 44	48 52	39 56	46 52	13 49	85 48	44 50	56 41	96 43	73 50	17 46	52 54	22 56	90 55	37 49	25 45	79 37	28 50	24 45	72 48	93 54	0 47	69 49	43 48	86 41	21 48	50 42
42 51	82 48	63 53	0 48	26 51	20 48	24 54	70 57	59 49	3 50	71 54	80 47	98 50	68 58	60 40	61 53	96 51	25 51	23 61	74 39	48 54	46 48	75 53	57 50	32 50	9 47	15 42	52 43	95 54	35 46	34 57	8 48	88 52	51 46	97 54	84 51	79 47	39 56	14 53	18 50	83 52	30 42	17 52	69 48	19 47	89 55	4 48	22 48	58 52	5 55	43 47	55 58	56 47	13 58	11 42	65 46	10 55	12 43	36 46	87 47	37 49	72 53	50 51	54 51	7 47	16 51	38 50	31 42	77 53	27 47	67 52	73 47	99 48	93 40	76 45	21 54	6 51	90 45	41 48	78 44	64 46	81 51	62 55	92 56	47 56	40 51	66 48	49 44	45 52	94 47	44 47	85 49	86 56	91 47	29 53	28 41	2 51	33 37	1 48	53 46
68 46	39 49	47 52	85 58	76 42	70 46	58 49	35 52	71 45	52 51	87 49	88 52	75 54	23 52	65 48	90 50	46 50	10 45	27 47	7 54	61 45	8 57	33 57	78 54	60 48	80 52	84 51	32 62	66 51	98 45	16 59	96 49	64 53	6 35	21 46	55 54	83 46	0 55	18 49	69 51	12 47	29 45	51 47	94 50	15 56	25 48	53 60	36 58	93 51	54 49	45 45	28 57	89 59	9 55	13 52	26 44	49 58	40 57	91 50	67 50	31 59	37 50	42 56	62 51	2 52	34 50	74 54	17 49	48 57	63 53	20 41	72 53	92 54	24 47	14 54	43 38	97 50	22 54	11 45	1 46	59 50	3 52	57 51	99 46	79 54	50 46	77 49	38 47	95 55	44 48	86 42	5 45	19 50	41 51	56 46	82 57	4 42	73 49	30 54	81 46
25 48	68 58	8 55	84 51	60 50	77 47	13 52	59 52	19 53	2 53	17 47	98 51	87 54	64 54	15 45	62 59	92 49	33 47	44 49	10 54	48 54	43 42	94 47	4 49	11 46	40 42	81 51	65 48	32 58	0 43	69 52	90 50	6 55	28 52	21 58	55 52	39 49	38 51	73 53	78 47	96 43	27 52	18 48	49 51	54 50	95 49	5 46	53 55	31 54	86 49	70 53	80 45	16 50	79 55	58 41	23 46	71 48	26 58	67 48	7 50	47 49	24 58	99 52	42 53	29 48	88 56	83 52	46 53	52 40	85 57	37 43	50 52	61 48	14 58	30 44	41 49	66 48	36 57	22 51	1 50	75 49	89 42	76 52	35 44	63 50	97 55	51 48	9 63	93 44	20 49	82 58	57 52	56 44	45 53	12 53	74 50	91 56	34 56	3 44	72 48
20 52	1 61	94 51	51 46	24 46	74 48	68 59	50 46	88 52	67 53	25 46	59 53	90 58	23 47	54 55	83 49	77 48	44 56	2 56	22 46	19 44	5 48	21 51	60 52	93 44	73 46	45 51	9 54	28 49	33 59	38 45	4 55	80 54	72 58	61 53	16 57	39 51	3 45	99 56	97 44	63 40	48 46	15 51	35 50	49 50	65 48	66 52	81 49	37 50	29 52	52 47	47 50	8 57	18 46	87 46	76 52	58 48	85 50	55 58	79 46	62 50	96 51	10 48	64 52	27 50	82 49	75 51	41 49	84 45	30 51	70 55	91 49	53 46	89 57	17 49	57 50	40 57	26 54	69 45	13 58	7 53	86 62	12 42	92 48	95 56	11 53	6 52	98 44	31 57	36 43	34 54	71 50	42 50	14 46	0 52	32 55	43 50	78 62	56 50	46 52
94 51	50 59	22 49	61 50	36 50	73 56	55 40	81 44	30 55	90 55	20 54	63 46	57 50	18 51	97 55	12 49	25 46	5 46	45 54	23 49	34 56	43 36	3 48	71 47	75 54	76 57	53 47	62 57	42 55	92 49	11 52	88 50	14 54	77 50	8 39	39 51	83 50	64 50	66 51	67 51	56 54	28 49	51 51	82 43	2 52	10 55	21 57	54 40	58 50	40 54	13 46	72 51	80 43	29 47	6 52	4 54	89 42	70 50	17 50	74 44	78 38	26 53	95 41	60 50	1 47	86 47	68 42	91 51	16 51	9 50	19 49	46 43	35 49	31 51	65 49	33 44	69 50	41 43	0 55	85 53	96 49	93 59	84 56	52 55	59 44	32 63	79 44	15 54	98 53	87 50	38 43	7 54	48 52	47 39	37 55	27 55	24 39	99 53	49 48	44 50
53 47	5 50	35 50	97 59	14 56	67 56	61 54	99 48	24 42	39 46	28 44	25 51	22 51	98 50	54 50	70 55	94 50	87 48	74 39	84 43	57 49	64 42	8 43	11 45	46 51	73 45	34 51	89 43	49 46	47 44	56 50	71 59	93 50	7 50	29 53	66 52	20 46	52 56	21 47	30 53	44 48	96 50	78 59	51 54	77 53	63 50	82 55	6 45	60 53	50 53	31 50	13 51	15 44	26 54	75 53	79 45	48 48	27 49	85 48	59 48	76 50	92 50	90 54	33 51	68 61	42 49	40 57	72 44	36 48	80 64	62 58	45 49	16 45	83 43	10 50	81 50	58 45	17 44	38 60	12 42	2 49	65 54	9 51	55 48	18 58	19 49	0 51	4 41	1 52	95 49	43 41	88 51	86 46	69 49	32 53	37 55	3 50	41 45	91 54	23 57
51 50	0 38	73 53	12 53	28 45	63 61	1 51	21 53	11 51	57 53	7 46	38 60	54 54	10 47	52 49	96 50	14 57	95 55	71 60	4 50	49 52	94 57	36 53	65 48	98 49	68 49	19 45	16 53	70 38	27 54	26 45	39 53	44 50	88 39	24 51	22 48	72 52	75 48	2 48	35 49	67 47	34 55	99 56	53 47	80 55	74 49	61 40	32 43	83 52	85 52	90 50	56 55	92 48	97 53	81 58	76 53	37 58	59 49	13 47	29 47	42 51	8 46	23 54	6 56	43 48	18 44	64 55	93 49	25 45	17 49	47 46	86 49	55 53	87 47	82 45	48 44	89 56	15 54	50 51	60 47	40 49	84 44	41 50	46 49	66 50	20 50	62 46	77 49	5 54	79 45	45 48	3 51	78 47	69 47	9 55	91 56	58 49	31 52	30 57	33 48
19 52	22 61	68 57	35 47	58 57	24 44	65 51	17 52	20 44	72 47	64 52	15 56	56 46	31 49	33 53	48 49	44 58	53 53	49 44	77 55	13 36	21 45	94 57	41 50	91 57	95 54	76 42	10 46	12 53	14 47	55 49	40 49	60 49	25 39	18 51	26 54	4 57	30 50	51 60	9 54	38 52	73 38	79 51	42 48	93 50	74 47	96 41	89 47	2 46	75 45	43 46	69 51	90 43	0 45	39 43	7 59	66 45	1 57	27 61	47 49	16 48	36 46	37 51	83 46	97 46	29 42	82 53	80 50	98 57	62 51	52 49	59 46	85 48	46 42	45 49	87 51	70 46	28 52	81 61	67 46	78 44	32 55	92 54	50 45	61 53	71 49	5 51	99 52	11 54	23 43	8 43	3 50	86 48	63 49	88 41	57 48	6 52	34 50	84 48	54 52
34 47	71 35	3 52	32 55	56 42	54 49	47 48	64 41	52 53	14 47	4 52	33 51	92 55	67 47	7 51	89 46	24 52	16 57	57 54	51 55	31 52	93 50	65 45	94 51	59 52	75 55	46 49	74 50	83 48	79 55	70 52	6 48	55 48	36 54	2 52	62 49	91 49	84 53	28 46	99 51	11 41	68 59	69 45	78 49	22 47	38 53	76 47	44 56	80 44	98 50	40 50	15 53	86 48	39 52	18 44	17 47	43 55	50 47	20 46	49 56	96 54	97 55	61 56	9 50	88 41	81 52	95 54	42 52	23 39	82 47	13 52	90 53	37 46	66 61	73 54	87 55	25 52	1 50	8 55	30 51	19 53	72 51	53 58	63 38	21 48	5 47	85 59	29 39	77 48	10 47	26 48	0 43	58 45	41 48	45 55	12 50	27 48	35 41	60 48	48 48
24 53	47 43	59 51	55 43	43 42	75 59	44 53	31 55	65 49	0 60	48 51	10 56	46 54	7 48	37 44	20 47	38 47	8 50	92 60	33 40	83 53	35 50	69 51	94 54	28 51	9 42	84 54	97 49	68 52	3 51	1 54	74 40	42 45	5 45	81 51	67 51	80 46	41 48	93 57	99 49	71 56	60 60	77 46	34 51	22 49	73 38	45 52	12 51	85 54	25 46	36 52	95 54	76 48	87 47	88 43	40 45	26 42	89 48	63 53	6 43	16 53	90 54	72 57	14 48	11 51	52 52	17 44	53 48	57 52	86 53	82 49	70 50	21 53	62 44	66 45	32 57	54 54	30 48	61 43	4 56	98 52	2 57	56 42	64 50	15 48	58 43	49 42	18 53	29 49	79 46	51 40	96 54	27 53	50 56	19 48	39 57	13 53	91 55	78 48	23 56
15 50	61 57	40 50	31 58	89 46	69 48	71 52	30 50	62 56	27 46	14 58	72 58	97 44	99 55	35 46	21 54	11 53	33 53	80 50	16 47	54 44	85 55	28 59	73 51	42 52	65 41	50 64	37 51	51 54	20 43	67 46	13 45	25 48	36 48	7 51	56 49	9 47	2 51	52 48	64 51	49 43	95 52	10 55	3 49	58 57	60 46	1 51	29 48	43 52	12 55	66 39	93 48	63 53	6 54	75 53	46 51	23 53	76 54	82 57	19 45	41 53	77 46	68 48	96 43	81 55	57 59	48 49	91 50	83 46	78 59	94 49	53 56	5 49	45 53	32 53	74 47	70 48	98 47	47 55	59 48	0 42	87 53	55 47	24 56	92 44	79 56	39 53	18 47	4 54	8 46	90 48	44 43	86 43	22 46	88 37	26 47	17 48	38 48	34 47	84 55
55 43	26 58	47 51	37 51	19 58	41 47	39 44	59 42	1 43	25 50	7 52	86 56	38 48	50 51	35 47	71 50	31 52	91 58	9 55	77 58	56 49	15 52	80 50	33 51	11 37	34 48	16 41	17 55	28 53	20 53	58 55	21 44	75 40	12 49	52 54	10 50	40 52	18 50	6 47	97 50	79 48	2 42	99 51	61 53	30 51	49 41	46 49	70 50	43 47	45 45	23 45	53 44	73 47	90 45	89 45	27 45	83 46	44 52	87 49	51 49	3 45	66 53	0 55	96 41	74 57	64 49	82 53	72 49	24 53	92 60	13 46	29 53	22 53	69 45	48 51	54 49	5 59	63 45	98 45	65 50	62 51	32 46	68 56	36 47	78 50	57 48	94 46	4 54	88 40	14 49	81 52	67 45	93 44	60 41	42 47	95 49	8 52	76 45	85 54	84 48
19 51	15 51	33 48	1 55	99 56	96 60	48 48	77 47	72 52	91 50	84 49	58 55	92 55	44 56	39 49	51 50	68 51	35 40	82 47	50 51	54 57	18 46	76 54	9 46	22 48	95 50	81 54	37 54	86 50	30 45	69 48	32 54	49 43	56 47	16 49	31 48	34 53	98 48	27 55	43 54	97 54	67 51	14 43	88 40	29 42	93 52	11 54	63 56	70 46	38 51	6 51	64 47	73 56	60 52	59 50	66 53	21 50	41 49	0 48	25 54	75 52	2 48	45 51	78 57	12 50	10 55	26 52	28 44	57 53	71 49	52 53	36 41	90 55	62 46	17 51	8 52	5 52	53 43	65 42	74 51	61 47	85 54	87 50	83 49	94 41	46 40	55 49	23 56	24 50	42 45	7 46	20 50	3 47	47 44	4 48	79 50	80 42	89 50	40 58	13 54
37 52	77 56	6 47	54 52	80 39	78 47	12 56	16 44	0 43	95 46	71 45	99 56	8 47	23 57	3 58	47 47	48 40	96 51	55 58	59 51	7 52	5 54	46 53	19 50	52 52	84 48	97 47	53 51	42 53	68 50	98 59	67 58	36 46	86 42	22 58	94 48	13 54	14 49	56 53	79 56	58 50	73 44	75 55	89 53	34 53	9 53	82 53	33 54	60 62	44 41	49 46	74 52	70 52	76 51	91 45	61 55	41 62	43 48	90 49	17 51	28 50	51 43	24 49	10 43	85 47	63 53	92 56	39 44	32 38	81 48	72 51	4 49	57 46	31 47	38 45	15 55	27 43	66 47	26 50	29 56	93 47	69 49	65 45	83 48	45 52	11 50	35 48	21 52	30 52	40 51	87 60	25 54	50 47	1 44	20 56	2 52	18 52	88 50	64 56	62 42
92 57	49 46	61 52	53 41	55 53	9 45	72 57	18 44	59 52	74 53	99 52	0 50	39 50	90 49	54 50	80 50	47 53	44 42	42 53	60 47	8 55	81 44	78 49	58 51	4 47	88 46	23 47	98 60	41 48	17 50	31 50	37 60	85 48	66 52	94 53	76 52	7 51	71 48	19 51	11 44	26 41	22 53	15 48	30 45	25 48	89 50	83 49	40 48	35 50	3 46	62 48	65 51	5 43	13 52	75 45	43 45	77 48	12 56	10 31	91 47	27 55	14 54	36 44	63 43	95 50	87 58	20 48	48 50	1 57	79 47	67 56	16 49	93 54	32 45	73 38	2 53	21 51	6 55	96 51	45 47	34 43	46 48	68 51	56 43	38 52	82 58	97 48	33 59	64 48	70 57	50 51	51 61	69 47	24 57	57 58	84 39	52 48	28 47	86 50	29 51
88 55	44 42	59 45	21 37	71 50	19 58	14 51	74 47	32 44	8 55	12 47	81 51	94 54	98 50	27 51	34 46	7 43	66 52	41 47	9 51	5 48	53 47	78 48	97 53	33 44	89 43	90 51	83 53	96 57	91 48	54 50	13 55	79 48	38 53	25 44	16 49	36 53	26 45	87 53	20 48	80 44	84 46	18 54	56 49	40 49	95 44	4 42	92 49	86 53	10 52	49 51	1 52	15 50	55 57	31 49	23 34	48 51	39 49	85 47	62 59	63 39	22 53	75 55	24 48	65 53	76 46	64 44	2 48	11 50	68 45	67 57	28 53	30 49	77 51	52 46	47 49	37 49	46 47	70 58	73 46	72 45	58 60	43 42	51 42	6 39	42 58	61 46	69 54	0 51	35 46	93 52	45 48	57 53	99 49	60 53	17 39	82 59	29 55	3 48	50 42
69 49	3 47	79 52	37 55	81 45	17 45	42 47	61 50	55 54	49 50	7 49	11 45	97 50	33 55	38 45	56 54	52 48	82 54	22 49	67 46	27 32	20 55	31 60	19 51	1 51	83 57	92 59	23 50	64 45	95 54	18 67	25 46	93 48	70 41	75 44	48 49	80 57	35 46	44 48	88 49	45 49	74 48	59 54	39 58	78 57	29 42	21 57	91 48	2 56	85 55	0 54	16 49	6 55	94 43	76 56	72 56	36 54	96 50	47 43	9 50	86 48	84 55	8 45	15 55	24 49	4 38	99 53	90 51	62 56	32 47	34 48	43 40	63 50	41 57	5 53	68 53	40 54	30 46	60 58	54 45	87 60	51 48	10 54	12 51	98 55	28 46	13 53	77 47	66 39	26 46	50 52	73 54	71 47	46 58	58 56	53 56	14 49	89 47	57 51	65 47
43 50	57 48	11 44	27 49	58 54	31 60	94 50	5 49	24 53	98 48	93 50	92 42	10 50	49 46	28 47	42 55	89 54	96 41	20 56	66 49	14 41	8 55	41 44	55 40	19 58	18 44	26 51	83 40	12 55	9 47	80 53	88 55	0 45	69 50	44 52	56 51	32 50	45 52	51 52	84 49	33 56	39 48	36 48	77 46	75 55	81 43	64 50	87 46	74 49	37 50	50 43	40 41	62 51	35 53	91 45	99 54	86 55	79 49	2 50	22 33	16 58	85 49	76 43	13 40	52 55	53 46	34 46	21 60	6 44	82 53	73 56	47 54	90 47	61 51	38 58	68 48	95 53	78 47	4 50	30 49	97 51	15 47	1 48	71 53	3 46	72 57	70 55	60 51	54 49	48 48	63 45	17 63	59 52	25 48	65 44	23 54	7 54	29 41	67 53	46 50
45 40	60 49	55 51	39 48	32 55	19 45	11 54	68 47	6 50	43 50	53 42	16 42	63 40	99 59	77 48	65 44	71 54	85 57	37 51	89 49	81 54	44 52	70 56	40 57	78 53	7 46	8 57	18 44	20 53	90 42	91 45	61 47	14 51	3 53	1 46	51 57	75 48	56 43	79 41	52 57	27 58	82 49	57 48	88 59	21 56	26 44	30 44	46 51	62 52	47 51	33 48	41 44	17 55	58 46	97 61	92 46	0 54	96 46	15 51	94 45	93 49	12 47	83 50	4 55	87 49	76 54	67 48	59 53	73 50	95 51	64 45	10 48	24 45	2 56	42 46	5 46	66 44	98 56	69 48	54 41	28 46	49 60	23 52	9 52	84 55	13 49	74 52	35 52	34 48	22 51	86 52	80 45	72 52	50 41	29 48	25 51	31 52	38 56	36 57	48 47
79 53	63 47	22 52	10 54	16 48	69 40	26 45	41 56	75 54	43 58	27 48	82 49	86 48	90 52	96 48	83 50	20 51	19 45	94 46	92 49	80 44	15 47	45 55	21 47	8 43	93 57	68 46	53 60	98 45	32 54	31 44	29 54	58 57	54 50	52 45	36 50	13 49	23 61	55 56	7 43	64 53	6 49	76 53	72 47	62 58	78 50	95 47	60 54	44 49	4 60	28 57	87 53	48 57	37 45	99 45	2 55	51 49	49 51	71 51	14 50	59 38	91 44	61 40	34 38	89 52	97 62	40 56	66 53	5 52	73 48	39 51	25 44	85 53	38 55	70 46	77 59	56 47	1 56	88 48	24 56	67 47	9 41	65 48	0 46	47 55	84 45	74 50	18 55	81 58	30 55	50 52	46 54	35 43	3 59	42 52	12 42	11 53	33 51	17 50	57 61
63 42	4 47	42 51	98 49	93 42	28 45	15 47	68 47	52 46	24 44	95 42	33 50	88 47	16 53	27 52	94 45	23 43	38 54	43 48	58 60	86 53	60 42	9 50	49 53	17 49	97 49	3 50	36 53	55 48	18 43	87 51	62 57	14 50	34 48	6 46	99 55	12 60	51 56	0 56	54 56	19 56	76 48	7 56	50 50	59 55	77 55	21 51	81 43	57 50	96 56	66 52	48 53	74 49	89 46	64 56	65 47	32 55	85 50	22 50	41 46	31 47	46 52	5 45	45 53	29 58	37 57	20 51	47 41	35 49	13 52	78 55	61 45	67 61	82 48	71 52	73 44	84 50	26 57	8 50	10 50	11 53	39 47	53 52	1 53	40 49	80 46	70 50	79 50	83 69	91 44	72 50	44 42	92 46	25 49	56 49	30 49	2 44	90 49	75 44	69 48
21 45	71 44	51 49	81 50	66 56	33 48	41 53	54 40	43 42	7 59	98 52	4 53	10 52	76 48	32 50	44 51	82 54	8 50	13 47	55 50	16 49	30 49	11 56	42 44	72 43	39 49	20 57	25 41	34 44	2 47	79 46	19 52	18 50	91 54	63 49	57 52	46 54	80 55	96 47	87 53	74 57	1 50	60 42	36 51	85 65	65 54	50 45	15 56	23 50	52 58	22 53	90 55	27 58	40 54	14 50	59 42	84 47	48 54	24 50	58 40	99 53	37 53	62 49	49 52	95 53	6 52	56 45	93 49	83 51	67 47	88 45	17 55	69 47	75 46	78 52	12 56	77 46	68 49	28 46	35 52	45 46	47 60	86 48	61 61	92 49	89 43	31 55	5 49	9 47	3 48	73 57	38 34	94 57	0 56	70 49	97 51	53 42	29 48	64 49	26 49
99 60	87 48	35 57	93 55	30 57	3 54	57 48	73 41	7 44	86 58	66 50	46 49	21 54	74 46	51 46	10 51	14 46	43 46	78 48	92 44	68 54	31 53	72 57	95 50	29 46	58 52	8 44	67 44	12 45	18 52	91 42	4 49	22 54	39 51	63 44	77 42	13 53	19 53	94 57	26 50	27 52	44 49	5 50	53 53	59 51	75 55	70 55	60 51	33 55	37 37	32 51	16 51	83 46	98 45	38 51	25 44	62 48	56 45	71 51	48 54	54 48	28 45	17 52	9 45	34 36	89 50	79 60	6 50	42 52	52 50	61 47	90 61	47 47	81 53	15 40	76 49	41 42	36 42	84 43	45 57	65 55	40 49	97 60	1 46	85 51	0 43	88 42	23 53	11 47	49 48	55 53	64 45	50 57	80 51	69 42	20 46	82 52	2 58	24 49	96 45
8 47	44 48	58 52	60 53	99 48	28 49	34 50	45 49	95 56	77 48	13 56	2 51	24 51	65 59	86 47	10 48	15 43	29 44	67 47	30 50	96 45	6 48	14 50	83 53	23 52	19 48	66 41	21 49	40 61	74 50	7 46	33 48	89 51	31 45	97 49	11 45	0 53	36 53	69 54	68 49	92 40	46 44	18 48	70 47	42 53	49 45	5 51	41 48	93 47	52 52	80 53	20 50	64 46	22 42	26 43	57 47	87 51	81 45	78 52	98 50	62 48	54 53	71 48	12 47	35 51	85 55	53 50	94 52	50 40	27 51	76 52	51 49	73 53	82 45	48 51	59 59	9 46	43 45	25 52	79 49	1 56	91 58	17 52	16 48	39 57	47 59	88 46	32 53	4 50	84 48	75 52	61 44	56 58	72 55	90 55	37 51	3 51	38 43	55 49	63 57
7 58	86 47	9 51	48 47	57 46	18 48	93 50	58 50	32 54	62 46	54 50	51 50	92 47	17 55	22 52	88 51	2 46	59 46	72 49	27 50	99 60	70 56	96 45	77 54	40 44	49 50	90 52	23 43	19 44	8 52	26 49	89 37	25 54	67 46	71 47	3 50	0 39	15 51	21 50	91 47	33 60	85 55	41 41	11 58	20 58	53 51	30 47	34 48	44 47	64 50	42 53	16 56	69 41	97 54	63 49	78 53	68 53	65 58	14 44	56 46	75 50	37 48	79 44	95 55	1 50	50 47	47 53	29 46	38 50	24 53	81 53	83 54	31 52	5 58	10 45	39 55	60 46	35 50	84 45	80 51	73 56	12 51	52 45	74 51	45 58	98 45	36 53	87 54	43 50	6 51	46 56	61 49	76 47	55 48	13 49	94 49	4 52	66 54	28 51	82 53
8 44	96 49	55 50	82 52	46 51	45 52	84 48	88 54	10 52	85 49	28 52	14 54	23 51	20 50	16 44	51 39	91 47	32 48	33 57	64 57	34 54	57 55	47 50	81 46	70 50	21 51	13 58	40 42	69 49	31 50	9 48	19 53	95 50	66 48	15 55	99 56	42 53	30 46	74 42	53 49	80 48	75 48	54 50	72 46	92 53	77 53	56 48	50 55	86 50	22 50	3 50	39 53	29 56	2 57	26 54	62 48	48 51	43 42	4 46	98 44	94 57	12 47	60 57	5 43	87 50	67 49	35 54	76 45	7 60	73 45	71 54	89 47	49 57	6 46	24 43	58 52	27 49	79 47	37 50	11 59	59 56	65 53	93 48	41 52	0 50	17 52	97 53	52 57	38 52	1 44	44 54	36 44	78 45	83 54	61 48	68 48	18 58	63 44	90 47	25 50
82 52	31 44	1 51	6 47	17 47	64 53	61 51	72 54	47 50	34 47	59 52	50 56	66 46	24 36	37 52	91 54	5 45	2 52	84 50	48 52	55 58	3 53	8 52	65 56	62 48	56 49	15 56	80 50	77 52	73 49	92 47	39 58	18 53	69 58	30 61	33 51	21 40	36 50	35 39	75 54	83 46	53 60	13 41	68 43	43 46	12 58	79 49	4 44	81 45	40 57	19 49	98 49	26 50	57 52	93 49	42 52	90 45	22 58	52 50	7 52	71 51	28 54	88 49	67 47	20 49	41 49	23 55	60 45	49 47	25 54	9 54	74 46	89 51	95 44	94 54	38 49	78 50	86 47	51 52	27 52	96 48	29 50	87 49	0 47	70 56	97 54	85 56	76 56	99 47	54 45	58 46	14 46	32 54	16 45	44 63	11 51	63 47	46 53	10 41	45 46
31 47	86 51	41 48	76 53	53 60	16 49	25 50	84 56	69 39	13 48	30 35	10 53	95 49	46 57	88 38	66 52	28 55	49 52	62 50	20 52	18 50	58 42	97 51	93 53	83 48	77 50	33 52	37 42	7 50	74 62	2 50	61 54	8 56	42 44	98 51	6 48	59 57	12 49	92 50	38 40	72 52	75 53	60 57	22 52	90 51	47 52	82 51	70 43	68 53	67 44	63 49	40 54	81 51	78 46	64 50	43 50	15 45	73 42	14 38	11 50	39 40	71 52	57 51	34 54	24 56	3 45	85 53	80 50	29 46	55 49	44 51	17 47	35 50	32 57	0 51	21 57	79 64	5 54	96 60	26 55	87 46	65 53	1 35	99 47	23 50	56 48	94 47	45 49	89 54	51 55	19 47	54 46	4 43	48 49	36 50	52 50	91 50	50 50	9 47	27 49
51 54	98 51	97 48	59 52	88 49	68 50	48 54	54 51	81 52	67 46	17 53	96 54	22 52	58 55	46 52	95 41	86 55	84 49	72 46	0 44	2 63	45 49	37 48	94 57	26 50	91 54	34 46	85 52	52 52	83 55	5 51	8 49	14 56	40 48	12 52	44 51	50 54	66 47	92 53	43 54	89 48	75 41	21 58	71 45	3 49	19 54	20 46	47 46	11 50	23 49	80 58	41 64	55 52	73 46	42 51	39 51	56 53	62 47	6 49	99 48	79 48	10 42	57 41	24 46	63 56	27 52	74 51	38 51	76 55	82 52	78 50	15 53	4 48	18 53	60 53	36 48	31 51	30 59	61 49	9 41	53 47	77 49	64 53	65 48	1 48	16 40	69 52	90 46	87 44	29 56	32 42	93 53	49 49	13 52	35 57	70 50	33 41	7 66	28 51	25 60
57 45	11 45	24 49	10 55	52 49	74 46	62 58	31 58	59 52	30 53	42 44	73 50	60 47	48 49	38 50	58 53	76 59	36 54	63 47	40 55	89 43	34 54	47 50	53 41	88 42	14 49	19 51	95 50	18 54	75 45	2 45	92 41	9 39	86 55	50 54	85 48	49 41	54 50	37 51	20 44	29 58	12 45	55 48	97 59	65 50	13 50	61 52	56 48	7 41	99 51	71 47	81 43	66 43	15 37	69 60	46 44	91 50	26 65	8 50	23 44	87 46	17 53	94 56	32 43	3 47	43 52	77 55	28 55	25 46	83 59	84 50	5 40	0 52	64 49	78 56	72 53	96 48	33 56	45 58	21 46	82 57	41 50	44 52	93 47	16 53	90 46	98 46	39 50	79 49	68 53	22 49	4 46	80 51	35 52	27 41	51 46	67 47	1 46	6 47	70 49
94 41	77 48	61 50	98 48	95 51	23 48	46 46	33 47	58 57	53 55	99 55	62 45	92 59	47 53	15 52	60 57	30 47	75 60	20 51	31 61	71 45	41 51	52 52	89 46	14 57	12 50	59 56	72 47	24 52	34 62	54 50	57 53	83 42	76 59	2 56	70 44	67 46	74 58	87 45	64 55	3 47	45 45	85 50	48 50	37 44	25 52	17 55	78 47	28 42	79 47	32 51	55 55	44 42	51 57	81 51	40 58	96 56	18 47	29 45	39 48	63 54	42 46	5 47	90 43	10 51	11 55	1 51	82 43	36 53	35 50	16 49	66 42	9 53	6 56	13 53	22 41	26 49	80 39	7 49	56 47	27 48	50 43	4 55	84 52	93 55	73 48	68 46	86 51	21 49	65 54	91 44	97 52	19 56	88 53	8 48	43 57	38 44	49 52	0 45	69 47
62 50	29 40	91 47	17 47	25 44	85 53	15 52	86 50	82 47	28 51	8 53	44 48	38 50	31 50	23 52	60 53	4 55	96 53	12 53	59 46	87 44	48 47	2 48	77 58	55 47	67 55	22 54	97 50	35 54	68 49	66 57	52 47	57 59	80 50	7 50	98 43	83 50	20 51	10 53	19 52	13 53	47 50	46 44	84 47	43 51	21 48	36 54	94 50	65 54	78 46	45 51	58 46	30 48	33 50	3 50	71 45	1 49	70 46	41 56	63 47	14 46	72 60	18 51	95 54	75 45	42 42	16 52	34 48	49 46	54 51	32 45	74 46	99 41	90 50	40 51	73 55	56 57	9 58	39 55	81 46	26 48	50 51	5 55	51 53	11 54	76 51	93 47	89 45	0 47	79 59	88 50	24 46	92 46	37 56	69 51	6 44	53 45	61 50	64 53	27 47
53 53	15 52	38 51	58 44	7 47	25 50	2 45	47 46	55 52	1 51	68 50	36 40	56 54	33 44	3 54	74 45	88 58	70 52	11 53	76 52	67 46	17 49	4 46	90 54	98 52	97 45	65 47	16 56	37 59	21 46	77 49	31 47	50 54	45 45	9 54	69 36	66 53	87 49	54 53	41 48	91 58	10 49	27 55	75 55	23 50	80 50	26 49	42 55	29 48	99 53	59 58	93 45	95 59	44 51	92 59	81 55	6 51	51 58	83 59	62 38	57 49	85 47	30 56	71 43	48 46	46 51	84 52	52 51	0 46	43 49	64 63	60 58	39 44	28 51	79 47	82 44	34 50	22 51	12 53	73 48	14 61	63 59	40 57	19 39	49 48	20 51	13 51	18 42	32 53	78 50	24 42	94 54	72 45	61 44	96 51	35 58	89 48	86 55	5 51	8 51
65 50	7 43	75 44	26 44	82 41	77 53	60 48	9 54	41 45	36 45	40 42	27 46	31 43	61 55	94 60	23 49	53 56	73 53	59 49	57 51	18 57	63 44	78 55	38 43	32 51	66 54	92 56	15 53	43 46	49 47	8 48	74 46	25 46	86 52	58 43	0 55	97 48	28 48	3 51	14 51	98 42	54 56	42 53	45 57	11 51	20 45	21 48	39 51	4 46	81 43	95 53	19 53	51 48	13 51	84 51	50 60	62 45	79 45	68 56	56 50	6 40	90 52	89 49	91 45	72 55	34 56	35 50	93 43	69 46	12 46	2 51	85 46	71 49	96 42	5 52	70 50	47 42	30 43	16 53	10 56	22 53	52 51	24 57	17 50	76 44	1 51	80 49	83 47	37 51	88 46	29 58	64 52	46 38	33 45	99 50	44 51	48 53	55 49	67 47	87 50
8 51	45 52	0 50	10 55	79 48	52 54	91 55	48 51	96 41	95 51	82 53	58 49	65 54	86 55	81 42	98 54	69 55	54 54	94 36	24 36	97 51	41 55	99 46	3 47	39 49	17 45	61 41	37 52	93 55	75 63	23 56	38 43	72 50	12 56	68 48	42 48	87 50	2 49	34 49	5 48	78 50	19 49	11 50	70 54	14 58	51 62	20 54	22 49	13 52	85 58	50 54	56 50	89 48	7 56	73 48	26 61	4 40	77 58	71 50	67 45	43 54	46 47	90 44	28 54	35 47	63 48	53 45	76 50	47 52	31 44	40 53	88 48	30 46	36 45	1 54	62 54	64 48	49 49	60 56	29 54	59 53	25 48	66 49	32 58	84 49	33 51	6 51	83 40	57 46	18 49	92 55	21 46	80 49	44 49	27 54	74 54	16 54	9 50	15 51	55 47
40 59	30 44	17 43	13 50	86 42	91 55	5 53	73 45	48 49	8 56	36 55	74 48	50 46	54 50	11 56	19 51	24 46	64 50	46 45	1 39	82 54	75 39	67 53	52 47	0 53	4 48	70 51	72 52	45 50	58 55	35 57	76 45	99 45	12 49	27 46	90 45	87 54	42 50	39 44	96 55	15 52	3 55	71 47	92 55	53 41	77 49	18 53	89 41	37 57	47 53	16 55	84 44	38 52	80 60	2 49	57 49	55 55	93 54	14 51	29 50	31 49	78 49	94 48	26 47	34 50	66 49	88 41	79 50	22 50	81 46	69 49	68 51	49 53	95 57	10 50	9 51	44 51	63 51	20 42	33 59	28 50	59 51	32 53	21 45	98 47	65 55	51 48	85 56	97 54	83 48	23 55	25 57	41 50	62 49	43 53	56 50	61 51	6 57	60 48	7 58
20 41	30 61	95 47	92 50	60 50	1 51	93 43	11 53	64 53	74 47	21 55	23 50	28 54	37 56	72 52	75 58	88 50	90 58	0 55	39 50	7 52	51 46	5 55	54 56	57 55	13 50	71 39	80 53	17 49	69 48	49 56	25 47	8 55	70 55	33 57	47 51	24 49	94 39	55 48	65 57	63 48	98 52	62 53	26 45	58 58	86 53	45 52	66 39	40 59	2 53	53 54	41 47	81 50	52 48	4 55	27 56	16 54	76 49	35 49	89 57	34 52	87 52	10 55	18 46	38 47	36 52	42 52	6 48	77 45	3 52	43 44	9 38	85 53	19 48	97 50	84 48	99 54	31 39	78 47	83 48	61 52	82 48	22 60	29 52	32 48	59 44	48 51	56 58	67 53	14 50	68 43	96 46	91 46	79 39	50 57	73 69	46 54	15 41	12 52	44 52
99 43	36 47	61 50	6 51	31 58	41 48	0 52	55 60	73 51	59 58	91 48	3 54	19 51	5 46	7 52	83 46	57 56	90 52	11 51	44 47	51 44	38 48	62 48	82 49	78 49	2 56	10 44	49 48	29 48	85 56	14 45	58 44	52 53	37 45	64 55	35 52	75 50	81 46	54 48	80 51	8 61	27 52	60 54	39 47	45 50	72 49	12 41	92 49	48 54	43 56	30 45	97 52	32 49	50 60	63 54	46 45	40 55	53 49	87 45	68 51	71 48	47 49	56 56	18 50	23 45	9 54	93 50	25 63	34 52	24 50	20 50	86 48	69 47	70 54	94 52	96 51	17 47	26 50	21 51	98 53	33 42	84 52	79 49	74 52	1 43	4 50	42 57	16 44	65 53	89 54	15 55	88 48	67 49	95 57	77 43	13 52	22 52	28 47	76 56	66 49
40 48	80 48	10 55	35 45	39 40	22 50	54 58	87 51	9 49	67 44	63 55	38 59	48 49	16 52	41 55	56 49	49 47	43 53	51 50	79 61	55 47	70 58	36 45	31 56	44 57	0 46	69 54	30 58	68 53	18 48	95 52	52 49	12 57	42 55	75 49	60 48	15 46	84 47	83 40	7 43	28 57	91 45	17 66	32 48	14 45	92 52	74 52	96 53	6 44	24 52	53 53	20 50	72 52	77 54	13 49	3 46	29 43	50 46	73 55	94 47	88 53	25 48	26 54	82 70	45 45	78 51	37 41	23 45	2 51	57 50	66 53	98 54	58 55	46 48	8 53	81 52	76 48	5 47	64 45	33 49	11 59	85 46	97 48	19 53	71 51	21 40	99 48	59 48	89 51	47 46	4 48	62 51	1 48	86 48	27 54	93 52	65 55	61 51	90 45	34 60
68 46	92 47	11 50	26 45	76 48	95 54	39 51	37 55	66 41	79 55	65 57	49 50	29 45	55 52	46 49	2 50	4 50	1 48	84 56	45 52	75 47	23 51	25 46	3 45	60 50	50 43	72 55	90 52	99 52	82 53	57 49	56 44	71 49	96 52	67 39	53 47	64 47	22 56	40 46	38 52	0 50	10 47	70 51	78 56	58 56	21 52	20 47	7 54	27 59	63 59	51 57	52 45	14 50	16 57	33 42	80 57	81 39	6 56	83 60	17 46	30 45	59 49	97 51	44 53	69 48	35 51	54 42	87 46	47 51	89 57	24 41	73 41	34 56	61 51	85 54	9 50	15 53	28 52	8 47	19 48	48 46	93 58	77 38	43 50	18 45	42 51	91 48	12 54	36 56	88 55	86 48	74 48	94 51	41 61	98 49	5 49	62 50	31 58	32 46	13 46
5 54	86 61	52 51	39 61	36 51	85 42	70 47	93 52	34 46	8 50	98 44	75 54	23 51	82 48	81 52	42 57	22 46	29 53	95 50	45 59	58 51	69 45	60 53	32 50	99 54	37 49	44 51	16 47	6 44	9 46	25 46	46 50	73 50	1 43	56 40	35 59	64 47	89 46	78 42	71 44	74 52	72 52	87 53	88 50	38 51	80 40	94 48	68 52	7 48	79 56	51 49	59 48	4 49	48 47	41 44	63 48	54 55	28 46	26 39	90 49	10 52	33 45	53 47	13 44	96 54	55 61	40 51	92 59	47 63	20 51	31 59	3 52	12 47	43 51	61 49	65 54	15 52	62 50	49 44	91 65	77 48	17 56	76 54	19 48	57 48	24 46	14 52	30 50	21 56	97 55	50 54	84 49	2 52	27 48	67 53	0 43	11 40	83 49	18 47	66 46
73 51	66 49	46 50	76 55	58 56	98 53	34 50	77 45	54 55	25 46	37 52	45 51	31 47	49 50	43 51	79 57	68 66	18 50	89 39	92 48	22 51	9 54	50 53	70 47	29 52	6 55	63 54	21 57	88 43	10 46	35 49	74 43	94 46	56 52	32 56	90 47	40 40	61 44	44 48	85 51	72 56	23 49	97 53	14 49	91 46	93 44	62 54	95 51	20 62	96 52	42 49	99 56	47 47	0 54	26 42	51 50	5 51	38 48	16 49	69 49	4 45	53 51	27 58	3 53	82 44	80 44	64 49	11 52	67 44	83 52	2 49	28 43	86 41	12 49	81 50	78 45	60 42	39 46	48 50	30 42	17 54	13 47	87 46	15 49	1 51	71 62	7 51	52 51	41 47	84 63	55 53	59 43	36 54	75 56	19 47	24 52	8 53	65 49	33 51	57 43
62 56	73 49	88 61	17 47	52 52	22 47	45 45	11 56	36 47	93 44	68 49	98 35	46 46	99 53	59 52	28 55	0 51	96 45	94 47	23 46	38 47	77 47	40 57	74 56	71 53	82 44	91 52	1 52	12 46	76 51	33 56	15 47	95 47	85 51	57 53	65 36	10 53	25 45	63 51	7 58	35 41	67 51	61 47	6 53	39 45	66 56	64 62	49 57	44 51	21 50	78 56	27 49	70 47	32 44	31 58	34 47	43 46	18 50	58 56	2 44	72 38	24 59	4 48	79 52	75 47	54 57	5 51	48 41	51 50	42 53	47 51	89 53	55 48	90 49	41 63	37 51	53 45	20 47	19 56	3 49	83 56	69 37	26 46	86 41	97 52	60 49	9 50	8 43	13 56	81 55	50 55	56 54	84 56	16 54	87 56	92 48	80 40	29 58	30 51	14 58
71 49	35 53	94 42	6 59	45 46	40 57	21 45	11 49	17 55	87 50	61 56	69 57	93 44	75 47	33 54	86 51	36 47	57 41	5 49	88 49	95 51	39 49	92 42	67 56	96 54	85 50	52 52	74 49	58 50	31 51	27 50	91 51	83 52	46 47	41 54	15 50	53 51	90 42	8 55	28 52	44 53	62 50	81 50	43 47	72 62	1 51	22 52	42 50	50 48	47 50	25 46	13 47	80 55	82 50	29 44	54 61	97 49	19 54	59 57	63 47	14 46	98 44	0 41	64 48	66 50	34 55	10 51	78 50	79 56	38 48	24 64	51 55	84 43	77 53	49 54	48 51	70 51	99 49	55 44	30 55	65 51	26 48	73 47	9 45	56 55	20 51	23 57	76 53	7 48	16 40	12 57	89 58	4 45	3 51	18 53	32 59	2 46	60 48	37 46	68 50
42 52	20 47	55 49	4 55	81 41	86 48	6 49	76 43	98 52	85 58	25 58	84 51	70 55	58 39	68 56	61 48	80 52	33 53	19 47	71 44	87 60	69 41	30 52	59 47	94 53	96 54	45 63	53 54	12 63	1 54	3 41	47 49	67 50	29 47	23 49	7 58	21 50	5 49	22 43	65 53	49 57	48 53	75 49	9 43	91 57	31 49	90 52	56 47	93 57	35 49	89 56	28 48	36 46	8 56	37 47	46 54	2 57	74 57	51 54	32 53	99 46	72 48	95 55	52 59	54 49	15 57	16 61	82 63	66 48	92 47	39 52	88 40	57 41	0 42	26 61	34 40	50 50	83 59	77 51	62 45	63 55	79 52	78 49	11 45	73 54	18 55	64 44	97 54	41 37	24 45	27 56	60 54	44 51	38 49	10 45	40 57	14 42	43 43	13 44	17 53
18 50	45 60	34 48	7 50	76 40	60 60	87 51	4 43	90 51	47 51	15 48	12 51	84 49	43 45	40 41	49 64	32 59	11 55	62 47	70 51	73 49	22 50	93 52	48 53	63 54	74 56	89 46	64 51	80 40	24 50	77 47	8 48	55 43	3 50	72 52	88 45	30 43	35 57	16 48	36 59	28 45	68 54	61 47	6 41	50 60	26 57	13 48	65 49	25 55	1 51	14 43	85 43	39 54	66 53	21 48	2 41	95 42	0 50	94 58	59 50	38 55	19 47	20 43	58 45	29 46	69 53	79 45	56 49	96 44	97 53	37 54	5 52	31 55	83 48	53 48	86 53	67 46	52 50	54 55	57 46	33 45	99 47	23 57	98 50	92 57	46 56	51 57	27 50	81 47	9 51	44 54	41 55	75 46	91 54	78 53	42 48	82 53	17 45	71 50	10 54
89 51	85 56	39 52	43 51	52 47	35 55	1 54	88 41	71 54	17 56	96 49	97 56	56 44	80 45	76 54	31 48	33 49	45 52	32 48	41 50	50 55	55 54	12 51	23 42	6 55	14 49	36 42	42 42	28 45	30 55	62 47	95 42	47 51	69 47	27 50	48 57	29 54	67 53	11 48	25 52	40 50	51 57	22 52	73 52	75 48	46 52	3 51	74 56	84 54	91 55	18 41	81 54	77 53	38 47	0 50	64 45	63 48	94 47	93 51	59 50	5 53	92 51	68 51	86 45	34 56	66 49	9 50	61 49	20 45	54 52	53 58	10 57	70 47	60 50	21 52	82 60	99 52	83 46	8 56	26 56	87 44	44 55	16 42	2 56	15 48	24 54	4 58	19 46	49 47	65 54	37 46	98 48	72 59	57 44	90 59	78 46	58 43	13 52	7 48	79 38
37 50	11 57	49 53	59 45	15 58	40 50	45 41	94 48	18 61	12 48	2 56	34 42	75 54	33 49	74 52	53 53	38 42	89 48	65 52	96 52	26 49	62 48	9 47	57 42	84 55	5 51	1 53	67 48	42 44	7 50	6 50	52 54	81 52	82 58	28 58	32 47	27 56	70 57	22 51	13 35	17 54	58 54	43 47	68 50	29 49	60 50	72 48	85 36	51 50	4 46	39 49	16 49	93 60	8 46	21 50	69 46	76 56	36 60	25 44	19 57	98 45	10 46	63 50	54 57	23 58	71 60	30 54	95 56	77 53	55 54	97 48	73 49	56 49	79 58	20 50	3 50	87 45	48 53	99 48	83 51	78 54	0 51	50 47	31 53	44 45	92 49	90 51	46 44	66 46	91 56	61 60	86 53	64 48	14 57	41 51	80 48	88 45	35 53	47 48	24 41
71 49	67 50	6 50	40 47	53 52	21 54	23 51	61 56	33 49	29 47	65 45	48 44	54 47	26 53	86 56	66 52	87 47	7 64	79 51	97 52	60 50	43 47	85 50	88 50	98 53	4 55	50 55	57 48	56 47	51 49	77 47	32 42	69 49	2 52	28 49	52 51	24 59	55 50	64 53	38 43	58 47	15 60	82 56	63 54	36 57	75 55	42 46	76 63	70 41	83 51	25 52	92 45	46 46	47 62	62 46	68 56	35 55	39 57	16 49	81 42	30 46	44 43	37 53	93 52	3 51	95 44	84 51	14 59	13 55	10 47	45 51	94 47	34 53	19 45	5 51	41 53	90 56	17 53	96 44	73 54	1 56	9 48	22 47	8 56	11 61	59 50	74 51	20 56	0 46	12 46	99 48	49 48	18 53	27 47	80 50	91 51	78 50	31 47	89 46	72 50
35 54	92 46	95 46	8 51	78 52	73 51	41 55	34 53	81 39	45 54	87 52	36 55	26 45	5 53	6 56	53 49	44 58	47 60	68 47	52 48	57 38	59 45	33 50	71 53	72 50	31 44	61 52	29 54	12 48	65 63	28 47	62 54	63 47	14 58	55 56	42 47	22 48	10 52	46 43	54 49	49 48	80 53	97 51	85 46	50 48	89 42	79 65	27 53	86 47	7 59	83 43	25 48	48 45	17 54	15 46	16 58	66 61	91 49	51 42	20 47	4 43	82 51	99 46	76 43	90 60	94 58	18 57	96 50	43 50	70 57	21 49	30 40	9 54	19 57	60 44	37 45	56 48	3 46	2 50	93 50	11 52	38 50	23 49	77 47	74 54	88 57	13 56	0 49	39 48	75 45	84 44	64 44	1 56	40 50	98 60	32 49	69 52	24 56	67 48	58 43
32 49	54 51	53 45	5 42	71 35	76 47	2 51	3 59	43 47	95 46	35 53	13 52	52 43	4 50	67 50	75 46	63 51	51 57	16 47	0 46	47 46	90 42	92 49	79 52	74 54	36 52	9 57	94 51	42 43	46 55	96 49	82 53	21 49	88 46	8 62	14 50	98 50	15 41	73 50	38 59	41 51	84 46	55 55	99 46	65 52	37 47	89 35	77 48	27 48	56 51	39 52	48 42	91 49	22 48	25 43	10 55	59 56	78 52	66 56	81 47	97 48	28 47	62 52	45 47	61 49	58 47	87 44	12 51	17 49	1 46	34 54	57 53	93 46	29 58	7 45	49 47	30 49	26 46	44 54	60 43	33 45	50 48	24 55	69 46	19 58	18 52	40 62	11 60	20 45	64 50	31 58	83 56	70 48	80 49	72 48	86 62	85 52	68 48	23 48	6 43
45 50	59 44	26 54	9 49	81 49	60 40	67 46	49 45	44 46	33 44	24 49	53 56	56 40	64 47	62 53	8 54	31 48	46 51	7 47	39 55	74 52	13 51	16 45	15 47	51 50	30 50	14 44	48 46	22 41	77 49	75 54	27 52	17 46	4 45	76 40	50 52	19 58	83 53	73 45	37 40	82 63	71 52	91 43	63 46	61 57	70 45	42 47	89 49	12 54	5 50	88 43	52 48	41 61	32 53	90 43	99 50	36 56	35 49	20 58	43 46	72 38	93 56	95 46	97 46	87 44	10 53	21 55	6 54	69 49	1 40	29 52	2 46	38 52	3 46	25 62	0 46	57 48	78 60	47 45	79 59	65 46	23 57	11 48	66 59	18 56	55 50	28 54	94 48	58 43	84 54	68 53	54 47	98 48	85 51	96 54	80 49	34 47	92 48	86 47	40 48
45 58	65 53	55 43	73 54	52 47	37 62	46 51	8 50	38 47	12 58	79 60	5 46	42 61	96 42	51 46	2 47	40 48	70 43	81 54	94 58	9 47	98 44	66 45	0 55	78 51	18 51	11 55	99 50	15 53	48 61	6 61	32 51	41 39	26 39	14 55	77 58	89 48	13 47	90 54	36 67	49 48	92 49	35 56	7 55	33 54	34 48	67 50	3 48	30 48	44 52	84 54	85 52	58 51	17 57	1 62	39 60	71 42	64 43	57 46	50 62	25 49	93 63	54 49	76 48	61 57	88 57	4 47	21 56	24 54	97 53	82 49	80 39	68 40	69 45	29 47	63 53	28 56	95 50	60 52	86 50	47 54	72 48	87 51	83 56	20 53	19 51	74 56	16 49	91 54	59 58	53 52	10 44	31 44	23 48	22 46	43 41	62 56	56 52	27 49	75 52
