50	40
14 49	35 44	39 54	21 53	33 49	3 50	8 47	30 50	12 38	38 43	32 48	36 55	26 54	29 47	24 38	34 45	18 52	15 51	4 54	6 43	10 50	28 51	9 52	19 41	17 54	11 53	23 55	5 53	22 52	0 51	27 48	7 51	1 50	31 41	2 49	37 56	16 53	20 55	13 46	25 56
12 55	34 51	24 45	26 51	16 47	3 43	31 47	8 44	6 51	13 44	38 49	27 48	1 55	39 53	14 57	32 57	33 46	9 52	2 47	35 60	23 47	7 53	37 43	11 61	4 42	29 46	25 47	18 49	10 55	0 55	15 42	30 45	22 58	36 52	5 55	28 54	19 55	21 45	17 53	20 59
34 44	4 54	21 45	26 50	28 51	20 51	30 48	5 47	33 50	18 57	9 54	10 57	12 57	39 44	14 37	17 49	37 43	22 55	7 46	6 50	29 52	19 53	27 49	2 51	8 52	31 53	11 50	38 58	32 48	23 51	35 46	1 55	24 50	0 46	16 46	3 55	25 42	13 44	15 51	36 55
13 59	21 47	7 44	39 47	26 51	29 42	32 46	35 42	1 45	19 50	17 52	18 50	28 48	31 60	3 53	5 62	4 48	33 49	14 39	15 51	25 53	11 46	23 40	37 50	12 52	38 47	34 48	9 47	10 47	22 49	36 52	6 55	30 55	24 45	27 52	16 60	0 52	8 48	20 49	2 41
27 48	6 49	39 52	24 54	25 51	32 53	7 47	19 49	2 50	5 52	8 59	12 47	28 55	38 53	23 42	31 43	3 53	18 50	20 49	26 52	14 49	22 52	34 52	13 45	17 53	10 45	11 42	29 42	36 49	4 53	30 48	15 46	37 50	9 50	1 44	0 53	35 53	16 45	33 55	21 46
22 54	9 54	31 49	25 54	18 46	2 46	3 46	6 53	7 55	37 43	8 51	12 60	30 47	14 55	28 51	4 47	11 50	15 52	1 46	26 51	38 48	33 51	5 45	10 52	39 41	16 54	23 47	19 47	32 50	17 54	29 52	35 50	13 56	36 44	27 45	34 42	0 56	21 43	20 45	24 41
13 48	36 52	39 48	29 49	12 43	2 52	8 48	19 49	17 40	14 42	27 54	6 50	7 54	0 46	16 50	33 41	1 47	10 49	18 50	15 52	31 47	35 58	24 58	4 54	20 56	30 51	22 53	23 52	32 40	21 50	34 46	37 55	5 51	25 49	3 51	28 52	26 56	9 44	38 51	11 48
17 49	32 57	36 51	6 45	15 53	0 53	29 51	34 54	23 48	2 49	27 59	21 47	19 47	31 57	12 41	24 37	3 49	26 48	28 41	5 45	8 57	35 52	33 41	1 44	11 42	20 52	39 61	13 57	37 52	16 64	10 46	30 48	38 51	18 47	7 53	4 41	14 44	25 54	9 52	22 52
29 38	11 53	37 41	15 51	1 45	31 59	18 53	19 50	16 56	2 45	13 50	33 52	3 48	34 51	21 52	35 53	24 55	39 50	22 53	12 49	7 45	17 52	26 41	30 53	8 54	38 54	0 57	20 56	23 45	4 50	6 49	28 50	14 47	25 48	9 60	5 50	10 49	32 49	36 51	27 52
32 49	34 52	20 61	18 51	16 45	33 55	9 49	2 47	36 50	35 45	17 50	14 49	29 52	1 50	21 53	31 47	4 52	19 51	10 52	3 52	7 50	13 56	24 35	6 54	28 49	12 42	25 49	11 45	15 47	39 44	5 51	26 49	22 42	38 40	27 49	30 47	23 45	37 45	0 53	8 53
31 53	23 54	4 42	21 52	16 62	17 59	19 54	11 42	9 42	20 55	3 50	26 44	12 53	35 51	38 47	5 52	14 63	0 44	29 45	25 45	8 52	36 40	37 49	34 53	13 49	22 46	27 53	2 41	7 57	18 42	28 46	33 50	24 47	1 56	39 49	6 53	30 42	10 53	32 50	15 47
36 48	20 42	25 53	34 49	17 53	23 50	21 41	1 56	31 51	14 46	26 56	8 57	30 46	28 48	24 53	19 49	38 54	6 48	2 42	0 43	27 49	33 58	15 50	39 55	10 57	3 54	37 53	32 54	11 58	18 50	12 42	5 42	29 51	9 47	13 46	35 52	7 52	16 47	22 55	4 46
11 46	24 47	35 53	15 44	28 51	0 56	4 48	25 55	29 58	31 44	20 38	16 52	19 41	38 47	27 49	3 56	1 57	6 41	8 54	7 47	13 50	2 51	33 48	9 55	30 47	34 42	10 52	26 54	17 53	21 62	14 41	18 50	23 51	22 41	5 51	32 51	39 49	12 44	37 51	36 52
26 44	5 50	36 50	7 57	25 51	33 57	1 53	2 52	14 41	13 53	12 50	6 43	10 48	39 42	16 49	27 51	3 52	0 45	11 45	34 53	37 48	38 40	15 59	29 53	8 42	4 59	9 46	19 49	21 46	35 47	20 46	24 56	17 47	22 54	30 57	32 57	18 55	31 51	23 44	28 48
9 44	11 48	4 47	5 50	26 42	3 56	24 52	29 51	32 49	36 49	19 60	8 48	28 55	2 52	22 57	21 52	6 46	27 47	35 44	15 44	31 47	13 52	10 58	14 48	20 60	16 51	38 57	0 45	25 49	34 45	18 53	1 53	33 50	39 47	30 43	37 50	7 55	12 50	17 53	23 43
2 50	22 46	35 46	21 48	10 50	13 59	38 50	3 48	0 47	12 56	7 61	23 53	6 49	30 44	15 45	16 47	8 46	9 51	24 44	29 57	39 54	37 47	5 49	14 57	32 56	34 44	33 42	11 50	17 53	1 54	28 50	27 42	36 47	31 40	25 55	4 52	19 54	20 54	26 64	18 57
32 52	27 51	22 57	20 52	19 54	6 36	35 54	24 48	4 52	34 48	8 49	17 53	26 44	30 53	38 45	11 48	7 48	31 47	16 52	39 47	5 37	12 61	33 47	28 50	0 42	37 48	1 52	29 46	21 53	36 51	13 50	25 53	9 51	23 44	18 51	10 50	2 55	3 50	14 52	15 45
0 52	9 43	21 51	25 52	34 47	20 45	24 54	16 45	32 53	2 54	27 53	23 40	13 42	12 49	8 52	5 62	11 40	39 47	28 53	36 49	1 55	18 50	29 53	35 48	14 52	19 53	6 47	30 51	10 44	38 45	15 47	37 54	22 52	4 49	7 52	26 55	33 40	3 51	31 57	17 56
28 53	39 59	1 56	26 51	8 53	34 53	20 46	13 43	17 50	14 38	22 56	6 55	9 44	16 44	15 54	11 52	18 64	36 49	5 40	4 40	33 47	30 56	31 37	10 55	37 57	0 51	2 49	12 56	3 51	27 59	7 66	29 53	35 53	19 45	32 54	23 48	38 51	21 41	25 46	24 54
14 48	9 42	21 56	16 44	32 58	2 60	37 53	38 49	15 48	1 54	3 56	29 48	25 49	10 47	34 51	27 51	31 39	36 58	18 53	26 60	23 52	11 47	13 47	8 46	19 54	12 50	22 51	35 58	28 55	0 52	5 51	4 45	39 59	7 51	30 55	6 51	20 57	17 57	24 44	33 57
13 47	10 43	14 44	28 47	29 51	12 52	30 50	39 51	22 43	35 50	18 45	36 53	8 45	2 44	6 51	7 48	4 54	5 49	1 51	20 56	11 43	15 63	0 53	21 40	27 54	33 56	34 49	23 44	32 59	25 46	24 38	26 55	16 47	37 46	38 46	19 52	17 57	9 42	31 49	3 54
19 61	11 42	26 47	14 47	28 54	18 57	13 48	17 55	27 54	2 51	6 45	33 46	29 50	25 49	10 48	22 50	32 45	7 56	36 48	34 43	35 52	38 49	4 52	15 45	3 51	21 54	31 47	37 47	12 42	5 48	9 49	39 51	1 58	0 56	24 52	23 50	30 42	8 54	16 51	20 50
0 63	17 49	20 48	5 45	6 52	11 51	3 52	37 46	31 51	34 46	26 45	30 43	4 57	19 47	36 44	25 53	2 54	33 63	22 51	35 50	7 53	29 54	28 50	32 45	12 49	13 45	24 53	15 50	8 57	1 50	38 48	39 46	14 48	16 41	27 54	23 46	10 45	18 45	21 53	9 53
8 55	26 50	20 47	34 50	15 45	27 53	18 46	24 46	13 40	4 41	17 50	21 46	31 54	7 48	23 54	33 55	16 55	39 43	3 46	1 49	9 49	22 54	38 57	5 47	0 54	2 54	25 46	28 46	12 51	6 51	37 51	30 40	14 46	19 47	10 59	35 53	29 55	32 53	36 47	11 50
7 50	36 51	2 56	14 56	24 51	21 55	11 53	35 49	28 52	0 49	6 43	17 58	13 58	15 48	8 57	29 44	37 53	19 50	31 49	12 48	34 52	32 41	18 51	27 52	10 58	16 37	23 50	33 43	39 46	9 60	4 59	26 51	22 50	30 49	25 53	5 48	38 48	1 49	20 42	3 54
35 49	14 49	3 46	10 49	16 62	6 43	19 46	7 54	21 53	23 52	1 52	22 42	38 46	9 37	28 51	29 51	37 47	11 49	24 52	2 39	8 40	4 49	15 44	30 50	5 43	0 51	33 48	25 49	12 42	31 46	26 51	18 58	36 51	27 41	17 43	32 51	20 41	34 47	13 49	39 48
1 51	6 56	17 56	9 44	29 52	22 52	13 53	16 59	28 45	3 47	15 44	24 52	14 45	30 54	2 49	8 42	27 51	4 51	19 45	12 50	20 61	26 48	23 44	21 42	5 54	11 61	0 45	36 49	37 44	7 58	34 59	33 58	39 46	32 50	38 46	25 50	18 52	35 54	31 43	10 43
35 46	4 57	17 46	16 49	26 53	6 46	33 48	29 56	18 49	38 50	24 52	7 50	1 55	27 49	21 46	13 58	32 44	15 46	22 54	9 47	11 51	14 48	36 58	37 49	3 45	19 48	8 52	39 41	31 47	28 49	5 56	34 48	12 50	30 47	25 38	0 53	20 57	23 49	10 46	2 50
30 45	13 44	26 40	18 52	37 50	5 53	31 44	3 48	21 47	20 50	33 52	11 51	27 54	32 58	14 46	24 54	6 50	19 54	7 47	15 54	9 47	4 39	2 48	35 54	8 48	12 49	36 41	1 53	17 38	0 51	25 61	39 47	34 54	23 40	16 48	29 46	10 54	28 48	38 51	22 44
17 54	19 54	36 46	14 52	18 48	25 46	4 54	2 50	16 50	28 54	10 58	9 43	32 51	15 49	7 49	8 46	26 45	27 49	24 45	33 44	23 47	31 55	21 51	0 48	12 53	20 46	39 53	1 43	11 43	29 49	3 56	38 55	34 47	30 48	13 56	5 45	35 51	6 43	37 47	22 49
17 53	29 50	34 47	18 55	2 44	1 63	16 46	13 45	15 59	5 49	0 49	24 57	8 49	36 38	30 51	35 51	22 41	10 55	38 58	27 59	39 49	19 52	11 54	9 46	14 51	31 48	4 50	20 54	32 52	6 44	28 46	23 54	7 62	12 52	33 58	26 49	37 52	3 51	25 58	21 56
3 45	38 53	10 51	8 53	1 41	37 47	23 53	30 48	35 48	39 49	20 47	9 51	25 47	28 43	21 54	36 45	27 42	13 46	19 55	12 51	22 41	17 51	18 55	11 58	14 58	6 46	15 45	33 51	5 46	16 53	2 55	29 51	31 54	26 50	0 54	7 58	34 46	24 50	32 38	4 54
8 53	24 49	0 56	12 50	36 55	25 54	14 57	13 47	22 54	34 51	28 55	18 46	21 42	9 49	26 50	10 46	19 45	20 47	27 48	38 58	30 47	5 54	11 55	33 60	23 48	6 46	29 45	1 51	3 49	17 53	37 52	35 48	2 49	31 55	16 45	32 46	4 50	15 52	39 50	7 41
20 43	14 48	33 56	7 51	21 46	24 60	26 48	3 52	25 54	34 53	16 47	4 50	18 51	31 49	22 45	9 53	29 48	15 47	35 55	8 49	32 55	0 48	36 55	27 56	37 44	19 52	38 43	5 47	1 44	10 46	11 47	6 41	23 56	30 53	28 45	17 56	39 55	13 62	2 47	12 50
18 48	36 44	17 44	30 45	19 49	4 47	1 42	15 51	12 56	0 46	26 51	33 52	32 53	21 56	23 41	5 50	13 47	39 50	7 57	8 41	31 49	9 49	37 46	24 50	16 47	6 55	34 59	25 52	14 54	20 44	10 49	29 47	3 49	27 50	35 58	28 54	2 48	38 54	22 45	11 47
0 56	4 52	20 41	12 49	16 44	39 53	36 44	30 52	31 44	3 45	19 44	14 53	29 50	10 55	6 48	32 39	8 42	28 51	38 55	11 41	37 41	15 54	33 60	35 55	34 46	24 51	7 50	25 57	1 53	21 46	22 47	18 50	13 55	23 54	27 49	9 52	17 50	2 50	26 47	5 56
14 55	17 47	37 55	30 50	19 51	28 49	23 54	13 37	12 45	18 50	11 54	29 48	1 47	2 49	4 52	6 43	0 42	32 51	8 48	36 51	22 50	39 51	35 47	9 40	26 50	15 55	7 48	21 47	10 46	24 40	20 52	33 45	38 50	31 56	27 49	3 58	5 49	16 48	25 52	34 59
0 50	39 57	34 44	30 50	17 38	21 51	28 52	29 49	6 51	7 56	12 52	31 55	36 52	22 61	27 47	1 65	15 56	4 58	3 46	26 53	13 53	18 45	10 49	20 50	23 54	24 54	35 58	32 47	2 52	8 46	19 59	9 52	11 50	5 47	14 41	16 48	33 49	38 53	37 51	25 52
35 43	37 57	25 56	6 63	36 51	0 53	12 50	38 53	34 51	29 52	17 46	16 45	24 43	2 53	9 47	21 53	26 55	7 49	22 54	30 53	28 45	1 54	10 44	23 45	18 56	20 60	39 43	33 58	14 48	31 60	4 50	11 44	27 49	5 47	8 49	19 51	32 54	15 56	3 48	13 48
31 49	32 46	7 54	30 46	36 40	20 49	35 51	27 45	17 53	34 49	18 50	23 54	24 54	37 50	25 55	14 53	4 57	33 46	8 43	22 53	28 47	1 50	13 47	21 51	11 63	5 55	16 49	2 50	0 49	39 43	38 48	12 54	19 48	9 54	29 47	3 46	15 45	6 55	10 52	26 46
24 51	5 46	32 50	3 52	34 48	2 49	8 62	15 46	17 51	14 48	23 53	25 48	37 49	26 52	9 53	22 49	4 49	20 45	39 52	35 42	31 48	33 46	11 52	6 48	29 53	7 54	1 52	27 49	13 50	21 48	38 48	16 46	10 50	12 57	0 51	30 56	18 44	28 56	19 58	36 51
18 50	30 48	33 49	4 42	3 54	5 52	14 43	13 47	15 49	34 50	20 58	27 50	0 52	32 48	39 48	25 54	10 46	7 61	23 43	29 44	21 49	12 45	16 59	17 37	11 49	8 59	1 46	22 48	28 51	37 42	31 51	35 52	26 50	19 57	38 47	24 48	9 50	36 54	6 51	2 50
4 52	32 50	8 52	3 50	27 48	38 48	10 58	9 48	2 51	5 52	14 46	13 61	26 45	22 51	39 52	35 48	12 52	36 46	16 56	30 42	33 44	20 48	28 53	11 47	17 52	15 53	19 48	31 42	23 48	18 58	1 51	34 38	21 43	37 55	29 48	25 48	24 55	7 53	0 53	6 38
3 61	21 40	6 53	38 41	9 46	26 49	36 56	39 53	20 45	18 50	34 53	17 44	0 52	32 45	16 55	7 45	5 50	30 53	22 52	15 55	35 55	37 47	12 47	2 49	29 43	10 51	14 47	13 54	24 44	23 49	1 50	33 53	11 56	19 42	27 54	8 51	4 60	25 46	28 40	31 53
39 50	7 56	3 58	4 53	37 57	1 42	38 39	27 50	12 56	30 50	25 50	34 47	18 52	24 45	15 44	8 46	23 49	35 55	33 51	16 51	31 45	9 47	28 57	10 50	21 39	6 58	19 50	29 50	14 50	36 47	32 42	11 52	5 54	22 61	17 58	0 46	13 45	26 47	20 56	2 57
1 45	28 44	0 45	7 45	15 51	17 35	35 53	26 45	11 45	4 50	8 46	5 55	9 54	30 38	39 52	3 52	12 46	24 51	6 44	2 47	14 59	25 58	29 57	37 44	22 53	32 46	19 52	18 51	33 48	13 52	27 52	38 56	23 56	31 52	16 44	34 56	20 53	10 57	21 56	36 57
4 58	6 54	33 45	13 55	36 49	34 54	21 54	29 49	24 51	20 47	12 41	32 47	8 49	16 55	28 51	10 47	30 42	1 49	27 52	17 42	25 52	2 56	26 43	23 53	11 47	14 49	9 42	18 48	22 51	15 50	5 43	31 47	0 48	39 54	3 47	7 53	35 54	38 46	37 39	19 51
4 50	0 51	34 49	2 54	10 48	24 52	3 44	7 52	35 48	22 50	31 46	8 50	5 46	33 52	23 56	38 51	19 41	30 47	36 52	17 44	25 49	13 51	20 44	39 51	14 58	32 48	15 52	6 51	1 47	26 52	11 41	9 49	16 47	37 51	18 51	27 41	29 57	28 53	21 49	12 55
20 50	17 43	10 48	25 59	28 47	39 48	27 45	11 57	35 50	12 53	22 42	14 56	4 54	36 54	23 49	31 53	6 37	15 53	18 46	34 47	38 51	2 52	33 53	30 52	26 50	16 51	0 49	5 45	1 47	13 47	19 57	3 50	37 39	8 56	21 52	29 59	7 37	9 53	32 58	24 57
16 51	6 46	2 40	39 45	35 47	21 49	15 48	8 44	13 49	12 49	36 54	30 50	1 50	26 50	7 58	32 56	28 47	10 48	17 48	23 46	19 56	22 49	20 43	5 56	18 47	29 44	31 48	24 55	9 53	34 54	27 40	3 55	33 56	37 45	4 45	25 54	11 54	38 48	14 47	0 44
