10	90
22 3	38 1	76 1	78 2	0 2	75 2	64 1	85 3	10 1	82 3	35 1	24 1	55 1	21 1	36 2	65 2	73 6	5 1	54 1	40 1	45 1	39 1	56 1	52 7	15 2	79 1	6 1	63 2	28 1	69 2	68 3	18 3	11 5	25 1	84 2	7 1	42 1	89 4	32 1	74 2	29 2	87 1	30 1	12 1	86 1	62 4	37 1	19 1	26 1	33 1	13 1	57 2	47 1	4 2	27 7	17 4	3 1	51 1	46 2	60 1	8 1	50 4	83 3	44 2	58 2	61 1	41 1	66 1	16 2	67 2	14 3	77 1	49 2	1 1	43 1	48 1	70 2	2 1	72 1	9 1	20 1	23 2	59 1	88 4	81 1	34 1	31 6	53 1	71 3	80 1
3 2	79 3	60 1	28 1	31 1	39 9	45 1	67 2	46 1	71 1	51 1	34 1	59 3	33 4	5 2	54 5	80 1	58 1	70 4	64 1	29 1	8 1	73 1	66 1	61 1	24 1	11 1	56 1	19 1	68 2	53 4	76 1	77 3	83 1	26 1	22 1	38 1	12 1	7 1	52 3	20 1	78 2	32 2	9 3	35 2	75 2	69 2	86 1	43 1	23 1	85 1	1 1	16 1	87 1	21 1	57 4	41 1	42 3	62 3	25 5	40 3	2 1	89 2	0 1	74 3	37 4	6 1	44 3	17 1	4 2	88 1	63 2	81 2	27 1	55 4	15 3	18 1	30 1	36 1	14 3	10 1	72 1	49 2	48 2	82 3	13 2	65 1	47 2	50 2	84 4
85 3	64 3	72 1	26 2	89 1	63 8	68 5	74 5	20 2	52 2	2 2	44 2	1 2	79 4	78 1	67 4	3 1	48 1	28 2	69 3	6 2	22 3	50 1	80 1	56 3	88 1	11 1	65 2	66 2	31 1	4 1	71 1	39 1	55 3	32 5	59 2	10 1	77 1	38 2	86 4	35 1	87 1	37 4	17 1	36 2	70 2	27 3	8 2	24 2	47 3	21 1	41 2	18 1	73 1	57 3	54 1	40 2	49 3	15 3	81 2	33 5	76 1	82 2	83 3	34 2	60 1	0 1	51 1	5 2	84 2	23 1	25 1	53 6	14 2	42 2	45 1	7 2	75 1	30 2	13 2	61 1	9 1	43 2	19 2	62 1	12 3	29 1	58 1	16 3	46 1
0 3	60 3	81 2	33 2	37 2	38 1	86 4	35 1	32 1	85 1	49 2	6 2	26 3	19 1	82 2	15 1	42 2	57 1	64 4	25 4	56 2	76 1	59 3	69 5	39 1	58 1	74 4	7 5	71 1	1 1	53 1	55 2	78 1	20 1	70 1	67 4	4 2	29 1	48 2	75 3	8 1	47 1	30 1	14 5	23 1	12 1	87 3	9 3	66 2	80 1	31 2	24 2	89 1	40 1	45 3	72 4	22 2	17 2	79 1	61 1	62 1	11 2	13 3	46 3	44 5	83 3	10 1	18 1	51 4	36 1	52 3	68 2	63 1	5 1	73 1	54 1	88 1	21 5	41 1	50 1	3 2	77 2	16 5	65 1	28 1	27 1	43 2	34 3	2 2	84 2
39 2	37 1	87 1	5 1	4 1	2 1	80 2	0 1	34 1	68 3	16 1	82 1	46 1	11 1	22 2	70 1	66 1	44 2	8 1	13 3	67 2	38 3	89 2	23 3	26 1	45 1	77 1	78 2	57 1	56 1	21 3	88 1	27 2	54 5	40 1	47 3	85 2	6 2	33 3	32 1	63 2	73 1	29 2	9 2	10 4	17 1	48 4	65 1	24 1	30 1	50 1	35 1	76 2	7 2	60 4	79 1	71 4	31 1	14 1	61 1	84 1	49 1	55 2	3 3	83 2	18 1	62 1	43 1	59 1	12 3	75 12	74 2	41 1	69 1	53 5	86 1	15 1	20 1	58 4	42 2	19 12	51 6	81 2	25 2	1 1	72 1	64 3	28 1	36 1	52 4
28 1	69 2	42 1	9 1	40 2	79 1	44 1	27 1	57 3	26 2	22 2	38 1	71 2	48 3	34 4	37 4	54 6	10 1	36 1	51 2	84 1	59 3	75 2	81 2	0 1	74 1	20 1	82 1	35 2	73 7	87 1	11 1	61 1	14 1	62 3	63 3	55 2	83 1	49 1	72 1	15 1	85 4	18 1	76 1	89 1	7 1	78 4	32 2	80 1	31 1	67 1	47 1	19 1	5 2	6 1	21 3	66 2	56 2	70 1	12 2	86 1	1 1	3 3	4 1	53 1	60 1	52 2	13 1	64 1	58 2	33 2	17 6	88 2	29 7	8 2	46 2	23 2	41 1	2 3	39 2	68 1	77 1	45 1	65 2	24 1	50 1	25 2	16 2	43 2	30 1
59 2	83 1	52 1	63 1	58 4	23 2	78 3	9 1	24 3	16 2	51 4	67 1	47 1	29 1	48 2	34 1	62 1	76 1	12 3	4 1	75 5	1 3	31 1	46 1	53 1	84 1	85 2	43 1	27 1	36 1	30 3	57 1	25 2	70 1	40 2	8 1	54 1	86 2	45 1	19 1	17 2	15 2	72 1	22 3	81 4	14 1	3 2	50 1	55 1	77 1	18 3	79 1	71 1	69 1	6 2	64 1	2 3	41 1	32 1	61 3	21 3	74 1	39 2	38 1	66 4	37 2	0 1	60 6	73 1	33 1	20 1	13 1	87 2	88 1	26 1	56 2	68 2	11 2	89 1	5 1	10 3	7 2	82 3	80 2	65 2	42 5	35 1	44 5	28 1	49 1
7 1	17 1	14 2	16 3	85 2	65 2	48 1	64 1	27 2	69 1	57 1	38 1	18 1	30 4	43 1	15 1	41 4	50 1	39 5	11 2	89 1	32 1	28 5	78 3	40 3	9 2	51 4	60 2	80 2	84 1	77 2	86 5	10 2	20 2	2 1	21 1	33 2	74 1	13 2	62 2	72 2	59 1	52 1	26 1	22 1	67 2	0 1	47 2	12 2	70 1	46 1	58 1	54 1	49 3	56 2	5 5	19 4	23 3	37 1	76 1	71 1	35 2	88 2	73 1	53 1	55 2	34 2	66 2	82 2	61 3	24 1	6 1	4 2	29 1	45 2	68 1	42 2	63 2	31 1	3 3	87 1	83 1	75 2	79 2	8 3	44 1	1 1	81 1	36 1	25 1
9 6	44 1	69 2	43 2	66 2	65 1	41 2	86 2	31 1	45 5	88 3	36 2	57 1	16 2	0 2	13 1	87 1	48 6	49 3	74 1	4 2	11 3	5 2	79 1	3 1	21 4	63 1	89 1	33 1	46 1	59 3	55 1	20 1	80 1	15 2	68 2	72 1	37 1	39 1	2 3	10 4	51 2	85 1	71 2	19 2	67 1	50 1	27 1	42 1	52 1	24 2	28 1	22 2	26 1	62 1	75 1	29 1	12 2	61 1	8 3	17 6	56 1	35 1	23 1	81 3	14 1	40 3	60 1	1 2	83 2	82 1	54 4	78 4	6 1	70 1	73 2	76 2	18 2	38 5	84 2	77 2	25 1	64 2	58 3	7 3	32 4	30 5	53 1	34 3	47 2
55 3	72 2	22 4	44 1	33 1	74 3	88 1	54 4	37 1	45 2	52 5	87 1	26 7	76 3	18 2	67 1	42 1	1 4	30 1	51 2	17 1	29 1	64 1	21 2	32 2	83 5	49 2	8 1	4 2	71 3	75 2	23 1	81 2	50 1	35 3	82 2	24 3	80 1	28 1	9 3	84 1	15 1	62 1	25 1	66 2	78 1	7 1	85 4	41 1	57 8	89 2	10 1	39 1	47 1	16 2	68 1	20 3	3 1	2 5	5 1	60 3	0 1	14 2	70 2	40 3	79 1	86 3	38 1	56 4	58 4	48 1	59 1	73 3	65 4	19 1	31 1	53 1	43 2	63 3	36 2	27 1	61 1	34 2	6 1	11 2	77 2	69 1	13 2	12 1	46 1
