70	5
3 60	2 43	1 47	0 54	4 53
0 59	2 48	1 55	4 61	3 59
1 43	2 47	4 49	0 44	3 43
3 58	2 42	1 64	0 49	4 59
2 50	4 51	0 47	3 57	1 47
1 45	2 55	4 52	3 54	0 56
4 50	0 51	2 48	3 52	1 54
2 55	1 48	4 54	3 44	0 49
4 45	0 37	3 54	1 54	2 60
3 44	2 58	1 51	4 45	0 46
0 48	4 46	3 53	1 50	2 48
4 39	0 50	3 47	1 55	2 54
4 51	0 45	2 50	3 54	1 50
3 46	2 46	4 51	1 48	0 49
3 49	2 49	1 53	0 48	4 52
2 50	1 54	0 54	3 54	4 44
2 54	4 47	1 39	3 46	0 57
1 48	3 53	0 47	2 43	4 50
0 49	4 56	2 47	1 51	3 49
2 43	0 47	1 51	4 56	3 51
3 46	0 56	2 44	4 49	1 53
4 44	1 36	0 56	2 53	3 50
1 54	0 54	2 54	3 46	4 43
4 45	1 45	2 57	3 56	0 45
3 52	4 43	0 54	2 42	1 48
1 54	0 49	4 48	3 57	2 54
2 49	4 53	3 45	1 43	0 49
2 42	1 45	3 56	4 43	0 48
2 53	3 57	4 48	0 46	1 54
2 51	0 52	1 51	3 63	4 49
0 46	3 49	2 51	1 50	4 53
1 48	4 52	2 44	0 52	3 54
1 51	2 39	3 50	0 49	4 55
2 52	3 52	0 49	4 50	1 55
1 49	3 39	2 55	0 47	4 55
2 47	1 53	0 49	4 43	3 50
3 50	4 47	1 53	0 48	2 47
4 48	0 61	2 52	1 48	3 53
4 51	1 46	3 55	0 49	2 52
1 46	0 50	2 46	3 45	4 49
4 54	3 55	1 46	0 45	2 49
0 49	4 46	1 51	2 63	3 53
0 51	2 55	4 53	1 62	3 46
1 56	3 50	4 52	2 46	0 49
0 56	1 54	3 57	2 50	4 39
0 46	4 47	1 49	3 43	2 53
1 54	2 43	4 51	3 52	0 47
2 61	4 40	0 49	1 52	3 54
2 54	1 55	0 50	3 51	4 52
0 53	2 46	1 53	4 59	3 50
1 51	3 48	0 55	4 52	2 55
1 50	0 56	4 53	3 53	2 46
4 49	3 50	2 59	0 52	1 69
1 44	2 44	4 48	3 49	0 44
0 60	3 54	4 48	1 58	2 40
4 55	1 48	0 40	3 48	2 49
2 52	0 53	4 38	1 50	3 56
0 46	1 57	4 51	3 52	2 52
3 43	0 49	2 45	4 48	1 52
3 47	0 56	4 46	2 49	1 57
4 52	2 55	0 52	1 45	3 47
0 50	4 50	1 50	2 46	3 46
3 54	4 51	1 42	2 44	0 49
4 45	3 50	1 51	0 51	2 43
1 56	2 47	4 52	0 51	3 43
4 52	2 46	3 41	1 47	0 37
4 52	3 52	1 42	0 48	2 49
2 59	0 53	3 46	1 42	4 49
0 50	1 44	2 37	3 48	4 46
1 53	4 62	2 53	3 43	0 47
