50	20
8 54	17 60	11 47	6 50	9 45	5 57	18 52	7 54	0 50	15 52	2 54	19 51	3 49	4 49	1 55	12 55	16 52	13 43	10 51	14 56
6 46	2 41	18 50	0 42	11 55	7 53	19 50	1 47	12 55	3 44	5 54	13 45	14 49	15 59	4 43	8 55	17 53	16 52	9 52	10 57
15 47	16 46	14 45	5 47	10 53	6 51	11 50	12 47	13 47	9 56	2 57	17 43	7 56	18 59	3 45	8 52	0 54	1 50	19 63	4 55
10 42	19 52	11 51	18 49	16 56	1 50	0 48	7 54	9 55	3 59	13 46	15 52	8 52	2 41	14 47	5 48	12 46	4 49	6 49	17 56
3 39	15 43	4 55	2 44	12 53	10 44	19 44	7 48	1 57	9 49	6 49	16 44	18 50	14 49	8 56	13 53	17 50	0 54	5 57	11 50
18 47	3 54	19 46	7 45	8 50	14 50	5 50	16 46	11 51	0 61	13 56	10 58	12 52	4 54	1 51	6 51	17 55	2 46	15 50	9 44
9 52	11 57	14 60	13 61	15 51	0 47	12 46	4 51	19 53	2 46	1 43	8 44	17 47	5 37	3 57	7 44	10 51	6 48	16 55	18 49
2 51	19 46	4 43	15 48	5 41	8 49	16 45	7 52	1 47	0 54	9 43	14 48	12 45	6 54	18 52	17 52	3 52	13 54	11 49	10 44
18 49	11 50	19 46	0 41	6 49	14 46	13 46	12 44	10 42	8 54	4 46	2 46	1 53	17 45	3 56	7 55	5 42	9 48	16 49	15 52
7 48	15 54	18 44	6 55	2 56	5 53	0 46	1 46	14 51	11 46	10 52	8 53	12 56	3 49	9 54	4 46	19 42	13 45	16 48	17 52
1 57	12 50	13 45	2 40	11 58	0 47	8 48	6 53	19 48	16 43	5 53	17 50	15 52	3 48	18 51	7 53	10 52	14 50	4 51	9 59
5 50	9 53	6 52	1 47	4 61	3 53	15 63	18 55	16 51	13 53	7 39	10 46	8 44	0 58	14 48	2 55	19 48	17 53	12 45	11 62
16 53	7 57	14 60	9 50	18 51	10 53	3 61	11 47	5 51	4 48	19 45	6 50	2 42	1 55	8 53	13 52	15 48	12 49	0 41	17 55
18 50	4 55	9 60	1 48	15 47	5 55	7 48	13 50	0 48	10 51	16 52	17 58	2 55	19 53	3 40	11 63	6 51	14 43	8 60	12 57
3 48	6 49	18 48	17 50	1 52	4 54	15 56	16 51	8 51	13 45	0 49	2 54	19 52	10 45	9 52	5 58	14 54	11 43	7 50	12 49
10 51	15 36	0 50	2 39	9 47	19 50	7 42	6 44	16 45	17 57	1 49	13 50	3 52	4 54	8 43	14 62	18 56	11 55	12 51	5 40
1 51	17 51	3 45	4 53	0 48	9 46	18 57	8 50	14 47	11 48	16 46	19 56	6 57	2 54	7 46	13 56	5 43	10 51	15 45	12 49
3 49	15 49	4 52	13 54	19 45	18 53	6 50	9 54	1 55	0 46	14 49	2 46	12 46	10 52	16 50	8 54	5 47	7 57	17 50	11 53
17 48	12 48	7 47	13 57	1 44	10 43	8 51	9 46	6 47	3 60	18 43	19 51	5 47	16 43	2 51	14 52	15 51	4 56	0 50	11 49
14 54	13 48	3 46	17 51	9 48	6 46	5 51	10 40	11 49	18 55	8 47	12 52	2 44	15 51	4 62	16 50	1 57	19 44	7 50	0 43
13 38	15 47	2 53	3 49	19 51	14 50	7 43	12 48	6 51	16 58	1 41	9 53	4 52	5 50	10 47	11 51	0 52	8 52	17 48	18 57
11 47	15 50	0 47	4 51	2 55	7 47	9 56	10 50	14 54	3 53	13 54	5 47	8 49	12 55	16 52	6 45	1 45	18 46	17 49	19 47
11 44	7 52	15 55	2 52	5 52	3 44	19 43	8 43	12 48	4 45	9 44	0 49	1 53	18 39	17 47	14 54	16 35	10 53	6 51	13 51
14 48	11 55	8 49	19 55	1 56	13 46	2 42	5 56	17 55	0 58	7 55	18 49	9 43	4 50	6 47	16 43	12 51	3 39	15 47	10 47
17 49	6 53	7 49	10 49	13 50	16 39	8 42	3 50	1 52	15 47	4 40	2 48	0 52	11 54	9 53	12 47	5 39	18 47	14 52	19 48
5 55	0 50	15 52	11 50	10 53	9 49	3 47	1 49	8 56	7 50	2 48	19 55	12 42	14 45	18 47	17 53	13 47	6 43	16 52	4 60
5 55	10 49	16 49	15 37	18 46	19 53	4 46	2 60	14 52	6 51	17 48	12 48	1 35	3 47	0 50	13 45	11 52	7 58	8 51	9 45
3 51	1 55	19 55	12 44	14 46	17 54	7 52	2 45	10 55	15 48	16 44	8 41	4 51	13 59	0 57	6 49	5 45	18 53	9 41	11 50
18 54	3 50	12 48	2 51	0 52	9 55	4 43	6 53	5 45	1 50	10 56	13 49	7 51	19 52	15 42	11 55	8 42	14 53	17 45	16 46
4 58	9 55	3 62	11 53	17 51	12 50	8 47	2 56	5 54	16 46	6 46	13 61	18 43	19 58	14 50	7 52	10 42	15 47	1 52	0 51
2 52	1 48	9 52	10 49	18 49	4 52	7 52	12 55	8 50	16 49	6 40	5 45	17 50	3 52	14 45	0 51	13 51	11 46	19 47	15 50
8 51	11 52	18 52	5 56	19 48	7 55	15 47	9 48	6 49	4 49	16 41	2 46	12 48	0 42	10 37	3 43	17 50	13 51	14 51	1 42
17 55	18 54	7 45	8 51	1 49	12 54	3 63	16 53	4 52	9 51	19 42	11 52	15 51	5 46	10 52	13 46	6 54	2 53	0 49	14 55
18 47	6 56	19 53	10 55	0 54	4 62	14 48	11 46	2 48	7 53	15 46	3 55	8 50	12 53	17 55	5 59	13 52	1 47	16 51	9 53
12 44	4 52	0 43	15 50	10 49	19 53	13 44	17 50	9 50	18 50	1 58	3 55	6 48	5 50	16 49	7 55	8 51	2 53	14 44	11 55
2 50	1 42	7 52	10 50	3 55	17 52	5 47	0 67	18 48	6 56	19 50	14 57	13 53	11 52	12 51	8 57	4 48	16 59	9 49	15 56
1 51	5 53	13 51	11 46	10 45	19 51	12 45	15 48	16 46	17 52	3 55	9 47	7 48	18 48	8 55	2 48	14 55	4 51	6 50	0 53
13 50	1 54	9 58	0 52	10 54	4 45	8 46	6 55	14 50	19 52	7 47	3 46	5 46	17 50	16 60	18 50	11 52	2 46	15 58	12 52
15 48	12 51	6 46	16 47	8 48	10 49	14 49	13 55	11 40	17 50	9 49	5 46	19 42	1 56	4 45	2 42	3 50	18 50	7 60	0 54
6 52	10 54	2 53	11 59	0 54	9 45	3 52	16 39	19 50	17 49	15 58	12 51	4 49	13 51	8 56	18 52	1 54	14 52	7 54	5 47
14 51	0 45	16 67	15 52	4 43	17 46	7 51	2 42	3 52	6 43	13 51	9 50	19 59	1 47	18 59	5 56	8 53	10 47	12 52	11 50
6 50	0 47	8 56	14 50	16 53	15 49	10 50	7 50	9 46	2 53	13 58	11 43	12 55	1 56	17 37	18 50	3 51	4 55	5 41	19 44
1 50	17 55	14 39	15 51	5 43	7 49	11 44	18 59	4 53	3 56	2 50	6 44	9 58	13 51	19 50	8 59	12 62	10 51	16 49	0 56
19 43	9 53	17 51	3 45	8 48	15 46	6 53	12 50	16 54	4 59	2 53	5 53	1 57	11 46	14 46	10 53	0 51	7 47	13 57	18 41
15 44	6 49	2 58	3 55	7 48	8 51	9 49	4 50	19 47	14 57	1 46	10 47	11 54	18 53	5 50	17 57	13 48	12 54	0 47	16 53
9 53	4 54	0 52	17 54	1 54	7 45	14 51	11 54	10 54	13 42	5 47	16 57	15 53	3 56	2 57	12 51	8 58	19 48	18 51	6 44
19 47	8 48	15 52	3 44	4 42	13 55	11 49	18 35	5 48	12 45	17 51	9 37	2 50	16 44	14 55	7 49	6 57	1 41	10 54	0 49
3 49	0 62	9 52	18 46	13 49	1 37	4 51	11 52	6 49	15 51	8 50	10 50	2 58	17 56	14 42	19 49	7 57	5 47	12 53	16 58
15 51	16 48	10 43	18 45	14 45	4 48	0 50	6 46	5 61	1 55	13 58	9 53	12 49	17 52	19 47	11 53	7 47	8 49	3 48	2 56
8 44	19 46	2 49	13 53	17 55	14 52	1 50	6 49	7 55	18 43	9 46	16 44	5 48	15 42	10 49	4 53	11 46	0 42	12 50	3 46
