40	20
4 5	5 2	9 1	10 1	2 2	13 1	3 2	14 1	0 2	7 4	18 1	19 1	12 2	6 1	1 2	11 1	17 2	15 3	16 2	8 1
5 3	4 1	9 5	15 2	10 4	1 1	17 2	14 1	8 4	0 1	13 1	2 2	19 1	18 1	6 1	16 1	3 3	11 2	12 1	7 1
19 1	13 1	5 2	12 2	7 1	8 1	11 5	10 1	17 2	6 1	2 1	16 1	18 1	0 1	3 1	15 1	4 4	1 3	9 1	14 2
0 1	13 1	5 1	18 4	16 5	6 2	7 1	17 1	4 3	8 2	2 1	14 1	19 3	10 1	3 1	1 3	9 1	15 2	12 1	11 2
19 2	3 1	0 2	10 3	5 1	8 2	6 3	1 2	13 3	16 1	14 5	7 2	4 3	11 1	9 1	12 4	2 3	15 1	17 1	18 1
11 2	5 1	12 1	14 1	0 1	16 1	4 1	17 1	8 1	3 1	18 2	15 1	9 1	7 3	10 5	6 2	19 1	2 4	1 2	13 2
17 1	0 1	11 3	6 3	2 2	4 2	8 1	15 4	1 1	16 2	3 1	10 1	14 1	9 1	7 5	13 2	5 1	12 2	19 1	18 4
3 3	17 1	0 3	15 1	6 1	1 1	5 1	10 3	16 4	12 3	18 1	11 2	19 1	9 2	2 1	14 1	8 3	4 4	7 2	13 1
10 2	2 1	7 2	5 1	19 3	11 1	1 1	14 1	0 2	3 1	16 2	9 8	6 4	4 1	17 2	12 2	15 1	8 7	13 3	18 1
11 1	2 4	9 2	3 3	10 1	7 2	19 2	16 3	8 3	4 2	13 3	15 1	0 1	6 1	1 1	17 2	5 3	12 1	14 2	18 1
7 3	17 1	12 1	15 3	14 1	10 1	0 5	2 2	1 2	3 1	9 1	5 3	8 1	18 1	4 3	16 1	11 1	19 5	6 1	13 2
0 2	16 10	2 1	8 1	9 2	18 1	13 4	7 7	10 2	5 1	6 1	19 1	1 1	4 2	12 8	3 2	14 4	11 1	17 1	15 2
17 1	9 1	4 5	3 1	0 1	8 4	12 1	16 1	15 2	7 1	1 2	13 1	18 1	5 2	11 1	19 2	10 1	14 11	6 2	2 3
17 1	11 1	13 2	1 2	19 1	14 3	10 2	15 4	12 1	5 1	3 1	6 1	2 1	0 2	16 1	8 1	7 5	4 1	18 1	9 3
18 2	15 5	13 1	19 1	16 1	9 9	8 1	12 1	2 1	6 3	10 2	11 1	14 1	17 2	5 1	4 1	7 2	0 2	3 2	1 1
2 1	13 1	5 1	3 1	12 3	1 1	14 2	9 1	11 1	17 2	19 2	15 2	6 1	10 2	18 1	8 1	7 1	0 2	16 1	4 1
2 1	11 2	13 4	16 3	8 2	18 1	17 2	19 2	9 2	4 1	12 1	6 1	15 1	3 1	0 3	5 2	1 1	14 1	7 5	10 2
4 1	11 2	19 1	18 2	14 3	13 1	9 2	0 3	1 8	15 2	16 2	8 2	17 1	6 1	7 1	2 1	10 1	12 1	5 1	3 4
14 2	16 6	17 2	4 1	9 3	6 1	19 1	0 2	10 2	8 1	15 1	7 1	18 1	5 1	2 1	11 2	3 2	13 2	12 2	1 1
9 1	2 1	6 1	10 4	7 1	18 4	4 1	14 1	0 2	16 1	12 1	15 1	3 1	8 1	17 2	11 2	13 1	1 4	19 1	5 1
14 2	5 2	3 2	12 1	19 2	17 6	18 1	10 14	7 2	2 4	0 1	1 1	6 1	9 4	8 4	15 1	4 1	13 1	16 1	11 3
14 4	6 4	10 2	7 3	16 4	19 1	3 2	2 4	17 1	9 4	5 1	13 1	8 2	12 1	15 1	4 2	1 1	11 1	18 1	0 1
6 1	2 1	13 7	18 2	3 2	14 1	19 1	10 1	0 1	16 1	7 1	11 1	4 1	5 2	15 2	1 2	8 1	12 1	9 2	17 1
19 3	8 1	16 3	13 1	9 2	1 5	7 1	15 1	5 1	12 1	17 1	4 1	0 1	18 1	11 1	3 1	2 1	14 2	10 3	6 2
13 4	3 4	17 1	15 1	10 2	5 1	7 1	8 2	11 2	0 1	12 2	19 2	4 3	14 1	6 2	16 1	1 1	9 1	18 1	2 1
5 1	16 1	0 1	1 1	3 2	13 3	8 1	19 5	7 5	4 1	6 2	14 3	9 1	2 1	11 1	10 1	17 1	12 1	15 3	18 1
18 3	6 1	5 2	1 2	10 1	13 2	2 1	19 1	15 3	12 1	17 1	11 2	16 1	8 1	3 1	9 1	0 1	14 1	4 1	7 3
3 2	19 1	4 2	18 2	2 1	11 2	6 2	7 1	0 1	5 3	8 2	9 1	1 1	10 2	14 3	12 2	15 1	17 2	13 1	16 9
3 1	9 1	4 3	12 2	0 2	2 1	16 3	11 1	6 1	5 1	17 1	18 5	14 2	7 3	15 2	1 3	13 2	8 2	19 4	10 1
5 1	16 1	12 1	17 3	4 2	1 5	11 1	13 2	7 4	6 2	18 2	2 1	0 1	15 4	10 1	14 2	19 2	3 2	8 1	9 1
10 1	14 3	4 1	2 1	7 4	15 1	1 6	19 5	18 2	0 1	16 1	11 2	5 3	8 1	6 1	12 2	9 3	13 3	17 1	3 1
10 1	9 4	7 1	19 2	14 2	15 3	3 2	11 3	18 2	4 2	6 1	8 1	2 1	16 1	13 3	17 4	5 1	12 1	0 2	1 1
1 3	3 5	8 1	12 4	13 2	11 1	17 4	14 2	2 1	0 1	9 4	19 4	16 1	7 1	4 1	15 1	10 2	5 1	6 2	18 1
2 1	18 1	3 1	16 1	19 4	13 1	8 1	11 1	17 1	15 2	7 1	10 1	1 1	6 1	14 3	4 2	5 4	12 4	9 2	0 4
7 3	11 3	15 2	9 2	6 1	19 3	4 2	5 2	8 1	13 1	1 3	14 2	12 3	3 1	17 1	18 2	0 1	2 1	16 1	10 3
17 1	4 1	10 4	6 2	11 1	9 5	13 1	7 1	14 1	5 4	15 1	3 1	16 2	19 2	0 4	8 1	1 1	12 1	2 1	18 3
4 5	3 2	16 1	15 2	0 1	11 2	14 1	6 2	19 1	12 1	2 2	8 3	7 2	10 2	17 2	13 1	18 3	9 2	5 2	1 2
12 3	13 1	10 2	1 1	17 1	3 3	7 1	5 3	4 4	6 1	16 2	18 3	15 1	9 1	2 3	11 5	0 1	14 3	8 2	19 1
5 1	17 2	8 6	15 1	14 2	7 1	16 3	3 1	19 3	12 2	9 1	4 1	0 1	13 1	6 1	10 2	1 2	18 2	11 2	2 1
17 2	7 1	3 4	15 2	19 2	8 1	13 3	1 2	18 2	5 1	2 2	10 3	14 2	16 1	6 1	4 2	0 1	11 2	12 3	9 1
