30	90
10 1	64 1	41 2	37 1	14 3	57 4	15 4	78 2	56 1	28 3	30 4	53 2	38 1	66 1	85 1	34 1	21 4	68 1	19 1	43 1	16 2	26 2	45 1	52 1	70 1	8 1	60 8	39 6	25 3	74 4	63 1	24 1	46 3	6 2	12 2	61 1	32 4	79 9	71 3	18 1	89 2	86 1	59 1	75 2	47 4	55 1	1 2	9 2	4 2	13 2	69 1	36 1	33 2	51 1	62 3	82 3	2 1	11 2	72 2	23 1	54 1	40 1	83 1	80 1	20 1	42 2	29 3	50 3	48 1	5 1	84 1	77 2	73 2	27 1	22 1	76 1	44 2	49 2	65 2	17 2	0 1	3 1	67 4	7 1	87 2	81 2	35 5	58 1	31 3	88 1
5 1	82 3	83 5	84 2	51 4	28 1	9 3	29 2	45 1	37 1	40 1	78 2	72 2	32 1	85 2	50 1	35 2	14 5	59 1	39 1	67 1	75 2	79 2	68 4	70 3	21 1	88 3	56 2	38 2	69 1	71 1	16 1	63 1	27 1	24 1	61 1	53 7	74 1	65 2	12 1	15 3	81 2	64 2	30 1	89 1	1 4	0 2	46 1	31 1	76 10	18 4	60 1	80 1	33 1	19 1	26 1	6 2	20 1	52 3	13 1	8 1	3 1	86 3	25 5	49 1	23 1	22 4	2 1	58 1	54 2	73 1	77 5	42 2	17 1	44 1	36 2	4 1	34 1	57 1	7 1	47 3	62 1	55 4	41 3	11 6	10 3	66 1	87 5	43 1	48 2
64 2	32 7	3 1	36 1	42 1	16 2	46 1	82 2	26 1	11 3	60 1	53 2	50 3	13 1	78 1	8 1	35 1	83 3	55 1	80 3	48 1	18 1	52 5	17 1	0 1	41 2	77 7	44 3	72 4	31 2	20 4	73 1	45 1	7 6	71 1	54 1	49 1	12 2	2 2	10 1	87 5	43 3	69 1	25 1	56 1	29 3	89 1	30 2	79 2	84 1	47 1	5 1	9 2	15 2	70 1	27 1	88 3	39 7	37 1	63 1	67 1	61 1	85 4	81 1	68 1	65 5	57 1	74 1	75 4	40 1	23 2	24 1	19 5	22 2	4 3	34 2	14 1	1 4	38 1	6 2	59 1	76 6	51 3	86 2	66 5	28 1	21 2	33 7	62 1	58 1
63 2	82 2	76 2	62 4	22 7	45 1	46 1	54 2	19 7	8 2	65 3	44 3	36 3	59 2	55 2	52 1	24 2	21 1	20 3	89 4	68 3	61 2	80 10	49 1	78 1	5 5	42 2	23 3	69 1	10 1	60 1	15 1	64 1	53 2	66 1	31 1	58 2	35 1	47 5	16 1	72 1	33 2	17 2	28 3	9 1	50 2	18 2	51 1	32 6	38 2	71 1	0 1	70 8	30 1	7 1	75 1	57 1	37 1	25 1	84 2	3 3	40 1	2 2	83 3	77 4	74 1	86 4	1 1	81 3	34 1	14 1	85 3	13 1	11 1	12 3	29 1	79 3	39 2	87 2	88 2	67 2	73 3	43 2	6 1	41 2	4 1	27 1	56 1	26 2	48 1
77 2	10 1	0 1	55 1	69 1	84 1	20 1	82 1	53 1	74 2	34 2	73 1	86 1	17 4	15 1	60 2	87 3	23 2	64 6	9 1	72 3	57 1	35 1	8 1	14 1	79 1	51 1	67 2	18 3	50 2	27 1	63 3	24 3	12 6	32 1	81 1	65 1	71 2	13 4	2 2	39 1	26 3	7 1	80 1	85 2	88 1	31 1	5 1	75 3	25 4	44 2	45 1	28 1	62 4	33 1	48 1	76 1	46 1	89 2	21 4	1 6	59 2	83 1	56 1	19 1	40 1	52 2	41 1	68 2	3 2	54 2	49 2	61 4	66 3	38 1	16 4	47 1	22 1	11 2	6 2	4 1	70 1	30 8	58 1	36 1	43 1	29 2	37 1	78 1	42 2
14 1	35 5	52 1	24 1	11 2	8 1	88 1	56 2	5 6	66 2	26 5	54 1	23 5	37 2	43 2	21 1	15 2	1 1	62 1	6 3	65 1	53 1	39 2	89 1	41 2	80 5	82 2	48 1	69 1	85 1	83 1	70 2	13 2	81 1	16 1	10 2	55 1	86 6	19 2	18 1	44 2	28 2	4 3	36 5	3 1	76 2	12 1	29 1	17 4	59 1	25 1	67 3	45 1	74 1	42 1	61 5	7 2	57 1	2 1	73 1	79 3	20 7	38 2	50 2	58 1	75 2	40 4	32 1	22 2	60 5	46 1	78 1	64 3	33 3	87 1	27 2	49 1	47 1	71 4	0 4	51 2	63 1	34 3	77 2	68 2	72 2	30 2	31 2	9 4	84 1
62 2	53 1	54 1	82 1	74 1	31 7	44 2	45 1	42 7	15 13	33 1	32 3	72 1	16 1	59 1	29 1	57 1	88 2	25 1	46 1	26 1	6 2	75 4	38 1	70 1	36 1	71 2	76 4	65 1	12 8	21 1	11 3	24 2	61 4	35 1	86 1	5 1	13 5	3 4	68 5	50 1	84 4	1 1	41 1	20 3	18 5	73 4	87 3	63 2	9 1	52 2	19 3	77 4	55 3	30 1	48 1	10 1	0 1	83 4	4 1	39 3	78 1	51 3	85 1	80 8	67 1	64 4	66 3	56 3	14 4	89 5	79 4	40 1	27 3	8 1	47 1	28 1	17 2	81 1	37 1	69 3	2 2	60 3	7 2	49 4	43 1	58 3	23 4	34 5	22 1
43 1	23 1	1 2	26 2	31 1	83 1	15 1	87 1	73 2	22 2	89 1	70 1	4 2	18 2	59 1	74 1	2 3	45 1	75 1	16 2	44 1	35 1	81 4	33 1	25 1	52 2	40 2	27 3	47 2	46 3	49 2	64 1	79 2	58 1	37 2	88 1	56 1	11 2	5 2	0 1	39 1	28 1	68 2	66 1	19 2	24 1	69 1	82 2	80 1	76 1	63 2	32 1	50 1	36 1	86 3	67 3	65 1	60 1	9 1	85 1	55 1	13 1	10 5	21 1	54 1	57 2	14 4	6 1	77 1	38 3	41 1	30 3	51 2	17 2	61 1	48 1	7 1	42 1	78 1	62 4	20 1	12 5	72 1	71 2	8 1	84 1	34 6	3 3	53 2	29 1
76 3	63 1	47 1	46 3	83 1	11 1	34 2	51 1	50 1	64 1	49 2	87 2	66 5	52 1	81 2	54 1	22 2	72 1	28 1	69 1	89 2	20 3	13 3	45 2	77 2	32 3	44 4	30 5	60 2	7 1	55 1	24 4	3 2	75 3	80 1	53 1	68 1	57 1	1 3	26 5	48 1	85 2	18 1	56 1	39 4	25 3	73 1	31 5	86 2	4 1	40 4	78 2	33 1	9 1	88 3	70 3	43 3	21 3	2 1	29 1	41 1	59 1	0 2	17 1	42 2	27 3	8 1	84 1	82 1	5 1	14 1	74 1	10 1	62 2	37 1	61 1	71 2	79 1	12 2	38 1	65 2	23 1	16 1	15 2	35 2	67 3	6 1	58 1	19 1	36 1
20 1	71 7	57 1	77 2	84 3	42 4	80 2	4 7	65 1	89 1	76 3	59 2	14 2	69 1	27 1	22 9	85 2	16 2	86 1	73 1	45 5	11 1	7 1	8 2	75 1	46 2	67 2	64 1	74 1	58 1	56 4	70 2	41 1	43 1	28 4	37 1	83 5	18 2	49 1	26 4	53 2	13 1	35 1	48 1	9 5	39 3	47 2	3 1	24 1	54 2	25 1	34 1	29 2	87 3	78 2	52 2	63 3	72 2	82 2	30 4	17 1	33 1	60 5	0 1	10 2	44 1	88 1	19 1	23 2	32 1	68 1	40 2	15 1	51 1	50 3	31 3	12 1	79 3	1 2	2 2	61 3	66 1	38 2	36 1	5 1	6 2	21 3	81 1	62 1	55 2
6 2	88 1	60 1	73 2	77 1	12 1	57 1	26 2	10 8	13 2	68 2	80 1	52 3	36 1	25 1	3 2	50 1	45 2	87 1	76 1	64 2	43 6	53 2	8 2	59 2	85 2	38 1	69 1	22 1	86 2	4 1	20 1	56 1	35 1	29 1	23 2	63 1	21 3	16 2	1 1	58 2	81 1	39 1	37 1	72 1	14 2	79 3	78 3	55 3	15 4	19 4	33 2	5 2	24 1	9 1	11 7	61 1	44 1	17 4	75 1	46 1	28 1	54 1	27 5	83 2	82 3	31 2	70 5	48 1	41 1	51 1	0 1	32 1	47 2	18 2	66 1	40 2	62 1	49 2	67 4	30 3	74 1	2 1	7 4	71 2	89 2	42 1	65 3	34 1	84 1
65 1	45 1	38 1	64 1	76 1	87 1	75 2	52 3	3 3	27 1	13 1	16 1	86 1	40 1	59 1	77 2	35 1	67 2	63 4	17 1	84 7	7 4	5 2	43 1	39 2	71 1	88 3	51 1	57 3	60 1	29 1	9 7	2 1	12 1	70 7	74 1	82 4	48 1	85 4	18 1	50 2	34 2	46 1	24 1	15 1	62 1	30 1	14 2	78 2	54 6	31 3	56 2	42 1	53 2	41 2	80 2	79 1	37 3	21 2	47 1	32 3	49 1	1 3	11 1	33 2	23 1	6 2	83 2	81 3	55 1	19 1	69 1	25 3	26 2	28 1	4 1	72 3	20 1	66 2	89 4	8 4	36 1	61 1	68 1	73 2	22 1	44 1	0 1	10 1	58 1
0 2	52 2	22 1	4 3	9 1	15 2	12 1	32 2	23 2	78 1	79 1	71 5	41 1	54 1	27 5	56 2	7 2	17 1	10 1	1 3	35 6	19 1	45 3	29 5	63 1	26 1	43 1	66 1	65 3	76 1	72 3	73 2	20 4	59 1	18 5	30 1	49 3	84 1	67 1	85 3	74 1	60 4	42 2	50 3	11 1	57 1	80 1	24 1	75 4	31 2	39 3	3 1	55 4	77 1	6 1	13 1	47 1	38 3	88 1	62 4	40 1	48 2	16 3	58 2	89 1	53 1	61 2	68 3	51 1	34 2	64 2	81 2	44 3	36 1	8 1	69 1	25 1	21 1	87 4	46 1	28 1	86 1	70 3	2 3	82 1	5 1	37 1	14 3	83 1	33 7
63 1	74 2	32 1	81 2	9 1	54 4	27 1	66 1	52 1	82 5	71 1	8 1	78 2	50 2	76 1	38 1	69 3	57 8	49 1	83 1	77 2	55 1	44 3	24 1	84 1	37 1	61 4	51 1	20 1	6 2	23 1	43 1	17 1	58 3	79 5	40 1	18 1	47 3	89 1	13 1	56 3	33 1	29 1	3 1	21 5	80 1	5 2	1 2	16 7	46 2	73 1	2 1	65 1	25 1	68 1	15 1	19 1	36 1	59 1	34 3	41 1	39 1	53 2	64 2	4 1	26 4	10 4	7 1	72 2	70 2	42 2	12 5	88 3	0 1	86 1	14 3	67 1	31 4	48 9	87 2	60 1	75 4	30 4	28 3	35 2	85 1	11 3	45 1	22 1	62 1
39 2	12 1	17 1	59 1	11 1	33 2	72 2	73 1	81 1	57 1	4 1	50 3	78 2	68 1	82 1	43 1	8 3	27 1	32 6	37 3	85 3	46 2	1 3	44 2	86 1	69 1	83 1	63 5	47 1	34 1	87 3	20 1	14 4	88 2	49 1	23 1	70 2	9 5	10 1	58 2	16 1	80 3	41 3	52 1	67 3	75 1	79 1	0 3	13 3	53 2	48 2	5 1	89 2	21 1	42 1	62 1	15 4	74 2	36 4	25 2	19 1	22 1	29 1	38 1	18 2	76 2	64 1	45 2	60 2	51 1	3 1	35 1	31 1	6 1	30 1	55 2	66 1	2 1	24 1	65 1	71 1	54 1	61 1	7 2	56 2	77 6	28 1	84 1	26 2	40 3
8 1	74 1	28 3	5 2	71 2	11 1	31 1	7 2	67 2	89 3	87 2	66 1	30 1	48 1	51 1	27 5	12 1	41 5	63 4	17 1	72 1	70 2	6 1	75 4	57 2	40 1	21 1	39 6	46 2	65 1	14 6	0 1	61 1	20 1	33 1	22 2	54 2	59 1	88 1	82 1	80 1	42 1	36 1	55 1	4 3	49 3	32 2	47 1	3 2	78 1	86 6	53 1	85 2	26 1	29 1	81 1	44 4	18 1	23 1	79 2	68 4	25 1	60 1	37 2	76 5	13 2	52 1	84 5	64 2	1 1	15 3	16 4	69 1	38 1	83 2	35 4	56 4	73 3	58 1	9 3	43 3	10 3	2 1	19 1	50 2	24 2	62 2	45 1	34 1	77 1
7 2	46 1	9 1	14 1	56 2	34 2	0 3	80 2	43 1	51 1	78 5	26 3	24 2	73 1	15 1	70 2	38 1	42 1	32 1	6 2	12 1	36 1	65 1	47 2	59 1	84 2	37 3	17 3	75 4	45 1	35 2	25 1	27 1	19 1	8 1	63 1	50 1	81 1	41 1	89 2	33 5	83 1	60 4	57 2	10 5	48 1	5 4	61 2	39 3	77 1	18 1	4 1	1 1	86 2	67 1	29 1	40 1	2 1	28 1	20 1	72 2	58 1	3 1	22 1	79 1	49 1	11 1	31 1	23 1	44 2	88 2	21 1	85 1	66 2	74 1	68 1	52 3	64 3	87 1	62 3	76 2	71 2	53 5	54 7	69 1	16 1	13 2	30 1	82 1	55 1
87 3	64 1	38 1	50 7	71 1	88 2	57 1	29 1	36 3	72 1	66 2	84 1	55 2	44 6	45 2	85 3	81 1	9 1	20 2	70 1	6 4	47 3	7 3	22 2	73 1	23 1	80 2	13 5	86 5	77 1	18 1	53 1	8 2	11 2	75 1	63 1	1 2	40 1	60 3	54 2	61 1	5 1	4 5	28 1	79 2	42 3	27 2	31 1	52 3	19 2	56 2	82 2	12 1	46 2	14 6	59 5	74 8	10 2	25 1	30 1	69 1	16 1	39 1	78 1	15 2	65 1	68 2	32 6	89 1	24 2	0 1	2 1	43 1	3 1	83 1	51 3	21 1	76 1	58 1	48 1	35 1	62 1	17 2	67 1	33 4	26 2	37 2	41 2	34 1	49 2
10 2	18 2	45 5	50 1	49 4	7 1	14 4	26 1	52 1	37 3	33 1	17 1	89 3	28 2	29 4	70 3	78 1	19 2	77 2	84 2	0 1	63 2	66 1	80 1	75 2	22 4	8 2	35 3	13 2	73 1	68 6	51 1	87 1	76 1	31 3	44 1	9 1	6 3	62 1	54 1	2 3	46 6	39 2	58 2	38 1	32 1	41 1	36 1	27 2	23 2	30 3	12 2	47 1	57 1	55 1	42 5	72 1	85 3	60 1	21 1	59 2	43 1	81 5	11 2	48 3	3 1	83 1	34 1	64 2	82 1	5 3	53 4	67 5	25 1	15 1	79 1	16 1	61 4	4 1	69 1	88 1	20 2	71 3	40 2	65 2	86 1	1 4	24 2	74 2	56 2
54 1	82 2	68 1	87 1	59 1	12 3	24 5	31 3	69 5	42 1	81 5	52 2	33 2	30 4	17 1	74 1	28 1	19 1	21 6	41 1	4 2	77 2	34 1	18 1	11 2	20 1	50 1	45 3	63 1	13 1	53 1	2 1	14 1	84 1	9 1	8 1	27 1	49 1	75 1	0 1	56 1	40 1	85 1	37 2	80 2	73 1	66 3	83 4	89 1	86 1	79 1	6 3	58 1	64 2	57 1	46 2	72 2	1 2	3 8	61 2	36 4	10 2	16 5	51 3	38 1	70 1	7 1	5 2	67 2	32 1	43 3	25 2	15 1	60 1	35 2	29 3	88 1	76 2	22 1	39 1	26 2	23 4	71 2	47 1	55 2	65 2	62 3	78 5	48 2	44 3
42 5	67 2	9 2	43 2	56 1	83 1	78 2	62 3	24 2	3 5	58 1	28 3	40 4	89 1	25 3	47 1	53 4	29 1	64 1	34 1	11 1	2 1	27 1	31 1	77 2	65 3	19 1	45 2	81 3	1 6	80 2	12 1	35 1	70 2	66 2	0 1	82 2	15 3	52 1	54 3	87 1	49 1	37 1	10 1	79 1	6 3	86 1	57 2	63 1	71 7	61 1	51 1	36 3	33 1	8 1	26 1	74 1	39 2	59 2	48 1	16 4	22 1	5 1	21 2	4 1	38 6	85 1	68 1	55 2	23 2	60 1	44 3	88 1	46 2	14 2	76 2	84 2	13 2	50 2	17 2	30 2	20 4	75 1	7 1	32 1	18 2	73 5	41 1	69 3	72 2
52 1	25 2	51 3	24 3	64 1	85 2	49 1	79 1	3 3	74 6	72 1	16 1	47 2	57 1	13 1	80 3	45 1	89 1	40 3	38 3	42 1	43 2	35 4	56 2	30 2	36 1	69 1	15 2	53 1	68 1	76 1	19 1	22 1	55 1	46 1	4 1	23 1	32 1	84 2	29 2	0 2	11 3	44 2	31 1	48 1	71 2	10 7	67 4	86 3	73 1	26 2	77 4	39 2	66 1	5 1	37 3	65 1	58 1	2 2	62 1	7 1	70 3	34 2	14 3	27 1	60 6	63 2	6 1	61 1	59 1	81 3	41 1	12 1	20 1	1 1	33 1	88 1	8 2	17 3	83 2	50 1	82 4	75 2	28 2	18 1	21 2	78 1	54 1	9 1	87 2
63 1	23 3	40 1	56 1	37 1	75 1	32 1	52 2	7 5	29 4	25 1	73 1	66 2	85 1	46 2	39 2	74 1	67 3	36 4	87 1	8 1	27 1	84 1	33 1	69 1	48 4	57 3	68 2	19 4	50 1	64 2	41 1	82 2	83 4	78 2	38 3	77 1	21 2	79 1	16 1	18 4	81 2	31 3	13 1	65 3	28 4	4 1	43 2	11 6	35 1	59 2	10 5	26 5	88 2	54 4	51 7	6 1	34 1	80 4	2 1	9 1	55 2	24 1	58 1	0 1	71 5	14 1	15 1	22 3	20 4	86 3	70 2	89 1	12 3	60 3	3 1	61 4	45 1	47 3	42 1	44 4	72 2	49 1	17 1	30 1	5 1	53 2	76 1	62 2	1 2
53 1	66 1	39 2	78 1	62 1	52 3	49 1	44 4	74 3	29 1	70 1	46 1	33 3	23 4	80 1	54 1	89 1	14 3	32 2	81 2	73 1	4 2	20 4	45 2	16 4	68 3	43 4	87 2	3 1	64 3	9 4	24 1	86 1	55 3	56 1	8 2	7 1	85 1	60 2	51 5	13 1	58 1	6 3	2 1	22 2	65 1	63 2	57 6	71 1	0 1	75 1	40 3	77 2	15 3	19 3	26 8	10 1	72 5	37 2	76 2	34 1	28 3	36 1	17 3	88 4	21 2	48 2	38 3	12 1	42 4	35 1	47 1	41 1	30 1	1 2	83 3	69 2	11 4	82 2	59 1	31 5	79 3	61 3	18 4	50 1	5 2	84 2	67 1	25 2	27 1
72 1	44 1	68 1	33 2	69 1	36 2	52 2	57 1	30 4	71 3	38 4	20 2	77 3	84 1	42 2	75 3	24 1	67 1	50 2	48 2	49 2	40 1	61 1	43 1	8 1	85 1	59 1	65 1	82 2	87 2	83 1	86 2	15 6	29 2	58 1	39 2	26 2	6 6	27 1	14 1	51 1	3 1	25 1	31 3	17 2	7 1	37 1	45 2	2 1	32 1	66 1	0 1	34 2	63 2	81 1	74 3	18 1	1 1	53 2	35 1	19 1	89 1	46 1	21 1	78 5	13 2	70 2	5 2	10 2	11 1	23 8	64 2	88 1	76 1	60 2	79 1	55 3	62 1	4 1	54 1	16 2	47 2	12 2	9 1	22 1	73 2	28 1	41 3	80 3	56 2
11 6	29 2	46 2	77 1	25 8	47 2	35 1	8 1	67 3	49 7	2 1	57 5	12 2	4 2	79 2	18 1	7 7	58 4	81 3	31 1	14 4	52 2	55 1	44 5	86 1	61 1	71 1	68 4	20 1	33 3	87 1	62 1	69 1	82 1	43 1	66 3	83 1	10 1	41 1	27 2	72 3	39 2	76 4	42 4	54 1	16 1	0 1	85 6	56 1	80 2	89 3	60 5	78 1	45 6	19 1	74 1	5 7	34 2	36 1	65 1	3 7	51 1	38 2	24 3	70 2	17 1	30 1	32 1	64 2	21 1	6 1	23 2	22 1	37 6	15 2	88 1	73 2	13 7	40 1	9 2	26 1	28 1	75 4	59 1	50 1	84 1	63 4	1 1	53 6	48 3
63 2	15 2	2 7	27 1	19 1	64 1	14 4	70 1	0 2	85 1	56 2	88 1	26 2	52 4	10 1	86 2	42 1	51 3	77 1	33 4	68 1	54 3	25 1	87 2	5 1	48 1	16 2	4 1	9 1	81 3	13 1	36 2	3 1	55 3	73 1	39 3	62 1	43 2	67 1	57 2	32 1	78 2	71 1	61 2	28 6	79 2	20 1	12 3	17 1	7 2	82 1	80 1	24 1	44 1	66 1	46 1	1 1	65 1	45 1	31 1	58 1	75 1	83 2	21 1	50 1	49 2	34 2	18 2	41 1	6 2	72 6	8 2	59 1	69 1	76 1	89 1	37 4	35 1	74 1	40 1	11 1	38 3	53 2	30 2	84 1	60 4	22 1	47 1	23 2	29 1
86 1	32 4	83 2	71 3	72 2	12 1	6 1	52 3	69 3	78 5	2 1	75 1	10 3	68 2	36 1	77 1	40 3	3 3	45 1	26 2	35 1	4 4	85 3	50 1	38 3	43 3	61 4	16 4	37 3	33 2	62 1	66 2	27 1	28 1	18 1	79 5	39 5	48 1	13 2	25 1	19 1	9 1	60 1	63 1	11 2	89 2	14 2	76 1	58 1	87 1	56 2	49 4	70 5	42 2	15 1	44 1	8 9	74 5	55 6	73 1	29 1	17 2	46 1	20 2	0 1	65 1	88 3	53 2	54 1	41 1	1 1	34 2	51 1	22 2	23 1	57 4	81 1	5 4	82 1	30 1	84 4	80 4	21 1	7 4	24 3	31 3	47 3	64 1	67 4	59 1
69 1	23 1	75 3	47 1	73 3	3 1	16 1	51 1	29 1	2 1	36 1	88 1	89 1	72 1	46 1	74 1	78 5	86 2	5 1	32 2	21 1	28 3	13 1	39 1	70 1	64 1	4 2	18 1	34 5	20 10	85 2	17 2	40 1	48 1	49 1	33 1	87 2	12 2	81 6	24 2	1 4	8 5	56 3	38 7	77 1	30 2	58 1	80 2	68 1	61 2	53 1	83 1	60 1	9 2	54 1	42 1	79 1	59 3	6 3	19 2	26 6	62 3	66 1	22 2	55 6	43 3	52 1	76 2	15 3	44 3	14 1	84 3	71 4	57 2	25 1	31 1	63 1	65 1	27 2	41 2	82 1	7 3	45 2	0 1	50 4	35 2	37 1	67 3	10 1	11 1
23 4	80 2	82 1	81 1	20 1	85 2	19 1	26 1	10 1	79 2	41 2	86 2	3 1	56 3	71 3	40 5	52 1	24 4	43 1	73 1	15 1	25 4	46 1	66 1	37 2	53 2	14 2	74 1	55 1	29 4	89 1	54 2	17 1	4 1	9 2	61 1	8 1	6 1	22 1	48 1	62 1	32 2	69 1	59 2	84 1	67 2	30 1	88 1	0 1	75 1	1 2	78 2	11 3	60 1	27 1	76 3	7 2	35 1	64 2	12 2	50 1	36 3	65 1	72 1	77 1	33 1	28 1	5 3	68 3	57 1	39 2	47 8	2 1	38 1	42 3	58 1	70 5	51 1	21 1	83 1	63 2	16 3	13 4	87 1	44 3	49 5	18 2	34 2	45 1	31 2
