90	5
3 50	4 53	0 50	1 52	2 47
1 51	0 48	3 52	2 45	4 47
4 56	1 42	3 49	0 53	2 47
0 57	2 47	1 46	3 48	4 40
4 59	0 50	2 44	3 44	1 54
2 64	1 54	4 48	3 56	0 45
3 39	4 50	1 54	0 49	2 56
1 33	2 48	3 48	0 53	4 45
4 46	2 47	3 44	1 45	0 41
3 47	0 60	4 60	2 57	1 56
1 50	2 46	3 51	0 43	4 49
4 48	0 48	1 56	2 42	3 53
4 47	1 51	2 46	0 56	3 42
4 48	3 48	1 47	2 44	0 57
4 48	3 51	1 53	2 54	0 55
3 64	2 52	4 49	1 49	0 44
1 45	3 57	0 50	2 46	4 51
0 44	4 41	1 55	3 47	2 55
3 50	4 49	0 56	1 46	2 50
3 47	4 41	1 51	0 43	2 51
3 44	4 44	0 45	1 47	2 57
1 48	3 60	4 51	0 53	2 51
3 56	4 42	1 53	0 57	2 53
2 51	0 49	3 45	1 48	4 54
1 50	4 53	0 47	3 51	2 51
3 51	2 49	4 50	0 43	1 61
2 54	0 52	1 38	4 34	3 48
4 55	2 39	1 44	3 50	0 54
1 54	3 47	4 46	0 50	2 51
3 48	4 52	0 47	1 50	2 48
2 49	3 45	1 51	4 48	0 42
3 49	2 46	0 54	4 53	1 60
3 54	4 47	1 54	0 47	2 48
3 48	0 46	2 44	4 54	1 54
3 50	0 44	4 44	2 50	1 53
3 49	1 52	4 51	0 53	2 46
0 53	1 50	4 57	3 50	2 48
2 50	3 55	1 49	0 58	4 49
0 56	1 50	2 49	4 50	3 44
2 50	1 54	4 48	3 48	0 52
2 55	4 55	3 59	1 52	0 50
1 56	3 47	4 45	0 51	2 46
0 49	4 46	1 50	3 49	2 47
3 42	4 44	2 43	0 46	1 55
2 54	4 48	3 50	0 52	1 52
1 54	2 51	4 58	0 56	3 51
0 59	4 48	1 52	2 55	3 51
2 50	4 56	1 54	3 56	0 47
2 45	4 50	3 46	1 40	0 49
4 56	1 54	3 51	2 46	0 51
4 52	1 60	3 52	0 51	2 53
1 50	2 55	3 59	0 51	4 42
3 49	1 51	4 47	0 52	2 45
1 37	0 52	2 55	4 55	3 50
2 51	0 58	4 41	1 46	3 48
0 42	4 50	2 43	1 52	3 53
4 57	1 50	2 54	0 48	3 45
1 58	4 56	3 55	2 48	0 45
4 55	2 46	1 45	0 47	3 43
2 45	1 50	3 52	4 51	0 52
1 51	2 48	0 54	3 52	4 49
2 51	1 50	4 61	0 61	3 46
0 46	2 47	4 44	3 49	1 52
2 43	1 54	3 50	4 56	0 55
2 52	1 50	0 43	4 43	3 46
3 43	0 54	2 53	1 67	4 54
4 54	3 46	1 43	0 55	2 54
1 57	2 43	0 59	3 50	4 54
2 53	3 55	4 51	0 47	1 57
0 50	4 42	1 50	3 49	2 54
0 50	1 58	2 55	4 58	3 51
3 50	4 49	0 52	1 49	2 50
4 49	3 53	0 55	1 66	2 51
1 52	0 48	4 47	3 54	2 40
3 52	1 40	2 41	0 50	4 49
4 46	3 40	1 57	2 47	0 58
3 48	2 54	0 52	1 54	4 46
2 54	3 50	0 49	4 47	1 59
4 48	3 47	0 51	2 46	1 46
4 62	1 51	2 45	0 45	3 46
1 47	2 48	0 43	3 53	4 46
4 50	0 55	2 50	3 44	1 51
1 52	0 42	2 51	3 56	4 50
2 49	4 50	3 56	0 45	1 53
1 50	2 54	3 54	0 48	4 51
2 52	4 51	1 47	0 59	3 44
0 52	4 54	3 51	1 49	2 45
3 57	4 56	2 49	1 46	0 55
1 48	4 50	2 49	3 45	0 43
2 53	3 54	1 46	4 58	0 45
