20	70
14 1	55 2	29 2	44 1	25 1	7 2	16 4	64 2	30 2	23 1	54 2	68 2	41 2	3 1	37 1	26 2	21 2	51 2	33 3	13 4	66 1	18 3	67 2	36 1	27 2	34 1	32 1	9 1	10 3	15 2	1 1	12 1	11 2	4 2	48 4	59 2	19 5	58 1	6 2	46 3	47 2	2 1	69 5	5 2	43 1	45 3	61 2	65 1	57 2	31 3	52 2	22 3	49 1	62 1	40 2	24 2	0 3	38 1	35 1	8 2	60 1	17 3	63 1	56 3	53 3	50 2	39 1	42 3	20 1	28 3
18 1	2 7	30 2	31 2	53 1	29 4	6 1	46 1	22 8	67 1	11 2	48 1	15 4	59 4	44 1	66 2	57 8	54 1	0 3	36 1	16 1	40 2	24 1	21 3	61 5	19 4	64 2	49 1	55 1	14 1	13 3	26 1	41 1	9 1	56 1	20 2	7 1	28 1	27 3	34 3	4 1	33 2	1 1	37 2	10 1	50 1	69 2	42 1	43 2	8 1	3 5	5 1	39 1	12 1	65 2	58 2	45 1	51 1	17 2	63 1	68 2	47 2	32 1	62 1	52 1	60 2	35 3	23 5	38 1	25 1
29 1	11 3	66 1	43 2	36 7	64 1	55 3	1 1	40 1	14 3	42 2	33 1	58 1	67 1	62 3	21 4	24 4	63 1	20 1	44 3	18 1	5 1	48 1	6 1	52 2	7 1	17 2	51 1	53 1	61 3	45 2	50 3	23 2	16 4	49 4	57 1	38 2	13 2	30 1	19 1	25 1	59 1	10 3	27 1	46 1	41 1	28 1	60 9	15 2	4 4	8 1	39 1	54 1	68 2	26 2	35 1	3 2	47 3	34 1	22 2	0 2	9 1	32 1	31 7	69 3	12 3	2 3	56 2	65 4	37 1
46 2	27 1	25 1	3 1	40 1	30 2	12 1	11 1	26 1	4 1	66 1	51 1	47 2	28 1	54 4	19 1	5 1	38 1	49 3	44 3	61 2	14 1	1 2	15 2	2 1	32 5	10 3	41 1	48 2	68 2	34 4	60 3	31 1	8 1	6 4	20 2	13 7	52 5	24 2	37 2	0 4	50 1	58 1	56 3	35 7	63 4	55 1	42 1	53 2	39 1	65 2	23 1	9 1	21 1	16 2	7 1	59 3	45 1	17 6	67 1	69 1	18 3	33 2	64 2	62 3	22 1	36 5	29 1	43 1	57 3
37 2	66 1	41 1	55 3	67 4	62 1	2 7	57 2	19 1	40 2	18 2	21 1	31 7	51 1	36 4	4 1	23 1	10 2	20 4	12 1	50 1	35 2	61 1	44 2	58 3	26 1	8 3	13 1	43 2	27 3	25 2	53 4	65 4	64 2	46 4	17 7	45 1	1 3	15 1	56 4	42 9	47 2	34 2	54 2	5 3	3 2	28 1	32 2	7 1	60 1	38 1	59 3	29 3	30 3	6 3	16 1	9 1	63 2	0 1	22 1	39 4	11 1	68 2	49 1	24 6	33 2	52 1	69 1	48 2	14 1
63 1	10 3	14 1	54 1	18 1	22 1	57 1	13 1	29 1	46 2	45 3	47 1	31 1	68 2	2 2	34 2	67 2	35 1	41 6	40 3	42 2	17 2	6 4	49 2	25 3	16 2	4 1	20 2	15 1	33 1	48 3	7 1	27 2	50 1	37 2	5 1	61 3	66 4	19 2	53 2	60 2	51 2	56 4	3 3	24 3	26 3	52 1	65 1	64 2	8 2	55 1	39 2	44 1	21 1	62 3	28 1	0 3	59 2	32 1	9 1	38 3	43 2	23 1	58 1	30 1	1 1	69 3	11 1	36 2	12 1
22 3	41 1	4 7	66 2	67 2	56 2	61 2	14 1	13 3	58 1	54 2	17 1	63 1	49 1	42 4	59 1	15 1	7 3	30 1	34 4	2 6	3 2	52 1	8 2	62 2	45 1	19 2	9 2	53 1	10 2	21 1	46 1	37 3	31 1	24 1	11 1	28 2	47 2	38 1	68 5	43 3	57 1	23 2	1 1	29 2	64 1	44 2	18 1	51 3	33 5	69 1	48 2	20 1	5 3	12 1	39 4	26 1	6 1	55 1	25 1	36 1	50 1	0 2	16 4	65 2	32 1	60 2	40 2	35 1	27 9
3 4	63 1	46 2	15 1	1 13	30 7	9 7	5 1	68 11	14 2	16 1	49 5	12 1	60 2	47 3	61 3	29 1	8 6	11 1	45 1	65 6	42 3	41 2	18 1	54 1	21 1	0 1	17 1	6 2	22 2	44 2	10 3	69 3	13 4	48 2	7 1	31 3	58 1	51 1	64 4	59 3	19 2	20 2	43 5	35 8	34 1	62 1	33 1	25 1	53 1	57 1	50 1	4 1	2 5	37 1	26 2	36 2	32 3	56 3	23 1	28 2	38 2	67 1	52 1	24 1	66 3	40 1	55 1	39 2	27 1
5 2	0 3	8 1	51 2	56 1	20 3	60 1	10 3	48 1	6 8	65 1	61 1	12 5	29 1	31 2	9 1	62 1	15 3	58 2	55 1	14 2	32 1	47 2	46 10	41 1	44 2	33 2	67 1	59 5	30 1	28 1	37 3	2 4	4 4	1 3	22 4	64 2	57 4	23 1	3 3	42 2	49 3	27 1	35 2	69 4	39 4	19 6	43 1	16 2	11 2	66 3	7 1	63 1	68 1	26 1	25 1	52 2	17 6	24 2	38 1	36 3	54 1	13 5	18 2	50 1	53 1	34 1	40 1	45 3	21 1
19 1	68 2	44 4	7 1	52 1	45 1	38 1	47 1	48 1	64 2	31 5	65 3	55 2	16 2	50 1	35 1	25 1	22 1	21 1	28 2	1 3	6 2	63 2	9 5	10 3	51 1	34 1	42 7	61 3	62 2	8 4	67 3	14 1	37 1	54 1	15 1	53 1	66 1	49 1	43 4	24 1	46 5	18 1	30 3	4 2	13 2	39 2	69 2	17 8	59 2	33 1	11 1	27 4	0 2	41 3	20 2	12 2	23 1	40 1	60 5	3 1	57 2	56 2	2 1	36 5	26 1	58 2	29 2	32 1	5 7
7 1	5 1	59 3	53 1	21 1	23 2	58 1	10 1	38 4	19 1	1 3	56 1	11 1	44 2	69 3	45 2	62 1	15 5	29 7	57 3	20 2	64 1	41 2	28 1	46 1	60 3	31 1	9 1	14 1	8 1	43 3	3 3	27 1	18 1	37 2	16 1	42 2	63 3	25 1	22 1	17 2	13 2	67 2	34 1	61 1	55 1	52 1	51 1	6 3	35 1	40 1	54 2	12 1	2 1	66 1	47 1	0 1	50 2	68 1	33 8	39 1	49 2	26 1	65 4	24 2	48 1	4 4	36 1	32 2	30 1
26 1	8 1	15 1	46 1	12 4	25 1	16 2	13 1	32 1	42 1	68 1	9 1	34 1	52 1	31 1	41 8	6 5	30 2	35 1	14 1	0 1	45 1	65 1	27 2	60 3	67 2	19 1	69 1	54 2	11 1	57 1	56 3	39 2	22 1	58 1	47 1	66 3	4 3	53 2	37 2	38 1	29 2	28 4	21 1	17 1	48 2	20 1	43 2	62 1	51 3	23 1	3 3	50 1	7 3	5 2	2 2	61 2	33 1	49 1	59 1	36 4	1 2	64 1	44 3	63 2	18 2	24 2	55 1	10 1	40 1
33 3	36 1	20 1	45 2	60 7	57 1	6 3	67 3	34 1	59 1	51 2	28 1	26 1	44 1	66 1	62 4	3 3	16 4	23 1	42 2	9 1	64 2	61 2	56 1	2 2	25 5	50 1	41 1	69 1	46 3	7 2	53 6	14 3	65 1	35 4	31 1	19 5	29 1	39 1	43 1	0 6	37 2	38 2	48 1	58 2	11 4	47 1	40 1	13 5	55 6	49 2	10 1	18 2	32 2	27 3	17 1	12 2	63 1	5 5	15 1	30 3	24 2	4 1	52 2	21 1	68 1	8 1	22 2	54 3	1 2
38 1	34 7	40 2	19 1	2 1	9 3	66 1	22 1	44 1	67 2	15 3	63 1	31 2	24 3	0 1	49 2	13 1	10 1	11 1	62 4	55 1	21 1	30 1	32 2	54 4	65 1	3 1	23 1	39 1	51 2	1 1	29 1	46 2	57 1	5 3	18 1	37 1	16 1	68 2	60 1	12 1	52 1	28 1	47 4	25 1	41 1	17 1	36 1	4 2	8 3	61 1	53 1	14 1	35 1	26 4	69 1	7 2	43 5	27 2	20 1	42 3	33 3	59 1	50 1	48 2	45 2	56 1	64 1	58 1	6 2
11 3	65 1	19 4	9 1	25 3	5 5	22 2	17 1	46 1	15 1	53 1	41 2	18 1	63 2	39 3	10 1	36 3	47 1	4 3	6 1	64 2	13 2	61 3	48 1	56 4	16 3	14 5	60 3	49 6	28 1	57 1	43 1	38 2	34 1	68 1	30 1	32 3	3 2	58 1	62 3	27 2	59 1	31 3	26 1	2 1	24 2	0 1	51 1	44 1	66 2	20 3	37 4	1 1	29 2	40 2	42 6	54 3	12 1	67 2	45 2	69 1	52 1	23 5	7 2	50 5	21 3	35 2	33 1	8 1	55 1
2 1	61 1	55 2	60 3	63 2	64 1	69 1	37 1	9 2	36 1	38 1	22 1	26 1	14 6	21 1	48 1	19 1	67 1	59 1	11 2	27 4	58 1	34 2	6 1	47 2	31 1	66 1	8 3	5 1	57 1	54 1	28 2	23 2	7 1	43 1	52 1	1 1	17 1	40 2	15 1	49 1	20 1	41 1	65 2	25 1	24 1	33 3	68 2	51 1	44 2	13 4	42 5	46 5	56 8	62 2	16 2	39 2	18 2	35 2	50 3	32 1	30 2	53 2	45 10	12 1	10 3	4 4	29 1	0 2	3 4
47 1	36 1	43 1	44 1	62 1	42 4	59 2	53 1	60 3	57 1	40 1	15 4	34 1	7 1	26 1	5 1	66 3	33 1	19 1	13 11	18 3	48 3	29 1	16 5	9 1	6 1	32 5	68 1	10 1	35 1	52 5	51 1	56 3	4 6	28 1	0 1	58 1	2 2	38 3	37 1	8 2	63 3	25 3	3 1	49 1	12 1	65 2	30 2	27 8	39 2	55 2	1 1	61 1	69 2	14 1	67 3	31 1	41 1	50 3	54 2	20 1	23 2	21 1	24 1	17 1	64 3	45 1	46 4	11 2	22 1
7 3	9 1	68 1	48 1	28 1	46 8	30 1	36 2	59 1	10 1	34 2	62 1	37 2	38 1	21 1	63 1	41 3	23 3	1 1	11 2	57 2	5 2	43 3	67 1	54 2	39 1	14 1	16 2	50 1	20 2	31 6	69 2	15 1	40 1	35 4	52 3	45 1	49 4	44 1	19 1	53 3	25 3	58 3	33 1	24 1	27 1	22 2	26 1	29 1	56 3	60 2	0 7	8 2	18 1	55 2	6 1	4 4	32 2	66 2	3 4	61 2	17 3	2 2	42 9	12 2	64 3	51 4	65 1	13 2	47 2
45 1	43 6	8 3	0 2	61 2	54 3	22 1	56 1	49 1	16 1	28 2	67 2	18 1	52 5	31 1	50 1	2 2	36 1	40 1	62 1	15 1	69 2	26 12	29 2	64 1	51 5	12 1	32 3	4 2	21 1	57 2	58 4	48 1	60 2	34 1	23 2	53 4	44 1	55 4	6 5	11 4	39 2	3 4	5 1	24 2	42 2	25 1	13 1	47 3	10 2	41 3	65 2	1 2	27 1	30 3	14 4	46 1	19 1	35 1	38 5	17 2	37 1	63 2	7 3	59 1	33 2	66 1	68 1	9 2	20 3
46 3	13 1	31 2	16 3	53 2	47 4	9 1	11 2	60 1	6 1	45 1	20 2	27 2	18 4	0 3	29 2	39 2	36 6	35 4	12 2	61 1	21 1	52 1	66 1	24 3	15 1	64 3	33 1	69 1	42 2	7 3	48 1	49 1	22 1	8 3	14 1	59 3	68 1	37 1	32 1	3 2	2 1	10 2	4 4	25 3	67 4	44 2	23 1	58 1	17 1	41 1	56 4	34 1	40 3	1 1	30 2	55 1	54 2	65 2	63 7	19 2	38 1	43 6	51 2	62 1	57 1	26 1	28 1	5 1	50 2
