15	70
43 1	6 1	18 1	1 1	48 4	68 1	53 5	69 5	49 3	29 2	36 1	14 4	39 1	32 2	9 2	67 1	4 2	22 1	65 2	13 3	37 1	34 2	60 2	51 3	30 1	7 1	25 4	38 2	10 1	40 3	44 1	42 4	46 3	24 4	57 4	66 1	15 1	23 1	0 1	28 6	63 6	54 1	31 3	62 3	64 3	50 3	41 2	52 1	56 4	21 1	27 1	45 1	26 1	59 1	11 1	61 2	8 1	5 1	55 1	17 1	2 2	19 1	47 1	20 1	3 2	12 1	33 1	35 1	16 1	58 3
2 1	12 1	57 1	67 1	10 1	46 2	55 1	29 1	59 1	3 3	17 1	15 2	24 1	66 1	40 1	18 1	4 3	7 1	48 1	13 1	50 2	37 1	32 1	20 1	49 4	11 2	38 2	27 1	1 2	42 2	26 3	16 1	44 1	28 1	47 1	39 1	56 2	68 2	33 2	9 2	30 4	22 1	31 2	61 1	41 2	54 7	21 2	53 1	25 1	45 1	23 3	62 3	65 1	64 1	52 5	8 1	36 1	69 2	34 3	5 1	60 1	63 1	35 7	58 1	43 4	6 1	51 2	0 1	19 1	14 1
43 2	19 2	4 5	18 1	45 4	69 1	39 2	8 3	47 2	58 1	35 2	1 1	56 4	12 2	13 1	5 2	32 3	14 2	33 1	40 1	31 1	49 1	57 5	53 1	66 3	17 2	7 1	15 1	9 2	23 1	41 2	61 1	64 2	38 2	37 1	29 1	28 2	67 2	10 3	16 1	65 3	27 2	11 1	62 2	55 3	36 1	20 2	24 1	42 2	2 1	60 1	0 2	6 2	54 1	48 1	44 3	25 1	22 1	52 2	21 1	26 1	30 4	59 1	51 5	3 1	63 4	50 2	34 1	46 1	68 1
62 1	49 5	43 1	15 2	12 8	0 1	31 1	21 2	44 7	9 1	67 3	1 2	14 1	56 1	20 4	68 1	51 2	52 1	33 1	36 1	42 2	46 1	60 4	41 2	25 2	61 1	54 2	47 4	34 2	18 1	53 1	23 1	26 3	16 1	55 2	30 1	63 1	10 3	58 1	64 4	59 4	3 6	27 1	50 1	2 1	38 2	24 1	5 1	13 2	17 7	8 1	4 3	29 1	7 1	35 1	66 2	65 1	39 1	37 1	22 1	40 1	45 1	19 1	6 2	11 1	32 2	69 1	48 4	57 4	28 1
66 3	50 3	34 2	25 1	24 1	45 1	16 1	7 1	54 1	60 2	42 1	27 1	0 1	19 1	2 1	9 2	15 1	21 1	56 1	36 1	39 2	53 2	55 1	38 1	48 4	28 1	6 1	62 2	5 1	30 1	31 1	20 2	44 3	23 1	67 1	1 7	57 1	69 1	12 7	64 2	11 1	52 2	33 1	35 1	58 1	40 3	59 1	26 1	43 1	51 2	22 1	49 2	46 2	47 1	68 2	37 1	65 1	8 1	61 1	17 6	3 2	13 4	18 3	14 2	32 1	10 1	41 1	29 5	63 1	4 1
0 2	58 1	7 3	19 1	59 2	50 2	51 2	60 2	53 1	57 2	41 2	13 1	65 2	45 2	68 1	22 3	31 4	44 1	5 1	69 2	1 5	29 3	61 4	15 1	14 1	20 4	55 2	66 3	17 2	43 5	35 1	28 2	34 2	30 1	25 1	3 1	38 1	48 1	26 1	21 2	6 2	24 4	18 3	54 1	67 1	9 1	46 1	47 6	49 6	36 2	32 5	8 4	27 1	64 2	42 4	33 4	12 3	23 1	39 7	56 3	4 3	2 1	62 4	16 5	10 3	11 1	52 1	37 4	63 2	40 2
5 1	6 2	36 1	33 1	57 1	30 4	54 2	51 1	64 1	42 2	14 3	19 1	21 2	53 2	63 4	47 3	41 1	15 1	10 3	38 1	45 1	12 2	48 3	39 2	32 1	52 2	8 1	66 1	13 4	22 1	2 1	67 2	9 1	17 4	56 2	1 4	26 1	29 1	65 1	40 1	49 2	0 1	37 1	28 2	25 5	18 2	60 1	31 1	35 2	58 1	4 5	34 2	11 3	62 1	69 2	27 2	59 3	23 1	46 1	43 3	24 2	50 2	44 1	16 1	7 2	68 1	61 3	20 2	55 3	3 1
40 2	25 2	65 7	19 3	44 1	30 2	46 2	63 2	32 1	56 1	47 1	53 1	42 1	2 1	15 1	43 2	27 3	6 1	21 1	7 2	8 2	26 2	59 1	4 1	50 3	5 1	28 2	33 1	64 2	24 2	12 1	22 1	1 2	67 2	49 1	31 1	41 1	48 2	9 1	3 2	23 1	10 2	37 2	34 1	13 1	16 1	51 1	29 1	38 3	14 3	60 3	36 1	54 1	17 1	20 1	58 2	55 2	69 1	68 3	18 1	57 5	52 1	45 1	61 1	66 2	62 3	35 1	39 2	11 5	0 2
11 1	47 1	69 1	41 2	15 1	42 1	10 1	1 1	35 4	25 2	5 1	16 1	9 1	55 3	40 3	7 2	6 1	2 3	49 2	38 2	46 2	13 1	56 2	68 1	26 2	61 5	20 6	31 2	50 5	32 2	28 4	65 2	60 1	33 2	8 2	22 2	51 1	0 2	45 2	12 2	63 2	52 3	58 1	14 5	30 3	34 1	37 1	62 1	24 5	29 3	64 1	39 2	23 1	44 1	67 2	43 3	57 2	19 4	27 1	48 1	4 1	18 5	59 2	21 1	17 1	53 1	36 1	66 4	54 1	3 2
23 1	56 2	7 5	61 2	1 1	48 2	30 3	33 1	11 1	46 2	39 1	65 1	63 1	53 2	42 1	2 1	68 2	22 1	36 2	66 1	26 3	31 2	57 2	64 1	43 1	17 1	55 3	8 2	27 1	47 2	59 1	24 3	45 7	28 4	52 2	29 1	49 2	25 1	6 5	15 6	40 1	50 1	12 1	58 1	18 4	38 3	60 1	13 3	32 1	67 4	34 1	20 1	10 2	62 1	44 2	0 2	3 3	19 1	69 4	35 3	54 1	9 1	14 1	4 2	41 1	16 1	21 3	5 2	37 1	51 1
32 1	29 1	2 1	68 1	14 4	36 1	16 2	44 1	13 1	42 1	50 1	27 2	62 3	21 1	51 1	52 2	33 1	38 2	48 1	11 5	67 1	60 1	7 1	41 1	35 1	3 3	18 1	43 1	61 1	22 1	57 2	47 1	24 1	37 5	9 1	59 5	10 1	69 2	23 1	53 2	56 1	0 2	5 1	26 2	4 2	65 1	25 3	1 1	17 1	40 1	28 2	66 3	63 1	64 1	31 1	49 3	54 1	8 1	19 1	55 2	12 3	45 1	58 1	30 4	15 1	46 4	39 1	6 2	34 1	20 6
31 2	56 1	60 1	33 1	14 1	5 1	66 1	63 2	7 2	37 1	44 6	9 1	45 2	57 4	23 1	34 4	13 1	16 1	3 1	29 2	58 1	64 1	32 2	28 1	26 2	47 3	6 1	39 1	68 1	50 4	35 1	8 2	40 1	55 1	49 2	12 1	51 8	43 1	0 1	52 11	17 3	41 1	27 2	25 1	15 1	1 1	4 3	10 1	67 1	53 7	54 1	38 5	20 1	48 1	62 2	65 1	19 3	46 2	61 1	24 2	69 1	36 1	42 4	11 1	2 3	21 3	22 1	18 1	30 1	59 1
36 1	56 2	5 1	39 3	59 3	26 1	20 6	23 2	14 2	55 2	12 1	46 5	11 4	54 2	32 2	21 1	67 1	2 3	40 1	0 2	24 1	49 1	69 2	48 2	18 2	30 3	31 1	15 1	4 1	17 1	41 3	61 2	51 2	16 2	43 1	9 2	35 1	34 1	50 1	47 2	57 2	65 2	60 1	44 1	28 1	63 2	1 1	42 3	66 1	68 1	37 1	6 1	7 1	45 4	10 1	52 1	13 4	25 2	27 1	22 3	19 1	29 2	58 1	3 2	8 2	38 6	62 2	33 2	64 1	53 1
9 3	43 2	61 2	31 6	48 4	58 1	20 1	15 1	16 4	22 3	21 1	66 1	3 2	54 1	68 2	52 1	0 3	50 2	38 1	32 1	5 1	57 1	42 1	25 1	6 1	53 4	14 1	60 1	12 1	45 1	59 3	34 1	41 2	17 1	23 1	55 3	49 1	7 3	47 1	65 1	56 2	11 1	1 1	62 4	29 2	35 6	46 2	30 17	26 2	36 1	24 2	69 1	28 1	64 1	39 3	4 1	40 2	8 1	63 1	33 6	13 2	37 1	44 2	27 1	19 2	2 1	18 2	10 1	67 4	51 2
13 1	56 1	1 3	38 2	54 2	63 1	36 2	40 1	26 3	3 1	28 2	33 2	17 1	12 7	32 2	22 2	7 3	37 1	30 4	45 2	65 1	62 1	35 2	59 4	14 1	31 2	23 2	68 1	18 2	67 1	27 2	43 1	53 1	41 2	55 1	2 1	60 2	20 1	34 1	5 1	47 2	8 2	42 2	61 2	19 2	52 1	49 1	29 3	6 3	11 3	57 3	58 3	69 1	10 1	46 2	16 3	15 4	0 2	39 2	9 2	4 3	51 1	48 1	25 1	64 1	21 3	66 4	44 1	24 1	50 3
