70	20
6 47	16 45	13 49	15 48	1 57	4 52	2 52	8 46	11 48	9 49	3 49	12 57	17 58	7 42	10 50	5 51	14 48	18 42	19 51	0 52
8 43	18 46	5 49	10 51	7 51	15 48	11 48	6 49	4 53	13 53	1 49	12 58	9 53	14 54	2 54	0 48	19 59	3 59	17 57	16 51
14 61	17 44	4 54	5 51	12 58	1 54	3 50	18 44	13 53	2 54	7 46	10 54	6 41	0 54	19 49	11 57	9 47	15 55	16 50	8 52
3 54	8 55	5 45	10 58	13 51	6 60	14 39	17 61	9 49	1 57	12 54	4 44	15 54	18 39	7 51	11 46	2 54	16 48	0 51	19 50
16 46	17 49	8 50	0 49	7 45	10 53	3 58	4 48	11 50	18 55	13 55	5 45	12 46	6 55	19 41	15 44	2 44	1 53	14 55	9 47
11 38	1 48	19 52	14 51	18 44	16 60	13 55	7 46	17 48	15 61	4 50	6 56	5 47	9 53	2 42	3 50	12 40	10 49	0 48	8 51
15 48	14 45	16 45	6 49	11 53	4 46	7 55	13 44	19 48	12 47	9 43	18 45	17 56	10 48	0 47	5 57	2 46	8 62	3 43	1 49
11 60	16 56	18 52	12 45	17 52	0 45	8 56	10 45	3 42	7 62	5 46	14 43	6 40	9 52	19 49	13 52	1 45	2 51	4 46	15 48
5 41	13 55	9 44	4 46	17 50	16 49	3 59	7 50	10 48	14 48	2 54	1 44	19 44	15 54	11 47	18 42	0 54	12 43	8 51	6 49
7 54	11 46	3 52	14 47	19 47	8 58	9 47	4 45	2 56	16 54	10 51	6 49	1 53	5 55	18 46	12 59	13 49	15 50	17 52	0 56
5 44	16 53	4 48	8 51	1 51	18 51	9 45	2 43	11 51	0 48	14 51	10 42	6 45	12 54	7 45	13 40	15 45	3 49	19 52	17 53
13 45	4 48	9 46	18 48	14 56	3 52	8 49	12 50	1 45	0 58	19 51	5 44	16 54	2 54	15 53	10 47	11 56	7 58	6 54	17 46
4 48	6 49	15 59	11 50	0 59	14 53	17 48	7 50	10 46	13 54	19 50	1 45	16 56	8 51	9 47	18 49	5 47	2 48	12 52	3 55
15 58	2 44	3 54	10 50	12 40	13 39	4 48	9 48	7 55	8 38	11 58	19 46	5 56	17 44	16 46	14 49	6 59	1 55	18 51	0 47
8 50	19 58	1 44	18 49	16 51	5 51	9 50	12 46	13 49	4 48	14 39	7 47	10 47	11 51	2 44	15 54	0 38	3 38	17 58	6 45
2 49	11 48	18 59	15 48	13 48	16 52	8 48	1 56	17 51	3 40	10 56	0 52	7 45	9 49	5 50	12 44	19 59	4 52	6 44	14 49
14 52	17 44	5 55	16 56	13 44	15 53	0 51	8 45	4 47	6 52	19 52	3 49	9 37	18 45	2 49	12 60	1 49	11 40	10 60	7 38
16 42	4 48	15 49	9 46	18 59	1 50	3 45	17 55	19 53	13 47	8 48	12 60	5 44	0 52	7 52	6 54	10 48	11 42	2 54	14 55
11 49	2 51	15 56	10 56	19 54	7 50	0 52	16 44	6 48	12 54	3 49	18 52	4 46	14 54	13 55	1 54	9 50	5 51	8 56	17 46
13 57	2 57	4 52	16 49	8 40	1 60	17 54	0 58	5 47	7 48	9 51	11 43	3 52	18 40	15 53	6 52	12 48	14 50	19 55	10 53
15 45	0 54	19 46	2 56	7 50	17 46	12 56	4 53	6 48	14 49	1 52	11 56	3 60	8 48	18 54	5 50	13 61	10 41	16 48	9 51
14 53	16 43	3 51	6 39	7 52	2 51	8 52	9 53	10 53	17 45	0 48	19 49	18 46	12 45	1 51	13 45	11 49	4 58	15 45	5 50
2 56	18 51	1 43	5 47	11 53	13 48	4 45	19 48	7 48	17 56	3 46	9 53	15 54	14 45	8 52	12 54	16 56	10 47	6 44	0 40
10 44	12 44	9 57	13 51	8 45	17 58	19 46	18 47	4 50	5 53	14 53	16 46	3 53	6 53	0 39	15 54	11 52	1 56	2 47	7 54
5 58	8 52	18 35	11 55	10 51	16 47	0 59	1 55	14 57	6 54	3 56	12 46	2 43	9 49	7 50	4 55	15 40	17 48	13 47	19 53
13 59	14 55	9 43	2 51	16 43	7 42	10 50	0 49	18 54	6 53	4 47	15 54	8 55	12 49	3 52	1 43	11 60	17 50	19 51	5 44
7 44	4 50	1 52	16 52	5 52	19 58	9 55	11 57	14 51	3 55	18 51	17 49	6 48	8 55	2 50	15 45	13 53	10 45	0 48	12 57
1 52	18 45	16 48	15 49	8 54	0 41	5 50	4 55	6 39	17 59	12 47	7 59	3 49	19 60	13 49	11 47	9 44	14 47	10 46	2 50
0 49	10 44	12 44	17 60	8 42	13 50	3 44	4 48	16 49	11 55	1 42	6 48	9 49	2 45	15 43	7 49	14 49	5 46	19 48	18 46
12 49	11 47	4 62	13 43	16 47	6 45	8 43	18 57	3 50	0 45	1 48	14 47	10 49	17 54	2 48	7 55	9 49	5 45	19 48	15 62
16 49	15 48	1 47	2 59	12 49	3 47	6 57	13 51	19 52	9 56	11 57	17 54	8 48	4 55	14 47	0 50	10 46	7 42	18 49	5 49
4 51	12 49	8 39	18 51	9 54	15 51	1 51	2 49	13 49	11 45	5 47	10 53	17 51	7 57	19 54	3 48	0 46	16 43	14 48	6 51
17 46	2 46	12 47	19 56	18 53	3 45	13 52	11 51	1 50	6 49	14 49	4 50	16 52	10 45	15 54	9 56	7 62	8 46	0 49	5 56
17 60	8 48	9 52	7 45	12 51	6 54	16 52	19 54	4 48	5 50	1 47	0 56	10 47	18 50	11 60	3 59	14 47	13 50	15 56	2 48
13 45	10 48	8 42	7 47	2 45	19 55	4 45	15 51	17 54	9 61	18 49	12 48	16 51	14 49	6 53	1 45	5 55	3 46	11 62	0 49
10 49	8 47	6 43	17 46	2 52	13 50	15 37	16 47	5 46	12 48	7 54	3 50	4 51	9 54	1 46	11 51	18 42	19 51	14 49	0 48
13 47	2 40	16 51	19 54	4 43	18 43	7 50	0 49	9 50	1 45	12 50	10 50	15 53	14 40	8 51	6 58	17 47	3 54	5 53	11 56
5 42	16 45	8 57	13 43	12 51	4 55	19 44	6 48	3 56	1 51	17 52	0 36	14 47	18 49	7 45	9 53	11 49	2 49	10 48	15 46
13 47	6 55	8 50	15 40	7 39	10 42	1 52	0 57	12 44	4 57	11 42	17 50	16 51	9 62	19 47	18 58	5 49	3 48	2 46	14 38
3 43	15 51	6 46	16 58	19 45	17 44	7 46	13 43	1 50	4 42	14 47	11 52	10 51	12 47	9 52	0 56	5 52	2 56	8 41	18 51
10 45	9 57	12 51	18 54	8 50	3 54	17 55	11 48	4 37	1 43	6 50	19 41	15 53	5 48	0 49	7 51	14 50	13 57	2 42	16 42
14 42	2 59	9 48	17 48	3 55	19 50	11 47	15 47	16 41	5 49	18 57	8 42	1 52	6 52	12 56	4 52	7 43	10 44	0 44	13 50
2 57	19 50	0 41	14 48	7 49	3 45	18 56	10 55	11 56	16 39	17 44	1 47	8 53	4 49	6 48	12 53	15 53	13 39	9 52	5 58
2 45	6 55	10 47	11 46	12 54	17 50	8 43	9 54	1 53	18 50	0 40	13 42	7 58	14 39	19 49	15 44	3 48	4 49	5 51	16 45
0 55	13 50	7 53	14 49	8 47	5 52	1 50	11 53	15 43	3 49	2 48	4 46	19 47	9 49	10 45	17 40	18 52	6 51	16 55	12 42
6 44	4 53	0 58	19 49	15 46	3 48	17 52	8 48	16 51	11 44	9 60	10 48	13 58	12 48	7 50	1 51	2 45	5 49	14 52	18 44
6 51	10 51	17 55	19 41	15 49	3 48	0 48	7 43	16 43	9 45	2 55	18 53	11 41	13 52	5 45	12 53	1 42	4 49	8 47	14 53
14 46	17 53	5 51	7 59	19 43	1 58	11 48	0 44	12 52	9 44	2 51	6 54	10 55	8 47	18 46	15 52	3 50	16 52	13 54	4 40
15 46	10 56	19 46	14 51	17 49	6 64	9 51	4 57	13 55	18 48	0 52	12 49	8 52	11 48	1 48	7 52	16 54	3 50	2 48	5 41
2 46	15 45	5 50	7 44	11 47	4 49	12 48	9 52	3 42	14 45	17 55	8 49	10 59	0 52	6 48	13 51	19 55	16 57	18 44	1 51
15 52	18 46	10 54	3 51	1 56	7 53	5 47	2 52	6 46	12 50	8 59	4 56	17 50	13 49	9 44	0 53	14 46	11 51	16 47	19 48
12 52	19 44	3 54	1 48	15 52	4 51	0 56	9 44	10 52	2 50	6 40	11 54	13 45	18 47	7 54	5 51	16 58	17 52	14 48	8 47
9 47	18 45	13 51	7 55	14 48	3 44	2 55	17 49	1 44	15 47	5 51	6 43	19 49	0 46	12 42	8 49	4 48	10 43	11 53	16 55
7 47	13 52	6 45	10 50	15 44	16 43	17 51	1 55	18 51	11 54	14 51	12 48	5 47	2 50	4 51	9 44	8 48	3 53	0 55	19 52
11 49	7 58	1 47	16 48	3 40	9 53	14 51	4 54	18 53	8 63	19 47	13 49	6 51	10 42	12 51	2 52	0 41	15 42	5 50	17 62
1 58	15 53	8 48	11 54	17 52	6 48	3 56	5 45	16 50	14 49	18 49	10 56	0 51	12 57	4 43	19 54	7 57	9 57	2 48	13 52
10 47	15 50	5 52	0 46	2 44	12 51	4 45	7 50	14 53	16 43	13 53	9 45	8 44	6 62	3 54	17 53	19 49	18 48	11 51	1 52
17 55	0 62	5 50	18 64	11 44	16 52	1 50	2 51	9 62	10 43	15 48	12 53	6 53	3 45	13 50	19 51	8 45	7 48	14 50	4 58
16 41	17 47	10 48	9 47	15 50	18 52	2 58	8 51	12 48	19 51	0 53	5 45	13 50	4 46	7 53	1 47	3 48	11 50	6 51	14 54
12 54	6 49	8 47	2 50	15 52	13 46	7 54	5 47	17 50	14 49	19 54	18 49	11 40	10 46	9 51	4 52	0 54	3 57	16 49	1 40
12 50	10 58	1 55	19 52	14 49	4 53	13 45	5 54	7 45	15 56	3 50	8 45	6 49	18 46	17 55	9 52	2 57	0 55	11 38	16 49
6 49	7 48	5 53	1 58	4 47	12 51	16 56	3 47	15 45	19 49	14 51	9 43	17 44	2 49	13 48	0 50	11 38	18 49	10 46	8 50
17 55	2 51	12 54	3 50	1 46	8 57	4 57	0 52	18 47	15 57	7 52	16 48	6 55	5 56	9 47	14 50	11 47	13 53	10 40	19 49
13 49	18 47	5 47	6 57	3 47	10 51	7 44	14 48	16 43	4 51	0 52	15 54	19 46	8 44	1 53	2 49	11 49	12 54	9 40	17 54
19 47	11 50	5 55	10 56	3 48	9 54	2 47	1 47	7 47	17 53	15 49	0 53	16 55	13 51	4 55	12 47	8 48	14 48	18 52	6 49
11 56	6 58	18 56	14 46	2 37	7 55	16 53	10 40	0 44	8 48	13 52	4 56	19 50	17 51	15 53	1 44	3 51	9 48	5 51	12 43
15 52	17 43	19 45	4 53	11 44	10 53	9 55	13 52	7 53	3 45	14 48	2 55	1 49	6 43	12 50	5 62	18 51	16 48	8 48	0 45
5 48	11 45	4 48	19 54	7 48	10 45	8 57	9 58	17 50	12 41	14 52	6 56	3 48	15 53	13 48	0 50	1 56	16 48	18 53	2 44
3 59	11 45	5 44	15 56	19 44	10 47	9 51	7 56	2 46	12 55	6 51	18 56	0 53	17 54	13 53	8 53	4 51	1 49	16 55	14 57
16 51	13 47	14 47	2 50	9 44	10 48	19 43	15 50	17 55	3 43	6 59	0 57	4 51	7 49	5 44	11 51	12 43	18 56	8 45	1 49
