15	100
12 1	86 1	80 1	71 5	40 3	3 6	5 2	39 2	9 2	94 1	75 5	0 4	87 2	29 3	31 1	91 2	8 2	84 2	76 2	53 5	45 1	25 8	6 2	30 1	26 2	33 3	16 2	77 8	35 2	36 1	34 2	28 1	27 4	85 1	92 1	51 3	64 3	97 2	38 4	72 2	60 2	74 1	81 1	79 1	82 2	21 2	58 1	63 1	13 1	48 2	11 2	20 1	41 1	44 3	42 1	66 1	69 2	89 2	90 1	88 2	54 1	56 1	15 1	10 1	65 1	95 1	55 1	52 2	4 3	19 2	57 1	96 2	22 3	37 1	1 2	7 1	18 1	93 3	2 2	43 2	49 4	73 1	78 5	83 3	99 1	50 1	23 4	62 6	17 3	61 4	59 6	46 1	14 1	24 3	98 1	67 2	47 1	32 1	68 3	70 1
66 7	3 1	34 1	89 3	17 1	24 2	85 1	15 3	49 1	31 1	25 1	41 4	63 1	7 1	18 3	42 1	77 1	50 2	79 1	99 3	74 1	12 2	91 1	2 1	51 4	32 7	28 3	81 4	76 2	54 1	80 3	21 1	64 2	87 3	39 1	68 1	47 2	90 1	4 3	19 3	46 7	86 2	30 3	52 1	62 4	40 3	58 2	6 2	95 1	60 3	9 2	1 4	82 1	88 1	48 2	16 6	14 3	57 2	27 2	38 1	0 3	56 2	84 1	73 2	55 2	96 4	78 2	61 1	13 4	22 1	5 1	26 1	92 2	69 3	43 1	98 2	71 3	37 1	23 1	35 1	93 1	83 1	97 3	70 3	29 2	75 5	20 1	11 6	65 6	44 4	67 10	33 2	59 1	53 1	72 1	45 1	36 6	10 2	8 3	94 1
45 1	27 1	53 1	65 6	4 1	52 2	37 1	8 4	81 1	14 3	35 1	6 3	10 2	40 1	61 7	72 2	73 2	57 3	42 1	66 1	51 1	26 3	58 1	90 1	64 3	23 1	84 3	34 1	5 1	94 1	74 1	47 1	80 2	29 4	7 2	88 1	44 1	78 1	69 2	49 2	85 3	19 1	18 1	54 2	75 6	70 3	39 1	99 2	46 3	32 2	13 1	77 1	83 1	41 2	30 2	12 3	11 4	56 2	87 1	59 1	79 1	3 1	2 2	82 2	16 1	15 3	60 3	62 3	55 1	38 3	68 1	43 4	71 5	48 1	22 2	95 1	25 3	33 1	21 2	93 2	1 2	97 3	67 7	0 2	50 1	86 3	28 1	98 1	92 2	63 1	96 1	31 1	36 4	20 1	24 1	91 2	17 4	76 4	89 3	9 2
62 3	16 3	56 2	13 1	61 2	93 3	55 1	9 2	27 4	18 1	48 2	31 4	71 4	19 6	68 1	20 1	66 1	8 1	74 1	60 1	73 1	4 2	63 1	50 1	90 1	32 2	37 1	23 1	46 1	0 1	7 4	47 1	26 1	94 3	80 2	65 1	2 2	38 3	99 1	69 3	12 2	76 3	3 2	24 2	70 1	42 3	40 1	83 1	77 2	67 2	15 2	59 1	64 2	6 1	1 2	75 2	53 1	98 3	30 2	91 1	14 3	17 1	95 1	10 4	58 5	5 2	79 5	44 1	33 1	96 2	85 2	72 1	29 1	34 5	51 3	78 3	87 1	35 12	89 1	82 1	92 3	88 1	84 1	54 5	11 1	45 2	81 2	52 3	39 2	41 2	25 1	28 2	57 1	86 1	43 1	21 1	49 1	36 1	97 2	22 1
92 1	30 2	93 3	91 7	47 2	21 3	31 1	77 1	54 2	33 3	3 1	73 4	20 1	11 1	55 4	23 1	32 1	66 1	96 2	69 2	87 2	12 1	43 2	99 1	8 1	27 2	72 3	29 2	74 1	58 1	7 2	5 2	51 1	67 3	94 1	28 1	42 1	40 1	85 1	89 3	57 1	24 1	46 1	60 1	63 4	53 1	61 2	82 1	26 2	45 2	70 1	81 1	10 1	39 9	86 1	41 1	2 2	6 1	22 2	38 2	14 1	56 6	88 1	65 1	68 1	13 1	52 2	0 1	37 2	48 3	49 3	98 3	83 4	64 2	1 1	9 1	17 1	59 5	95 1	62 3	75 1	79 1	80 1	19 1	84 3	50 2	4 5	18 3	25 4	15 4	90 1	97 1	78 2	16 4	34 1	76 2	44 5	35 2	36 1	71 4
46 1	27 3	2 7	50 1	90 1	13 2	83 1	53 2	58 1	98 4	78 1	72 1	67 1	32 1	99 2	64 1	38 2	30 1	0 2	89 2	22 2	21 3	47 1	82 2	19 1	96 1	1 1	60 1	42 2	66 2	31 3	44 1	5 4	15 1	63 1	11 4	3 1	25 3	73 2	62 1	16 2	93 2	8 1	65 1	95 3	87 1	41 1	14 1	26 1	54 2	34 1	71 3	76 3	45 1	39 1	94 2	24 1	77 1	56 1	48 1	49 1	68 1	10 4	9 2	43 2	4 4	18 2	6 1	69 1	51 2	75 7	59 1	85 6	86 2	7 3	35 3	70 1	80 1	33 1	23 3	20 1	88 3	12 1	74 1	28 1	79 2	92 1	52 3	55 2	61 4	40 3	17 1	91 2	37 1	97 4	57 1	84 4	29 1	36 1	81 1
88 3	29 1	40 5	56 5	25 2	61 4	39 1	10 1	58 2	7 1	94 1	27 1	45 3	63 6	16 1	13 1	82 3	8 3	20 1	75 1	57 2	85 1	50 2	55 1	81 3	32 2	19 1	31 5	48 2	12 1	76 2	59 2	52 3	30 4	36 2	90 1	89 1	47 4	60 3	79 2	38 1	49 2	54 3	35 2	83 1	9 1	91 5	43 8	53 1	99 4	28 2	26 1	66 5	4 3	71 1	65 1	80 1	41 1	98 2	18 1	42 1	22 1	67 3	64 3	14 2	51 1	96 1	77 8	5 6	17 1	93 2	97 2	37 1	33 8	24 1	11 1	69 2	73 1	84 3	46 1	72 2	21 1	15 5	6 2	62 2	1 3	34 1	95 2	44 3	86 3	0 3	23 1	3 1	78 10	87 1	92 1	2 1	74 1	70 1	68 3
98 1	71 1	60 3	37 2	11 2	90 2	75 2	46 2	73 3	33 5	27 2	3 1	45 2	84 1	74 2	70 1	87 2	32 1	1 6	15 1	9 4	8 1	85 2	0 1	51 1	55 3	72 1	81 1	64 1	69 6	59 6	31 2	67 3	94 3	65 1	63 2	66 1	2 1	57 1	6 3	14 4	36 3	53 1	28 1	40 3	25 1	30 1	89 1	80 3	86 3	50 2	35 1	62 2	42 1	43 1	99 3	79 1	93 3	19 4	52 1	47 3	82 1	76 1	97 4	49 6	91 1	21 2	39 5	38 3	29 3	7 1	26 1	20 4	68 4	92 1	77 1	88 1	12 1	18 1	24 3	4 1	23 1	58 1	78 2	5 3	96 1	56 2	44 2	41 2	48 1	10 1	22 3	95 1	16 1	83 3	13 4	17 4	61 5	54 1	34 2
29 1	89 5	1 1	82 2	28 1	90 2	21 1	12 2	11 1	13 1	5 3	48 1	44 4	15 1	51 1	74 5	56 2	2 2	9 1	75 2	91 2	65 1	62 1	27 1	8 1	60 1	57 3	54 1	87 1	45 1	39 2	80 1	7 5	35 1	6 7	59 1	98 3	77 1	50 3	72 1	42 3	67 1	16 2	3 1	76 3	32 2	17 3	88 2	23 2	18 1	70 3	85 1	95 2	37 1	86 2	40 1	25 1	61 1	83 8	19 1	96 1	79 1	84 3	30 4	52 1	38 1	43 2	68 2	97 3	71 1	49 4	10 2	26 2	92 7	63 1	36 2	34 2	94 2	31 2	0 2	93 1	99 1	47 3	33 2	53 2	64 3	22 1	58 1	24 2	55 1	20 2	46 1	81 1	4 2	73 1	41 1	78 2	14 1	69 1	66 2
94 4	13 2	91 1	23 3	15 1	8 4	44 1	22 1	46 1	70 1	34 1	11 1	55 2	61 1	86 2	10 1	79 1	97 2	31 2	82 1	29 1	84 2	52 1	83 3	19 1	42 2	81 3	59 1	78 1	33 1	77 2	24 1	64 1	39 1	89 2	58 1	50 1	16 1	32 1	48 1	98 2	36 1	80 1	72 3	1 1	6 1	47 3	38 7	27 4	62 1	12 1	71 1	20 2	35 2	40 3	7 3	49 1	21 2	96 2	76 2	75 3	65 1	5 1	69 2	0 1	37 2	92 1	68 2	28 2	60 1	73 3	26 2	14 3	63 1	9 1	56 2	93 1	66 1	30 1	99 1	4 4	87 1	90 1	74 1	88 1	18 1	17 3	43 2	51 3	2 1	95 2	41 1	3 1	85 1	45 1	53 3	67 3	25 2	54 1	57 3
93 4	43 1	53 3	37 1	32 1	15 2	96 3	31 4	10 1	20 1	11 2	73 2	21 1	38 1	5 2	36 1	97 1	81 2	63 2	88 3	30 1	25 3	58 1	77 1	66 2	60 1	24 1	94 1	76 1	50 1	51 1	0 1	56 1	14 1	7 1	4 1	62 1	65 1	33 1	98 1	59 3	70 1	28 8	45 1	69 1	39 3	26 1	47 1	72 6	74 2	90 1	29 1	19 1	87 1	9 3	95 2	54 5	13 2	79 2	42 3	16 1	46 4	80 3	49 1	2 1	34 1	3 2	82 2	84 1	48 1	64 1	99 1	78 1	44 2	57 1	86 8	17 1	68 1	8 1	40 2	67 2	75 1	92 4	89 2	55 2	52 3	91 3	1 1	41 1	12 2	22 3	85 3	83 3	18 1	23 3	6 4	35 1	71 1	61 1	27 1
38 1	75 2	67 4	46 4	96 1	36 1	15 2	97 1	62 1	50 1	63 1	29 2	1 1	28 3	43 1	69 2	40 2	84 3	18 2	74 1	33 4	51 1	93 1	34 1	68 5	59 5	70 2	35 1	49 1	32 5	44 2	2 4	55 3	26 2	27 2	58 4	78 2	11 1	77 2	25 4	94 1	89 8	10 1	60 1	12 1	6 1	88 3	31 1	66 1	86 1	54 1	73 2	72 7	30 1	57 2	47 2	91 2	98 1	99 6	52 1	61 3	8 3	9 3	4 1	48 1	56 1	17 1	85 1	83 1	81 3	20 1	45 1	64 3	3 1	82 1	21 1	92 1	87 1	16 1	0 2	71 1	22 1	23 1	90 3	95 3	79 3	24 2	19 1	14 1	37 1	13 1	53 1	65 2	80 1	76 6	5 1	42 1	7 5	41 2	39 2
45 1	96 1	28 2	74 4	63 1	32 1	84 1	1 1	11 2	38 3	26 4	70 1	55 1	51 4	58 1	76 2	4 1	5 1	42 2	52 1	10 1	3 1	29 1	7 1	89 1	64 2	92 1	14 1	56 1	33 1	41 1	34 2	37 2	99 2	24 3	77 1	20 1	12 1	87 4	80 3	16 5	48 1	86 2	61 3	13 5	39 3	50 2	23 2	85 1	65 3	69 6	91 1	59 3	54 3	18 1	44 1	98 2	79 1	40 2	21 4	30 2	36 1	6 3	53 1	78 3	27 1	95 1	2 1	57 2	88 5	35 1	90 2	8 1	73 1	47 1	67 1	25 2	15 2	83 1	81 3	49 1	22 2	62 1	9 1	66 1	0 1	93 1	97 1	31 1	60 1	46 1	71 1	72 3	68 1	43 1	94 1	19 1	17 6	75 4	82 3
75 1	17 2	77 3	71 4	59 3	72 1	66 1	46 2	2 2	3 2	79 1	18 2	68 2	64 3	6 1	33 7	31 2	67 1	56 1	16 2	52 1	85 3	94 1	70 1	84 2	48 2	62 5	63 1	45 2	28 1	47 2	99 6	39 2	80 3	98 1	35 1	60 4	32 1	36 1	44 1	7 2	14 1	90 1	41 1	53 1	0 1	50 2	27 2	23 2	37 1	11 1	91 1	55 1	89 2	20 2	74 1	21 2	57 2	65 1	12 1	82 2	58 2	1 4	78 2	15 2	24 6	29 1	87 2	42 2	49 3	97 3	13 1	5 3	30 2	73 3	69 1	93 1	76 1	38 1	43 5	9 1	51 2	26 1	54 3	86 1	81 9	88 1	22 2	25 1	83 2	34 1	4 2	40 2	96 1	95 1	61 2	92 1	10 1	8 1	19 1
94 4	91 1	18 2	58 2	60 1	65 1	86 4	57 2	17 1	2 1	52 6	96 2	66 4	83 3	88 8	19 1	67 1	61 1	3 1	35 1	44 1	14 1	10 1	97 3	73 4	13 1	30 2	50 1	70 2	12 3	11 3	64 1	95 1	90 1	75 10	56 1	55 1	53 1	15 1	98 1	43 1	4 1	71 1	41 1	7 2	99 4	92 3	5 1	62 1	54 1	89 4	0 2	23 1	87 1	28 1	42 4	77 5	27 2	85 4	21 4	8 2	37 1	49 1	47 4	72 1	93 1	46 3	9 2	45 1	74 2	79 1	59 1	20 3	84 2	78 5	34 2	31 4	48 2	38 1	1 1	33 2	81 2	36 3	22 5	32 2	39 1	51 1	82 3	16 2	6 1	26 2	76 4	80 2	40 1	24 2	63 1	29 1	25 2	69 2	68 2
