10	50
8 2	4 4	40 1	1 1	35 5	49 3	24 2	12 1	14 1	19 2	3 1	22 1	11 3	23 1	18 1	28 1	30 4	46 2	7 2	33 1	17 1	13 1	37 1	6 2	2 2	25 2	44 2	34 2	38 1	5 5	39 2	15 1	42 1	36 1	48 2	27 1	32 2	16 1	0 1	45 3	21 1	9 2	47 1	31 1	10 1	29 1	26 1	43 1	20 1	41 1
24 1	36 4	2 2	40 3	0 1	9 1	11 2	35 2	17 2	25 1	31 3	45 2	39 1	16 1	26 1	42 1	38 1	37 1	6 4	30 1	22 2	48 1	8 1	49 1	19 8	34 1	13 3	23 2	41 2	3 5	4 3	21 1	18 7	7 2	27 4	32 1	46 3	5 1	43 2	15 3	1 2	14 1	12 4	33 3	44 3	47 5	29 2	10 3	20 2	28 1
30 1	39 1	31 1	29 6	20 1	47 2	3 1	5 1	43 3	42 1	22 1	46 2	32 3	18 2	2 1	4 1	14 4	6 4	17 1	8 1	33 1	23 1	7 2	40 1	24 1	12 1	34 4	9 1	11 6	13 2	28 2	35 2	25 3	41 2	36 1	0 2	49 1	26 1	1 2	48 1	45 1	15 1	37 1	10 2	44 2	21 1	19 1	16 1	27 1	38 1
14 1	27 1	3 1	45 1	29 1	2 1	24 7	17 2	32 2	8 1	30 1	36 1	42 1	28 5	25 3	19 1	0 1	5 1	39 3	46 1	1 1	37 1	7 1	13 1	40 1	21 1	22 1	47 1	6 5	26 2	38 3	43 1	4 3	16 1	20 1	35 1	11 3	33 1	15 6	41 2	23 2	49 1	10 1	18 2	12 1	9 3	48 1	34 6	31 1	44 2
25 1	28 1	35 1	7 4	42 1	41 2	38 4	20 1	13 2	32 1	36 5	40 3	6 5	0 5	5 2	18 7	48 6	37 3	17 1	43 2	34 1	33 1	15 3	23 2	24 1	11 1	29 1	22 1	12 1	21 2	46 4	47 2	30 3	3 2	2 2	27 1	10 1	8 1	45 1	1 1	9 2	49 4	19 1	44 1	16 2	31 1	14 1	4 1	39 1	26 1
26 1	41 4	37 1	11 3	14 1	46 1	31 3	15 1	0 1	17 3	8 1	19 3	33 2	22 1	16 1	42 2	9 1	5 1	27 2	6 4	24 1	28 1	32 2	39 1	48 1	1 2	40 2	25 3	12 1	34 1	2 1	49 2	47 4	30 2	18 2	38 2	21 1	45 5	3 1	4 3	43 1	44 1	29 1	35 2	13 1	10 3	7 2	20 4	23 1	36 2
29 2	43 1	25 1	1 2	48 2	10 1	5 1	2 4	23 6	39 1	36 2	9 1	21 2	28 3	0 2	3 1	15 1	30 2	26 2	8 2	41 1	35 1	11 1	40 1	16 4	42 1	12 2	32 1	38 2	7 1	49 1	20 3	19 1	22 2	34 1	45 10	4 4	18 1	47 1	33 1	6 1	37 1	44 1	14 2	31 2	27 1	46 6	24 2	17 3	13 2
32 2	48 1	3 1	49 4	47 1	17 4	23 7	43 1	10 1	8 3	36 7	44 1	34 2	2 1	28 1	5 1	21 1	37 2	1 1	41 6	31 1	19 1	35 7	42 1	6 2	38 1	12 3	40 1	45 1	30 2	0 5	14 1	33 2	11 1	22 1	20 2	18 2	26 2	4 1	24 4	16 2	46 2	27 1	25 1	9 3	15 3	29 1	7 1	13 2	39 6
33 2	11 2	42 1	41 1	47 2	18 1	4 6	17 4	28 1	40 1	9 1	43 1	46 3	3 1	19 1	20 7	1 1	2 2	6 1	45 4	39 5	27 1	10 1	13 2	31 1	8 3	30 2	24 2	26 6	7 1	37 3	38 2	23 1	14 2	22 5	34 1	5 1	15 2	49 1	32 3	36 4	16 3	25 3	48 1	35 4	44 3	12 3	29 4	21 5	0 1
10 2	32 4	17 1	35 2	2 3	31 3	15 1	24 1	0 1	6 1	20 1	19 2	16 1	1 1	18 1	25 6	36 1	21 1	13 2	44 1	39 1	11 3	34 4	47 2	5 1	4 1	48 1	14 2	40 2	3 2	33 1	42 2	45 5	7 1	43 1	12 3	38 1	41 4	37 2	26 3	8 5	27 4	28 4	23 1	49 2	9 1	30 3	46 1	22 1	29 1
