50	30
12 5	9 2	8 1	5 2	10 1	13 2	1 1	11 2	20 1	14 2	15 6	7 2	18 2	28 1	17 3	24 3	26 2	25 1	0 1	29 1	6 2	4 1	21 1	16 2	19 7	22 1	27 2	3 1	2 1	23 2
20 2	8 2	5 1	0 2	14 1	3 2	13 3	24 1	1 2	7 2	23 2	6 1	21 1	22 2	17 1	10 1	26 8	12 1	4 4	27 3	25 2	28 1	29 3	18 3	19 5	2 1	11 2	16 1	15 4	9 1
6 6	0 5	18 3	21 1	15 1	14 1	25 1	13 5	17 1	28 6	26 4	22 1	1 4	23 5	19 1	9 3	24 2	27 3	4 2	20 2	11 1	10 1	29 5	16 1	7 1	8 5	5 1	2 2	12 1	3 1
14 2	13 1	16 2	5 1	1 1	0 1	4 2	12 1	2 1	26 4	25 2	15 1	7 2	23 1	8 2	29 3	21 1	24 6	20 2	3 1	10 1	9 3	22 7	17 1	28 6	19 1	6 2	11 1	27 1	18 1
27 3	5 1	25 4	17 1	26 4	3 1	13 2	19 1	29 1	11 1	2 1	12 2	4 3	1 1	23 2	21 4	0 1	9 1	15 1	20 2	22 4	10 9	18 2	6 1	24 1	8 3	28 2	14 1	7 3	16 1
9 1	5 2	8 2	29 4	2 2	23 4	20 3	4 5	14 1	26 5	16 2	7 3	19 4	3 2	21 1	18 1	1 4	22 4	28 5	15 2	12 2	10 1	25 1	13 1	27 2	24 2	11 1	0 1	6 1	17 2
26 2	23 1	21 1	27 1	18 1	24 1	15 1	10 6	3 4	17 4	16 1	5 2	0 1	8 4	12 2	6 2	9 4	29 2	22 1	19 4	28 4	2 4	20 1	14 1	13 2	1 1	25 4	11 2	4 1	7 2
13 2	10 6	20 2	11 10	29 2	25 2	24 3	0 1	22 4	21 1	18 1	12 5	27 1	16 2	5 1	8 3	6 4	7 1	23 3	2 1	3 1	17 2	15 1	19 3	28 1	1 5	9 1	4 4	14 1	26 1
18 2	17 4	16 1	25 2	9 2	2 2	21 3	29 1	20 1	13 5	6 1	28 1	3 2	26 1	22 1	1 1	27 1	14 4	8 1	10 2	19 7	7 4	12 1	15 2	0 2	11 4	23 4	5 2	24 2	4 5
7 3	22 1	24 2	13 2	8 1	25 5	4 2	19 1	11 1	18 1	0 1	10 1	21 2	12 1	16 2	27 1	9 1	6 1	5 1	1 2	15 1	23 5	20 2	2 1	28 1	14 4	26 2	17 1	29 3	3 1
1 3	0 1	5 2	16 5	12 2	21 1	26 3	6 2	8 1	9 1	29 3	14 1	15 3	11 1	2 3	13 3	20 4	24 1	4 1	17 6	28 1	7 1	22 1	3 2	25 1	10 3	19 1	23 1	18 1	27 1
27 2	6 1	1 4	18 1	9 1	29 4	25 1	11 1	12 2	2 4	10 1	20 2	0 1	26 1	5 1	13 1	15 1	14 3	16 1	8 1	21 1	17 1	3 1	28 1	22 2	19 3	7 3	4 1	24 1	23 1
26 1	2 3	19 1	25 3	29 5	16 1	8 3	17 1	7 1	0 2	21 1	28 1	23 1	11 2	22 2	1 4	14 1	12 1	18 1	9 3	3 5	5 3	27 1	4 2	6 2	24 2	20 3	10 1	13 1	15 1
17 2	20 1	5 2	10 5	2 1	3 2	24 1	7 2	29 3	0 1	23 3	6 2	22 1	25 1	13 1	27 2	9 3	18 3	21 3	28 1	4 2	14 1	1 1	11 1	19 3	26 2	16 2	8 3	12 2	15 2
21 1	7 4	4 3	18 1	17 1	9 1	27 1	12 2	16 1	8 3	10 1	15 5	14 1	24 2	22 2	11 3	2 1	29 1	3 1	26 2	28 3	25 2	0 2	23 3	13 3	19 1	5 1	20 2	1 1	6 1
13 1	10 1	23 1	20 2	12 1	8 1	1 1	3 3	16 2	2 1	27 3	15 1	17 2	19 3	0 3	7 2	25 1	18 3	4 1	9 2	5 3	21 3	14 1	22 5	24 4	11 1	26 3	6 1	28 1	29 1
4 1	1 1	23 2	20 2	15 2	24 1	3 1	22 1	0 1	9 3	10 1	26 2	25 5	2 1	11 1	21 1	5 1	17 3	13 2	16 1	29 2	7 1	8 1	14 5	12 2	6 1	18 2	27 1	19 1	28 3
8 1	28 2	22 1	3 1	4 2	23 2	21 5	5 2	9 3	29 1	25 4	16 5	1 1	2 1	10 3	6 2	13 1	7 3	27 5	11 1	15 1	14 7	0 8	12 1	20 1	19 2	17 4	26 1	24 1	18 3
28 1	2 2	4 1	3 5	6 11	27 1	16 4	20 2	23 1	1 1	13 1	8 1	22 1	10 1	11 1	19 1	0 1	15 1	5 1	18 1	26 3	7 3	14 1	24 2	21 1	29 2	12 1	17 2	25 1	9 2
2 4	17 1	12 1	25 1	15 2	28 4	20 3	18 1	22 4	8 2	24 3	10 1	13 1	19 1	14 1	29 1	6 1	23 2	9 1	3 1	11 2	21 1	7 3	1 1	0 3	27 1	26 1	4 1	5 2	16 1
2 1	20 2	0 2	23 2	3 6	14 5	26 2	10 2	1 3	24 1	5 2	25 1	12 2	7 1	15 1	9 1	18 1	28 1	4 1	19 2	29 1	13 4	17 2	11 2	16 1	22 1	21 4	8 1	6 1	27 2
4 3	20 1	19 2	28 1	17 3	26 5	6 1	2 1	14 1	24 3	29 1	22 1	21 1	11 1	15 1	16 1	12 1	25 6	23 1	3 2	27 1	0 1	5 3	9 2	18 6	13 2	8 1	10 6	1 4	7 1
11 1	29 1	7 3	2 2	10 1	17 1	23 1	22 1	3 5	21 2	18 1	26 4	0 1	16 2	25 2	28 1	8 2	1 1	19 2	13 3	27 4	15 1	6 2	12 1	20 3	9 1	4 1	5 2	14 2	24 1
19 2	6 3	2 5	23 2	12 7	9 1	5 1	4 1	28 1	3 2	10 2	7 4	24 2	29 1	0 1	21 2	20 2	22 1	18 1	8 3	13 1	14 1	17 2	11 2	1 1	15 7	16 2	27 1	25 1	26 4
8 2	10 3	7 1	21 1	13 1	23 1	3 1	24 1	25 1	29 1	14 3	26 2	9 1	15 2	4 1	19 1	27 5	2 3	5 5	20 2	1 1	12 1	11 1	0 2	6 1	16 1	17 1	22 1	28 2	18 1
9 1	2 2	26 1	19 2	5 1	13 2	20 1	3 2	21 3	8 1	6 2	16 9	1 1	4 4	22 3	11 4	18 6	23 1	29 1	28 4	10 3	24 1	15 1	27 2	14 4	0 1	17 9	25 1	12 1	7 1
14 3	1 8	7 1	17 1	29 2	23 2	28 1	22 1	20 4	19 1	0 3	8 3	6 1	24 1	3 3	16 1	25 3	12 2	21 1	2 5	26 1	27 3	9 6	18 1	15 2	11 3	10 3	13 2	4 3	5 1
27 2	23 3	17 1	6 1	12 1	8 4	0 1	14 7	24 1	1 1	5 6	18 1	7 2	26 5	10 1	22 2	16 2	11 1	29 2	28 1	15 2	3 1	2 2	21 1	20 1	19 5	25 6	4 4	9 3	13 1
3 2	29 2	12 1	8 6	13 1	14 2	24 3	1 2	15 2	10 3	6 1	19 1	18 3	4 2	9 4	2 2	21 2	16 2	0 2	5 1	25 1	26 1	23 1	17 1	22 2	20 3	27 3	7 4	28 2	11 1
21 2	19 2	12 7	10 3	23 1	2 1	27 4	17 3	13 1	18 4	25 1	11 5	3 1	5 2	4 1	26 1	28 6	24 1	14 2	16 3	29 2	22 3	15 2	20 1	9 1	7 1	0 5	6 2	8 2	1 2
1 1	12 1	2 3	3 1	15 2	7 2	27 1	6 1	18 2	8 1	28 1	11 1	25 3	22 1	4 1	0 1	29 1	19 1	21 2	9 3	5 1	26 1	16 1	13 3	17 1	23 3	14 1	24 1	20 1	10 4
22 3	29 3	1 1	21 2	4 1	23 2	15 3	3 1	6 1	20 3	11 4	27 1	18 1	26 1	25 3	7 1	0 1	24 2	19 2	16 2	10 1	8 1	17 1	28 2	14 1	2 2	5 3	13 9	9 1	12 3
23 3	26 1	25 1	22 1	15 2	2 3	21 1	8 5	11 1	9 7	20 2	14 2	28 1	24 4	4 3	17 2	12 2	7 1	13 2	29 1	10 2	5 1	18 1	6 2	27 1	1 1	0 1	3 1	19 1	16 1
19 1	20 2	15 1	22 1	6 1	9 2	23 2	3 4	1 1	5 1	27 2	0 1	26 3	18 1	12 3	21 2	14 1	7 2	16 2	11 1	28 2	29 2	8 4	4 1	24 2	17 1	25 5	2 4	13 1	10 4
9 3	0 1	16 1	23 5	11 1	1 2	14 2	7 1	20 2	17 3	28 2	19 1	2 3	6 3	18 1	10 4	24 5	29 1	27 2	3 2	8 5	4 2	21 1	13 1	15 2	12 4	25 1	22 3	5 1	26 2
13 1	12 1	25 6	16 1	18 2	5 2	9 2	0 2	26 1	27 1	22 1	21 3	6 1	14 1	10 2	29 1	19 1	1 1	8 3	24 4	23 1	3 1	4 1	17 2	20 1	15 1	7 1	11 2	2 1	28 1
14 2	5 1	27 2	8 3	26 7	2 1	25 2	10 1	22 2	19 1	4 9	16 1	21 9	0 1	1 2	6 2	23 2	28 1	24 1	3 4	9 2	18 1	29 5	20 1	12 3	7 3	17 1	13 1	15 3	11 2
7 1	13 2	6 1	18 2	3 3	4 1	23 1	16 7	29 1	5 1	1 4	0 2	2 1	20 1	26 1	14 2	27 2	24 3	12 5	9 1	17 1	25 4	19 1	28 1	22 1	15 1	21 2	11 4	8 1	10 1
24 1	13 2	9 1	23 2	4 2	1 1	12 2	18 1	21 2	28 3	16 1	19 2	14 4	8 1	22 1	25 1	17 5	2 3	15 1	26 1	10 3	11 1	6 1	7 1	27 6	29 1	0 2	5 2	20 2	3 2
6 3	19 1	21 1	29 2	4 1	7 1	15 1	14 1	2 3	25 2	22 1	17 1	26 1	20 1	27 1	13 3	16 4	10 3	0 3	3 3	24 1	5 2	23 1	11 3	12 2	8 4	1 1	9 2	18 2	28 4
2 1	12 3	25 1	11 5	17 2	8 2	20 1	29 4	3 3	21 1	27 3	6 1	19 2	9 2	7 5	13 1	15 2	4 2	0 5	16 8	22 1	14 4	28 1	23 3	10 1	26 1	5 2	18 2	24 4	1 1
26 2	8 5	27 2	2 1	17 1	24 2	1 3	29 2	5 3	9 1	6 1	28 1	14 1	7 1	12 1	16 3	0 1	20 1	25 1	21 1	4 1	22 1	3 4	15 2	19 3	11 2	18 4	13 2	23 4	10 1
27 1	24 1	23 1	0 2	3 1	29 1	11 2	2 1	16 2	25 2	18 3	21 2	17 3	4 2	28 2	13 3	19 1	1 1	9 1	5 1	26 1	8 1	6 1	7 2	10 1	15 1	20 1	22 1	14 3	12 1
5 1	1 1	13 2	9 1	25 2	23 1	29 1	21 1	8 1	6 3	19 3	26 3	4 1	2 1	28 1	14 6	20 5	15 2	27 1	3 1	16 1	24 1	7 3	18 1	11 3	17 1	22 1	12 1	0 1	10 2
0 1	6 1	27 3	2 4	4 1	22 1	26 1	28 3	13 1	1 3	9 1	15 1	18 1	7 1	5 3	20 5	19 5	8 2	24 1	14 1	3 1	16 5	12 1	23 1	17 2	10 2	11 3	25 1	21 2	29 1
1 1	29 7	21 1	14 2	24 1	2 1	22 3	19 1	26 1	20 5	7 2	28 2	6 1	5 1	12 2	16 1	4 2	8 1	27 2	25 1	10 2	9 1	15 2	18 2	3 13	0 1	13 2	11 1	17 1	23 1
23 1	20 2	27 4	13 1	29 2	8 2	6 5	9 2	12 2	28 1	7 2	17 1	10 3	4 1	26 5	2 1	19 2	24 2	22 1	25 4	0 1	14 1	1 3	18 4	16 1	11 2	15 3	21 1	5 1	3 13
2 5	11 2	1 8	15 5	29 4	16 1	17 2	8 1	3 1	21 1	18 1	14 3	13 3	25 1	9 2	27 2	4 1	24 1	20 10	10 2	5 2	19 1	26 3	7 2	12 1	23 2	22 1	28 2	6 4	0 1
9 1	24 1	11 1	10 1	27 1	5 1	19 1	18 1	8 2	14 2	15 1	17 1	23 1	22 4	20 2	7 1	6 2	0 1	21 1	4 1	16 1	3 2	25 2	2 1	1 1	12 2	13 4	29 1	28 1	26 1
28 4	16 2	23 3	2 2	21 1	26 2	11 1	6 2	24 2	29 1	5 2	7 4	25 3	9 1	1 7	10 1	4 1	3 1	15 4	17 1	8 2	22 2	14 3	0 3	20 3	13 1	12 1	18 4	27 1	19 3
