10	60
34 2	25 1	41 2	46 3	52 1	54 2	26 1	35 1	30 4	1 2	48 1	33 3	12 2	45 7	38 1	23 1	5 1	8 1	32 5	27 2	37 3	17 3	47 1	9 3	43 1	2 1	59 1	51 1	16 3	56 3	24 1	28 5	40 2	31 2	57 1	19 1	4 2	36 3	3 1	58 2	7 2	11 5	55 2	14 1	53 2	20 6	29 1	13 1	49 4	15 1	6 1	10 2	44 1	18 1	0 4	42 1	21 1	50 3	22 1	39 1
0 2	25 2	20 1	59 1	52 1	17 2	49 1	54 2	34 1	18 4	41 1	36 3	57 5	26 2	12 1	38 4	21 1	28 1	8 1	15 5	31 1	9 1	43 1	58 4	14 1	7 2	35 1	47 2	11 1	37 2	44 1	48 1	27 3	33 1	3 2	30 3	23 2	56 1	29 2	24 1	50 3	6 1	32 2	46 3	1 1	2 1	4 3	55 1	40 2	16 2	22 1	45 2	42 1	39 1	19 1	51 2	5 3	53 1	13 1	10 1
2 1	48 4	22 3	19 1	40 3	47 1	52 1	35 1	17 1	23 5	50 3	38 1	53 2	44 1	1 1	55 5	45 1	58 2	42 1	54 3	56 4	20 6	32 6	51 2	15 3	6 1	37 1	31 1	12 1	4 1	34 3	27 3	5 9	7 1	26 2	24 2	43 1	33 1	11 1	16 1	14 2	28 1	8 5	25 1	39 1	18 3	36 5	10 3	9 1	57 4	3 1	0 2	29 2	21 2	49 1	30 1	46 1	59 4	41 1	13 3
56 1	12 6	7 2	21 1	39 2	26 1	30 1	46 1	33 2	29 3	0 2	27 2	54 2	50 1	4 1	57 3	45 3	25 2	55 3	58 2	42 1	3 1	36 3	8 2	34 1	53 2	17 1	35 1	28 2	31 1	5 1	37 1	49 2	48 3	43 1	13 1	24 1	51 1	9 3	44 1	19 3	15 2	11 3	22 2	47 1	32 2	59 2	23 1	6 4	18 1	38 4	20 2	14 2	16 1	41 1	52 2	40 1	10 1	2 2	1 2
3 1	21 1	29 1	11 1	51 2	57 2	12 1	58 1	43 1	50 1	30 2	38 1	7 3	42 3	35 1	25 2	49 1	48 1	33 1	36 5	34 7	18 1	39 2	54 5	15 5	0 1	9 2	17 1	23 1	16 1	28 1	4 4	22 1	5 1	56 1	47 1	44 1	59 2	13 3	31 1	55 2	8 1	10 1	19 1	46 2	26 1	24 1	37 2	53 5	45 4	1 2	6 1	41 1	52 1	2 4	27 1	14 2	32 2	20 3	40 2
50 1	29 3	27 2	6 1	4 1	23 3	48 2	43 1	1 2	53 4	12 2	3 1	59 1	20 6	2 1	39 2	47 3	32 3	17 1	5 2	46 1	44 1	21 1	55 2	24 1	54 3	52 5	38 3	22 3	18 3	36 1	35 2	13 3	42 3	9 2	19 2	30 5	0 3	51 1	45 1	40 1	56 1	41 4	28 2	7 3	25 1	15 2	58 1	11 1	26 11	10 1	33 2	49 1	8 1	16 1	31 3	34 1	37 6	57 1	14 2
35 2	10 2	56 2	13 1	36 1	39 4	50 1	11 2	7 1	17 6	51 6	22 2	1 2	32 1	5 3	41 1	12 5	54 2	6 4	28 1	26 1	21 3	34 2	0 2	20 2	46 2	25 3	53 1	58 2	40 1	37 1	57 4	30 1	8 1	3 2	31 11	15 2	33 1	43 1	2 1	19 4	52 1	45 1	44 2	18 1	24 4	38 10	48 3	27 1	55 2	42 1	23 1	47 7	9 3	59 2	14 4	4 2	16 1	29 5	49 1
7 2	56 1	36 1	15 3	46 1	1 1	57 2	40 2	20 2	14 1	38 4	59 1	39 1	26 1	34 3	51 1	41 2	55 1	6 2	24 2	35 3	30 5	23 2	17 1	47 1	31 1	52 2	37 2	21 2	43 1	32 2	9 2	2 3	44 1	48 3	19 1	5 5	27 1	25 1	3 2	18 2	10 2	42 1	0 1	45 1	11 1	13 1	28 1	8 1	29 1	53 1	16 8	33 3	12 2	50 1	58 1	54 1	4 4	22 1	49 12
0 3	5 1	29 2	42 1	56 1	53 1	46 1	54 1	14 1	59 3	28 1	33 1	41 1	18 1	3 4	43 2	51 2	9 1	26 3	38 3	47 1	13 4	58 1	25 1	17 5	4 1	55 1	44 3	48 1	34 8	37 1	57 1	30 1	39 4	10 4	6 1	1 1	2 2	35 1	15 1	32 5	8 7	27 2	11 1	24 1	7 1	12 2	16 6	40 1	31 2	49 4	45 1	50 3	36 1	52 1	19 2	20 3	23 1	22 1	21 1
22 1	36 1	37 3	54 2	47 2	19 1	40 1	21 2	52 1	1 1	9 3	30 1	15 2	58 2	42 1	49 2	46 2	4 2	51 1	50 2	0 1	48 3	53 3	41 2	56 1	7 2	11 1	45 5	44 1	55 1	35 1	59 3	23 3	31 3	18 1	38 2	10 1	39 1	8 4	57 1	43 2	16 2	34 1	28 1	6 2	20 1	29 1	25 3	3 5	27 2	13 6	12 1	32 1	24 2	14 3	33 2	17 3	2 1	26 1	5 3
