40	15
11 1	9 1	12 6	3 1	2 2	8 1	4 1	7 2	6 1	5 2	1 1	10 2	14 5	13 5	0 1
10 1	3 4	7 1	1 6	5 1	14 3	8 1	11 1	4 1	9 2	6 2	12 1	0 2	13 1	2 4
12 5	9 1	14 1	7 1	1 2	6 3	2 3	0 4	4 1	5 1	3 1	10 2	13 4	8 3	11 1
5 1	8 1	14 5	7 1	10 1	2 2	6 1	9 1	4 3	3 1	13 1	11 1	12 1	0 6	1 4
0 1	6 1	7 1	1 4	10 1	12 1	14 3	11 3	13 1	4 3	5 3	9 1	8 1	2 1	3 1
13 1	5 1	1 2	7 1	8 2	2 1	4 1	0 5	9 3	10 3	12 3	11 3	14 2	3 2	6 1
9 3	12 1	4 1	3 3	1 1	14 1	10 5	8 5	0 3	6 2	11 3	7 1	2 2	13 2	5 1
9 2	13 2	4 2	3 1	5 1	7 1	0 1	2 1	14 1	6 1	1 2	12 1	10 1	8 1	11 1
13 1	8 1	1 1	12 1	9 1	7 1	11 1	3 1	2 3	14 2	10 1	4 1	5 3	6 1	0 1
13 1	9 2	8 1	1 5	14 1	12 1	7 2	11 2	0 1	3 1	5 3	6 3	4 2	10 1	2 7
11 1	10 1	2 1	3 5	12 3	5 1	13 3	0 1	7 3	14 3	9 2	4 2	1 1	6 3	8 3
10 1	11 1	7 3	5 7	14 3	2 2	13 3	1 1	9 1	8 6	6 1	3 1	4 4	0 2	12 1
6 5	14 3	10 1	5 2	9 1	4 2	12 1	3 1	11 1	1 3	8 1	2 1	13 5	7 3	0 1
4 5	1 4	10 1	14 1	13 1	6 2	2 1	11 2	0 1	8 1	9 3	5 1	7 2	12 1	3 1
2 1	14 1	11 3	8 3	10 3	9 1	4 4	12 2	1 1	0 1	5 2	7 1	3 1	13 6	6 3
12 1	4 1	0 1	5 3	13 1	10 3	3 3	7 1	9 3	8 1	1 2	2 2	6 2	11 1	14 1
7 1	4 2	1 2	2 1	5 2	3 1	14 6	6 1	9 6	11 1	10 1	12 4	8 1	0 1	13 1
14 3	1 1	9 2	0 5	13 1	6 2	11 1	7 2	10 2	2 2	3 2	8 2	12 1	4 4	5 1
14 1	0 2	1 1	3 5	7 3	5 1	11 1	12 2	9 5	8 4	4 2	13 1	2 1	10 1	6 2
4 1	6 1	2 1	7 5	12 2	9 1	14 2	13 1	11 1	8 1	0 1	1 2	3 2	10 1	5 2
5 2	12 2	3 1	2 2	1 1	4 1	14 1	7 2	0 3	10 6	8 1	6 1	11 1	13 2	9 1
11 1	1 2	10 2	12 1	5 3	2 1	4 1	9 3	8 1	3 1	14 2	6 4	0 3	7 1	13 1
2 5	14 1	11 2	9 5	10 2	13 2	1 3	12 1	4 2	7 1	3 7	0 6	5 1	6 3	8 1
0 1	14 2	8 4	3 1	11 3	9 1	5 1	2 3	6 2	4 3	1 2	12 1	13 2	7 2	10 1
10 1	5 5	1 4	9 3	2 1	6 2	4 1	12 3	3 2	13 1	7 4	8 1	14 1	0 4	11 1
0 1	3 2	11 1	12 1	7 1	4 2	8 2	10 2	2 1	9 1	5 2	14 6	1 1	13 1	6 1
14 1	13 1	3 1	5 1	4 1	7 1	10 1	8 1	6 1	9 3	11 2	0 1	12 1	2 6	1 2
11 1	14 1	8 1	12 3	3 1	5 2	1 1	7 3	13 1	10 1	0 1	4 1	9 4	2 1	6 2
1 1	10 3	9 2	8 1	14 1	13 1	0 1	4 1	6 4	5 1	12 3	3 2	7 2	11 4	2 1
1 2	8 2	7 1	4 1	11 1	3 1	12 1	2 2	9 1	10 1	6 2	5 1	13 1	14 2	0 1
14 1	3 1	10 1	8 2	11 1	13 7	4 5	5 1	1 2	0 1	9 6	2 1	6 1	12 2	7 7
11 3	8 1	6 1	1 8	2 1	9 3	7 1	14 1	3 2	13 1	0 1	4 9	12 2	10 6	5 1
1 1	9 1	12 1	8 1	0 1	5 1	3 3	7 4	14 1	11 3	6 2	13 2	4 1	2 1	10 1
5 2	12 4	4 1	6 2	7 4	14 4	0 1	13 1	11 1	3 1	2 1	1 2	8 5	10 1	9 2
8 1	2 1	5 1	13 2	3 3	10 6	0 3	14 1	7 1	1 1	6 2	9 8	4 5	12 1	11 2
4 3	7 1	9 1	13 2	8 2	12 2	3 1	10 2	5 1	14 3	1 2	6 1	0 4	2 1	11 2
6 1	10 2	1 1	12 2	4 1	13 2	0 4	5 1	9 2	8 2	2 1	14 1	7 2	3 2	11 2
8 1	10 1	14 9	12 1	3 4	4 1	0 2	6 3	2 1	9 1	5 1	13 1	7 1	11 1	1 2
0 1	7 1	5 1	2 3	3 1	1 3	14 1	8 4	6 3	12 1	9 3	10 2	13 2	4 1	11 1
1 3	8 2	2 5	0 1	14 1	3 2	5 2	7 2	12 2	6 1	11 5	4 2	13 1	10 2	9 3
