30	80
3 1	78 5	12 1	40 1	8 4	51 2	26 2	17 1	47 2	48 1	54 3	53 1	58 1	2 1	35 1	77 2	69 1	66 1	10 2	39 6	4 4	29 8	22 1	0 2	62 1	7 3	67 3	23 3	49 1	11 3	50 3	42 3	21 2	25 2	76 4	63 1	13 2	14 1	52 1	61 1	15 2	71 3	38 3	6 2	37 1	5 1	43 1	57 1	60 2	68 1	16 5	41 1	19 4	46 2	36 1	65 1	56 2	30 1	55 3	45 2	18 2	28 1	27 1	32 1	70 5	75 1	20 1	24 1	33 1	73 1	31 1	72 1	34 1	64 3	59 3	1 2	79 2	9 1	74 2	44 1
60 2	52 1	1 4	26 3	18 1	32 1	62 3	73 1	21 6	59 4	67 4	25 1	43 2	70 1	78 1	20 1	68 1	29 1	11 1	49 4	54 1	44 1	14 1	64 1	77 1	10 1	72 4	57 1	4 2	40 1	48 1	0 2	9 1	58 1	13 2	34 1	27 2	7 2	15 2	6 1	56 2	38 1	8 1	5 1	47 1	24 2	45 5	19 4	76 2	79 2	51 1	53 2	37 1	3 2	2 2	12 1	75 1	46 1	50 1	69 1	17 3	23 2	16 2	55 1	30 2	71 1	36 1	22 1	42 1	66 1	74 1	65 3	28 1	63 1	33 1	61 1	31 3	41 2	35 1	39 2
0 1	64 2	56 1	20 1	61 4	52 3	36 1	23 1	40 1	73 1	69 2	72 1	67 1	32 1	37 1	42 2	53 1	43 2	22 3	12 2	79 1	60 3	1 1	6 8	15 1	77 5	49 1	31 2	39 2	7 1	10 3	68 3	28 2	47 1	44 1	63 2	55 3	71 1	50 4	24 4	59 2	70 2	21 1	38 1	74 2	9 2	26 1	2 2	35 1	62 1	34 1	65 1	48 2	29 1	33 1	27 1	78 3	58 1	5 2	17 1	51 1	8 1	25 4	11 2	30 2	45 1	18 1	76 3	19 1	4 1	54 2	3 3	66 1	75 1	41 4	16 1	57 1	13 3	46 3	14 1
72 1	15 1	54 7	50 5	2 1	31 2	60 1	73 2	17 6	8 1	27 5	38 1	51 1	29 1	32 2	22 1	44 1	13 5	0 1	58 1	57 1	65 2	1 1	21 4	66 6	74 1	79 2	25 3	7 1	42 3	47 1	78 2	52 1	63 2	62 4	12 1	53 1	61 6	37 1	40 2	49 2	23 1	3 3	35 4	11 1	64 2	20 1	56 1	77 1	41 2	34 1	76 4	19 4	45 2	36 1	69 1	55 3	28 3	6 1	70 1	26 2	4 5	10 2	68 4	18 1	16 1	39 4	71 2	48 2	9 4	59 1	33 1	5 1	67 3	14 7	30 4	75 1	46 2	24 2	43 5
23 1	22 6	35 1	16 1	20 1	26 2	12 1	63 1	55 3	29 1	44 1	31 1	70 1	67 1	19 2	75 2	46 1	58 1	73 1	13 6	57 2	39 3	71 5	59 4	0 1	77 3	28 2	33 1	52 2	6 1	53 1	30 1	79 2	45 5	14 3	69 1	7 11	11 1	34 2	37 1	38 1	5 1	25 1	78 3	4 1	54 2	15 1	68 4	49 3	32 1	64 2	41 1	47 1	48 2	42 1	51 1	3 2	72 1	36 1	9 2	1 1	17 2	21 1	62 2	18 1	76 4	24 1	60 1	56 1	66 4	40 2	50 2	2 1	61 3	8 1	43 2	74 2	27 5	65 1	10 1
31 2	6 2	30 2	22 1	78 2	4 1	10 1	76 1	28 3	62 2	56 2	49 4	25 1	27 2	5 1	18 3	19 4	47 4	68 2	0 1	57 2	54 4	72 1	67 2	42 3	63 5	26 3	48 1	51 1	14 1	44 2	41 4	16 2	53 1	50 2	39 2	11 1	40 2	71 1	35 1	21 2	73 1	45 1	7 1	79 2	55 1	60 1	37 1	38 1	3 3	59 1	8 1	69 2	13 2	43 2	36 2	15 1	9 1	77 1	1 3	70 2	52 1	46 1	12 2	58 2	65 1	29 1	74 2	24 2	20 3	33 2	66 1	75 6	32 1	23 1	64 1	34 1	17 2	2 8	61 1
25 1	10 1	73 2	33 3	45 2	20 1	68 3	66 1	60 5	70 1	77 2	65 1	31 5	19 1	43 3	50 1	1 3	18 4	63 1	35 1	9 1	44 1	62 1	28 5	27 2	72 1	61 2	32 4	64 2	52 1	69 1	22 1	6 4	12 1	16 1	29 2	8 1	39 2	4 3	17 4	79 4	75 4	37 1	21 1	51 1	34 5	46 1	53 6	55 3	57 1	78 3	48 1	30 1	74 1	67 1	24 1	26 2	5 1	59 2	41 1	54 1	38 3	15 2	3 1	40 2	42 2	13 1	76 1	56 1	36 2	47 1	11 3	2 4	14 1	7 1	23 1	0 1	71 2	58 1	49 1
1 2	32 2	38 1	23 1	72 2	52 1	4 1	67 1	71 1	49 2	6 4	62 1	3 2	7 1	19 3	75 2	2 1	74 2	54 1	14 3	69 1	56 1	47 1	43 2	11 1	46 1	20 3	70 2	18 1	39 1	76 1	10 1	17 3	79 2	64 1	5 2	53 1	27 3	16 2	24 1	59 1	12 2	45 4	40 3	34 2	58 1	68 1	8 2	78 1	28 1	66 2	31 5	60 2	37 2	13 1	9 3	55 1	26 2	50 1	35 1	51 1	57 3	29 2	48 2	33 4	42 1	21 1	44 1	61 1	30 2	73 1	25 1	77 1	65 1	22 2	15 3	63 4	0 3	41 1	36 1
70 1	8 3	40 1	65 4	53 2	41 2	9 1	19 2	14 4	5 2	0 1	61 2	32 2	63 1	34 1	73 1	30 1	11 1	58 2	39 5	75 1	60 4	18 6	13 5	26 2	71 1	52 2	31 1	10 1	49 4	12 7	37 3	42 1	23 4	68 1	1 1	20 1	38 1	57 1	27 2	4 2	21 3	77 5	17 1	74 2	15 4	55 2	56 3	62 3	66 1	22 4	47 1	36 3	7 2	78 1	64 1	67 2	35 2	46 3	72 2	28 2	59 1	24 3	45 4	2 2	3 4	79 1	6 1	33 1	25 3	50 1	48 1	16 1	43 1	76 6	44 1	54 1	69 1	51 2	29 2
40 2	28 1	67 1	8 2	27 1	6 3	62 3	54 5	0 2	30 3	9 2	41 1	58 4	10 1	57 4	71 2	73 1	47 1	20 6	5 5	3 2	60 2	11 5	22 4	7 2	42 1	33 2	45 2	43 1	78 2	77 1	64 2	65 2	53 2	52 1	26 1	69 3	46 3	70 4	74 3	35 1	29 1	51 1	12 1	25 5	49 2	15 1	59 1	18 1	4 1	19 3	16 1	31 3	13 1	36 1	61 2	79 2	2 2	39 3	44 1	76 2	56 2	34 4	1 2	37 1	48 2	24 1	68 1	66 7	17 1	75 2	32 1	50 1	23 1	63 5	38 1	14 1	55 2	21 2	72 1
44 1	20 4	73 1	12 1	5 2	72 1	10 3	48 1	55 2	33 1	15 1	69 1	17 4	65 1	39 1	54 1	52 3	40 1	31 1	78 2	59 1	67 1	63 3	37 3	45 1	58 1	28 4	62 1	57 3	66 1	22 1	21 5	38 2	6 1	29 1	43 4	23 1	46 2	56 1	26 3	51 1	14 2	11 2	49 1	71 1	76 1	41 1	74 2	79 4	25 1	64 6	47 1	16 1	75 1	9 1	0 4	8 2	24 2	68 1	60 1	4 1	32 2	19 1	50 1	3 3	13 1	61 1	27 1	18 1	70 2	42 1	7 3	53 2	1 2	36 3	77 1	35 1	30 1	2 1	34 6
72 1	56 1	1 1	67 1	74 3	66 1	0 1	32 1	40 1	42 1	9 1	55 1	62 1	71 3	79 2	35 1	45 2	48 1	64 1	13 1	36 2	3 1	61 2	51 3	31 1	26 3	60 3	12 1	5 7	18 1	20 4	21 3	46 1	68 1	23 1	54 1	34 4	19 2	78 1	44 1	2 5	77 3	27 1	59 1	49 7	41 3	38 2	37 1	65 1	29 1	69 1	6 1	11 5	22 6	15 4	47 3	53 2	16 1	10 1	17 1	30 1	33 1	52 1	25 1	73 1	14 1	75 1	57 4	43 4	39 1	63 2	4 7	8 2	28 4	76 2	7 8	50 1	24 2	70 2	58 1
77 2	52 4	21 2	64 2	5 1	46 1	19 5	24 4	68 1	14 1	20 1	43 1	13 1	72 2	7 3	27 1	66 1	23 1	65 5	53 2	9 3	6 5	26 4	42 4	36 5	45 4	2 3	56 2	33 3	76 1	71 8	40 3	50 1	41 1	12 1	8 2	37 2	60 1	38 3	49 3	29 1	61 1	32 1	59 1	48 1	4 1	16 1	73 2	17 3	51 1	31 1	1 2	10 2	74 3	22 4	25 1	0 1	58 1	35 1	55 1	34 4	70 3	54 1	39 1	69 1	78 1	47 1	30 4	79 1	62 3	63 1	18 1	15 1	28 2	57 3	11 1	3 8	44 3	75 1	67 1
42 3	29 1	45 2	74 2	55 4	20 4	65 2	31 5	63 4	67 2	70 2	12 1	3 4	51 1	17 4	26 1	21 1	34 2	72 3	43 2	5 1	62 1	54 1	27 1	28 2	15 3	56 1	1 3	33 1	71 2	46 2	23 1	32 2	19 4	35 1	61 2	47 3	36 2	64 1	60 1	8 1	22 3	4 1	38 2	13 3	37 2	59 3	77 1	44 1	57 2	48 2	10 1	66 1	41 2	18 2	30 2	69 3	79 4	11 4	7 2	76 2	14 3	39 1	73 1	75 1	53 1	9 8	52 1	25 7	50 1	58 1	68 2	0 3	78 2	49 1	40 2	24 3	6 3	16 1	2 5
63 1	30 1	25 1	50 1	71 1	44 1	66 2	32 3	76 1	69 2	4 1	27 1	54 2	52 1	29 2	70 3	22 3	60 1	78 1	55 1	48 2	61 1	19 2	45 1	67 1	49 1	7 1	11 2	38 1	24 1	51 7	72 1	3 1	16 2	31 3	39 1	35 1	5 1	6 2	20 1	58 1	75 5	74 2	77 2	42 1	0 1	73 2	12 1	68 1	46 1	62 6	57 1	9 1	33 1	43 4	47 1	56 6	79 1	15 4	40 1	37 1	23 1	17 2	8 1	64 2	36 1	10 3	65 1	13 5	26 2	59 10	1 3	34 1	53 2	28 3	21 1	2 1	41 3	18 6	14 4
44 1	13 2	48 1	74 1	29 4	21 2	42 2	71 1	49 2	28 1	59 2	0 1	11 2	45 2	33 3	12 1	70 2	64 2	43 1	39 3	10 1	61 1	2 3	51 2	67 3	65 2	15 1	41 1	17 3	53 1	79 1	36 1	58 1	63 1	19 1	72 1	50 3	56 1	40 2	62 2	31 4	38 1	54 1	35 5	52 2	4 2	77 1	78 2	34 2	30 1	66 1	73 1	16 1	5 1	37 2	9 2	60 1	25 2	24 1	6 1	1 1	20 1	69 1	27 2	8 1	46 1	23 1	26 1	3 2	68 1	14 1	55 2	22 1	57 1	7 2	75 3	32 2	47 6	18 1	76 2
26 2	62 1	6 5	17 1	25 5	57 2	41 4	30 1	69 1	15 1	60 1	16 2	46 4	7 3	5 2	3 1	8 4	63 4	71 1	32 5	50 4	4 1	10 3	27 1	77 7	52 1	73 2	49 7	58 1	29 2	33 1	28 2	48 3	72 1	65 3	61 1	35 1	34 6	0 4	43 1	36 4	78 1	21 1	74 2	45 1	14 2	24 1	1 1	20 1	42 1	76 2	79 3	23 7	53 3	51 2	13 2	70 1	54 2	40 1	18 1	66 3	38 4	68 1	64 1	56 5	22 1	9 2	47 3	55 1	31 2	44 1	11 3	75 3	39 2	37 1	12 1	59 1	67 1	19 1	2 1
69 2	57 1	12 1	34 3	19 2	0 2	75 1	30 5	4 2	58 1	15 2	48 1	26 1	52 3	7 4	31 2	76 1	39 1	38 1	67 1	2 1	56 1	23 2	17 1	20 1	74 2	24 6	66 2	1 1	37 1	16 1	21 2	18 1	33 4	14 1	72 2	41 1	53 4	10 1	36 1	9 2	68 1	42 3	73 1	78 1	44 1	70 2	46 1	63 1	25 1	54 2	22 2	8 5	29 2	55 1	47 3	35 1	3 2	40 1	62 2	50 5	27 2	79 1	59 1	5 1	11 2	65 1	61 2	32 3	28 1	49 2	60 1	13 2	71 2	77 10	45 5	43 3	51 1	64 1	6 4
2 1	51 1	0 2	28 3	76 2	6 2	14 1	43 2	60 5	29 3	31 1	23 2	56 1	49 2	54 1	4 1	38 1	9 1	8 2	16 3	72 1	17 1	58 1	18 3	47 1	13 1	3 2	40 1	68 4	24 2	37 2	25 3	67 4	61 1	46 1	77 4	52 2	21 3	65 2	79 5	26 1	1 3	53 1	71 1	42 1	64 1	73 1	57 5	50 2	48 1	39 1	62 1	78 4	7 3	63 1	55 1	41 3	75 1	66 1	69 1	32 2	45 2	5 3	44 2	36 1	74 2	19 1	34 2	27 1	70 3	10 3	35 1	12 1	33 4	15 1	22 1	59 3	11 4	20 2	30 1
57 2	17 3	77 1	25 2	52 7	75 1	8 1	41 2	37 1	12 1	51 1	20 2	69 1	46 1	24 1	48 1	11 1	26 3	56 1	30 2	79 1	13 2	61 1	14 2	73 1	67 1	68 2	60 2	5 1	32 1	70 5	53 1	65 1	0 4	74 1	9 1	10 2	55 2	44 2	16 3	3 1	34 3	2 1	23 2	62 1	1 1	58 2	4 6	40 1	63 2	47 2	45 1	29 1	39 1	59 1	27 2	49 1	36 1	71 1	72 1	7 1	76 4	42 4	64 3	33 1	78 2	66 3	50 1	19 1	35 4	21 2	31 1	18 2	28 2	15 4	38 1	43 1	22 1	54 1	6 1
69 1	67 6	56 1	75 1	23 1	78 1	33 2	10 1	58 2	44 1	46 2	51 2	24 2	72 2	54 2	57 1	11 3	35 1	7 1	41 3	16 2	14 1	42 1	70 1	47 2	50 1	13 2	3 1	6 3	26 1	9 1	27 1	32 1	62 2	37 6	21 5	28 1	2 1	5 2	43 2	73 1	76 1	0 1	53 1	66 3	25 1	77 5	20 4	8 1	39 4	60 1	59 1	1 2	52 1	49 1	22 1	36 1	17 1	79 3	64 2	31 2	71 1	65 3	34 4	4 2	15 1	29 2	18 1	19 2	74 1	38 2	55 1	48 2	40 10	68 1	61 2	63 6	30 2	45 2	12 3
15 1	40 1	46 8	49 1	30 1	60 1	25 1	48 1	27 2	62 7	72 1	69 2	32 8	8 1	57 3	61 1	23 1	14 1	29 1	64 1	63 2	73 1	17 1	13 1	67 2	58 1	76 1	24 6	38 1	39 3	7 3	3 2	36 2	4 4	35 1	5 3	10 2	12 2	65 2	43 2	77 1	26 6	78 4	54 1	0 1	6 2	47 2	18 1	53 3	1 2	42 1	2 4	9 2	28 1	45 2	50 3	74 1	55 1	34 1	79 1	51 1	19 1	66 1	33 1	68 1	70 1	71 1	22 4	11 1	16 3	56 1	41 2	20 1	31 3	44 3	37 1	21 4	52 3	59 1	75 2
46 1	37 2	56 3	78 2	39 4	58 1	62 1	32 1	74 2	73 1	64 1	12 1	38 1	51 2	10 3	60 3	33 5	15 1	71 3	24 2	72 2	44 3	35 1	26 2	34 1	53 1	49 3	8 2	79 4	27 6	68 1	4 1	47 4	18 1	55 3	22 1	54 2	48 1	70 3	16 1	9 1	3 1	29 1	21 2	63 1	23 2	52 1	30 1	14 1	57 1	41 2	20 3	67 2	28 1	76 2	65 2	19 1	42 1	6 1	66 1	36 5	45 1	1 2	40 1	5 1	7 3	0 1	43 2	25 1	77 2	31 1	11 1	69 2	50 3	61 1	2 1	75 4	59 1	13 2	17 3
36 1	37 2	71 2	78 1	53 3	30 1	70 3	21 2	3 1	40 2	28 1	65 1	14 1	18 1	61 1	64 1	62 1	42 1	9 3	46 1	35 3	54 1	23 1	63 7	38 1	67 1	68 3	31 2	10 1	29 1	2 2	49 3	47 2	34 2	66 2	1 1	15 2	8 3	73 2	12 2	50 1	25 1	22 3	52 1	17 1	26 1	20 3	19 1	60 2	69 5	74 2	55 1	43 3	7 2	72 3	51 1	11 1	75 2	48 1	16 2	13 6	56 2	59 1	5 1	6 1	45 1	76 2	58 1	39 3	27 1	44 1	57 1	32 1	77 4	33 1	4 1	0 1	79 6	41 6	24 1
11 2	49 1	24 1	20 1	40 1	15 1	47 2	22 1	7 2	36 1	50 2	63 1	9 1	2 1	26 3	78 1	45 6	16 7	65 2	53 1	37 2	55 1	54 1	66 2	61 4	73 2	70 1	41 4	77 3	21 1	60 5	38 2	76 1	39 1	71 1	4 2	64 1	18 3	34 1	43 4	29 2	13 3	1 3	5 1	27 1	59 2	0 4	51 1	46 2	72 1	14 1	69 1	33 3	17 5	58 7	30 6	57 2	68 4	35 3	48 2	8 1	79 4	74 1	75 1	32 1	31 2	28 1	25 1	23 4	44 1	67 1	10 2	62 2	12 1	56 3	6 2	3 1	19 1	52 2	42 1
32 4	60 1	49 1	41 1	43 1	29 1	11 2	74 3	33 1	42 2	18 1	44 5	20 4	15 3	48 1	5 1	8 4	46 3	50 1	75 2	28 1	52 1	21 6	4 3	14 1	9 1	1 1	37 1	30 1	58 2	63 3	77 4	73 1	3 1	68 2	6 1	66 3	38 1	25 6	53 3	2 1	78 2	67 6	13 1	40 1	7 1	72 1	70 7	24 1	59 4	0 3	76 1	35 1	47 1	45 1	16 1	26 1	17 2	27 1	62 5	51 1	23 3	57 2	10 2	54 3	65 2	61 1	55 3	69 1	64 1	36 1	12 1	71 1	19 2	22 1	31 4	56 2	34 4	39 3	79 2
73 3	27 1	47 1	15 1	4 1	60 2	53 3	79 1	41 1	58 1	69 1	49 2	40 1	2 5	18 2	34 5	76 1	71 2	63 1	23 2	21 1	38 3	7 1	66 2	13 2	28 1	61 1	42 3	39 1	55 1	62 2	37 1	17 2	1 4	5 2	51 4	14 1	33 1	43 3	6 1	64 1	54 3	8 2	20 1	11 3	65 2	75 3	67 3	74 2	56 2	10 4	46 2	45 1	48 1	16 1	24 1	78 7	30 1	19 3	31 1	29 1	72 1	59 2	36 4	32 1	3 1	0 1	25 1	52 1	44 2	77 1	26 2	68 1	57 1	70 2	9 2	12 3	35 1	22 2	50 1
56 1	29 2	14 1	38 1	23 1	74 1	11 2	21 1	32 1	30 1	54 1	6 1	10 3	67 6	3 1	55 3	62 1	51 3	63 2	43 1	76 2	15 1	49 2	31 1	28 2	17 2	47 1	66 3	44 1	33 5	5 1	75 2	58 1	42 1	65 1	34 2	77 2	8 5	69 1	2 2	36 4	24 2	16 3	46 2	41 4	50 1	20 7	78 1	64 1	48 1	79 1	35 1	27 1	39 2	7 2	57 4	12 1	22 1	52 2	68 1	72 1	1 3	0 1	26 3	37 1	71 1	9 1	70 2	4 1	18 1	19 1	13 2	25 3	53 2	40 3	45 1	60 3	61 1	59 2	73 4
25 1	50 1	22 2	10 1	64 1	4 3	49 2	51 2	67 1	13 2	6 2	68 1	45 1	78 2	7 1	72 1	17 1	61 3	55 2	9 2	60 1	21 1	24 1	15 1	28 1	1 3	53 1	33 1	16 1	36 1	54 3	5 3	3 1	2 1	77 1	47 1	71 2	56 3	74 3	65 1	69 1	27 1	38 1	73 1	26 1	39 2	37 2	48 2	41 1	44 2	59 2	57 1	30 1	0 1	20 2	75 1	76 3	23 1	46 3	19 3	40 1	8 1	18 4	70 2	34 1	32 1	66 1	12 4	11 1	35 2	43 5	62 3	58 3	52 1	14 5	29 3	79 1	31 4	63 8	42 2
58 4	45 9	60 3	7 3	9 1	33 2	72 1	25 3	70 3	6 3	35 4	53 3	39 1	76 2	36 2	61 2	49 1	17 1	13 1	29 2	46 1	10 1	8 3	40 2	59 1	32 2	28 2	47 1	20 1	0 1	41 2	2 3	48 2	57 3	27 1	3 1	54 4	63 2	23 9	37 1	68 2	71 2	34 2	14 4	22 1	78 4	52 1	79 1	4 1	15 1	62 1	74 1	44 1	51 1	65 1	73 1	30 1	43 1	11 2	50 3	1 1	77 1	21 5	66 3	16 2	38 1	31 1	19 2	64 4	56 1	24 1	55 4	12 1	75 2	5 1	42 4	67 3	69 2	26 1	18 1
