70	15
6 50	4 51	5 51	2 51	11 49	0 43	3 45	13 51	10 50	1 48	8 45	12 44	7 63	9 45	14 49
11 54	14 43	1 50	10 51	6 47	13 48	3 45	12 53	4 48	9 48	8 52	0 50	2 53	5 45	7 44
2 51	13 48	9 60	5 48	3 51	6 50	7 54	4 55	0 48	8 51	11 58	12 51	14 56	1 47	10 55
10 48	4 49	11 63	5 55	3 53	13 46	1 49	12 48	14 52	7 45	2 50	9 50	8 58	6 54	0 53
8 50	12 53	5 43	14 55	1 45	7 44	4 54	2 49	9 47	13 48	0 55	6 54	11 46	3 51	10 47
14 52	11 50	3 52	9 46	1 58	10 58	2 56	6 46	5 47	7 51	4 54	8 54	12 48	0 46	13 50
2 52	7 51	14 48	9 65	1 57	3 41	11 45	4 40	13 48	6 65	12 49	10 47	0 55	5 47	8 54
5 48	8 50	1 50	4 45	3 58	10 52	7 49	2 55	0 50	11 44	12 52	9 56	14 57	6 47	13 40
8 46	7 43	6 49	2 59	13 57	5 52	4 46	14 54	9 56	0 51	10 56	11 44	1 63	3 44	12 48
10 44	12 53	5 45	11 49	6 53	7 43	0 47	8 39	3 53	9 49	2 49	13 42	14 43	1 47	4 46
5 63	7 55	14 41	2 50	6 58	13 47	12 57	0 56	4 55	8 48	1 51	10 53	3 53	9 57	11 49
4 49	2 51	14 57	9 42	12 55	7 53	6 56	13 57	8 48	0 50	10 53	11 53	1 50	3 55	5 47
0 53	12 51	5 56	8 48	6 49	13 51	14 51	9 51	3 41	2 49	7 48	10 45	11 50	1 47	4 55
3 49	0 48	9 39	12 42	14 54	5 47	11 46	2 54	7 45	1 57	6 48	10 52	13 45	8 50	4 50
14 49	11 46	3 47	4 51	10 47	8 48	13 55	6 54	0 58	7 42	1 54	2 51	5 51	9 52	12 48
0 62	3 40	14 48	10 44	8 45	9 46	2 53	1 56	13 58	12 59	11 46	4 54	5 47	6 44	7 39
6 61	13 47	11 55	5 46	9 51	1 57	3 44	2 49	0 55	4 55	14 48	8 50	10 55	7 47	12 45
10 40	4 56	3 47	0 52	1 45	7 60	9 48	8 43	11 52	6 60	5 51	14 61	13 45	2 47	12 54
1 49	2 47	11 52	0 59	3 56	9 54	4 55	12 53	14 46	6 57	7 61	13 45	10 59	8 53	5 54
0 52	4 49	2 52	10 54	14 47	3 58	6 39	5 39	11 42	8 46	13 53	1 48	7 54	9 59	12 45
4 52	14 48	1 58	2 44	7 53	0 63	11 47	13 37	9 47	5 62	8 43	6 47	10 58	3 41	12 49
12 57	7 54	13 51	1 49	14 51	0 51	10 55	4 49	3 55	11 54	6 47	8 51	2 38	9 48	5 48
14 47	2 58	1 44	11 49	13 44	10 48	4 54	6 49	8 49	9 56	7 55	5 49	0 46	3 48	12 55
1 50	10 57	6 49	7 46	11 45	14 46	3 48	4 46	5 62	0 50	13 52	8 46	9 59	12 41	2 56
6 41	10 42	8 59	13 48	7 41	2 41	11 55	3 49	5 55	1 47	12 58	0 56	14 47	9 50	4 50
13 46	1 54	9 51	2 52	7 50	11 57	6 50	12 55	10 53	8 53	4 68	3 51	5 43	14 47	0 47
9 39	11 45	10 50	4 42	12 52	1 51	3 44	5 44	7 47	6 52	14 50	13 45	0 47	8 43	2 45
4 57	12 45	11 52	8 49	7 54	6 49	5 58	10 54	9 45	0 54	2 50	3 38	13 55	14 49	1 53
2 51	5 56	11 42	1 49	12 50	7 50	9 58	13 50	4 53	10 55	8 57	0 44	6 50	14 42	3 59
3 47	5 54	6 49	4 41	12 57	1 51	7 45	11 47	10 48	14 48	0 56	2 42	8 47	13 47	9 51
0 43	3 51	2 51	11 48	12 56	14 48	9 48	10 54	13 53	8 48	6 41	4 55	7 51	1 49	5 52
6 52	13 58	8 48	1 51	7 54	10 59	11 51	4 56	0 45	12 49	14 58	5 44	3 55	2 42	9 49
6 52	5 47	1 50	4 48	7 46	9 52	3 46	2 50	0 55	11 47	13 52	8 52	12 44	10 46	14 48
4 48	1 51	5 52	14 51	0 61	3 57	10 43	11 52	6 50	8 48	2 40	7 62	13 46	12 49	9 54
2 52	10 49	0 43	11 50	7 58	12 50	14 46	4 49	13 51	8 55	5 50	1 51	6 49	9 55	3 47
8 53	2 49	4 33	12 48	6 48	14 48	3 49	1 50	0 57	7 49	5 51	13 50	11 50	10 52	9 54
6 53	13 52	12 58	3 48	8 52	10 57	14 46	5 36	1 59	2 52	11 51	9 51	7 48	4 46	0 43
11 52	6 50	5 49	7 61	12 43	13 46	3 42	10 47	14 55	2 42	0 58	1 46	8 47	9 49	4 50
4 52	3 57	11 55	14 46	5 55	8 40	0 48	7 50	12 48	9 53	6 48	13 58	1 42	2 48	10 47
9 46	13 53	6 42	14 53	4 53	1 48	5 48	11 55	10 56	2 53	0 50	8 46	12 57	7 50	3 47
5 50	13 56	2 55	7 53	1 41	3 48	11 52	0 50	6 43	12 49	10 55	8 59	9 53	4 55	14 48
14 46	7 54	2 52	10 62	9 45	5 52	1 49	13 51	12 45	6 60	3 44	8 50	4 46	11 53	0 56
0 41	4 49	5 46	2 48	14 46	10 45	11 49	6 54	1 49	13 48	7 48	8 43	12 52	9 48	3 56
12 54	5 46	1 52	2 52	11 47	10 45	4 46	0 52	6 50	9 44	8 53	14 53	13 53	7 51	3 57
5 43	9 43	11 42	12 56	1 59	4 55	2 49	13 44	10 45	14 50	6 46	3 54	7 52	0 42	8 49
7 48	13 55	12 57	0 51	1 45	3 48	9 50	11 53	8 43	4 52	10 49	2 44	5 46	14 43	6 42
1 53	14 49	5 47	3 49	10 52	0 52	12 49	13 55	11 43	8 52	9 52	7 56	6 53	4 50	2 46
0 55	8 49	6 45	11 46	12 51	7 49	14 51	2 42	3 51	13 39	9 48	5 49	10 51	4 55	1 53
2 45	7 50	11 55	8 52	13 51	6 54	0 36	10 49	12 52	3 59	14 57	9 56	4 63	5 54	1 55
5 44	9 44	8 47	3 50	6 51	14 50	1 43	2 38	12 57	7 50	13 56	11 50	4 54	0 51	10 53
1 50	13 53	7 53	14 54	10 56	0 45	2 47	5 43	6 47	11 53	3 41	9 49	8 55	12 53	4 49
1 45	3 45	10 65	11 40	0 56	13 59	8 42	2 49	7 58	5 56	14 50	6 46	4 47	12 48	9 53
2 55	9 47	4 51	11 57	7 52	14 50	1 44	6 54	12 38	13 55	10 58	5 58	8 51	3 56	0 55
7 48	9 54	6 50	1 50	8 49	4 47	5 48	13 55	2 46	14 52	3 37	11 46	12 53	10 51	0 49
0 43	9 46	4 43	14 41	10 52	6 47	5 46	2 55	11 52	13 54	12 38	1 55	7 47	8 60	3 57
13 54	4 47	10 47	3 47	7 50	0 52	6 52	5 47	14 50	9 47	12 52	8 50	2 59	11 58	1 49
14 58	9 42	13 45	1 48	3 50	12 42	4 47	10 52	6 53	5 57	0 54	8 56	7 55	2 45	11 47
11 51	14 48	7 42	10 54	0 47	1 56	3 55	12 44	8 51	6 51	2 44	13 46	4 49	5 56	9 47
4 45	13 58	8 58	9 37	2 52	6 40	12 57	3 47	10 51	5 51	0 53	1 45	11 43	7 47	14 47
3 46	7 54	10 61	8 50	13 52	14 48	6 46	12 51	4 53	9 45	2 55	11 52	1 49	5 45	0 38
14 43	4 45	13 49	10 53	6 52	9 41	7 61	2 48	0 41	1 49	11 52	12 55	3 51	8 58	5 47
5 49	11 57	9 44	3 51	0 47	12 47	7 61	14 49	13 51	1 56	2 43	6 46	10 51	4 46	8 42
8 55	12 50	2 45	11 51	5 61	1 58	13 43	7 47	4 45	3 47	10 48	14 48	9 47	6 52	0 46
12 53	13 48	0 49	10 51	4 43	2 42	7 49	14 50	6 56	5 55	8 48	9 47	11 48	3 52	1 53
5 48	12 54	6 53	13 49	1 56	4 54	9 53	0 50	11 57	3 42	2 52	8 54	10 54	14 53	7 54
12 38	10 53	6 36	8 44	1 57	13 56	14 50	9 42	0 51	5 51	2 55	11 47	4 40	3 43	7 53
0 61	3 41	2 46	6 49	13 59	10 52	14 48	11 45	8 51	5 49	7 46	9 48	4 42	12 57	1 48
1 47	8 53	11 41	9 46	13 53	4 52	14 58	3 44	6 55	10 53	5 51	7 45	0 40	2 57	12 49
2 49	13 47	0 50	6 49	10 47	4 48	9 59	12 47	7 44	11 54	5 54	1 44	8 51	14 46	3 43
8 54	12 46	4 48	10 44	11 43	3 50	14 52	0 50	1 44	5 51	6 49	2 49	13 55	9 54	7 46
