30	60
3 2	10 2	12 1	33 1	15 2	4 2	17 1	32 1	19 4	11 1	5 2	14 2	54 1	22 1	36 1	39 2	49 1	2 1	16 1	40 1	51 2	42 5	8 3	23 1	50 1	57 1	7 7	1 1	45 1	37 7	48 1	47 2	25 1	46 3	18 2	28 1	21 3	56 1	29 3	58 1	43 1	44 1	20 1	38 4	34 1	13 4	9 1	53 3	24 2	52 2	55 2	26 2	41 1	59 1	31 1	6 1	35 1	30 1	27 2	0 2
19 1	1 2	25 1	24 1	47 1	31 4	39 3	43 2	9 1	2 2	36 1	32 1	48 2	54 2	6 1	38 1	45 1	18 1	35 1	51 1	53 3	4 2	52 1	3 1	30 2	26 1	33 3	37 1	27 1	57 2	46 1	5 1	11 3	21 2	17 1	56 1	42 6	10 1	8 2	28 2	22 1	58 8	0 3	44 2	14 1	49 3	50 2	55 1	20 3	15 1	34 1	12 3	29 1	23 2	13 1	40 2	59 2	7 1	16 1	41 1
52 1	57 2	49 1	50 1	16 3	4 2	9 2	24 1	15 1	59 2	13 3	3 1	51 1	56 1	27 2	10 2	48 1	30 3	5 2	43 1	47 2	21 7	44 4	31 1	55 1	32 2	58 2	28 2	41 4	11 2	17 1	42 3	22 1	39 2	7 1	54 1	19 1	33 1	38 7	12 4	34 2	37 1	26 1	40 4	0 1	35 2	1 1	18 1	20 6	25 1	8 1	53 2	2 2	29 3	6 2	23 5	46 1	14 1	45 1	36 1
23 1	13 3	57 1	44 2	6 2	37 1	12 3	27 1	52 1	15 3	40 3	31 1	39 1	46 1	9 2	24 2	41 1	36 1	20 4	33 2	34 2	56 1	50 2	18 2	48 7	58 3	2 3	42 1	10 2	28 1	35 1	47 1	32 5	54 1	55 1	26 2	22 3	4 1	45 2	29 2	17 1	21 4	14 3	3 1	30 4	19 1	11 1	51 4	53 1	7 1	43 1	16 4	59 2	38 5	1 3	0 2	5 1	49 4	25 1	8 1
22 5	35 4	44 4	34 1	47 3	32 1	0 1	15 4	2 2	24 1	19 1	9 2	46 2	39 2	16 1	28 2	36 1	31 1	4 2	10 2	20 2	26 1	6 3	54 1	48 2	52 1	55 3	53 5	50 2	27 3	23 1	3 1	45 1	41 4	51 2	25 5	29 1	7 1	33 1	56 1	59 6	30 2	5 1	43 3	8 2	18 1	12 2	14 2	49 1	21 2	1 2	40 1	17 6	58 1	57 1	11 3	38 1	37 1	42 3	13 3
4 2	47 2	29 1	53 3	43 6	1 3	33 2	6 3	2 3	40 1	27 1	41 4	0 2	38 3	14 1	36 1	8 1	11 1	52 2	49 3	42 2	5 2	37 1	3 2	46 2	23 6	12 2	10 3	16 2	21 1	32 2	28 1	48 1	44 3	51 1	31 1	56 2	13 2	58 1	35 2	39 1	17 1	30 1	54 3	25 1	15 1	24 2	45 1	55 1	59 2	26 4	18 2	50 1	19 3	20 1	22 2	9 1	7 6	34 5	57 4
1 3	20 1	41 1	16 4	24 1	44 2	47 1	45 2	11 4	33 5	15 2	25 2	34 1	9 1	14 3	54 2	26 2	31 1	58 3	38 3	2 1	17 1	59 1	19 3	21 2	35 3	27 2	36 1	51 1	30 1	57 1	43 2	6 1	13 1	5 1	18 1	12 2	28 5	56 4	39 1	55 1	10 1	3 2	29 2	23 1	4 2	52 3	53 1	46 2	42 1	0 1	48 3	37 4	40 2	50 3	49 5	22 2	8 1	32 1	7 1
40 2	35 1	48 1	52 1	0 1	53 2	3 1	28 1	14 2	39 1	33 2	59 1	31 2	20 4	36 3	51 1	47 1	9 5	17 1	50 2	12 1	23 2	38 1	34 1	58 1	54 4	49 1	24 1	30 1	46 1	37 1	19 2	55 2	22 2	5 1	29 2	10 1	27 2	13 1	41 3	8 5	2 1	6 1	4 1	26 1	57 1	45 1	1 2	44 2	18 1	32 3	56 3	43 2	21 1	15 4	11 2	7 1	16 2	25 3	42 1
45 1	56 1	52 2	14 1	47 1	28 5	39 2	3 1	59 1	26 1	57 1	36 1	34 2	41 2	33 2	46 3	24 3	5 1	9 2	19 5	27 1	42 3	20 1	2 3	49 5	15 2	16 1	10 1	4 4	0 2	40 2	44 2	43 1	38 2	50 1	58 1	48 1	17 2	25 1	55 3	13 1	37 1	51 3	54 1	6 1	29 1	1 2	23 1	35 1	12 1	8 1	21 3	53 1	32 3	22 4	31 3	30 5	7 4	11 1	18 2
31 2	53 1	36 3	35 7	42 2	32 1	0 1	14 1	39 2	2 2	52 2	19 3	58 2	26 2	11 1	29 2	30 2	44 1	51 5	13 1	37 1	28 5	5 2	57 1	50 2	23 3	7 1	9 1	56 1	45 2	48 1	15 2	49 1	27 1	21 5	43 1	3 2	4 2	16 2	8 1	24 3	33 1	22 1	34 1	1 1	10 1	25 2	17 1	47 1	40 1	6 1	54 1	18 1	12 2	20 1	55 1	59 3	46 2	41 2	38 2
1 2	29 1	54 1	16 1	58 2	56 1	57 1	25 1	38 1	40 1	55 1	14 1	42 1	35 2	47 1	8 2	36 2	21 2	39 1	49 1	6 4	4 2	53 1	30 1	24 3	31 3	44 1	17 1	12 2	43 1	59 1	0 5	26 4	45 1	20 6	18 1	10 3	37 2	2 1	5 1	3 6	48 2	15 1	11 5	51 2	27 1	23 1	22 1	32 7	9 1	28 2	52 1	7 1	13 1	41 3	50 1	34 1	33 1	46 4	19 2
21 6	38 1	14 1	45 1	32 2	30 4	59 2	48 1	55 1	52 1	13 1	43 1	58 2	31 1	44 1	56 1	35 3	54 1	19 3	2 2	33 2	0 1	36 2	40 2	42 2	25 2	28 1	20 2	23 5	11 2	12 1	4 3	1 4	8 2	6 2	50 2	10 5	5 2	3 2	51 6	46 3	49 2	34 1	24 1	53 1	41 2	27 2	16 1	22 6	47 1	37 2	29 2	17 1	18 3	9 2	57 3	39 1	7 7	15 1	26 2
37 2	38 2	47 4	31 2	15 2	10 9	4 3	50 3	34 1	33 1	44 1	51 2	1 1	25 2	6 2	36 1	16 2	8 2	55 2	17 1	23 3	5 1	48 3	19 2	12 1	11 1	41 3	52 3	18 5	3 1	14 1	21 1	32 2	57 2	2 2	40 1	9 1	35 1	27 1	22 2	28 1	45 2	54 1	0 1	26 2	58 2	46 2	20 1	43 3	53 2	7 2	56 5	59 1	30 1	39 3	49 2	29 2	24 1	13 1	42 2
49 1	3 3	30 6	51 1	57 1	41 3	53 1	4 1	31 1	17 1	32 2	58 4	38 6	0 1	42 1	59 1	9 1	47 1	18 2	28 2	44 1	15 2	27 4	54 2	16 3	24 1	12 1	22 1	40 1	36 3	29 2	35 5	8 5	37 3	2 1	7 1	1 3	6 4	5 1	45 1	19 1	23 2	10 1	14 1	33 1	26 1	20 1	39 2	50 1	34 1	48 1	11 1	25 1	52 1	21 1	13 3	55 2	56 2	43 4	46 2
32 1	54 1	36 2	19 1	51 2	6 1	5 2	11 2	25 2	30 1	2 8	10 1	24 1	26 4	45 1	15 3	17 3	28 2	29 3	21 3	4 1	31 1	18 1	58 6	35 3	53 2	9 2	7 1	23 4	46 1	38 3	37 4	1 2	52 2	59 1	0 1	27 1	3 2	55 2	14 2	34 1	49 1	42 1	16 1	43 1	39 1	22 9	13 1	12 3	47 2	44 7	40 3	48 3	57 4	8 1	50 1	33 2	41 2	56 4	20 1
49 1	41 2	32 3	55 1	15 2	51 2	21 4	44 4	13 2	7 2	38 2	45 1	5 1	16 1	23 1	58 3	56 1	8 1	31 1	47 1	3 3	37 1	20 3	27 3	40 1	52 2	33 1	46 2	35 1	12 2	53 1	2 1	50 1	43 1	54 1	6 5	29 1	39 1	30 1	42 3	57 3	22 1	34 3	48 1	18 1	14 4	26 3	0 2	25 2	17 1	36 2	28 1	1 5	19 3	59 1	4 2	10 2	11 3	9 1	24 3
28 1	44 1	34 3	5 3	27 3	7 4	2 1	40 1	30 2	52 1	17 1	24 1	35 7	55 1	22 2	50 2	42 1	54 2	19 1	1 1	56 1	53 2	4 1	45 1	6 1	13 5	48 1	37 1	46 1	36 2	16 1	15 1	0 2	31 1	32 2	14 2	51 1	8 2	12 1	21 2	23 1	41 3	29 1	59 1	25 1	11 1	49 1	43 1	3 1	47 1	26 2	20 4	10 1	38 2	9 2	58 8	18 1	57 2	39 1	33 5
14 1	10 1	48 5	20 2	38 4	25 4	58 2	4 1	12 4	36 5	15 1	0 2	42 1	49 1	53 2	41 1	9 1	19 2	26 1	32 1	16 7	6 4	21 1	30 1	29 2	37 1	51 6	47 1	34 2	50 1	54 1	18 5	24 3	31 1	44 2	28 1	1 3	40 1	45 2	56 1	13 2	59 2	3 4	17 1	43 3	27 1	11 3	52 1	22 3	23 2	2 3	46 2	7 1	8 1	57 1	35 5	39 1	55 1	33 3	5 3
24 4	22 2	42 1	46 1	6 1	17 8	54 1	55 1	32 2	43 1	10 1	29 3	35 1	45 1	5 2	33 1	51 1	38 1	8 1	13 2	44 1	47 2	4 2	14 1	48 1	23 5	0 1	50 1	40 1	30 3	1 6	56 1	25 1	34 2	41 1	39 1	19 2	57 3	2 1	9 1	37 1	11 4	26 1	16 1	27 4	49 7	53 1	12 2	31 2	18 5	28 2	3 3	7 2	59 3	21 6	52 1	36 2	20 1	58 2	15 2
38 2	36 2	14 7	32 1	21 1	24 1	5 4	56 1	20 2	28 1	44 2	15 2	57 1	55 1	53 1	1 1	12 6	48 1	10 1	0 3	47 1	35 1	59 1	25 4	31 2	58 1	18 3	22 1	34 4	16 4	13 1	8 1	26 1	46 2	41 1	40 1	37 1	33 1	52 2	43 4	50 2	30 1	17 1	54 1	23 1	29 1	6 1	42 1	9 2	45 1	2 2	49 3	11 2	27 1	39 1	19 3	3 1	4 2	51 2	7 1
37 1	14 5	42 1	38 1	5 1	49 5	40 1	59 3	28 1	13 3	1 2	32 1	0 1	34 1	44 1	29 4	45 1	46 1	10 1	41 5	7 1	21 1	4 1	53 1	17 3	8 1	16 1	6 1	30 1	12 1	57 1	39 1	58 1	55 6	26 1	22 3	20 2	18 1	9 1	36 1	33 2	15 3	11 4	48 2	23 1	54 1	51 1	24 1	56 4	47 1	3 1	25 1	2 4	31 1	27 2	50 2	43 2	52 1	19 4	35 1
18 3	12 1	38 5	23 1	58 1	4 3	49 1	16 2	8 3	15 1	52 3	27 3	3 1	53 3	33 3	57 2	46 2	0 1	35 5	24 1	34 2	26 1	51 1	25 1	9 1	44 2	59 1	41 1	40 2	22 1	56 5	28 1	6 2	7 4	13 1	47 7	54 2	11 1	2 2	19 1	31 2	50 1	14 1	48 6	37 1	10 1	45 1	1 1	42 3	39 2	20 2	17 2	43 1	36 2	55 2	29 1	21 4	5 1	32 2	30 1
47 2	35 4	20 7	26 1	40 3	8 1	56 1	53 1	21 2	38 3	17 1	58 1	57 4	18 2	15 2	39 4	19 6	43 1	24 1	52 1	49 1	45 1	44 5	11 1	34 1	4 1	7 2	23 1	6 7	2 2	32 5	25 4	12 1	27 1	37 1	48 1	22 2	36 7	16 2	55 1	30 1	9 2	3 4	41 2	29 2	46 1	1 1	51 6	59 3	33 1	31 2	50 1	13 1	14 1	5 1	42 1	28 2	54 2	10 1	0 1
51 2	58 1	26 1	36 2	8 2	54 1	25 4	50 1	39 2	3 1	42 2	24 2	59 4	2 2	44 3	52 2	43 4	45 3	48 2	37 3	0 1	18 3	19 1	35 2	10 1	41 8	33 1	32 4	49 3	21 2	6 1	27 2	53 2	46 3	16 1	9 2	13 1	30 1	29 5	47 1	11 2	28 2	34 2	38 3	31 3	15 4	4 1	22 1	23 4	55 1	1 2	20 2	57 2	14 3	56 1	12 1	5 1	40 1	7 4	17 1
57 1	49 1	41 4	39 1	12 1	14 9	54 4	20 2	50 5	56 2	24 1	38 4	59 5	25 2	46 1	44 1	17 1	23 4	42 1	0 3	2 1	36 2	30 1	3 2	29 6	43 1	7 5	5 1	52 1	31 1	32 1	13 1	55 4	48 2	4 1	10 3	19 1	35 3	9 2	51 1	28 1	58 1	27 3	34 1	47 2	8 2	18 1	37 1	6 7	45 1	21 2	22 1	11 2	16 1	1 2	26 1	53 2	40 1	33 2	15 2
32 2	1 1	9 1	44 2	46 2	21 1	38 1	31 1	43 4	8 7	45 1	54 2	30 6	42 3	37 2	16 1	50 3	58 1	25 1	49 2	19 1	18 2	40 1	33 1	53 1	10 1	29 1	22 3	24 1	41 2	7 2	55 1	4 1	35 5	0 1	14 1	52 1	23 3	57 1	2 1	36 5	39 1	20 2	27 1	12 3	28 1	15 5	26 1	34 2	56 1	13 2	17 1	6 1	47 1	11 2	3 1	5 3	48 2	51 4	59 2
5 3	53 1	26 3	23 1	17 2	35 1	14 1	40 1	59 2	54 3	9 2	30 2	37 1	58 1	13 3	56 2	11 1	52 1	46 1	48 1	15 1	22 1	34 2	28 6	6 4	3 1	21 2	7 2	0 1	32 1	39 1	45 1	41 2	49 6	25 4	4 1	50 1	1 1	44 2	43 1	57 3	18 1	2 2	33 1	55 1	8 1	27 1	47 3	24 2	12 5	10 4	36 3	29 1	20 1	19 1	51 1	38 1	16 1	42 1	31 1
22 1	40 1	2 1	4 2	23 1	1 1	31 1	47 2	38 3	19 4	13 1	6 4	15 1	10 4	43 1	56 1	37 1	54 1	58 4	52 1	30 7	7 4	26 1	46 1	36 2	59 1	0 1	57 1	42 3	33 4	39 6	8 1	53 1	48 3	3 4	41 3	29 2	34 1	21 1	32 3	9 1	20 1	5 4	12 3	18 1	27 1	45 2	14 1	51 1	55 4	50 1	28 2	24 2	11 3	17 3	25 1	35 1	49 3	16 1	44 1
0 3	42 5	56 5	28 2	27 3	6 1	32 1	15 1	14 1	41 4	59 2	39 4	29 1	11 1	3 1	12 6	19 1	2 4	50 2	33 2	48 3	35 7	7 2	38 8	26 1	8 2	17 3	9 1	49 2	45 1	1 3	53 1	23 2	18 2	40 1	37 3	34 2	16 1	55 3	43 2	36 2	54 1	57 2	47 2	13 1	22 2	31 2	46 1	21 1	51 2	30 1	52 4	5 2	4 2	44 8	20 1	24 1	25 4	58 2	10 1
51 1	3 1	28 2	40 1	55 5	21 1	59 4	52 1	26 3	35 1	42 2	24 2	48 1	9 1	5 4	19 3	32 1	18 1	39 3	38 1	10 2	50 4	34 3	27 1	23 1	22 2	25 1	41 1	36 1	13 4	37 7	29 1	54 2	53 1	31 3	44 1	4 1	1 1	30 1	57 3	33 2	16 1	58 1	46 2	12 1	0 3	49 1	6 1	17 3	7 1	56 1	14 1	11 1	20 2	43 1	2 2	45 1	47 3	8 1	15 3
