50	40
7 2	0 1	22 2	35 1	5 1	32 2	16 1	26 1	39 1	15 1	12 1	6 1	31 1	8 1	3 2	19 1	17 1	10 1	20 1	13 3	2 4	18 1	29 3	38 2	4 5	9 1	30 4	11 1	25 2	36 1	1 3	37 2	28 1	21 1	27 1	33 1	14 2	23 1	24 1	34 4
24 3	38 1	20 1	0 1	22 1	21 1	10 2	23 1	30 4	26 1	11 1	28 2	17 2	18 1	35 1	36 1	34 4	13 6	33 1	1 2	25 2	4 2	19 2	31 1	6 1	3 6	14 3	37 2	27 6	15 1	8 1	32 1	2 3	9 1	29 2	7 1	39 7	16 1	5 2	12 1
17 2	29 2	2 1	11 1	0 1	30 3	26 1	34 1	14 1	5 2	4 1	22 2	27 2	37 1	7 3	33 1	39 1	25 1	24 6	35 2	15 1	38 2	19 1	6 2	20 1	23 1	18 1	1 4	13 1	3 1	32 3	36 2	8 1	12 4	9 1	21 3	10 3	28 3	31 2	16 1
29 1	20 1	0 1	14 1	36 1	8 1	24 1	26 1	6 1	35 2	34 1	28 1	3 2	32 2	16 6	18 1	31 1	12 1	11 1	33 1	4 2	9 1	5 1	27 1	10 4	22 1	15 3	30 3	19 1	39 8	7 2	23 2	21 5	17 1	37 1	2 1	25 4	1 2	38 2	13 4
29 1	10 2	6 2	33 1	37 3	28 1	15 1	23 1	27 3	34 1	11 1	25 2	26 1	2 4	38 1	19 1	16 1	22 2	32 1	12 2	18 1	4 2	8 3	24 1	9 1	30 1	13 2	14 1	35 5	3 1	20 1	5 1	39 3	7 2	17 3	36 4	0 3	1 5	21 1	31 4
8 1	11 1	1 2	3 1	4 6	32 1	20 2	10 1	28 3	31 2	30 1	9 2	21 1	26 3	6 3	25 1	17 1	18 1	33 1	27 2	2 1	15 1	23 3	5 1	39 5	36 5	35 8	13 3	24 1	16 3	22 1	29 1	0 1	7 6	38 4	19 2	37 2	34 1	12 3	14 2
0 1	25 1	12 1	6 3	31 5	14 1	32 1	3 3	39 1	37 1	28 4	17 1	13 2	33 1	30 1	21 2	20 1	10 1	24 1	18 2	16 4	23 1	11 2	19 1	15 3	4 2	36 1	38 2	5 4	8 4	29 2	35 1	2 1	26 1	27 2	34 1	9 3	22 2	7 1	1 1
39 3	30 1	29 1	4 3	9 1	11 2	1 2	26 1	14 2	37 1	21 1	10 1	34 1	20 3	2 1	25 1	3 1	24 4	13 1	0 1	38 1	8 1	17 1	22 1	19 3	5 1	7 1	33 1	35 1	31 1	6 1	27 2	23 1	18 1	28 1	36 1	15 5	32 6	12 2	16 7
29 1	14 1	19 4	26 2	5 2	25 1	11 2	12 2	0 1	30 2	33 1	36 2	37 1	35 2	27 2	15 3	21 1	8 1	39 3	7 1	31 1	22 1	9 1	2 1	13 3	24 3	17 4	20 1	32 1	6 1	34 3	3 2	38 1	18 1	10 1	23 1	1 1	4 1	16 2	28 4
33 2	34 5	28 1	11 5	10 2	25 1	0 1	16 1	27 2	36 2	7 2	17 1	9 1	5 2	30 1	3 1	23 1	35 3	4 1	37 1	15 3	38 1	20 1	6 2	19 1	12 1	18 1	8 1	1 1	29 2	24 1	39 1	31 2	26 2	14 2	21 1	32 6	22 1	2 1	13 3
8 3	2 1	39 1	30 1	9 1	27 2	12 1	19 3	4 1	36 2	22 1	5 3	31 2	38 1	25 2	24 1	10 3	14 1	20 2	13 1	34 2	28 1	1 2	0 1	37 2	33 1	32 1	17 1	35 1	26 1	6 1	16 3	29 3	18 1	23 1	21 1	3 2	7 6	11 10	15 1
35 2	23 1	0 1	8 2	32 1	37 2	2 1	11 4	3 1	36 2	29 1	22 2	12 2	6 1	20 2	39 5	4 1	38 1	5 6	21 2	33 1	26 1	9 1	13 2	31 1	27 1	34 1	19 1	30 1	1 1	16 1	7 1	10 5	28 1	14 7	15 1	17 1	18 1	25 2	24 5
5 3	16 2	32 1	3 1	29 1	20 1	34 3	7 2	31 3	26 3	0 1	36 3	12 1	28 1	13 2	33 1	9 1	1 2	22 2	24 1	8 1	37 1	14 4	21 1	2 2	6 2	11 1	10 1	25 1	27 1	4 6	35 3	19 4	38 2	15 2	17 2	23 2	30 2	18 2	39 1
33 4	24 3	20 1	14 1	21 1	2 1	18 1	37 1	1 2	28 1	11 2	27 1	13 1	25 6	16 1	23 1	26 1	22 2	39 1	7 3	12 1	0 2	34 1	17 5	19 1	29 7	32 3	36 1	30 3	15 2	9 1	35 3	6 2	8 3	5 2	3 2	4 1	10 3	31 1	38 2
1 1	37 2	18 4	31 1	12 3	15 2	17 1	23 1	25 2	28 2	5 2	34 1	11 1	39 1	32 1	35 2	4 2	16 1	2 1	19 1	9 1	14 1	7 2	20 3	26 1	36 1	8 3	21 3	22 1	0 1	13 1	29 2	10 1	3 3	27 2	6 1	38 1	30 1	24 4	33 1
25 1	22 7	34 1	4 1	5 2	21 4	33 1	23 1	13 1	26 1	14 1	11 1	28 1	18 1	32 1	12 1	15 3	27 3	30 1	6 1	24 2	38 3	16 1	39 1	37 2	36 3	7 3	1 1	19 7	0 2	20 1	17 1	3 1	9 1	2 4	35 5	8 3	29 5	10 1	31 1
24 1	39 1	10 1	23 1	35 1	30 4	8 1	18 1	34 2	1 1	31 2	21 2	11 3	7 2	2 1	4 2	29 1	13 4	22 3	14 1	12 1	27 2	17 1	33 1	3 1	15 1	25 1	0 2	28 1	9 2	38 1	5 5	37 2	36 1	20 2	19 1	32 1	6 2	16 1	26 2
5 2	2 1	23 1	18 3	19 2	12 1	13 2	39 1	16 2	37 1	24 1	21 3	1 2	22 1	35 1	32 1	34 1	15 1	11 1	0 2	17 1	14 2	10 1	31 1	28 2	38 4	36 1	27 4	9 6	30 1	33 1	4 2	6 1	20 2	26 2	3 1	29 1	7 1	25 1	8 2
12 2	36 2	8 2	33 4	1 1	31 2	20 3	26 2	10 1	35 1	25 3	7 2	9 2	13 2	17 2	16 6	2 1	24 1	29 1	38 2	30 1	23 1	22 1	32 1	15 3	19 1	5 3	27 2	21 1	18 3	3 3	11 1	14 3	6 4	37 1	4 2	0 1	34 1	28 4	39 1
39 1	6 1	32 3	1 2	3 4	7 1	31 1	14 4	5 1	13 1	26 4	18 3	38 3	28 2	37 1	23 2	30 2	36 1	15 3	11 1	21 1	4 1	9 1	22 1	27 5	16 1	12 2	29 2	19 1	34 2	35 1	20 1	33 1	8 6	10 2	24 1	25 1	17 2	2 1	0 2
9 1	0 2	4 1	13 1	2 2	30 1	33 2	18 1	20 4	21 3	11 2	26 1	17 1	29 1	31 1	15 3	25 4	12 1	35 1	37 4	14 1	5 2	39 2	16 4	22 1	23 1	7 3	28 1	10 2	36 4	1 2	6 2	38 3	27 2	19 1	24 3	3 2	32 1	8 1	34 1
32 5	8 2	11 3	9 2	23 2	33 1	27 6	5 1	30 1	12 2	4 1	2 1	14 3	19 2	31 3	37 1	24 4	0 3	39 1	10 1	36 3	7 1	28 2	3 3	15 1	21 1	1 1	18 1	34 1	26 4	35 1	20 1	25 1	6 1	38 2	17 1	16 1	29 1	22 3	13 1
33 8	25 2	32 1	34 1	21 1	27 7	6 1	4 1	3 1	15 2	39 5	36 3	1 1	26 2	23 1	13 1	0 1	20 2	28 1	9 1	5 4	38 2	14 1	35 3	2 1	7 2	16 2	11 3	8 1	30 1	24 1	31 2	37 1	18 3	19 3	12 1	10 2	17 1	29 2	22 1
28 2	12 2	18 2	35 4	16 2	38 1	32 2	8 1	5 2	11 1	7 1	22 2	27 5	9 6	37 2	10 1	33 4	31 2	36 1	39 4	29 1	24 1	15 3	20 1	34 2	4 2	6 1	14 2	1 1	23 3	17 2	3 2	30 1	26 1	13 1	2 3	25 2	21 1	0 1	19 1
10 1	37 1	38 2	5 1	15 1	9 1	33 2	14 1	31 2	16 2	4 8	35 1	3 1	25 1	30 3	36 1	27 2	34 3	0 2	28 2	26 5	18 1	29 3	39 1	20 3	13 1	2 2	17 2	7 3	1 1	19 2	6 1	12 1	22 1	24 2	23 5	11 2	8 2	21 1	32 1
23 2	5 5	6 1	27 2	24 1	28 3	29 4	15 1	8 1	21 4	22 2	13 2	35 2	1 1	16 1	31 1	36 1	2 1	3 2	34 1	7 1	18 4	9 1	38 3	33 1	32 1	30 2	26 2	19 1	17 4	39 2	11 2	14 1	12 3	4 4	0 3	25 3	37 1	20 1	10 3
14 1	30 1	15 1	22 1	27 2	13 2	34 1	3 2	18 1	0 2	20 1	35 2	12 2	16 1	28 1	7 4	23 1	24 1	11 4	32 1	26 1	39 7	37 1	33 1	25 1	19 1	2 2	4 1	9 2	1 1	5 1	29 3	36 1	10 1	31 1	6 1	8 1	38 3	21 1	17 1
26 1	6 1	38 2	27 1	31 2	30 3	10 2	19 1	25 1	9 2	33 3	39 4	0 2	15 3	8 2	4 2	11 3	34 5	28 1	2 1	16 2	5 3	12 1	32 2	22 1	14 2	29 1	17 2	35 1	24 1	3 1	1 3	18 1	20 1	37 1	36 1	7 3	23 1	21 2	13 6
26 1	23 4	17 1	14 2	20 1	37 2	5 4	3 1	0 2	18 3	30 1	35 2	12 1	19 3	29 1	1 1	15 1	39 1	36 1	38 4	32 2	16 1	6 2	13 1	31 2	8 2	33 1	34 1	25 2	7 1	10 3	4 3	2 3	28 1	21 4	9 3	11 4	27 2	24 4	22 3
4 1	30 1	1 1	12 2	37 4	16 3	18 1	32 1	5 1	6 1	20 2	0 1	28 1	14 1	10 4	33 8	29 1	3 3	15 1	9 5	11 5	22 1	13 1	2 1	26 2	23 1	39 1	21 2	36 1	7 1	19 2	8 1	35 1	31 1	25 1	24 1	27 4	34 1	17 1	38 2
8 1	0 2	18 1	35 1	12 6	34 1	19 2	26 2	14 1	33 2	15 5	22 3	5 1	11 2	27 3	38 2	1 1	10 6	31 2	23 2	16 2	25 1	7 2	36 1	28 2	17 2	20 1	24 1	13 1	4 1	9 1	29 1	2 2	3 2	39 1	6 1	21 5	37 1	30 1	32 2
16 1	24 2	30 2	23 2	10 2	12 1	14 2	15 1	2 1	11 1	38 3	33 1	31 1	28 3	39 3	20 2	18 1	4 1	17 1	1 1	5 1	6 3	32 1	19 3	36 3	22 2	3 1	7 3	13 2	8 1	25 2	21 2	37 1	26 1	29 1	34 1	0 2	27 3	35 1	9 2
14 1	35 1	19 1	26 2	36 2	16 3	25 1	4 3	3 2	2 3	37 2	7 2	29 3	39 1	20 1	31 1	15 3	5 2	13 2	0 1	6 2	17 2	24 2	38 1	9 4	1 1	32 1	28 2	18 1	27 3	22 1	11 1	33 1	12 1	23 4	30 1	8 1	21 3	10 3	34 3
5 2	37 1	26 2	30 1	23 3	17 4	31 3	36 1	21 3	10 1	16 1	33 1	35 2	0 2	6 3	25 3	28 1	4 1	34 3	1 1	3 1	18 1	27 2	32 1	19 3	39 2	15 1	20 1	24 1	9 1	12 2	8 3	38 1	7 1	13 1	22 4	2 1	14 2	11 2	29 5
2 2	18 1	23 1	34 3	35 2	4 2	9 2	36 1	27 1	5 1	19 3	39 1	6 3	8 3	29 1	22 2	1 2	26 1	25 2	10 1	16 1	0 1	15 1	11 1	14 3	3 2	20 2	7 1	13 3	38 1	28 1	17 3	21 3	37 3	31 2	32 2	12 1	30 1	24 1	33 2
14 2	25 1	34 2	29 1	3 1	16 5	38 5	15 2	37 1	28 2	20 1	9 1	7 1	18 1	22 1	30 3	8 2	23 1	26 1	10 1	6 5	11 3	4 3	19 2	33 1	5 2	31 5	27 3	32 3	0 1	24 1	39 4	21 2	36 3	13 1	12 1	17 1	35 1	1 1	2 2
11 3	26 3	34 5	3 2	21 3	5 2	33 5	22 3	35 2	14 2	4 1	37 1	0 1	38 2	15 4	16 2	36 1	17 2	10 1	12 2	9 2	8 4	28 2	13 5	23 1	27 1	7 1	24 1	25 3	39 2	29 2	32 1	31 1	6 4	18 3	1 1	19 4	30 1	2 3	20 2
35 1	20 1	39 1	18 1	21 2	6 3	22 1	26 1	7 1	14 3	5 1	9 1	29 1	0 1	33 1	27 2	13 1	30 2	10 2	34 1	8 4	3 1	38 2	12 2	28 2	1 1	19 2	17 1	16 4	11 3	32 3	36 1	24 2	31 3	23 4	37 2	2 1	15 2	25 1	4 1
12 2	31 1	30 4	2 5	35 1	4 1	36 3	27 3	7 1	34 3	13 1	33 2	37 5	21 1	24 1	38 1	20 1	32 3	22 7	14 1	3 1	23 3	25 4	1 1	16 1	6 1	11 1	26 1	8 1	39 1	5 4	17 2	9 2	0 1	28 2	18 1	10 1	19 2	29 2	15 5
17 2	19 1	18 1	16 1	7 2	4 6	34 1	20 6	13 2	36 2	15 2	26 1	2 1	38 1	28 4	12 1	1 1	32 3	3 1	5 1	29 1	23 2	35 2	27 1	8 1	6 2	33 1	11 2	10 3	0 2	30 2	21 2	25 3	24 1	31 2	9 3	22 1	14 1	37 1	39 1
8 3	24 2	11 4	3 1	33 1	21 1	27 2	29 1	30 1	36 1	10 2	15 1	0 2	32 3	26 2	22 3	4 2	16 1	23 2	2 1	28 1	19 2	5 3	6 3	13 1	38 1	12 2	34 2	39 1	35 1	7 1	14 1	9 1	37 1	18 2	20 2	17 3	31 4	1 1	25 1
36 1	34 1	2 2	33 3	18 1	21 1	37 1	3 2	39 2	22 2	17 1	7 1	31 2	6 1	0 1	38 3	12 3	1 1	15 3	26 3	9 1	5 3	35 1	30 1	29 3	14 1	24 2	32 1	27 1	11 2	19 5	16 1	20 3	23 1	28 3	25 1	8 1	13 2	10 1	4 6
28 3	34 2	33 7	30 1	21 2	19 1	14 4	2 1	29 1	7 6	39 1	12 2	0 1	26 1	8 2	6 3	5 2	37 2	15 1	16 4	23 1	38 1	3 2	36 1	4 3	10 1	1 1	35 2	31 4	24 2	13 3	20 1	32 2	27 2	9 3	11 1	18 2	22 1	17 2	25 1
15 1	29 2	26 1	22 3	28 1	20 3	10 3	17 5	33 1	11 3	23 2	2 2	30 4	0 4	14 4	5 1	8 3	19 3	1 1	27 2	37 2	39 2	32 5	34 5	4 2	13 1	24 1	31 4	3 1	7 1	16 2	21 4	36 3	38 1	18 2	25 2	9 1	12 2	35 2	6 2
28 2	35 2	20 4	19 1	33 1	0 1	31 2	18 3	5 1	2 1	37 1	39 3	1 3	29 1	7 1	30 3	9 3	27 1	17 2	36 2	21 3	13 9	10 1	22 5	34 1	23 2	12 5	38 1	6 7	25 3	3 3	8 1	24 2	11 1	26 1	16 1	15 2	4 5	32 6	14 3
19 2	22 2	34 2	30 1	20 1	9 2	1 1	38 2	37 1	14 2	2 7	13 2	36 1	26 2	0 5	39 2	29 1	4 4	28 4	25 1	7 1	31 1	8 4	12 1	3 2	6 5	17 1	33 1	35 2	24 1	27 2	5 1	16 2	21 1	15 2	23 3	10 1	11 1	32 3	18 1
9 2	17 2	16 2	12 2	28 3	13 1	8 2	3 2	29 1	18 1	24 2	32 2	38 2	31 2	14 1	22 3	39 1	26 1	37 1	6 1	21 2	19 1	27 1	34 4	30 1	35 3	20 1	25 2	4 1	0 1	1 2	33 1	10 1	5 1	36 1	7 1	15 1	2 1	11 1	23 1
27 2	31 1	3 3	4 1	9 1	39 1	1 1	37 2	18 3	25 1	8 3	22 4	38 1	24 1	21 1	26 2	0 1	2 1	12 2	28 2	13 1	17 2	5 1	35 1	19 2	36 1	34 2	29 8	32 4	6 3	7 1	16 1	11 2	20 6	14 1	30 2	10 3	15 1	33 1	23 1
18 2	22 1	19 1	29 3	36 2	15 2	6 1	27 1	32 4	1 2	20 1	26 1	35 2	30 3	16 7	34 1	21 2	12 1	3 1	39 4	2 1	14 1	23 2	33 2	13 1	24 3	28 3	25 1	17 2	10 2	38 1	8 1	5 2	11 1	4 1	31 1	7 3	37 1	0 1	9 6
29 1	28 2	5 4	2 1	26 1	19 1	16 3	31 1	15 3	4 2	12 2	10 1	38 1	13 1	0 4	11 10	32 1	39 2	33 1	23 2	22 1	27 1	35 1	6 1	8 1	14 2	17 2	9 1	25 2	7 4	21 1	24 1	37 1	3 1	18 1	1 2	34 6	20 1	36 1	30 1
