15	70
25 2	60 1	34 1	52 1	51 1	11 3	40 1	24 1	7 2	5 1	63 1	48 1	21 1	2 1	18 1	23 2	47 2	13 1	56 1	49 1	46 1	30 10	68 2	31 1	61 2	38 10	41 4	32 3	69 2	6 2	17 1	45 3	10 1	19 1	65 3	37 1	14 2	62 1	54 1	59 3	64 2	0 4	66 2	22 1	39 5	1 3	58 2	12 2	57 1	44 1	35 1	53 1	15 7	33 1	20 3	8 1	16 1	55 1	36 2	67 4	3 1	42 4	9 4	28 1	4 7	27 1	43 2	50 5	26 1	29 1
9 1	61 2	11 2	18 2	67 2	17 3	23 1	62 1	5 2	37 1	8 2	31 1	4 4	52 2	22 6	47 2	3 3	33 2	63 1	20 1	69 1	34 1	29 3	10 2	32 1	35 1	60 2	6 2	59 5	24 3	41 1	40 2	53 1	66 2	26 4	38 3	46 3	44 3	45 2	51 1	14 1	49 5	39 1	0 1	19 1	42 2	68 2	13 3	50 3	64 2	57 2	27 5	7 1	21 1	28 1	25 3	12 2	65 2	54 2	2 1	55 2	56 4	58 4	16 6	36 6	30 6	15 1	1 4	48 3	43 3
14 1	63 1	16 3	56 2	62 1	42 1	5 2	32 1	53 1	29 5	19 1	41 1	20 3	0 5	37 1	59 2	7 2	30 2	27 1	67 4	6 1	38 1	68 3	43 7	35 1	39 6	31 1	8 2	55 1	34 2	49 5	26 2	4 1	52 1	58 2	23 2	13 1	28 1	12 1	9 2	25 4	44 1	1 1	54 2	60 5	24 1	66 4	69 3	47 3	65 1	40 1	50 1	48 2	3 1	36 1	46 1	15 1	45 1	64 2	21 1	61 1	10 3	33 3	57 1	18 2	17 1	22 1	11 2	2 3	51 2
4 2	24 5	1 1	31 2	63 1	68 1	32 4	16 5	12 1	61 2	19 1	9 2	22 1	0 3	39 1	33 3	56 3	54 2	8 6	25 1	5 3	41 1	51 2	47 1	37 1	20 3	57 1	48 1	59 4	21 1	40 1	10 2	27 1	23 7	60 2	45 6	28 2	69 1	53 6	66 1	62 1	6 2	55 3	50 3	36 4	30 2	44 1	7 2	18 1	52 6	38 2	13 2	43 2	3 3	67 4	42 2	2 3	15 1	46 1	14 1	17 5	11 2	64 2	49 4	29 4	65 1	35 5	34 4	26 2	58 1
14 1	52 1	41 1	19 5	30 3	25 1	20 2	49 1	17 1	5 1	12 1	27 1	29 1	6 1	40 4	9 3	31 1	63 4	47 1	32 1	58 2	23 3	38 1	46 4	10 3	15 1	21 1	45 1	44 2	33 1	13 3	59 1	26 1	64 1	61 1	57 3	68 3	55 2	62 2	51 3	2 1	42 2	48 1	16 2	39 10	7 1	56 2	54 1	8 1	11 1	50 1	18 1	65 1	36 1	1 1	22 4	66 1	24 4	37 1	28 1	60 2	67 1	3 1	53 1	69 1	4 1	43 4	34 2	0 1	35 1
42 3	40 2	36 5	3 2	58 2	47 1	37 1	67 1	23 2	41 1	25 2	66 1	21 1	45 1	59 4	38 5	19 1	0 2	55 1	39 1	8 2	33 1	4 3	1 2	52 2	7 1	30 3	57 1	11 1	2 1	29 1	31 2	18 2	49 4	16 3	64 2	51 1	6 1	34 2	63 1	5 4	15 1	48 6	61 2	32 2	35 1	9 1	13 2	69 4	24 1	20 4	43 1	46 1	60 1	28 2	27 1	22 1	14 2	12 3	53 3	56 2	62 1	44 1	65 1	68 7	50 2	10 1	54 1	17 3	26 1
38 2	57 1	23 2	33 5	24 2	40 1	59 1	61 1	10 2	12 3	21 1	42 3	67 2	31 2	51 2	58 1	48 1	5 2	53 1	47 2	6 2	66 1	25 5	41 1	45 1	13 5	54 1	4 1	1 8	50 2	28 2	3 2	63 1	68 2	14 1	56 2	44 5	29 1	0 1	15 4	32 1	52 5	2 1	64 4	37 1	36 2	9 1	43 1	65 1	55 3	26 3	46 1	16 2	39 6	34 2	19 2	22 1	49 2	27 1	62 1	69 2	17 3	30 1	20 1	11 3	8 2	35 1	60 3	7 1	18 14
13 2	69 1	46 2	7 1	39 2	19 1	35 1	34 1	64 1	50 2	26 2	30 2	27 1	68 3	32 1	57 1	22 2	65 1	24 1	29 1	31 1	2 1	36 9	14 2	37 1	52 3	3 4	12 1	11 2	58 4	59 4	16 2	23 1	49 1	18 5	48 2	40 1	41 1	15 5	43 2	53 1	5 1	55 3	9 3	67 1	21 1	51 1	56 1	61 1	17 3	10 1	25 2	47 4	4 1	0 1	66 1	33 1	60 1	63 1	45 3	44 1	6 1	38 1	42 1	8 1	20 4	54 2	62 1	28 3	1 2
51 1	62 1	39 1	30 2	45 1	11 2	43 1	34 2	41 1	49 1	42 1	20 3	47 3	63 1	50 3	52 1	4 2	13 1	65 3	66 1	2 1	28 2	40 1	69 1	15 1	36 2	38 1	33 1	59 6	0 6	32 1	14 1	35 2	67 1	27 2	21 3	26 1	25 4	68 2	24 2	9 3	10 3	60 2	8 1	1 1	19 1	6 1	7 1	22 3	53 2	29 1	31 6	37 1	3 1	55 6	23 1	48 2	61 1	12 1	44 1	16 4	54 1	46 2	64 3	57 2	18 1	17 1	56 1	58 1	5 1
12 1	48 3	27 2	47 1	66 7	30 1	43 2	39 1	2 2	0 1	35 2	33 2	22 1	54 3	6 1	45 2	52 1	29 1	57 2	16 2	19 2	9 1	8 1	38 3	59 1	61 3	41 1	18 3	14 1	69 3	26 2	4 1	36 1	68 4	28 1	1 1	10 1	50 3	56 2	20 1	63 3	62 1	34 1	21 5	55 2	58 1	15 2	24 1	7 1	40 4	49 5	51 3	11 4	60 2	46 2	25 3	44 3	37 2	13 2	42 1	23 3	32 2	64 3	53 3	31 4	67 1	3 1	17 1	65 4	5 3
46 3	25 1	13 5	64 1	16 4	12 3	39 1	62 1	55 2	36 1	1 1	23 1	51 2	68 2	27 1	10 4	21 4	26 1	9 2	41 4	47 3	58 1	53 3	44 1	24 3	67 3	20 1	5 5	52 1	33 2	28 3	22 1	29 1	15 1	38 7	32 1	56 1	30 2	6 1	4 1	59 1	14 1	43 2	8 9	11 1	66 1	45 1	37 3	54 4	35 1	48 1	18 1	69 2	50 3	34 1	2 2	63 3	7 3	57 4	17 1	60 2	0 7	40 1	19 2	49 2	3 4	42 2	61 2	31 3	65 3
18 1	63 2	51 5	34 4	27 1	3 2	13 2	49 3	26 1	56 5	65 3	40 1	5 1	17 2	41 1	16 2	50 1	44 1	69 1	23 1	33 2	35 1	12 2	53 1	37 1	0 1	8 4	38 1	21 1	60 3	57 1	64 1	47 1	20 1	4 1	2 1	31 1	68 1	59 1	43 1	29 1	67 1	46 5	55 3	61 1	32 1	25 3	42 2	30 2	7 1	39 1	9 3	36 1	19 1	24 1	15 3	52 2	28 1	6 1	45 1	66 3	54 1	10 1	14 2	22 3	62 1	11 2	48 1	1 2	58 3
19 1	20 1	41 2	52 3	29 1	66 2	50 1	18 3	63 1	58 1	68 1	51 1	7 1	31 4	61 2	34 3	48 4	15 1	38 2	12 1	8 1	30 1	64 2	2 1	53 2	47 3	13 2	42 1	28 5	25 3	46 1	65 3	45 2	67 1	0 1	69 1	22 4	36 2	55 8	43 5	26 1	11 1	49 1	40 1	37 3	60 1	27 1	56 1	5 1	9 1	3 6	35 3	16 1	10 1	62 1	6 1	17 2	33 1	24 8	1 1	32 1	59 1	4 1	57 1	14 1	54 2	39 1	23 2	21 1	44 4
20 2	58 3	66 1	60 1	2 5	56 1	7 1	38 4	46 1	53 1	11 1	47 1	63 2	15 3	9 1	21 5	29 3	6 3	45 3	30 4	24 1	27 5	32 2	33 5	36 2	19 2	64 3	67 4	5 4	42 3	37 1	13 1	14 3	44 2	61 2	25 2	51 1	31 4	54 1	55 1	1 5	43 3	50 6	23 4	8 1	26 6	17 1	16 4	68 7	62 3	34 1	28 1	40 2	0 1	18 1	48 1	10 5	4 1	12 2	57 5	69 2	49 1	22 1	3 1	39 3	41 1	52 3	65 2	35 1	59 1
68 1	14 1	1 3	41 1	7 1	60 1	19 1	16 1	23 3	50 4	43 2	30 2	53 5	51 1	69 3	3 2	47 1	27 3	20 1	46 1	64 1	52 2	22 2	12 1	48 2	15 3	17 1	42 3	56 1	11 2	4 2	25 2	29 3	18 8	33 2	61 1	9 3	66 3	35 4	59 1	65 1	5 2	49 2	13 1	67 1	8 1	39 1	57 4	28 1	34 2	62 1	31 3	32 1	36 7	26 2	63 3	55 1	45 3	54 1	38 7	44 2	24 3	40 1	21 2	58 1	6 1	0 1	2 1	37 1	10 2
