90	5
1 46	0 53	2 51	4 51	3 54
4 46	0 43	1 46	3 57	2 52
1 57	0 48	3 47	2 44	4 56
0 44	3 51	2 53	1 52	4 53
2 54	3 47	0 49	1 48	4 48
0 51	4 53	2 50	1 44	3 48
4 39	1 48	2 47	3 46	0 56
2 47	0 57	3 53	1 49	4 48
4 48	3 52	0 51	1 43	2 45
3 46	0 49	4 57	2 45	1 47
1 53	4 47	3 41	0 54	2 53
1 47	0 52	3 44	4 64	2 51
0 52	3 52	1 50	4 47	2 49
2 48	0 45	3 45	1 52	4 54
4 49	1 53	2 49	3 50	0 55
0 50	2 48	3 47	4 42	1 47
2 47	0 46	4 51	3 50	1 44
4 59	1 47	0 49	3 49	2 61
3 37	2 36	1 44	0 41	4 40
2 55	3 55	4 52	0 55	1 60
4 52	1 50	3 59	2 48	0 51
0 52	3 49	2 50	1 45	4 46
1 43	3 52	4 52	0 45	2 53
4 52	1 46	2 42	3 57	0 55
1 44	2 50	0 52	3 52	4 47
0 54	3 48	1 56	4 51	2 54
2 44	1 56	3 58	4 48	0 53
0 50	2 49	1 56	4 46	3 56
1 52	3 49	0 50	2 44	4 59
2 41	4 42	0 50	3 43	1 52
4 48	2 58	1 45	0 52	3 49
3 48	2 48	0 51	4 46	1 51
2 47	4 52	1 55	0 55	3 54
2 53	4 47	1 55	0 48	3 46
4 60	1 50	2 45	0 48	3 47
4 51	2 37	1 59	3 49	0 54
0 38	2 50	1 49	3 44	4 48
2 45	3 51	0 54	1 46	4 53
3 51	0 39	2 47	4 49	1 50
0 46	3 47	4 52	2 56	1 48
3 45	0 51	2 55	4 45	1 49
0 52	1 51	4 36	3 48	2 49
0 43	2 55	1 51	3 53	4 49
1 39	2 43	3 54	0 44	4 41
0 52	3 52	2 44	1 56	4 51
4 45	3 45	1 50	2 49	0 50
4 53	3 53	1 44	2 48	0 45
3 46	0 48	4 60	2 47	1 53
4 57	1 47	2 50	3 50	0 52
3 42	0 52	1 52	4 47	2 54
1 62	4 55	2 54	3 45	0 49
2 47	0 45	1 48	4 51	3 55
3 55	2 44	4 42	0 46	1 53
2 46	0 49	3 44	1 51	4 51
1 40	2 58	4 58	0 43	3 48
4 45	2 49	1 52	3 48	0 58
1 47	3 50	2 53	4 52	0 51
4 46	3 42	1 47	0 52	2 49
2 47	0 55	3 45	4 50	1 51
0 59	1 48	2 54	4 56	3 53
4 42	2 58	3 50	1 47	0 49
0 52	3 49	2 48	4 58	1 46
1 49	4 51	0 49	3 59	2 51
4 52	2 64	3 56	1 59	0 50
1 53	2 54	0 54	3 53	4 46
3 57	0 46	4 50	1 55	2 37
0 65	1 43	4 48	2 46	3 43
3 56	0 50	4 44	1 55	2 50
3 46	4 48	2 53	0 59	1 60
4 45	3 43	1 57	0 44	2 45
1 55	2 41	3 51	4 55	0 47
0 49	3 48	2 54	4 50	1 47
3 53	0 64	4 53	1 51	2 58
2 55	1 42	4 51	0 48	3 54
2 42	4 51	0 47	3 54	1 53
2 55	0 46	4 53	1 45	3 55
1 44	3 48	4 46	2 56	0 59
1 46	4 39	0 55	2 53	3 54
0 43	2 47	1 49	3 50	4 46
1 51	4 44	0 55	2 60	3 49
4 55	3 52	2 52	1 46	0 57
1 50	4 48	3 53	0 57	2 48
4 46	3 54	0 52	2 53	1 50
2 49	1 52	4 45	0 48	3 41
3 52	4 48	2 53	1 53	0 50
1 50	0 53	4 55	2 42	3 49
3 50	2 56	0 42	1 56	4 42
0 55	2 50	3 57	4 52	1 50
3 50	2 45	1 53	0 47	4 49
1 50	0 49	3 47	2 57	4 52
