100	30
19 1	20 1	12 1	10 1	26 1	7 1	25 1	29 1	16 1	24 4	27 4	0 1	9 5	6 2	21 3	2 1	11 2	13 2	4 2	1 1	17 3	14 1	22 3	28 1	8 1	5 1	18 1	15 1	23 5	3 1
8 2	21 1	19 2	2 3	1 2	13 2	3 3	15 2	17 1	10 1	25 1	6 2	27 2	9 1	16 1	22 1	7 1	23 2	20 2	12 1	11 4	14 1	29 3	28 1	26 1	24 2	4 3	0 1	5 2	18 1
8 1	26 2	13 2	5 1	4 1	14 1	22 1	18 1	2 2	7 1	12 2	16 4	27 3	15 2	21 1	10 2	20 1	6 2	1 2	3 4	23 1	29 1	17 2	24 3	11 1	19 5	25 1	0 2	9 3	28 2
6 1	13 2	2 1	5 2	25 3	4 3	12 2	15 1	9 1	21 1	20 1	19 1	17 1	14 6	27 2	23 1	3 1	24 3	8 2	10 2	16 2	1 7	7 1	18 2	28 3	11 1	29 1	22 1	0 2	26 2
6 1	15 6	5 1	20 3	13 2	27 1	1 1	26 1	2 2	18 2	21 1	8 1	19 1	24 1	22 2	28 1	7 2	17 1	4 1	23 2	11 2	0 1	12 2	10 3	16 2	14 2	25 1	9 1	29 4	3 1
19 1	9 2	12 4	29 1	4 1	18 3	10 2	14 2	7 4	0 2	3 3	5 1	23 3	8 1	25 4	27 5	22 1	6 3	11 1	2 2	17 4	24 2	26 2	20 1	28 1	21 3	1 1	16 5	13 2	15 1
11 2	22 2	12 6	18 2	19 1	8 4	25 2	1 2	6 2	29 2	10 3	26 1	9 1	21 2	7 1	27 1	3 1	28 1	14 1	24 1	4 4	0 3	17 1	2 1	16 6	23 1	5 1	20 1	13 1	15 1
6 1	0 2	14 2	9 1	4 1	26 1	10 1	23 2	21 3	19 2	8 1	7 1	3 2	12 1	15 1	22 4	13 1	1 1	25 2	16 1	17 2	2 1	27 3	28 1	5 3	20 2	29 4	11 1	18 1	24 1
28 1	8 2	19 1	0 2	17 8	26 2	16 3	13 2	29 1	10 1	21 1	12 2	24 1	6 1	14 1	11 2	5 1	2 1	22 1	20 1	25 1	15 1	18 4	9 1	1 1	3 1	7 1	4 1	23 1	27 1
24 1	1 1	20 2	19 4	5 1	23 5	3 3	14 3	13 1	15 2	26 3	29 2	22 2	21 3	11 1	2 1	12 3	6 1	10 1	0 3	28 1	16 1	9 1	7 1	27 4	25 2	17 4	18 1	8 1	4 1
20 1	3 1	12 2	7 1	23 3	10 2	24 2	6 4	16 1	26 4	18 2	22 3	28 1	4 2	21 9	11 1	15 2	13 1	14 1	27 2	1 4	17 3	2 1	8 2	5 1	0 1	25 2	9 3	29 1	19 1
8 3	16 1	22 2	18 3	7 1	25 1	19 2	15 2	2 4	9 1	1 1	11 1	14 1	3 2	26 2	27 1	28 1	24 1	21 2	10 1	29 1	12 1	17 1	13 5	0 3	5 4	4 1	20 2	23 2	6 1
14 1	8 4	19 1	29 2	10 1	0 1	23 1	7 1	16 5	28 1	26 1	18 1	12 1	20 2	3 1	27 1	5 2	15 1	17 1	4 1	22 2	13 3	25 5	11 1	1 2	9 1	6 1	21 2	2 2	24 1
22 4	2 2	20 1	7 2	28 1	3 1	25 2	5 4	18 3	26 2	9 2	27 1	23 2	19 1	24 1	16 3	0 3	17 3	6 1	8 1	14 4	21 1	29 3	4 2	1 1	10 1	12 2	11 2	13 1	15 3
11 1	25 1	29 2	22 2	17 3	12 1	28 4	4 1	0 1	24 2	9 2	6 1	26 1	10 2	27 1	13 1	18 1	15 3	7 5	1 2	21 2	14 1	8 1	2 2	19 1	20 1	23 1	16 4	5 1	3 1
8 1	14 2	23 8	24 1	25 1	21 1	6 1	28 1	17 1	29 1	5 1	13 4	18 1	1 2	15 1	9 1	2 3	0 2	22 2	12 1	16 1	11 1	10 1	7 2	27 4	4 1	20 1	26 2	19 2	3 2
1 1	10 1	22 4	27 2	8 1	4 1	20 4	26 2	15 2	0 1	21 1	28 3	18 2	11 2	7 3	5 4	19 2	12 1	14 2	16 2	6 1	24 1	3 1	17 4	23 1	2 9	13 1	9 1	25 1	29 1
20 4	8 3	12 7	19 2	21 1	14 5	22 1	23 3	9 2	26 1	5 1	29 2	3 3	15 2	17 1	18 1	11 1	25 1	28 2	0 1	2 1	1 1	13 1	24 1	27 3	7 3	6 2	10 2	16 1	4 2
3 1	20 2	19 5	22 1	29 4	2 1	1 2	23 8	5 2	8 1	25 3	28 4	17 1	24 1	26 2	6 3	4 2	7 1	0 4	11 1	10 2	13 2	27 2	12 1	9 1	14 1	15 2	21 1	16 2	18 3
2 2	5 2	19 1	22 2	15 3	28 1	12 1	27 1	0 1	18 2	4 1	29 2	10 2	26 3	23 1	1 1	11 2	14 1	7 2	24 1	9 1	20 1	16 1	13 1	8 4	17 2	21 1	25 2	6 3	3 1
21 4	1 1	13 1	15 3	2 4	10 3	16 1	18 1	20 1	26 1	27 7	12 3	6 1	14 6	19 1	9 1	22 1	3 1	7 2	28 1	29 2	23 1	11 1	17 2	5 1	4 3	24 1	8 3	25 1	0 1
1 3	19 1	24 4	8 1	20 2	29 3	6 4	5 1	11 1	9 3	21 2	12 1	2 1	3 1	22 3	28 1	17 1	13 3	0 1	16 2	7 4	15 1	23 2	18 1	25 1	14 1	27 2	26 6	4 1	10 1
27 2	13 1	7 3	22 5	21 1	9 2	2 3	15 5	11 1	19 1	10 1	4 9	18 1	20 2	0 1	6 1	14 1	24 3	28 1	1 1	5 2	29 3	25 1	8 2	3 3	17 2	16 3	12 1	26 1	23 3
3 2	16 3	22 1	4 1	29 1	19 1	13 1	21 1	8 2	26 1	11 1	24 2	12 2	28 2	2 3	25 2	14 6	0 1	17 1	20 1	5 1	15 2	23 1	10 1	7 3	27 5	1 1	6 3	9 7	18 5
27 2	9 1	12 1	7 1	1 1	22 1	17 3	18 1	2 1	24 1	8 1	29 2	16 1	10 1	11 2	3 1	5 1	14 1	6 1	28 6	20 2	23 3	19 1	21 1	4 1	15 1	0 1	26 5	25 2	13 4
11 3	25 1	18 1	1 1	23 1	3 2	27 4	19 4	9 1	14 1	5 3	24 3	17 2	16 1	12 3	4 2	7 3	29 5	22 1	21 3	10 1	15 3	26 1	20 1	0 3	8 1	2 2	13 2	6 6	28 2
22 3	23 2	14 3	29 4	7 3	9 2	27 5	11 1	8 2	13 1	0 1	25 2	1 4	4 1	16 3	15 1	17 3	21 1	19 1	24 3	6 3	28 1	2 2	26 2	18 1	5 3	10 2	20 1	12 1	3 1
14 1	1 1	20 1	27 1	28 1	26 1	25 3	21 5	4 1	9 1	12 1	19 2	18 2	17 1	23 1	10 2	8 1	15 1	3 1	24 1	7 4	16 1	11 1	29 1	5 1	6 3	13 1	0 5	22 2	2 7
27 2	21 2	18 1	2 3	14 3	12 4	28 1	16 3	13 1	24 3	11 2	19 2	5 1	10 1	7 5	20 1	23 4	17 1	15 1	25 2	29 2	26 1	6 1	4 4	22 2	3 2	8 2	9 4	0 1	1 1
6 1	5 3	1 1	15 3	26 1	14 1	19 1	4 1	2 4	22 1	16 1	9 1	11 1	27 1	12 1	3 1	10 3	21 2	28 2	29 1	17 1	20 2	13 2	23 4	0 3	7 1	8 1	24 1	18 8	25 2
22 5	18 2	23 3	20 3	11 3	24 1	28 2	27 2	1 3	25 2	19 4	21 5	15 1	10 1	29 2	13 1	4 1	14 2	12 2	3 6	6 2	17 1	16 3	2 2	26 2	9 1	5 3	8 1	0 2	7 2
1 1	20 4	29 2	21 1	27 1	26 2	23 1	7 1	24 1	11 1	15 2	3 1	0 4	2 1	8 2	18 1	17 1	10 1	28 1	12 1	5 2	25 2	9 2	13 4	14 2	19 1	4 1	16 3	6 1	22 2
20 1	24 1	5 1	19 1	17 1	8 1	14 3	2 1	18 6	12 1	11 3	28 1	21 1	22 1	13 2	23 2	27 1	6 3	3 3	15 1	10 4	1 2	9 4	7 2	4 1	0 1	29 1	25 1	16 3	26 1
15 3	21 1	14 1	23 1	18 3	9 1	0 1	2 2	8 3	29 2	19 1	1 1	22 1	16 8	12 3	17 1	3 1	26 1	27 2	6 2	28 4	25 1	24 1	7 4	13 2	5 1	4 1	20 4	10 1	11 2
12 1	20 2	15 1	5 1	24 1	17 1	2 3	7 3	1 1	29 1	8 1	14 3	9 1	13 2	23 1	21 2	19 3	3 4	11 2	22 2	28 1	4 2	0 1	10 2	18 3	25 1	27 1	6 1	26 3	16 1
13 2	1 1	17 2	18 1	6 1	28 2	25 1	16 1	14 4	8 3	7 2	22 3	10 1	11 1	27 3	2 2	3 1	26 1	15 1	23 5	5 2	29 1	19 2	0 1	12 1	24 1	21 2	9 4	20 3	4 4
8 2	21 2	17 1	29 4	19 1	1 4	5 1	26 5	23 1	16 2	24 1	6 1	11 1	14 3	25 1	20 9	2 2	18 3	10 9	13 1	4 2	7 2	27 1	3 3	9 1	28 2	22 1	0 1	12 1	15 2
3 4	27 3	21 2	26 2	12 1	15 2	29 1	4 1	23 2	19 1	1 1	16 1	6 3	22 3	24 2	0 2	8 2	14 2	13 2	20 5	18 1	9 3	28 1	2 1	11 1	25 3	10 3	5 3	17 3	7 1
2 1	4 2	11 4	29 3	8 1	16 2	18 3	9 2	19 1	21 1	3 1	6 1	24 1	22 1	27 2	10 2	12 1	13 1	14 2	5 2	1 1	7 5	28 1	25 1	23 3	15 2	26 4	0 1	17 3	20 1
24 2	18 1	20 3	21 2	10 2	25 1	22 1	11 1	9 2	1 2	15 1	6 1	4 2	27 2	2 1	23 3	7 1	17 2	13 2	12 3	3 1	26 1	19 1	8 1	0 1	14 1	5 1	29 1	28 1	16 2
3 4	10 1	21 2	2 2	24 2	1 1	5 2	4 2	9 5	29 1	14 1	20 1	18 1	25 3	0 2	26 1	15 3	11 1	13 1	12 3	27 1	17 1	8 1	16 1	6 3	28 1	22 1	23 1	7 6	19 1
29 11	8 3	5 1	11 1	22 2	14 3	10 1	26 2	13 7	23 1	28 2	19 3	15 2	6 2	18 1	9 1	2 2	16 2	0 2	25 2	21 2	1 2	24 1	4 1	3 1	12 2	20 2	7 4	17 1	27 4
19 1	11 1	4 3	29 2	0 1	27 2	3 4	28 3	17 1	1 1	18 1	9 1	22 3	2 1	10 4	13 3	7 1	24 2	14 1	26 1	21 2	23 1	6 3	25 2	8 3	16 1	5 1	12 5	15 1	20 1
1 1	25 1	15 1	0 3	13 3	16 2	4 1	2 1	21 1	11 3	7 2	5 2	17 2	3 1	12 2	28 3	24 2	14 1	29 1	10 2	27 1	6 4	19 4	23 1	26 1	18 1	22 1	9 1	8 2	20 1
2 3	16 1	13 1	17 5	19 4	28 2	6 3	3 2	12 1	4 2	26 1	21 3	22 1	27 3	0 2	29 6	23 2	10 2	11 1	5 3	20 1	24 1	1 1	8 2	9 2	15 4	7 1	14 1	25 3	18 2
28 4	23 2	24 1	14 2	11 1	20 1	2 2	18 2	22 1	25 2	8 1	29 1	12 1	7 1	6 1	19 2	27 2	1 1	13 1	26 1	15 4	9 1	21 6	4 1	16 1	17 4	5 1	10 1	0 2	3 5
13 4	22 1	28 1	27 1	2 2	17 1	21 3	26 1	12 1	4 2	11 2	9 3	1 3	16 3	7 1	19 2	29 1	8 2	25 1	14 3	0 2	20 1	10 2	15 1	23 2	24 2	6 1	5 5	18 2	3 1
11 5	28 4	16 1	1 1	2 3	20 1	5 1	22 1	12 1	6 1	8 1	0 1	24 1	14 4	3 4	17 3	19 1	21 1	27 4	10 2	18 1	13 9	4 2	15 3	25 1	29 1	23 1	7 1	9 1	26 4
8 1	22 2	9 1	7 1	1 1	0 1	27 5	15 4	5 4	14 2	17 3	13 2	29 1	21 5	11 3	2 4	19 4	4 2	24 2	18 4	16 2	20 7	23 1	26 1	3 2	12 1	6 1	25 1	28 5	10 1
24 1	26 2	3 8	21 2	25 1	11 1	13 1	23 2	19 3	2 1	8 1	14 3	5 4	0 2	18 1	1 2	10 1	7 1	20 1	27 4	9 4	6 1	28 2	15 1	16 6	29 1	12 1	4 1	22 1	17 2
3 1	26 2	22 2	10 1	29 3	17 1	28 1	6 2	9 1	7 1	4 1	14 2	0 1	15 2	1 3	23 4	25 1	2 2	21 1	19 1	20 5	18 1	12 2	27 1	5 1	11 2	16 1	24 7	13 3	8 1
21 1	18 3	2 1	13 1	20 4	14 1	5 2	8 1	7 3	1 1	4 2	23 2	12 1	26 1	24 1	28 1	10 1	22 2	3 4	27 1	15 1	19 3	17 3	6 1	25 1	9 1	0 1	16 2	29 1	11 1
7 2	23 1	19 1	1 2	14 2	12 2	15 1	16 2	20 1	5 3	0 3	18 1	13 6	25 2	21 1	26 1	8 4	2 2	3 1	9 1	6 1	28 1	22 3	27 2	10 1	17 1	11 1	29 4	4 2	24 1
15 1	2 2	4 4	25 2	14 4	10 1	11 3	18 2	22 1	16 8	24 3	1 1	5 1	23 2	28 1	8 1	21 1	19 1	0 1	12 4	29 5	20 3	7 3	27 3	3 1	26 2	13 2	6 1	9 1	17 1
9 3	29 1	19 1	22 1	20 1	17 1	7 1	16 2	18 8	6 2	28 1	21 2	27 1	24 1	15 3	2 1	26 1	12 1	14 1	11 2	10 1	23 3	25 2	8 2	13 2	1 3	0 1	4 1	5 1	3 3
19 2	12 1	11 1	16 2	0 3	26 2	9 2	6 1	23 1	15 1	17 1	21 3	5 4	22 1	4 1	24 2	27 3	18 4	1 1	13 2	29 1	8 1	7 2	10 2	3 1	28 1	14 2	2 2	20 2	25 2
9 1	15 1	26 3	25 1	12 2	0 2	5 1	13 2	6 2	19 5	8 1	28 1	7 2	29 1	20 1	3 2	21 1	18 1	4 1	27 1	11 1	2 1	16 1	10 2	1 4	23 1	22 2	24 2	14 1	17 1
26 2	22 1	13 1	24 2	3 3	18 2	0 3	8 4	15 1	4 2	12 2	7 4	21 1	2 2	10 4	25 3	23 3	6 1	17 3	29 3	19 1	20 1	9 2	28 1	5 3	11 2	14 1	1 1	16 1	27 5
20 7	13 2	25 2	9 3	22 2	18 1	4 4	0 1	2 2	19 3	1 4	24 3	16 1	15 1	8 2	21 1	6 1	12 2	5 2	26 1	27 1	14 6	3 1	10 2	29 1	23 2	7 3	28 4	17 2	11 1
17 4	5 1	13 2	20 4	9 1	4 1	11 1	8 6	0 2	14 1	18 1	29 1	25 1	2 1	19 2	3 2	23 1	27 1	6 5	10 1	26 2	16 2	28 2	24 1	15 3	22 1	12 12	1 1	21 1	7 3
8 3	20 1	21 3	5 1	11 3	6 2	14 1	7 1	22 1	10 6	9 4	16 1	15 1	25 2	17 2	2 3	13 1	23 2	24 3	26 1	4 1	28 1	19 1	1 2	12 1	27 3	0 2	29 5	18 1	3 2
17 3	27 3	0 2	5 3	20 7	28 1	1 1	13 2	6 1	2 3	26 1	4 3	15 1	14 3	24 1	19 4	12 1	11 1	10 7	21 3	18 3	9 4	22 2	25 1	7 1	29 1	16 1	3 2	23 3	8 1
20 1	27 2	3 5	15 1	14 1	18 3	23 3	17 1	25 1	28 1	2 4	21 1	22 1	13 3	16 4	7 4	29 1	1 1	0 1	26 2	8 2	6 2	10 4	19 1	24 2	11 4	4 1	9 1	12 1	5 3
3 2	21 4	1 2	4 1	18 1	28 3	10 3	29 1	8 3	12 1	9 1	0 2	16 1	24 2	19 1	7 1	15 3	6 1	27 3	11 1	20 1	13 1	5 2	14 1	2 13	26 2	25 1	17 2	22 2	23 4
27 1	28 2	26 2	10 4	24 2	15 1	17 1	0 2	14 1	16 4	25 1	6 6	2 4	20 1	1 3	23 1	29 2	9 1	3 3	11 2	12 1	7 2	22 4	21 3	13 1	8 1	19 1	5 1	18 1	4 2
2 2	6 4	11 1	23 1	9 1	16 1	19 3	10 1	4 1	5 2	25 2	29 2	14 5	0 2	24 1	17 1	20 1	27 1	12 2	26 1	21 3	22 1	15 2	3 2	28 3	18 1	8 3	13 2	7 1	1 1
24 3	18 2	8 5	11 1	6 6	17 3	3 2	19 1	4 2	29 2	10 2	28 3	20 3	15 1	22 6	13 1	7 5	0 1	5 3	25 1	16 5	21 1	26 1	12 1	9 3	23 1	2 5	14 1	27 1	1 2
13 2	12 2	22 1	1 1	3 1	15 1	24 1	17 1	2 2	26 2	7 2	21 1	18 2	6 4	4 1	11 1	19 1	29 2	9 2	14 1	0 1	23 1	8 2	16 2	25 1	28 3	27 3	5 3	10 2	20 1
22 1	20 1	6 5	13 2	4 1	15 3	11 1	24 2	2 3	21 1	1 2	10 1	14 1	3 2	12 2	23 3	28 3	9 2	27 1	17 1	0 2	8 2	26 1	19 1	16 1	29 1	5 1	25 2	7 3	18 7
4 2	7 1	25 6	10 1	20 1	26 1	18 1	8 1	12 2	0 1	21 1	15 1	3 1	27 2	19 4	16 1	11 1	1 1	23 3	24 3	13 1	22 1	14 1	2 1	28 1	17 1	29 4	9 2	5 2	6 2
1 2	28 1	21 1	11 2	18 2	8 1	19 2	0 4	16 1	3 2	25 1	7 3	24 1	10 1	23 1	5 1	22 1	2 2	29 1	6 1	15 1	20 1	14 2	27 7	13 2	26 2	4 1	9 1	12 1	17 3
17 1	26 3	21 4	13 1	16 1	6 1	1 1	15 1	14 2	11 1	2 1	12 1	28 2	4 5	29 1	9 1	18 4	25 2	3 1	7 1	22 1	20 2	24 3	19 1	5 1	23 5	8 1	0 1	27 4	10 3
23 4	4 4	24 1	20 2	12 3	9 2	27 2	18 1	5 1	14 1	3 1	0 1	8 1	13 3	21 2	29 1	6 1	22 1	16 1	17 1	28 1	25 1	26 2	7 1	15 1	1 1	19 2	11 1	10 1	2 1
12 1	25 7	17 3	29 2	7 1	22 3	2 1	23 1	10 1	9 3	0 2	26 4	19 3	8 1	3 1	14 5	16 3	21 1	1 1	11 2	24 2	27 1	20 7	4 2	13 1	15 2	5 1	6 1	18 7	28 5
6 1	22 2	21 7	9 3	15 3	26 1	14 2	1 1	12 1	11 1	17 4	27 3	23 1	16 1	0 4	24 1	28 1	25 1	20 2	18 1	8 1	3 1	7 1	10 1	13 2	4 1	2 3	5 4	19 1	29 1
15 1	4 2	26 2	9 3	20 1	17 2	8 1	23 1	12 1	28 1	13 2	7 1	21 1	2 1	11 1	1 2	6 1	14 1	22 1	25 2	24 1	19 1	16 3	29 1	0 2	3 5	5 1	27 2	10 1	18 1
16 1	11 1	27 1	22 3	21 2	6 1	20 1	10 2	25 1	23 4	7 4	24 2	0 1	8 1	3 1	14 2	15 2	18 1	9 1	4 1	17 3	19 1	28 1	1 2	26 2	2 2	12 2	5 1	29 4	13 1
11 2	5 1	27 1	12 3	19 1	6 1	0 1	26 2	8 1	10 3	7 1	9 2	16 2	25 3	18 1	24 2	17 2	14 1	20 1	22 2	23 1	13 2	2 2	28 2	1 3	29 1	4 1	21 1	3 2	15 1
13 2	8 2	11 1	15 1	2 1	1 1	6 2	14 1	27 4	21 2	17 4	24 1	25 3	3 3	22 3	23 1	19 1	18 1	10 1	5 2	9 3	16 5	28 2	0 1	29 1	26 2	20 3	4 1	7 2	12 1
9 1	5 1	16 1	21 1	19 4	18 1	25 2	3 1	6 1	7 1	17 1	1 1	29 3	23 3	24 1	13 1	14 3	27 4	2 1	20 1	26 2	0 1	11 2	22 1	12 2	15 1	4 2	28 1	10 1	8 1
27 1	23 1	0 2	25 1	17 1	11 4	4 2	24 1	7 1	28 3	10 3	8 1	26 4	19 1	22 1	29 1	13 1	12 2	1 1	15 1	6 1	5 4	9 4	3 1	21 1	16 3	18 1	20 2	2 3	14 1
16 2	18 5	5 1	12 1	13 2	8 2	24 1	25 4	29 7	14 1	28 1	4 2	2 4	27 1	22 4	6 1	3 5	15 5	11 1	7 3	26 1	10 2	0 4	1 1	23 2	21 3	9 1	20 2	17 3	19 1
18 2	14 1	28 4	1 5	26 6	3 1	0 1	27 1	8 1	15 1	17 2	29 4	19 1	5 2	10 1	13 1	12 3	16 5	9 4	25 4	20 1	11 1	6 2	4 3	23 2	22 2	21 1	24 1	2 2	7 1
20 1	26 2	10 1	11 2	15 1	3 1	5 1	14 2	7 3	29 2	28 2	0 4	27 2	22 1	23 5	16 2	8 2	6 2	25 1	24 2	9 3	21 1	2 3	4 2	12 2	1 1	17 2	13 2	18 1	19 1
25 1	4 1	11 4	2 1	27 3	13 2	18 6	17 4	6 3	29 2	12 11	19 3	10 1	24 3	3 2	22 2	16 9	21 2	23 2	5 8	26 2	9 2	20 4	1 1	0 1	8 1	7 1	14 1	28 1	15 1
26 3	1 4	5 2	3 3	20 2	17 3	14 5	0 2	19 1	6 4	29 2	11 6	28 2	21 3	10 5	15 1	23 1	9 1	2 3	16 1	12 1	8 2	25 5	24 1	18 2	27 1	4 1	13 4	22 1	7 3
10 2	29 10	6 1	13 3	14 2	4 2	7 4	20 1	25 3	12 1	2 2	11 1	1 1	21 1	5 2	16 1	24 3	27 1	15 1	3 1	28 2	8 2	9 3	22 2	26 1	0 1	19 3	18 1	17 4	23 1
6 5	15 3	21 4	0 1	22 1	26 7	3 1	19 3	25 1	11 1	9 1	4 3	1 1	23 1	13 2	24 1	20 2	14 2	8 1	2 3	27 1	16 2	10 1	5 1	7 2	29 1	12 1	17 1	28 1	18 1
22 3	3 1	16 1	8 1	28 1	23 2	4 1	12 1	0 6	17 1	7 1	2 1	10 3	9 1	19 1	13 3	29 1	27 4	5 1	20 1	21 1	11 2	6 4	15 2	25 2	18 1	26 2	1 1	24 5	14 3
7 1	10 1	26 2	1 1	17 1	27 1	18 1	5 1	8 1	9 3	15 1	20 1	19 1	21 5	12 2	13 2	2 1	4 1	11 4	22 2	25 4	23 2	0 1	29 3	24 1	16 1	14 2	6 1	28 4	3 1
16 2	15 1	5 1	3 3	24 1	12 3	7 2	29 1	13 1	26 4	21 3	23 2	18 1	17 4	20 1	10 1	4 4	28 3	1 2	2 1	8 1	22 1	25 3	0 1	27 1	9 2	14 8	6 1	11 1	19 2
25 1	21 4	26 2	14 3	3 1	16 1	8 1	23 1	0 6	4 2	28 2	24 2	13 4	27 6	10 2	2 1	6 1	22 1	20 1	19 1	7 1	1 1	17 1	18 1	11 1	29 2	15 4	5 6	9 1	12 2
19 2	9 5	0 3	5 1	24 4	28 4	6 1	13 1	3 1	11 1	18 2	23 2	14 1	26 6	27 3	15 4	2 1	25 3	4 1	16 1	10 1	21 1	22 7	1 3	8 3	20 1	12 2	7 2	17 4	29 2
6 7	21 1	24 2	14 1	29 3	26 1	15 1	4 1	18 1	19 1	5 1	20 2	1 3	0 1	12 3	25 1	17 2	7 1	10 3	11 2	9 3	16 1	2 3	8 6	23 5	27 2	28 1	13 2	3 2	22 2
20 1	21 1	27 2	1 4	24 3	26 4	13 1	10 1	4 1	8 3	2 3	14 1	11 1	12 1	22 2	3 3	25 3	29 1	0 4	18 5	16 1	5 3	15 2	17 1	9 2	7 1	23 2	19 3	28 2	6 1
25 3	3 1	15 1	21 1	10 1	0 1	13 8	24 4	9 3	20 1	23 2	26 1	2 1	8 2	29 3	1 1	28 1	6 2	22 2	5 1	11 2	7 6	4 1	16 1	14 2	17 3	27 8	19 1	18 2	12 7
15 2	17 1	7 1	25 3	22 3	27 1	23 1	20 1	5 1	2 2	14 1	8 2	6 3	1 3	19 2	13 1	9 1	21 1	11 2	16 1	3 2	10 2	12 1	28 1	18 3	0 1	29 1	4 1	26 3	24 2
8 1	9 1	24 1	6 4	15 1	23 1	12 2	2 1	0 2	27 1	13 1	29 1	25 2	14 1	1 1	26 5	17 1	5 1	16 2	28 3	22 1	10 1	7 3	21 2	20 1	18 3	3 1	4 1	11 1	19 1
29 2	18 3	0 1	24 1	11 1	23 1	2 2	27 1	20 1	16 1	28 4	19 4	10 2	14 2	4 2	6 1	7 2	17 1	8 2	26 1	1 1	15 1	9 1	13 1	25 1	22 1	3 1	12 1	21 1	5 1
15 1	18 4	8 3	28 1	17 1	21 1	2 7	14 3	3 2	9 1	22 1	25 2	12 1	5 1	6 1	0 1	23 2	4 3	13 1	1 4	11 1	16 3	29 2	27 7	19 2	7 2	26 1	10 1	20 4	24 3
