80	60
37 2	14 2	11 1	3 1	38 2	28 1	23 1	5 2	15 3	41 3	44 2	21 1	48 5	36 1	22 2	12 1	32 2	53 2	10 2	20 3	42 1	26 1	6 4	46 2	47 1	52 4	31 3	39 3	55 1	56 1	54 4	57 5	7 1	45 1	19 1	30 2	40 1	27 1	25 3	18 3	50 3	17 3	16 3	34 1	29 2	49 1	43 2	58 1	9 2	51 2	1 2	4 1	35 1	13 1	8 1	2 1	33 1	0 2	59 1	24 4
31 4	32 2	18 2	58 1	26 2	22 1	42 2	16 1	13 1	43 2	53 1	41 1	21 1	9 1	59 2	19 2	57 1	54 1	27 1	8 1	24 1	10 3	20 2	48 2	46 5	40 1	52 3	11 1	7 1	30 1	25 1	2 1	45 3	38 1	34 1	39 2	5 3	4 1	14 2	49 3	56 1	28 1	33 2	37 1	1 1	15 1	6 6	23 2	29 1	36 4	17 1	44 1	0 3	47 1	50 1	3 3	12 2	55 3	35 1	51 3
43 2	47 1	20 1	9 2	56 1	39 4	37 2	14 2	57 1	18 1	54 2	15 4	10 3	1 2	33 1	22 2	48 1	27 7	6 1	28 1	34 1	51 1	19 1	23 1	45 3	21 5	36 3	40 1	2 6	44 1	53 1	55 4	5 1	30 2	49 4	12 6	32 1	50 2	25 1	42 2	29 3	59 1	8 1	31 1	7 1	41 4	38 1	46 1	0 1	4 2	35 3	17 2	11 2	26 2	16 2	3 2	52 2	58 1	24 1	13 7
5 3	52 2	36 4	9 1	16 2	44 5	31 1	4 2	54 1	28 1	22 1	32 1	17 1	56 2	50 1	27 2	47 1	41 3	42 1	55 1	59 3	23 2	53 1	18 3	26 2	0 1	39 4	14 3	43 1	30 3	37 2	57 1	2 1	35 1	11 1	15 1	51 1	45 1	13 2	48 1	19 1	40 1	7 4	33 2	58 4	21 1	12 1	38 1	25 2	6 1	34 4	29 1	46 5	20 1	10 1	3 3	49 2	1 2	24 1	8 2
56 1	57 1	21 1	24 2	2 1	6 1	50 4	54 2	40 1	20 1	12 4	34 2	4 1	10 5	53 3	31 4	49 2	27 1	44 5	5 1	8 1	52 1	17 1	15 5	48 1	33 1	45 1	55 1	39 2	37 2	28 1	38 2	51 2	23 1	41 1	9 1	42 1	1 1	58 2	18 1	11 5	7 1	32 2	35 5	47 1	0 3	3 1	30 2	29 1	59 1	46 2	25 1	14 5	22 1	16 5	43 3	13 1	26 1	19 5	36 2
38 6	37 1	12 3	34 2	4 1	44 1	35 1	52 1	24 5	29 1	13 3	59 1	43 2	58 2	5 1	48 1	41 2	40 1	20 1	51 2	21 1	23 1	45 6	6 1	47 2	15 1	49 2	19 1	57 2	31 1	10 2	39 1	3 3	1 1	32 1	17 1	25 3	30 2	28 2	22 1	7 2	53 3	26 1	8 1	0 3	9 1	56 2	46 4	36 2	55 1	16 2	33 2	27 2	18 6	42 1	50 1	14 1	2 1	54 1	11 2
0 4	47 1	26 1	1 1	51 3	52 1	21 2	33 2	36 2	32 4	49 1	11 2	39 1	27 2	59 2	20 1	5 1	28 4	16 1	56 2	24 1	13 2	45 3	34 1	29 4	12 2	25 1	53 3	7 1	31 1	19 1	42 1	4 4	30 6	54 1	37 1	40 1	50 1	10 1	17 1	15 2	41 2	55 1	3 3	2 2	14 1	44 2	58 1	22 1	38 2	43 1	9 3	48 1	57 5	23 1	35 2	6 1	46 1	18 2	8 1
49 2	37 1	30 12	59 7	24 2	25 1	4 4	45 2	19 5	57 2	32 4	27 2	41 1	54 1	6 1	36 1	16 1	20 1	15 1	8 1	26 5	56 1	42 1	38 1	28 1	12 2	13 2	23 1	43 1	22 1	55 1	10 3	50 1	33 1	3 2	31 5	48 1	58 1	17 1	51 1	2 1	47 1	14 2	52 1	11 1	5 2	35 1	40 5	46 1	18 2	34 1	0 2	9 1	44 2	7 1	53 1	21 1	1 1	39 2	29 1
8 1	57 1	54 1	50 5	4 2	46 1	33 1	35 3	42 1	18 2	5 1	39 1	19 1	38 1	9 1	55 3	24 2	29 1	59 2	21 2	32 2	27 1	31 2	53 3	23 2	1 2	2 5	11 7	3 1	7 1	6 4	45 1	44 1	10 1	12 1	22 10	20 8	26 2	49 3	0 2	34 7	16 3	14 1	56 1	13 1	15 1	52 1	41 1	30 1	17 1	51 1	40 2	37 2	25 2	47 1	36 1	58 1	28 3	48 2	43 1
21 1	11 4	37 2	12 2	17 3	28 6	7 1	47 3	52 3	49 3	36 1	25 3	16 1	4 1	38 1	22 1	43 1	6 2	26 4	20 1	9 3	50 1	42 3	58 3	55 2	53 1	23 3	54 1	13 3	35 1	33 1	34 1	39 3	51 2	45 1	14 3	24 1	18 4	2 1	1 2	30 3	57 6	40 4	32 4	27 3	41 1	56 2	29 1	48 1	5 1	0 2	31 2	8 1	10 1	59 2	15 2	44 2	3 3	46 2	19 1
7 1	16 1	10 3	17 1	55 2	22 2	1 1	47 6	26 1	5 3	57 2	9 1	18 1	56 1	51 1	6 3	3 3	52 3	20 2	54 6	29 2	28 3	42 2	11 1	59 1	4 1	39 1	44 1	2 1	33 1	30 2	35 3	21 1	23 1	49 1	8 1	58 1	48 2	31 1	50 6	46 2	53 4	37 2	38 1	19 1	41 2	13 1	45 2	40 1	25 3	15 1	36 4	34 6	0 1	14 1	12 2	32 4	43 1	24 1	27 2
16 3	6 1	5 4	1 2	17 1	20 1	4 1	58 2	35 2	43 1	18 1	13 1	42 1	24 2	26 5	56 1	52 2	22 1	48 1	54 1	0 1	27 1	29 1	15 1	30 2	55 1	53 4	34 1	19 2	25 3	45 1	12 2	11 2	3 1	7 1	51 1	2 1	14 1	37 1	31 1	41 1	9 4	23 7	40 2	32 5	8 1	57 2	44 1	46 1	38 1	21 1	39 1	10 2	36 1	47 2	28 1	59 1	50 1	33 5	49 3
48 1	58 1	51 1	42 2	30 1	41 2	59 1	45 1	1 2	28 5	15 1	2 1	19 4	52 1	35 2	46 1	31 1	3 2	27 3	38 1	57 2	5 1	43 2	9 1	16 1	49 1	13 1	37 2	0 3	47 2	55 1	40 2	12 1	22 3	11 7	21 1	32 1	26 1	17 1	50 1	36 1	54 1	14 1	56 1	7 3	29 2	33 2	39 2	44 1	4 1	10 5	23 1	18 2	53 2	24 3	20 3	6 1	25 3	8 4	34 2
9 1	54 2	12 3	4 2	2 1	22 2	26 1	47 1	24 1	1 1	58 1	42 1	49 2	14 2	6 1	34 4	33 6	7 2	0 1	38 1	11 3	10 3	18 1	52 2	37 3	57 3	55 4	36 2	17 2	31 2	29 5	8 2	53 2	43 1	20 1	59 2	51 1	56 5	46 1	35 1	15 1	23 3	13 1	3 4	5 3	48 1	40 3	16 1	21 4	25 1	28 4	39 2	27 2	32 1	50 4	45 1	41 1	44 2	30 3	19 1
8 1	36 2	11 6	23 1	47 4	15 1	26 3	16 2	51 1	1 1	59 1	25 2	14 1	50 1	33 2	45 1	5 1	39 1	32 4	49 6	34 1	55 2	9 1	31 1	28 1	38 4	20 2	58 3	24 2	12 1	44 8	0 1	57 3	27 2	29 1	41 3	56 1	18 1	46 1	7 2	42 5	30 9	54 2	43 4	37 1	21 3	22 1	6 2	53 1	3 2	13 2	2 2	17 1	19 1	4 6	10 5	35 3	52 12	40 3	48 1
31 1	11 2	4 3	0 1	44 1	47 4	52 2	8 3	13 1	49 1	59 4	35 4	21 2	40 1	56 5	38 4	36 3	14 4	39 1	45 4	51 1	48 5	27 3	18 5	57 1	41 1	54 1	19 1	7 1	9 1	46 2	30 1	15 3	23 1	3 1	20 3	28 3	24 1	6 2	10 4	25 4	58 3	55 2	33 1	34 4	17 1	16 1	5 1	12 1	29 1	32 2	22 1	53 1	42 1	43 1	26 1	50 2	37 3	2 1	1 3
44 2	24 1	34 1	57 1	18 4	42 4	17 3	31 4	5 3	30 1	14 1	16 3	59 1	46 1	33 1	20 1	51 5	8 1	7 3	10 1	38 3	22 2	12 4	37 3	6 2	2 3	56 3	19 2	26 2	13 1	1 1	54 1	0 1	11 1	43 4	9 1	29 8	15 1	35 3	48 2	45 1	50 2	53 2	52 3	25 2	3 4	41 1	55 2	23 2	40 2	28 1	58 2	4 1	39 1	27 1	32 1	49 1	47 3	21 1	36 1
14 1	52 3	40 1	11 1	32 3	19 2	18 1	29 1	1 2	3 4	8 1	9 1	24 1	27 3	51 1	53 6	58 1	17 1	23 3	2 1	41 1	37 3	30 5	57 1	31 2	46 1	38 1	13 2	25 2	39 6	49 1	12 1	10 3	33 1	0 5	34 3	35 4	4 1	59 1	45 2	44 1	55 6	21 3	7 1	22 1	26 1	20 1	54 3	16 2	50 2	47 3	43 6	48 3	56 2	6 5	15 3	5 1	42 7	28 3	36 3
19 1	38 1	59 4	51 2	54 3	20 2	32 1	8 2	5 1	9 1	27 1	15 1	49 1	52 1	34 4	41 2	36 1	12 2	43 1	14 2	42 1	47 2	46 1	40 1	31 2	28 2	10 1	50 1	22 2	11 1	23 2	33 4	45 1	1 1	39 1	29 1	44 1	6 4	56 1	2 3	17 1	58 3	57 1	26 1	35 3	53 1	0 1	7 2	25 4	16 3	55 2	3 3	30 4	37 1	21 1	4 2	13 1	48 1	24 1	18 1
22 1	4 2	18 1	52 2	24 3	40 1	54 5	26 1	28 1	1 4	31 1	27 5	51 3	30 3	17 4	23 1	29 3	0 1	11 3	3 1	36 4	20 2	14 2	8 2	2 1	7 1	49 2	48 2	32 7	6 4	38 1	55 3	33 1	59 3	56 2	46 2	12 1	34 1	16 2	57 1	5 1	50 1	15 5	41 2	42 1	58 1	47 5	35 1	13 3	45 1	21 2	37 2	9 1	10 1	19 1	39 1	25 2	43 3	53 1	44 1
21 2	34 1	10 1	57 3	58 4	36 2	17 2	5 4	27 1	41 1	56 2	28 3	18 1	37 2	45 1	25 1	11 4	59 1	15 1	19 2	39 2	0 3	42 1	40 5	47 5	24 1	7 1	32 1	43 1	30 1	35 2	16 1	9 1	22 1	50 1	53 3	46 1	1 1	48 3	3 1	23 1	4 1	38 7	29 3	54 1	2 3	55 1	52 1	12 1	14 3	6 3	26 1	20 1	44 2	31 2	13 3	33 5	51 1	8 1	49 2
44 1	51 1	9 1	37 1	36 3	27 1	47 4	42 3	46 2	56 1	50 2	1 1	43 4	21 2	23 1	48 5	2 1	0 1	24 1	34 1	18 1	22 1	40 1	26 1	11 2	55 2	29 3	32 2	33 2	17 3	57 9	28 1	39 4	30 3	49 1	38 4	7 2	45 2	25 1	19 2	31 1	15 1	13 3	4 2	8 1	58 1	5 2	59 1	54 3	53 1	52 2	20 1	10 4	41 1	12 2	3 1	35 2	16 12	14 1	6 1
48 2	45 1	25 1	57 2	56 1	49 2	58 2	7 1	15 1	6 2	5 1	43 3	14 1	2 1	59 2	23 1	22 1	55 2	1 1	46 1	21 8	26 3	53 1	3 2	52 2	35 4	37 3	51 1	33 1	36 2	12 1	50 3	10 1	20 1	9 1	19 3	31 2	41 1	8 2	16 6	13 1	40 4	11 1	44 3	29 1	18 1	27 3	39 1	4 1	17 2	42 1	32 1	47 3	34 5	28 2	24 1	30 3	54 2	38 5	0 3
33 2	40 1	12 1	51 1	21 1	7 2	28 3	52 5	37 1	58 8	25 11	3 1	27 2	32 1	4 1	26 1	30 4	2 1	5 7	55 2	19 1	45 3	44 1	54 2	38 1	15 1	59 1	42 2	8 2	56 3	17 1	23 3	36 3	34 2	49 2	47 2	6 1	46 1	57 1	13 2	1 1	22 2	50 3	48 2	29 1	11 1	31 2	10 1	20 1	53 4	14 4	16 3	41 1	9 1	43 5	18 1	39 5	35 1	24 1	0 3
43 1	57 1	21 1	6 3	27 1	19 1	56 3	36 4	20 3	38 2	0 1	9 3	1 3	37 1	55 1	34 1	2 1	25 2	35 1	32 2	16 1	40 1	26 1	51 1	29 1	39 2	54 1	14 1	49 3	47 1	12 2	23 2	46 2	15 1	30 1	5 1	13 1	8 4	22 2	3 1	10 1	33 2	44 1	50 1	42 1	11 2	7 1	4 7	48 2	45 3	18 1	53 4	58 5	52 1	17 2	28 3	59 1	31 1	41 5	24 3
30 2	35 1	57 4	58 2	55 1	18 2	33 1	17 2	31 1	25 5	53 4	9 2	20 3	23 2	2 3	51 3	1 1	3 1	22 4	45 3	41 3	36 1	59 2	15 1	19 1	13 2	52 2	4 2	56 4	40 1	54 1	12 1	32 1	24 2	27 6	34 3	21 1	46 1	48 2	10 1	7 2	39 2	14 1	5 2	0 1	37 1	6 2	50 1	47 2	29 1	16 2	38 4	42 1	28 1	8 4	49 2	43 3	44 1	11 2	26 1
31 2	50 12	27 1	9 8	4 1	21 1	37 1	2 2	23 5	54 1	7 1	22 3	30 2	57 1	40 2	48 3	29 1	42 1	32 1	55 4	49 1	59 1	53 1	45 2	11 1	5 1	19 2	34 1	10 3	47 1	39 2	38 3	16 1	35 1	25 1	14 6	43 1	58 5	44 1	51 1	24 3	28 1	33 1	6 2	17 1	36 11	56 1	15 1	3 1	20 1	8 1	26 2	18 1	1 1	41 1	12 2	52 1	13 3	46 3	0 1
46 1	30 2	28 2	56 1	1 1	12 1	7 2	40 1	22 1	6 1	34 4	17 1	5 1	11 1	35 1	44 1	18 4	33 3	19 1	45 1	47 2	0 1	58 3	3 2	31 2	10 1	49 6	21 3	57 1	42 1	9 2	2 2	39 3	52 1	43 3	59 1	25 2	38 1	27 1	16 1	41 2	20 1	50 5	14 2	37 1	8 1	36 3	32 1	51 3	26 2	15 1	29 1	48 1	55 2	23 3	53 4	13 2	24 3	4 2	54 1
7 3	14 3	34 1	37 2	56 1	27 1	48 2	30 1	54 2	35 8	2 4	58 1	24 1	15 3	45 2	22 2	0 3	53 2	25 1	50 1	52 1	18 1	55 5	4 4	20 2	31 1	32 1	29 1	42 2	47 1	33 1	40 1	12 1	28 4	19 5	51 1	26 1	39 5	38 6	5 2	49 4	43 2	41 1	10 3	44 4	17 1	11 1	46 1	36 3	1 1	8 1	13 2	23 1	9 1	6 1	21 5	16 1	57 1	59 2	3 1
32 1	17 2	3 1	58 1	43 1	34 2	2 3	59 1	25 1	4 3	21 1	55 2	52 3	5 1	28 2	36 1	7 3	56 1	37 1	30 1	44 2	57 3	6 3	24 3	38 1	8 1	48 1	51 3	27 1	31 3	45 1	11 1	53 1	40 3	12 2	20 2	26 3	16 2	46 3	14 1	15 1	33 2	35 2	29 2	10 3	49 1	19 5	18 1	9 1	0 4	41 1	47 1	23 3	50 1	54 1	1 3	13 2	39 1	42 1	22 1
21 2	6 1	42 1	19 1	41 1	43 1	27 1	0 4	47 2	26 2	30 1	5 1	37 1	58 1	45 2	25 1	55 1	10 6	16 1	23 1	17 2	46 2	56 9	40 2	20 1	8 2	13 2	54 3	50 1	51 2	33 1	53 1	38 2	59 1	28 1	57 1	48 2	9 2	3 1	44 1	14 9	15 3	7 1	34 1	31 1	29 1	35 1	39 1	18 1	12 1	49 1	2 1	1 4	24 3	32 1	36 1	11 2	4 2	52 1	22 1
40 2	24 2	41 1	18 1	29 1	6 1	56 3	14 3	16 3	0 1	23 1	25 2	49 2	52 3	38 5	20 1	33 1	42 1	43 2	55 3	28 1	2 5	15 3	7 1	48 2	31 1	1 6	10 2	44 1	26 2	11 2	50 1	37 2	51 2	9 6	27 3	8 2	21 1	59 2	46 1	35 2	45 4	58 2	54 3	30 1	57 1	3 1	53 2	36 1	34 2	39 2	13 3	4 2	32 1	12 2	17 1	22 3	47 3	5 2	19 2
53 3	1 1	11 1	56 2	13 2	10 3	5 1	46 4	51 1	40 2	30 2	2 2	4 2	8 15	9 1	29 1	7 1	42 1	27 4	36 2	54 2	15 4	26 1	49 2	57 2	50 1	45 1	48 1	41 1	38 2	16 3	47 2	21 1	14 1	6 1	19 1	3 1	18 2	25 1	0 3	44 2	32 1	20 1	17 4	59 1	23 1	37 1	31 2	43 2	34 6	28 4	33 2	52 1	55 1	22 1	12 1	24 1	39 1	35 3	58 1
35 1	20 5	54 1	38 2	31 1	25 1	49 1	14 2	44 3	6 2	7 1	46 1	50 2	41 2	9 1	30 2	29 3	58 2	56 3	24 2	43 2	47 1	37 4	21 2	15 1	8 3	5 4	4 4	16 2	10 1	34 5	12 1	17 3	53 1	3 1	22 1	11 1	51 1	27 2	45 3	55 1	40 2	19 1	2 1	13 1	36 3	32 1	57 2	42 1	18 1	59 3	1 1	48 1	23 2	26 1	39 2	28 3	0 2	52 1	33 2
42 1	6 1	26 5	32 4	49 2	25 1	36 1	8 2	29 1	40 3	14 1	10 1	23 3	55 1	35 1	50 2	38 3	1 1	34 1	56 1	7 4	58 1	27 1	22 1	57 4	45 2	21 1	5 3	4 1	51 1	33 2	20 2	3 3	44 1	30 3	43 4	28 3	52 1	2 2	54 2	48 4	13 2	41 1	46 1	53 2	12 1	31 1	9 1	19 2	0 4	18 2	47 1	11 1	17 3	59 1	16 2	39 1	24 1	37 1	15 3
24 1	47 2	7 1	30 3	39 2	10 1	13 4	14 1	21 2	26 1	35 1	50 3	58 1	1 1	9 1	6 3	34 1	12 3	18 2	51 1	31 6	53 2	33 3	42 1	8 1	40 2	16 1	4 2	38 1	20 3	17 2	25 4	48 1	3 1	15 1	37 5	43 4	52 5	59 2	49 2	28 2	11 2	22 1	56 1	2 3	55 2	44 1	19 1	45 2	23 1	27 2	57 1	41 2	54 1	5 3	46 2	32 1	0 1	36 1	29 2
0 3	57 2	47 1	55 1	6 1	16 3	37 5	53 3	24 3	29 1	20 1	32 2	59 1	27 2	36 1	21 1	11 2	58 1	48 1	33 1	31 2	28 3	2 1	9 2	15 1	46 7	35 1	51 1	4 1	52 4	26 2	1 1	3 1	54 1	38 2	30 2	23 1	13 1	56 2	12 1	43 3	22 1	45 2	42 1	17 2	49 2	50 1	18 6	10 2	8 1	19 3	39 2	34 2	40 2	14 2	25 2	5 4	41 2	7 1	44 3
31 1	56 3	20 3	26 2	0 1	49 1	19 2	16 1	1 4	2 1	48 2	39 2	40 1	24 7	43 2	50 1	12 5	54 1	4 2	32 4	8 2	57 2	30 2	23 3	25 1	53 1	38 1	58 2	14 5	18 1	46 3	47 1	6 1	34 1	51 3	33 3	29 1	36 1	28 1	15 1	27 1	10 1	11 5	9 2	41 1	13 5	37 1	59 2	44 2	52 1	55 1	45 1	5 3	42 1	22 1	3 1	7 1	35 2	17 4	21 2
31 1	36 6	44 1	53 1	33 1	48 2	51 1	37 1	34 1	20 1	30 2	9 1	7 1	54 2	15 1	57 1	28 1	55 1	45 1	58 3	47 3	10 4	40 1	12 3	22 1	42 1	18 3	3 1	6 2	19 1	21 4	52 1	0 2	8 1	17 1	24 3	13 3	16 1	38 1	50 3	49 1	25 1	5 3	46 2	32 1	43 2	1 1	26 2	23 1	39 1	4 2	29 3	59 5	11 2	2 1	14 1	41 2	27 4	35 4	56 1
21 1	45 3	39 3	25 1	13 2	10 1	22 1	1 3	54 1	19 1	2 4	48 2	0 2	18 2	35 2	7 1	59 5	55 3	8 3	4 1	16 1	58 1	26 4	34 2	47 2	24 2	12 2	53 2	28 2	50 5	52 4	38 2	11 1	49 3	46 1	31 1	33 1	17 1	30 2	42 1	36 1	32 3	51 1	56 1	6 1	3 1	57 1	5 5	43 2	37 1	20 2	44 2	15 2	9 1	14 2	41 1	29 5	23 1	40 3	27 1
26 5	18 1	45 1	48 1	15 1	42 1	0 2	58 3	31 1	30 1	53 2	51 1	32 1	27 1	56 4	16 1	11 1	33 1	38 2	50 1	25 2	4 2	10 2	59 5	40 1	29 2	17 2	9 2	34 1	13 3	54 1	55 1	36 1	49 1	19 1	22 2	21 1	12 1	43 1	41 1	37 1	7 1	6 1	5 1	44 1	47 1	14 1	52 1	23 3	8 1	39 3	2 2	20 1	24 2	57 1	1 5	46 2	28 1	35 2	3 1
5 1	18 1	11 4	37 2	19 1	38 1	52 1	20 1	59 1	54 4	6 4	53 7	34 3	29 1	49 2	50 1	48 1	14 2	27 1	9 3	58 2	1 1	24 1	7 2	26 1	23 4	8 3	39 1	47 2	41 2	30 1	55 1	32 1	36 1	16 2	0 1	21 3	51 2	12 1	45 2	40 4	3 3	43 1	44 1	17 1	46 2	4 5	28 2	13 2	31 1	25 2	35 1	56 1	33 2	15 2	22 1	2 1	42 2	10 2	57 1
12 1	8 1	34 2	5 3	17 1	42 3	4 4	14 1	18 1	28 1	9 3	3 1	20 1	58 1	10 3	45 2	59 1	32 2	51 1	24 2	2 1	54 1	13 1	47 8	40 1	27 2	50 2	33 1	44 1	6 2	37 2	52 2	41 1	16 1	43 1	23 5	29 2	30 3	57 1	48 1	36 7	22 1	49 1	55 4	7 2	26 1	56 3	38 1	53 2	46 1	35 1	0 2	15 8	25 1	11 1	31 3	21 1	19 2	1 2	39 2
50 4	15 1	1 2	58 2	46 2	39 1	51 1	37 2	44 1	3 2	4 8	5 3	7 2	21 1	45 3	32 4	33 2	20 4	27 7	53 2	10 1	14 2	28 1	19 2	56 1	48 5	2 4	17 2	8 3	36 3	11 2	55 4	16 1	47 1	35 2	34 1	41 12	54 1	40 1	22 2	29 1	38 1	18 2	42 3	52 1	25 1	0 1	24 1	30 3	49 1	12 1	23 1	13 1	9 3	57 5	6 1	31 3	26 2	43 2	59 1
45 3	42 1	16 1	47 2	0 1	59 1	27 1	19 1	52 1	25 1	31 1	46 1	14 1	22 1	26 3	29 4	40 2	6 3	50 3	7 1	1 3	49 2	53 1	15 3	43 1	8 4	51 1	36 1	48 1	17 1	23 1	30 1	2 1	18 1	41 1	28 3	3 2	35 1	57 3	10 1	5 8	24 1	39 1	11 1	33 1	13 1	32 2	44 1	56 1	37 2	54 1	58 3	21 2	12 1	4 1	9 1	38 1	55 2	20 1	34 1
13 1	53 1	17 2	12 2	56 2	19 1	24 3	7 1	52 1	48 3	46 1	47 2	28 1	18 5	27 1	40 1	1 1	29 2	23 1	5 1	36 2	55 3	33 3	58 1	54 1	32 1	37 1	39 2	0 2	38 2	35 3	16 1	10 2	30 3	49 1	34 2	59 1	8 2	21 2	50 2	11 3	41 5	20 2	9 2	15 1	25 2	3 2	14 3	42 3	6 1	22 1	51 3	45 3	57 1	2 4	43 2	31 1	44 1	26 1	4 2
46 1	18 2	55 1	19 1	23 3	2 1	37 4	1 1	50 1	28 2	0 2	38 3	56 2	34 3	7 1	51 2	15 3	4 1	36 1	47 2	10 1	27 1	40 1	3 2	17 2	42 3	53 1	41 1	54 5	20 3	33 3	58 2	9 2	43 1	57 2	29 3	30 2	16 4	48 1	5 6	8 7	24 4	39 1	22 3	49 2	35 1	52 4	25 1	32 1	21 1	59 8	26 1	6 2	45 3	13 1	44 3	14 2	11 1	31 1	12 3
34 1	13 1	54 2	41 2	15 2	20 1	51 5	45 1	9 1	40 1	12 2	29 1	56 1	1 1	24 3	7 4	50 4	59 3	17 3	42 1	10 3	57 1	47 1	21 2	58 1	38 1	2 5	46 1	3 1	32 3	4 1	36 1	35 1	55 4	11 2	44 3	19 1	30 4	31 1	43 1	16 1	49 3	33 1	22 2	48 3	53 1	18 1	39 1	26 1	5 1	8 3	37 4	27 4	52 1	6 2	0 1	14 2	23 1	28 3	25 1
30 3	5 1	23 1	47 1	19 3	40 1	49 2	3 3	29 2	10 1	45 1	34 3	15 1	2 1	53 1	31 1	4 6	13 3	35 1	6 1	12 1	51 1	0 2	16 5	32 4	24 1	11 5	17 1	20 2	37 2	42 1	56 3	43 1	22 3	52 6	14 5	27 1	46 1	33 1	38 1	59 1	55 2	21 2	9 1	18 7	57 2	50 5	39 1	58 1	7 2	25 1	48 5	26 3	36 1	28 1	1 3	41 1	54 2	44 1	8 1
55 3	42 1	32 1	8 6	31 1	37 1	23 1	21 1	10 2	57 2	24 4	54 2	39 1	16 1	5 2	6 4	11 3	59 1	29 1	56 1	36 1	50 1	22 6	13 2	46 2	58 1	27 1	4 1	38 2	43 1	30 1	33 4	52 1	2 1	53 3	9 4	45 1	28 2	1 1	51 1	40 2	48 2	18 1	41 2	14 5	35 1	17 1	3 1	26 1	7 2	44 2	19 2	15 1	12 3	20 2	47 1	34 1	25 1	0 5	49 1
26 2	4 1	27 1	44 1	17 1	21 2	3 5	22 9	12 1	11 1	24 1	29 1	48 3	18 2	41 5	5 3	38 2	34 2	53 2	25 1	1 2	56 1	16 3	31 1	39 1	46 2	30 1	32 4	2 1	28 1	19 1	20 2	13 5	52 4	9 2	57 2	42 1	36 1	10 3	0 1	14 2	50 2	8 3	35 1	6 3	58 2	43 1	47 2	54 2	51 2	49 1	37 2	59 2	23 1	15 1	33 1	7 2	45 3	55 2	40 2
9 3	57 2	37 1	19 1	54 6	10 1	42 1	56 1	39 2	41 2	2 2	43 3	15 4	25 1	6 10	3 4	20 2	12 1	16 1	27 2	45 1	47 2	23 2	1 1	29 1	4 1	7 3	26 5	13 1	51 1	28 3	21 1	11 2	33 1	53 1	36 1	24 2	59 1	34 5	0 2	52 1	35 1	22 3	17 1	8 1	55 1	32 2	50 4	31 1	48 1	49 1	40 1	14 2	38 3	5 2	58 2	18 1	30 1	46 1	44 1
51 2	46 1	25 1	15 2	34 3	52 1	2 1	7 2	41 2	6 2	18 2	43 1	30 1	32 1	59 2	11 1	36 2	17 2	49 1	27 2	8 1	5 2	28 1	4 1	20 4	50 1	57 1	10 1	45 1	42 2	9 1	33 1	12 3	23 1	47 1	19 1	35 2	26 1	24 1	21 1	29 1	56 1	1 1	58 1	37 1	0 2	44 3	54 1	39 1	22 2	14 10	48 1	40 1	3 1	31 2	53 1	55 3	16 2	38 1	13 1
33 2	32 2	56 1	58 1	47 2	18 1	49 2	39 3	29 2	22 1	53 2	35 2	14 1	55 2	37 1	51 7	19 3	6 3	11 2	9 3	7 3	42 2	54 1	0 4	59 5	40 1	38 2	27 1	24 2	44 1	25 1	3 1	10 2	15 5	34 5	2 2	17 2	12 1	50 7	36 1	48 3	21 1	8 2	30 2	41 3	45 1	23 1	31 1	16 2	13 3	52 4	20 2	26 1	5 4	1 4	4 3	46 1	43 1	57 1	28 3
39 1	19 2	16 6	30 3	9 1	45 3	17 2	13 1	53 2	51 1	20 1	7 5	24 7	36 1	21 1	48 1	29 2	0 5	31 1	18 2	59 1	56 3	41 3	8 1	43 3	4 1	15 3	25 2	55 2	1 3	33 3	14 1	37 5	26 2	34 1	44 3	32 1	12 3	47 4	5 1	28 1	10 1	38 1	50 1	27 1	22 1	57 1	52 5	49 2	46 1	54 1	11 1	6 2	40 1	42 1	23 1	58 2	35 2	2 5	3 3
12 2	6 2	23 1	35 1	50 2	14 1	2 1	26 1	1 2	19 3	36 1	45 1	11 1	30 2	7 4	55 6	41 2	4 1	10 2	18 3	28 1	46 1	21 3	17 4	37 2	40 1	52 2	49 1	22 1	43 1	29 1	34 1	8 4	3 2	20 3	53 2	16 1	0 1	48 1	51 6	33 2	54 2	56 3	25 6	47 1	58 1	57 1	59 1	5 2	38 1	39 1	24 3	15 4	9 2	27 1	13 3	31 1	44 2	32 1	42 1
58 1	14 4	36 1	28 1	47 1	34 2	29 1	46 1	9 2	3 4	55 2	20 2	48 2	22 1	2 2	23 1	42 1	27 1	51 2	0 2	30 1	59 3	43 3	26 1	44 2	15 2	40 1	12 4	16 2	50 1	57 4	33 1	4 1	49 1	38 3	10 1	25 2	37 5	39 2	52 3	21 4	17 4	7 1	45 2	8 1	5 3	18 3	11 4	35 1	19 4	56 3	13 2	32 1	53 1	54 1	41 2	1 1	31 3	24 2	6 1
36 2	4 2	58 3	51 3	16 2	32 3	40 2	22 1	20 2	57 3	43 5	3 1	11 1	9 1	59 2	41 1	37 1	18 3	12 1	2 1	49 2	42 1	52 2	28 1	0 1	54 4	39 1	29 1	15 1	6 1	24 1	10 3	26 2	35 1	13 1	5 5	53 1	23 1	19 1	56 1	33 1	31 1	25 1	48 1	7 4	44 1	8 1	46 3	50 4	30 5	34 4	1 6	47 6	14 1	38 2	45 5	17 2	55 2	27 2	21 4
24 1	55 1	0 3	17 1	30 1	43 1	57 3	3 4	37 2	2 4	13 1	53 2	8 1	52 7	51 1	6 2	47 1	27 1	36 2	7 3	46 4	16 1	59 3	22 2	49 1	5 2	26 1	23 1	54 2	42 1	12 11	56 2	31 1	19 1	50 1	48 1	35 1	14 2	34 4	33 2	10 2	15 6	4 1	11 2	29 2	40 2	1 3	25 6	9 1	45 1	32 2	38 2	21 1	18 1	39 3	20 1	58 2	28 2	41 1	44 1
34 1	31 1	56 2	42 1	25 1	53 1	22 3	20 1	33 1	5 3	2 3	13 2	26 1	6 1	37 2	51 1	54 1	27 1	8 3	50 1	43 2	15 1	36 1	10 3	4 5	41 3	57 1	35 1	52 3	1 1	38 3	21 3	30 1	11 1	55 1	14 1	59 2	45 1	0 5	18 1	24 1	29 7	17 3	39 4	49 2	40 2	44 1	16 2	28 1	19 1	23 1	3 2	32 1	58 1	7 1	48 1	12 3	46 1	9 5	47 1
37 1	48 1	34 1	6 1	25 1	4 1	20 3	18 1	19 2	13 2	59 1	33 1	54 4	57 5	27 2	23 6	12 1	0 3	3 2	16 1	2 2	17 2	50 2	8 2	5 6	30 2	29 2	55 2	46 2	11 3	38 4	44 1	56 1	36 1	35 2	1 1	39 2	21 5	42 1	7 1	52 1	10 1	58 3	41 1	45 3	53 1	26 2	32 3	24 1	51 5	22 2	9 1	28 1	49 5	15 1	14 3	43 5	40 1	31 1	47 3
56 1	18 1	59 1	57 1	6 1	27 1	36 1	41 4	9 4	0 2	52 1	54 1	25 3	55 1	19 2	3 1	34 1	46 2	8 4	4 4	50 1	24 2	5 3	11 3	38 1	51 2	29 7	16 2	42 4	10 1	2 3	22 2	58 5	28 1	13 1	21 2	12 3	40 1	39 2	1 1	7 2	32 6	23 2	49 2	20 2	14 3	48 7	30 2	45 1	53 1	47 1	33 6	44 1	17 4	37 2	43 1	31 1	15 2	35 1	26 3
14 3	12 2	39 2	30 1	36 2	6 1	49 1	2 2	33 2	20 2	16 2	38 1	23 6	34 1	5 3	53 1	52 1	11 3	54 2	0 2	44 3	29 1	57 2	17 1	28 1	26 1	55 4	1 1	56 1	31 1	8 2	10 1	24 3	22 2	37 1	45 2	32 3	3 1	48 2	27 1	58 1	50 2	7 1	43 1	21 4	35 1	13 1	59 1	51 3	18 3	25 1	42 1	40 1	15 2	47 3	19 1	46 1	9 1	41 2	4 1
35 3	33 5	7 1	19 1	51 3	46 1	41 1	55 1	17 1	13 1	24 4	50 1	34 1	56 7	53 8	57 1	54 2	48 5	40 2	32 5	12 2	52 3	36 1	49 9	23 4	3 2	39 2	6 3	27 1	58 2	25 1	9 5	45 1	43 1	22 1	14 1	16 2	42 3	11 1	21 5	1 1	8 1	44 1	59 1	28 1	18 2	4 1	10 3	15 1	30 2	20 1	47 1	37 2	0 1	26 3	5 2	38 2	29 1	31 1	2 1
36 2	26 1	33 3	45 2	35 4	31 1	34 1	28 3	57 1	41 1	27 2	38 1	39 2	43 1	19 2	29 1	8 1	20 1	53 1	7 1	48 3	42 3	5 3	11 2	37 1	14 1	54 1	10 1	47 1	40 2	0 2	24 3	18 3	1 1	16 1	32 7	25 8	30 3	3 4	2 4	17 1	12 4	59 1	58 2	4 3	15 1	56 1	51 3	21 2	22 4	9 1	52 1	49 3	13 5	23 3	55 4	50 3	6 6	44 3	46 6
38 2	6 2	3 1	24 1	36 2	2 1	20 1	43 2	5 1	58 2	15 1	12 1	54 1	25 1	50 1	22 2	52 1	39 1	10 1	41 1	17 3	47 1	37 1	59 1	33 4	18 1	32 2	56 2	29 3	35 2	44 2	1 1	7 1	13 4	57 1	21 4	8 1	23 2	4 2	45 1	51 2	26 4	48 1	46 3	19 2	42 1	16 3	9 1	27 1	0 1	49 1	28 1	31 2	14 1	53 2	11 1	34 1	55 1	40 1	30 1
51 1	27 1	49 1	38 1	24 1	33 1	42 2	16 6	22 3	4 3	20 1	54 3	7 3	36 1	52 2	40 1	25 1	12 1	29 1	35 1	48 6	47 1	46 1	6 5	37 5	57 2	19 2	32 1	34 2	58 8	2 4	10 1	55 1	41 2	23 1	13 2	26 1	9 2	53 1	30 1	21 3	31 1	59 2	50 2	28 4	0 2	8 2	15 1	5 1	1 5	56 2	39 1	17 3	44 2	3 1	11 4	18 1	45 1	14 1	43 1
4 1	12 1	34 3	30 1	7 6	22 1	58 1	36 1	57 3	48 2	17 1	35 2	29 2	21 2	25 1	46 1	52 6	6 1	49 2	51 2	8 2	9 3	14 1	40 1	2 3	39 4	0 3	47 1	38 1	20 4	33 2	15 3	45 4	42 1	16 2	19 1	31 1	44 2	59 2	56 1	43 1	50 4	27 2	3 2	54 2	18 1	53 1	55 1	10 2	24 3	32 1	13 1	28 2	1 1	37 4	11 2	41 3	26 1	23 2	5 2
7 3	50 2	24 1	38 3	43 2	8 3	9 3	16 1	42 4	54 3	3 4	52 1	2 3	26 3	4 1	25 3	18 1	36 3	47 1	31 2	29 6	11 2	33 2	1 4	22 1	40 2	41 1	10 3	23 1	21 1	39 2	27 1	32 2	30 1	0 1	59 1	6 2	56 1	49 1	57 1	44 1	19 1	12 2	14 1	51 1	46 2	58 1	20 2	37 1	28 2	55 1	15 2	53 1	17 2	34 1	13 2	48 2	35 2	5 2	45 2
52 1	46 3	17 4	18 1	13 2	59 3	28 1	51 1	37 1	48 3	10 1	24 3	5 3	11 1	34 1	16 1	45 1	7 1	27 3	58 1	41 2	55 2	56 1	57 2	38 1	39 2	8 1	6 5	12 2	23 5	50 1	1 1	36 1	43 1	49 1	15 1	33 3	0 3	42 5	21 1	25 2	40 2	20 1	35 1	31 2	3 1	32 1	22 2	54 1	44 1	26 2	53 1	14 4	29 3	19 1	9 4	30 6	4 5	2 1	47 1
52 4	14 1	18 3	49 1	10 2	56 1	0 4	59 5	4 2	2 1	8 1	30 3	1 1	6 1	23 6	55 4	39 1	36 2	51 1	41 1	16 1	31 2	38 1	34 1	28 3	46 2	17 2	48 2	35 5	47 4	25 3	58 1	12 1	44 5	22 2	21 2	19 4	15 2	45 2	9 1	53 2	27 1	7 1	11 2	33 1	40 1	3 2	54 1	57 1	29 1	42 1	37 2	50 2	5 3	13 2	43 1	24 1	32 5	20 1	26 2
27 1	20 2	57 1	5 2	0 1	24 1	28 1	14 2	30 1	46 3	59 2	41 4	32 1	4 1	51 8	2 2	7 3	53 1	38 2	22 2	49 1	16 1	52 2	18 1	31 4	19 1	33 4	36 1	40 2	50 2	15 2	55 4	10 1	3 6	42 1	45 1	13 1	48 1	11 1	25 1	44 2	12 3	1 1	21 3	54 1	17 1	9 4	34 5	39 2	58 1	8 1	35 1	56 2	47 1	43 2	6 1	37 3	26 1	23 1	29 1
32 2	37 1	0 1	11 2	56 1	31 3	43 1	40 7	15 1	47 2	57 1	51 1	49 1	5 2	19 2	22 2	17 1	25 1	35 1	58 1	21 2	28 1	44 1	54 1	26 2	48 1	3 3	33 1	36 1	24 1	39 3	20 1	1 3	30 1	55 2	34 2	13 4	2 1	10 2	4 1	59 4	16 6	23 1	41 3	53 2	9 1	27 1	29 1	52 1	45 3	7 1	38 1	50 1	6 1	18 1	42 1	12 8	46 1	14 1	8 10
26 1	44 1	30 1	37 4	45 3	49 1	59 4	50 2	43 2	4 1	40 3	10 1	24 1	55 1	39 2	2 1	32 1	6 3	14 1	38 1	57 1	28 2	52 4	7 1	1 1	47 1	12 2	58 1	17 1	22 4	51 2	34 2	54 2	36 3	3 2	19 4	5 4	27 1	13 1	16 3	21 2	20 1	23 1	25 3	42 5	41 1	53 1	46 2	35 1	0 2	8 3	33 2	9 3	48 2	29 3	15 1	31 5	56 5	18 2	11 5
52 2	21 1	33 2	5 1	0 1	42 3	18 1	43 1	30 1	25 2	2 1	12 1	50 2	29 1	32 1	34 1	9 1	10 1	23 1	54 1	13 2	41 1	8 1	46 4	44 3	24 1	31 1	37 2	59 4	26 8	3 3	56 2	57 1	7 3	20 3	48 3	28 1	16 1	51 1	45 2	27 1	19 4	47 2	6 3	38 1	15 3	4 1	36 1	11 2	39 6	1 3	35 2	17 2	22 7	14 1	40 1	49 1	53 5	58 1	55 2
24 1	5 1	33 2	47 1	22 1	43 1	8 2	12 1	40 1	7 1	31 4	50 3	49 1	38 1	32 1	19 3	13 2	57 6	26 2	58 3	1 1	25 2	10 1	54 1	15 2	28 2	46 1	36 1	53 2	27 1	21 1	9 3	11 2	52 1	34 1	20 3	17 3	51 1	59 1	4 1	29 2	45 2	41 1	2 1	42 4	14 2	55 2	23 1	56 1	18 1	16 4	39 2	37 9	0 1	30 2	3 6	6 1	35 1	44 3	48 2
25 8	16 1	59 6	38 1	40 2	37 1	4 2	54 3	6 3	49 2	13 1	22 2	17 2	11 4	35 3	45 2	30 1	42 1	36 1	52 4	20 1	14 3	39 1	10 1	19 8	43 4	34 3	15 5	50 1	5 1	51 1	9 1	33 1	26 1	27 2	57 1	44 3	28 2	48 1	53 1	8 1	0 1	7 2	29 1	32 1	31 1	2 2	24 6	21 8	55 2	58 2	47 3	1 2	56 1	46 2	18 2	23 3	3 1	41 4	12 2
30 2	46 1	58 1	59 3	22 1	21 4	18 3	14 3	23 1	16 2	8 1	33 1	2 1	48 2	4 1	12 3	11 1	42 2	50 3	39 1	15 2	27 6	1 6	36 4	45 5	49 1	38 1	3 1	40 1	44 4	53 2	43 2	17 2	47 1	0 1	34 1	41 1	52 3	10 3	57 1	51 1	37 2	6 1	26 1	29 1	9 3	31 1	7 2	13 4	28 1	5 3	25 2	20 2	24 1	35 4	55 1	56 1	19 2	32 3	54 1
54 2	23 1	13 1	30 3	31 2	28 2	16 2	0 4	8 1	48 1	33 1	44 3	47 4	58 1	52 1	34 1	17 3	37 1	24 3	6 1	3 1	49 1	32 1	43 2	14 1	9 3	57 5	55 1	29 6	56 1	53 5	12 4	38 1	22 1	1 11	45 1	7 1	19 1	20 1	2 2	25 3	50 1	41 1	4 2	36 1	5 2	26 1	27 1	51 2	35 1	59 3	39 1	40 1	11 1	15 1	46 1	10 1	21 4	18 1	42 1
33 1	59 2	15 4	36 4	50 3	29 1	38 2	49 1	32 1	4 1	55 1	6 7	11 3	44 1	53 2	43 1	19 2	2 2	1 6	17 1	31 1	14 3	40 1	42 1	56 2	13 2	20 2	3 2	0 2	41 1	18 4	34 1	24 6	45 1	35 3	23 1	39 3	12 3	58 2	16 1	30 3	46 2	8 2	47 7	5 3	7 2	52 1	28 1	22 1	10 1	54 3	9 2	37 1	27 2	25 2	51 1	57 3	26 2	48 1	21 4
