90	40
1 2	31 2	28 7	33 1	3 1	8 4	30 1	26 2	36 2	25 1	34 2	16 5	32 2	9 2	37 3	4 1	6 1	35 1	27 1	38 3	21 2	11 2	39 2	24 2	22 2	20 4	12 4	29 1	14 1	13 5	23 1	2 2	19 1	18 2	15 3	10 1	0 6	17 1	5 4	7 4
23 1	25 2	34 1	12 1	8 2	39 2	6 8	17 3	35 1	30 4	20 3	2 1	21 3	24 1	7 1	14 1	26 1	22 4	19 1	10 1	9 1	29 1	11 1	18 7	38 1	0 1	15 1	16 3	1 1	28 1	27 3	5 1	32 1	4 1	37 1	36 3	13 3	33 1	3 3	31 1
29 4	19 1	30 1	22 1	10 1	9 2	8 1	4 3	28 2	24 1	16 1	35 1	25 1	17 3	12 1	31 1	7 1	32 1	13 3	39 1	26 2	20 1	5 1	2 1	6 4	37 1	23 2	33 1	0 2	1 1	38 3	36 2	15 3	27 2	34 1	14 2	3 1	18 3	11 2	21 1
31 2	4 1	2 1	27 1	24 3	38 2	1 1	6 4	5 3	37 1	11 1	3 3	18 1	0 2	21 1	30 1	23 3	12 1	22 5	10 5	29 1	15 1	26 1	14 1	20 2	33 1	32 1	17 1	19 2	8 1	36 1	39 2	35 3	7 3	9 1	25 1	16 2	34 1	13 1	28 1
15 3	22 1	2 4	7 2	21 1	10 1	12 2	24 1	35 1	30 2	38 2	28 4	33 2	27 2	13 1	16 1	32 1	9 2	11 1	6 2	36 1	39 8	8 4	23 1	26 2	19 2	29 3	20 3	17 2	14 2	18 2	0 4	5 1	31 1	34 8	37 1	3 1	4 4	1 1	25 5
18 1	1 1	16 1	21 1	23 4	29 1	14 1	24 2	35 1	5 2	15 2	10 3	19 1	11 2	6 2	2 1	26 1	8 3	22 1	13 1	25 2	34 1	39 2	0 3	7 1	38 1	9 1	28 1	37 2	31 2	20 4	36 5	4 1	32 1	12 1	33 1	3 3	30 1	17 1	27 2
10 2	9 2	7 2	16 4	18 1	30 1	17 1	39 1	24 1	21 1	26 1	37 1	2 1	29 3	25 3	31 2	38 1	32 2	12 3	20 2	28 1	14 4	8 3	3 2	36 1	23 3	6 4	33 2	5 1	19 2	15 1	1 1	22 1	0 1	13 2	4 1	11 2	35 2	34 1	27 1
18 1	22 1	32 1	34 1	14 1	29 1	11 1	16 1	4 1	12 1	31 2	37 1	9 2	35 1	36 3	27 3	8 4	39 2	38 1	1 2	2 1	28 2	33 1	15 1	30 5	23 1	17 1	3 2	5 3	25 1	7 1	19 2	6 1	26 1	13 1	24 3	21 1	20 1	10 2	0 1
17 1	3 1	33 1	9 1	13 3	4 2	6 5	35 4	7 2	23 2	11 1	36 7	14 1	20 1	1 3	37 3	38 1	27 3	28 4	16 4	26 1	31 1	10 2	18 2	39 2	5 2	12 1	29 4	22 1	0 2	21 2	24 1	30 1	2 4	8 1	25 3	32 1	15 1	34 2	19 1
39 1	9 5	20 1	2 5	3 3	30 1	14 1	15 1	27 1	10 1	16 1	17 1	18 2	31 2	5 2	29 2	28 1	36 3	24 2	23 4	8 2	4 1	35 3	26 1	19 1	1 3	38 4	7 2	25 1	22 1	37 4	0 1	12 3	11 1	6 1	33 1	32 2	13 1	21 3	34 1
21 2	0 2	34 2	7 3	22 1	26 1	13 2	15 1	3 3	1 4	38 1	32 2	11 1	35 2	19 1	16 3	25 5	2 2	39 9	29 1	17 2	10 3	20 6	37 1	31 2	27 3	24 1	12 7	14 3	9 1	33 1	8 2	5 5	36 2	30 5	28 1	6 1	18 1	4 2	23 2
2 1	37 1	28 2	5 1	19 3	3 1	15 1	38 1	16 3	33 1	24 1	23 4	6 1	22 1	18 4	34 1	31 1	7 1	11 2	29 1	39 2	9 1	36 2	27 1	17 2	0 1	20 1	1 3	26 2	10 4	12 1	25 1	4 3	30 1	35 4	13 1	32 2	21 2	8 1	14 1
18 1	26 1	13 1	36 2	7 1	14 1	2 1	6 1	9 2	20 2	31 1	3 2	1 1	10 2	22 1	11 2	38 1	16 1	21 1	39 1	32 2	0 1	25 2	15 2	30 1	12 1	8 1	35 1	27 1	24 1	34 1	17 2	28 2	23 1	37 1	5 1	19 3	4 2	33 2	29 2
29 1	12 1	35 1	0 3	18 1	14 1	31 1	21 2	3 1	34 1	28 1	37 2	32 1	39 3	5 1	15 1	30 3	20 1	16 1	8 2	19 2	33 4	1 2	2 2	38 1	4 1	17 1	23 1	6 2	9 1	22 1	24 3	27 1	13 2	26 1	36 1	25 1	7 1	10 1	11 1
30 4	18 1	19 5	25 6	37 5	22 2	15 2	5 2	20 1	11 1	6 2	3 1	34 7	28 2	13 1	21 1	38 4	10 6	4 1	31 1	26 2	35 1	32 2	24 1	0 1	33 2	12 3	39 5	29 3	23 4	27 3	7 2	2 1	8 2	14 2	1 2	16 1	9 7	36 1	17 1
25 1	24 3	30 1	18 1	5 1	22 2	2 1	35 1	15 2	12 1	26 3	27 2	0 2	1 1	17 1	31 2	38 3	39 1	32 1	3 5	11 3	21 1	23 1	20 2	29 2	36 2	19 1	9 3	33 1	8 2	14 9	13 3	4 1	28 1	10 2	34 1	16 1	7 2	37 4	6 1
3 3	17 3	18 4	31 1	2 4	6 2	13 1	33 3	11 3	35 2	10 1	29 3	0 2	23 2	26 1	14 1	4 2	28 1	30 2	36 1	5 1	9 1	8 1	20 2	22 3	24 1	12 1	16 3	1 1	21 1	7 1	27 1	39 2	32 1	37 1	34 5	15 1	19 1	38 2	25 3
12 2	3 5	31 1	10 1	34 1	22 5	4 2	27 3	5 2	16 1	32 4	8 3	39 2	23 3	13 1	1 1	14 3	18 1	9 1	6 1	15 1	35 1	20 1	29 2	36 2	28 1	19 2	25 1	24 2	17 5	21 1	26 1	7 1	37 1	30 1	2 3	11 1	38 2	0 1	33 4
31 1	7 5	26 2	13 1	18 2	29 2	36 1	2 1	37 2	12 3	34 1	30 3	0 1	9 2	21 3	33 1	22 2	39 3	20 1	38 3	14 1	10 1	5 3	19 2	32 1	28 1	16 1	15 4	27 2	8 1	4 2	6 2	11 1	17 3	1 1	23 3	24 1	35 1	3 1	25 5
20 1	16 1	27 1	9 4	37 6	34 2	2 2	10 1	6 3	35 2	21 1	17 1	1 1	11 1	25 5	39 1	13 1	5 1	18 3	12 2	36 2	29 1	38 2	32 1	8 1	14 3	15 2	24 3	19 1	33 1	26 3	0 3	28 3	23 1	31 2	7 1	4 1	30 1	3 3	22 2
38 2	8 1	0 3	1 2	28 2	2 1	5 1	23 3	10 2	22 2	36 2	35 2	25 3	16 1	21 1	34 1	17 3	27 2	31 3	24 1	7 3	14 2	32 1	26 1	18 1	33 2	6 1	11 1	15 1	13 1	30 2	19 3	20 1	9 7	12 2	39 1	3 1	4 1	37 1	29 8
31 1	0 1	9 1	21 2	17 8	16 2	22 1	12 1	20 1	27 6	35 1	37 5	11 1	7 2	2 2	28 1	36 1	29 1	15 1	33 2	6 1	23 1	18 1	10 3	3 2	8 3	13 1	5 1	24 1	4 1	1 4	38 2	32 1	26 1	39 2	25 7	14 2	19 8	34 1	30 2
39 1	12 2	2 1	28 6	1 3	25 1	34 3	16 1	7 1	3 1	6 1	24 1	14 3	17 1	35 1	38 1	5 5	33 1	30 1	21 1	15 2	23 1	27 1	26 1	10 1	19 1	20 3	37 3	31 1	29 2	36 8	22 2	4 1	8 1	32 1	9 1	0 3	11 3	18 2	13 1
31 3	8 2	9 3	30 2	39 1	7 1	29 1	6 1	23 1	20 3	22 1	5 4	1 1	12 4	11 2	25 2	34 1	24 1	2 3	35 1	10 1	37 1	26 2	21 3	32 2	4 5	38 3	0 1	33 1	13 1	16 6	19 2	17 1	18 1	15 1	3 3	27 2	28 1	14 1	36 1
29 1	4 1	31 1	17 1	33 1	27 2	9 1	0 4	11 3	15 1	7 2	32 1	1 4	30 9	5 2	2 5	28 5	12 1	22 4	13 1	36 4	18 1	38 1	39 2	25 1	10 1	16 3	37 1	35 3	23 1	6 1	14 2	24 1	26 2	34 1	19 2	3 2	8 1	20 2	21 2
32 1	10 1	15 2	31 4	23 3	13 1	0 3	18 2	21 1	3 2	12 2	33 1	22 1	4 2	11 1	34 3	35 3	30 2	39 1	17 3	1 2	26 3	27 4	7 1	37 2	6 2	20 1	14 1	19 3	38 2	29 3	24 1	25 2	36 2	2 2	9 1	28 4	8 4	16 2	5 2
6 1	21 1	27 1	19 1	18 1	7 7	8 2	13 2	39 4	34 1	3 1	33 1	22 1	1 1	28 1	32 1	25 7	14 1	16 3	17 1	4 2	12 1	15 3	2 6	38 4	20 1	29 4	31 1	36 3	23 2	0 1	24 3	9 3	10 1	35 3	11 1	5 2	30 2	37 1	26 2
10 2	0 3	39 3	18 2	26 1	31 1	5 1	19 4	1 1	22 1	12 1	9 2	24 1	4 1	15 4	38 5	34 1	2 2	3 2	20 4	35 2	30 1	7 2	37 1	6 6	29 3	21 1	17 2	25 2	27 1	28 3	16 3	23 1	32 2	14 2	11 1	33 1	8 1	36 1	13 1
30 1	12 3	18 1	31 6	23 2	20 1	17 1	21 3	19 3	7 1	1 1	3 4	38 1	6 1	14 1	24 1	27 1	37 1	0 5	9 1	11 3	26 2	35 1	15 1	10 1	13 2	28 1	5 5	16 3	32 3	29 2	2 1	36 1	22 1	25 1	33 1	8 1	39 2	34 1	4 3
25 1	17 1	6 1	23 3	10 1	21 1	34 1	28 3	31 2	13 1	7 1	30 1	38 1	35 2	14 3	5 2	1 1	16 1	24 1	8 2	29 1	9 4	0 2	4 2	18 2	32 1	2 2	12 1	26 4	3 4	19 2	27 2	33 2	37 1	22 3	11 3	15 2	20 1	39 1	36 1
31 2	36 2	39 2	0 1	1 2	4 5	16 1	20 1	29 1	21 2	15 2	11 2	25 1	6 1	9 3	32 1	14 2	26 2	7 1	5 2	33 1	34 3	28 3	35 2	3 2	23 1	13 1	30 3	19 1	18 2	12 1	22 1	38 2	24 2	27 1	8 3	17 2	2 1	10 5	37 2
12 1	17 3	27 3	29 3	23 1	15 1	32 1	2 2	1 2	34 1	14 3	25 3	8 2	10 3	19 2	9 1	6 1	18 1	33 3	21 2	28 1	31 3	30 1	26 1	35 1	36 4	22 1	3 1	5 1	16 1	24 3	11 2	4 4	38 2	39 2	0 3	20 1	7 2	37 2	13 1
17 3	35 1	12 1	18 1	3 2	4 1	22 3	27 3	0 2	39 4	5 3	32 1	20 2	15 2	6 1	1 2	8 1	36 2	16 1	10 1	38 7	9 1	19 1	28 2	11 1	37 1	21 2	13 1	14 3	24 3	23 3	31 1	29 1	33 2	30 1	34 1	7 1	25 10	2 1	26 4
31 1	10 1	37 3	20 1	25 3	17 5	2 1	22 6	6 1	39 1	26 4	18 3	36 1	23 1	34 3	21 2	28 1	9 3	5 3	29 1	1 1	13 3	35 2	4 2	24 1	12 2	0 2	30 1	3 4	33 1	11 1	14 2	27 1	38 2	8 2	16 3	19 1	7 1	15 4	32 1
4 1	6 2	24 3	12 3	14 1	9 1	11 1	8 1	10 1	31 1	3 2	38 1	25 1	30 1	26 1	7 3	32 1	18 2	5 3	16 1	34 1	33 2	35 2	36 1	20 1	2 5	39 1	27 1	22 1	19 1	37 5	13 1	21 1	29 8	28 2	15 3	0 1	23 3	1 3	17 2
10 1	38 2	16 1	11 2	17 1	34 3	8 2	23 1	25 2	6 1	36 1	4 1	27 1	0 2	29 3	22 1	20 2	19 2	31 3	14 2	30 1	12 3	28 2	5 1	15 1	33 1	7 4	18 1	13 2	24 2	2 1	21 1	26 1	35 6	9 6	39 1	1 3	3 1	37 1	32 1
4 1	6 2	1 1	30 1	27 1	34 2	25 2	20 1	12 1	14 2	3 2	37 3	36 1	18 2	38 1	24 1	19 1	31 4	21 1	22 1	26 2	13 2	7 1	33 1	15 1	17 3	32 1	29 1	0 1	39 1	5 2	28 1	16 1	9 2	8 3	2 1	23 2	35 1	11 1	10 4
13 3	14 1	19 1	12 4	11 1	6 1	5 4	4 1	16 1	25 1	8 1	28 1	23 1	7 3	0 1	3 2	35 2	36 2	33 2	37 3	38 1	34 1	39 5	22 1	30 1	1 1	15 1	18 1	27 1	20 1	24 1	31 3	32 1	17 1	9 2	2 2	10 2	26 2	29 2	21 1
7 2	36 2	37 1	32 2	14 1	30 3	8 1	13 1	23 2	3 4	2 1	31 1	12 2	18 1	34 3	10 3	29 2	15 1	6 3	5 1	28 1	27 1	0 2	20 1	24 3	1 2	19 2	33 1	39 1	38 3	35 1	17 1	26 3	22 1	16 1	11 2	21 2	4 2	9 1	25 2
31 1	19 1	28 2	20 1	4 1	13 1	12 4	2 1	36 1	37 3	14 1	38 2	0 1	8 6	15 2	22 2	1 1	5 1	16 3	7 2	27 3	23 2	33 9	34 1	24 6	30 1	25 1	26 1	21 1	35 3	39 4	29 1	32 1	9 1	6 1	3 3	18 2	17 1	11 1	10 1
38 1	25 2	8 1	6 1	28 2	27 1	39 2	13 2	11 1	31 2	36 5	30 3	33 1	0 3	37 1	34 1	24 1	19 1	9 4	3 2	12 3	16 2	22 1	14 1	18 1	1 2	4 1	21 2	5 1	29 1	20 3	26 2	23 2	2 4	32 2	35 2	15 4	7 2	17 1	10 1
25 1	0 1	36 2	19 1	21 3	24 1	20 1	15 2	29 3	6 3	8 1	10 1	13 2	22 2	30 1	32 1	2 4	27 4	23 1	18 1	16 2	1 1	12 4	37 3	34 1	17 2	14 1	35 1	5 4	3 2	9 1	28 1	26 2	31 3	11 1	4 2	38 1	39 1	7 1	33 1
21 2	2 3	30 1	14 3	35 1	27 2	26 3	36 1	33 5	1 1	4 1	5 1	24 1	37 1	6 1	13 1	8 1	9 6	25 1	22 1	0 3	38 3	19 3	3 2	11 1	28 1	29 3	17 4	39 2	20 1	15 1	18 2	12 2	32 1	10 1	31 1	16 1	23 1	7 2	34 5
2 1	15 1	39 6	7 1	16 2	32 1	31 1	13 4	1 2	28 1	6 1	23 1	35 2	29 3	37 2	38 3	22 1	34 1	10 1	26 1	14 1	20 1	4 2	25 1	19 2	17 1	30 4	8 1	36 2	5 1	11 1	21 2	12 1	24 1	0 4	9 4	33 1	3 2	18 1	27 1
24 2	0 1	27 1	32 2	4 2	11 1	28 2	36 2	9 1	15 1	22 2	30 2	8 3	18 1	20 3	3 3	38 9	29 3	2 4	19 2	26 1	10 2	34 3	31 2	35 5	25 1	39 1	23 1	7 1	14 1	1 2	21 5	17 1	6 4	13 3	12 4	5 2	33 1	16 1	37 5
8 1	34 1	16 4	31 1	29 1	7 1	17 2	30 1	4 1	24 4	33 1	32 1	23 2	19 4	36 1	0 1	25 1	6 1	27 1	35 1	5 2	21 1	15 1	13 2	22 1	18 2	10 1	1 2	28 1	38 1	9 1	14 4	20 1	26 3	39 2	11 4	12 2	3 1	2 1	37 2
32 1	23 1	4 2	34 1	28 1	3 2	29 1	27 3	6 1	25 3	19 1	10 2	0 2	24 1	39 1	37 4	1 3	18 1	2 4	15 1	22 1	30 1	12 5	11 1	33 1	31 1	26 1	9 1	7 1	21 1	5 2	35 1	17 1	16 1	20 2	14 1	13 3	38 1	8 2	36 1
26 1	14 1	30 1	34 1	10 1	39 2	9 2	21 2	35 1	12 2	2 1	8 1	20 3	3 1	6 1	4 2	15 2	33 2	22 1	37 2	5 2	13 1	25 7	36 1	18 2	7 1	17 3	29 2	11 1	16 1	28 3	32 1	23 4	24 1	31 3	27 5	0 1	1 1	38 3	19 2
29 4	25 2	1 2	12 2	38 3	6 1	26 7	7 4	3 5	5 3	13 3	34 5	15 1	35 1	37 8	36 2	16 1	11 2	24 1	19 4	27 4	8 1	28 4	33 1	10 1	9 1	22 1	23 2	17 3	2 1	18 2	30 1	31 1	39 1	20 1	32 2	14 1	0 1	4 2	21 2
0 1	17 1	27 1	7 1	25 1	20 1	9 3	28 1	30 1	31 2	23 1	22 3	10 1	12 1	35 3	34 1	21 3	37 3	38 3	39 1	26 3	11 3	1 4	8 1	24 1	15 4	6 1	32 4	13 3	5 1	3 1	18 1	16 1	33 1	29 1	2 3	4 1	36 5	19 1	14 3
13 3	12 4	15 1	33 1	16 2	5 7	9 7	20 1	7 1	27 1	26 4	2 3	24 2	4 4	38 1	29 3	18 1	10 1	1 5	11 4	37 2	14 5	34 1	39 2	28 2	3 2	35 1	23 6	30 4	31 1	32 3	25 7	0 2	21 1	22 1	17 3	36 1	19 4	6 1	8 1
29 1	15 1	30 3	20 3	7 2	2 1	25 1	9 1	10 4	1 1	28 1	6 1	12 4	17 2	32 1	36 5	3 5	13 1	11 2	23 1	14 1	34 1	8 2	33 1	39 6	38 1	26 1	31 4	5 3	22 5	21 1	16 3	24 1	18 1	4 2	19 2	35 1	0 1	37 1	27 1
23 4	25 1	29 3	24 1	28 1	21 1	5 1	10 1	8 1	6 1	11 6	17 4	39 4	35 1	32 5	9 2	37 1	20 6	38 2	27 3	30 1	34 1	13 6	12 1	7 3	36 5	18 1	2 1	22 1	15 1	4 1	19 1	26 1	14 3	1 2	0 2	3 2	31 2	33 2	16 3
33 1	16 3	39 1	30 1	9 6	28 1	36 2	6 1	20 1	10 1	22 3	2 1	14 1	11 2	17 2	31 1	3 3	35 1	4 8	27 1	26 2	38 1	15 3	5 1	19 1	25 1	7 1	34 1	0 1	1 1	23 10	8 1	13 3	12 2	18 1	29 1	32 3	37 1	21 4	24 3
32 1	6 1	26 1	22 1	17 1	15 2	16 2	18 1	21 5	36 1	33 1	24 5	30 3	37 1	25 1	4 6	13 1	3 2	28 3	11 1	38 4	7 2	10 2	20 1	19 6	12 1	29 8	34 1	39 1	27 3	8 1	23 1	35 1	5 1	9 1	31 2	1 3	14 1	0 1	2 2
25 1	21 1	6 1	23 2	31 1	9 1	19 3	3 2	33 1	32 2	37 1	20 5	14 1	2 1	22 1	15 1	8 1	18 2	7 2	0 3	12 8	11 2	35 1	38 1	5 1	28 1	29 2	27 1	16 2	24 4	39 2	30 1	4 1	26 4	10 2	1 1	17 2	34 2	13 3	36 1
12 1	20 3	36 1	24 2	1 1	10 2	29 5	28 1	38 3	23 2	4 2	0 1	37 1	31 3	35 5	32 1	21 2	16 6	14 1	34 1	30 2	17 2	13 1	18 1	9 1	22 1	25 3	15 2	19 1	33 1	3 2	6 1	8 1	26 2	39 2	11 1	5 2	2 1	7 3	27 2
0 1	28 2	24 1	17 3	12 1	19 5	3 1	31 3	36 6	32 4	4 1	26 3	1 2	16 2	8 2	38 1	11 1	37 2	6 5	7 4	30 1	10 6	27 2	14 1	34 4	21 1	29 1	2 1	15 1	9 1	20 2	35 1	39 1	33 1	25 1	5 1	23 1	18 2	13 2	22 2
27 3	24 1	10 3	21 3	33 1	38 1	25 1	15 2	39 2	2 2	19 2	20 1	4 2	13 3	9 1	14 5	31 1	12 1	16 1	23 1	7 1	30 4	18 1	35 1	32 1	6 3	5 1	29 3	22 1	0 1	37 1	26 1	28 1	11 5	1 1	34 2	8 1	36 2	17 2	3 2
15 4	3 3	39 1	27 1	22 1	21 1	36 2	30 1	14 2	1 2	33 3	11 1	35 2	4 1	10 1	13 1	16 2	5 3	6 1	26 1	20 2	2 4	31 3	23 1	0 8	25 1	32 1	9 2	37 2	28 3	19 1	34 2	29 2	17 1	18 1	12 1	24 1	38 2	7 2	8 3
14 2	6 3	26 1	4 2	11 2	35 4	5 2	9 1	17 1	15 1	29 2	18 1	30 1	24 1	10 2	31 1	21 7	39 1	22 2	28 3	1 1	27 1	8 1	38 1	33 3	25 1	37 4	16 1	12 3	3 1	13 1	23 1	7 4	32 1	19 3	0 2	36 2	34 3	2 1	20 1
32 1	29 10	2 2	16 4	10 4	14 2	1 1	17 1	9 4	18 1	20 5	5 1	0 2	34 1	33 3	39 3	13 1	12 6	6 3	22 4	30 3	27 1	38 2	4 1	24 1	11 3	37 3	25 1	36 1	19 1	21 1	31 1	15 5	23 1	26 1	28 2	3 1	7 2	8 1	35 1
1 1	16 2	26 5	0 3	10 2	32 1	22 1	39 2	4 2	18 1	33 1	27 1	23 2	15 1	24 1	20 4	6 1	12 1	19 4	14 3	5 2	31 2	38 1	28 2	21 1	2 1	34 2	11 1	25 1	8 1	9 5	37 1	3 3	13 1	30 2	7 1	17 1	29 3	35 1	36 2
12 5	8 1	39 3	9 1	32 1	37 1	16 4	31 1	11 2	23 2	1 1	3 1	29 1	0 3	4 2	10 1	13 2	15 2	34 2	38 3	36 2	28 1	21 1	22 3	5 3	35 2	26 1	2 2	7 1	6 1	30 1	14 3	19 1	25 5	18 2	24 1	33 1	17 3	27 1	20 1
22 1	0 2	21 1	28 6	29 2	12 1	15 3	2 2	23 1	1 2	25 3	34 1	14 2	38 1	6 1	9 2	10 2	20 1	3 1	13 1	4 1	8 1	18 2	26 2	7 7	19 5	33 2	36 2	24 2	37 1	5 6	32 3	17 1	11 2	16 2	39 2	35 5	30 2	27 1	31 1
32 2	27 3	15 2	35 1	21 3	7 2	30 1	38 2	11 1	5 2	4 1	28 1	22 7	23 1	9 1	8 3	13 4	29 3	31 2	6 3	2 1	33 2	25 4	26 1	18 1	20 1	34 2	16 2	19 1	10 2	12 1	0 2	24 2	17 3	37 1	1 1	36 2	3 3	14 1	39 1
6 1	25 2	37 1	34 1	2 2	39 2	10 1	30 1	20 3	11 2	8 3	29 3	21 3	26 1	22 1	28 2	13 5	7 1	17 6	9 3	27 1	0 1	18 2	3 2	4 5	35 1	36 1	14 1	31 5	38 2	1 2	33 2	32 1	23 1	19 3	15 3	16 1	24 3	12 3	5 2
20 1	14 5	13 1	23 1	35 2	29 1	22 1	16 4	38 1	28 2	0 2	9 1	18 3	26 2	5 1	15 1	8 2	24 1	30 2	27 1	6 2	33 2	19 1	21 1	10 2	2 1	37 2	32 3	34 1	25 2	4 2	31 2	12 1	17 1	39 1	3 1	1 3	7 1	11 10	36 1
36 1	21 4	6 1	23 1	20 3	27 2	33 3	34 1	9 1	4 1	3 1	17 2	2 3	10 3	26 1	7 2	16 1	30 4	38 1	28 1	32 2	19 3	12 5	31 2	15 3	29 3	25 3	11 2	39 2	35 1	18 2	8 10	24 2	0 5	14 2	5 3	13 3	37 3	22 1	1 2
2 1	14 1	12 2	13 1	15 1	32 1	23 6	37 3	9 2	27 3	11 2	20 2	17 1	22 4	0 1	36 1	35 1	21 1	3 3	26 2	33 1	6 1	31 1	34 2	1 2	19 1	24 1	18 1	10 4	29 2	30 1	8 1	39 1	28 1	38 7	16 2	4 4	25 1	7 4	5 1
16 1	34 1	14 1	15 3	25 1	38 2	9 1	23 1	36 3	35 2	29 2	21 1	31 1	3 1	13 4	0 3	27 1	8 2	39 1	2 2	12 1	17 2	10 1	11 1	24 1	6 1	7 7	33 1	19 1	22 2	28 1	18 2	5 1	30 1	32 1	20 1	1 1	37 1	4 1	26 4
19 2	13 1	26 2	3 2	27 2	34 1	28 1	12 1	9 2	24 2	22 5	1 1	17 1	37 1	36 3	29 5	7 1	35 1	16 3	8 2	2 4	15 1	38 1	25 3	5 1	21 6	32 1	30 1	23 1	39 1	31 1	4 3	33 2	14 1	20 1	18 4	6 1	11 2	10 4	0 1
36 1	35 4	1 1	18 1	31 7	6 5	27 3	32 3	39 3	37 2	13 1	29 2	0 1	25 2	5 4	17 1	15 1	28 1	3 5	23 3	20 2	12 1	24 3	34 1	10 5	8 1	38 1	16 3	7 1	9 2	2 2	11 1	4 1	30 1	19 4	26 1	14 2	21 2	33 1	22 1
7 1	0 1	23 1	2 2	12 2	38 3	35 1	30 2	22 1	10 1	37 1	26 1	15 2	25 3	14 1	36 1	32 3	5 3	9 2	24 3	4 3	13 2	39 3	33 1	1 1	20 1	27 3	31 1	8 3	29 1	17 3	19 1	11 7	18 1	28 4	34 5	6 1	3 3	21 2	16 3
25 1	4 1	6 1	18 2	23 1	17 6	36 1	20 1	19 3	10 1	24 1	34 1	30 1	15 1	38 1	8 3	37 2	7 3	11 3	26 1	39 1	31 1	29 5	32 2	16 2	27 5	2 3	14 2	33 3	0 2	1 1	12 3	22 1	9 1	28 1	3 1	35 1	5 1	13 4	21 1
14 1	12 3	5 2	36 1	19 1	15 1	1 3	35 2	27 2	17 3	25 1	11 2	34 3	39 4	8 2	31 2	9 1	37 1	33 2	30 4	2 2	28 2	24 2	20 2	0 5	3 3	29 2	21 1	23 2	13 1	32 3	4 1	26 3	38 1	16 1	22 2	18 1	6 2	7 1	10 6
7 2	25 3	18 6	15 2	37 3	35 1	13 4	33 2	6 1	0 2	17 1	14 1	5 1	27 2	24 1	3 2	26 1	29 1	39 1	19 3	16 2	30 4	8 9	31 1	34 1	32 1	28 1	21 2	20 2	22 1	2 2	10 1	38 1	9 2	1 1	4 1	23 2	11 2	36 1	12 1
33 1	10 1	2 1	9 2	3 1	22 1	15 3	13 4	7 2	6 3	11 1	37 1	31 1	32 2	26 3	21 1	28 4	23 2	34 2	14 2	19 1	18 2	4 2	0 9	8 5	29 1	16 1	30 5	39 1	17 1	36 6	5 3	38 2	1 2	35 1	12 5	24 1	25 2	20 1	27 3
10 1	28 4	15 2	6 1	26 1	1 1	2 2	20 1	18 2	14 1	33 2	39 3	27 1	25 4	8 5	24 1	17 1	30 1	37 3	31 1	21 1	36 1	29 4	34 1	9 1	0 1	32 3	7 2	35 1	38 3	22 1	4 8	19 1	3 3	23 1	11 1	12 1	13 1	5 4	16 3
25 1	28 1	4 2	17 2	14 1	23 3	35 1	29 1	22 4	6 4	32 3	21 1	7 1	3 1	33 3	1 1	20 1	9 4	18 1	0 1	37 4	11 1	36 1	13 1	30 2	38 4	39 2	19 2	2 1	8 5	26 3	12 1	34 1	16 8	15 1	24 2	10 1	27 1	31 2	5 2
8 1	21 1	13 1	17 4	12 3	19 3	15 1	28 1	7 4	38 1	2 1	16 3	18 2	34 1	30 2	3 1	36 1	11 1	9 4	37 1	39 3	27 1	24 4	14 1	20 2	23 1	31 1	33 6	5 1	0 1	35 1	29 1	32 2	25 4	1 8	10 1	26 1	22 2	4 2	6 2
22 1	29 1	31 3	36 1	28 1	34 1	30 3	14 1	23 1	32 2	37 4	17 3	3 3	1 3	0 2	7 2	19 1	24 1	15 1	26 1	4 1	10 2	35 1	12 2	18 1	5 1	8 1	16 9	11 1	33 1	25 4	2 3	13 5	9 4	39 1	27 1	38 3	20 1	21 2	6 1
16 3	3 1	13 3	12 1	26 2	9 2	28 2	4 1	1 1	14 2	11 1	24 1	30 1	34 1	31 1	33 2	0 1	21 5	36 1	7 1	20 1	10 3	6 1	39 1	2 9	29 1	17 1	27 1	8 3	32 1	38 1	23 2	37 2	35 2	5 3	25 1	15 2	19 2	18 1	22 1
10 1	36 2	24 1	13 4	32 3	22 2	28 1	21 2	11 1	27 1	23 3	0 3	12 1	18 3	38 1	39 1	1 2	35 3	14 1	6 1	25 4	3 2	19 1	2 1	30 5	34 2	31 2	9 1	7 2	20 3	29 1	37 3	16 1	15 4	17 2	5 1	8 2	33 1	4 4	26 4
5 1	10 1	38 5	37 1	15 1	22 1	20 5	13 2	26 1	11 1	33 1	18 1	0 1	6 1	7 2	27 1	29 1	2 2	8 3	39 2	14 1	21 1	28 5	17 5	16 3	30 1	34 1	3 1	12 4	9 4	1 1	32 2	24 1	35 1	25 1	19 1	36 1	4 3	23 1	31 3
19 1	32 3	31 1	10 5	1 1	8 5	7 4	15 2	28 1	39 2	25 3	35 1	26 2	3 1	27 2	4 4	14 3	24 2	17 2	20 1	0 5	30 2	34 1	38 1	23 1	6 2	22 1	13 1	36 1	2 2	12 1	18 2	33 2	16 7	9 1	5 1	29 1	37 1	21 1	11 1
15 1	29 3	21 1	6 3	28 1	1 3	34 1	30 1	39 2	31 3	8 1	5 1	33 1	2 3	3 1	25 1	22 1	38 3	27 1	17 2	19 3	14 1	7 1	18 1	36 3	11 4	23 3	9 3	16 2	13 1	26 1	24 1	0 2	4 1	35 2	20 4	37 2	12 1	10 3	32 5
23 1	26 2	17 1	2 1	6 5	34 1	33 1	36 3	12 3	8 6	39 5	20 2	16 1	13 2	25 1	32 1	4 5	7 1	24 2	22 4	1 4	10 1	3 4	27 4	31 1	0 2	38 1	37 1	28 3	29 1	19 7	5 1	30 4	15 1	35 1	18 1	14 3	9 1	21 1	11 2
9 2	2 2	37 2	1 4	17 1	8 1	15 5	35 2	23 1	21 1	6 3	36 2	32 1	19 1	12 1	29 1	26 1	18 3	13 2	30 1	16 1	3 1	22 2	5 3	31 2	39 1	20 1	14 1	28 1	38 1	24 1	10 1	34 3	7 1	0 1	25 3	33 1	4 2	27 2	11 2
9 3	27 3	14 3	36 4	21 1	31 1	0 3	39 1	5 4	24 1	22 1	19 3	23 1	29 1	28 5	32 1	30 2	2 3	6 1	35 2	1 1	17 1	38 2	13 3	26 2	16 2	34 1	20 1	10 1	4 1	25 2	18 4	11 2	7 1	8 1	37 1	12 2	3 1	15 1	33 1
