90	80
0 3	67 1	44 1	27 1	14 1	3 2	29 2	79 1	42 10	75 3	20 2	56 1	53 1	5 2	2 1	11 2	52 8	64 1	28 1	69 1	59 4	32 1	70 1	39 2	4 2	66 1	51 1	26 1	48 5	45 3	50 1	9 7	22 1	41 2	71 1	62 2	78 1	77 3	68 2	36 1	63 2	25 3	8 2	15 1	43 2	49 2	46 6	73 5	61 5	47 3	74 1	21 1	12 2	33 2	58 2	10 2	6 1	1 1	40 3	30 1	31 3	34 3	76 1	72 1	24 1	54 1	23 2	65 1	16 4	17 1	19 1	57 6	55 2	38 5	35 1	37 1	13 1	18 3	7 1	60 1
45 1	51 3	5 2	14 1	27 1	76 1	62 1	11 3	52 1	6 7	18 1	66 1	42 2	24 2	39 3	12 3	35 1	48 1	67 4	3 2	4 1	41 2	72 1	78 1	73 2	15 3	2 2	54 3	23 3	56 2	63 1	33 1	0 2	61 1	9 2	25 1	74 1	26 1	47 3	30 1	77 1	19 1	34 4	59 2	44 2	36 3	21 2	69 1	49 1	70 1	75 2	1 2	32 3	28 1	65 1	29 1	22 4	64 4	79 1	17 1	16 1	55 1	37 4	43 1	10 1	53 1	58 1	71 10	7 2	57 2	50 1	60 1	13 6	20 5	46 1	31 1	8 3	38 1	68 1	40 3
10 2	75 1	37 1	8 3	30 1	22 1	13 4	47 1	2 2	12 1	63 2	23 1	38 1	67 1	54 1	53 2	43 1	35 1	51 2	31 8	72 7	77 2	71 2	7 2	15 2	9 1	28 1	11 1	79 2	29 4	50 1	5 1	55 6	44 1	70 1	76 1	49 3	25 1	65 1	20 1	41 1	56 3	52 3	36 2	59 1	73 1	24 2	64 1	68 1	3 4	26 3	40 3	45 3	62 1	74 5	6 1	69 2	42 2	16 1	0 3	4 1	57 1	48 1	32 2	34 3	1 2	39 1	18 3	66 11	46 1	14 4	21 7	60 4	19 1	61 5	27 3	17 4	58 4	78 3	33 2
20 1	49 2	18 1	62 4	12 3	63 1	44 1	76 2	37 4	1 1	6 3	43 2	57 1	21 2	32 1	34 1	23 4	48 1	53 1	64 1	47 5	28 4	15 2	36 1	3 4	26 1	33 2	16 3	71 1	8 2	13 1	25 2	14 3	66 2	41 1	10 3	50 1	35 4	51 3	70 1	27 1	52 1	38 1	55 1	77 2	65 1	73 1	17 2	58 2	5 1	29 1	54 1	31 1	46 1	9 3	67 2	42 3	45 1	72 1	24 3	40 4	11 2	4 3	59 1	61 1	75 1	74 1	22 1	30 1	2 2	39 2	7 4	68 1	69 2	0 1	60 3	56 1	79 1	78 1	19 2
10 2	30 2	32 4	47 2	68 1	33 4	36 2	8 3	7 1	44 3	31 1	25 1	51 1	22 1	3 1	37 1	74 1	26 2	43 2	73 1	13 1	66 1	75 3	23 1	72 5	12 2	69 2	11 2	14 4	45 6	60 1	67 1	16 1	1 1	5 1	49 2	63 1	78 6	58 2	42 9	9 1	53 1	62 3	24 5	54 1	52 1	2 1	79 2	20 1	76 1	4 1	39 1	35 3	55 1	65 2	34 4	61 5	40 1	17 2	57 2	6 4	77 1	48 2	70 1	50 1	71 1	41 1	29 1	46 1	64 1	28 3	21 1	56 2	15 1	18 1	59 1	19 1	38 1	27 4	0 1
1 8	51 2	21 2	28 1	52 3	53 8	62 2	54 1	6 1	74 1	59 2	11 1	31 1	24 2	58 1	25 1	4 1	18 1	61 2	30 1	22 2	79 1	50 3	10 4	32 2	17 1	63 2	65 1	47 1	34 1	19 1	8 3	20 1	56 1	78 1	64 1	0 3	55 1	57 2	3 1	7 1	36 1	48 1	5 1	49 3	60 1	40 3	69 1	70 1	35 3	43 1	14 2	75 2	44 2	12 1	2 3	45 4	23 4	16 2	46 1	29 2	37 4	66 1	27 2	26 2	38 2	42 2	13 3	68 3	9 1	73 1	72 2	41 1	15 1	39 2	77 3	76 2	67 4	33 4	71 1
36 5	49 2	26 1	16 3	7 2	51 1	32 1	38 4	17 1	62 1	58 1	13 1	71 2	46 2	34 1	57 2	75 2	30 4	39 2	70 2	72 3	55 1	19 2	4 2	69 2	44 1	59 2	29 5	20 2	1 1	6 1	53 1	0 1	21 1	50 2	11 1	56 1	67 2	41 1	65 1	23 3	15 1	35 1	48 5	40 4	5 1	31 4	14 2	47 6	45 1	79 1	18 1	8 2	60 1	76 1	24 1	22 1	27 1	43 1	10 2	64 1	33 1	73 2	66 2	77 2	61 2	25 2	63 1	2 1	42 1	12 2	28 1	37 1	3 1	74 2	78 3	52 2	54 1	68 3	9 1
26 1	7 1	3 2	57 1	40 2	72 6	5 2	66 2	1 2	60 1	6 1	16 3	50 1	77 2	4 2	53 1	64 5	0 2	63 1	36 2	62 3	55 2	9 1	46 2	17 1	42 2	58 1	75 2	67 8	47 1	54 2	23 3	70 2	41 1	45 3	37 1	68 1	12 2	51 1	18 2	59 2	19 1	71 2	25 2	44 1	43 1	28 1	13 2	35 5	10 2	27 2	15 2	65 1	20 2	79 1	14 1	52 3	32 1	38 2	73 1	78 6	29 8	61 4	24 7	2 1	76 1	34 1	39 1	21 1	49 1	8 2	30 1	33 4	31 2	69 3	48 2	22 2	56 1	11 2	74 1
37 1	39 1	19 3	64 1	74 1	38 1	15 3	29 1	8 1	31 3	11 1	73 2	18 6	41 1	17 1	22 1	70 1	51 3	24 2	57 2	76 1	25 2	52 4	36 1	10 5	40 1	16 4	27 1	53 4	46 2	1 1	50 1	49 3	30 1	35 1	13 3	63 1	21 1	0 3	65 1	66 1	7 4	56 5	9 4	32 3	59 1	47 6	42 1	26 1	78 1	5 1	72 1	23 1	54 1	58 1	6 1	67 2	61 1	71 4	48 1	62 3	55 1	44 1	69 1	3 1	68 1	14 2	12 1	34 1	79 1	43 1	45 1	28 3	2 1	77 1	20 2	60 2	33 1	4 2	75 1
21 2	78 5	33 3	15 7	54 3	31 4	1 4	71 1	0 1	30 1	13 1	27 2	25 1	70 5	51 1	58 3	55 3	38 1	56 1	10 4	34 2	37 1	49 1	3 3	16 1	46 1	72 1	53 2	66 1	18 1	17 2	44 1	35 3	40 1	5 2	59 1	4 4	47 2	20 3	9 2	36 4	6 1	63 1	60 1	61 1	41 2	29 2	57 1	77 1	75 1	62 1	68 1	23 2	43 4	76 2	26 1	45 2	32 1	12 3	22 1	2 3	50 2	52 1	24 1	67 1	48 1	42 1	69 1	39 3	14 2	28 1	74 5	11 1	64 1	8 1	19 2	7 1	79 1	73 2	65 1
35 1	73 1	30 2	2 2	49 1	55 1	10 1	42 5	1 1	47 1	6 1	16 1	27 1	12 1	72 1	7 2	39 2	22 2	19 3	43 1	79 1	28 1	0 7	11 2	62 1	78 1	68 2	13 1	26 2	24 6	48 2	5 1	45 1	36 1	66 2	58 2	59 1	15 1	50 1	56 2	29 1	54 1	37 1	23 3	38 2	64 1	74 3	44 1	76 2	8 5	14 1	65 3	60 3	31 2	70 1	75 1	77 1	17 2	61 3	57 1	51 1	3 3	69 3	33 1	34 2	21 1	4 1	46 2	40 1	25 1	53 1	32 5	41 9	67 1	18 1	20 1	52 1	71 5	63 2	9 4
51 2	12 1	67 1	31 3	37 2	15 1	32 2	57 2	50 1	0 4	77 5	56 3	24 3	23 1	46 2	22 4	1 1	53 2	10 1	20 4	16 2	62 5	52 2	11 1	4 1	8 3	7 1	36 1	13 2	78 1	25 9	60 2	79 2	17 8	27 5	30 2	33 1	19 2	2 4	6 3	71 1	72 1	39 1	48 1	14 2	5 1	64 6	58 1	38 2	75 1	47 4	9 1	21 1	61 5	55 2	34 2	74 4	69 1	45 2	41 1	76 2	29 2	59 1	65 1	43 1	26 2	49 2	3 2	66 2	73 1	28 3	18 1	54 8	40 4	70 1	44 3	63 1	42 1	68 1	35 2
11 1	28 1	48 2	41 2	17 4	22 1	37 4	38 1	52 2	55 1	57 1	75 1	16 1	34 1	59 2	63 2	3 5	31 1	14 5	15 1	64 1	70 1	72 2	62 1	46 4	12 1	42 4	60 1	65 1	30 1	1 3	45 1	24 2	13 1	47 1	54 3	73 2	10 1	5 1	43 1	69 1	0 1	39 3	53 1	58 4	71 2	79 4	51 2	7 1	50 1	35 2	26 3	49 2	9 1	61 1	19 2	36 1	18 2	23 1	74 1	33 4	67 1	76 1	2 1	27 1	32 1	4 2	56 1	68 2	29 1	40 3	21 2	66 1	78 4	44 2	77 9	20 3	8 2	25 3	6 3
27 2	23 6	5 2	65 3	45 2	58 2	26 2	19 7	21 2	77 1	42 2	7 1	74 2	44 1	69 1	51 4	61 2	59 2	34 2	8 1	63 2	37 2	71 1	30 5	57 4	52 1	62 1	68 1	4 4	48 1	72 3	78 2	22 1	47 2	75 1	40 2	46 1	39 1	0 1	25 3	9 6	73 1	16 4	60 1	70 1	20 2	1 1	6 1	76 8	49 1	41 4	66 1	11 1	31 2	56 1	28 1	33 1	17 1	10 2	12 1	55 1	36 1	15 6	13 1	67 1	3 1	64 3	35 3	79 3	14 4	32 3	43 2	50 3	53 4	18 1	2 2	38 3	24 3	29 3	54 2
52 1	27 2	30 1	7 1	36 5	78 2	1 3	29 4	59 3	38 2	0 3	25 6	10 1	32 3	21 2	69 2	20 2	15 1	40 1	12 1	77 1	51 2	35 1	22 1	41 1	37 4	8 6	6 2	45 1	4 1	44 1	2 1	19 3	33 3	13 2	18 2	43 2	57 2	47 1	46 1	64 7	49 2	14 2	58 1	24 1	67 1	55 2	72 4	76 2	65 1	63 3	50 2	5 1	26 3	62 2	34 4	54 1	73 1	28 1	39 2	23 2	66 5	61 1	48 2	31 1	70 4	79 3	74 2	56 4	42 1	75 2	60 1	53 1	71 2	11 1	3 1	68 2	16 2	9 1	17 2
63 1	18 1	47 1	20 1	6 1	43 4	0 3	13 4	4 3	44 1	46 2	1 2	25 1	9 1	33 6	75 2	68 1	11 1	58 5	14 1	77 1	39 1	26 3	64 7	72 1	30 3	19 1	23 1	51 1	3 1	7 3	62 4	31 1	27 2	10 1	17 2	49 4	35 1	52 1	73 6	71 2	61 1	70 2	34 5	16 1	5 4	56 2	65 1	79 3	57 1	53 1	45 3	67 2	32 1	55 3	21 3	66 2	8 1	60 5	37 4	54 1	15 2	29 1	41 1	40 2	38 1	42 2	50 6	2 3	24 2	22 2	76 5	48 2	74 1	28 3	78 3	12 1	36 2	59 1	69 1
77 1	16 6	4 3	54 5	67 2	57 2	2 1	63 2	10 2	53 5	64 3	41 1	47 1	22 1	65 1	13 3	9 1	36 2	60 2	69 1	43 1	71 1	49 1	79 1	46 1	17 1	55 1	75 1	25 2	21 1	5 1	50 2	66 1	27 4	70 2	28 2	73 1	78 5	51 2	8 1	56 14	33 1	38 2	3 1	37 1	14 2	68 3	35 3	62 3	42 1	20 1	29 2	76 2	44 3	18 2	39 3	23 3	30 1	32 1	45 4	12 1	72 1	19 2	61 1	6 1	26 6	11 1	0 1	31 4	74 2	40 4	59 2	7 1	1 1	58 1	48 3	15 4	34 2	24 2	52 1
33 1	71 1	28 1	20 1	51 1	46 3	4 2	57 1	5 5	66 2	56 5	36 1	58 2	10 2	48 1	44 9	26 3	16 1	61 2	38 2	30 1	12 1	52 2	60 2	11 1	35 1	18 4	27 1	25 2	63 1	74 1	42 1	6 2	65 2	43 3	3 1	15 3	24 4	69 4	0 3	78 1	64 2	77 4	55 1	54 1	45 2	14 2	76 1	73 1	41 1	31 2	79 3	22 2	1 2	17 1	8 1	70 1	34 3	67 1	32 1	72 1	9 1	23 1	7 1	13 4	40 2	59 1	29 4	21 3	50 2	39 1	49 1	47 3	53 1	37 1	62 4	19 3	2 1	68 2	75 1
58 1	57 1	44 1	45 1	14 1	15 1	78 6	63 2	68 1	16 2	27 3	62 1	28 5	79 2	72 2	4 3	74 1	67 1	46 2	40 5	75 1	5 2	69 4	6 1	48 2	29 1	43 8	2 1	66 1	60 1	23 2	25 2	54 2	32 2	7 3	33 1	38 3	19 1	8 2	76 2	3 1	73 1	77 1	12 1	36 1	55 7	21 1	50 2	20 1	34 1	10 3	9 4	56 4	70 1	37 2	49 1	65 1	47 3	22 2	17 1	64 2	24 1	59 1	26 6	52 6	13 1	51 3	1 1	42 1	39 1	71 1	41 3	35 1	31 1	18 1	61 6	53 1	11 1	0 2	30 1
67 4	35 1	22 1	45 1	2 1	38 1	74 3	73 2	18 2	68 2	79 1	12 1	31 1	11 1	5 4	10 4	64 2	57 3	58 3	48 2	78 1	47 1	26 1	72 6	36 4	4 1	9 1	44 1	20 2	39 1	28 4	49 3	62 3	42 1	33 1	19 1	65 5	3 1	14 3	41 2	51 1	17 1	63 2	29 5	34 1	77 1	0 2	23 1	24 2	59 2	37 4	70 1	56 3	54 1	1 4	40 2	30 1	32 1	61 2	16 1	69 3	76 1	7 2	50 3	71 1	8 1	21 2	75 2	6 1	52 2	55 4	13 4	15 1	43 1	53 1	46 1	27 2	60 1	25 1	66 1
28 1	62 2	0 6	53 4	49 8	11 3	50 2	69 3	24 1	22 1	64 1	14 1	40 1	19 1	57 5	73 3	47 2	16 3	71 6	44 1	3 2	18 2	34 4	12 3	74 4	7 1	5 6	78 2	43 1	4 1	15 1	29 3	41 5	77 5	30 2	17 1	2 1	42 2	9 1	67 2	72 1	65 1	46 2	23 4	21 2	70 1	59 1	45 2	39 2	26 1	56 1	60 1	1 2	79 1	8 3	55 1	20 9	58 1	32 1	38 2	33 1	37 1	51 2	25 4	66 5	54 2	61 1	63 5	68 2	35 1	31 1	13 4	6 3	27 5	36 5	75 4	76 4	10 4	52 1	48 1
73 1	31 2	19 1	48 1	71 1	52 3	39 1	10 3	4 1	66 1	2 1	54 3	12 1	70 3	51 2	5 4	46 1	60 3	22 1	55 1	33 5	29 2	35 1	14 2	47 1	7 3	37 4	69 1	63 1	0 1	23 3	75 2	30 2	44 6	76 3	49 2	34 1	27 3	3 1	62 1	20 3	42 1	32 2	79 1	74 2	67 4	9 4	50 4	64 2	24 1	18 3	26 1	6 2	13 3	25 5	28 1	16 2	8 1	59 1	36 3	53 4	45 2	21 1	1 2	68 1	58 3	57 3	41 1	17 1	56 4	78 1	11 3	72 1	65 3	40 2	15 2	61 1	38 1	43 1	77 1
38 2	64 2	47 1	49 1	52 2	61 1	17 1	33 2	76 1	27 4	3 1	78 2	29 3	18 2	35 1	8 1	30 1	55 2	70 2	26 1	11 8	51 2	21 1	69 3	32 7	2 3	4 1	63 2	20 1	6 1	57 3	42 2	53 2	74 2	71 9	50 1	22 1	39 1	24 2	60 4	66 1	15 1	1 4	67 1	16 1	34 4	46 3	44 2	7 1	68 1	40 4	28 3	65 2	13 1	12 2	79 2	62 2	48 3	10 2	58 3	54 1	5 3	45 3	43 1	73 2	36 1	9 1	14 5	19 2	37 1	0 4	77 1	23 2	56 1	75 3	72 2	59 2	31 2	25 1	41 2
23 2	74 3	2 1	73 3	56 3	21 1	33 2	48 1	78 4	5 3	75 1	32 2	0 3	52 5	62 6	16 1	49 1	51 1	42 1	29 1	11 1	35 1	44 6	39 1	38 2	28 2	37 1	54 2	9 1	72 1	14 1	47 1	17 2	63 4	13 2	65 1	69 2	77 4	57 4	20 4	30 4	79 1	66 2	19 3	50 1	22 2	1 3	67 1	40 3	41 1	58 2	34 1	15 2	31 1	61 3	25 3	27 2	59 2	8 3	26 1	53 5	10 2	64 2	76 1	4 1	70 2	18 3	55 1	71 5	46 2	60 6	36 2	3 3	7 3	24 4	6 3	43 3	68 1	45 4	12 1
64 1	67 1	62 3	68 2	23 1	63 2	56 1	45 2	50 2	78 1	69 1	20 2	55 1	5 1	31 4	18 4	30 5	33 4	14 1	49 2	66 5	79 1	43 1	48 3	75 1	54 1	26 1	73 1	76 1	1 1	53 1	25 1	65 2	16 2	15 3	46 2	4 3	42 1	35 1	57 3	8 2	29 1	3 2	21 1	72 2	12 5	28 1	24 2	13 1	60 1	41 2	11 2	74 1	61 1	47 1	22 1	51 1	36 2	40 1	37 1	34 3	44 1	59 1	2 1	38 3	17 1	39 1	71 2	6 2	10 3	32 2	27 2	0 2	58 4	70 1	7 1	52 1	9 1	77 2	19 4
21 1	5 1	66 1	36 1	75 4	69 1	0 3	27 5	74 1	58 1	35 2	47 1	48 1	15 2	34 3	2 2	28 1	54 4	10 2	13 1	53 3	9 3	1 3	4 1	64 1	57 2	11 2	39 2	33 1	18 4	68 1	51 1	41 1	49 1	17 1	45 1	23 1	50 3	55 1	19 4	31 2	24 4	61 4	16 8	43 1	6 1	7 1	32 1	62 8	14 3	38 3	52 4	60 2	3 2	59 1	79 1	73 2	26 1	22 3	46 3	20 1	44 6	67 3	56 1	37 1	12 2	77 3	63 1	71 5	8 1	65 1	29 1	42 1	72 3	40 1	78 1	30 2	25 1	70 3	76 1
12 1	66 7	71 3	72 1	15 1	10 3	67 1	78 1	37 1	46 1	51 2	74 1	63 3	57 1	27 3	69 2	49 7	26 4	42 2	75 1	20 2	68 1	13 1	2 2	55 1	30 1	79 2	0 4	39 2	77 3	28 3	31 2	16 1	4 4	65 1	19 1	3 2	29 4	22 1	76 1	36 11	38 2	41 1	52 1	7 4	45 1	1 1	40 1	18 1	56 3	54 3	48 1	32 1	23 2	25 1	53 8	6 2	8 3	59 2	60 1	24 1	34 2	47 1	35 1	33 1	9 2	21 1	17 2	58 1	61 7	70 1	62 1	50 2	43 1	73 1	64 2	11 1	14 6	44 1	5 2
1 2	46 1	78 2	50 1	69 10	10 1	36 2	8 1	31 2	61 1	71 1	67 1	44 3	19 3	24 5	68 4	18 5	39 1	51 2	40 1	42 2	9 2	74 6	32 1	75 1	5 1	59 1	4 1	47 5	70 3	55 2	63 2	79 1	49 3	37 1	27 3	64 3	17 1	72 2	43 2	25 4	28 1	35 2	56 1	73 1	11 1	7 1	57 1	21 2	30 3	41 1	6 5	33 2	12 1	20 3	29 1	16 1	76 3	38 1	34 3	53 3	23 1	0 1	54 3	13 5	66 2	77 4	60 2	52 1	45 1	58 1	3 1	62 1	48 1	26 4	22 1	2 3	15 1	14 3	65 2
21 1	78 10	59 1	34 1	15 1	73 1	69 2	20 5	22 1	45 2	57 4	64 2	8 1	33 3	31 1	28 1	75 3	52 4	62 1	60 1	40 1	65 1	1 4	19 1	10 1	55 1	43 1	4 1	42 2	2 2	6 2	41 1	23 9	12 2	58 4	74 1	18 2	29 2	16 4	53 6	24 4	30 2	25 2	17 1	26 1	35 3	14 5	68 4	3 3	76 1	37 2	47 1	5 1	79 6	51 1	61 1	54 1	32 3	11 3	9 1	50 2	70 2	56 1	72 1	49 1	39 1	66 1	36 2	77 2	63 9	27 2	71 1	7 2	48 1	13 1	38 1	46 1	0 1	44 1	67 1
25 3	75 1	38 1	17 1	79 1	64 1	3 2	37 1	0 1	43 3	10 3	44 2	31 1	21 3	72 1	33 2	45 1	14 3	24 1	4 2	34 2	68 1	69 1	7 2	23 2	58 3	2 4	59 3	20 1	46 2	62 4	77 3	35 3	48 1	1 1	56 1	28 3	60 1	78 1	67 2	16 2	18 1	39 1	71 1	66 4	53 1	57 4	41 1	61 1	50 1	8 1	63 1	65 1	54 3	51 2	70 1	19 1	11 3	22 1	6 1	30 1	15 1	52 1	12 2	49 5	13 1	40 1	27 4	36 1	74 1	47 1	29 4	32 1	9 3	73 2	55 1	26 2	76 2	42 1	5 2
18 1	78 1	40 4	43 4	21 1	37 4	12 4	54 1	53 2	9 1	19 1	4 1	73 2	29 1	10 4	69 1	79 2	59 1	24 1	60 2	27 3	58 6	39 1	77 3	70 1	35 2	64 3	56 1	68 1	2 1	66 1	55 1	50 1	72 1	42 2	51 2	33 1	38 2	48 3	5 3	16 2	26 5	57 2	13 2	22 1	17 3	63 1	52 2	23 1	25 2	30 1	0 2	14 1	49 1	8 1	36 1	32 2	71 1	20 3	7 3	11 1	1 4	65 4	15 2	67 1	76 2	46 1	47 1	41 3	74 1	45 1	3 1	34 3	75 3	6 1	31 1	28 3	62 1	44 2	61 1
36 6	10 1	39 1	29 1	19 1	66 1	49 1	3 3	78 3	17 4	15 1	45 3	1 1	73 5	68 1	61 1	72 2	77 3	22 1	76 3	50 1	24 2	33 1	43 3	9 1	71 1	6 1	60 1	57 1	59 2	27 1	64 1	63 1	48 1	25 2	55 1	54 7	46 1	75 3	65 3	53 1	47 1	41 1	11 2	30 2	13 1	16 2	4 1	56 2	44 3	18 1	62 1	14 1	79 1	34 1	69 1	23 1	8 4	40 1	2 10	51 1	42 3	12 1	32 2	38 1	35 1	7 1	74 1	21 1	52 6	28 4	37 2	5 1	58 1	0 3	67 2	31 2	70 2	26 1	20 3
5 1	22 1	43 3	34 3	44 2	58 1	13 1	74 1	53 6	26 4	29 4	19 1	37 3	8 2	39 1	16 3	17 1	48 4	10 2	28 1	59 2	67 1	57 1	72 2	76 1	23 1	20 2	54 1	61 2	66 1	68 3	73 1	1 1	11 2	70 1	30 2	14 1	25 1	7 1	33 1	3 1	35 3	0 2	51 3	65 1	79 2	46 6	42 3	52 2	4 1	15 1	21 2	71 1	24 1	77 1	62 2	56 1	49 2	6 1	41 1	55 2	64 1	9 2	32 1	12 2	45 1	36 4	38 1	47 2	75 2	31 1	27 1	50 1	69 1	60 3	18 1	78 1	2 3	40 1	63 1
74 3	50 3	75 2	45 1	28 1	24 1	26 1	70 3	13 4	65 1	29 3	12 1	31 2	79 2	59 1	20 1	4 1	15 2	5 2	40 1	63 1	14 2	67 1	57 2	9 1	43 1	48 1	8 1	19 1	39 5	71 2	33 5	58 1	30 3	72 4	78 2	3 2	23 3	73 1	54 2	49 2	18 1	1 4	0 1	68 2	2 2	44 1	35 2	21 4	41 3	25 1	77 2	69 1	64 1	42 1	22 2	7 1	17 1	11 1	52 1	10 3	37 3	16 1	51 2	55 2	76 3	6 7	60 1	62 1	47 5	32 3	46 4	36 1	56 2	53 2	27 1	34 3	61 4	66 3	38 1
4 4	46 4	18 3	21 1	9 1	57 1	31 1	66 1	1 3	22 1	32 1	62 6	40 2	72 5	8 4	45 6	27 1	50 4	19 2	34 3	59 2	23 3	44 1	74 1	24 2	56 2	37 3	13 1	41 1	78 1	3 1	54 1	25 5	7 4	28 1	60 5	6 1	67 2	76 1	64 2	58 1	35 2	15 1	49 2	51 1	20 2	71 1	11 1	79 1	38 1	69 2	17 4	55 1	12 1	42 2	77 1	47 1	68 4	73 2	33 1	43 1	0 1	39 2	29 2	36 1	65 1	53 2	10 1	52 2	30 7	48 2	75 3	16 1	2 2	63 2	5 2	14 1	70 1	26 3	61 1
2 3	20 1	10 1	7 2	71 2	19 1	79 5	62 2	45 1	39 1	61 1	38 1	48 1	37 4	60 1	76 1	43 1	56 4	18 1	49 2	58 2	21 1	36 2	46 1	47 2	53 3	27 2	42 1	72 5	70 3	12 1	69 1	11 1	32 1	26 1	17 1	13 1	67 2	78 7	25 1	14 2	75 1	74 2	22 1	16 1	3 2	30 3	8 1	28 1	55 3	52 2	44 2	50 2	33 1	54 3	35 1	51 1	29 1	6 3	40 3	15 1	34 1	68 4	41 4	64 1	63 2	73 3	4 3	66 5	9 1	24 3	57 5	1 1	5 2	0 1	77 1	65 1	23 3	31 1	59 3
32 2	51 3	26 3	50 5	57 1	75 1	42 5	24 1	38 1	36 2	52 5	72 1	29 3	74 2	53 3	62 1	47 2	45 1	16 1	18 2	3 2	20 1	34 4	14 1	67 4	61 2	68 1	4 2	49 7	64 3	19 2	28 2	10 2	6 1	27 1	65 1	54 4	17 1	78 2	7 2	22 1	15 1	69 2	37 1	31 1	48 4	59 2	46 1	35 1	77 2	71 2	60 1	12 2	58 2	23 1	73 2	70 1	41 1	55 2	9 2	13 2	1 1	39 1	76 1	0 3	5 2	40 1	63 1	79 1	66 1	33 3	21 2	8 1	43 1	2 4	30 1	11 1	25 3	44 3	56 7
74 3	38 1	19 1	32 1	72 1	69 3	77 5	13 3	53 4	49 3	11 1	7 2	26 2	71 2	12 1	59 3	43 2	31 1	48 1	67 1	10 5	14 2	45 4	0 1	20 6	5 2	15 2	4 2	9 1	57 2	75 1	30 3	70 1	40 1	61 1	27 1	21 1	23 1	60 2	16 5	50 1	29 1	24 2	66 1	56 4	62 1	64 2	36 3	37 1	17 2	35 2	47 1	76 1	28 3	1 2	79 2	22 1	78 1	65 2	8 5	58 1	42 3	68 2	63 1	55 1	33 1	44 1	3 5	25 1	46 1	18 1	41 1	52 3	73 1	2 1	51 2	34 2	39 2	54 2	6 1
13 1	46 3	36 1	65 1	21 2	75 2	32 2	31 1	34 6	57 2	72 4	63 1	0 4	70 6	1 1	56 2	43 2	59 1	17 5	24 2	37 3	9 2	19 2	30 2	4 1	8 1	15 1	25 1	79 2	20 1	67 5	41 1	14 1	28 1	55 1	77 3	64 2	11 2	22 1	26 1	49 1	29 2	38 1	60 1	27 1	68 1	74 1	53 2	52 2	42 4	40 3	33 1	71 1	35 1	76 5	61 2	47 1	58 1	2 9	50 2	12 1	18 3	54 1	7 5	48 4	62 2	66 1	39 1	45 5	10 1	5 1	69 6	23 1	51 1	73 1	44 1	16 1	78 2	6 2	3 1
22 5	44 2	77 2	17 1	9 4	43 1	72 2	56 3	47 2	63 2	35 1	62 1	26 1	68 2	23 2	20 3	37 1	42 3	19 1	6 1	11 1	50 2	16 1	79 1	71 2	1 1	40 1	28 2	55 3	60 3	69 2	65 2	64 1	30 1	5 2	10 3	0 1	21 1	52 1	46 1	4 2	31 3	32 1	14 5	12 1	38 1	3 1	70 3	7 2	45 5	51 2	49 1	15 1	48 3	27 1	67 1	39 2	57 2	36 2	76 4	78 1	18 3	24 2	66 3	61 4	75 2	8 5	34 3	33 1	59 1	25 1	13 3	54 3	29 3	74 1	58 1	73 6	2 1	41 1	53 1
44 3	69 2	6 1	66 1	35 1	67 1	45 1	30 1	75 2	54 1	11 1	31 2	59 5	13 2	71 1	76 3	34 2	18 1	57 6	56 1	46 1	16 1	14 2	51 1	3 2	9 5	53 1	60 2	32 5	55 1	77 1	27 2	63 2	40 1	68 2	70 1	0 3	20 1	21 1	5 2	47 2	61 4	2 2	65 3	12 3	22 3	49 2	79 1	23 2	28 3	52 2	33 1	73 1	25 1	64 3	39 1	10 3	58 1	26 3	8 3	37 1	41 2	29 1	15 2	48 1	43 1	4 3	72 2	24 2	7 1	17 1	78 1	1 2	74 2	50 1	62 3	42 1	36 2	19 1	38 1
15 2	61 1	49 2	64 1	60 1	44 1	47 1	33 3	68 1	25 1	63 3	7 1	22 5	67 1	1 2	40 1	65 1	6 1	24 2	2 1	74 1	50 1	5 4	37 2	71 1	18 2	48 1	3 1	45 1	54 4	36 1	62 3	57 2	23 1	55 1	46 4	42 2	9 3	66 3	69 3	41 3	38 1	12 8	51 3	43 3	78 2	30 4	70 2	27 2	31 2	52 4	16 4	76 2	35 1	59 1	56 1	34 6	10 1	21 2	11 3	58 1	8 2	39 1	28 1	19 2	72 1	26 1	29 1	75 3	79 2	73 1	4 1	0 1	17 2	32 1	53 1	77 2	13 1	20 1	14 3
45 1	66 2	0 1	18 1	25 1	27 3	79 1	23 1	54 1	39 4	8 5	75 1	41 6	16 3	62 1	53 3	1 1	70 1	69 3	58 2	40 1	19 2	68 2	14 3	64 1	2 2	52 2	13 5	63 1	30 1	42 3	20 2	24 2	67 1	34 2	38 2	12 1	31 2	6 2	35 2	26 6	73 1	65 3	61 1	55 5	22 1	72 1	57 1	4 2	5 1	78 2	36 3	28 1	33 1	10 1	9 4	51 1	11 2	56 2	44 2	46 4	49 1	59 1	7 1	32 1	50 1	60 2	15 1	17 2	37 1	71 7	48 1	47 1	21 3	29 2	74 4	43 1	76 2	77 2	3 8
23 6	4 1	61 2	62 1	59 5	17 3	46 1	63 1	18 2	44 3	53 1	27 4	77 1	52 1	57 1	34 2	79 3	73 3	25 1	69 1	26 3	16 2	5 1	37 2	0 3	74 1	12 1	28 1	3 1	41 1	10 1	31 1	56 1	38 2	50 1	76 2	33 2	19 3	67 3	60 5	1 1	70 2	11 3	35 3	20 2	6 1	45 2	7 1	66 1	48 2	8 1	51 3	40 1	32 1	9 2	54 1	43 1	14 1	71 2	65 1	75 1	47 2	22 6	30 2	49 2	68 2	39 4	64 3	55 2	24 2	36 3	42 2	2 3	13 1	58 3	15 2	72 4	29 2	21 1	78 4
68 2	5 2	74 1	33 4	7 2	64 2	66 3	17 3	52 1	55 1	70 2	63 2	40 2	77 3	35 1	31 3	61 2	4 6	27 2	48 1	79 3	23 1	24 1	15 3	10 1	44 1	0 2	46 4	3 1	32 3	49 5	20 1	78 5	38 1	26 1	1 1	12 1	19 1	36 4	62 1	6 1	39 2	21 2	57 1	72 2	43 5	18 2	58 1	29 1	25 1	9 1	16 3	11 1	2 2	34 2	41 2	71 1	65 4	73 1	76 3	59 1	75 2	67 1	22 1	37 1	53 4	45 1	28 2	8 2	54 1	30 1	51 2	60 2	50 2	56 2	13 3	14 2	47 1	69 1	42 2
31 8	23 1	53 2	27 4	60 3	76 1	21 3	41 1	13 1	34 3	12 2	15 2	69 1	9 4	52 1	74 1	77 1	57 2	39 1	30 3	2 1	75 1	45 2	37 1	63 1	47 1	67 1	40 1	62 2	4 1	18 1	24 1	14 3	61 1	19 3	65 4	33 1	6 5	17 4	55 1	3 2	58 4	72 1	26 2	16 1	51 1	1 5	32 3	49 1	73 5	59 1	71 2	46 5	20 2	54 1	79 1	28 2	36 4	35 1	11 1	43 3	68 4	78 3	22 1	44 1	42 2	50 1	64 6	7 6	38 2	56 1	8 2	5 2	25 3	48 3	0 1	70 1	66 2	29 1	10 2
65 5	7 4	26 7	0 1	47 4	70 3	25 1	69 3	1 1	24 2	61 1	39 6	50 1	27 2	15 1	53 9	72 2	11 1	35 3	12 2	74 1	34 3	28 6	19 2	22 1	32 9	14 1	59 2	44 1	41 1	42 1	78 2	73 2	37 1	64 3	13 2	75 1	16 1	52 2	45 1	29 4	62 1	36 1	9 1	5 2	76 1	67 2	43 2	58 1	60 2	77 1	31 7	57 3	40 1	2 2	8 1	23 1	49 2	79 1	66 1	71 1	55 2	38 2	20 2	18 2	46 1	4 1	21 1	54 1	10 1	56 2	6 1	30 1	48 1	3 3	33 4	68 1	17 2	51 1	63 1
70 3	8 2	3 2	67 4	28 1	38 2	58 1	24 2	0 1	22 1	35 2	74 2	32 1	12 1	48 3	2 1	10 1	65 1	1 1	75 2	49 1	26 2	34 1	46 4	9 3	39 1	63 3	45 1	41 1	73 1	56 1	52 1	21 5	40 1	78 3	50 1	57 3	66 1	5 1	30 3	7 1	54 1	71 5	68 2	47 3	18 1	33 2	55 3	19 1	69 1	61 3	44 2	60 2	42 2	77 3	37 3	25 3	62 2	79 1	51 3	53 2	64 1	23 1	36 1	11 2	16 3	17 6	6 3	59 2	15 1	43 1	29 2	20 1	31 2	27 1	13 1	76 3	4 2	72 3	14 1
4 1	58 5	52 1	29 1	3 3	77 1	27 2	42 3	76 1	8 2	40 1	47 1	51 3	9 4	55 2	66 2	69 5	1 2	59 4	46 1	57 2	41 1	38 1	65 1	17 1	22 1	31 4	62 1	50 2	14 1	39 1	48 1	13 1	2 1	19 1	10 1	21 4	78 2	56 6	49 3	11 1	73 4	54 1	16 1	64 4	63 1	35 1	43 1	70 1	6 1	68 2	53 4	18 6	36 1	44 1	20 1	28 1	79 3	67 1	30 2	37 1	74 3	23 2	75 1	15 1	26 1	45 1	25 5	61 1	34 1	32 1	72 1	12 2	24 1	33 2	60 1	7 3	0 1	71 1	5 2
9 2	27 2	67 1	0 3	35 1	42 3	47 1	37 4	2 3	14 1	7 2	75 2	18 1	4 2	53 4	79 1	70 1	30 1	52 4	56 5	40 1	10 4	57 2	65 1	77 2	61 1	3 1	13 2	78 3	73 1	6 1	34 2	46 1	69 2	62 3	23 1	72 2	15 3	68 2	21 3	39 2	28 1	45 2	17 4	50 3	58 3	49 1	74 1	33 1	63 1	64 2	44 1	25 1	24 1	19 1	54 3	1 2	29 2	36 1	31 1	38 1	76 2	22 3	51 1	43 2	66 1	26 2	12 1	48 1	32 3	16 1	71 1	11 1	60 2	55 1	59 5	5 1	20 5	41 2	8 2
58 1	72 2	48 2	66 1	50 2	31 1	40 3	65 1	46 3	10 6	41 2	79 2	52 3	26 2	74 1	68 1	53 3	14 5	47 3	16 1	57 7	61 1	15 7	59 1	11 1	42 1	54 3	27 3	9 1	75 2	1 1	56 2	78 2	43 1	70 4	13 1	32 1	69 2	73 1	18 2	3 1	67 1	28 2	64 5	55 4	23 7	45 4	37 6	29 5	62 3	38 1	25 2	12 3	34 1	7 2	51 1	21 1	33 3	8 2	39 1	2 3	20 2	24 2	63 1	49 1	22 1	0 2	30 1	76 2	4 2	6 1	35 2	60 1	44 2	5 2	71 2	17 1	36 2	77 3	19 1
62 1	78 2	0 3	12 3	47 1	7 1	16 2	61 4	17 2	23 1	74 1	67 3	73 1	31 1	36 1	43 4	6 2	41 2	19 3	72 3	8 1	44 1	3 1	13 2	38 4	24 2	66 1	65 3	76 1	77 1	48 1	29 1	18 1	22 1	34 3	21 1	35 1	33 2	27 1	1 2	49 1	53 1	70 2	46 1	28 2	40 1	45 1	26 1	79 4	37 4	2 1	68 1	4 4	39 1	42 2	71 1	59 1	14 1	55 2	11 1	75 4	10 2	54 1	64 2	63 5	15 1	50 2	9 1	60 2	69 1	51 1	57 3	20 1	56 2	25 1	52 2	5 3	32 3	30 3	58 1
58 1	17 1	19 1	18 1	47 1	6 2	55 2	73 1	11 1	46 1	3 3	50 1	51 1	49 1	30 1	59 1	23 2	36 3	43 6	78 2	5 2	42 2	62 1	32 1	28 1	22 1	4 1	29 1	44 2	7 1	13 1	0 1	26 1	72 2	67 3	24 1	54 1	74 1	35 2	31 2	25 2	70 1	69 4	20 3	9 2	48 2	79 1	77 1	57 2	21 2	14 1	75 1	34 1	33 1	61 1	53 1	38 1	15 1	12 3	66 1	27 1	37 6	76 1	16 3	39 2	2 1	64 2	56 1	60 2	71 2	52 1	41 1	63 7	8 1	68 2	65 1	40 2	10 1	1 2	45 2
79 2	33 1	3 3	17 2	68 1	53 1	10 1	41 2	29 3	45 2	40 2	26 4	32 1	13 3	21 1	65 3	36 3	38 2	60 1	27 1	31 7	28 2	20 3	46 1	43 1	67 1	55 3	61 2	75 2	9 4	72 6	51 3	57 1	37 3	69 4	66 1	49 1	14 3	7 2	56 2	4 3	63 3	8 2	59 1	52 1	5 2	35 2	0 1	39 1	78 1	64 1	30 1	44 1	24 1	12 1	47 1	16 2	58 1	62 1	6 1	11 2	54 1	22 1	34 1	2 4	18 1	50 1	71 1	74 1	70 6	23 3	76 1	1 1	77 1	15 2	48 1	25 5	42 1	19 7	73 1
19 1	53 2	22 3	23 2	72 3	0 1	17 3	61 3	59 1	51 1	40 1	68 2	58 3	73 2	71 1	35 4	15 1	75 1	10 1	18 1	31 3	49 1	77 2	62 2	52 1	69 2	50 3	5 1	76 2	79 2	7 4	48 1	46 5	67 1	26 1	3 3	44 1	43 2	25 1	8 2	24 5	63 1	14 1	21 1	36 2	6 1	65 1	29 1	33 1	37 2	11 4	47 1	34 1	28 1	4 1	38 3	64 2	32 2	39 4	54 1	2 2	60 1	55 2	16 2	74 2	57 2	1 1	42 1	41 1	56 2	20 2	70 1	78 1	12 2	45 3	27 1	66 2	30 3	13 2	9 1
43 2	38 3	63 2	76 3	39 2	42 1	4 1	50 2	17 3	65 4	77 1	28 4	8 1	47 1	23 1	22 1	14 2	15 2	57 3	31 5	51 1	6 2	46 5	64 1	37 3	58 1	25 1	24 1	11 1	73 4	30 1	41 1	61 1	53 3	79 1	1 1	72 1	35 2	74 4	34 2	62 1	33 1	75 1	40 3	2 1	48 2	49 2	26 3	70 1	45 3	66 1	32 6	18 1	21 1	27 1	60 6	54 3	56 4	16 1	68 2	44 2	13 1	52 1	12 5	9 1	69 1	78 2	67 2	19 1	71 1	36 1	0 1	20 4	5 6	29 1	7 1	3 1	55 3	59 3	10 1
20 1	28 1	53 1	13 1	45 1	26 1	35 1	18 5	16 3	29 1	5 1	10 1	44 2	37 4	76 1	2 1	63 2	1 1	69 2	62 1	68 1	60 2	4 2	32 1	3 3	15 2	56 1	22 3	25 1	7 4	64 1	54 1	34 1	51 1	52 1	0 4	8 1	30 3	36 1	24 2	78 1	71 1	9 1	79 1	12 3	42 1	49 2	46 2	17 2	77 1	73 2	67 1	31 6	38 4	48 2	40 2	43 1	75 4	59 1	61 2	74 4	70 1	41 1	55 2	72 1	65 3	66 2	6 6	23 3	27 3	14 4	47 3	57 2	21 1	33 1	58 7	19 3	50 4	11 1	39 1
45 3	65 2	23 1	79 1	20 1	9 1	76 3	41 1	17 2	31 2	53 1	24 2	4 4	54 1	12 1	38 2	57 1	72 3	10 3	74 1	64 4	61 2	48 1	55 1	3 1	59 2	56 2	22 2	26 2	28 1	60 2	50 1	52 2	7 2	33 1	67 2	32 1	77 1	15 2	6 2	73 2	63 4	0 2	43 1	42 2	13 1	58 1	16 1	68 6	1 1	78 3	25 1	70 2	30 5	40 3	14 1	19 1	37 1	75 2	34 1	2 1	18 1	11 3	49 1	8 2	66 2	39 1	44 1	21 2	27 1	35 1	47 3	62 1	46 3	69 5	71 2	51 1	29 1	36 3	5 1
47 1	48 1	44 4	13 2	49 2	4 2	35 1	54 3	28 2	29 1	5 1	73 8	11 1	6 1	72 2	75 2	64 2	50 1	78 2	25 1	17 1	37 1	69 1	76 1	32 2	60 1	39 1	2 1	24 1	55 4	19 3	40 2	42 1	1 1	45 4	59 1	33 1	3 2	56 1	31 2	74 1	79 1	65 1	62 1	18 1	21 1	10 1	77 3	34 1	46 3	51 1	53 2	16 3	26 4	22 1	68 6	58 1	20 1	27 1	38 2	14 2	57 1	30 2	8 1	9 6	66 1	52 2	36 3	41 1	43 1	67 1	71 2	23 1	7 3	70 4	63 3	0 3	61 2	12 1	15 2
47 1	48 1	78 3	20 3	40 1	65 2	15 3	21 1	39 3	73 1	74 2	23 4	17 1	67 3	62 6	58 5	46 1	36 5	55 3	37 1	75 1	51 3	77 1	10 2	50 1	3 2	71 3	34 1	29 7	43 4	79 2	45 2	32 2	9 5	53 2	64 1	28 5	6 2	30 1	63 1	14 3	27 2	22 4	1 1	68 1	0 2	57 4	72 1	19 2	25 1	49 1	18 5	60 1	44 1	26 1	41 1	31 2	38 2	35 1	13 1	11 2	8 3	76 1	7 1	52 3	5 1	66 1	4 1	42 1	33 6	12 1	56 5	61 2	70 1	69 2	24 2	2 5	54 1	59 1	16 2
44 2	58 3	2 2	59 2	56 1	30 1	23 2	40 1	18 1	52 5	7 1	41 4	53 4	13 2	27 1	70 2	45 2	6 1	72 1	11 3	10 3	37 2	38 1	20 3	25 4	5 5	43 1	42 2	35 5	3 1	71 2	19 2	79 1	12 1	21 1	31 1	55 1	26 1	49 3	17 2	47 1	9 1	66 1	76 5	48 1	29 2	67 4	78 4	39 1	8 3	32 2	73 1	1 3	14 2	24 1	64 1	75 6	16 1	0 2	61 2	51 1	4 1	74 2	34 1	63 1	62 1	77 3	22 4	28 1	33 2	50 1	65 1	57 1	36 1	68 3	60 1	15 2	69 2	46 1	54 1
37 10	11 2	41 1	3 1	65 2	76 1	14 1	31 1	50 1	74 1	56 2	72 1	79 1	38 1	21 3	39 2	18 1	34 4	40 1	60 1	61 3	77 1	48 1	22 1	62 2	73 3	58 3	36 2	44 2	49 2	68 1	59 1	24 2	5 3	23 1	6 1	69 1	43 5	67 1	35 1	13 3	7 1	46 2	12 1	0 3	30 2	4 1	16 1	70 1	71 8	27 1	8 1	29 2	42 1	32 5	55 1	26 1	15 6	10 1	63 2	25 1	19 3	33 2	1 4	20 2	28 1	47 1	64 2	45 1	52 1	57 1	51 1	75 1	2 1	66 1	54 5	53 2	78 1	17 2	9 2
12 1	78 2	23 6	29 1	37 1	54 1	59 1	47 1	66 2	55 1	41 1	49 2	44 1	73 5	27 1	26 1	50 1	35 1	5 1	22 2	64 3	21 3	57 1	74 2	75 1	71 1	53 3	43 4	10 1	72 1	25 1	51 2	32 1	9 2	56 2	24 1	14 2	60 1	52 2	67 1	17 2	36 1	13 2	19 3	45 1	7 2	20 1	62 2	4 1	0 1	69 5	79 2	68 1	15 2	30 2	16 1	48 6	65 1	38 3	6 2	1 1	11 1	31 1	33 2	18 1	61 2	77 1	39 1	28 2	76 1	34 2	46 1	70 1	58 3	2 3	40 1	63 1	3 7	8 1	42 6
29 2	2 1	36 2	14 2	62 1	12 2	52 1	20 2	48 2	8 1	55 4	39 1	71 8	4 1	17 3	45 1	46 4	41 2	70 3	34 6	78 5	59 1	77 2	32 1	61 2	67 2	24 1	64 2	13 2	26 3	66 2	43 1	68 1	57 2	54 2	3 2	31 2	74 5	44 6	76 3	35 3	16 2	19 5	65 1	5 1	30 1	53 1	50 1	40 2	49 2	22 2	25 2	75 1	21 3	18 1	15 1	56 4	60 1	72 1	63 2	79 4	33 1	47 3	11 1	73 2	6 2	38 1	51 2	9 1	23 10	28 1	69 1	0 2	37 3	10 1	58 1	7 2	27 1	42 1	1 1
18 1	4 1	40 1	55 2	66 3	78 1	24 5	17 1	12 7	20 1	45 1	72 1	56 1	65 1	25 1	7 5	49 1	58 5	47 1	79 1	35 2	63 1	46 1	38 1	5 1	1 2	22 1	32 3	29 2	69 1	70 4	30 1	67 4	16 5	44 5	43 4	76 2	28 6	60 1	33 3	52 3	19 1	14 2	54 1	13 2	37 2	39 2	36 2	2 6	31 1	64 1	59 5	34 2	75 2	23 2	15 2	10 2	73 3	53 1	8 2	71 1	27 1	48 1	77 1	50 1	41 2	42 1	26 1	61 4	74 1	0 5	51 2	57 1	62 1	3 3	21 1	11 2	9 1	68 4	6 4
78 1	10 3	23 2	42 1	25 1	67 3	9 2	58 1	19 2	5 1	15 2	29 6	59 1	65 3	76 1	48 1	14 5	75 1	34 1	63 1	57 4	4 2	74 1	52 1	56 2	50 2	8 4	20 2	28 5	37 3	62 2	2 1	66 1	49 1	22 3	46 2	27 3	7 2	16 3	53 2	72 3	47 4	77 2	39 1	12 2	51 3	40 1	64 2	61 1	21 1	45 6	35 1	0 5	11 4	69 2	3 1	70 1	36 1	71 3	6 2	26 1	60 1	79 1	41 3	17 1	38 1	43 1	54 3	31 1	1 3	32 2	24 3	30 2	73 5	13 3	18 1	68 1	55 2	33 1	44 1
66 1	30 1	64 4	15 1	65 1	78 1	38 1	28 1	18 1	44 1	49 3	31 5	33 1	5 1	20 2	51 1	29 2	54 6	17 1	63 1	27 1	72 1	35 1	76 4	61 1	21 1	4 1	10 1	45 1	46 1	2 1	0 1	23 1	74 1	26 1	1 2	71 2	47 2	69 3	55 3	16 2	40 2	59 3	79 2	60 4	58 1	7 2	19 1	3 1	57 1	75 4	41 2	22 3	67 2	37 1	52 1	8 1	48 2	36 2	68 2	39 3	6 2	56 2	50 2	70 2	9 5	32 2	77 1	14 4	13 1	53 4	11 1	25 1	73 2	62 2	43 1	42 1	24 4	34 1	12 4
25 1	20 1	15 1	55 2	68 2	24 9	2 1	57 1	60 2	33 2	66 1	0 3	12 4	75 4	26 3	7 1	35 1	23 1	22 4	73 2	58 2	71 1	59 3	8 3	9 1	30 2	61 2	46 1	47 2	50 2	13 1	67 1	17 7	69 1	70 1	53 1	52 1	31 4	74 2	39 2	76 1	1 1	40 3	64 2	41 2	38 1	54 5	78 1	27 2	11 1	56 2	42 3	21 2	28 3	45 1	18 1	16 3	37 1	72 2	62 1	36 1	43 2	77 7	5 1	32 1	10 1	48 2	51 1	79 1	65 1	49 1	63 1	6 1	4 2	34 2	29 2	44 1	14 3	19 1	3 2
37 1	4 3	45 2	20 1	29 1	54 1	38 3	79 1	75 1	31 2	32 3	1 1	69 1	34 1	8 1	5 3	19 3	18 1	2 1	43 2	7 1	27 2	30 1	36 1	76 3	41 1	78 1	68 1	13 2	0 5	33 3	10 2	21 2	49 2	3 2	24 1	22 5	50 1	47 1	52 2	71 1	61 4	51 1	25 3	58 1	6 1	40 1	23 4	67 2	15 1	55 3	62 1	9 1	42 1	56 2	73 1	39 1	65 1	72 2	14 2	59 7	12 1	48 2	74 3	77 1	11 1	66 3	70 3	16 3	44 1	60 6	46 1	26 3	35 1	28 3	53 1	64 3	63 1	57 3	17 1
26 1	37 3	13 1	4 1	63 2	40 2	21 1	55 1	42 1	28 2	78 1	11 2	5 2	7 2	19 1	59 3	61 4	51 2	29 3	23 1	73 1	41 2	50 1	60 3	8 2	43 1	68 2	69 1	2 2	57 1	47 5	54 2	3 5	12 2	34 1	36 1	79 3	65 1	18 1	66 4	56 2	16 1	75 1	27 1	71 3	70 1	24 1	35 3	52 2	0 1	62 1	17 2	31 2	22 2	74 2	10 1	48 5	64 3	49 2	20 2	39 1	32 2	58 1	76 1	46 2	44 1	67 1	1 4	53 1	72 2	15 3	9 1	14 3	30 1	45 1	38 1	33 1	77 1	25 1	6 1
25 2	29 1	18 1	26 1	27 2	75 3	43 2	22 2	61 2	74 1	23 2	42 4	64 1	47 1	36 1	51 2	77 3	58 1	11 1	52 1	62 1	70 1	2 2	56 1	65 2	10 2	35 4	44 2	49 1	6 1	34 3	16 6	28 1	63 2	7 3	68 4	71 4	24 2	21 2	30 1	33 3	79 1	60 1	45 2	78 4	15 2	1 1	37 2	46 1	76 1	3 2	38 1	59 1	54 1	4 1	57 2	14 10	0 1	13 1	66 1	5 4	20 2	72 2	19 1	12 4	17 3	9 1	67 1	53 2	50 1	40 2	31 1	55 5	73 2	8 1	39 1	48 2	69 1	41 3	32 1
21 2	67 2	45 4	55 1	39 1	51 1	63 1	18 1	66 1	33 2	31 1	24 2	65 1	35 1	72 1	17 1	10 1	6 2	4 3	25 2	48 4	78 2	52 2	54 4	41 1	37 1	50 2	46 1	70 2	58 2	69 2	26 2	43 5	1 10	15 4	36 3	8 1	0 2	20 3	29 1	44 1	49 4	5 1	7 1	73 2	19 2	56 3	11 4	59 4	57 1	68 3	13 1	79 1	28 4	40 2	23 1	64 1	14 3	12 2	71 2	61 3	75 2	60 1	62 3	22 4	30 2	42 2	53 2	74 4	47 1	38 5	34 1	32 2	27 1	16 1	3 3	9 1	2 3	76 2	77 2
2 3	25 1	23 4	78 5	61 1	29 2	57 1	47 1	26 2	28 4	18 1	68 1	30 2	72 2	52 3	44 9	56 1	21 1	6 1	14 1	9 3	74 2	35 3	12 9	16 1	41 5	75 2	5 6	53 1	4 3	79 1	40 4	34 1	55 1	15 2	36 5	69 4	33 2	13 2	48 1	58 1	64 1	66 2	49 6	11 1	32 1	67 1	7 1	1 2	77 4	59 1	71 1	54 1	37 1	31 2	42 1	0 3	50 5	51 4	76 1	45 8	46 2	39 1	73 2	19 2	17 1	22 3	62 2	65 2	20 2	8 2	24 1	38 2	63 1	10 4	43 1	3 2	60 2	70 2	27 3
69 2	56 1	40 1	15 1	0 1	66 1	38 1	11 1	47 2	23 1	21 2	43 4	72 8	54 5	39 2	3 6	10 1	1 1	4 1	9 3	27 1	59 2	35 2	37 1	75 1	32 1	12 1	45 1	14 1	33 2	34 2	76 2	77 1	18 2	48 1	24 4	29 2	58 1	73 3	20 1	62 6	16 3	13 1	63 1	52 2	25 2	30 1	70 1	46 4	5 1	36 1	26 1	64 8	22 1	67 1	74 2	7 1	50 3	61 1	19 2	78 1	55 3	71 1	6 1	60 1	8 1	42 3	51 1	41 2	49 2	68 2	17 2	44 1	65 1	79 4	2 2	31 1	57 2	28 1	53 1
66 1	31 1	57 2	76 4	40 1	3 1	37 3	77 2	13 4	30 1	27 1	75 1	74 1	47 6	72 1	36 1	70 2	20 1	46 1	0 1	6 1	58 4	43 2	56 2	23 3	26 1	34 1	14 2	51 1	78 3	5 1	22 1	73 2	65 1	9 2	38 2	67 3	4 2	29 3	33 1	49 2	59 3	45 1	12 2	54 2	11 1	64 1	7 2	15 1	16 2	24 5	19 2	48 2	41 1	60 1	71 2	42 2	52 1	2 3	35 2	39 2	79 2	62 2	17 4	8 1	63 1	25 2	21 1	69 1	28 1	55 1	10 1	44 1	68 1	32 3	18 1	53 3	61 2	50 3	1 1
71 1	21 1	19 1	75 2	46 3	69 1	13 1	38 3	7 5	6 3	27 1	9 1	1 1	61 1	29 1	5 4	8 2	20 2	14 1	36 2	12 2	39 1	43 1	52 3	15 1	11 1	18 2	63 1	28 2	78 1	10 2	67 2	0 2	55 1	42 3	70 1	17 1	65 1	77 1	37 4	26 2	56 1	23 3	66 1	74 2	57 1	73 1	53 4	72 2	50 1	68 1	41 5	51 1	60 1	59 1	24 3	48 3	58 1	34 3	62 1	45 1	49 2	76 1	35 1	2 2	64 4	44 1	33 1	40 4	3 2	30 1	4 3	22 1	54 1	47 6	31 2	79 4	25 3	32 2	16 2
8 4	38 5	71 1	41 1	62 3	34 1	0 4	43 6	26 3	56 2	19 1	21 1	2 1	12 2	48 2	32 1	72 3	20 1	37 1	40 1	60 2	29 1	46 1	25 2	75 3	15 2	44 5	64 1	4 2	65 1	1 1	70 1	5 2	30 2	14 1	27 1	77 2	51 1	57 2	35 1	13 4	28 1	76 1	45 1	52 1	55 2	9 1	50 1	68 1	66 1	39 1	23 1	10 3	11 1	33 2	67 4	73 1	18 1	47 3	53 1	3 1	6 1	63 2	49 1	42 1	31 2	61 1	17 2	58 5	79 2	59 1	78 1	54 1	7 2	36 4	24 2	16 3	69 7	22 1	74 7
3 2	41 1	9 2	7 1	43 2	17 1	56 5	30 2	8 1	58 1	0 1	62 1	57 1	12 1	33 1	26 2	67 1	22 1	20 2	39 2	66 1	50 2	10 1	54 7	53 3	74 1	19 3	40 2	60 1	32 2	64 1	23 3	45 6	72 1	75 4	73 1	4 3	77 2	42 2	6 1	24 1	49 3	69 3	37 1	78 1	63 3	55 2	16 3	46 3	38 1	14 1	15 1	79 1	25 1	21 1	44 3	18 1	35 4	51 3	1 7	5 2	71 2	48 1	34 2	28 1	13 1	59 1	76 9	70 2	61 1	65 2	31 1	68 5	2 4	47 1	29 3	27 1	11 1	52 2	36 2
76 3	9 1	18 1	64 1	58 4	14 2	1 1	71 3	22 1	74 1	69 3	10 2	48 1	49 3	27 4	12 1	62 1	72 2	42 3	23 1	13 2	8 4	6 2	30 5	40 2	28 1	19 3	5 1	31 1	61 1	24 1	46 1	63 1	53 3	7 1	52 1	47 2	26 1	45 1	65 1	56 2	15 1	32 2	38 1	50 1	17 2	77 1	70 1	33 1	79 3	20 1	73 7	55 1	21 2	29 6	43 3	51 1	34 2	36 5	78 5	11 1	54 1	16 1	68 2	3 3	0 6	44 1	39 1	75 1	4 1	59 4	37 2	57 2	66 1	25 1	67 1	35 2	60 1	2 1	41 2
69 2	70 2	76 3	28 1	49 1	18 4	53 1	40 5	36 1	56 1	32 1	73 3	72 1	46 4	14 1	27 2	15 2	2 1	57 2	10 1	75 2	9 5	41 1	61 2	48 1	54 1	31 1	26 1	78 1	77 1	17 5	71 1	60 3	47 5	29 1	51 5	11 1	37 3	30 1	6 1	74 1	21 3	67 1	25 2	42 1	4 2	35 1	59 1	12 2	34 1	24 1	45 3	7 2	66 1	52 1	33 2	3 1	65 1	5 6	0 1	63 2	16 1	20 1	55 1	62 1	68 2	23 4	1 1	38 2	64 2	8 3	50 2	44 3	43 3	22 1	79 1	39 4	58 2	13 6	19 1
59 1	13 1	30 1	10 2	29 1	51 1	26 1	52 6	57 1	34 4	15 1	25 3	74 3	65 1	35 1	22 3	24 2	43 1	20 1	0 1	67 1	62 3	36 1	77 4	19 1	16 1	6 2	45 1	4 5	49 1	41 1	18 1	70 3	40 1	42 6	50 2	54 1	31 2	38 1	27 2	17 1	53 1	37 1	64 1	12 1	68 1	73 1	56 2	23 5	47 2	66 5	76 1	1 1	7 1	75 5	5 1	11 1	3 3	46 3	71 1	72 6	63 2	58 2	48 1	61 2	32 1	14 1	8 1	2 2	33 2	79 2	28 2	69 2	21 1	9 2	44 1	60 3	78 1	39 1	55 4
51 1	19 1	13 2	74 5	68 2	22 1	61 4	14 1	40 1	45 1	39 2	78 4	44 1	32 1	43 2	71 5	37 1	42 3	20 1	9 1	46 2	6 1	25 2	28 4	3 2	65 4	56 6	49 5	38 3	50 1	35 2	24 1	72 1	64 7	41 2	17 1	53 3	8 2	11 3	47 1	34 1	58 1	54 2	77 2	33 3	26 1	31 2	57 1	1 1	67 1	36 1	5 1	63 1	79 2	70 1	75 3	23 1	55 1	12 1	59 3	27 4	69 2	48 1	66 1	18 2	21 2	10 3	4 1	0 1	62 1	7 1	2 2	16 1	60 4	15 1	76 1	52 5	29 3	73 1	30 1
60 5	36 3	46 1	44 2	13 2	2 2	66 2	21 1	37 1	32 4	51 1	6 1	72 1	54 1	56 3	62 2	38 2	29 1	35 2	0 4	17 2	48 3	77 1	12 1	33 1	69 1	43 1	74 1	39 1	45 2	15 1	27 2	11 1	67 4	9 1	18 2	41 1	28 1	55 1	50 2	42 1	78 1	22 5	40 1	47 1	76 1	10 3	59 2	7 1	25 4	8 1	4 1	68 3	1 1	26 1	16 1	61 3	65 1	23 1	79 1	58 1	20 1	70 2	71 1	34 2	52 2	49 3	75 2	30 4	64 3	24 1	73 1	19 3	63 3	57 1	31 1	3 2	53 4	5 1	14 1
76 3	32 1	12 1	65 1	45 1	58 1	8 2	5 2	73 1	69 2	28 2	20 1	41 1	18 4	22 1	52 1	0 1	64 1	35 1	7 3	43 1	24 2	27 5	77 2	54 1	16 1	59 1	61 1	62 3	39 2	11 1	14 3	78 2	4 2	60 1	57 4	21 2	17 1	49 2	68 2	3 3	33 1	71 1	72 5	30 2	44 2	48 3	63 3	40 5	74 3	55 1	70 1	67 1	10 2	13 1	37 1	31 1	29 1	50 6	47 1	2 1	19 1	75 4	53 1	1 3	51 1	56 1	25 1	79 1	46 7	34 1	15 2	23 1	9 2	66 5	38 1	26 1	36 2	6 1	42 3
24 3	2 3	28 2	67 1	17 3	61 2	50 1	18 2	23 3	27 4	0 2	55 3	43 1	48 2	58 1	51 2	15 1	6 1	32 1	12 1	1 1	69 1	76 2	40 1	10 8	53 1	75 4	41 2	46 3	54 1	11 2	9 5	35 1	7 1	13 1	16 2	74 1	77 3	20 1	66 2	68 2	71 1	72 2	8 5	26 3	22 2	5 1	19 1	14 4	29 1	47 7	49 2	59 2	33 1	52 2	65 1	39 1	70 1	56 2	34 2	64 3	63 6	37 3	31 2	36 1	25 1	62 1	57 7	4 2	60 1	42 1	44 3	78 1	3 1	38 1	79 4	21 1	30 2	45 2	73 2
22 1	58 1	61 1	71 1	17 2	13 1	78 1	65 3	73 2	27 2	31 1	79 2	3 2	11 2	1 3	46 3	50 1	23 1	35 3	28 1	66 1	64 1	38 1	26 2	52 2	4 4	68 7	57 2	67 3	36 1	5 1	0 3	39 1	55 3	75 3	24 5	9 1	8 1	34 2	53 1	16 2	15 1	60 1	70 2	12 6	21 1	48 1	77 2	19 1	41 2	74 1	51 2	18 1	2 1	72 1	49 1	69 1	7 1	76 1	59 1	14 1	62 1	56 2	45 2	42 1	10 2	37 2	47 1	30 2	44 1	29 3	63 2	54 1	20 2	6 4	33 4	43 2	32 1	40 1	25 1
64 1	32 2	45 1	44 1	16 6	19 3	29 2	7 1	46 1	43 4	6 2	12 1	36 2	76 2	48 2	27 4	53 3	51 1	20 8	54 1	55 1	34 2	5 1	41 2	59 1	35 1	58 2	26 1	28 2	60 1	65 2	4 2	78 4	2 1	71 1	74 4	15 1	3 1	22 2	40 2	49 1	23 2	67 1	30 1	8 1	38 1	75 1	61 1	21 4	79 1	57 2	33 3	9 1	42 1	31 1	37 1	69 6	0 1	14 1	62 1	24 1	50 2	72 1	73 1	25 1	56 1	66 1	70 6	11 1	1 3	68 2	47 2	17 1	63 3	13 1	52 2	39 3	18 6	10 2	77 1
13 1	54 2	74 1	37 1	29 1	17 3	75 1	22 1	62 1	25 1	59 1	12 1	73 1	51 1	50 1	78 1	66 2	71 1	4 2	19 2	27 4	68 1	60 3	10 2	72 1	6 1	24 1	58 1	53 1	33 2	57 2	36 1	63 2	14 1	77 1	69 3	44 3	28 1	21 2	30 2	5 4	38 2	45 1	49 1	79 1	67 7	15 1	1 3	43 7	64 3	70 4	40 1	35 6	76 3	2 2	9 1	26 2	41 2	65 1	55 1	23 1	61 4	3 1	31 5	8 2	0 1	46 1	18 2	42 1	11 3	56 1	47 2	16 1	7 2	48 2	34 1	39 3	52 2	32 1	20 4
43 2	74 2	13 1	64 1	23 1	75 5	56 1	6 2	61 5	76 1	35 1	26 2	63 3	77 5	33 2	73 1	47 1	5 1	18 4	46 1	49 1	22 1	44 5	12 1	65 1	36 2	21 2	17 1	1 2	55 1	54 1	58 1	59 6	31 1	41 1	45 1	37 1	67 2	10 2	57 1	24 3	0 1	53 1	16 2	40 1	38 1	39 1	4 1	69 1	52 3	60 1	19 2	70 2	34 1	27 2	9 1	79 6	32 3	2 1	11 2	68 2	42 1	7 1	28 1	48 1	3 1	50 1	29 2	51 3	62 1	8 1	15 1	25 3	72 2	78 3	20 7	30 1	66 1	71 1	14 1
15 1	68 1	22 3	58 3	40 1	62 2	26 1	79 1	39 1	10 4	35 2	28 2	13 2	49 3	7 2	23 1	20 1	59 1	71 3	33 1	70 2	46 2	38 1	12 1	37 2	54 3	48 1	77 3	4 7	65 1	41 1	55 1	29 2	42 2	63 4	1 3	64 3	69 2	32 5	66 3	50 3	53 1	16 1	61 1	2 1	30 1	47 2	17 1	34 1	18 1	78 2	52 3	60 1	76 1	14 1	24 4	11 1	36 1	44 1	6 1	31 1	72 1	0 2	21 1	75 3	9 1	51 1	74 1	8 4	3 2	67 2	5 3	27 1	45 3	19 2	25 1	73 1	43 2	57 3	56 5
