100	70
0 7	27 3	64 1	53 1	47 1	52 1	28 1	19 1	31 4	8 1	29 2	13 5	68 1	5 1	36 1	39 3	51 2	11 1	58 2	69 2	34 3	54 1	3 2	25 1	42 1	17 1	62 1	50 2	65 1	43 1	9 1	38 2	18 1	16 2	15 1	61 1	24 3	35 2	66 1	46 1	14 3	20 1	60 3	48 1	22 1	59 1	23 1	10 1	32 1	63 1	30 3	41 2	57 6	7 1	12 1	2 1	44 1	45 2	33 1	55 4	21 2	67 7	37 2	26 1	4 1	6 1	49 1	40 2	1 1	56 2
47 1	37 2	39 3	67 1	60 6	33 3	45 1	41 2	28 5	38 2	69 3	44 1	68 3	2 3	61 3	23 3	40 1	52 1	30 2	1 4	5 3	46 2	58 1	20 1	0 3	11 2	10 2	42 1	17 6	64 1	19 1	9 2	54 1	53 1	27 5	48 1	24 2	14 1	31 1	22 1	15 3	43 2	59 2	36 1	12 3	63 1	3 2	55 2	51 1	8 1	13 2	66 2	21 2	62 3	6 1	57 1	16 1	49 1	34 2	29 1	4 1	32 1	7 3	25 1	65 1	18 1	50 1	35 1	26 1	56 1
42 4	33 1	11 1	24 1	3 2	5 4	38 1	40 1	4 1	26 2	52 1	6 2	43 2	10 2	58 2	18 3	48 6	63 2	51 1	16 2	23 2	28 2	21 2	30 1	66 2	60 2	34 3	46 2	29 2	19 1	1 1	47 1	7 4	62 1	56 1	36 2	65 1	55 2	37 1	64 1	13 2	53 1	32 1	35 2	59 1	67 1	44 3	0 1	20 1	25 4	27 3	14 4	17 3	31 2	39 1	15 4	50 4	9 1	54 1	12 1	61 5	41 3	57 5	45 4	22 1	68 2	2 1	8 1	69 2	49 5
68 4	42 1	29 1	27 1	48 1	4 1	40 1	56 3	24 3	36 1	66 1	5 1	22 1	6 1	30 3	16 1	3 1	53 2	49 2	32 2	41 1	13 2	55 1	11 1	14 1	0 3	39 2	34 1	67 2	20 3	31 1	21 1	18 4	46 5	26 2	19 1	59 1	2 1	38 1	51 2	60 3	65 2	9 1	63 2	37 2	23 1	8 3	28 2	47 7	25 4	50 1	57 2	62 1	12 1	69 4	10 5	15 1	33 1	58 1	17 2	61 1	64 1	7 4	43 1	44 1	1 2	35 1	45 1	54 2	52 1
55 3	17 2	32 5	57 3	29 1	43 2	6 2	64 2	50 4	9 4	61 1	69 1	35 1	10 4	67 1	45 3	68 1	11 1	31 2	23 1	54 1	60 2	49 2	0 1	44 6	58 1	65 2	4 4	1 2	13 1	41 4	36 2	30 1	3 1	2 2	25 2	14 1	5 1	20 6	18 1	19 3	24 2	37 1	21 1	48 1	52 4	47 2	66 1	40 1	46 2	59 1	34 4	27 1	28 1	38 1	8 2	51 1	15 1	26 1	12 1	39 1	42 9	56 1	33 1	16 1	63 2	53 1	22 3	7 1	62 3
17 2	51 2	56 1	40 5	5 2	18 1	2 5	60 1	49 2	29 1	15 1	33 1	64 3	25 3	1 2	31 4	50 4	19 1	63 2	23 1	28 1	44 2	11 1	54 1	8 2	48 3	41 2	66 3	14 2	13 1	45 7	57 1	37 1	65 1	24 2	12 1	34 1	58 1	30 2	46 2	16 2	36 1	38 6	35 2	3 1	20 1	62 1	26 1	43 3	6 4	21 1	68 2	9 1	32 3	47 3	61 1	52 2	67 5	53 1	7 1	55 1	27 1	39 1	0 3	59 1	69 7	4 2	22 1	42 1	10 1
56 2	55 2	45 4	43 1	29 1	65 2	57 1	28 2	40 1	42 1	10 1	34 1	61 3	27 2	46 1	4 2	6 2	12 3	32 2	22 2	69 4	37 2	30 7	58 1	9 1	24 1	11 1	63 1	54 2	19 2	36 1	38 3	59 3	15 1	31 1	16 4	5 4	49 4	52 1	67 1	39 2	25 2	41 6	23 2	64 4	8 1	47 1	26 1	50 2	18 2	51 6	1 1	68 2	0 2	66 1	21 1	7 1	48 2	35 2	53 5	44 2	60 1	2 1	33 2	62 2	20 4	17 2	3 3	13 3	14 1
18 1	53 1	5 2	38 3	55 4	47 1	41 2	64 1	4 2	19 1	12 2	46 2	57 3	58 3	7 2	40 2	8 1	42 1	34 1	51 1	39 2	15 4	21 1	63 3	66 5	22 1	23 5	59 1	0 3	30 5	9 1	17 3	65 2	62 1	33 2	44 3	26 2	3 4	67 2	28 1	60 3	35 2	2 1	50 5	13 1	10 1	16 1	54 2	24 1	61 3	45 2	27 3	43 3	68 1	36 2	20 2	25 1	6 3	49 2	14 1	56 1	1 2	69 1	48 1	52 2	11 1	29 3	31 2	32 1	37 7
37 1	66 2	61 1	5 14	7 2	35 6	54 2	16 1	67 1	65 3	21 2	4 1	36 1	0 1	51 3	14 4	58 1	26 1	6 5	17 5	45 1	47 1	44 5	56 1	42 4	59 3	19 1	40 2	18 2	9 1	34 3	32 6	38 3	22 1	53 1	69 3	55 1	28 2	68 1	24 2	48 5	31 1	2 2	27 1	30 2	62 1	12 2	57 2	11 1	49 4	20 1	43 1	52 2	33 1	10 3	63 1	13 4	46 2	60 1	25 3	29 2	3 4	64 1	50 1	1 8	39 2	23 1	8 9	15 2	41 1
69 1	46 1	10 1	65 1	12 1	45 1	51 3	34 1	24 2	21 3	8 1	0 3	53 1	36 1	68 3	44 2	27 2	67 1	30 1	32 2	26 4	54 3	41 1	42 1	2 1	1 2	7 1	56 2	40 2	18 2	25 1	58 1	6 2	62 4	16 6	52 4	59 2	66 1	20 1	3 1	4 6	37 2	11 1	50 4	9 1	33 1	28 1	19 1	61 1	63 2	15 1	13 4	31 1	60 3	57 2	22 2	55 5	14 3	5 3	23 2	29 2	47 3	35 1	49 1	17 2	43 1	64 1	48 1	39 1	38 1
64 1	25 5	23 4	50 3	58 2	13 1	24 1	8 4	65 2	0 1	35 1	10 2	33 2	38 1	14 3	43 1	48 1	30 5	15 1	42 7	67 3	57 3	27 4	20 5	22 1	60 3	34 1	26 5	46 3	55 1	9 1	69 1	44 4	53 1	16 1	28 2	7 2	21 5	41 4	6 1	45 1	39 2	40 2	29 1	31 1	19 1	1 5	59 5	32 1	3 8	2 2	5 1	51 1	52 2	63 3	37 1	62 1	49 1	18 1	12 2	36 1	17 2	68 2	47 2	56 2	54 1	66 1	4 2	11 1	61 2
46 1	21 1	15 2	29 1	68 3	62 1	24 4	28 4	37 1	65 2	40 1	57 1	69 1	36 1	5 5	51 2	18 1	53 4	23 1	27 4	58 4	2 1	56 1	4 1	3 1	43 3	13 3	55 6	1 1	25 1	8 1	48 4	20 1	63 1	54 2	47 1	12 1	34 6	0 7	30 2	6 1	44 2	38 4	35 1	49 6	64 2	9 3	45 4	60 1	26 2	11 1	10 1	14 3	19 1	17 1	42 1	50 2	16 1	31 2	66 2	59 1	67 3	22 4	39 1	52 1	33 1	61 3	32 3	7 3	41 1
43 2	31 1	10 1	57 1	15 1	62 3	17 4	24 1	53 1	59 2	21 1	1 1	66 1	32 2	54 2	3 2	44 1	11 1	35 1	12 1	2 3	69 2	48 1	6 10	55 2	34 1	64 1	63 1	29 1	28 1	9 3	7 1	47 4	33 1	37 3	49 3	41 4	27 1	16 2	18 1	19 4	50 1	45 2	39 1	42 1	0 2	40 5	30 1	52 2	61 3	5 3	38 1	8 1	20 5	25 7	23 5	65 2	14 3	67 1	56 3	51 1	36 3	26 1	13 4	46 2	22 1	4 2	60 2	68 7	58 2
22 3	42 1	26 1	12 1	63 1	35 2	0 3	52 2	36 1	18 2	46 3	62 1	47 1	45 1	54 1	57 2	64 1	23 2	69 1	29 1	1 1	40 3	9 1	13 2	33 4	7 1	66 2	50 1	43 2	28 3	14 1	16 1	37 1	41 1	38 1	44 4	30 2	48 1	4 2	65 4	61 1	6 1	58 2	2 1	19 5	60 1	24 1	17 1	25 1	56 2	34 2	31 1	68 1	5 1	49 4	59 2	39 1	67 1	8 1	20 2	55 1	21 1	15 1	10 1	51 3	11 1	3 4	53 1	32 4	27 2
18 1	4 1	68 2	13 1	46 1	24 3	6 3	26 3	69 1	2 1	5 4	42 1	50 3	19 1	3 3	21 1	64 3	57 1	20 1	1 1	22 3	25 3	11 1	9 1	56 1	14 5	0 6	27 1	58 1	37 1	31 3	54 1	47 6	32 5	49 1	12 2	48 1	63 1	39 1	23 2	55 2	41 1	43 1	66 1	53 2	59 1	16 4	51 1	67 2	8 1	60 2	62 4	29 2	61 2	44 1	33 1	65 1	30 1	45 1	15 2	17 1	10 1	28 1	40 3	35 1	38 2	52 1	36 3	7 1	34 1
30 2	58 3	21 2	52 1	66 2	35 1	3 4	0 4	23 2	16 1	13 2	51 4	57 1	20 2	62 2	31 1	48 1	38 4	67 1	5 2	24 3	42 1	43 1	28 2	26 1	2 2	39 1	60 1	4 1	40 4	46 2	9 1	50 2	34 1	17 2	47 3	22 6	33 1	36 1	55 1	7 2	25 1	10 1	27 1	44 1	37 3	45 5	69 4	64 3	68 2	6 1	63 2	53 10	29 1	61 1	41 1	18 1	12 1	19 1	59 1	54 1	49 4	14 2	15 3	11 1	56 1	1 1	32 1	65 1	8 4
61 3	65 2	23 5	55 3	62 1	44 4	38 2	5 1	66 1	29 2	4 9	1 2	51 1	3 1	21 2	45 2	64 1	32 1	40 2	27 1	10 1	18 3	35 3	2 1	52 2	69 2	7 1	39 2	0 4	13 2	49 1	14 1	11 2	46 1	12 2	54 2	22 3	17 1	37 3	19 1	30 1	47 1	53 1	67 1	26 1	50 3	15 1	59 4	68 1	60 7	42 1	33 1	31 6	9 1	8 3	28 1	48 2	25 5	56 3	6 3	43 1	57 1	20 4	24 3	58 1	41 1	63 3	34 1	16 1	36 1
32 1	8 2	35 2	69 5	4 4	39 1	9 1	62 2	33 1	51 1	63 1	17 2	66 3	28 2	13 4	56 2	54 1	52 2	42 1	38 4	23 1	15 1	2 9	20 1	50 1	55 1	46 4	5 2	37 6	25 3	12 1	1 1	11 1	7 5	10 2	0 1	30 1	14 4	22 1	48 1	53 4	41 2	29 2	68 2	31 2	26 1	40 3	19 2	59 1	24 2	47 1	16 1	60 1	36 2	6 1	44 2	27 1	67 1	64 2	65 1	18 5	61 3	43 2	49 4	21 1	45 1	3 2	58 1	34 2	57 4
61 2	17 3	16 2	39 4	19 1	59 3	53 1	21 1	49 4	42 1	44 1	27 1	12 6	34 6	67 2	66 1	18 3	35 2	41 2	6 2	65 1	46 2	22 2	40 2	20 4	25 1	55 3	37 4	31 2	43 1	29 1	28 1	13 1	48 1	68 3	57 1	32 1	50 1	64 2	63 3	45 1	62 3	0 1	23 2	24 1	10 2	14 2	15 1	38 1	5 1	4 2	7 2	11 2	56 2	2 6	30 3	33 1	47 1	54 2	51 1	36 1	9 1	26 1	1 1	8 3	3 5	52 1	58 1	60 4	69 4
66 2	45 2	60 4	10 1	46 1	57 1	2 1	61 2	0 1	11 1	30 1	32 1	33 1	69 2	17 1	36 1	48 1	13 1	43 1	63 1	49 1	41 3	34 1	3 1	23 1	21 2	42 1	25 2	29 1	56 1	59 2	55 1	52 2	12 3	7 2	67 3	51 1	44 4	16 2	24 1	50 7	47 2	22 2	1 2	20 1	68 2	26 1	38 2	9 3	65 3	4 1	15 2	8 1	19 1	53 1	28 2	39 3	40 2	31 3	27 1	5 1	37 1	35 1	64 1	18 2	6 2	62 1	14 1	54 1	58 3
24 3	11 1	12 1	60 2	16 2	23 1	33 2	66 2	29 2	20 3	54 2	46 2	2 3	34 1	32 1	44 1	25 2	22 1	52 7	39 2	37 1	38 12	5 1	35 1	62 3	30 1	57 1	51 2	7 2	49 1	45 3	26 2	27 1	68 2	4 3	21 1	64 1	55 2	41 1	42 2	65 1	36 1	10 2	48 1	13 3	56 2	28 1	53 1	0 1	67 2	47 1	1 2	40 2	8 5	61 6	14 4	15 4	9 1	69 2	50 2	63 1	58 2	43 1	59 1	6 3	17 2	18 1	31 1	19 2	3 2
43 1	41 2	69 1	15 3	57 1	1 1	10 1	18 1	29 2	48 4	16 2	58 1	56 1	59 2	37 3	3 6	2 1	54 1	17 2	5 2	22 2	26 1	33 2	12 1	66 1	68 1	23 9	14 1	20 2	61 1	45 7	65 1	32 3	63 2	7 4	13 1	24 2	31 1	60 2	19 1	44 2	53 1	25 1	50 1	67 1	36 1	35 1	64 1	52 4	55 2	0 1	46 1	8 2	28 2	6 1	38 2	30 2	34 2	4 3	21 1	47 1	49 1	51 1	9 1	42 3	27 2	39 2	62 1	40 3	11 1
48 1	16 5	31 1	12 1	69 2	10 1	29 1	9 2	35 1	61 3	13 1	23 1	28 1	2 3	47 3	68 1	14 1	63 1	40 1	46 1	11 1	38 2	4 1	33 6	20 1	64 4	52 2	51 1	39 2	18 1	43 1	22 2	59 1	66 1	36 1	0 2	30 1	44 1	17 3	45 1	42 1	1 2	7 1	49 1	37 1	3 2	62 1	26 2	53 1	65 3	8 1	25 1	50 2	58 1	24 1	60 5	67 3	5 2	55 4	41 1	57 2	54 9	32 1	21 3	34 3	6 2	19 4	27 1	56 2	15 1
37 1	55 1	44 2	63 2	0 2	35 8	53 2	31 2	18 1	11 1	45 1	51 1	8 1	36 1	32 1	34 1	22 1	43 1	15 1	5 1	21 5	58 3	59 1	9 4	17 1	26 1	62 3	46 1	67 3	20 1	10 3	38 2	24 1	16 3	66 1	27 1	19 1	65 3	69 1	4 1	39 1	52 1	33 1	54 1	47 1	49 1	14 3	64 8	40 1	61 1	12 1	13 2	48 2	23 2	68 1	41 1	1 2	50 1	60 4	28 1	56 1	29 1	25 1	30 1	6 1	2 1	3 5	42 3	57 1	7 2
22 2	57 3	13 2	23 1	65 5	9 1	28 1	48 1	17 1	39 1	33 6	69 2	64 1	27 2	26 1	46 1	67 3	45 3	19 2	56 2	12 2	68 2	53 1	5 3	21 1	20 2	51 1	34 1	1 1	14 1	29 3	41 1	66 3	63 1	59 4	61 1	0 1	15 1	38 1	37 1	62 2	10 5	54 1	52 2	18 2	3 2	58 3	31 1	32 1	44 2	24 4	35 1	40 1	8 2	60 1	4 1	16 2	7 7	25 1	43 2	42 1	50 1	2 1	30 2	47 1	49 3	6 2	11 1	36 2	55 2
62 1	46 1	4 2	1 1	65 1	40 2	23 2	28 1	59 1	34 1	25 3	64 1	13 5	14 1	56 2	26 2	39 1	50 1	54 1	47 4	32 1	20 1	37 3	27 1	9 1	41 1	16 1	49 1	58 5	53 4	12 1	69 2	68 2	6 1	51 1	61 1	48 2	10 5	8 1	11 2	19 1	42 1	18 1	60 2	36 3	3 4	0 3	2 3	21 2	44 4	24 1	45 1	17 1	52 7	5 1	22 2	7 2	66 2	15 4	63 1	67 3	57 1	30 1	35 1	38 1	33 2	31 1	43 1	29 3	55 1
25 2	33 1	55 3	56 1	3 3	15 1	2 4	19 2	40 4	23 2	24 2	69 1	49 1	59 1	39 1	52 4	43 1	34 2	27 2	44 2	26 2	31 1	63 2	17 3	62 3	53 1	14 2	66 3	42 1	28 2	50 2	11 2	8 2	41 1	51 4	13 2	35 3	61 2	4 1	67 1	37 3	45 2	38 1	46 1	30 2	18 3	57 2	6 1	47 2	10 2	0 1	7 1	64 2	12 1	22 3	48 1	60 5	36 1	58 1	68 12	5 1	16 2	20 4	54 1	65 2	29 4	9 1	21 1	32 2	1 2
63 1	57 5	4 3	12 1	32 2	53 1	11 2	47 1	59 1	8 3	69 1	14 4	64 1	17 1	18 1	36 3	38 1	19 1	55 1	40 1	20 2	42 9	27 2	43 1	50 3	58 2	25 1	61 1	54 2	60 1	35 2	2 3	6 5	15 1	13 2	34 1	68 2	10 1	24 1	16 1	37 2	39 1	41 4	66 1	3 2	23 2	30 2	45 3	9 1	0 3	7 2	1 1	62 1	49 2	44 2	31 2	46 4	26 5	22 3	21 5	67 1	28 1	56 5	29 1	5 3	51 1	33 1	48 1	65 3	52 3
56 1	62 4	11 5	42 3	65 5	19 2	12 4	47 1	43 1	32 1	20 1	28 2	54 1	14 4	64 3	36 1	67 1	49 2	9 2	52 1	57 1	66 1	48 1	4 1	0 2	18 1	24 3	25 1	39 1	22 1	31 4	17 1	21 1	61 2	40 1	30 2	51 4	46 1	7 2	53 1	35 2	13 1	33 1	15 3	68 5	50 1	2 8	44 1	59 3	3 1	27 2	41 1	6 2	60 2	63 1	26 3	1 1	29 2	58 1	37 5	5 1	16 1	10 1	69 2	8 3	23 1	34 2	38 3	45 1	55 3
26 3	59 1	47 1	68 3	34 2	38 1	8 4	36 1	45 1	11 1	24 2	3 1	18 8	28 2	55 1	42 4	43 1	4 1	19 1	6 1	46 4	30 1	29 2	67 1	1 2	49 1	40 1	13 1	14 1	54 1	15 3	61 1	5 10	21 2	16 2	9 2	7 2	60 3	41 1	2 3	0 1	35 4	10 2	37 1	58 1	50 3	62 1	31 1	20 1	51 2	52 2	48 1	69 3	44 1	17 1	64 1	65 3	39 1	63 1	66 1	33 1	57 2	23 2	22 1	53 1	25 1	32 3	27 2	56 1	12 4
57 4	25 1	23 2	45 1	46 1	59 1	19 1	40 1	66 3	1 2	14 3	22 3	15 3	34 1	31 2	65 3	42 1	52 1	18 1	68 1	67 1	10 2	26 1	35 2	20 1	13 1	64 1	37 1	54 1	49 4	36 1	11 1	6 2	33 1	12 2	58 1	39 1	63 1	0 4	9 4	3 4	7 7	41 2	60 1	48 2	2 4	62 1	55 1	53 1	16 1	8 1	21 1	51 1	29 1	28 2	24 1	4 1	56 1	17 2	50 2	61 1	47 1	38 6	27 1	44 1	5 2	30 3	69 4	43 2	32 1
24 1	18 2	61 6	38 1	57 3	19 1	33 1	20 1	45 2	58 1	39 3	49 1	34 2	17 3	35 1	44 3	2 1	66 1	37 1	26 4	59 2	25 2	69 1	43 1	47 4	64 1	7 5	16 1	31 7	51 6	14 4	15 3	40 3	55 1	41 1	5 1	13 2	63 2	36 3	23 1	11 1	52 2	9 2	50 1	22 1	46 1	28 2	67 3	30 2	42 1	0 1	8 1	10 4	21 2	48 1	62 3	29 2	68 2	1 1	56 1	6 4	3 4	53 3	60 1	54 1	4 4	12 1	32 2	65 1	27 1
26 2	24 3	20 1	37 1	8 4	60 4	11 1	44 1	55 2	6 2	25 4	23 3	29 2	69 1	1 2	35 2	67 1	36 2	56 1	58 3	4 1	57 3	3 2	15 2	16 2	64 2	48 1	10 1	38 1	41 2	52 1	49 3	28 5	40 3	61 1	45 4	54 3	31 3	39 1	68 1	50 1	7 2	32 3	19 1	0 1	27 1	22 9	34 1	65 1	53 1	14 1	2 1	59 8	51 2	12 1	5 3	33 5	17 1	18 1	30 2	13 1	46 1	47 2	66 2	21 1	42 3	43 2	62 1	9 1	63 2
17 1	51 1	47 1	7 4	41 1	32 2	64 1	28 3	60 1	65 1	1 1	30 1	53 1	15 1	24 2	27 1	46 2	63 1	58 2	59 1	23 1	8 1	48 1	14 4	5 1	39 1	56 2	11 1	12 1	44 1	29 1	49 2	31 3	4 1	22 1	35 1	68 2	34 1	52 1	43 1	40 1	69 1	2 2	6 1	37 1	62 2	61 3	13 2	10 1	42 1	19 3	16 4	25 1	66 1	50 2	0 2	20 2	67 4	9 1	33 3	55 5	26 1	21 2	45 1	57 3	54 1	3 1	18 1	36 5	38 2
16 1	4 5	36 1	15 1	28 2	8 1	64 1	51 7	58 4	5 1	9 3	25 2	32 1	60 1	1 1	63 1	53 1	30 1	19 2	69 2	52 5	57 1	61 2	17 1	13 1	62 3	3 2	12 2	7 4	68 3	6 1	10 1	0 2	18 1	33 3	42 2	24 4	48 3	37 1	21 1	2 3	43 1	54 1	44 1	59 2	40 1	31 1	46 2	11 3	47 3	45 3	26 7	67 7	14 1	65 3	49 1	66 1	29 3	38 1	34 3	50 4	41 3	39 1	35 3	22 2	20 1	27 5	56 1	23 6	55 1
69 3	20 3	53 1	27 4	56 1	58 1	3 1	65 1	41 1	7 2	60 1	32 7	2 6	23 2	36 3	19 2	13 1	5 1	21 2	51 1	25 2	66 1	31 3	50 1	55 2	42 7	30 6	8 4	12 1	10 1	34 6	68 1	35 2	22 1	14 4	18 1	45 1	61 2	38 5	15 3	62 2	11 5	47 1	33 2	44 3	6 1	40 2	64 1	43 4	28 1	26 1	37 1	1 1	4 4	16 1	39 2	0 1	54 2	29 1	57 1	49 1	63 1	46 3	48 1	24 2	67 1	9 1	59 2	17 1	52 3
24 3	52 1	21 3	60 2	58 1	55 5	45 2	28 2	67 1	43 3	16 1	20 2	33 1	65 3	40 3	11 2	29 6	63 3	36 4	44 3	57 3	13 2	15 2	9 2	49 6	23 1	22 2	35 2	19 4	69 2	31 2	37 3	54 1	34 1	3 1	8 2	10 2	68 6	27 3	59 1	46 3	64 2	26 3	56 1	53 1	66 1	51 3	61 1	7 1	50 5	17 2	4 2	5 1	1 6	41 2	18 1	12 4	62 4	32 1	14 1	6 1	47 1	2 1	0 3	48 4	30 2	25 3	39 4	42 2	38 2
29 1	11 5	35 4	54 1	38 2	30 1	60 1	42 1	24 1	27 3	3 3	1 1	44 3	2 2	31 2	58 1	7 6	15 1	57 1	45 4	12 3	33 3	28 1	36 1	69 2	52 1	59 1	21 2	19 2	39 2	61 3	32 5	13 1	0 1	65 1	48 1	34 1	9 1	53 1	43 1	67 1	14 1	41 1	8 3	4 8	25 3	63 2	5 3	62 4	51 1	46 2	16 1	10 1	64 1	49 1	50 1	40 1	6 1	26 1	56 2	66 2	55 1	23 2	18 3	47 1	17 1	68 2	22 2	37 3	20 1
48 1	67 1	37 2	56 1	68 4	11 2	63 3	0 2	62 2	7 3	50 1	61 3	4 3	55 1	58 1	16 1	43 1	54 2	34 3	21 2	30 1	23 2	27 3	14 1	69 3	13 3	9 1	15 3	47 2	10 3	6 1	3 1	33 1	28 1	1 1	49 1	41 3	12 1	18 5	66 4	51 3	19 4	53 1	35 3	52 3	2 5	17 2	44 3	45 2	20 1	25 1	26 3	59 1	8 4	29 3	24 7	46 1	42 1	64 2	22 1	5 3	39 1	32 2	38 1	40 2	65 1	31 1	60 3	57 1	36 1
38 1	8 2	13 4	37 2	2 1	14 2	51 2	40 1	6 1	67 1	64 3	62 7	10 1	39 1	20 5	52 2	63 3	17 2	28 2	12 2	1 1	46 2	68 1	49 1	57 1	31 5	15 1	9 1	54 1	25 1	56 1	23 1	22 2	29 1	30 1	53 1	19 1	42 2	33 2	47 1	48 1	32 2	43 4	50 1	26 2	4 2	36 1	11 1	24 1	34 2	27 1	44 1	35 1	5 2	58 1	0 1	59 2	65 1	7 1	41 3	18 1	16 4	45 2	60 2	55 1	66 2	69 1	61 1	3 1	21 1
9 2	37 1	51 1	59 2	44 1	22 3	16 2	17 1	56 1	53 2	6 4	33 1	30 1	25 1	48 2	4 2	31 1	10 5	67 1	62 1	38 1	2 2	65 5	14 4	28 4	13 1	50 2	23 1	47 3	68 1	55 4	3 1	60 2	0 1	29 2	12 3	69 2	61 3	46 1	54 1	45 1	52 2	11 2	32 1	57 1	24 3	43 1	36 3	42 1	49 1	5 5	41 2	35 3	26 1	15 1	1 1	66 1	58 2	7 1	40 2	19 1	18 1	20 4	39 2	8 1	21 2	63 2	64 1	34 2	27 1
26 2	25 1	61 1	22 1	18 1	62 2	65 2	47 2	56 1	48 2	49 2	10 1	44 2	35 2	9 3	7 2	19 1	15 1	66 1	54 1	28 5	33 1	11 4	37 1	64 4	34 3	0 5	59 2	38 1	17 2	67 2	3 1	16 1	41 4	40 4	63 1	12 1	29 7	8 4	69 1	52 5	43 3	20 1	39 1	13 2	58 2	30 1	36 5	57 1	55 3	23 4	50 4	6 1	5 2	1 2	2 1	45 1	46 3	14 2	21 1	68 2	24 6	51 1	27 1	60 2	32 1	31 1	53 5	4 2	42 1
5 1	47 2	8 3	61 4	15 1	29 1	32 1	63 3	31 2	19 1	60 5	57 1	28 3	54 2	53 2	6 3	58 1	48 3	17 1	64 2	45 1	69 1	34 1	20 2	56 1	59 2	67 2	68 1	65 4	9 6	40 1	44 3	66 1	16 2	39 3	25 2	3 1	33 1	13 2	26 2	55 2	11 4	21 1	2 3	24 1	10 1	18 1	36 2	27 1	23 1	52 2	37 2	43 1	50 5	62 1	1 3	4 2	7 2	14 1	41 4	12 6	49 2	46 1	38 1	30 2	22 1	51 2	0 1	42 1	35 1
37 3	65 2	52 2	7 1	66 2	56 2	42 2	68 1	6 5	43 3	69 1	53 4	40 3	44 1	9 1	12 5	57 1	26 2	17 7	10 6	61 4	48 1	39 4	51 1	32 1	59 1	29 4	15 1	20 3	38 2	5 1	3 2	35 1	23 1	64 1	49 3	4 2	28 1	21 1	14 2	33 2	18 1	0 1	22 3	54 2	41 2	63 2	25 1	13 1	60 3	2 1	27 2	50 1	36 1	11 2	58 1	55 1	1 2	67 3	62 1	45 1	31 2	34 1	8 1	46 4	24 2	19 4	30 1	16 3	47 1
27 2	65 3	64 3	12 3	50 1	55 2	28 2	69 2	21 1	47 1	61 4	33 3	58 1	43 2	6 4	49 2	37 4	41 1	8 2	19 1	39 1	13 2	35 1	63 1	16 1	26 3	46 2	66 1	44 1	15 3	11 1	0 2	24 2	57 3	23 1	9 3	22 2	67 2	52 2	38 3	2 1	3 7	59 3	1 2	4 1	40 1	7 6	54 1	36 1	32 3	56 2	10 1	17 3	20 1	60 1	30 1	62 5	14 2	42 2	53 1	45 1	31 1	5 2	18 3	29 1	25 4	34 1	51 2	48 1	68 2
13 1	4 2	61 1	1 1	57 2	20 5	50 1	47 3	10 5	60 1	29 1	55 3	56 3	46 2	32 5	41 2	22 3	9 1	2 3	17 2	12 1	69 2	27 2	58 1	34 1	48 1	33 2	35 1	37 2	18 2	19 1	25 2	68 1	49 1	6 1	52 1	3 1	40 1	0 6	30 6	15 3	28 3	54 1	23 1	39 1	31 7	44 4	11 2	45 2	24 1	66 1	59 1	14 2	5 5	62 1	63 3	26 1	53 1	43 1	42 4	67 1	51 1	38 4	16 1	36 1	21 1	65 1	7 3	64 1	8 3
58 1	59 3	9 1	18 1	37 1	47 1	5 4	46 1	10 2	4 1	64 1	51 2	41 2	14 3	24 1	22 1	67 1	43 1	35 3	36 2	28 2	30 1	6 3	20 1	39 3	44 2	15 2	1 1	32 5	60 5	68 1	49 3	31 1	29 1	45 5	66 1	19 1	11 4	57 1	17 1	52 4	42 1	50 2	38 4	25 1	62 2	48 1	16 2	63 2	13 2	23 2	40 1	54 2	12 1	8 1	26 4	3 3	34 1	65 1	7 2	61 1	55 1	21 7	56 3	27 2	69 5	53 3	33 2	0 1	2 1
42 3	16 1	39 2	12 2	17 3	11 1	35 2	15 1	46 2	6 1	64 1	18 1	48 2	2 1	38 2	14 1	52 1	4 1	21 1	55 1	1 1	53 3	69 1	44 1	49 1	45 1	26 1	20 1	50 1	22 4	32 1	61 5	59 2	58 1	19 2	23 5	28 1	0 1	57 1	24 1	29 1	62 3	41 1	56 5	13 3	37 1	43 6	8 3	54 3	30 1	65 1	10 2	34 2	60 1	27 2	31 8	33 1	51 2	36 3	68 1	9 1	5 3	40 1	25 2	47 1	67 1	63 1	3 1	7 1	66 1
6 2	19 3	54 2	42 2	13 2	0 1	34 4	36 1	52 1	37 2	25 1	4 3	44 3	23 2	35 4	26 1	43 1	51 2	50 1	10 2	27 1	62 4	67 2	7 1	60 3	11 4	30 1	48 2	65 1	61 3	57 3	1 2	12 4	39 1	29 1	15 1	56 1	69 2	53 1	66 2	5 1	8 1	20 1	14 4	9 4	46 1	17 2	49 1	63 1	47 2	41 3	24 2	38 3	3 7	68 4	2 1	31 2	58 1	28 5	64 2	16 1	59 4	33 2	22 1	32 2	55 1	21 4	18 2	45 2	40 1
43 1	22 1	38 3	30 4	35 1	9 2	31 1	57 4	41 1	39 2	15 2	48 4	45 6	5 2	37 3	58 2	47 1	46 4	44 5	21 7	14 3	49 1	66 3	52 1	16 4	25 2	27 1	3 1	36 1	60 2	40 1	29 3	33 4	26 1	10 1	28 1	23 1	13 3	61 1	68 2	17 1	34 2	64 2	20 2	51 3	56 1	12 1	11 1	1 1	59 1	55 1	65 1	54 1	2 2	7 1	6 2	63 2	19 1	67 1	53 1	69 4	24 2	4 1	62 2	18 1	32 2	0 1	8 2	42 3	50 2
2 2	40 1	36 1	18 1	4 2	68 1	48 1	45 3	7 2	67 2	13 1	64 1	69 1	3 1	59 2	0 1	26 1	53 1	34 2	43 3	58 1	63 1	8 2	37 2	28 5	6 1	14 3	56 6	65 1	20 2	38 1	10 5	9 2	47 1	16 1	49 1	25 1	24 1	41 4	62 4	30 4	35 3	39 1	60 1	66 1	21 2	12 2	32 4	52 1	15 1	29 1	5 4	11 1	61 5	33 5	23 1	1 3	31 2	42 1	50 3	27 2	19 2	22 2	51 1	55 5	54 8	57 1	44 1	17 2	46 1
20 3	42 4	24 1	10 4	6 3	13 1	32 1	25 1	67 2	51 1	39 2	2 4	35 3	43 1	58 1	49 2	69 1	46 1	0 4	34 6	5 2	60 4	31 1	37 6	66 4	61 1	65 3	21 1	7 1	44 5	53 6	33 6	8 2	30 1	15 4	14 1	47 1	22 1	23 3	54 1	52 2	40 1	41 1	11 3	1 3	3 4	68 2	57 3	29 2	18 1	16 1	9 2	27 3	17 8	38 1	63 4	4 1	50 3	64 2	26 1	19 3	12 3	56 1	28 1	62 1	45 3	55 2	48 2	36 1	59 2
18 5	45 1	32 2	65 1	47 2	30 1	31 1	48 1	14 1	28 1	16 4	41 1	5 2	38 1	27 1	6 5	23 1	66 1	53 3	62 1	3 2	67 1	25 1	10 1	54 2	20 3	7 1	57 1	50 1	13 1	4 2	69 8	59 2	0 2	39 4	15 2	43 3	9 1	56 1	61 1	49 3	51 3	19 1	29 1	60 2	42 2	11 1	33 1	26 1	68 1	37 1	34 2	21 4	17 1	58 2	36 1	12 1	2 3	24 2	1 1	63 1	35 1	44 1	64 1	55 2	40 1	22 1	8 5	52 12	46 1
57 4	53 4	23 1	37 2	20 1	1 2	25 2	2 2	4 1	17 3	41 3	31 1	42 2	65 3	0 1	48 1	51 2	39 2	29 2	28 1	22 2	24 2	36 2	54 1	32 8	15 3	69 2	12 2	62 1	35 2	59 1	61 1	56 1	7 1	18 1	3 1	13 2	16 5	9 1	43 1	34 2	50 2	19 2	49 2	11 1	60 5	44 1	21 1	55 1	8 1	46 1	30 1	38 2	52 1	45 3	14 1	67 1	47 5	68 1	40 3	58 1	27 1	63 1	6 1	10 1	26 2	64 2	5 1	33 3	66 2
17 1	62 1	22 4	45 3	59 2	0 1	52 1	15 2	51 1	8 1	69 3	1 1	37 2	68 1	32 5	2 3	11 1	13 1	47 8	43 5	38 2	25 2	57 3	48 3	36 2	56 1	4 2	30 2	33 1	20 1	12 1	23 2	60 1	31 1	40 3	44 1	35 4	41 1	50 3	21 2	39 1	46 1	67 1	5 1	10 1	29 4	42 1	3 3	55 4	65 1	18 6	9 1	53 1	61 2	24 1	26 2	49 6	64 2	58 3	54 1	63 1	34 1	28 1	16 1	6 1	7 6	66 1	27 1	14 4	19 1
62 1	66 1	68 1	31 1	65 4	61 2	9 4	46 1	49 1	55 2	13 2	11 2	29 1	25 3	12 2	67 1	50 1	10 2	28 4	32 1	57 1	35 8	2 1	37 2	53 1	39 1	0 1	16 3	36 1	54 2	38 7	34 4	7 5	24 3	52 5	8 6	41 1	18 2	5 1	58 2	64 1	59 2	43 4	45 2	48 1	4 3	14 1	26 1	23 1	63 2	69 1	1 1	3 2	30 1	22 2	40 1	20 1	47 1	17 1	51 1	15 1	19 2	56 2	27 2	6 1	42 2	21 1	44 2	60 5	33 2
39 1	26 3	55 1	48 1	62 2	58 1	9 2	44 1	51 1	2 1	60 4	63 1	1 3	7 1	53 3	21 2	4 1	57 2	40 1	16 1	33 2	27 3	8 3	64 1	28 4	37 1	22 1	65 1	35 3	54 2	12 1	18 1	19 1	13 2	56 1	38 2	17 1	52 1	45 1	50 2	47 3	0 1	14 3	6 1	61 1	20 1	41 3	30 2	66 4	59 1	49 1	34 2	5 6	29 3	43 2	24 2	68 1	67 3	36 2	25 5	11 1	69 1	46 3	31 1	23 1	3 2	15 1	42 1	32 3	10 2
22 2	67 1	51 3	41 4	7 1	16 3	3 3	18 3	39 2	60 3	38 4	66 2	45 1	26 1	31 1	54 2	46 1	23 1	14 2	27 1	24 4	6 4	19 1	56 1	42 1	44 2	25 1	9 1	53 1	68 2	47 4	40 1	17 2	33 5	35 1	65 2	0 1	29 1	55 2	57 1	34 1	50 1	49 1	4 2	36 4	43 1	63 1	59 2	12 2	48 1	11 2	13 2	62 1	69 2	61 3	15 1	64 2	10 3	32 3	21 2	37 3	20 4	58 1	2 1	30 1	5 1	28 3	52 1	8 1	1 3
31 2	5 3	25 4	12 1	2 3	58 2	50 1	68 1	26 3	52 2	56 1	61 3	6 2	54 1	59 1	13 1	10 2	34 1	44 1	66 1	38 2	7 2	43 1	9 1	28 7	40 1	19 1	46 1	53 2	55 2	18 1	60 1	65 2	35 1	64 1	16 1	62 3	24 3	11 1	14 1	49 3	41 3	42 5	69 3	32 2	15 1	3 2	47 1	57 1	67 2	23 3	30 3	1 1	36 3	8 2	20 1	27 1	4 1	22 1	21 5	45 1	0 1	48 2	51 1	33 3	37 1	29 3	63 4	17 2	39 1
44 1	15 1	18 4	10 3	61 1	13 2	25 1	8 2	57 5	1 3	56 2	54 2	12 1	6 6	33 3	7 1	69 2	36 1	3 1	20 1	39 1	64 3	65 2	52 1	5 6	24 1	59 2	14 3	58 5	0 3	46 5	34 2	16 2	41 2	11 1	38 2	28 1	51 3	48 1	23 2	27 3	22 2	45 2	17 2	53 1	63 3	50 2	30 1	49 3	26 2	31 4	35 3	29 1	37 1	42 1	43 3	60 1	32 2	40 4	55 1	66 1	67 2	68 3	19 1	4 7	9 1	2 1	62 2	47 1	21 1
60 1	65 1	21 2	22 1	3 5	9 4	47 1	59 4	39 2	51 1	1 2	64 1	17 1	52 8	30 3	20 1	48 2	69 1	10 1	35 1	66 7	62 1	19 2	50 1	41 1	53 3	68 3	2 1	58 1	31 5	13 1	14 4	63 6	46 2	7 1	27 2	32 2	38 2	54 1	34 1	18 3	36 1	55 2	56 3	5 3	45 1	28 3	44 1	67 2	6 2	23 1	16 3	8 1	33 2	25 1	43 1	0 1	15 4	42 1	57 1	24 3	40 1	26 1	4 1	11 2	12 3	61 1	49 1	37 1	29 2
51 1	59 3	34 1	52 3	33 1	43 2	53 1	7 3	66 4	13 1	65 1	54 3	67 1	26 2	40 3	10 1	56 2	49 1	3 1	29 1	47 1	57 1	23 2	4 1	22 1	5 1	17 2	15 2	31 1	16 1	21 1	25 2	44 1	50 2	20 1	48 2	11 2	38 2	69 1	39 1	46 2	30 1	32 1	28 1	61 1	41 4	24 1	42 1	35 1	45 2	6 3	19 2	2 1	12 1	63 1	58 1	14 4	9 5	68 1	1 3	8 1	64 3	37 1	27 2	0 3	62 2	55 1	60 1	18 2	36 2
63 1	66 1	16 1	54 1	62 1	28 4	59 1	61 3	45 6	8 1	69 2	5 6	0 1	42 1	51 1	22 2	29 4	6 1	3 2	20 2	2 1	58 2	10 5	34 1	47 1	64 1	65 1	36 1	38 1	32 1	24 1	41 1	27 1	57 2	50 1	13 1	4 2	48 3	21 1	23 2	26 2	56 1	55 2	46 2	1 1	39 3	43 1	30 5	15 3	14 2	19 1	52 1	68 2	7 1	31 1	49 3	53 3	37 2	17 1	44 1	60 5	25 7	18 1	35 1	12 1	11 2	33 1	40 4	9 2	67 3
52 1	57 2	18 1	69 1	11 1	60 4	53 2	26 3	55 3	9 1	47 2	36 2	35 1	1 2	29 1	45 3	64 1	22 2	38 6	34 1	41 1	8 1	23 1	56 2	61 1	59 1	12 1	68 1	48 4	49 1	40 2	50 1	15 1	66 2	19 1	24 2	46 3	17 1	0 5	44 1	51 1	21 1	14 2	28 1	33 1	63 3	65 1	30 6	13 4	67 1	7 1	20 2	16 1	37 1	32 3	43 2	54 1	31 2	10 4	4 2	5 1	39 2	58 1	6 1	25 1	3 3	42 1	27 3	62 2	2 2
57 1	17 1	53 4	66 2	56 3	3 1	55 3	23 2	48 2	44 1	25 1	13 4	30 2	16 1	28 1	68 1	67 2	10 4	18 3	34 2	9 1	12 1	42 2	35 5	46 1	64 5	24 2	52 1	43 3	54 1	11 1	39 1	29 2	37 6	7 1	62 1	15 1	33 1	47 2	61 2	38 1	60 1	65 2	49 2	31 1	58 1	14 1	20 2	8 3	59 1	27 2	2 2	1 2	4 1	0 1	19 1	40 3	41 1	51 1	50 2	69 3	21 1	45 4	36 1	32 1	5 3	22 1	6 2	26 1	63 1
28 1	21 1	50 6	53 2	56 2	65 1	61 2	29 2	1 1	49 5	22 2	60 3	40 2	0 1	7 1	42 2	4 1	13 1	3 3	39 4	14 2	52 1	33 2	63 1	26 1	37 2	47 4	36 1	59 1	58 8	41 1	62 1	66 3	68 1	20 1	64 1	2 2	67 1	27 1	43 2	11 1	48 1	69 5	25 4	54 2	10 2	5 4	45 1	15 1	46 1	44 2	30 2	31 1	16 1	24 3	17 2	32 1	8 1	18 1	19 4	23 5	55 2	34 3	35 1	38 2	51 5	9 6	6 9	57 2	12 1
40 2	36 2	24 3	16 1	31 2	61 1	55 1	48 3	58 1	1 1	51 1	23 1	21 2	14 1	37 2	60 3	11 1	57 2	33 1	67 1	53 1	54 1	63 2	0 1	39 6	69 2	10 1	59 2	49 2	65 4	29 1	64 2	20 2	34 2	3 3	27 1	13 1	52 2	25 1	12 1	45 2	5 3	26 2	66 2	19 1	17 2	50 1	22 6	47 1	15 2	6 1	43 1	41 1	62 4	8 3	30 1	2 1	7 6	38 1	28 3	46 1	35 2	56 3	42 2	4 1	9 6	32 1	18 1	68 3	44 1
46 3	18 2	65 1	47 3	61 1	30 5	12 1	2 3	62 1	40 4	6 1	57 4	15 1	51 2	23 3	0 2	3 1	39 1	41 3	43 2	14 3	1 2	53 2	44 1	42 1	69 1	20 3	4 1	50 4	11 3	28 5	8 3	13 1	66 2	45 2	60 1	7 1	68 1	9 2	59 2	56 1	64 1	21 4	67 1	22 1	19 1	48 6	52 3	36 1	33 1	10 2	16 3	5 1	63 2	24 1	32 3	17 1	35 5	38 1	58 1	54 1	26 2	27 5	34 3	31 3	25 2	29 1	49 4	55 1	37 1
48 4	5 3	62 2	66 4	52 5	61 1	34 2	19 1	13 1	39 2	18 1	2 6	22 1	15 1	45 3	51 1	36 2	44 3	26 2	9 1	50 3	0 2	68 1	31 3	8 1	6 1	1 3	32 1	35 2	24 1	64 1	16 1	56 9	37 1	11 2	67 4	43 1	54 4	65 4	12 3	55 6	33 2	7 3	57 3	3 1	58 7	40 6	23 4	63 1	69 2	29 1	28 3	59 1	14 1	10 1	17 1	46 3	20 1	42 1	60 5	41 1	27 1	49 1	30 2	25 2	53 1	47 1	4 3	38 3	21 4
48 1	61 1	56 1	60 2	8 1	63 2	41 8	30 3	24 1	69 1	3 2	50 3	0 2	14 1	43 5	27 1	54 1	25 1	65 1	1 4	35 1	5 3	47 1	12 2	17 2	6 5	36 1	19 1	38 2	58 2	18 3	21 1	68 3	15 1	34 2	2 3	13 2	10 2	52 2	44 1	62 1	23 4	53 1	29 1	20 1	16 1	7 3	9 3	66 1	55 1	42 1	59 3	28 1	40 2	32 2	4 2	45 2	57 1	31 2	67 1	49 1	64 2	51 3	22 4	11 4	33 1	39 1	26 2	37 1	46 1
65 1	58 1	4 1	41 4	17 1	10 4	9 2	51 2	34 1	42 2	55 1	19 2	5 3	15 3	36 2	57 1	60 10	1 1	52 1	11 2	40 3	62 2	35 3	45 2	12 2	24 3	66 6	20 3	14 1	59 1	68 3	0 1	30 1	22 2	21 1	33 1	32 1	26 1	53 1	48 2	43 1	44 2	50 3	67 1	16 2	61 2	37 2	8 1	3 3	28 1	25 3	54 3	18 1	13 1	7 3	49 3	69 5	47 3	29 3	27 2	2 2	46 2	56 1	64 4	23 2	39 1	6 1	38 2	31 1	63 4
22 2	21 1	51 1	19 5	24 1	53 2	7 1	37 5	39 2	56 4	66 1	26 1	1 1	48 1	49 6	38 1	32 4	40 4	10 3	45 1	0 5	46 2	33 1	50 1	23 4	20 3	44 3	29 2	9 1	15 3	12 1	30 2	61 1	14 5	60 2	62 4	2 1	43 4	41 3	13 1	68 1	64 1	47 4	36 3	4 4	65 2	17 1	42 1	59 2	31 2	6 2	34 2	52 1	5 2	16 1	28 5	54 2	18 3	11 5	69 3	25 2	63 1	3 3	58 2	55 3	57 2	35 1	27 2	67 1	8 1
53 4	1 2	43 1	9 1	56 7	21 8	51 4	12 1	30 2	35 3	18 1	22 1	59 6	54 2	40 3	15 1	5 1	4 3	32 4	44 2	47 1	63 2	28 3	25 2	50 3	58 1	61 2	20 1	67 4	19 4	29 1	7 4	64 3	10 1	48 2	23 5	0 3	24 3	66 4	13 1	69 1	38 1	49 2	6 3	17 1	27 1	11 3	14 1	55 1	3 1	46 1	60 3	36 1	31 2	26 1	42 1	65 3	16 2	62 1	8 1	52 2	37 5	34 1	68 1	57 2	2 2	39 2	41 3	33 1	45 4
5 1	58 1	54 1	33 1	41 1	56 1	14 1	7 2	63 1	42 5	15 2	31 2	37 1	61 1	60 1	17 1	8 3	27 4	68 3	34 1	21 1	55 4	32 1	13 1	0 4	26 2	38 3	6 2	29 1	40 2	36 2	9 1	53 2	64 2	22 2	50 1	24 1	65 1	44 2	46 2	25 1	20 1	23 1	11 2	3 5	28 3	67 1	66 1	48 1	16 2	18 2	51 2	43 3	19 1	10 1	62 2	4 4	59 1	45 1	49 3	69 1	1 4	52 1	57 1	39 1	2 3	35 3	47 1	30 3	12 1
4 1	21 2	10 1	18 2	3 1	14 1	57 6	53 3	60 2	8 1	20 1	40 1	7 3	68 2	38 2	37 1	54 4	32 1	0 1	28 1	62 1	66 2	24 1	65 2	5 2	6 2	51 3	50 2	16 1	69 1	67 1	41 1	25 3	49 1	26 1	43 2	13 1	63 2	42 1	55 2	48 1	11 1	30 2	36 3	64 2	52 1	33 6	12 1	34 2	46 1	23 2	27 1	59 2	29 3	2 3	15 1	44 2	39 1	58 5	47 1	45 1	22 1	19 2	56 1	61 4	31 5	9 1	17 1	35 1	1 2
22 2	30 1	37 1	47 2	1 2	62 4	57 3	60 3	26 10	21 2	7 5	28 3	9 2	51 2	55 1	11 1	23 4	45 8	12 5	5 1	13 1	49 1	65 1	34 3	64 1	4 1	52 1	2 5	0 5	32 2	35 1	39 2	50 3	42 1	19 4	44 3	63 3	18 2	68 1	20 1	41 2	40 2	33 4	29 1	61 1	17 1	48 3	69 2	46 2	58 1	54 1	8 3	15 2	10 1	25 1	27 1	66 1	56 2	38 1	67 3	36 4	31 5	53 1	6 3	14 1	3 3	16 1	43 1	24 2	59 1
66 1	14 1	46 1	17 1	5 4	52 2	56 2	62 1	34 2	24 1	9 2	11 1	39 1	68 2	4 6	0 1	69 1	23 1	55 1	42 1	41 1	47 2	48 1	59 3	44 1	67 1	3 2	12 1	36 2	35 1	7 2	16 1	54 1	53 4	31 2	25 1	26 1	64 1	15 1	20 2	22 1	8 4	6 2	38 2	58 1	33 1	19 2	61 1	13 3	28 1	1 3	50 1	29 1	30 1	40 2	65 1	43 1	51 1	63 1	37 2	18 2	49 3	27 6	45 1	21 3	2 1	60 1	32 2	57 2	10 3
64 2	36 3	65 1	27 1	39 1	16 1	61 1	50 2	57 1	12 1	4 1	28 5	9 2	7 1	5 2	15 1	67 1	47 1	58 1	59 2	49 1	37 1	18 2	56 1	42 2	29 1	45 1	17 4	13 1	46 2	23 2	62 3	43 1	19 3	68 1	2 1	52 4	63 1	6 2	54 1	66 1	1 1	31 1	0 1	32 1	22 3	41 2	40 1	44 2	3 2	60 2	11 3	20 1	53 3	10 1	30 1	69 1	34 1	38 1	14 1	55 1	26 2	35 1	33 1	24 2	21 1	8 1	25 4	51 1	48 3
59 3	30 4	13 2	41 1	40 1	18 1	11 4	16 1	24 2	50 1	62 1	61 1	44 1	23 1	46 3	56 1	47 1	7 3	54 1	67 1	36 2	12 3	34 1	4 2	51 1	6 1	5 3	45 1	10 3	2 1	21 2	42 2	68 2	0 1	15 3	69 3	43 1	8 6	20 4	1 2	52 1	55 1	65 1	31 2	35 1	22 2	25 2	60 5	26 1	32 5	37 1	58 1	53 1	64 1	9 2	14 6	17 2	66 1	27 4	38 1	28 5	39 1	48 1	33 3	57 1	3 1	49 2	29 1	19 1	63 3
13 1	45 1	30 3	18 2	38 1	23 1	65 4	49 2	10 2	19 2	56 4	33 1	16 2	20 2	52 4	39 1	55 2	68 1	2 1	42 2	25 1	59 2	7 1	3 1	32 2	15 2	58 1	5 1	40 2	36 2	6 3	47 1	27 1	14 3	57 4	61 1	35 1	53 2	37 2	11 4	44 4	50 2	51 1	60 3	24 1	46 2	0 6	22 2	12 5	41 1	67 3	8 1	63 3	31 4	48 2	29 1	34 1	1 2	9 2	66 1	64 1	26 1	54 1	69 1	28 2	62 1	17 1	43 5	21 2	4 1
23 1	2 1	67 1	25 1	29 1	44 3	22 2	49 1	61 1	15 4	59 5	30 2	65 2	57 5	46 2	8 1	0 2	47 2	48 1	62 1	20 2	9 2	52 1	68 3	21 1	63 1	33 4	11 1	45 1	43 3	54 3	51 3	55 3	39 3	69 1	7 2	27 3	40 7	28 3	16 2	1 1	10 1	24 1	31 2	38 6	60 1	32 3	64 1	19 1	58 4	35 2	18 4	5 3	41 1	37 1	50 1	56 4	66 2	3 1	14 1	53 7	6 1	26 1	34 3	42 2	36 5	13 1	17 3	12 1	4 1
64 1	38 2	55 1	40 4	10 5	31 1	50 1	0 1	62 1	5 5	15 3	13 2	61 1	63 1	12 1	28 1	21 1	24 4	16 3	2 1	29 1	19 6	20 1	17 1	60 1	49 1	41 1	3 5	42 1	11 1	22 1	67 4	66 3	35 1	34 2	65 2	37 1	45 1	27 1	39 1	58 1	43 1	57 3	51 5	47 1	26 2	69 2	23 4	6 1	25 1	1 5	56 2	44 1	14 2	8 1	18 2	46 1	48 1	53 5	30 4	7 1	54 3	33 1	68 4	52 1	36 3	4 1	32 1	59 1	9 3
21 2	0 3	43 2	19 1	26 1	69 1	33 3	1 2	25 2	16 1	12 1	49 2	32 8	67 2	45 1	55 3	46 1	60 1	48 2	10 4	8 2	62 1	5 3	58 3	4 1	59 1	34 1	63 2	2 3	47 1	65 4	30 1	7 1	20 1	61 1	64 1	54 1	28 1	14 1	66 1	40 1	38 1	52 1	13 1	23 1	53 1	15 1	6 2	27 3	36 1	18 4	51 2	68 1	37 1	17 2	3 1	41 3	42 3	39 1	35 1	31 2	24 1	9 4	44 1	29 1	22 1	56 2	11 2	50 4	57 1
59 5	31 2	68 1	16 2	32 2	51 4	29 1	48 3	23 2	52 1	40 2	39 1	14 12	43 1	61 3	49 1	3 4	46 2	17 2	6 2	44 3	1 1	13 3	27 1	60 2	58 1	24 2	69 2	28 1	8 10	26 2	35 1	33 1	63 1	18 1	19 3	5 1	38 2	2 4	36 1	54 2	15 1	62 1	21 2	50 2	9 3	53 2	25 1	66 5	10 2	65 3	42 1	20 4	47 1	0 1	12 3	30 2	7 1	34 1	57 1	55 2	37 2	4 1	45 2	67 1	56 3	64 3	11 4	22 1	41 4
35 1	28 1	6 3	1 1	53 1	61 3	49 4	63 1	51 1	36 2	8 2	26 1	21 3	40 1	12 3	18 1	17 4	50 1	43 1	47 1	22 2	16 1	32 1	66 1	38 1	2 4	33 1	67 2	65 1	10 4	13 5	68 3	60 1	44 3	42 5	52 3	20 2	57 9	48 4	9 5	37 5	54 2	4 2	29 1	27 1	11 1	39 3	23 2	24 2	64 1	14 4	69 1	59 1	46 1	0 1	41 1	34 2	30 2	56 1	7 1	19 3	62 1	58 3	55 3	25 1	3 6	5 1	15 5	45 1	31 1
64 2	49 1	37 1	22 1	30 1	27 1	24 2	16 1	63 3	14 1	15 8	34 4	9 3	57 1	3 1	13 5	44 1	41 1	31 1	59 2	7 1	60 2	56 2	29 1	18 2	40 3	4 2	54 1	65 1	20 3	0 1	55 3	69 1	11 1	48 2	68 4	25 3	26 1	21 1	47 1	8 3	52 4	58 2	67 2	39 1	43 2	12 2	45 1	51 2	2 3	38 2	23 1	46 1	17 1	6 4	62 1	1 1	36 2	5 1	66 2	33 2	10 1	61 1	42 2	32 5	53 2	19 4	50 1	28 1	35 4
27 2	58 2	30 1	42 1	35 4	29 9	54 2	60 2	49 1	46 5	47 4	64 4	66 1	37 1	16 3	9 1	32 2	56 1	6 1	48 1	69 4	65 2	34 2	41 2	63 2	5 1	57 1	24 1	13 4	18 2	50 1	1 2	33 2	20 6	10 1	51 2	59 2	25 1	38 2	67 3	19 1	21 1	68 4	17 2	43 1	39 3	3 1	12 1	44 2	55 5	7 2	40 5	36 1	61 4	2 2	31 4	11 2	23 3	14 3	45 1	22 2	62 1	0 5	53 2	52 1	28 3	26 1	15 2	4 1	8 1
48 1	38 2	18 4	56 2	34 2	39 2	65 2	40 5	41 1	29 1	49 2	14 2	7 9	57 1	42 2	3 1	10 1	24 1	11 1	16 4	62 1	50 1	12 1	19 2	66 2	45 1	52 1	5 2	64 1	59 2	37 11	20 1	21 2	32 1	15 2	63 1	8 4	2 2	27 1	58 1	33 1	69 1	60 2	47 1	28 1	43 1	1 1	6 1	23 1	25 1	53 4	61 2	67 6	26 1	0 3	13 1	44 1	9 2	68 2	4 2	55 2	54 1	36 2	31 1	22 1	46 2	30 1	51 1	35 5	17 3
65 1	26 1	51 2	69 1	53 1	20 1	1 1	6 2	2 1	66 1	34 1	54 2	67 1	46 1	23 1	56 1	8 3	24 7	49 3	29 3	13 3	64 3	35 2	3 2	59 1	61 1	45 3	0 1	31 2	39 1	57 3	32 2	63 2	22 1	40 1	37 1	12 3	52 1	27 1	4 4	16 1	10 1	15 4	21 1	41 2	33 1	30 3	68 2	25 3	18 1	43 2	28 1	42 5	5 2	7 1	60 1	38 2	9 1	55 5	17 3	48 1	14 6	50 2	47 2	58 5	44 1	19 1	11 1	36 1	62 2
23 3	5 1	39 2	14 5	18 2	61 1	16 1	22 1	30 1	38 3	63 1	3 1	62 1	52 2	42 4	66 1	2 1	9 1	57 1	10 1	49 1	13 2	37 3	24 2	44 4	20 8	60 1	28 1	41 1	55 3	47 1	54 2	36 2	21 2	43 1	7 2	11 1	56 1	19 1	6 2	65 1	45 2	27 1	15 3	48 1	59 1	35 3	29 5	0 6	50 5	8 2	68 1	58 3	34 1	26 1	69 1	64 1	31 1	12 1	53 1	1 1	25 1	17 2	33 1	40 3	46 1	4 4	67 6	32 2	51 3
13 1	67 3	14 2	38 1	29 1	45 1	27 1	49 1	37 1	44 2	52 2	0 1	68 5	40 1	5 3	18 3	24 3	46 1	41 1	19 1	20 1	9 2	43 2	22 1	16 3	15 1	12 2	53 1	6 3	47 1	32 4	51 4	39 1	21 1	23 1	36 1	63 2	30 1	25 5	26 1	54 1	57 2	11 2	28 3	69 1	60 1	3 3	62 1	8 1	34 2	4 7	1 1	48 2	65 1	50 1	55 1	59 1	61 1	17 1	56 1	58 6	64 1	33 5	31 2	66 1	10 2	35 1	7 5	2 6	42 3
3 3	40 4	68 5	23 2	7 1	12 1	4 1	37 1	9 4	62 3	24 3	11 3	38 5	21 1	48 1	59 4	20 1	14 1	58 3	51 3	50 2	52 2	42 2	26 2	49 1	1 1	34 3	19 3	36 1	13 1	41 1	61 4	0 4	47 1	39 1	64 1	60 1	57 1	55 1	29 1	45 2	43 2	22 1	30 4	63 1	33 1	17 3	56 1	16 1	2 2	35 2	69 3	15 2	65 1	44 1	32 1	67 2	31 1	6 1	28 2	46 3	8 2	25 1	27 1	10 1	18 1	5 1	54 2	53 1	66 1
27 1	61 1	12 1	41 3	55 2	64 1	8 1	58 3	4 4	6 1	14 1	16 1	47 1	69 5	51 3	37 2	1 1	21 1	53 1	60 2	26 1	25 1	31 1	17 2	40 1	52 2	23 4	50 8	38 1	35 5	36 1	48 1	39 3	13 3	45 1	20 1	32 2	11 1	57 3	65 1	33 2	15 1	19 3	0 2	34 1	63 1	59 10	28 1	66 1	56 3	68 1	43 1	46 3	54 7	49 1	3 1	42 2	5 1	7 1	44 1	30 1	10 1	2 1	29 3	9 2	62 8	18 2	67 1	22 1	24 1
52 6	17 1	30 1	63 2	10 1	15 1	69 2	8 1	14 1	48 1	35 4	27 1	50 1	42 2	62 1	64 2	20 1	33 4	53 1	9 1	61 4	18 1	41 1	36 1	4 1	11 1	6 2	45 1	32 1	12 4	56 3	25 1	44 3	67 1	26 2	58 1	29 6	28 1	65 2	54 2	38 1	22 1	23 1	0 1	21 1	60 1	49 1	68 1	59 2	13 3	19 8	16 3	31 2	34 1	46 6	57 4	66 1	37 2	24 3	51 3	39 1	2 1	1 3	47 1	3 2	55 2	40 2	5 1	43 2	7 2
65 1	53 1	50 1	23 1	45 1	1 2	6 7	55 9	68 1	5 3	28 4	40 1	33 2	10 1	37 1	21 2	13 3	46 2	43 1	41 1	49 7	12 3	63 2	58 2	19 2	56 1	64 7	29 2	0 2	2 1	35 1	34 1	31 2	9 1	4 1	16 1	20 1	51 2	8 1	17 1	44 4	48 4	62 3	42 1	66 2	18 1	39 1	26 1	54 1	27 1	38 1	7 3	30 1	25 2	52 1	67 1	11 1	14 3	3 1	61 2	15 1	36 2	24 1	22 4	60 1	32 2	57 3	69 3	47 5	59 1
69 1	53 1	21 1	19 2	49 3	7 1	1 3	44 1	11 1	50 2	2 1	38 1	5 2	4 1	37 3	29 3	8 5	27 1	3 1	39 2	58 1	25 1	64 3	68 1	26 1	32 1	30 1	31 2	48 1	13 3	6 3	47 5	54 3	46 1	12 4	16 1	55 4	17 4	10 2	40 1	57 1	15 1	33 1	35 1	66 1	51 2	56 3	62 3	20 1	41 2	67 2	43 1	18 1	65 2	34 1	36 3	52 1	60 1	28 2	23 1	0 2	61 1	45 2	9 1	42 2	22 3	14 1	63 1	59 2	24 1
26 2	39 1	65 1	37 2	10 3	2 4	54 2	55 1	36 1	22 1	1 1	64 1	24 4	17 2	5 1	12 2	3 2	4 7	20 2	61 1	33 1	50 1	34 7	43 1	15 1	13 1	18 4	63 1	69 2	7 1	19 1	66 5	60 1	21 5	46 1	40 6	35 3	27 1	25 1	14 2	31 1	47 1	68 2	11 3	58 1	62 1	28 1	57 2	9 3	52 3	23 1	38 1	67 2	41 3	49 1	6 4	59 4	0 2	30 2	8 1	51 5	44 2	16 5	42 4	56 2	53 1	48 5	45 1	29 1	32 2
44 1	6 6	43 3	68 1	3 1	2 4	67 8	4 1	25 5	29 1	5 2	8 2	32 1	53 1	45 2	14 1	33 7	58 3	56 1	17 1	22 3	21 2	62 1	27 5	61 1	51 1	35 1	41 2	18 2	28 1	37 2	63 1	10 1	42 4	26 1	31 3	47 1	52 3	15 2	11 2	66 2	24 1	39 6	23 2	9 1	46 1	36 1	1 2	30 1	34 4	7 1	48 2	20 5	55 2	19 1	38 2	65 1	50 2	69 3	60 2	12 3	59 2	13 2	64 1	57 1	0 1	49 1	16 2	40 5	54 2
41 1	59 2	64 1	60 1	42 1	35 1	13 1	68 2	6 1	4 3	29 3	31 1	69 3	25 1	66 3	36 3	12 5	24 1	55 2	56 2	32 1	65 2	61 1	57 1	22 2	2 3	53 1	48 2	8 1	20 1	28 2	54 5	62 2	23 3	58 1	49 4	45 2	63 3	7 1	19 5	30 1	46 1	40 2	34 1	0 1	38 2	18 2	3 1	9 1	27 1	37 1	67 1	17 1	52 1	43 1	1 2	14 2	16 1	11 3	21 3	26 1	51 3	10 3	15 1	33 2	44 1	5 1	50 1	47 2	39 1
33 1	19 5	12 1	66 1	27 7	3 1	29 2	42 2	6 2	65 1	32 7	28 1	4 2	16 1	41 1	68 1	39 3	56 1	5 5	50 1	40 7	59 2	61 1	25 2	22 1	69 2	1 2	38 3	34 1	62 2	21 2	17 1	45 1	44 3	60 1	9 2	58 2	57 1	0 1	30 2	52 6	31 2	14 1	53 2	7 2	54 1	49 8	11 3	64 1	24 1	43 1	13 1	35 2	36 1	10 5	8 2	63 2	26 1	46 2	20 2	23 2	55 1	15 2	51 6	18 1	37 7	67 4	48 1	2 1	47 2
