70	100
3 1	10 1	4 7	78 2	57 1	71 3	21 2	6 5	88 2	16 1	52 1	46 2	2 1	44 2	12 3	58 3	14 1	41 1	29 4	55 7	92 1	59 1	53 1	25 2	95 1	5 1	34 6	32 3	60 2	83 2	22 1	68 1	15 1	17 1	90 1	47 4	75 3	43 3	42 3	26 2	76 1	97 1	39 3	35 3	13 1	91 1	40 1	62 4	19 1	98 2	64 1	0 1	28 6	81 4	99 2	8 1	27 1	50 1	20 4	45 3	85 1	7 2	11 1	80 1	23 2	38 1	84 3	54 5	36 3	18 1	63 2	89 3	66 1	82 1	56 2	61 5	86 1	69 3	73 2	79 1	24 1	96 2	93 1	72 1	33 2	74 1	87 1	49 1	65 1	1 1	31 1	37 1	77 1	70 1	9 3	94 1	51 1	30 2	67 3	48 2
31 3	92 1	13 1	78 1	95 1	99 2	49 3	65 1	74 2	55 1	96 1	27 1	98 1	76 3	83 2	85 2	77 1	69 2	57 2	15 2	56 3	59 2	8 2	44 1	43 2	71 3	81 1	9 2	82 3	3 1	24 1	11 1	86 1	94 1	39 1	1 1	19 2	75 1	33 1	89 1	66 2	63 2	58 1	12 1	7 5	61 2	67 2	50 2	16 3	30 3	60 4	46 1	36 1	68 3	22 2	41 1	25 1	35 4	45 1	93 2	20 1	87 1	5 2	10 4	54 3	14 6	79 1	29 2	38 3	88 1	26 3	42 3	51 2	32 1	48 1	40 8	21 1	80 1	84 1	73 2	90 1	62 2	53 1	72 1	91 1	18 2	2 2	6 1	0 2	17 3	70 2	37 1	64 2	34 1	4 1	23 1	52 1	28 1	97 2	47 1
52 1	65 1	97 1	3 2	6 1	11 1	82 2	56 1	40 4	34 1	69 1	87 2	61 4	51 4	57 2	81 3	28 1	90 2	73 1	41 2	8 1	7 4	38 5	77 1	10 1	5 1	49 4	98 1	94 3	72 2	96 4	66 3	45 1	92 2	19 3	91 2	13 3	24 2	31 1	86 1	54 2	67 1	99 1	42 1	70 2	29 1	53 8	48 3	22 1	35 4	63 2	64 2	60 1	59 1	89 4	12 1	23 2	4 5	83 2	50 3	37 1	36 1	14 1	27 1	80 3	58 2	85 1	9 1	93 1	21 1	20 1	75 2	62 2	95 6	25 2	16 7	32 3	55 3	30 1	79 3	1 3	47 1	46 2	33 3	84 3	44 3	18 1	26 1	76 3	39 1	43 1	15 6	2 1	78 1	17 1	71 3	68 2	0 1	74 1	88 2
37 1	27 1	30 3	91 2	62 1	18 1	77 2	48 1	31 3	12 1	73 7	44 3	66 1	9 1	36 1	76 3	22 2	8 2	11 1	0 2	92 2	40 1	90 3	97 2	52 2	32 1	21 1	47 1	57 1	71 3	20 4	13 1	25 7	34 4	80 1	28 3	99 1	6 1	63 12	4 1	43 1	5 1	38 1	51 3	96 2	94 2	49 1	75 2	41 1	67 1	10 4	24 2	64 1	2 1	74 1	84 3	33 3	54 1	39 4	46 2	81 4	93 1	83 5	59 2	16 4	98 1	72 1	85 4	65 1	79 2	95 1	68 1	58 1	19 2	78 1	50 2	3 2	70 3	69 3	82 1	17 3	53 3	88 1	61 2	42 5	60 1	35 4	23 1	15 1	56 1	86 4	87 5	14 1	45 3	1 1	55 1	29 1	7 2	89 1	26 1
3 1	42 1	80 1	97 1	22 1	18 1	2 3	70 1	0 4	89 3	13 1	14 5	55 1	10 6	48 4	38 1	73 1	82 1	34 1	40 1	29 5	56 1	72 3	90 2	41 3	60 1	62 1	1 1	66 1	69 2	76 3	87 1	65 1	46 2	26 2	4 1	21 1	99 2	23 5	25 1	78 5	84 1	61 2	77 1	79 1	92 1	58 2	86 1	96 1	17 3	35 1	74 7	53 12	49 1	6 2	50 6	36 1	7 2	67 5	88 4	19 1	27 1	20 2	91 1	43 2	8 1	16 2	64 1	81 1	57 1	44 5	9 1	54 4	5 1	98 1	93 1	15 1	51 6	11 2	63 5	24 2	68 2	45 2	94 2	71 3	28 1	30 1	33 1	85 2	37 2	39 1	12 1	31 2	75 3	95 3	52 1	32 1	47 1	59 3	83 4
65 1	35 2	28 2	40 2	67 1	3 1	97 2	1 1	22 2	80 1	99 1	34 2	57 1	9 1	72 2	44 1	25 2	75 5	78 1	62 1	49 1	83 1	30 2	6 3	17 2	38 1	5 1	14 1	59 1	92 2	63 2	24 2	86 2	79 1	10 2	87 4	74 2	88 1	94 1	76 1	0 1	71 1	50 2	46 4	66 4	8 1	89 1	31 3	37 4	21 1	39 1	64 1	84 3	61 1	45 2	43 1	91 1	98 1	53 3	15 1	41 1	23 1	54 2	48 2	19 1	47 2	4 2	2 1	55 2	12 1	33 2	70 1	52 1	32 4	27 1	20 4	11 2	95 2	85 1	69 1	77 3	73 3	16 2	42 1	29 2	82 1	96 1	18 4	68 2	90 2	93 1	60 1	13 3	81 2	51 2	26 2	36 1	7 2	56 4	58 1
24 1	34 2	96 2	17 1	98 2	61 1	95 9	77 1	51 6	27 4	36 1	73 3	4 4	38 1	2 3	25 2	43 1	32 8	44 2	99 2	70 1	0 2	16 1	3 1	76 4	80 1	52 2	87 5	49 2	28 2	22 1	41 5	5 1	19 4	84 1	72 5	88 1	50 2	71 1	1 1	69 1	59 2	15 3	11 4	10 2	54 1	89 1	79 2	91 1	39 2	90 1	82 1	13 1	97 2	94 3	9 3	53 1	64 1	30 4	65 1	23 2	45 1	67 1	20 3	46 1	81 1	60 1	42 7	56 1	83 2	93 5	6 2	55 3	35 1	31 1	63 2	14 2	7 1	74 2	21 3	78 1	68 2	58 1	29 3	92 1	33 2	18 2	26 2	57 1	40 1	62 1	86 2	75 4	37 1	48 1	66 3	12 2	8 1	47 1	85 3
1 2	66 4	99 2	79 2	55 2	26 2	89 1	56 1	47 1	86 1	50 1	49 1	4 1	14 4	54 1	52 1	94 3	29 1	77 3	10 2	96 4	43 1	62 3	6 3	3 1	23 1	39 1	38 2	83 1	73 3	40 1	34 4	51 4	92 1	8 1	2 1	46 1	19 1	78 2	81 1	60 1	27 3	59 5	76 2	88 2	15 2	61 1	17 3	16 1	33 6	18 2	80 2	84 2	75 1	95 1	68 2	98 2	12 2	57 1	67 1	7 4	71 1	0 1	72 2	74 2	41 1	22 2	25 2	87 1	9 2	32 2	70 3	21 1	53 1	58 4	90 1	20 1	36 1	48 1	85 2	91 1	24 1	82 1	45 2	64 1	37 1	35 2	28 3	93 5	97 1	5 1	65 2	13 1	11 1	30 3	63 2	42 1	44 8	31 5	69 1
73 1	31 1	3 1	30 1	7 2	89 1	42 1	68 4	47 1	61 1	38 2	83 1	87 2	82 2	14 1	88 1	99 1	54 1	60 1	5 4	46 3	36 2	70 3	75 4	11 1	45 2	92 3	96 3	49 2	55 3	29 4	32 1	6 4	67 1	17 1	79 1	9 1	80 2	69 1	64 3	66 4	1 1	76 2	50 3	23 1	65 6	37 1	97 2	15 1	8 1	78 1	19 1	41 1	71 4	20 4	33 1	24 1	40 1	85 2	35 1	0 1	94 1	12 1	52 1	13 2	10 1	26 3	2 5	43 1	39 1	57 2	62 1	22 3	59 5	25 1	74 7	98 2	27 1	21 6	44 5	53 1	63 1	58 1	18 1	77 2	56 3	84 7	4 2	95 1	51 1	91 2	81 1	48 1	86 1	93 2	90 3	34 2	16 1	28 6	72 2
56 5	53 2	88 3	93 4	23 3	51 3	37 2	36 5	54 1	26 1	80 1	94 1	50 1	82 4	5 2	61 6	8 1	22 4	7 3	20 1	76 6	44 1	9 2	30 1	21 2	40 1	41 3	70 4	74 1	58 3	75 1	97 5	45 2	52 3	4 2	65 1	13 2	73 1	39 1	10 3	59 2	38 1	78 1	98 1	55 1	0 1	84 4	62 3	35 1	6 2	68 1	27 2	32 2	17 6	49 1	33 1	71 2	57 1	16 1	34 2	63 2	85 3	81 1	64 3	83 2	15 4	60 1	28 2	12 1	86 1	99 1	92 2	14 2	77 1	24 1	47 4	43 1	46 3	42 1	18 4	31 2	95 6	11 1	79 1	72 1	67 2	3 2	69 4	89 1	66 1	29 3	48 1	2 1	25 1	90 4	91 1	19 1	87 1	1 2	96 2
51 1	20 2	77 3	2 1	66 2	43 1	90 1	76 1	72 1	1 5	18 1	94 1	17 4	39 2	99 2	74 2	62 2	42 1	24 2	75 1	87 1	96 1	70 3	85 1	69 2	54 4	83 1	31 4	8 1	89 2	63 4	23 1	36 1	71 5	84 1	73 2	52 2	55 1	47 1	33 2	11 1	9 3	13 1	44 3	49 3	32 1	64 1	22 1	88 2	53 2	59 1	50 1	25 1	79 1	82 1	58 1	16 3	6 1	0 2	21 4	78 6	15 1	67 2	92 1	4 2	86 1	26 1	56 2	81 1	93 1	97 2	14 3	27 2	37 2	28 1	45 7	68 3	35 1	30 1	12 1	48 5	19 2	65 1	34 1	40 2	98 2	5 1	3 2	61 1	91 2	7 3	95 3	29 1	10 3	57 1	46 1	38 1	80 1	60 4	41 1
17 1	80 2	62 1	85 3	27 2	24 4	86 2	46 3	67 2	37 5	21 2	9 1	42 3	74 1	70 2	22 1	61 3	83 1	60 2	48 3	2 1	76 4	65 2	40 2	29 1	92 1	33 1	18 3	38 1	73 1	5 2	87 2	51 1	98 9	52 1	59 1	1 3	23 2	19 1	75 2	4 1	30 4	43 2	88 1	39 1	57 3	99 1	0 1	12 1	49 5	71 1	3 3	50 3	10 1	56 1	91 2	82 4	96 1	34 4	64 2	25 1	28 1	26 2	6 1	81 1	8 1	84 1	47 1	95 1	7 1	16 2	68 2	93 2	89 4	78 3	72 1	63 3	32 1	77 1	31 2	36 4	90 4	58 3	45 1	94 2	79 1	97 3	20 5	53 3	11 6	35 1	54 2	41 1	55 1	14 1	44 5	69 3	13 2	66 1	15 1
96 1	47 1	70 1	9 1	14 2	62 1	69 1	50 3	4 1	41 2	51 1	22 2	45 1	23 1	92 1	2 4	65 3	73 3	48 1	82 1	44 1	56 2	31 2	0 4	35 2	13 2	80 1	66 1	1 2	11 4	40 6	34 1	39 1	57 2	99 1	89 1	67 3	64 2	84 1	26 2	58 4	59 2	79 2	76 1	88 1	93 3	24 2	46 1	30 1	63 1	83 2	36 1	60 1	86 1	54 1	20 1	71 1	95 1	55 1	19 1	91 1	78 6	38 1	37 2	3 2	52 1	94 1	33 1	29 2	16 1	32 2	12 1	27 1	85 2	72 5	7 1	17 1	74 1	49 2	61 2	90 3	98 2	42 1	43 2	5 2	25 3	81 3	28 2	68 1	18 6	77 1	75 1	15 1	97 2	10 2	87 1	6 1	8 3	53 1	21 2
72 1	70 1	47 2	41 3	55 1	18 3	87 1	81 2	62 3	12 1	27 1	51 3	71 3	24 3	46 4	73 1	31 4	44 1	43 2	63 2	91 4	84 2	10 1	29 2	76 3	42 2	36 1	13 1	77 1	74 1	65 2	56 2	5 3	95 4	25 1	58 1	7 1	78 2	23 1	0 1	30 4	39 1	8 4	59 2	54 2	98 1	61 3	97 2	17 1	21 2	92 5	88 2	93 3	32 1	96 2	2 2	67 3	26 3	9 1	35 1	20 1	82 2	11 3	22 2	66 1	52 1	69 1	37 2	90 1	14 3	83 1	48 2	6 2	94 1	1 1	16 1	85 1	40 1	89 1	86 3	4 2	64 2	80 2	34 2	99 4	38 1	49 1	53 4	60 1	28 1	79 1	15 1	50 1	33 1	3 1	68 1	75 2	57 2	19 4	45 1
8 1	7 1	33 1	28 1	88 1	3 4	73 5	30 2	26 1	22 2	38 1	74 1	89 2	1 1	35 1	98 2	79 2	4 2	45 1	36 1	23 1	59 1	15 2	67 1	10 3	41 2	18 4	78 3	24 1	83 2	55 1	65 1	69 2	60 1	54 2	97 1	48 1	87 4	71 4	64 1	29 1	84 2	31 5	27 1	86 1	91 1	50 1	53 1	46 4	66 2	94 2	39 1	34 2	61 1	63 1	90 4	95 5	11 1	96 2	68 3	81 1	13 1	99 1	82 1	58 1	76 2	20 5	92 1	47 4	52 1	57 2	40 2	25 2	44 1	2 2	5 8	21 1	51 1	49 1	56 4	42 1	0 3	12 5	16 1	9 2	43 1	62 3	6 1	80 1	17 1	85 1	32 2	93 1	77 2	14 1	19 1	72 1	70 2	75 1	37 1
8 1	88 1	13 2	22 1	60 3	77 1	95 8	11 1	98 2	42 1	47 3	3 3	54 3	91 1	97 3	43 1	36 3	31 3	40 1	79 4	32 1	85 1	6 3	25 2	83 1	17 3	68 1	23 2	73 2	30 1	72 1	90 2	10 6	65 2	56 3	7 3	0 3	57 2	67 1	28 3	4 2	76 1	71 1	2 4	51 4	29 3	44 1	80 1	34 1	14 1	20 1	27 1	26 1	21 1	37 1	82 1	41 2	86 1	75 1	46 5	5 3	96 1	59 1	69 2	66 1	1 3	15 2	19 2	45 1	24 1	81 1	55 1	63 1	35 1	39 1	50 3	49 1	93 4	78 6	62 3	99 1	9 8	92 1	16 3	18 1	94 1	84 2	53 1	87 1	33 1	74 4	70 3	89 1	38 2	48 1	12 1	64 1	58 1	61 1	52 1
11 1	17 2	0 1	19 1	83 4	18 1	98 1	6 2	74 2	37 3	24 1	62 2	56 2	13 1	12 1	52 1	26 3	79 3	82 1	68 4	33 2	22 1	67 4	20 1	45 1	46 4	23 1	49 4	66 2	90 1	14 1	76 1	28 4	92 2	97 1	7 2	99 2	91 4	8 1	51 1	72 1	57 1	73 2	32 1	93 2	25 2	3 1	44 1	86 7	30 2	77 2	9 2	85 1	78 2	43 1	5 1	38 1	34 1	21 1	95 1	39 1	94 7	35 1	42 1	55 1	41 1	36 2	88 3	71 1	63 2	16 1	61 1	10 3	96 1	70 1	60 1	59 1	27 1	87 1	53 4	47 2	40 3	84 1	31 1	65 6	29 4	1 2	80 2	64 1	4 2	58 1	89 1	48 1	50 1	81 1	75 3	2 1	54 1	69 1	15 4
28 1	30 1	78 1	88 3	15 4	4 1	23 2	95 1	29 1	69 1	91 1	61 5	5 3	89 1	45 1	3 3	50 3	83 7	85 1	92 2	12 1	14 3	90 3	6 3	51 1	37 1	87 1	75 2	8 1	98 2	99 1	1 1	27 4	39 1	94 1	22 3	58 2	97 1	40 2	77 1	60 2	54 2	57 3	19 1	96 3	25 1	55 7	72 1	93 1	70 2	71 1	9 1	13 1	47 1	21 4	16 2	80 1	48 4	76 1	62 1	63 2	18 1	52 1	7 1	84 1	82 1	74 2	44 3	38 1	68 7	0 2	43 1	81 1	11 1	56 1	53 3	79 1	73 2	49 2	64 1	33 1	32 8	66 2	36 5	46 1	86 3	2 1	35 1	67 2	59 2	26 3	34 3	17 1	42 2	24 1	10 3	31 1	41 2	65 3	20 1
51 1	67 1	29 1	27 2	7 1	85 1	70 1	1 1	45 1	42 1	33 1	23 2	84 1	39 2	99 4	38 3	49 3	77 1	31 1	56 1	78 1	73 1	34 1	57 1	17 2	44 1	98 1	93 2	94 1	37 1	4 4	89 1	36 1	90 1	59 3	60 2	14 2	86 3	21 7	95 2	25 1	6 2	91 2	47 2	35 1	48 2	61 4	55 2	52 1	3 1	92 1	41 1	15 10	75 1	32 1	83 1	16 1	46 2	87 1	80 1	12 3	97 1	9 2	82 2	54 5	10 5	28 6	96 2	5 4	62 1	53 1	76 1	8 1	50 2	18 2	64 1	40 3	88 1	71 1	20 3	72 2	66 2	0 1	63 1	74 1	81 1	69 3	22 1	19 4	79 1	68 2	43 2	2 3	13 5	65 4	26 5	58 5	24 1	30 1	11 2
43 1	48 2	14 1	71 1	67 1	76 1	28 3	21 2	25 1	51 1	61 3	33 2	4 3	19 1	22 2	72 2	87 1	7 1	26 1	13 2	98 2	27 2	46 1	73 2	94 1	11 3	77 1	9 1	66 5	2 1	92 1	64 1	85 1	68 1	97 1	62 1	23 1	99 3	55 3	82 1	79 1	15 1	1 4	0 1	91 1	80 3	70 2	50 1	52 3	93 2	78 2	8 2	40 1	44 2	42 4	81 3	57 1	60 2	24 3	49 1	96 1	75 1	36 1	90 1	47 4	32 1	31 1	84 1	54 1	95 1	5 1	89 3	30 2	35 5	16 1	20 2	41 3	18 2	3 1	63 2	53 1	10 1	37 1	83 2	88 4	65 1	17 3	29 2	12 2	39 1	74 1	34 1	59 4	45 3	38 4	56 1	58 3	86 1	69 5	6 5
78 1	27 1	66 1	30 1	97 1	65 1	25 1	22 1	75 1	60 2	3 5	67 4	52 5	55 3	94 2	37 3	48 1	10 2	71 3	62 1	79 1	84 3	6 2	80 2	39 3	51 1	33 1	28 1	96 4	44 1	68 1	91 1	73 2	82 1	90 1	42 1	70 3	41 1	88 1	5 2	58 1	56 1	81 3	77 2	21 3	16 1	13 3	72 1	40 1	18 2	1 1	45 1	64 3	69 1	85 2	36 5	98 3	19 1	87 1	89 2	8 1	53 1	95 1	83 2	63 1	29 1	74 1	50 7	57 2	59 1	61 7	14 1	93 2	15 2	2 1	92 2	23 1	32 1	38 1	26 3	9 2	7 2	54 2	76 1	0 1	31 2	86 1	34 1	46 1	43 1	17 2	11 1	49 3	12 1	99 5	4 5	47 1	20 2	35 4	24 5
24 9	0 5	78 1	74 1	69 2	6 1	72 1	7 1	77 2	53 1	14 1	92 1	86 1	91 2	37 4	26 1	34 1	38 6	31 1	21 1	65 1	19 1	13 1	32 1	1 3	45 3	44 2	51 3	40 5	16 5	99 1	11 5	5 1	12 4	57 1	90 2	17 1	83 2	18 2	84 1	29 2	80 2	4 2	36 1	76 1	42 7	25 1	81 1	93 1	63 1	55 1	66 1	56 2	70 1	89 2	15 3	88 1	30 1	98 1	52 2	2 1	50 1	97 1	43 1	47 1	27 1	10 1	73 1	33 2	82 3	95 4	71 1	75 1	67 1	48 2	46 3	49 1	23 2	60 2	9 1	79 1	8 1	41 4	3 1	94 1	85 1	64 1	39 1	61 1	87 1	62 1	28 3	58 3	20 1	68 1	35 1	96 1	22 1	59 1	54 1
41 2	53 4	12 1	6 1	11 1	64 1	90 2	58 2	57 1	39 1	71 5	4 4	81 1	65 1	47 1	17 2	33 5	9 1	2 1	5 5	45 1	27 1	48 3	34 1	85 2	40 1	18 1	1 2	50 3	87 3	84 1	36 2	19 1	76 2	26 1	31 1	72 1	38 1	23 1	79 3	82 1	69 2	60 1	52 1	96 1	13 3	66 3	37 1	3 1	22 1	30 1	89 2	24 1	77 1	8 1	56 2	93 1	29 1	63 2	46 2	99 2	94 1	16 3	44 2	67 2	54 3	98 1	59 3	97 1	88 9	78 1	10 2	7 3	42 1	55 1	92 1	68 5	43 1	73 5	75 2	32 1	70 1	35 2	28 1	20 5	49 8	14 1	51 1	86 1	83 1	25 1	91 2	62 1	15 1	0 3	95 4	61 1	21 4	74 3	80 2
62 3	12 2	87 2	78 2	85 1	23 1	35 3	51 3	3 1	69 2	27 2	53 2	1 2	40 3	79 1	92 2	32 1	45 1	86 1	26 1	81 1	49 2	31 1	20 1	6 2	10 1	99 5	60 1	15 4	84 4	37 2	63 1	73 1	97 1	88 2	2 3	24 3	36 1	30 1	94 1	76 1	59 1	16 2	0 2	39 1	98 2	55 2	7 1	75 6	56 2	80 2	14 1	19 1	22 1	11 1	48 1	64 1	50 3	66 1	96 3	67 1	77 1	38 5	91 1	18 2	90 3	95 1	83 1	44 1	58 2	34 3	71 1	13 2	17 1	47 1	82 2	70 3	65 4	42 3	28 2	43 2	21 2	33 1	29 4	74 5	54 3	93 4	89 2	8 1	52 2	68 1	46 3	25 2	41 2	61 3	5 1	9 2	57 3	72 2	4 1
51 3	65 3	82 2	31 2	50 2	97 1	45 5	98 1	63 1	24 2	4 2	58 1	9 4	27 1	87 2	60 1	20 2	79 4	42 5	49 3	14 1	18 3	6 1	0 1	99 5	68 2	34 1	44 1	62 1	22 1	56 2	54 3	26 2	91 1	76 3	57 4	59 3	19 1	75 1	7 2	81 9	29 3	16 5	67 1	36 1	96 1	88 1	77 2	23 1	3 1	10 1	12 4	38 4	70 1	95 5	43 3	83 3	25 2	47 1	41 2	61 4	90 2	28 1	84 2	2 1	46 3	11 4	69 2	94 1	86 2	35 1	1 8	32 1	73 1	78 2	93 2	71 4	89 1	39 1	40 1	37 1	52 4	66 1	92 2	30 1	15 1	13 2	21 2	8 1	17 3	85 4	33 4	64 9	74 3	80 2	5 3	53 2	55 1	48 1	72 4
17 2	39 1	20 1	45 2	49 3	85 1	0 3	94 3	76 1	2 2	90 1	52 2	78 1	59 2	61 2	93 1	15 1	48 1	27 2	21 3	58 2	70 3	14 1	87 1	12 4	56 2	62 2	16 1	80 3	71 2	37 6	73 1	9 1	4 1	65 2	82 4	83 1	34 1	75 1	26 2	29 1	97 3	25 1	30 3	1 1	50 1	84 1	44 4	88 1	66 1	98 2	36 1	42 1	23 2	72 4	33 1	53 1	55 1	28 1	46 1	86 1	51 1	69 1	95 1	74 1	89 1	24 1	47 2	81 3	68 1	22 1	63 1	40 1	8 1	96 2	32 1	92 1	64 5	67 6	54 1	35 1	57 1	77 1	5 1	3 1	11 1	7 1	79 3	38 1	99 2	43 1	13 1	91 1	19 1	31 1	18 1	41 2	60 2	10 1	6 1
74 1	53 1	98 1	47 4	7 2	32 3	76 1	27 4	90 2	71 2	21 4	30 2	20 1	52 1	49 1	8 1	62 3	70 2	67 6	80 2	96 1	97 1	69 1	36 1	48 3	73 2	63 2	0 1	28 2	68 2	56 1	89 1	25 1	43 1	57 3	11 1	95 1	38 2	37 2	12 2	99 2	34 1	24 3	22 1	14 1	60 1	9 1	18 3	26 5	2 1	13 3	16 2	10 1	66 8	85 2	35 1	82 1	19 2	40 1	44 2	65 1	1 2	59 1	93 1	17 2	61 1	83 1	81 1	78 1	54 5	45 1	3 1	31 1	51 1	84 5	46 3	91 1	75 3	64 1	33 1	94 1	79 2	29 1	50 1	5 1	58 1	88 1	4 3	72 1	87 1	77 1	42 1	15 2	39 1	23 3	86 1	92 1	41 1	55 1	6 3
3 1	43 2	59 1	18 3	66 1	7 3	73 3	38 1	21 1	33 2	72 1	91 1	94 1	56 3	55 2	30 1	53 3	29 1	45 1	27 2	24 4	12 1	97 1	76 1	39 2	35 1	78 2	64 4	14 1	69 1	51 1	88 7	32 4	87 2	95 1	13 1	23 1	62 1	75 1	52 1	92 1	70 2	40 8	1 2	80 1	54 3	79 2	44 1	77 1	25 1	8 2	11 1	63 1	19 1	49 1	65 1	6 1	26 1	57 1	15 2	42 3	74 1	99 1	84 1	5 2	36 2	61 1	83 2	86 1	58 1	4 3	68 5	34 3	48 6	2 1	89 6	41 2	17 4	31 10	71 1	67 1	16 1	98 1	47 4	46 2	37 1	28 1	85 7	10 2	9 2	60 1	20 4	22 1	90 1	50 2	93 3	96 1	81 1	0 2	82 1
10 1	26 2	9 1	11 1	48 2	18 3	88 1	23 1	60 1	59 2	62 1	14 2	83 3	47 1	56 2	66 2	2 1	0 1	5 1	99 5	28 1	97 3	37 4	40 4	96 1	24 1	50 2	57 2	92 1	64 5	69 1	33 3	93 1	16 1	89 1	86 2	84 2	77 3	42 2	71 8	22 1	74 1	54 2	51 1	41 3	52 3	34 1	20 1	1 2	67 1	29 4	49 2	82 2	85 1	6 1	43 1	79 3	73 1	58 1	25 5	36 1	8 1	21 9	87 2	91 1	63 2	94 1	13 2	55 1	17 1	90 1	65 3	70 2	80 2	61 1	3 2	35 2	81 2	4 1	12 4	68 1	72 2	53 2	32 2	78 3	38 1	19 1	95 1	76 2	27 2	39 2	45 2	31 1	98 1	15 3	75 11	30 1	44 2	7 2	46 1
59 1	73 3	22 3	8 1	86 1	76 2	27 2	75 2	42 2	65 5	63 1	84 2	50 2	31 1	83 3	66 1	19 1	88 1	94 2	46 4	12 1	62 2	78 1	14 2	9 1	74 1	54 2	44 1	68 1	80 2	20 2	35 2	98 2	49 1	70 1	41 1	26 1	2 3	67 2	85 1	58 1	43 1	77 1	1 1	69 1	56 1	92 1	47 2	55 2	48 1	93 1	45 5	40 4	0 1	34 1	18 5	25 1	87 7	24 2	95 1	71 2	37 1	36 1	57 7	11 4	97 2	90 1	91 4	17 3	29 2	64 1	38 2	53 1	79 3	6 1	15 2	99 1	30 1	4 6	5 1	81 2	60 4	21 1	32 1	10 1	7 1	82 4	96 1	16 1	33 3	52 1	51 5	28 6	61 1	89 1	13 1	72 4	3 1	39 2	23 1
13 1	6 6	50 1	41 2	21 1	99 2	29 1	54 1	90 2	68 1	51 4	32 4	76 2	45 1	28 1	81 2	58 5	63 2	79 2	35 6	56 1	17 1	44 2	77 1	62 2	25 1	61 2	74 1	89 1	48 1	40 1	18 1	24 3	4 1	23 2	93 2	57 1	88 1	71 2	12 4	37 1	52 1	7 2	83 2	47 1	8 1	95 1	36 2	96 2	22 1	75 1	86 1	3 1	69 5	73 1	34 2	49 1	78 1	85 2	98 2	5 1	11 1	55 2	67 3	20 1	43 1	66 3	84 2	82 5	15 2	33 1	59 5	42 1	91 1	65 1	72 2	16 1	38 1	19 1	80 1	31 1	92 1	14 1	46 5	39 1	53 2	60 2	94 6	70 3	87 1	27 1	9 1	2 4	64 6	0 1	97 1	10 1	1 2	30 1	26 1
72 1	70 1	83 3	99 2	3 2	71 2	43 2	27 3	38 2	87 6	98 1	41 1	96 1	67 4	77 3	5 1	24 1	16 2	1 1	7 8	23 3	40 1	65 1	78 1	10 2	76 1	81 1	84 4	61 1	21 1	95 1	75 1	33 4	9 3	36 1	56 1	86 3	8 1	25 3	60 5	13 2	74 2	51 2	79 6	63 3	91 2	32 1	85 3	62 1	55 4	64 1	11 1	82 1	18 3	19 1	49 1	93 1	15 1	17 1	20 2	57 2	90 2	34 1	35 3	53 1	52 1	30 2	29 1	89 1	80 4	88 3	97 1	92 2	44 3	39 6	14 1	47 1	12 2	31 2	54 1	22 3	50 2	0 3	2 2	4 2	69 3	59 4	73 1	45 1	28 1	66 1	6 2	68 1	42 1	58 2	48 1	37 1	46 1	94 1	26 1
34 1	43 2	90 4	28 3	93 1	99 2	54 1	41 1	56 1	92 2	21 1	84 5	70 2	78 1	71 2	89 1	7 2	3 1	53 3	58 1	98 2	67 2	31 1	12 5	22 1	14 1	59 3	55 4	75 1	40 3	38 1	57 1	36 2	64 1	88 3	94 1	63 1	72 1	50 4	79 1	46 1	52 1	48 2	62 1	65 2	86 2	30 2	10 3	47 1	19 1	27 1	20 2	85 2	80 1	8 2	44 3	39 1	33 1	49 1	17 1	51 1	37 3	96 4	6 5	29 1	77 1	81 3	95 2	2 1	61 1	69 1	83 1	97 2	91 1	35 2	87 1	68 2	23 1	26 1	13 3	60 3	82 1	42 2	24 4	66 1	16 1	73 2	15 1	74 2	32 1	9 3	76 2	0 1	5 1	18 2	4 2	1 1	45 3	11 1	25 1
78 1	60 1	86 1	7 1	17 1	11 1	68 5	59 2	85 1	61 2	31 1	51 2	20 1	87 2	91 4	41 1	22 6	88 1	48 2	84 2	72 3	56 1	28 2	16 2	89 1	24 1	99 1	97 3	35 2	1 1	37 3	93 4	45 1	15 2	27 1	54 1	69 2	4 4	52 1	94 2	12 3	0 5	42 1	70 5	10 1	8 1	26 1	58 1	49 7	18 1	77 5	36 2	67 3	33 1	96 1	29 3	82 1	5 1	92 1	39 1	6 1	90 2	3 4	53 1	81 3	95 2	64 4	79 4	46 3	73 2	32 1	74 1	25 1	14 1	75 1	30 2	50 2	57 4	98 1	55 1	62 2	34 1	19 3	47 6	76 1	21 1	13 2	80 1	65 2	38 2	44 1	66 6	9 1	40 2	23 2	63 1	71 2	43 2	83 2	2 3
42 1	25 1	22 5	13 3	96 1	50 1	82 1	95 3	0 4	10 1	47 2	36 1	4 1	40 1	52 2	45 4	34 2	92 1	30 2	51 1	6 2	1 3	7 5	26 2	19 1	38 1	43 1	73 4	59 1	63 1	49 1	17 2	56 2	87 2	70 5	66 2	21 2	89 2	18 4	86 4	46 1	77 2	65 5	68 3	29 2	48 1	28 5	98 4	91 7	83 4	78 1	2 3	76 4	81 1	94 1	69 1	64 3	24 2	12 2	55 4	57 2	58 2	88 1	41 1	31 1	75 2	9 2	39 2	93 1	97 4	53 1	72 2	20 1	74 1	79 2	54 2	85 4	3 3	27 1	11 2	71 2	33 1	16 3	5 2	90 2	15 2	62 2	35 1	60 1	8 1	80 1	32 4	23 1	99 3	44 7	14 2	61 2	67 3	84 2	37 2
80 3	19 2	1 1	32 1	77 1	23 2	53 3	13 1	81 1	2 3	86 2	69 1	74 1	72 1	63 2	6 3	61 3	78 1	71 1	87 2	4 2	44 5	12 1	66 1	85 2	59 1	52 2	65 1	10 9	68 2	89 1	16 1	84 3	58 1	26 2	35 3	41 7	0 6	55 2	22 1	96 1	37 6	60 3	30 2	50 3	5 1	7 1	40 1	67 1	33 1	73 3	76 3	27 2	14 1	64 6	83 1	90 2	11 3	88 1	82 2	24 2	56 4	9 1	17 1	94 1	46 1	92 2	38 1	93 2	15 3	8 6	47 1	91 1	20 2	25 1	3 7	75 2	57 2	36 3	39 4	70 2	34 1	51 1	43 6	21 1	95 8	42 1	97 1	18 2	54 1	99 1	98 2	28 5	62 1	79 2	31 3	48 1	45 2	49 1	29 2
99 1	80 3	72 2	37 1	24 1	90 1	20 2	75 2	67 1	31 2	92 2	77 2	23 2	87 1	55 1	39 1	56 1	0 1	7 4	6 1	38 1	74 2	89 2	62 1	10 1	79 1	3 2	76 3	59 1	47 1	91 7	51 4	97 4	85 4	1 2	19 3	27 2	86 2	48 3	84 2	15 1	69 1	95 4	94 2	57 3	4 1	70 1	82 2	41 2	14 2	26 5	44 1	28 3	30 3	54 2	63 2	16 1	65 1	45 2	35 1	2 3	64 2	93 1	81 1	83 2	32 2	78 1	73 1	9 1	36 3	11 2	71 2	50 1	22 1	43 1	98 1	46 2	61 4	42 2	29 2	68 2	8 2	96 1	13 2	66 1	25 4	52 1	34 1	17 2	18 1	49 9	60 2	5 4	88 1	33 3	21 1	12 1	40 2	53 2	58 1
88 1	57 5	95 1	60 2	2 2	18 3	77 3	33 2	30 1	54 4	25 2	9 1	11 3	67 2	4 3	81 1	59 2	63 1	35 2	98 5	6 2	14 1	69 1	52 1	8 1	79 1	96 7	87 3	75 2	51 1	22 1	70 2	73 2	27 3	32 3	37 1	72 2	82 3	24 2	15 3	10 1	89 3	5 1	97 4	28 1	99 2	94 1	45 4	83 1	78 1	58 1	3 4	90 4	36 1	80 3	93 5	12 4	92 3	66 1	85 1	50 1	41 4	47 1	71 1	68 1	76 5	19 3	86 3	34 2	40 3	39 4	49 2	74 1	53 2	16 2	0 1	26 1	48 1	13 1	17 3	55 3	65 1	56 2	1 2	91 2	31 2	42 1	64 3	43 1	21 1	20 2	23 1	38 3	62 1	84 1	29 1	44 3	7 1	61 1	46 4
57 1	44 3	22 2	2 1	91 1	1 5	40 1	71 1	96 1	60 5	82 1	64 3	39 3	34 1	8 3	0 1	98 2	67 1	43 2	80 6	9 2	68 1	66 1	6 3	20 1	78 1	16 2	47 2	74 1	97 1	73 1	94 6	55 1	18 1	75 1	59 1	70 3	45 1	63 2	79 1	42 2	99 3	41 2	19 2	52 2	10 3	92 1	28 1	3 2	69 3	62 3	21 3	56 1	65 2	84 2	81 3	27 1	26 1	15 1	37 2	4 1	90 1	11 2	36 3	50 1	33 1	23 1	61 1	72 1	49 3	93 1	86 2	87 4	76 1	13 3	12 3	32 2	29 2	24 1	95 1	77 3	89 1	53 4	51 1	38 2	35 1	7 4	46 2	88 1	83 2	17 1	58 1	85 3	31 5	48 1	54 1	30 2	5 2	14 3	25 1
73 2	25 2	11 2	29 1	65 1	78 1	24 1	23 1	88 3	84 2	60 2	90 2	55 1	72 2	62 1	0 1	38 2	40 4	79 4	39 5	8 1	37 1	4 2	82 2	20 1	53 1	89 2	15 2	57 1	63 5	56 2	77 1	94 1	44 1	58 1	66 1	61 5	67 1	83 1	7 2	12 2	98 2	54 1	95 1	33 2	34 1	97 3	1 2	10 1	93 4	51 1	31 2	87 1	81 9	16 1	45 1	32 2	19 2	43 1	27 2	41 2	86 2	26 2	49 1	5 2	9 3	74 2	71 2	91 4	68 2	99 4	76 2	13 1	21 1	92 2	6 2	47 1	2 2	96 2	42 3	70 2	36 1	30 1	75 2	48 2	80 1	18 4	59 1	22 1	28 3	85 1	17 1	50 4	3 1	69 2	46 3	64 2	14 3	35 2	52 1
98 1	9 5	52 2	22 1	44 1	37 4	33 1	94 1	4 1	79 1	26 1	59 1	95 1	87 1	13 3	62 1	77 5	68 3	42 2	78 1	76 2	93 1	75 1	47 3	91 1	43 3	14 1	18 1	48 1	72 2	19 4	3 3	56 1	15 1	34 2	53 2	17 1	90 3	49 2	29 1	63 5	99 1	57 1	2 1	58 4	81 2	32 2	70 1	45 1	86 1	12 1	83 5	30 1	39 1	38 1	66 3	64 1	5 5	88 6	20 4	67 2	60 2	35 1	69 10	71 3	74 1	10 4	61 1	82 1	25 1	7 1	1 1	89 2	0 1	40 1	73 1	11 1	92 1	36 1	8 1	55 5	23 1	50 2	46 3	21 1	80 1	84 2	41 1	97 1	24 1	54 4	96 1	85 6	28 1	16 1	27 1	6 1	51 4	31 1	65 3
10 3	4 1	94 1	95 2	0 2	33 2	27 1	87 2	7 2	70 1	23 2	40 1	89 3	35 1	3 7	97 1	83 2	54 1	25 1	76 1	47 4	28 1	53 1	50 2	9 2	55 2	91 1	26 1	80 3	17 2	5 1	19 1	66 1	93 2	82 1	52 1	45 1	38 2	77 3	72 4	65 3	32 1	39 2	60 1	11 1	85 2	41 2	49 2	96 8	67 1	69 1	92 1	12 1	78 3	14 2	21 3	99 2	44 1	56 2	24 1	43 1	86 1	31 2	1 1	15 3	74 1	73 2	37 1	88 1	18 1	98 1	71 3	68 1	42 1	63 2	2 2	30 1	16 1	8 1	64 1	58 1	75 1	59 2	46 2	29 2	51 3	57 1	22 1	81 2	61 6	62 2	20 4	6 1	36 2	90 1	13 2	84 7	48 1	34 1	79 3
99 1	82 1	23 1	84 6	33 2	96 2	90 3	24 1	91 1	50 1	37 2	43 1	9 1	39 1	21 1	3 1	2 1	74 2	15 1	0 1	54 3	69 6	52 10	81 1	25 1	88 6	20 2	98 1	32 2	27 2	94 1	93 1	46 1	85 1	11 2	13 1	63 1	65 1	48 2	68 2	56 1	86 5	29 4	12 1	31 1	60 1	28 1	55 5	47 1	49 3	70 4	73 2	44 2	58 1	14 4	36 5	38 1	97 3	59 2	7 1	62 2	45 1	80 1	78 4	35 1	6 1	4 1	26 1	64 2	83 2	75 1	10 3	72 2	42 4	30 1	18 1	61 1	77 1	89 2	87 1	57 2	34 1	92 1	71 1	5 7	53 1	22 1	1 1	8 1	40 1	95 2	67 2	76 2	51 7	16 2	79 2	66 3	17 1	19 1	41 1
86 2	96 1	95 1	19 2	7 4	85 3	57 3	69 5	27 5	68 2	4 4	3 1	63 1	28 2	82 1	54 3	88 1	53 2	65 2	71 2	36 2	18 1	76 1	11 2	26 1	1 1	31 1	35 1	62 1	58 1	22 1	30 1	90 1	8 3	9 2	73 1	34 6	50 3	74 1	6 1	2 2	72 1	42 3	78 1	0 1	84 1	44 1	29 1	25 1	45 1	93 2	98 3	41 1	94 1	33 6	66 2	32 2	40 1	56 3	43 1	12 1	59 1	99 1	60 1	97 5	87 3	61 1	64 4	48 1	79 1	10 2	17 4	24 2	91 7	37 2	89 3	23 2	14 8	49 1	75 1	67 2	15 1	51 5	16 1	46 1	77 1	38 2	13 2	55 3	52 3	70 1	5 1	92 2	81 2	20 1	47 1	21 1	39 1	83 2	80 1
24 3	4 1	84 2	11 2	91 1	76 1	2 1	42 1	46 2	99 1	5 3	56 4	25 2	15 1	81 1	1 4	18 3	62 4	48 2	80 3	43 2	82 1	13 1	38 2	85 1	88 1	89 4	33 1	72 1	22 2	30 1	29 1	65 2	86 1	95 2	36 3	47 3	58 1	10 2	0 2	96 6	41 1	16 3	20 2	37 1	70 1	61 1	60 6	31 1	92 1	57 1	73 1	23 2	63 2	21 1	98 5	90 3	9 2	26 2	50 1	17 1	79 1	3 1	12 2	87 4	97 2	66 1	34 1	53 1	6 1	8 2	35 1	39 1	67 3	19 1	68 4	54 2	14 2	32 2	71 2	49 2	51 1	74 1	45 1	78 1	7 1	93 1	40 2	59 4	75 2	64 2	55 1	27 3	77 2	52 2	83 3	94 1	44 8	69 1	28 1
89 2	87 4	57 1	52 1	30 1	4 3	81 3	80 1	51 1	31 2	21 6	60 2	64 1	48 3	67 1	22 1	85 2	94 1	32 1	23 1	37 1	9 2	36 2	43 3	88 5	71 4	68 1	20 2	91 4	59 1	28 1	44 1	26 1	24 1	86 1	11 3	39 1	13 4	19 1	98 1	6 4	18 4	5 1	79 4	45 1	70 3	99 1	53 2	50 1	27 2	12 1	47 1	73 2	54 1	72 2	10 1	16 1	63 4	62 4	77 1	41 1	90 1	92 1	8 1	95 2	61 2	3 1	38 1	34 1	96 1	97 1	14 1	76 1	75 1	66 4	78 1	74 2	40 3	82 2	0 4	17 1	69 1	46 4	35 1	58 4	65 2	55 2	1 1	93 1	56 3	33 3	2 2	84 2	42 1	15 3	25 2	49 5	29 1	7 1	83 1
51 2	98 3	94 2	9 2	2 2	46 3	41 2	69 2	88 1	19 1	64 3	15 1	80 1	53 3	57 2	67 1	87 1	12 1	79 2	28 1	39 2	13 1	5 3	25 2	65 2	72 1	56 1	38 1	10 1	62 1	66 2	31 2	77 2	6 1	37 1	85 2	26 3	42 2	92 1	8 3	27 3	50 1	95 3	86 1	24 2	70 2	34 1	33 2	59 2	49 1	97 4	21 1	60 2	18 1	43 1	58 1	3 1	76 1	83 2	63 2	99 1	68 3	82 8	32 1	78 1	75 2	45 1	29 1	54 3	11 4	73 2	55 7	16 2	71 6	35 2	91 2	93 3	40 1	84 1	74 1	36 1	7 1	14 4	1 2	23 1	81 1	47 2	44 3	89 1	52 1	17 2	61 3	96 2	90 1	20 4	4 1	22 1	30 1	48 1	0 1
47 2	51 3	42 3	50 1	33 1	40 1	99 2	58 1	39 2	80 1	17 1	18 1	63 4	81 1	16 2	11 5	56 1	21 2	45 4	35 1	79 3	55 3	36 1	85 2	72 1	24 1	12 2	20 4	94 3	82 2	54 1	28 1	86 2	32 6	87 1	83 1	74 1	91 4	77 1	67 2	49 3	93 3	1 2	6 2	30 2	34 5	96 2	66 1	60 3	98 1	61 1	70 3	92 1	10 5	64 2	65 1	4 1	89 1	90 2	8 1	73 1	26 1	95 1	13 1	25 2	62 1	44 1	69 1	27 1	84 3	2 2	48 2	3 2	19 3	41 3	22 4	97 3	5 1	38 1	57 2	75 2	14 1	23 1	9 1	88 1	43 2	78 2	59 2	52 3	46 3	76 2	68 1	15 2	0 1	31 4	29 1	53 1	71 4	7 2	37 2
82 3	15 1	52 1	89 2	79 4	4 2	20 1	7 1	41 3	72 4	85 2	49 5	55 3	11 1	24 1	33 3	99 1	12 1	43 4	0 3	92 3	30 1	35 1	39 2	22 1	87 1	45 2	54 1	10 1	71 1	86 2	59 2	16 4	73 4	76 1	9 5	50 1	53 4	84 1	28 2	98 3	46 8	31 1	90 2	18 1	51 1	36 1	69 1	78 1	47 1	80 2	2 3	40 1	62 1	5 1	83 2	19 1	61 1	81 1	14 1	3 2	93 1	21 2	64 2	97 3	58 1	37 4	34 3	70 1	60 1	94 2	56 2	26 1	29 1	48 2	27 1	13 1	6 1	25 4	75 1	1 1	65 1	44 1	63 3	32 2	74 2	68 1	23 1	67 1	91 1	57 2	96 2	38 3	17 1	66 2	42 1	95 1	8 1	88 3	77 2
59 3	55 2	91 4	51 3	94 1	61 2	90 2	85 6	9 1	23 1	32 4	67 1	74 1	20 1	50 3	60 1	33 3	38 1	87 2	81 4	5 1	0 1	27 2	80 2	10 2	37 3	98 1	72 3	42 5	92 2	47 2	11 1	64 3	62 1	34 4	56 1	53 1	30 2	97 2	4 1	21 1	15 3	95 2	89 1	12 1	1 4	45 3	75 1	78 3	83 1	29 2	41 1	28 2	35 1	79 2	39 2	13 1	84 1	19 3	99 2	3 2	63 5	25 3	71 1	52 1	7 2	65 1	48 2	31 1	24 1	54 1	68 1	6 1	44 2	43 2	69 4	76 2	16 1	73 1	88 1	70 1	17 3	49 1	18 1	14 2	57 2	26 1	2 1	86 1	93 2	82 1	40 3	46 1	8 1	66 4	58 6	36 3	77 1	22 1	96 2
26 1	97 1	85 2	78 3	83 2	40 1	24 2	67 2	65 4	4 1	23 1	3 1	16 2	49 8	95 1	53 1	46 1	43 2	76 3	14 3	22 4	80 1	86 1	61 1	29 1	45 1	99 3	7 1	0 1	9 4	50 1	37 3	74 9	39 1	64 2	31 2	87 4	17 2	82 1	33 1	12 4	94 1	58 1	96 2	90 2	57 6	19 1	63 2	36 1	75 3	27 3	1 1	15 2	48 2	81 1	42 3	6 1	34 2	71 1	44 2	69 1	84 2	32 3	18 1	88 2	73 2	55 2	52 1	21 3	54 1	47 3	59 2	8 2	51 2	68 1	92 1	60 2	66 4	72 2	38 2	30 3	28 2	2 1	93 2	98 2	77 5	41 2	79 1	56 1	5 2	62 2	70 1	89 1	10 6	13 1	11 1	91 2	25 3	20 1	35 1
9 1	38 1	27 3	49 4	99 1	67 1	74 1	54 1	98 2	17 2	16 2	37 2	86 3	46 1	63 7	87 1	29 1	68 1	33 11	64 2	48 1	0 2	94 2	76 1	42 2	82 1	83 2	81 3	69 2	53 1	61 4	41 1	18 1	91 2	62 1	26 6	85 3	95 2	89 1	25 1	72 6	23 3	24 1	14 1	80 1	34 1	77 1	12 2	22 1	66 2	73 2	21 1	3 1	2 1	84 6	30 1	56 4	58 5	35 1	40 2	44 1	36 2	4 1	8 3	5 1	13 3	55 3	57 1	19 3	75 1	32 2	7 3	52 2	92 2	10 1	59 1	60 4	31 2	43 1	51 1	6 5	11 3	1 1	71 1	47 5	97 1	78 1	45 3	28 1	39 1	15 2	93 2	65 9	96 3	20 1	88 1	70 1	50 2	79 3	90 2
34 1	91 1	24 4	72 3	46 3	52 4	59 2	75 1	42 1	76 1	64 1	12 3	62 2	20 1	99 2	45 2	84 2	83 1	58 3	92 1	17 3	39 3	14 1	81 2	0 1	63 1	69 2	71 3	37 3	13 1	6 5	18 1	31 2	56 1	66 2	28 2	25 5	55 1	82 1	43 1	90 5	73 3	50 2	4 1	30 2	16 8	60 2	15 1	11 5	19 1	10 2	32 3	93 1	7 3	40 1	89 1	77 2	3 2	33 1	36 1	67 1	87 1	5 4	44 1	98 2	95 1	1 1	74 1	88 2	47 1	9 1	57 1	85 1	80 1	61 3	21 2	29 1	2 1	23 3	53 2	68 3	35 2	70 2	38 1	79 1	54 2	96 1	22 2	48 1	51 1	97 2	49 3	27 5	78 2	26 4	41 1	65 1	86 1	8 1	94 3
3 1	19 2	25 2	88 2	46 1	68 2	18 1	98 1	60 2	15 1	99 4	35 1	52 4	80 1	82 1	64 2	40 1	29 1	32 2	0 1	33 1	77 2	4 2	9 1	91 4	49 1	70 3	92 2	28 3	59 1	2 1	85 2	39 3	83 1	61 1	45 3	67 1	56 1	81 1	84 1	5 1	51 2	42 1	87 3	12 5	55 3	78 1	36 5	23 1	27 1	20 3	17 1	94 2	73 1	37 1	34 2	10 1	44 6	11 1	62 1	96 1	26 1	95 1	58 2	71 2	66 1	13 2	7 5	38 1	69 1	8 1	48 1	22 1	63 5	57 4	1 1	16 1	30 3	89 1	75 1	79 1	31 1	54 3	50 2	93 2	72 1	65 2	47 2	97 1	86 1	53 1	24 1	76 2	14 2	21 1	6 3	74 1	90 3	41 1	43 1
84 1	0 1	5 1	67 3	85 4	21 5	3 1	45 1	92 1	37 2	23 1	47 3	48 2	42 1	61 2	32 1	75 2	99 2	43 3	49 3	16 3	76 1	6 1	18 2	82 4	29 3	55 1	36 1	15 1	7 2	41 1	93 1	4 1	72 1	52 1	58 2	1 1	12 11	26 13	35 1	80 1	39 3	57 2	81 1	78 4	51 5	69 2	64 3	70 1	9 1	88 1	86 2	66 2	96 1	46 1	89 1	8 1	65 2	83 4	2 2	40 1	91 1	14 1	17 1	24 3	95 2	73 3	77 2	13 2	27 2	31 1	90 2	54 1	87 1	22 3	97 1	79 4	74 1	63 1	44 4	53 1	38 2	33 3	60 4	68 1	10 1	98 3	19 3	34 1	71 2	25 2	56 3	28 1	20 3	94 2	62 4	11 1	30 4	59 2	50 1
16 1	25 3	92 8	36 1	33 2	12 2	82 3	63 5	52 1	71 6	30 1	75 1	87 3	10 1	53 2	97 4	18 3	28 4	99 2	67 1	74 1	59 1	22 4	39 1	55 3	85 3	83 1	72 3	61 1	93 6	29 1	8 1	69 2	68 2	84 1	3 2	26 4	24 1	56 2	44 2	54 1	20 3	32 1	11 4	89 1	9 1	86 1	1 1	57 1	81 1	51 3	34 3	96 2	65 4	46 1	47 1	66 3	14 3	6 1	0 1	60 2	94 2	76 1	40 2	7 2	4 4	27 1	35 4	50 1	13 3	43 5	49 1	38 1	70 1	37 2	88 1	23 2	64 1	79 1	95 1	73 2	45 2	77 2	78 2	62 1	41 1	80 1	48 3	42 4	5 1	31 1	91 1	15 3	58 1	17 2	19 1	90 1	2 1	98 1	21 1
28 3	83 3	71 3	47 5	49 1	64 2	34 3	80 2	93 5	3 1	21 3	74 2	19 1	50 1	17 1	4 2	45 1	89 6	54 4	85 3	97 1	52 1	23 1	11 2	37 1	98 1	26 1	0 2	76 2	51 5	63 4	13 1	96 2	6 1	70 3	53 1	2 1	58 3	66 1	86 3	91 1	22 1	87 1	73 1	32 4	20 4	67 2	62 1	60 1	42 1	88 1	68 1	7 2	5 2	79 3	55 4	78 2	38 4	41 2	12 1	39 2	29 1	40 3	72 11	35 1	15 3	77 3	14 3	95 4	94 1	9 1	10 4	90 1	44 4	25 1	65 1	69 4	99 1	1 5	43 1	92 1	16 2	57 1	56 1	18 4	27 3	24 1	31 2	36 1	46 2	59 2	48 1	82 2	75 4	8 1	33 2	84 1	30 4	61 4	81 1
17 4	92 2	88 5	45 1	25 1	9 3	57 1	67 2	77 2	27 3	50 2	41 1	71 1	72 2	21 1	19 4	73 1	1 1	53 1	59 1	18 5	34 1	68 3	10 2	83 1	36 4	55 5	91 2	46 1	35 2	37 1	62 7	56 1	24 1	66 1	23 1	33 1	85 1	70 1	96 1	29 1	60 1	32 2	78 2	82 2	31 1	20 2	75 1	12 1	47 3	39 5	51 4	13 1	76 1	42 3	52 1	99 1	87 2	86 1	89 3	65 2	8 2	26 1	43 1	58 1	4 1	14 1	63 2	0 1	98 1	61 2	95 2	64 1	2 5	80 1	44 1	74 2	81 2	79 4	84 1	3 3	28 3	38 1	49 1	48 1	11 1	90 4	15 1	5 2	16 1	6 3	40 2	69 3	30 1	94 5	54 8	97 1	93 1	7 2	22 2
9 1	61 1	37 6	87 1	71 1	91 3	23 1	81 1	93 1	13 1	51 1	0 1	40 1	42 2	57 1	86 1	68 3	72 1	47 1	92 1	14 1	49 1	4 3	85 3	62 2	58 3	25 1	34 1	94 2	28 3	67 2	6 1	36 2	31 2	39 1	21 4	76 1	74 1	35 4	52 1	88 2	12 3	97 1	55 1	18 1	95 1	16 4	24 2	63 1	60 1	59 6	29 1	41 1	70 1	75 3	20 1	56 2	3 2	45 1	98 3	5 1	90 1	1 1	54 1	2 1	10 1	26 2	44 5	66 5	79 2	32 2	43 1	89 1	38 4	69 3	46 1	84 1	27 1	82 3	48 2	64 1	73 3	15 2	22 1	77 2	80 1	19 1	33 2	30 1	8 1	11 1	83 1	65 5	78 1	96 1	53 6	17 1	99 2	50 1	7 1
43 2	23 1	81 3	21 1	74 3	47 1	56 3	55 2	35 1	85 1	13 1	83 1	49 1	92 2	71 2	95 3	60 2	77 2	31 2	94 3	5 3	68 1	46 4	19 2	67 1	98 1	65 1	86 1	36 1	18 1	2 6	76 2	90 3	59 1	33 2	10 2	32 2	96 1	29 1	12 1	93 1	48 5	64 1	30 1	26 1	88 1	84 1	42 1	75 1	91 3	54 1	27 1	3 2	62 1	53 2	63 1	24 1	15 1	79 2	14 3	17 3	58 3	39 1	97 1	40 1	41 2	7 1	44 2	38 4	69 3	99 5	50 1	70 6	61 1	87 1	51 1	0 2	28 1	52 3	57 7	8 1	4 2	25 2	9 2	89 1	37 1	20 3	1 2	78 1	66 3	6 1	11 1	80 2	16 1	22 2	82 2	45 1	73 1	72 2	34 1
43 2	78 2	79 1	73 1	86 1	99 3	35 3	29 2	40 1	95 1	59 3	42 2	62 1	19 1	17 3	48 1	98 1	39 2	93 1	45 1	87 1	27 1	64 2	11 1	67 1	30 1	12 1	90 1	75 1	69 2	16 2	60 1	28 1	94 2	25 1	61 2	20 6	76 3	89 1	2 1	26 1	52 1	22 2	24 4	34 2	50 3	91 1	14 3	96 1	3 2	54 1	10 2	36 1	85 1	56 1	1 4	70 2	23 1	31 4	71 1	5 2	13 1	8 1	74 3	46 1	77 1	57 1	9 3	33 1	65 1	68 1	58 3	97 1	49 2	0 1	44 1	7 1	18 2	82 2	80 2	53 2	47 6	15 2	84 2	72 1	88 1	38 1	21 2	6 2	32 1	55 1	41 3	63 1	51 5	81 4	37 1	66 1	4 4	83 1	92 2
7 1	27 1	81 1	14 2	67 1	74 2	37 1	26 2	90 4	33 2	60 2	44 4	64 1	36 1	76 1	79 1	29 3	96 1	95 2	94 1	15 2	82 1	72 1	58 2	42 3	40 1	65 2	22 2	30 3	28 1	16 1	48 1	83 1	10 4	77 1	75 1	66 2	1 1	21 1	93 1	89 1	9 1	99 1	4 1	86 1	39 2	59 1	97 1	73 2	2 4	3 2	69 1	54 1	63 3	71 1	92 1	87 1	13 3	43 1	5 1	46 5	61 1	84 1	80 2	55 1	17 1	12 5	50 1	57 2	24 1	56 1	20 2	31 2	41 3	32 2	62 2	68 1	53 1	88 1	98 2	6 1	11 1	18 3	52 1	70 3	51 2	23 2	35 3	19 2	47 1	78 2	38 1	85 6	91 3	8 3	49 2	45 2	0 1	34 2	25 3
30 1	89 1	42 1	72 1	69 4	97 4	3 4	5 1	87 1	70 5	37 2	57 1	24 2	46 1	48 2	29 1	79 1	93 5	35 4	11 2	86 2	76 2	53 1	58 1	50 2	12 2	44 1	88 1	55 3	9 3	85 2	78 2	96 1	90 5	74 3	54 1	66 2	68 1	19 7	98 8	84 1	39 1	94 3	56 4	41 2	0 1	99 1	51 7	6 2	62 1	2 1	52 2	38 1	14 1	26 3	20 2	40 1	77 3	28 2	34 2	22 1	8 1	61 1	67 1	17 4	7 3	25 5	73 1	64 3	95 1	45 2	43 4	71 3	60 1	82 5	31 1	32 1	23 1	15 2	27 1	10 2	80 1	33 2	4 1	81 2	83 3	47 1	18 1	36 1	75 1	1 1	13 1	65 2	21 1	49 1	91 1	63 2	59 1	16 3	92 1
99 1	26 2	16 2	93 1	42 1	15 1	79 4	96 2	94 1	47 5	65 1	51 3	71 2	78 2	34 3	1 1	21 1	56 1	58 2	6 2	57 4	0 4	77 1	39 1	14 2	18 1	73 1	28 1	83 1	82 2	12 1	40 2	22 1	20 1	90 2	46 2	32 6	17 6	62 3	60 1	67 2	13 1	59 3	48 1	97 1	76 2	72 2	4 2	54 5	41 1	91 3	80 5	45 1	53 3	23 11	11 5	30 3	10 2	61 3	8 3	87 1	35 1	69 2	55 5	5 5	74 1	36 1	89 1	29 1	68 3	19 2	86 4	64 2	81 2	84 1	24 1	49 1	98 1	7 2	33 4	75 1	44 1	50 2	2 1	85 2	25 1	31 1	9 1	66 2	52 1	70 1	63 1	37 2	92 6	95 3	43 3	88 1	3 6	27 1	38 1
6 1	41 1	51 1	92 1	31 1	29 2	32 2	81 2	86 2	74 2	17 1	4 1	58 1	75 3	45 4	82 8	97 2	93 1	33 2	5 2	48 5	37 6	89 3	10 3	96 1	67 3	95 1	94 14	13 1	88 4	54 1	52 1	38 1	64 2	87 2	39 1	43 1	24 2	60 1	91 3	70 2	9 1	61 1	26 1	73 1	20 7	46 2	36 1	78 2	90 1	55 1	30 3	14 1	27 1	50 2	69 3	8 1	40 2	98 2	68 1	84 2	22 1	25 1	21 1	66 2	2 4	77 2	0 2	57 4	49 1	35 3	34 2	28 2	76 1	85 4	56 2	99 1	42 3	63 2	72 1	16 1	44 1	62 2	3 1	19 1	12 15	65 1	71 1	7 1	79 1	80 1	83 1	11 4	59 5	23 2	47 2	18 1	53 1	15 1	1 4
88 1	44 3	76 2	23 2	29 1	86 3	25 3	36 2	87 2	3 2	61 2	82 3	1 1	33 1	80 1	75 3	16 1	57 2	69 1	90 2	48 2	14 1	93 3	85 3	34 2	30 2	18 2	17 1	26 1	40 3	13 1	20 1	46 1	66 1	84 1	78 3	96 2	42 6	15 1	73 1	10 1	47 1	91 4	32 1	63 2	52 7	0 1	71 2	74 2	39 1	50 2	65 1	9 2	31 1	24 3	89 3	11 4	5 8	98 2	99 1	7 1	28 4	21 2	53 3	68 3	45 3	92 2	49 9	41 5	56 2	55 3	58 1	27 3	97 1	22 1	62 1	38 2	51 1	70 2	72 1	77 1	83 2	95 1	59 4	4 2	64 2	37 2	60 1	79 4	35 4	2 5	6 3	81 1	19 7	67 1	43 1	8 1	94 3	12 2	54 2
45 1	16 2	21 4	25 1	89 1	62 1	93 1	53 1	86 3	31 1	38 3	13 2	28 1	83 1	98 3	29 1	68 1	5 1	79 1	46 3	7 3	88 1	72 1	67 1	64 1	82 4	8 1	2 1	27 2	34 2	75 1	57 1	10 1	22 1	36 1	66 2	85 1	30 5	24 2	54 1	94 1	51 1	18 1	60 2	14 1	9 7	65 1	48 1	87 3	11 4	50 4	81 6	49 1	32 1	91 2	56 2	92 3	55 1	37 3	4 3	97 3	47 2	43 1	95 2	41 3	70 1	80 1	17 2	59 1	33 2	76 2	35 6	26 1	69 1	61 2	73 1	15 1	6 1	0 1	96 1	23 1	74 1	39 1	12 1	78 1	63 3	19 1	84 1	58 1	20 2	90 1	1 1	99 3	71 1	52 1	77 2	3 5	44 6	40 2	42 3
21 1	14 2	42 1	74 1	18 2	84 1	54 1	98 7	70 2	92 1	16 3	89 1	73 1	79 1	51 2	11 1	35 2	62 1	2 6	6 4	69 3	13 1	56 3	19 2	85 2	88 2	55 1	75 1	60 1	82 2	94 2	26 1	8 4	99 5	52 1	77 1	32 1	96 3	29 2	49 1	10 3	47 1	72 2	45 1	0 1	95 3	30 1	1 1	12 2	23 1	40 2	37 1	43 3	93 2	64 1	78 1	81 2	33 2	63 2	25 5	48 1	97 1	71 5	80 3	28 1	53 5	65 3	5 1	15 1	20 2	68 2	90 1	76 1	58 2	22 2	4 2	39 1	87 2	57 1	7 1	36 4	38 2	44 5	34 6	61 2	86 1	9 1	41 4	67 1	3 3	46 3	66 2	59 6	50 3	91 2	17 2	31 2	83 1	24 1	27 1
0 1	92 3	72 1	95 2	69 1	62 6	94 1	77 2	31 5	91 1	21 2	70 1	45 5	71 2	89 2	14 2	18 5	23 2	99 3	36 3	38 1	1 1	54 1	50 4	51 2	13 1	80 2	17 1	93 1	90 2	83 3	35 2	60 1	25 1	53 1	39 1	82 2	79 6	84 1	85 1	73 2	67 1	26 1	57 2	5 1	32 1	30 2	46 1	96 2	49 7	40 1	24 1	63 1	44 1	29 1	66 1	81 3	48 1	22 1	42 3	9 2	12 1	4 1	47 2	64 1	27 1	8 1	52 4	7 3	76 1	37 6	41 1	74 1	20 1	55 1	86 4	43 1	59 1	78 1	19 8	87 2	16 1	98 4	2 4	6 1	15 4	88 3	10 1	58 1	97 4	3 2	28 2	34 1	33 1	68 1	56 1	61 1	65 1	11 2	75 2
21 2	25 1	99 4	5 1	72 3	57 4	60 2	15 1	98 3	31 2	34 2	4 1	7 4	78 2	29 1	75 4	24 3	79 1	96 3	11 2	47 1	93 1	64 2	63 1	39 2	66 1	84 2	56 5	88 7	44 2	54 4	71 3	35 1	67 2	83 2	3 5	37 4	9 1	48 3	23 1	0 2	82 2	28 1	90 2	87 1	26 2	89 1	38 1	33 3	49 4	10 1	76 1	70 1	45 5	18 2	69 2	8 2	13 3	46 1	85 3	1 5	17 1	52 2	53 9	27 5	97 2	74 1	2 5	81 2	19 3	30 1	58 1	91 1	43 1	36 2	92 1	6 6	62 1	14 5	41 3	42 6	59 2	86 2	40 1	94 2	50 3	68 1	95 1	55 5	22 1	73 3	80 1	77 1	65 3	32 3	61 1	12 2	16 1	20 3	51 3
