80	40
28 2	5 2	20 1	14 1	2 2	30 1	7 1	15 2	21 1	3 1	31 1	39 3	26 1	24 2	35 3	19 1	4 1	37 3	16 5	27 1	34 2	17 1	12 8	22 1	33 3	1 1	11 1	23 1	9 4	0 3	36 1	25 1	32 4	8 6	6 2	38 1	29 6	10 1	18 1	13 6
7 3	38 1	23 3	11 1	1 1	26 3	35 2	19 2	6 1	17 3	8 6	31 2	27 3	22 2	18 1	36 2	33 1	3 1	4 1	30 2	5 1	2 1	28 3	32 1	16 1	9 1	34 7	14 1	12 2	20 1	15 1	10 2	21 1	25 1	0 2	29 4	24 1	39 3	37 1	13 1
5 2	32 2	22 3	1 1	14 2	33 3	39 4	0 1	10 1	37 4	6 1	35 1	24 1	19 8	31 2	18 1	28 5	8 1	21 3	36 2	27 8	3 1	16 1	29 7	20 1	13 1	15 2	4 1	34 4	30 1	17 4	38 4	12 1	7 5	11 2	23 2	2 1	26 1	25 1	9 1
8 4	16 4	37 1	18 2	22 3	24 3	35 3	6 5	14 1	7 5	9 4	0 1	21 1	4 1	3 4	17 3	19 1	1 3	32 1	27 1	25 2	12 4	13 1	11 2	15 2	29 2	28 1	30 1	31 1	33 3	10 1	38 2	5 1	34 1	36 1	23 1	26 2	20 1	39 1	2 2
4 1	3 1	18 2	9 1	38 2	22 1	13 1	15 1	8 1	6 2	27 1	26 1	2 3	30 1	35 2	39 9	11 2	20 2	33 1	7 1	0 4	31 1	16 1	37 1	21 5	28 5	25 1	24 3	17 1	23 4	36 3	10 2	12 4	29 1	5 1	32 2	14 4	1 1	19 1	34 5
16 2	13 1	18 1	33 1	35 5	39 1	4 2	12 2	36 1	14 1	8 6	5 1	34 2	21 1	30 2	10 3	0 1	31 1	3 1	1 2	26 1	23 1	11 2	6 1	32 1	28 2	24 2	22 1	9 3	17 1	2 3	7 3	19 1	25 2	15 1	29 1	27 2	20 1	37 2	38 1
38 1	30 2	15 3	19 3	3 1	4 1	21 1	16 3	23 2	8 2	0 1	27 1	2 1	18 1	1 4	14 2	35 3	7 4	20 3	11 2	33 1	25 1	10 3	39 5	37 1	22 1	31 1	5 1	26 1	12 3	6 1	9 2	34 1	17 7	13 2	28 3	32 1	24 9	36 2	29 3
20 2	23 4	32 1	37 1	7 2	31 3	6 2	30 1	5 3	10 1	36 2	13 3	27 2	17 3	15 2	2 1	22 1	1 1	19 1	26 3	12 1	11 2	39 2	33 2	29 1	28 5	16 3	24 1	38 1	4 3	3 1	14 2	0 2	35 2	9 2	8 1	21 1	18 2	25 2	34 1
34 1	37 1	2 1	0 3	15 1	19 1	16 2	21 4	13 2	31 1	6 1	7 3	35 1	14 1	20 4	26 2	36 1	27 5	18 2	12 2	32 1	23 5	25 3	1 2	17 2	5 3	38 1	3 3	24 1	9 2	10 1	4 1	28 1	29 3	39 4	30 1	33 1	8 1	22 1	11 2
33 3	6 1	7 3	13 5	25 1	5 3	36 1	32 1	34 2	39 3	3 3	18 3	24 5	31 2	35 3	29 1	30 1	12 1	22 2	19 1	27 3	17 1	9 3	23 2	16 4	26 2	2 2	28 3	14 1	8 1	38 1	20 1	15 1	37 1	0 1	10 2	1 1	21 1	11 1	4 4
18 4	22 3	19 1	4 2	12 1	28 1	11 1	29 1	17 3	24 2	31 1	21 1	16 5	15 2	27 2	3 1	26 9	34 4	8 2	39 2	25 2	13 3	32 1	1 3	30 2	9 1	35 2	2 3	6 1	33 3	36 3	38 1	0 1	7 2	14 1	23 1	10 1	37 1	5 3	20 1
29 1	39 2	26 2	32 4	8 1	15 3	11 1	37 2	35 1	27 3	14 3	2 1	25 2	6 2	21 2	38 5	4 1	36 4	31 1	20 2	30 2	23 2	34 1	33 4	3 1	9 2	12 2	17 2	10 1	22 1	16 2	1 1	7 4	28 2	24 3	0 3	5 1	18 4	19 1	13 3
5 7	0 2	28 2	29 1	7 1	8 1	4 1	17 5	1 1	38 2	35 1	27 1	20 1	39 1	16 1	37 1	31 1	9 2	26 1	32 4	25 1	3 3	19 2	36 3	11 2	24 4	18 1	30 1	12 1	21 3	6 3	34 1	14 1	2 1	22 1	13 3	15 3	23 1	33 1	10 3
33 1	19 1	37 1	1 1	27 2	17 2	10 1	5 1	35 2	39 1	30 2	23 3	26 1	18 2	16 1	9 1	20 2	21 2	22 4	25 1	4 5	31 2	3 2	7 1	14 2	38 3	6 1	2 1	28 1	24 1	0 1	11 1	34 2	8 1	13 1	29 3	32 3	15 1	12 4	36 1
7 1	14 2	38 1	6 1	19 1	2 2	31 2	36 1	22 1	27 1	8 1	11 4	20 4	29 2	12 1	16 1	13 1	10 1	17 1	0 6	15 1	9 2	3 3	32 3	24 2	4 1	34 2	37 3	21 1	39 1	25 1	33 1	23 6	26 1	5 1	35 1	1 2	28 2	18 2	30 2
25 3	33 1	7 2	38 1	28 2	10 1	8 3	26 8	23 2	5 1	22 7	20 1	35 1	34 3	13 1	39 1	16 2	18 1	36 1	14 2	6 2	37 1	4 4	19 1	27 1	11 3	9 5	29 4	12 4	1 1	30 1	0 2	2 1	21 13	31 3	3 1	24 1	17 3	15 1	32 3
39 2	38 1	25 5	27 3	18 1	1 1	12 7	24 6	17 2	4 3	8 2	21 1	6 2	23 1	20 2	16 4	35 7	10 3	31 3	13 1	3 5	7 1	26 4	0 6	28 1	32 1	30 2	19 4	2 1	22 2	37 1	9 4	29 3	36 1	15 1	33 2	34 3	14 1	5 3	11 4
8 2	19 1	34 3	5 1	36 1	0 1	20 3	22 1	39 3	12 2	7 4	24 1	16 1	25 1	18 4	9 1	14 4	1 2	35 3	31 1	29 1	6 2	10 1	3 1	38 1	26 3	30 8	28 2	23 3	27 2	32 5	21 3	2 1	33 2	11 2	15 1	13 1	4 2	37 5	17 2
27 1	18 2	17 2	34 1	10 1	23 5	13 3	21 6	9 3	38 1	37 3	35 2	12 1	6 2	15 1	20 6	25 4	2 3	36 2	1 1	30 2	0 2	7 1	26 3	8 2	31 4	19 5	39 1	16 10	11 1	32 1	33 2	4 1	5 3	28 1	29 4	3 1	24 2	14 5	22 1
25 3	38 1	7 2	30 1	0 2	11 1	14 3	20 2	22 2	39 1	26 1	35 1	6 4	21 2	37 1	17 1	5 2	32 1	13 1	9 2	29 1	28 2	19 1	34 1	16 1	36 3	15 1	23 1	10 1	2 1	33 4	4 1	8 3	24 1	18 3	27 1	31 1	1 1	3 4	12 1
12 3	35 1	3 3	28 1	36 1	1 2	21 2	16 2	33 1	31 2	8 1	19 5	37 2	22 3	20 4	17 1	18 2	6 2	7 6	38 1	15 1	10 1	32 5	23 2	4 2	11 1	24 4	0 1	25 2	26 2	30 1	29 1	13 1	9 1	39 1	14 4	27 2	5 1	34 1	2 4
31 3	37 1	13 3	20 1	36 1	12 1	29 4	15 3	3 1	32 3	2 3	22 1	4 1	21 1	24 1	26 2	14 5	25 4	38 1	7 1	28 1	23 1	35 1	16 1	18 1	8 1	19 1	33 1	0 3	27 1	1 2	6 1	11 2	39 3	17 1	10 1	34 2	9 1	30 1	5 1
7 3	2 1	12 1	31 2	17 3	3 1	25 1	10 3	24 3	13 2	9 1	29 5	18 1	8 4	11 3	34 2	20 4	14 1	5 2	36 2	16 1	21 1	1 1	33 4	35 3	4 2	15 1	26 4	32 2	37 2	38 3	23 1	27 1	19 3	30 4	22 1	0 1	6 1	39 1	28 1
23 2	37 1	8 1	4 1	0 1	32 5	17 1	38 2	1 3	36 4	34 1	9 1	16 1	7 1	6 4	10 2	14 6	24 4	39 2	25 2	3 3	29 1	30 1	13 2	35 4	28 3	22 2	5 1	2 2	11 3	20 1	27 1	15 1	26 1	21 4	31 1	19 4	12 2	18 1	33 1
14 2	37 4	4 1	39 2	23 1	32 4	3 2	6 5	28 2	10 1	12 2	17 2	13 3	2 1	30 3	24 1	11 4	29 1	19 1	18 2	34 2	8 3	0 5	31 1	16 1	7 4	5 1	36 2	9 5	38 3	22 3	1 2	27 2	33 2	35 2	20 2	21 3	15 1	25 1	26 1
14 2	4 1	3 1	39 2	5 1	38 1	28 1	2 2	37 1	35 2	24 2	12 1	34 1	16 2	18 1	25 2	19 1	1 1	30 4	36 2	6 2	26 1	21 3	29 1	0 2	32 3	10 2	23 2	22 1	7 3	11 1	17 1	8 1	31 2	20 1	27 1	33 3	15 3	9 3	13 3
10 3	15 1	20 1	23 1	32 1	39 1	17 6	19 3	35 1	3 1	11 1	21 2	29 4	13 5	9 2	24 3	5 2	33 1	22 2	26 4	37 1	1 1	12 1	14 1	38 3	34 1	0 2	25 1	16 1	27 13	28 1	8 1	36 1	4 1	2 1	30 2	6 1	18 3	7 1	31 3
32 3	34 1	23 1	38 2	4 2	29 1	16 1	20 1	18 1	24 1	27 1	25 1	36 1	5 1	0 1	2 1	35 1	26 2	21 1	13 1	39 2	15 2	33 1	17 1	3 1	7 3	30 2	8 2	6 1	1 2	12 4	10 4	9 1	31 3	19 3	14 4	11 2	28 4	37 1	22 1
17 2	37 1	35 1	12 3	30 3	13 5	28 1	33 1	7 1	34 1	0 1	31 2	10 2	8 2	6 2	25 5	15 1	27 3	19 1	11 3	2 1	16 2	22 2	39 3	26 1	3 1	1 1	9 1	32 1	29 1	23 1	18 2	14 1	20 3	24 1	21 2	38 1	5 2	36 1	4 2
23 1	20 2	17 1	36 2	30 3	9 1	6 3	19 1	18 2	39 1	15 1	16 2	5 1	4 1	14 1	7 1	3 2	26 2	22 2	32 1	34 1	12 1	37 2	31 1	28 1	0 1	8 1	24 4	35 5	38 2	11 1	13 1	33 3	21 2	10 2	1 2	25 1	2 2	27 2	29 1
34 1	22 2	15 3	11 2	2 1	39 1	23 2	14 1	28 1	3 1	5 2	12 3	37 2	27 2	33 4	25 3	0 1	36 1	21 6	1 2	26 1	10 5	13 1	31 1	7 4	30 1	18 2	9 2	29 1	8 2	32 1	35 3	19 1	20 1	4 1	17 1	16 1	24 1	38 1	6 1
34 1	14 1	0 3	23 2	18 1	15 1	7 2	16 1	28 1	19 1	21 2	33 1	9 2	37 2	26 1	3 1	36 2	11 1	38 7	2 1	5 1	35 7	29 1	24 2	6 1	20 1	8 2	10 1	25 1	17 1	31 1	4 6	27 5	30 1	13 1	32 1	12 1	39 3	1 2	22 2
26 3	22 2	11 1	15 1	24 2	34 1	9 2	31 1	30 1	8 1	13 1	14 1	39 1	23 2	6 1	35 1	0 3	25 4	19 2	21 2	3 8	38 1	10 1	5 1	16 2	37 2	1 4	7 3	36 2	2 4	20 4	27 1	18 1	4 4	17 6	32 3	33 2	28 1	12 1	29 3
12 2	34 1	16 1	29 5	35 1	3 6	21 1	26 4	33 4	13 3	17 1	37 1	14 2	32 5	11 4	27 2	20 1	38 2	10 1	36 4	15 2	9 1	22 5	0 1	7 2	39 3	31 3	25 2	6 1	5 2	23 1	8 2	24 1	18 1	30 1	4 1	1 1	28 3	2 1	19 1
24 1	19 3	29 1	14 1	2 1	27 1	21 2	38 5	4 4	0 2	11 2	1 1	34 3	35 5	25 2	17 1	23 2	12 3	30 3	32 1	3 2	39 1	6 1	22 2	18 1	37 1	13 2	28 2	8 2	33 2	36 4	9 1	31 2	15 1	7 1	10 1	20 1	16 1	5 1	26 1
27 2	0 1	32 1	37 1	11 2	4 1	3 2	19 2	12 1	8 2	20 3	22 1	9 1	28 1	21 1	23 2	2 2	38 1	39 2	24 5	6 2	13 2	1 2	16 1	26 4	7 1	18 2	10 2	31 2	25 1	33 1	29 2	34 1	14 1	17 2	30 2	35 3	5 1	36 1	15 1
24 6	6 2	5 5	35 2	13 3	18 5	39 1	31 2	30 1	16 1	37 1	12 1	36 3	29 1	14 2	0 2	15 1	34 2	4 1	33 4	20 1	27 1	21 1	19 6	26 2	28 1	25 1	11 2	1 4	8 3	3 1	23 1	7 3	2 1	17 3	38 4	22 3	32 2	10 2	9 1
39 1	12 2	28 2	1 2	26 2	20 4	5 1	3 2	18 1	23 1	10 1	31 4	30 1	15 2	24 2	7 2	29 2	14 2	19 5	17 1	11 2	2 1	13 3	34 1	9 3	4 3	33 4	35 1	8 3	27 3	37 3	16 3	21 1	32 2	22 1	6 1	38 2	25 2	36 1	0 1
26 2	22 1	19 1	9 3	0 3	34 1	11 1	18 2	21 4	4 3	28 3	1 1	38 1	2 2	32 1	17 2	3 2	29 2	30 2	31 2	27 1	13 2	5 6	6 2	10 1	35 3	16 3	33 1	37 1	8 1	25 2	7 1	39 1	12 1	15 5	24 1	36 2	14 1	23 1	20 1
6 1	3 1	15 1	22 1	33 1	32 1	24 2	12 1	23 4	35 1	8 2	31 4	17 2	13 2	25 1	34 4	1 2	19 1	0 2	28 1	4 2	10 4	20 2	16 2	38 1	27 1	18 2	21 1	29 2	36 2	11 2	37 1	30 1	5 2	39 3	2 2	26 1	9 1	7 3	14 4
9 2	32 1	16 1	13 2	14 1	24 2	8 1	11 2	5 1	4 1	15 2	7 2	10 1	35 2	21 1	20 1	29 1	38 2	23 2	33 1	6 3	3 1	19 1	2 2	18 3	28 3	36 1	1 1	22 1	31 3	27 2	17 1	12 1	37 1	26 1	0 1	25 1	39 1	30 1	34 1
3 1	29 1	14 3	1 2	5 2	27 3	16 1	34 2	6 1	21 2	33 1	24 2	36 8	11 2	13 2	22 1	28 3	37 1	7 1	15 1	32 1	31 3	39 3	38 1	4 1	23 2	30 3	26 4	8 5	17 3	2 3	18 1	9 2	12 1	25 3	35 2	20 3	19 1	10 1	0 2
31 1	8 1	18 1	23 3	4 2	26 1	3 3	19 2	16 2	39 1	2 5	7 2	22 3	38 1	24 4	27 1	10 2	5 1	6 3	25 1	11 2	1 4	29 2	33 1	15 2	14 1	12 2	32 3	36 3	37 1	28 2	30 1	0 1	9 5	34 5	20 3	17 1	21 2	13 2	35 5
15 2	20 3	11 1	0 1	35 5	1 1	25 2	17 1	3 2	19 1	13 4	28 1	37 2	31 2	5 2	34 1	38 1	9 1	33 1	6 3	12 1	26 1	29 2	30 4	27 1	14 2	22 1	18 1	2 2	8 2	36 3	23 1	10 5	21 6	24 2	4 2	16 1	39 1	7 3	32 1
39 1	18 3	28 2	13 2	4 1	8 1	0 3	34 3	10 1	38 2	20 2	22 1	21 2	23 4	35 1	3 3	29 1	15 3	25 2	7 1	36 2	14 2	9 2	1 1	6 4	17 3	2 1	27 1	37 1	24 7	11 1	30 2	26 1	5 2	31 1	19 2	32 3	12 1	16 1	33 1
30 1	11 1	24 3	31 1	25 1	2 1	36 1	38 3	7 1	3 1	6 2	39 3	29 1	5 7	21 1	1 1	37 1	28 1	14 1	10 1	15 3	23 1	8 1	16 3	12 1	4 1	26 1	34 1	20 1	0 5	9 7	13 3	35 3	18 4	32 1	33 2	27 1	17 2	19 1	22 2
10 1	20 1	24 1	5 1	39 3	33 2	22 1	16 1	11 4	4 2	18 2	26 1	12 2	1 3	7 1	35 1	37 4	13 2	2 2	8 1	32 3	21 2	17 1	36 3	9 1	27 1	25 2	15 1	29 1	23 3	6 2	3 2	14 4	30 3	19 2	34 1	38 4	28 1	31 1	0 9
36 2	3 1	38 2	16 2	18 7	39 5	30 1	12 1	22 2	10 2	9 2	6 1	14 2	27 1	20 3	37 4	32 8	7 1	26 4	34 1	17 4	0 4	13 1	2 2	5 2	8 2	21 4	1 3	19 3	15 3	31 2	11 4	25 3	24 1	23 2	33 1	35 5	28 1	29 2	4 1
4 2	25 1	36 4	2 4	24 1	22 2	37 3	18 2	3 2	9 1	12 2	0 1	5 4	6 2	23 2	27 2	29 3	32 4	8 1	38 3	39 4	11 3	17 2	15 3	16 2	21 2	10 1	26 1	33 1	1 4	28 1	35 3	14 1	7 1	20 2	31 1	19 1	30 1	34 1	13 2
38 3	12 2	8 3	29 3	16 2	17 4	33 2	4 2	0 1	15 5	5 3	31 1	3 1	11 2	35 1	2 3	20 3	23 1	6 1	14 1	36 3	21 4	37 1	1 4	34 2	25 2	26 1	24 1	30 1	9 1	22 4	32 1	39 1	13 1	7 5	10 3	27 1	18 4	28 1	19 1
8 4	5 1	38 1	19 1	31 1	13 1	9 1	3 4	20 2	7 1	37 1	33 1	0 1	23 2	27 1	2 1	29 1	12 2	17 1	32 3	35 4	4 1	22 3	24 1	16 2	11 1	36 1	25 1	26 4	14 2	18 1	34 1	21 1	30 2	39 1	1 1	10 1	28 2	6 3	15 1
32 1	36 1	27 1	22 1	13 2	37 4	28 2	0 1	17 3	12 1	6 5	18 7	5 7	35 1	29 1	38 1	21 3	3 1	1 3	10 1	20 1	16 2	39 1	25 1	7 1	8 1	24 3	14 4	2 3	30 2	34 2	4 5	33 1	11 4	15 1	26 2	19 1	31 2	9 2	23 2
0 1	21 2	24 6	13 1	31 1	8 1	23 2	10 3	16 1	35 4	7 1	36 1	34 1	25 1	30 1	2 1	26 1	28 2	14 1	3 2	9 6	17 1	4 1	11 2	38 1	22 1	19 1	27 2	6 1	15 2	20 4	29 1	37 2	32 2	5 1	1 4	18 1	39 1	33 3	12 1
25 1	36 2	26 1	14 1	13 3	30 4	39 4	31 1	35 1	7 3	4 2	29 5	24 1	1 1	28 5	32 1	22 3	11 1	2 3	16 2	0 4	5 3	15 2	27 1	34 2	17 1	37 1	18 1	9 2	6 1	10 3	33 1	38 4	12 4	21 2	23 2	3 1	19 1	8 2	20 4
15 2	11 4	32 1	17 2	36 1	30 4	3 3	1 1	7 4	16 2	6 1	34 3	27 4	26 3	19 6	10 1	4 2	20 2	14 1	0 1	29 1	28 1	21 1	38 2	31 1	25 2	9 5	12 2	35 6	23 1	13 2	24 1	18 1	39 2	8 1	33 5	2 2	5 4	37 1	22 1
0 2	30 1	25 3	38 2	20 1	34 2	15 5	6 1	16 3	8 1	28 1	18 1	13 1	37 1	4 3	17 2	12 1	26 3	2 2	3 4	39 5	11 1	33 2	31 1	14 2	27 1	35 1	23 1	21 1	32 2	9 5	22 1	36 1	29 1	10 2	5 1	19 1	1 1	24 2	7 1
14 2	34 1	20 4	19 1	12 1	38 2	9 3	32 1	35 2	8 3	33 1	7 2	39 1	27 2	1 1	17 1	37 2	15 1	36 1	13 1	2 4	6 1	0 1	25 1	10 2	23 1	4 1	11 1	16 1	18 1	5 1	24 2	26 2	3 7	30 1	29 1	22 1	31 2	21 1	28 1
5 1	3 3	6 2	18 4	28 2	23 1	4 3	2 1	20 1	33 2	15 3	11 6	36 1	29 1	8 2	17 1	14 5	22 4	25 2	12 1	1 1	13 1	16 1	21 1	30 1	24 1	7 2	39 1	32 4	19 3	34 3	10 1	0 2	27 3	9 1	35 1	31 2	38 7	26 7	37 2
8 3	20 1	14 4	15 2	29 2	35 2	24 2	16 1	10 1	4 2	19 1	26 2	27 1	39 1	37 1	25 1	21 1	18 6	7 1	34 1	5 1	31 3	13 1	12 1	33 2	9 3	2 1	23 6	0 1	17 3	11 3	36 5	6 4	3 1	1 1	38 2	32 2	22 4	28 1	30 2
34 4	4 4	30 2	19 9	14 1	39 1	9 1	15 1	3 1	18 3	1 1	10 1	6 1	17 1	22 1	31 5	16 3	28 1	23 3	0 3	12 1	38 1	35 2	11 2	32 2	37 1	36 1	7 2	20 1	24 3	26 2	13 2	21 1	8 4	2 4	27 1	5 2	29 2	25 1	33 2
9 1	8 2	15 1	13 3	29 4	5 1	0 1	36 2	12 1	10 2	30 2	20 1	21 1	33 6	25 2	7 2	2 3	6 1	38 2	28 2	17 4	16 6	3 3	39 1	31 2	26 1	37 1	32 1	19 2	24 2	18 2	35 10	11 2	14 1	4 2	22 1	27 1	1 2	34 5	23 3
34 2	24 3	32 1	38 2	17 2	1 1	35 1	14 1	5 7	13 3	36 3	25 6	28 2	7 1	0 2	20 1	15 2	33 1	6 4	29 4	37 1	19 2	39 1	4 10	21 1	31 2	2 2	10 2	8 1	3 1	26 3	30 1	23 2	11 1	27 1	9 1	16 2	18 1	22 3	12 3
23 1	7 2	31 2	32 1	20 1	1 3	11 3	5 3	17 4	33 1	21 2	29 2	35 2	28 1	22 2	19 5	9 2	13 2	2 1	38 1	26 1	34 2	18 1	37 2	14 3	10 3	27 3	25 2	16 7	39 1	12 2	6 3	3 1	24 1	8 4	36 3	30 1	15 1	4 1	0 1
38 2	12 2	18 4	26 1	17 1	27 1	5 1	22 2	34 1	21 6	8 4	14 1	1 1	7 3	4 1	37 2	11 3	10 1	29 1	19 1	39 1	20 3	33 1	13 2	32 1	6 4	16 1	3 1	9 1	2 1	36 1	35 3	24 2	25 1	31 2	23 3	28 1	30 1	0 3	15 1
39 4	19 1	7 1	34 3	0 3	16 2	8 1	37 1	4 1	12 2	24 1	23 2	11 1	3 1	10 1	18 2	30 1	25 3	1 1	14 4	9 3	36 2	2 4	22 7	21 1	35 1	20 9	32 4	5 5	31 3	15 5	38 1	33 1	29 3	6 3	28 1	26 3	17 1	27 2	13 1
37 1	0 1	27 1	1 4	36 2	25 1	10 2	39 1	3 2	19 6	31 1	9 2	15 1	8 1	34 2	2 1	17 3	11 1	23 4	24 3	6 2	35 1	7 1	38 3	21 1	12 2	29 5	13 1	32 4	26 1	20 1	18 1	30 1	16 2	4 1	33 1	5 2	14 2	22 1	28 2
1 1	10 1	17 3	7 1	33 4	22 1	35 3	19 3	23 2	6 1	39 1	36 2	29 2	31 4	34 3	12 2	26 3	14 7	24 2	25 2	38 2	13 1	5 1	32 1	27 5	9 2	3 1	0 2	15 3	16 2	11 2	30 3	4 1	21 1	28 2	20 1	37 2	2 2	8 3	18 1
26 2	12 3	4 1	2 6	8 1	27 2	34 3	11 1	6 3	35 1	10 2	14 1	28 2	20 2	33 1	29 2	38 4	37 1	36 2	9 1	19 3	32 1	17 2	39 1	24 1	3 2	23 1	0 1	18 1	25 2	16 1	15 1	22 2	13 1	1 1	21 4	5 1	30 1	7 3	31 3
15 3	0 1	33 3	32 5	20 1	23 2	22 1	12 1	11 3	19 1	16 5	5 2	26 2	17 1	38 3	37 1	7 2	30 3	1 2	24 3	8 6	31 1	29 2	27 2	21 2	34 2	36 1	25 1	28 1	18 1	13 2	35 2	14 3	4 2	6 2	10 5	3 2	9 6	39 1	2 1
5 5	25 1	15 1	11 1	34 2	7 2	38 1	8 1	30 1	9 1	1 4	6 3	13 1	10 1	37 2	33 3	26 2	2 2	20 1	35 2	19 1	3 1	22 5	18 1	17 1	21 2	27 1	16 1	28 1	32 1	12 1	23 2	36 5	31 3	4 1	14 1	39 1	29 1	24 2	0 4
31 1	35 1	38 2	4 1	10 3	17 1	0 1	7 1	30 1	24 2	22 1	37 2	28 1	33 1	12 1	13 3	16 3	6 2	15 1	14 2	39 1	25 1	27 1	8 4	23 3	9 1	18 1	5 1	3 1	11 1	34 1	21 3	29 1	1 2	32 1	2 3	36 1	20 1	26 1	19 1
33 1	12 1	27 2	2 2	32 1	15 7	28 6	36 1	5 1	38 1	1 1	8 1	31 1	34 1	29 1	35 2	21 1	14 4	6 1	37 1	39 7	7 1	20 1	23 2	25 1	30 1	11 1	0 2	19 6	9 1	3 1	26 4	17 1	22 4	10 2	4 2	24 5	18 3	16 3	13 1
9 1	35 1	2 2	17 1	4 4	13 1	11 1	26 4	3 4	36 7	20 1	27 2	10 1	8 2	21 2	18 1	28 6	6 1	34 1	19 1	0 1	14 1	12 2	39 2	30 1	7 4	16 5	32 2	37 1	5 2	25 2	23 1	22 1	38 3	31 2	1 3	29 1	24 1	15 1	33 2
2 1	29 1	11 2	7 7	30 1	20 1	23 1	21 1	31 1	19 2	37 1	39 1	27 2	22 1	26 1	6 1	15 1	25 5	17 2	9 1	38 2	35 1	5 3	36 2	10 1	3 1	28 2	32 1	34 1	12 2	0 1	4 2	1 1	8 1	13 1	14 1	16 2	18 1	33 1	24 1
31 1	9 1	1 1	15 2	25 2	19 3	22 1	8 1	10 1	7 2	23 1	24 1	0 2	34 1	14 3	17 2	5 1	29 1	11 1	37 3	18 2	27 6	28 3	13 2	16 1	3 2	38 1	39 3	21 1	33 1	4 4	12 1	36 1	6 8	2 2	35 1	30 1	26 1	20 4	32 2
17 1	27 1	6 1	23 2	7 1	12 1	37 4	15 1	5 1	16 1	14 1	24 5	3 1	26 4	21 4	22 1	36 1	28 2	4 4	25 3	34 2	20 2	33 1	29 1	30 12	9 1	31 1	10 7	11 1	35 4	19 1	18 2	1 3	32 4	0 2	39 2	8 5	38 1	13 1	2 1
13 1	14 1	38 1	7 1	39 1	1 2	24 2	25 2	16 5	19 3	23 1	3 2	15 1	27 4	32 3	31 1	33 1	10 3	0 8	28 1	34 1	26 2	37 1	11 3	2 1	35 1	20 8	29 1	4 1	21 2	36 3	30 2	8 2	6 1	5 1	17 1	22 2	12 2	18 1	9 2
14 5	13 6	37 1	7 1	16 1	28 2	19 2	33 3	38 3	26 6	10 4	24 2	2 4	8 1	20 2	23 1	9 1	25 1	27 1	4 2	39 2	21 5	6 1	31 1	3 4	22 2	11 2	32 1	35 14	5 1	18 1	36 1	30 2	15 4	34 4	1 1	29 2	12 3	17 8	0 1
26 1	32 1	7 3	1 1	18 1	6 1	8 1	11 2	37 3	15 2	35 1	33 7	5 1	13 5	38 3	0 1	25 1	28 1	36 1	23 1	9 2	3 2	19 1	16 1	14 1	12 4	27 1	22 1	20 1	4 1	21 3	30 1	29 1	31 2	2 1	24 1	17 4	34 1	10 1	39 4
9 7	26 5	10 3	8 1	14 2	33 1	16 1	24 1	5 2	25 3	28 8	30 1	29 2	36 2	17 1	15 1	6 3	23 2	18 1	35 11	11 2	19 1	31 9	22 1	13 2	2 1	1 1	38 3	39 1	37 2	32 2	4 4	34 3	12 2	27 1	7 1	21 1	0 2	3 1	20 2
