70	80
52 1	77 2	45 2	72 1	24 1	74 1	53 1	26 1	13 1	12 1	59 4	36 3	19 1	21 1	3 2	76 1	39 4	25 2	78 1	65 2	30 1	57 1	28 5	15 1	9 2	48 1	40 1	41 1	46 1	50 3	37 3	79 4	66 1	6 1	55 1	51 4	2 1	22 1	4 1	73 1	38 1	8 2	11 2	63 3	69 2	44 2	71 1	49 1	58 1	64 2	56 2	61 5	7 1	60 1	5 1	17 1	1 3	68 1	23 2	31 2	16 1	18 2	29 3	32 3	0 1	33 2	62 2	47 1	42 1	27 2	75 1	10 1	14 1	54 1	20 3	67 2	70 6	34 3	35 1	43 2
18 6	52 3	71 3	58 1	69 2	76 3	1 2	7 2	68 2	44 1	51 1	30 2	29 1	45 2	10 5	59 3	47 1	39 1	12 1	65 1	54 1	31 1	41 2	74 1	34 5	24 1	40 1	22 1	2 2	17 1	55 1	32 1	8 2	3 2	48 6	49 2	73 1	43 1	35 3	20 1	64 1	26 1	4 4	72 2	21 5	38 1	46 2	36 1	57 1	0 3	79 2	19 1	11 1	61 2	23 1	78 4	25 1	67 1	42 3	66 2	50 1	60 4	77 1	28 5	14 1	37 1	16 2	6 1	33 2	13 3	9 1	62 3	75 1	70 1	27 1	56 1	5 3	53 3	63 3	15 2
47 1	52 2	53 1	10 3	22 2	55 2	50 5	4 1	72 1	32 1	33 1	24 1	38 1	26 2	9 3	6 1	49 1	63 2	74 1	35 1	29 1	15 2	75 2	56 2	19 2	23 1	48 4	7 1	45 8	58 2	21 3	1 2	28 4	17 1	60 1	14 1	61 4	20 3	44 1	40 4	57 1	59 4	41 2	13 1	8 1	36 1	76 2	3 3	5 1	46 1	69 1	79 1	78 2	71 1	16 1	43 1	2 2	0 1	30 3	34 4	18 2	27 2	25 1	62 1	39 1	12 1	65 1	67 1	77 2	51 1	68 1	42 1	54 1	37 1	31 2	66 2	73 2	64 5	70 4	11 5
33 1	29 1	68 1	19 1	20 2	52 2	69 1	13 3	1 2	25 1	16 5	8 3	5 3	65 1	4 1	3 4	67 1	22 1	35 2	12 2	66 1	43 1	45 1	48 1	14 2	55 2	75 3	54 2	42 1	44 1	34 2	15 1	9 2	72 5	28 2	59 4	26 4	56 1	6 6	17 3	57 1	0 1	27 2	53 2	79 2	41 2	31 2	62 1	39 2	32 3	36 1	60 2	30 1	46 3	76 1	61 1	2 7	77 2	63 6	37 1	40 1	58 2	50 1	23 3	74 2	21 3	47 4	73 2	10 1	7 2	18 1	49 4	51 1	70 2	64 1	11 4	24 5	78 1	71 1	38 1
27 1	68 1	34 1	76 3	70 3	66 2	53 2	38 2	52 1	59 1	23 1	49 1	21 2	43 2	42 1	64 1	63 1	41 7	25 1	56 1	32 1	37 1	40 3	45 2	54 3	26 2	46 2	2 1	60 1	67 1	6 2	16 1	48 2	47 3	3 2	39 2	5 1	4 1	29 1	18 1	24 2	55 1	33 1	78 1	9 4	57 1	20 2	7 3	44 2	36 1	58 2	79 1	61 4	1 1	15 1	30 1	11 1	77 3	71 4	12 4	75 3	17 1	65 1	10 4	69 2	28 1	19 2	73 3	0 1	74 1	72 2	50 4	14 1	51 5	31 1	35 3	62 2	8 2	22 5	13 8
64 4	43 1	65 1	3 2	77 1	14 1	27 1	0 2	45 2	8 3	7 2	47 1	2 5	56 1	29 1	41 5	20 3	53 1	32 3	70 3	13 2	22 2	63 2	25 4	75 1	52 1	1 2	35 2	24 1	49 3	78 2	51 2	33 1	4 1	40 1	18 2	79 1	37 1	59 1	15 1	26 2	44 1	17 2	16 1	58 1	61 3	5 2	66 2	21 1	23 1	50 2	55 1	48 3	62 1	36 1	28 1	30 3	72 1	69 1	34 2	11 1	68 1	73 2	42 2	46 1	54 1	39 2	76 1	9 2	31 1	74 2	71 2	10 2	19 1	6 1	38 2	67 5	60 3	57 2	12 1
78 1	38 4	63 1	9 2	30 3	41 1	29 1	40 1	21 2	62 5	67 1	64 1	77 1	36 1	69 1	56 5	53 1	37 5	2 1	26 1	35 1	5 1	72 1	27 1	39 2	49 1	17 1	73 3	23 2	25 3	48 1	79 2	16 1	74 1	51 2	13 1	59 2	18 3	61 3	45 3	22 1	58 1	0 4	34 2	66 1	11 2	54 2	75 1	1 3	31 1	42 2	43 3	4 1	76 4	47 4	28 5	8 1	46 2	15 8	12 1	32 8	6 1	44 2	57 1	50 1	33 2	55 2	65 2	52 2	24 1	19 3	7 3	71 1	14 5	3 5	68 1	70 2	20 1	10 1	60 1
66 2	51 1	78 1	20 1	36 4	11 3	37 2	6 1	41 1	48 2	74 1	73 1	69 2	9 1	23 2	1 1	67 2	39 4	68 1	10 3	43 1	60 2	42 1	15 3	62 1	64 1	33 4	38 2	27 5	46 1	16 2	30 2	58 1	19 3	54 5	57 2	70 4	14 2	63 1	28 2	45 3	40 1	49 1	21 2	8 1	65 1	35 1	7 1	47 3	55 1	75 9	18 1	50 2	61 1	2 4	72 1	77 1	22 3	59 1	29 1	24 1	79 2	3 1	0 2	53 3	25 2	71 2	26 2	13 4	32 1	76 3	52 1	44 4	12 1	17 2	5 1	56 1	31 1	4 3	34 1
70 3	74 1	48 1	69 1	71 3	22 2	13 1	33 2	49 1	29 2	79 2	66 3	18 1	56 5	3 1	14 2	46 1	52 1	38 3	57 2	51 1	23 3	47 1	17 2	24 5	30 1	50 4	68 1	20 1	25 3	26 2	73 2	35 2	10 1	77 2	11 1	32 1	21 1	53 2	31 3	2 2	39 1	34 3	78 4	1 1	36 1	62 2	59 1	44 2	65 2	60 1	7 1	0 1	63 1	27 8	72 2	15 3	54 7	55 2	76 1	6 2	43 3	41 1	67 8	40 4	9 1	37 2	19 1	58 1	75 1	12 1	4 1	8 2	28 3	45 2	5 3	42 1	64 1	16 5	61 3
13 4	74 1	72 1	46 1	47 1	9 3	64 1	30 2	44 3	45 3	23 4	21 1	71 2	76 3	11 1	59 6	53 1	20 3	36 3	6 3	10 2	52 3	60 1	2 1	67 2	17 2	38 2	63 2	69 5	34 4	0 1	1 1	18 3	65 1	29 3	75 4	50 1	31 1	24 1	41 2	55 7	51 2	25 1	8 1	16 2	39 1	28 3	77 3	68 1	70 1	56 2	79 5	37 1	14 2	49 1	40 1	57 5	61 1	27 2	33 4	19 6	54 2	5 1	42 1	35 1	4 1	73 2	78 1	58 1	66 1	43 1	12 2	15 1	32 4	7 3	26 2	62 3	48 2	22 2	3 3
37 4	23 3	57 1	24 2	32 1	11 1	26 1	70 4	5 1	38 1	7 1	66 1	21 2	20 4	8 3	77 1	74 1	64 2	19 2	12 1	1 2	67 1	13 1	6 2	62 1	79 4	45 1	17 1	36 1	44 2	22 1	39 2	63 4	58 1	0 1	14 1	34 8	69 3	76 1	4 3	41 7	72 1	47 1	33 2	16 2	29 4	25 2	71 1	50 2	28 1	56 2	30 1	51 1	59 4	10 1	61 1	35 1	48 1	42 1	73 1	68 2	60 4	15 3	52 1	40 1	53 2	43 1	27 2	2 1	49 3	3 6	65 3	46 1	78 4	9 2	18 4	31 1	55 3	54 3	75 3
10 1	44 4	69 1	61 5	32 2	30 1	74 4	67 1	21 1	35 1	55 1	62 1	46 2	16 2	58 6	37 1	76 1	51 1	34 2	60 1	70 1	28 1	39 1	50 1	42 2	47 2	56 2	53 1	2 1	59 1	17 3	68 1	79 1	54 2	0 2	77 1	45 1	71 2	19 1	23 4	7 2	40 3	29 3	57 2	4 1	18 4	36 1	14 1	72 5	31 1	48 1	26 2	64 1	6 3	24 1	43 1	66 4	15 2	9 4	49 2	52 3	75 2	11 3	65 2	78 5	33 3	12 1	8 1	5 2	63 1	13 4	3 1	25 2	38 1	41 2	22 1	73 4	27 3	1 2	20 2
77 1	23 1	59 3	43 1	7 1	48 1	3 2	11 1	24 1	18 1	26 2	17 3	21 5	75 2	28 1	19 2	63 1	37 1	14 2	15 2	4 1	30 2	56 2	64 1	69 1	13 4	71 2	55 1	76 2	52 1	12 1	53 2	9 3	6 1	38 1	57 1	33 1	2 1	72 4	62 2	46 1	67 1	32 1	27 5	70 1	41 2	66 3	44 1	79 3	68 2	78 1	51 2	61 8	31 1	40 2	65 1	35 2	20 1	50 1	0 3	45 1	22 1	49 3	73 2	1 2	5 3	25 2	47 1	29 2	34 1	8 2	39 5	36 1	10 7	54 1	74 1	58 3	16 1	60 1	42 7
37 1	75 1	7 1	74 1	78 1	16 2	79 1	17 1	15 4	35 1	12 1	55 1	13 1	49 1	61 1	10 3	76 2	58 3	62 1	52 1	21 4	33 1	41 1	63 2	26 1	30 1	57 1	22 4	1 2	71 1	34 1	44 1	54 1	25 1	51 2	47 1	59 2	27 1	23 2	38 1	66 7	73 2	69 1	65 1	24 1	68 2	28 2	31 1	46 2	20 1	42 1	19 1	18 1	77 1	53 1	3 4	0 1	9 2	32 6	67 1	5 1	36 4	2 4	40 2	6 1	50 6	29 2	14 4	45 1	8 2	72 7	60 2	56 3	48 2	64 1	43 2	11 1	70 1	4 5	39 1
53 2	5 1	47 4	40 1	79 6	73 3	35 1	77 1	0 2	64 1	32 1	8 2	57 1	30 1	15 5	39 1	74 1	54 2	1 4	12 3	43 1	49 1	18 3	25 2	69 2	71 1	23 3	50 3	16 1	52 2	37 1	31 1	58 1	44 2	6 1	66 2	41 3	72 2	36 1	65 6	55 1	61 1	17 2	11 2	60 5	9 2	28 1	24 1	42 4	62 1	4 7	51 3	26 1	20 3	2 1	3 1	45 2	78 2	13 1	59 3	76 2	63 1	22 1	10 2	56 1	33 2	70 1	29 2	67 1	75 2	7 1	34 5	68 2	21 1	27 2	14 1	46 1	19 1	48 3	38 2
23 1	45 2	68 1	47 1	49 3	15 1	75 1	24 2	5 2	6 3	72 4	39 1	42 1	7 2	51 1	43 3	69 2	11 3	2 1	20 3	28 1	58 1	37 1	36 1	16 2	41 1	56 2	55 3	9 1	40 2	64 1	14 1	73 5	76 3	71 1	79 1	53 1	26 1	67 1	18 2	33 4	44 1	35 1	52 2	63 3	4 1	46 2	59 5	22 3	25 1	3 2	29 1	70 1	21 1	30 1	66 1	8 1	54 1	1 1	50 1	57 1	62 1	65 1	60 1	13 1	61 3	38 4	17 3	27 2	31 1	48 1	78 2	32 3	77 6	34 2	12 1	19 2	10 1	74 2	0 1
62 3	47 1	44 2	57 5	24 3	39 1	3 1	17 1	43 1	77 4	6 1	37 1	41 2	55 1	19 1	38 1	60 1	58 1	14 3	12 1	52 1	20 1	45 1	4 2	32 2	48 1	65 3	10 1	34 4	59 3	54 1	30 2	66 2	56 2	69 1	7 1	13 1	21 2	0 2	50 1	11 3	9 1	25 1	53 1	28 1	78 1	76 1	79 8	67 1	16 1	42 2	22 2	26 2	46 3	71 4	33 1	35 1	27 7	29 4	64 3	74 1	75 5	73 1	18 1	36 1	51 1	8 2	68 1	23 1	72 1	1 3	5 1	40 2	61 1	63 4	49 1	2 1	15 1	31 4	70 1
76 2	74 3	72 3	20 1	8 3	45 2	49 2	3 1	71 1	26 1	6 2	24 2	62 3	11 6	70 1	5 2	43 3	42 3	38 1	0 2	13 1	51 1	68 1	23 5	2 3	17 2	55 1	53 1	44 2	33 5	30 1	48 1	69 3	78 2	73 2	77 2	28 2	60 2	35 3	75 1	50 2	56 1	16 2	64 1	12 1	57 2	29 1	22 2	4 1	41 1	40 2	66 1	1 1	58 1	67 1	7 1	18 1	32 2	15 1	59 5	31 1	21 3	36 1	9 2	65 1	39 1	14 1	34 2	63 2	61 1	79 2	19 2	37 2	52 3	54 1	46 1	10 3	47 2	25 1	27 10
65 1	50 1	34 2	27 2	5 1	52 2	14 2	63 5	51 1	43 2	25 1	60 3	45 1	41 2	48 1	20 3	28 3	24 1	39 1	40 3	32 1	29 1	59 3	13 2	58 1	71 1	36 1	57 1	0 1	26 1	70 2	47 1	23 1	8 1	62 1	76 3	30 1	79 1	3 1	21 1	6 3	78 4	68 1	22 1	12 1	35 2	75 1	10 2	7 1	49 1	61 3	37 1	9 1	44 2	2 1	38 3	18 1	55 1	72 3	42 2	31 1	54 3	53 5	74 1	17 3	73 1	16 2	67 2	1 1	56 4	15 1	11 4	69 2	19 3	64 2	46 1	77 1	33 1	66 1	4 4
43 3	72 1	7 1	5 2	62 4	18 3	77 1	1 4	64 1	8 2	3 1	55 1	52 1	14 3	20 2	50 1	75 4	11 1	79 1	56 1	71 1	47 5	78 4	6 2	4 1	17 1	54 1	61 1	12 1	37 2	27 2	51 6	31 1	48 4	38 1	69 1	28 1	44 1	58 1	65 2	66 2	2 1	26 1	0 1	23 1	21 1	19 1	49 3	33 1	46 4	42 1	22 3	60 1	24 1	15 1	70 1	10 2	40 10	41 1	39 1	30 1	25 1	9 1	74 2	34 3	29 1	32 1	67 3	36 1	57 2	76 5	59 1	68 1	63 7	73 1	35 3	13 1	53 1	16 1	45 1
42 1	32 1	43 4	76 2	20 1	52 2	35 3	19 4	47 1	7 4	78 2	18 2	30 1	77 3	38 2	67 2	45 4	24 2	62 2	54 1	72 3	23 1	16 2	41 1	55 2	75 1	3 2	14 1	5 1	8 1	36 4	48 1	66 2	13 5	68 2	40 2	21 1	6 1	57 1	60 1	50 1	58 1	26 1	15 1	56 1	34 3	12 1	33 6	28 2	49 1	1 1	39 1	64 1	65 1	0 1	59 4	2 1	63 1	17 1	46 1	44 2	37 2	53 5	10 1	25 4	27 2	22 2	31 1	11 1	29 3	79 3	71 1	61 1	70 1	69 2	51 2	9 5	4 3	74 4	73 4
61 6	1 2	39 1	2 1	27 6	65 1	34 5	56 2	51 1	4 1	43 1	42 1	40 1	67 3	70 1	71 2	14 3	54 2	17 1	3 1	12 2	66 2	22 4	64 3	44 2	7 6	38 2	19 1	48 1	46 2	9 4	74 3	37 1	26 3	62 5	6 4	72 13	59 1	47 1	68 1	32 1	73 4	8 2	0 1	69 1	79 2	20 1	10 2	5 1	30 3	28 4	31 1	45 1	11 1	13 2	53 1	78 2	50 1	57 1	15 2	35 1	21 2	49 5	58 2	36 1	60 6	41 2	75 1	24 2	23 3	55 1	29 1	16 2	52 1	33 1	18 2	25 1	63 4	76 1	77 2
75 1	30 1	51 4	67 2	74 3	18 1	19 1	3 1	32 1	57 2	62 3	20 1	26 5	56 2	17 2	23 5	54 1	33 2	25 2	27 1	53 1	66 1	16 2	1 2	35 1	59 3	22 2	79 1	72 4	5 2	69 1	10 1	52 1	43 1	78 4	12 4	71 2	6 4	42 2	21 3	45 1	68 2	36 1	46 1	44 2	61 1	41 5	9 1	76 1	15 2	13 2	14 5	38 2	58 1	48 1	28 3	65 2	0 1	64 2	73 2	11 4	24 2	37 1	47 4	31 2	63 3	50 1	39 1	7 1	2 1	40 1	77 1	60 1	8 2	34 2	55 3	49 1	70 2	4 3	29 3
10 2	34 2	64 2	68 2	21 1	44 1	50 1	3 4	57 4	11 2	51 2	36 2	28 1	74 2	37 2	20 2	76 2	5 3	39 3	6 3	7 1	16 1	70 1	79 1	2 2	48 1	31 4	30 1	33 1	45 2	47 3	61 1	35 1	46 1	13 1	65 2	63 4	71 3	43 3	78 1	19 3	58 1	75 3	26 4	32 1	73 2	18 4	14 2	67 5	62 3	27 2	23 2	8 1	72 4	40 2	56 2	53 1	59 3	9 2	38 6	29 1	49 5	4 2	0 3	41 5	69 1	17 1	55 6	22 1	24 2	1 1	66 2	60 1	77 1	25 1	42 3	15 1	54 1	12 1	52 2
64 1	28 1	76 1	41 1	14 2	63 2	18 1	72 1	29 3	44 1	47 3	34 1	57 1	0 1	66 1	79 2	13 2	65 2	26 3	74 1	1 1	45 1	61 2	25 3	21 2	70 1	2 1	32 1	24 1	36 2	23 2	51 1	54 4	55 2	69 6	5 1	73 3	78 1	3 1	17 2	60 3	40 1	30 1	16 1	6 2	71 2	11 1	31 1	12 2	9 5	68 5	67 3	53 2	75 1	39 1	10 3	8 4	58 2	59 1	22 2	38 1	27 1	50 1	15 1	43 2	52 1	20 2	56 2	62 1	7 1	48 1	37 3	42 1	4 4	19 1	46 1	49 3	33 1	77 1	35 3
44 1	51 1	76 4	68 2	19 2	2 3	54 1	15 1	6 2	32 5	4 1	71 4	31 3	53 2	16 2	12 1	47 3	60 1	0 5	25 1	64 2	56 1	9 1	17 1	74 2	58 2	27 1	29 4	1 1	63 1	79 4	35 1	38 7	45 3	48 1	62 1	33 1	72 1	10 1	41 5	78 1	49 2	3 1	43 1	18 1	46 2	5 2	37 3	40 2	26 3	30 1	21 1	28 1	61 3	36 1	22 1	50 1	23 2	66 1	39 1	24 2	69 2	70 1	55 1	8 2	67 3	52 1	7 1	77 1	13 1	59 1	57 1	75 2	34 1	20 1	65 2	73 7	11 5	14 1	42 2
1 2	24 2	21 4	47 1	6 2	48 2	61 1	52 1	15 1	49 1	72 2	77 1	19 1	76 2	79 1	71 2	17 5	62 1	65 1	34 4	67 2	12 5	2 3	27 1	46 2	69 1	3 1	30 3	23 1	10 2	0 1	38 1	37 1	4 3	26 3	20 1	8 1	14 1	33 1	73 1	55 1	50 1	66 1	58 2	54 1	51 1	39 2	28 5	40 3	11 1	57 5	56 1	60 1	78 2	70 3	74 1	18 1	44 5	22 1	13 3	31 6	36 1	16 1	9 1	29 3	75 3	43 6	63 1	64 1	53 4	45 1	59 1	41 1	7 2	25 2	68 2	32 2	5 2	42 3	35 3
18 1	74 1	73 1	70 1	0 3	61 1	20 1	23 8	7 2	54 2	35 2	15 3	50 1	6 1	41 1	64 4	75 1	45 1	72 1	56 1	3 1	29 2	22 2	62 2	44 2	76 4	66 1	52 1	78 1	32 1	10 3	8 1	71 1	53 9	30 5	34 7	43 1	4 1	21 1	51 1	49 1	33 4	13 2	36 1	39 1	48 1	58 1	5 4	59 1	79 1	69 3	14 1	28 2	11 6	55 2	60 1	9 1	27 1	37 6	40 2	46 1	19 3	65 1	67 3	68 1	12 2	16 1	1 1	25 1	17 1	42 2	31 1	2 3	38 3	26 2	63 1	57 1	24 1	47 2	77 1
13 1	51 1	69 1	23 1	49 1	38 5	52 1	54 1	7 2	64 1	40 1	57 1	20 2	71 2	14 5	4 2	3 1	19 1	5 1	44 2	47 1	32 7	29 1	24 1	65 2	66 3	73 1	33 5	25 2	67 1	9 1	39 3	26 2	15 2	78 2	1 1	75 1	74 2	8 1	0 3	36 3	76 1	10 1	28 3	30 1	42 3	37 1	35 1	56 3	43 1	27 1	34 1	58 1	63 1	2 6	45 1	46 3	17 1	11 2	61 3	31 2	41 4	16 2	55 1	12 1	79 2	50 1	48 2	72 1	6 1	62 1	18 2	70 1	60 1	77 1	59 2	22 1	53 1	68 1	21 3
20 3	25 1	57 1	79 1	18 2	13 6	77 3	68 2	75 1	8 1	39 1	60 4	22 8	14 1	45 3	59 6	62 1	53 2	69 2	63 2	2 4	58 1	15 8	12 1	65 3	32 1	40 4	51 2	76 4	64 3	21 1	11 1	43 1	35 1	31 1	30 1	36 3	73 2	16 5	54 3	37 2	26 1	42 1	71 2	27 3	5 1	50 1	44 4	0 1	34 2	3 1	47 3	46 1	29 7	74 2	72 1	10 1	52 1	55 1	33 1	41 1	38 1	61 2	48 7	23 2	49 3	66 3	67 1	19 1	70 1	78 1	9 1	7 1	56 1	24 4	1 1	6 1	4 1	17 2	28 1
38 1	9 1	40 3	64 2	52 1	25 3	27 1	65 1	21 5	35 1	77 1	39 3	15 1	66 2	54 1	68 3	10 2	26 3	60 1	73 2	16 1	23 7	34 1	70 1	32 1	7 1	31 5	13 1	24 6	2 2	76 4	41 2	59 2	8 1	62 3	46 7	56 2	79 1	58 7	33 3	43 3	36 2	55 2	20 2	19 1	53 1	14 1	72 2	51 1	5 1	3 3	0 2	30 1	67 2	69 2	6 5	22 4	11 1	57 1	18 2	71 1	50 3	29 2	61 1	49 1	47 1	45 3	4 1	78 1	75 1	37 1	74 1	1 2	42 1	63 4	44 1	12 1	17 1	48 3	28 11
67 1	18 1	33 1	66 1	56 2	36 2	25 3	68 2	52 4	5 1	40 2	37 3	71 3	41 3	22 4	60 2	26 2	45 1	69 1	3 3	39 1	21 1	49 1	59 1	10 4	79 1	75 1	54 1	43 2	64 4	23 1	19 1	27 3	6 3	15 2	65 1	48 2	57 3	20 1	76 3	42 1	32 1	46 1	12 2	58 3	13 2	14 1	34 1	51 2	0 5	38 1	8 1	29 1	35 3	9 2	53 3	17 1	24 2	72 1	50 1	31 3	4 2	30 1	2 1	62 1	77 1	1 1	73 1	28 1	44 2	7 3	47 7	61 3	78 4	74 1	11 2	63 3	55 1	16 2	70 2
77 2	51 2	14 2	45 2	60 2	3 2	62 3	33 1	38 2	43 1	70 2	26 1	4 1	64 1	63 4	79 2	20 3	75 1	76 3	59 2	31 5	30 1	25 6	74 9	0 1	10 3	5 2	28 3	46 1	56 3	40 3	12 2	2 5	52 4	49 5	32 1	78 1	18 1	11 1	68 1	8 1	61 2	69 1	1 1	72 1	9 2	42 1	34 1	17 2	15 3	39 1	50 4	48 1	6 2	54 3	57 1	41 3	44 1	65 3	23 1	22 2	16 1	71 2	73 1	35 3	21 1	24 3	7 3	36 1	58 2	37 2	19 4	66 4	13 1	47 1	53 2	67 1	55 1	27 2	29 1
65 1	33 1	56 1	15 1	35 4	45 2	72 3	32 1	43 5	47 3	50 2	8 3	62 1	58 1	55 1	59 1	27 1	44 5	51 2	77 1	34 2	29 1	48 1	19 2	21 1	16 1	74 2	3 2	57 2	40 2	25 1	23 2	53 2	41 1	30 3	26 5	70 3	76 3	36 3	68 1	10 3	60 1	6 1	42 1	1 1	63 2	12 1	38 3	75 1	64 2	78 1	39 1	37 1	67 2	31 1	11 1	49 1	7 1	17 2	14 11	71 1	5 2	24 1	79 6	52 1	18 6	73 1	0 1	66 2	2 4	4 1	9 1	22 4	61 1	46 1	13 1	20 3	54 2	69 1	28 1
6 4	42 1	30 6	48 1	43 3	27 1	58 3	15 4	3 3	24 1	78 2	52 1	14 1	28 5	63 1	21 4	5 2	64 1	46 1	79 1	9 1	70 2	29 3	57 1	26 1	8 1	25 1	72 1	66 1	4 6	47 1	20 1	33 1	60 4	31 1	59 1	10 2	19 1	17 4	34 3	53 1	75 5	12 3	54 1	74 1	50 1	37 4	76 4	73 7	11 1	77 1	13 4	38 1	68 2	49 2	61 2	56 4	0 3	40 1	1 2	62 3	69 1	7 1	2 3	45 1	67 5	51 5	32 1	55 2	18 1	41 2	23 2	44 1	65 8	39 1	36 2	71 3	35 2	16 1	22 1
21 1	72 3	31 2	28 1	27 1	9 4	25 1	53 1	22 5	58 1	46 1	59 5	35 1	2 1	43 1	71 2	73 1	48 2	52 2	34 1	19 1	37 1	57 1	39 3	79 1	15 3	17 4	12 1	49 1	36 3	33 1	5 6	68 1	10 2	24 4	77 4	69 3	65 1	54 1	13 1	47 2	26 6	3 2	50 3	67 2	74 3	20 1	56 2	76 1	40 4	38 1	62 3	42 1	4 1	1 1	0 1	29 1	44 1	30 1	32 2	78 2	66 1	11 3	64 1	7 2	23 1	60 1	70 2	45 2	41 5	61 3	8 2	55 4	16 1	14 1	18 2	63 1	75 4	6 2	51 1
65 1	75 5	8 2	10 1	29 3	67 3	69 3	39 1	61 3	68 4	1 2	32 1	55 1	45 2	73 1	6 1	42 2	24 1	59 2	60 1	30 4	54 2	11 1	36 1	72 1	62 1	7 1	19 3	37 2	63 2	0 1	48 2	34 1	74 1	77 1	44 2	5 1	13 1	3 4	18 1	26 5	46 2	17 1	70 1	21 1	25 1	22 2	35 3	9 1	71 1	28 1	43 1	51 1	38 1	64 2	27 1	20 1	23 1	76 1	66 2	50 1	49 2	33 3	78 1	79 5	14 1	52 1	57 1	58 1	4 1	47 1	56 1	15 3	12 2	53 1	16 2	2 2	41 2	31 1	40 1
63 2	35 4	47 1	53 3	12 2	8 1	19 9	37 4	78 3	15 3	3 3	26 1	10 2	40 1	38 2	27 1	21 3	44 2	79 1	45 1	20 2	4 1	73 1	71 1	77 1	24 1	74 2	28 1	29 1	54 1	23 1	25 1	59 4	70 2	67 1	22 1	50 6	56 5	13 2	18 3	32 1	72 1	36 1	42 3	31 1	52 2	46 1	6 3	0 2	48 6	41 1	68 2	66 1	76 2	62 1	33 1	34 3	58 1	11 5	55 3	60 1	1 2	17 1	64 2	75 2	69 1	30 1	51 3	7 1	14 1	65 1	61 1	5 2	2 7	39 2	9 3	43 1	49 5	57 1	16 2
68 1	9 3	19 1	15 2	27 2	8 1	60 2	24 3	41 1	59 2	72 2	79 1	35 1	10 2	40 2	36 1	25 6	57 6	49 6	46 3	64 1	23 1	1 1	61 1	73 5	45 2	56 1	3 1	53 1	63 4	11 2	16 1	32 2	75 5	77 2	21 2	42 4	0 1	65 4	76 1	58 3	70 1	12 4	37 1	52 2	54 2	78 4	38 1	18 2	31 2	39 2	14 1	13 2	34 1	28 1	43 3	66 1	48 2	20 6	47 1	62 2	51 2	30 1	44 1	26 3	74 1	50 1	69 2	5 1	67 2	7 1	71 1	22 1	29 2	2 3	4 1	6 2	17 2	33 3	55 4
3 2	7 9	63 2	46 3	53 3	69 1	25 1	36 1	70 1	32 1	0 3	44 3	1 2	10 1	28 2	19 3	30 1	76 1	29 1	60 6	65 2	6 1	77 2	9 1	18 4	59 1	23 2	66 1	26 6	49 2	56 1	52 3	41 4	61 1	27 1	39 1	34 4	45 1	24 4	17 1	47 2	64 2	8 4	50 1	40 4	54 1	75 3	43 2	71 3	72 3	12 3	51 2	14 1	22 3	42 1	55 2	33 1	11 3	15 1	78 1	73 1	35 1	16 2	48 2	38 3	58 4	62 2	68 1	20 1	13 4	79 3	2 1	5 6	67 2	4 1	74 4	57 3	21 1	31 1	37 1
15 1	48 6	59 1	60 1	20 1	56 1	17 2	37 1	2 1	3 4	54 1	22 1	12 2	36 1	31 2	66 1	50 2	8 1	26 1	25 1	5 2	0 2	70 1	53 1	16 2	65 1	23 1	10 2	77 3	43 1	46 4	75 2	45 1	30 1	78 1	71 6	18 1	33 2	58 1	76 1	63 1	79 2	74 1	49 1	55 5	35 2	73 1	28 1	24 3	47 1	11 2	14 1	44 2	9 3	57 4	68 3	40 1	39 1	51 1	38 1	64 1	34 1	1 2	6 3	7 5	72 3	62 5	4 1	41 4	29 1	61 3	32 1	19 9	27 1	67 3	13 1	52 1	42 1	69 1	21 1
13 1	23 3	46 2	11 3	28 4	40 1	5 2	72 3	63 1	56 1	15 1	58 3	18 3	2 1	61 3	68 2	38 1	57 3	24 1	16 2	66 1	71 1	32 2	51 1	77 2	34 2	54 1	47 3	44 2	75 3	12 1	42 1	49 1	59 1	67 1	35 1	64 3	36 3	7 2	25 1	31 4	0 1	73 2	62 3	26 3	76 1	41 1	30 1	29 3	21 1	39 5	78 2	74 2	43 1	60 1	55 1	1 5	52 2	20 3	3 3	27 1	4 2	33 1	17 3	69 1	70 1	10 1	19 1	37 1	45 2	48 2	50 1	9 1	6 5	65 1	79 3	22 1	8 1	14 1	53 2
54 2	27 1	56 1	55 3	1 1	46 1	8 3	22 2	11 1	14 1	26 5	34 1	57 1	72 4	48 1	29 1	76 1	37 1	58 2	33 2	68 1	7 1	49 2	24 1	61 4	74 2	20 1	17 2	53 1	0 1	35 1	52 2	2 1	79 2	42 2	4 1	78 2	3 3	15 2	30 1	47 1	32 1	31 2	28 1	51 6	69 1	19 1	63 3	23 3	5 1	16 1	6 2	70 1	77 1	64 1	13 1	41 2	40 2	39 1	71 1	38 4	60 3	12 1	21 2	75 2	43 1	67 1	59 3	50 2	45 1	66 1	44 1	65 2	18 1	10 2	25 1	62 3	36 4	73 5	9 4
77 1	46 2	39 1	71 6	65 1	64 1	12 2	52 2	28 5	25 4	3 4	79 8	31 2	27 2	23 2	15 3	61 1	44 1	16 4	38 4	8 1	42 1	6 1	19 2	50 2	14 3	78 3	45 1	75 3	29 1	62 1	2 2	18 1	54 2	10 2	66 1	48 1	76 2	34 1	32 1	49 1	57 3	20 3	22 2	69 2	1 2	0 1	59 1	5 1	73 1	24 1	21 2	72 2	67 3	41 2	37 1	9 1	60 1	40 1	68 1	36 1	30 2	58 3	4 1	70 2	53 1	43 2	11 3	47 2	51 3	26 3	7 2	63 1	55 1	33 1	13 2	74 4	17 1	35 7	56 2
20 1	47 1	22 1	74 4	15 1	79 1	14 2	26 1	59 1	1 2	58 1	65 2	7 2	40 1	62 1	57 2	17 1	29 3	30 3	46 1	73 3	66 2	60 2	3 2	24 1	64 1	76 2	16 1	77 2	78 5	31 1	41 2	72 2	0 2	67 2	21 1	61 5	38 1	71 7	36 2	42 1	9 3	51 1	53 1	19 1	10 4	28 2	33 1	11 3	52 1	43 1	56 2	49 1	50 1	70 1	8 1	18 3	2 4	45 1	13 5	48 2	68 3	4 1	44 1	75 2	55 3	54 1	25 2	69 2	12 1	63 1	5 2	35 3	34 1	39 1	6 1	37 2	32 2	23 2	27 2
49 8	79 2	16 2	43 1	77 2	72 2	48 1	61 1	7 1	19 1	57 1	76 1	6 5	42 5	34 1	37 2	55 1	12 1	60 2	33 1	25 1	54 1	58 1	4 1	66 2	63 2	67 1	64 3	73 1	1 3	62 1	38 1	5 1	59 4	69 6	41 2	47 2	9 1	23 2	2 1	14 3	36 1	15 1	27 2	29 4	68 1	40 4	35 1	8 2	56 1	20 1	26 2	74 7	28 1	32 2	0 2	3 2	11 2	24 1	71 4	70 5	17 5	18 2	13 1	65 1	78 1	44 2	75 1	10 1	22 2	31 2	45 1	39 1	53 1	52 3	21 1	46 1	51 2	50 1	30 4
73 1	18 1	16 3	31 1	0 3	49 2	19 1	60 1	15 1	55 2	69 3	47 1	58 1	63 3	1 4	17 2	76 1	75 1	9 2	34 1	7 1	71 4	30 3	78 1	51 3	39 4	62 2	54 1	43 1	28 9	27 2	42 2	24 1	48 1	3 1	72 3	21 2	68 4	52 1	41 1	36 2	46 1	14 2	79 1	11 1	4 1	29 1	13 1	70 5	40 1	12 4	77 1	6 2	74 1	64 1	5 1	35 4	53 1	33 4	50 1	61 4	57 1	8 1	45 1	26 1	37 1	25 1	65 1	67 1	23 2	10 1	59 5	38 6	22 2	20 2	2 1	32 2	66 1	44 2	56 2
64 1	20 2	6 1	40 1	78 1	0 3	61 3	26 2	77 1	29 2	66 2	45 2	9 2	4 2	79 1	62 3	25 6	67 5	39 3	5 1	57 1	63 1	60 2	35 1	51 1	55 1	24 1	18 1	16 1	71 2	48 1	8 2	31 5	2 3	34 3	65 3	17 1	68 3	28 2	38 1	7 3	58 2	46 2	52 3	27 1	37 1	49 2	54 1	72 1	32 3	70 2	41 4	13 5	69 2	50 1	30 1	42 3	76 3	59 6	1 1	44 1	19 1	11 2	73 4	36 1	22 2	15 1	3 3	53 1	23 1	14 1	74 4	12 3	75 4	33 4	21 1	56 1	10 1	43 1	47 1
5 1	24 1	50 1	41 2	65 4	33 1	0 1	29 1	78 2	38 4	70 1	18 5	54 1	6 4	55 2	45 1	79 2	42 3	14 1	37 1	3 3	10 5	30 1	34 1	48 1	15 4	77 1	39 1	36 4	25 1	2 1	49 2	72 1	57 2	23 1	76 2	68 2	44 1	53 1	28 3	63 2	46 2	21 1	13 1	62 1	27 1	32 1	9 3	73 1	35 3	58 1	61 2	67 1	51 1	19 2	64 3	47 8	40 1	16 1	26 5	12 1	60 1	1 3	66 4	69 7	11 4	52 1	20 1	71 2	4 2	74 1	75 1	56 2	59 4	43 1	8 4	22 1	31 1	7 1	17 3
61 1	37 3	31 4	65 2	12 8	51 3	38 2	34 1	27 1	68 1	11 1	77 1	53 2	22 1	28 1	21 2	71 2	47 1	6 2	52 6	18 1	30 1	78 1	1 1	48 1	23 2	19 1	41 1	26 3	45 5	42 1	9 5	44 4	66 2	49 4	57 2	60 3	73 1	39 2	54 1	43 1	14 2	8 2	56 1	67 1	72 2	74 2	36 1	13 2	10 3	70 1	0 1	64 4	46 2	79 3	25 3	69 2	33 3	76 3	59 1	15 2	3 3	55 2	7 2	16 1	32 2	63 5	62 1	35 1	5 4	2 2	40 1	58 2	20 6	17 2	75 1	29 1	50 1	4 1	24 3
40 1	71 2	15 3	60 2	21 3	47 2	51 1	2 1	76 1	27 1	25 1	6 2	54 2	9 2	13 1	43 1	50 1	24 3	17 5	69 1	52 4	48 1	32 2	19 1	23 1	57 1	72 1	49 1	56 3	67 2	58 4	39 1	65 7	22 2	74 1	45 1	16 1	41 1	77 1	20 1	59 1	3 1	61 1	62 2	30 2	42 3	34 5	7 1	64 4	36 1	1 1	68 1	55 2	8 3	5 2	66 2	44 1	63 3	31 1	28 1	46 5	37 3	26 4	70 1	29 1	11 6	38 1	12 1	75 1	4 1	35 2	33 4	0 1	79 2	78 3	53 6	14 5	73 1	10 1	18 1
3 3	37 1	34 2	67 1	18 2	30 1	59 1	50 1	60 1	42 4	64 4	2 1	25 1	45 3	13 3	40 3	52 3	75 1	17 3	8 1	73 3	4 1	21 4	78 1	57 2	33 1	27 3	10 4	1 2	22 3	14 9	35 1	39 2	32 1	31 1	47 4	48 1	70 1	56 2	43 2	7 3	55 3	36 2	0 3	54 1	38 1	5 4	77 3	6 1	12 2	68 1	66 3	61 3	26 3	19 1	49 1	16 1	29 1	58 2	65 2	62 2	69 2	46 1	63 1	24 2	74 1	76 4	51 1	44 1	11 5	9 1	53 5	23 3	72 3	28 2	79 1	71 1	15 1	41 3	20 2
52 1	79 3	72 4	29 3	78 1	1 2	70 5	77 1	53 4	48 2	11 1	6 2	57 2	73 1	43 2	47 1	12 2	21 2	64 2	5 1	74 2	62 1	35 1	75 3	40 1	67 1	42 1	7 2	24 7	44 5	61 2	36 2	0 5	71 1	68 1	33 2	3 2	55 1	15 2	18 2	41 4	23 1	38 2	26 2	25 1	22 1	76 2	65 4	4 1	63 3	56 1	10 2	28 2	58 6	46 4	9 3	39 5	60 1	32 4	2 4	8 1	69 3	59 1	13 3	54 1	17 2	34 3	30 4	19 2	45 1	31 3	50 1	66 1	51 2	14 1	20 1	37 2	49 2	16 1	27 1
72 2	62 1	0 1	15 2	68 1	56 3	20 2	60 1	35 2	51 2	38 1	65 1	63 1	36 2	42 1	43 1	69 1	66 1	71 1	70 1	24 1	77 1	31 1	28 1	50 15	23 1	17 2	26 1	11 8	57 1	49 3	3 1	37 1	55 1	27 1	32 1	4 1	7 1	53 1	54 3	21 1	13 1	45 1	73 1	40 2	64 3	44 1	74 1	33 1	67 3	9 1	41 1	12 1	22 2	58 1	8 1	52 4	19 2	2 1	10 4	29 1	39 4	79 3	47 1	14 2	6 2	76 1	48 2	59 1	78 3	1 1	34 1	75 1	16 2	30 6	46 5	25 1	61 1	18 1	5 1
79 1	67 1	36 6	43 1	54 1	38 3	47 1	65 2	26 2	76 1	55 2	1 2	53 1	71 2	21 1	2 3	56 1	42 1	74 2	31 4	58 4	13 2	28 1	11 1	34 3	14 2	64 4	48 3	61 8	62 1	77 1	24 1	72 1	16 5	10 2	7 1	17 1	20 9	9 2	50 1	45 4	19 1	23 1	39 3	78 1	37 1	4 3	3 1	70 3	40 3	73 1	52 1	66 1	15 1	63 3	46 1	8 3	41 2	68 1	49 1	12 1	57 1	51 3	33 2	0 1	44 1	6 1	18 1	30 1	32 1	25 2	22 9	29 1	69 1	27 1	75 2	60 2	35 1	5 5	59 2
4 1	27 1	37 1	69 1	2 2	62 1	53 1	70 1	58 2	26 1	51 4	15 3	12 2	34 3	0 1	50 1	39 2	14 1	64 3	56 1	36 1	22 5	31 2	38 3	52 3	44 2	21 1	74 1	59 2	54 1	23 2	28 4	20 1	29 2	41 2	55 1	19 2	79 2	30 4	68 2	78 2	75 2	45 1	6 2	9 1	18 2	42 1	25 1	57 6	49 2	8 2	1 2	77 3	11 1	63 1	47 1	61 1	24 2	7 1	66 2	32 3	72 1	73 3	16 1	43 3	76 2	46 1	10 2	33 2	35 4	48 2	65 2	5 1	40 1	3 2	71 1	13 2	17 1	67 1	60 2
58 1	73 2	76 5	24 2	9 2	18 2	14 2	70 1	27 2	4 1	50 1	2 1	79 2	1 2	41 1	52 1	0 1	30 3	37 1	19 1	17 2	39 2	31 1	8 11	49 1	48 1	28 4	25 1	56 1	16 1	33 3	65 1	10 2	12 1	21 3	74 1	59 1	57 2	54 1	35 2	7 1	67 2	32 2	69 2	3 1	51 1	47 1	34 2	13 4	6 3	43 2	63 1	61 2	62 1	53 9	78 3	66 1	38 4	46 1	36 2	68 1	64 3	26 1	71 3	29 2	45 1	15 3	72 3	42 2	5 1	77 1	60 1	20 1	44 1	23 5	11 4	55 4	75 1	22 1	40 10
28 1	51 2	39 2	69 9	29 2	43 1	55 4	79 2	30 3	17 3	2 1	1 1	45 3	32 2	19 1	75 1	15 1	3 1	9 2	35 1	73 6	61 2	12 1	5 2	65 4	25 1	33 1	26 2	52 1	54 4	40 1	70 2	76 4	50 1	10 1	6 1	66 2	67 7	78 3	34 1	18 1	57 3	11 1	44 1	4 3	14 3	56 1	64 1	23 2	47 3	62 2	53 4	27 2	63 1	21 4	58 1	48 1	42 3	20 1	24 1	36 1	60 1	46 1	41 2	59 1	8 2	31 2	71 1	49 1	72 1	68 1	13 1	37 1	7 1	0 1	38 1	77 1	16 1	22 1	74 2
29 4	24 2	47 2	32 1	5 1	58 1	33 4	69 4	62 2	67 3	52 1	44 2	42 3	16 2	60 1	37 3	15 7	28 1	22 1	10 1	31 1	54 2	55 3	9 6	73 1	61 3	43 2	30 2	56 1	78 2	39 1	7 1	14 2	66 1	13 1	20 1	74 1	1 2	71 2	3 1	75 1	57 1	26 1	19 2	70 1	8 1	63 4	77 1	72 4	36 1	64 1	76 1	35 1	18 2	25 2	38 2	27 1	12 1	53 4	79 3	2 2	0 1	49 2	17 4	46 1	6 1	34 1	4 1	23 1	48 1	11 1	68 1	51 1	59 1	41 3	45 9	40 2	50 2	21 2	65 2
4 1	43 4	45 9	30 3	47 1	35 3	16 1	53 1	19 1	12 1	64 1	7 5	6 5	50 1	38 1	79 1	14 6	31 6	21 2	70 1	69 1	62 1	28 4	74 2	58 2	20 1	36 4	41 1	5 1	56 1	54 3	26 1	37 2	40 2	17 3	24 1	76 1	60 6	77 1	25 3	33 2	0 1	51 1	3 2	66 6	32 1	29 2	61 2	13 1	46 1	8 7	65 3	57 2	18 1	67 1	73 1	11 1	68 1	75 2	48 1	78 1	1 4	27 2	2 2	39 1	72 5	23 1	44 1	9 2	63 4	34 1	71 1	22 1	42 2	59 2	52 4	55 1	15 1	10 2	49 1
59 2	27 1	19 1	45 5	56 1	14 5	6 1	69 1	24 2	22 1	78 2	35 4	60 2	12 2	48 2	58 1	33 1	73 2	17 1	43 3	63 3	47 2	18 2	1 7	25 5	51 4	64 1	44 2	61 7	46 1	42 3	57 1	10 1	20 1	28 3	62 1	21 2	11 3	5 6	70 2	4 2	49 1	15 1	75 4	79 1	34 2	0 2	71 1	76 3	50 2	52 1	66 1	74 1	16 1	54 2	67 1	53 1	65 2	29 1	23 4	32 1	8 3	72 3	13 1	9 2	40 1	38 1	37 1	68 2	31 2	39 4	36 2	77 2	30 1	41 2	7 1	2 1	3 8	55 6	26 3
47 1	8 1	6 3	22 1	74 2	15 5	29 4	1 1	64 1	11 3	27 5	31 2	39 1	52 1	19 8	76 5	37 1	53 1	18 3	3 1	49 3	28 2	59 4	78 4	72 2	54 1	73 1	34 2	43 2	41 4	75 1	55 1	23 2	57 1	58 6	61 5	63 1	45 4	0 2	16 7	70 3	38 3	24 1	12 2	40 1	36 3	9 1	71 1	21 1	69 2	42 1	62 1	77 3	79 1	7 2	50 3	26 1	66 1	68 2	56 5	60 1	5 2	48 2	33 2	14 5	32 2	65 1	35 1	10 2	46 1	44 2	25 3	20 2	30 1	17 1	2 4	67 3	4 1	51 3	13 3
12 3	2 10	28 4	25 2	34 5	23 2	38 1	11 1	17 1	49 2	59 1	14 2	51 7	52 1	20 2	66 1	7 1	30 1	76 1	35 1	1 4	27 1	21 1	24 2	70 2	3 2	50 1	42 1	6 2	45 2	44 1	63 1	58 2	0 2	75 1	72 1	71 3	54 1	46 1	33 1	56 2	36 2	61 3	32 4	26 1	18 2	19 1	62 1	64 2	39 1	5 1	13 2	37 1	53 1	22 3	10 2	9 2	77 1	74 1	4 2	65 4	57 2	67 1	29 4	73 2	68 1	69 1	78 1	41 2	16 1	48 1	55 1	60 4	47 1	43 2	31 1	15 2	8 1	79 5	40 2
26 1	56 1	24 1	34 1	16 4	40 1	44 1	9 3	3 1	60 1	77 1	31 4	21 2	25 4	42 1	54 1	37 1	50 1	58 1	57 2	12 3	22 1	71 2	52 5	13 3	68 1	23 2	73 2	28 1	38 8	63 1	7 2	66 1	1 5	19 2	18 1	8 1	62 4	39 3	17 2	72 1	65 2	48 1	79 1	67 1	5 2	55 2	75 2	59 2	53 3	46 1	70 1	74 4	51 3	0 2	61 1	10 1	69 1	32 2	30 2	43 1	64 1	2 1	11 1	33 4	6 4	47 2	15 3	76 2	4 1	36 1	49 1	78 3	45 1	35 4	20 1	41 1	14 6	27 1	29 5
36 2	15 1	51 2	3 2	74 1	48 3	27 1	34 5	14 1	54 1	21 3	31 2	62 4	68 1	40 10	38 5	71 3	76 1	56 1	63 1	57 2	16 1	9 4	73 3	10 2	79 2	75 1	67 1	18 1	32 2	2 2	35 2	43 1	33 1	11 1	12 1	52 1	70 3	0 8	50 2	78 6	28 2	5 1	25 2	4 2	8 3	65 1	72 3	61 4	41 2	23 1	26 1	6 1	69 3	37 1	24 2	42 1	44 1	64 2	53 3	60 4	29 2	20 3	45 1	49 1	66 2	46 4	17 2	7 1	47 1	55 2	1 2	13 1	77 1	19 4	22 2	59 1	58 4	39 1	30 5
55 1	34 1	74 1	9 5	15 3	54 3	56 2	31 4	12 2	44 3	45 1	76 1	24 1	64 1	10 2	14 3	17 3	39 1	22 1	30 5	77 2	46 1	78 2	13 1	68 1	11 2	73 2	42 2	16 2	32 3	21 1	26 1	59 2	53 1	48 1	72 3	43 1	40 3	57 1	23 1	6 2	29 1	2 1	5 1	7 3	79 1	47 1	52 1	67 1	58 3	71 2	66 3	69 1	35 1	61 1	50 3	65 2	33 1	25 2	27 1	20 3	28 1	8 1	18 1	62 1	41 2	0 2	4 3	63 1	70 1	38 1	19 1	60 4	51 3	37 1	36 1	3 1	49 1	1 3	75 1
52 1	45 1	16 1	15 2	50 2	47 1	35 1	17 1	55 1	2 8	41 1	58 2	24 3	48 1	3 2	68 1	36 1	53 1	11 1	75 2	63 1	64 2	67 1	72 1	4 1	71 3	44 1	7 3	25 1	13 1	46 2	73 3	23 6	76 5	38 2	32 2	77 2	43 2	54 2	56 5	49 1	9 5	70 3	8 5	33 1	59 1	21 2	65 2	19 1	66 3	79 1	69 2	29 1	26 3	39 1	60 1	27 2	22 1	28 1	42 1	61 1	20 2	14 2	10 2	51 1	0 2	1 3	78 2	57 3	37 1	5 3	62 1	40 3	6 4	30 1	31 1	12 1	18 1	74 2	34 4
22 6	9 1	47 1	29 1	75 1	20 1	4 2	3 1	2 1	69 4	24 1	12 1	23 1	28 1	79 4	65 1	64 4	25 2	60 3	78 3	50 2	66 1	15 7	30 1	42 1	17 1	56 1	32 4	55 1	63 3	36 1	48 1	37 1	57 1	16 4	70 1	0 1	5 1	13 2	45 1	34 2	31 1	19 1	38 1	7 3	73 2	10 1	40 1	54 1	39 1	33 3	76 3	68 1	14 1	11 1	43 2	18 1	61 1	52 3	35 1	27 1	6 1	8 7	26 3	58 1	74 1	67 4	53 1	1 1	72 6	59 9	51 1	21 2	46 2	41 3	71 1	62 1	77 2	49 1	44 1
32 3	14 2	36 1	28 3	71 2	13 1	75 1	63 3	45 1	41 1	8 1	72 1	0 1	26 1	34 1	47 2	56 1	3 3	40 2	53 1	39 3	38 1	68 3	15 1	69 4	48 2	22 1	61 9	16 2	65 2	33 1	46 3	12 2	58 1	60 2	6 1	78 1	66 1	21 2	18 1	74 2	4 3	2 1	37 1	1 5	27 1	19 7	57 2	49 1	9 1	31 1	64 1	55 4	24 3	5 7	62 1	50 5	23 3	67 2	25 3	76 2	10 4	77 3	43 4	70 4	44 2	29 1	79 6	7 2	42 2	54 3	73 3	35 1	11 3	17 6	52 1	51 4	20 1	59 1	30 1
13 1	4 1	26 4	76 5	50 3	30 3	65 1	0 1	8 2	49 1	23 1	11 1	62 1	20 2	25 1	64 6	21 2	40 1	3 1	2 1	71 1	6 2	16 4	19 3	38 1	66 1	39 1	10 1	9 2	74 1	17 1	70 3	15 1	57 1	56 2	60 1	61 3	41 1	29 2	46 4	34 3	79 1	67 1	32 3	14 1	28 1	68 1	47 1	37 2	12 3	7 1	24 4	44 3	5 2	33 3	63 1	36 1	77 4	43 1	51 4	52 1	22 1	48 3	72 1	78 1	54 2	58 2	45 1	69 4	31 2	18 1	55 3	73 2	42 1	59 1	1 1	27 1	35 1	53 1	75 2
