90	90
83 2	72 1	52 5	10 2	88 1	42 2	59 1	26 7	37 1	78 1	4 1	13 1	2 1	48 1	71 4	68 3	76 3	27 2	28 2	33 1	73 1	45 2	21 3	41 1	55 2	79 6	32 1	30 1	14 2	89 1	20 2	70 1	22 2	62 2	0 1	84 1	64 5	80 1	75 3	54 2	77 1	15 1	47 2	63 1	24 1	74 1	81 1	35 2	44 2	57 1	7 1	86 4	36 2	31 1	66 4	53 1	16 5	29 1	17 2	3 1	49 6	60 2	50 3	39 1	61 2	56 1	8 1	11 1	12 1	43 1	1 4	25 4	19 2	87 2	65 1	51 1	34 4	67 3	6 1	38 1	46 4	85 1	58 2	18 2	5 6	40 1	9 2	23 2	82 1	69 1
5 1	85 6	15 2	54 2	57 2	34 2	2 1	19 3	60 1	89 1	58 1	10 2	18 1	4 2	74 2	76 5	6 1	87 6	38 1	37 1	65 2	30 2	79 1	70 2	59 1	21 1	80 9	50 3	28 1	35 1	73 1	33 1	56 1	13 1	31 2	45 1	43 1	25 4	64 2	17 6	40 3	61 6	66 2	49 2	27 1	69 3	22 1	1 1	53 1	52 3	62 1	78 1	48 2	11 5	84 3	55 1	72 4	39 1	36 1	63 1	77 1	16 1	44 1	47 1	82 3	3 1	68 8	46 1	23 1	75 1	14 1	24 1	9 1	26 1	20 1	0 1	29 2	41 3	51 1	86 4	83 1	32 1	81 1	7 1	71 4	12 1	42 2	67 1	88 1	8 1
16 1	44 3	78 1	1 1	5 3	9 1	52 2	32 1	61 5	50 1	55 4	65 2	69 1	59 6	7 1	80 1	86 2	79 2	43 1	87 2	49 1	27 1	62 2	36 1	12 3	66 1	84 1	25 3	60 1	31 1	14 3	73 1	33 1	2 4	81 1	35 1	64 4	6 2	37 1	26 1	3 2	89 1	51 1	46 2	20 1	47 2	17 1	57 1	19 2	54 1	23 1	71 5	68 3	85 3	88 2	29 1	11 1	77 4	38 2	34 1	53 4	82 1	70 2	83 1	13 1	75 1	28 2	8 2	74 4	45 2	30 1	41 1	22 1	72 1	63 2	24 4	21 2	42 2	0 3	76 2	18 1	10 1	58 3	67 3	56 2	48 1	39 2	40 4	15 1	4 2
46 2	33 1	16 2	42 5	45 2	30 1	66 2	48 1	35 2	88 1	40 4	11 2	83 1	52 1	86 1	25 1	54 2	37 5	68 1	55 1	60 2	79 1	19 4	13 6	32 2	14 1	24 1	61 1	23 3	62 1	59 2	4 2	76 2	3 1	69 1	41 4	47 2	34 1	29 2	87 1	70 1	64 1	22 2	63 1	18 1	38 1	73 2	20 1	27 3	8 3	21 2	28 2	89 2	74 4	50 1	80 2	5 1	72 2	78 2	15 1	53 1	26 2	2 2	67 3	82 1	75 2	56 1	43 1	81 1	51 1	77 1	57 1	84 3	85 1	17 1	36 1	65 1	49 1	58 1	9 2	12 1	44 2	10 3	71 5	7 1	0 1	39 2	1 2	31 1	6 1
31 2	66 2	41 2	78 1	83 1	72 3	73 4	56 1	74 7	79 2	6 2	44 3	17 4	9 4	2 1	81 1	60 2	75 3	22 8	13 2	67 1	16 1	53 1	77 1	40 1	88 1	12 1	57 3	38 1	19 1	59 1	24 2	46 6	45 2	50 2	29 1	36 2	15 4	3 1	37 4	11 2	8 2	30 1	54 1	0 2	49 1	10 2	82 3	52 2	89 1	69 1	23 1	25 1	80 1	32 3	64 2	34 2	71 1	26 2	14 2	21 5	51 1	20 1	47 3	18 2	39 1	87 2	55 2	85 1	65 1	58 1	33 1	76 3	61 5	86 2	1 3	4 1	68 4	63 1	35 2	70 1	27 1	84 3	7 2	28 4	42 4	43 1	48 1	62 4	5 1
14 1	61 1	66 1	37 3	25 1	15 1	6 1	89 1	49 2	21 5	45 1	50 3	81 2	85 1	30 1	44 1	83 1	41 1	12 3	67 2	79 1	47 2	82 3	55 4	70 2	60 1	84 1	1 2	27 1	88 3	4 1	80 1	74 1	87 2	53 6	76 1	57 1	26 3	46 1	23 2	2 1	0 1	48 4	72 1	36 4	40 1	64 1	10 1	73 1	16 1	42 2	69 1	18 3	9 1	43 2	51 1	5 3	19 4	17 7	32 1	13 2	33 2	71 1	11 4	31 2	52 4	78 1	39 6	29 2	28 2	38 1	24 3	58 4	59 1	63 2	54 5	3 2	7 2	77 2	65 1	56 1	68 1	75 1	20 1	86 1	35 2	62 3	34 3	8 1	22 3
14 3	28 1	25 2	60 1	72 1	5 5	35 1	29 2	71 2	61 2	41 2	43 2	85 2	40 1	53 8	2 1	82 2	22 3	23 1	83 2	15 1	11 1	80 1	30 1	27 1	54 3	39 1	68 4	6 4	4 4	79 1	51 1	88 2	49 1	46 3	78 6	13 1	7 1	21 1	3 3	0 1	16 6	89 1	10 1	42 2	24 1	1 2	66 1	74 1	73 2	55 1	34 2	8 2	62 1	69 1	81 1	38 1	64 1	76 2	87 4	59 1	37 2	75 1	63 3	52 4	17 1	31 1	50 1	58 4	84 3	20 1	57 3	12 2	36 1	32 1	45 3	47 1	18 1	67 1	44 2	26 1	48 2	19 1	65 1	86 3	33 2	9 3	56 1	70 4	77 1
39 2	26 2	62 3	17 4	57 3	82 1	44 1	80 1	21 1	43 1	85 3	31 1	83 1	16 1	45 1	68 1	60 2	61 2	75 1	48 2	77 1	73 1	27 2	22 3	41 1	38 1	63 2	1 4	65 3	54 3	81 2	7 3	64 1	3 3	78 1	13 1	84 1	50 1	12 3	33 1	89 3	88 3	86 4	56 4	76 1	19 6	14 1	9 1	4 5	20 1	42 1	67 1	40 1	8 2	0 2	51 6	49 2	55 2	5 1	30 2	70 3	72 1	15 3	29 1	28 2	23 1	53 2	52 1	36 2	47 1	46 4	58 4	10 1	11 1	87 1	32 3	24 4	2 1	37 3	25 2	74 1	59 1	34 2	79 2	6 1	69 4	71 1	66 1	18 3	35 1
24 3	21 1	11 4	79 1	48 1	0 2	84 2	40 5	49 1	28 1	87 2	25 1	5 1	34 3	56 1	29 1	8 1	57 1	77 3	78 2	73 3	23 1	44 2	32 2	70 3	75 3	64 1	82 1	14 2	15 2	37 1	27 2	89 3	42 1	71 2	19 5	50 4	46 1	65 1	68 1	18 1	80 2	12 2	88 1	13 3	9 1	83 7	41 1	58 1	53 1	39 3	43 1	55 2	10 1	30 2	22 1	86 1	7 1	47 1	17 2	81 1	36 3	59 2	33 1	67 1	6 2	20 1	16 4	60 1	54 1	26 2	72 2	45 1	69 1	31 1	2 2	85 1	3 1	76 2	4 1	1 1	62 1	66 3	61 2	63 1	51 1	35 4	38 1	52 1	74 1
9 1	19 2	88 1	80 3	86 5	74 1	69 1	45 4	29 2	38 4	14 3	40 1	32 1	60 1	47 1	18 1	15 2	51 1	23 1	76 2	33 1	12 4	31 1	59 1	37 6	84 8	66 1	89 1	2 1	68 2	61 2	43 2	25 1	8 1	58 2	83 3	41 1	13 2	65 3	28 1	20 3	52 1	78 1	27 2	48 3	26 4	75 4	7 1	55 2	46 3	36 2	57 1	67 2	79 1	73 1	49 1	42 2	21 1	54 3	0 3	70 1	30 4	71 2	35 1	77 4	85 2	1 1	82 2	63 1	44 2	34 1	53 2	72 1	5 1	22 2	87 3	3 2	11 2	81 1	64 3	39 2	62 1	24 1	10 2	6 1	17 1	16 1	4 5	50 1	56 2
74 1	9 2	35 1	11 2	61 2	57 1	4 1	46 2	49 1	19 4	69 5	81 2	65 6	17 1	16 1	14 1	41 1	42 2	29 5	80 1	7 1	52 1	27 1	21 1	50 5	24 6	18 1	13 1	78 2	60 1	85 1	26 2	71 2	67 4	89 2	47 3	77 3	31 2	62 2	10 1	8 2	32 1	82 2	48 4	88 1	63 1	30 1	53 4	72 1	56 3	86 1	68 1	84 1	64 4	2 1	55 1	28 2	15 4	38 1	58 1	59 1	45 5	36 5	34 1	79 1	70 5	83 1	66 1	87 1	0 1	39 6	37 1	20 6	23 1	40 1	22 1	75 1	54 1	1 1	43 2	33 2	5 3	73 1	76 3	25 2	3 5	6 1	51 5	12 2	44 3
49 1	54 1	29 2	55 5	69 1	56 3	84 4	22 1	19 2	41 1	24 2	43 1	78 2	14 2	39 1	48 1	45 2	11 2	17 2	68 2	76 1	4 2	65 1	16 1	31 2	70 1	80 8	15 2	40 1	36 4	66 2	42 1	72 4	83 3	1 1	9 1	3 1	60 1	7 2	51 2	5 1	6 2	85 5	74 2	53 2	34 3	47 2	81 2	79 1	32 1	82 1	52 3	20 2	57 5	67 2	10 2	30 1	44 2	64 1	27 2	73 2	50 1	26 1	23 7	33 2	63 2	8 3	61 1	59 1	75 1	71 1	37 2	38 3	58 1	86 4	87 3	13 1	77 1	46 2	62 2	35 1	25 1	18 1	89 2	0 2	2 1	88 1	12 3	21 1	28 1
62 5	84 3	38 2	43 1	12 2	57 2	53 1	39 1	3 1	5 5	61 3	17 1	4 1	55 3	49 1	59 1	68 2	85 1	75 1	70 4	67 1	74 1	8 1	35 1	52 4	77 3	66 1	60 1	22 1	28 2	37 4	82 2	78 3	83 3	20 2	26 1	34 1	65 1	89 1	47 1	29 2	58 3	46 4	40 1	80 2	23 4	50 1	88 1	18 4	6 4	48 3	56 1	79 1	27 2	41 3	69 1	81 2	44 2	16 2	63 1	51 1	30 1	87 1	19 3	15 3	14 1	71 2	0 1	7 2	25 1	10 2	24 2	9 2	42 1	54 2	72 4	13 1	45 1	11 1	64 4	33 1	1 1	36 1	73 2	32 1	76 1	21 3	31 1	86 2	2 1
11 3	46 2	52 2	55 1	71 1	89 1	7 4	75 1	23 2	80 3	16 1	77 3	26 4	81 1	33 1	79 3	67 1	21 1	6 4	48 1	51 1	20 4	18 2	49 2	78 1	88 5	86 4	2 3	44 1	47 2	38 2	28 3	68 1	1 3	70 2	14 1	64 1	56 1	27 2	74 4	82 2	5 4	39 4	37 2	31 1	35 1	32 1	62 1	87 1	59 1	15 3	40 1	65 2	3 1	22 3	19 1	66 2	8 1	53 4	57 2	42 1	45 2	72 1	54 1	58 1	83 1	25 2	43 1	63 1	36 2	9 5	10 5	73 3	76 2	61 1	0 2	41 1	12 3	34 2	13 3	69 1	29 2	17 1	24 2	30 1	84 1	4 3	50 1	85 1	60 1
27 2	46 1	59 1	66 1	10 1	26 2	55 2	50 6	29 2	5 1	87 2	1 1	75 1	3 2	83 2	25 2	0 2	76 4	18 2	14 3	39 1	17 1	70 2	22 3	72 1	53 2	57 4	69 2	23 2	42 1	81 3	34 1	60 3	65 1	30 1	77 1	21 8	20 1	2 3	67 2	41 2	44 1	58 2	74 4	33 2	37 1	64 1	40 3	28 6	84 3	51 1	9 4	86 5	36 2	6 1	71 1	7 2	54 2	80 2	24 1	8 1	43 1	56 2	38 1	32 3	12 1	52 4	89 1	31 6	16 1	68 3	35 3	47 1	49 1	82 1	79 1	73 1	48 3	78 1	85 1	61 1	63 1	11 2	19 6	4 3	15 1	45 1	88 1	13 3	62 1
48 2	59 3	8 2	40 2	14 1	86 1	56 1	23 3	34 1	41 3	60 1	89 2	44 1	33 1	46 1	31 2	22 3	55 2	58 3	30 1	27 1	12 2	26 1	39 3	25 1	50 2	88 1	87 2	49 1	32 1	38 2	67 1	0 2	68 5	62 3	78 4	73 4	82 6	15 4	85 2	80 2	9 1	76 2	75 1	37 9	61 6	83 1	4 2	63 2	36 1	54 3	65 1	45 4	7 3	17 2	24 1	69 1	3 1	53 3	19 1	1 1	79 1	16 3	57 4	2 1	6 1	18 1	42 1	84 1	10 2	71 1	77 2	72 2	74 3	52 1	43 2	81 2	47 1	51 1	29 3	35 5	70 2	66 1	28 6	11 1	21 1	20 2	64 2	13 1	5 4
67 1	42 1	57 1	54 1	63 1	13 3	50 1	82 1	2 4	4 3	58 1	76 1	77 8	59 2	35 3	65 1	11 2	70 1	19 1	47 1	25 1	5 1	52 2	32 2	74 1	88 2	26 1	29 1	72 1	51 1	14 1	66 1	78 3	30 1	48 2	36 1	33 1	86 2	79 1	6 1	27 1	37 1	87 2	73 1	16 1	38 1	60 4	21 1	43 2	41 4	44 2	56 3	22 2	9 4	62 4	34 1	3 1	84 1	24 1	81 4	7 3	15 5	80 2	1 2	89 1	64 2	75 2	68 1	61 1	53 1	55 2	8 2	39 2	69 1	23 3	49 2	71 3	46 1	40 3	18 2	17 7	12 1	31 3	45 2	83 1	10 2	28 1	0 1	20 1	85 2
5 2	26 3	49 1	80 1	58 1	14 1	60 1	63 1	70 1	11 1	71 2	3 1	32 2	51 1	8 4	73 2	62 1	57 3	39 1	79 1	81 2	1 1	44 1	54 1	67 1	75 1	46 3	41 2	85 1	31 1	89 1	66 1	37 7	10 1	77 3	29 1	42 1	36 2	52 2	56 1	6 3	0 2	22 3	30 3	43 1	7 1	18 4	50 2	86 2	82 1	23 3	25 1	64 2	78 5	16 1	38 2	69 8	28 3	24 1	4 2	72 3	84 2	83 1	35 3	45 3	87 1	53 1	88 2	13 1	20 3	65 1	40 1	33 4	59 1	15 1	76 1	61 1	68 1	12 1	74 1	17 3	48 1	19 2	9 1	27 3	34 1	47 2	55 1	2 3	21 1
52 2	81 1	74 6	59 1	53 1	29 3	32 2	6 5	22 2	66 2	67 1	35 1	15 2	43 5	86 5	21 1	16 2	58 1	69 1	82 2	28 1	23 2	12 10	56 2	2 2	30 1	77 1	3 1	68 2	55 1	78 3	10 1	75 1	14 2	76 1	0 1	44 3	34 5	26 2	79 2	39 1	89 5	27 3	13 1	45 1	5 1	49 1	57 4	31 3	37 1	62 2	65 1	46 2	41 5	80 1	9 2	54 4	50 3	84 11	47 4	25 1	33 4	20 1	64 3	73 2	1 4	36 1	24 3	87 2	70 3	61 2	51 1	19 2	17 1	60 1	4 1	85 2	42 1	72 1	11 2	40 5	18 1	63 1	71 1	8 2	83 2	48 1	7 1	38 3	88 4
13 2	41 3	32 1	82 1	0 1	60 1	45 1	59 1	2 1	66 5	31 2	33 2	27 5	74 5	5 2	26 4	20 1	61 1	48 2	22 1	30 2	72 1	15 1	19 1	6 1	11 3	81 3	36 4	67 1	56 1	7 2	86 1	85 1	16 1	57 1	84 1	39 2	63 1	62 2	71 3	18 1	9 1	69 1	51 8	55 1	58 1	78 2	75 1	68 2	47 1	70 2	79 1	52 4	14 1	34 1	17 2	23 2	80 3	28 1	12 1	54 6	25 1	53 1	38 1	65 1	40 2	8 1	83 2	35 5	37 2	3 3	77 2	76 1	42 2	43 5	88 3	21 2	49 2	4 2	87 1	64 7	50 2	46 2	73 1	29 1	89 2	44 1	1 2	24 1	10 1
42 1	54 3	48 1	58 3	33 1	10 1	78 2	23 2	18 3	2 5	72 3	3 1	77 2	80 1	43 2	40 1	53 2	24 1	75 1	71 4	34 1	60 1	27 1	37 1	30 1	62 1	65 2	87 1	6 2	9 1	88 1	5 5	0 1	89 1	86 1	64 2	57 4	12 3	85 2	69 1	44 1	74 1	84 1	66 2	26 1	8 2	1 1	13 1	73 3	21 1	39 1	14 2	50 7	47 4	7 2	22 2	51 1	19 1	67 1	45 2	16 4	52 3	46 4	55 1	70 5	59 1	20 1	68 2	36 1	82 1	29 2	25 1	32 5	38 2	79 1	41 1	56 1	81 3	31 1	83 1	35 2	11 1	63 2	76 3	4 8	28 2	17 1	49 2	15 1	61 3
47 1	29 1	51 5	5 3	60 1	62 2	37 1	24 2	13 2	26 1	68 1	85 1	75 2	9 1	7 3	17 5	25 1	16 1	88 1	22 1	11 1	77 1	55 2	43 1	61 4	34 1	33 2	35 1	67 5	57 1	3 2	2 1	44 1	80 1	1 2	10 2	41 2	27 1	18 1	50 1	84 1	38 2	54 1	30 2	31 1	83 4	23 1	58 1	15 1	59 1	70 1	52 1	28 4	14 1	87 6	39 1	42 4	81 3	40 6	46 1	53 4	63 2	4 2	86 1	71 1	82 1	66 4	56 3	48 3	69 4	65 2	79 2	78 1	73 4	76 2	64 1	19 2	45 2	0 1	20 2	8 2	6 1	49 6	74 1	32 1	36 1	21 1	72 1	12 1	89 3
41 1	67 2	66 2	61 1	28 5	38 7	88 2	27 2	1 1	33 1	68 4	45 1	57 4	26 2	3 2	74 2	53 3	0 1	72 4	5 1	75 1	62 1	59 2	22 1	48 1	47 1	71 2	7 1	64 8	83 1	29 3	76 1	82 3	37 3	10 3	20 1	31 1	89 1	16 1	23 4	80 1	13 2	49 2	50 2	14 3	43 4	84 3	36 1	81 1	79 7	65 4	73 1	56 5	9 2	6 1	46 3	30 1	58 8	52 1	18 4	4 2	86 2	15 1	32 3	44 1	12 2	21 3	8 2	60 2	39 1	70 3	25 1	11 2	54 1	34 1	42 1	77 1	19 1	40 3	2 1	63 1	85 1	51 3	24 1	69 1	17 1	78 1	87 2	55 1	35 1
12 1	24 3	53 1	37 3	84 2	26 1	4 1	42 1	59 1	61 1	8 4	27 1	52 2	60 1	40 1	50 2	83 1	2 1	38 2	20 2	9 2	45 8	3 2	11 3	73 2	46 3	63 1	18 1	0 1	74 2	28 2	41 1	1 3	17 3	79 1	6 1	49 2	13 1	29 1	10 1	56 1	65 2	57 1	16 1	48 1	22 1	51 2	44 1	68 1	23 1	32 1	75 5	62 2	71 1	85 1	69 4	66 2	35 2	5 2	14 1	70 3	33 1	86 2	19 1	21 1	54 1	89 5	43 2	67 1	15 1	47 1	72 1	88 1	7 5	80 1	25 1	77 1	30 1	55 1	76 4	64 1	78 2	82 1	87 2	81 1	31 1	36 4	34 1	58 3	39 1
69 1	51 1	39 1	23 2	34 1	47 2	89 2	12 8	18 3	78 2	17 1	84 1	70 1	0 4	22 2	44 1	66 2	30 1	48 4	29 4	80 1	8 1	6 1	68 1	7 3	74 3	19 3	65 1	45 1	36 2	77 3	75 1	52 1	60 1	16 2	20 1	43 1	35 1	38 1	32 1	71 2	62 1	53 1	56 2	15 1	40 1	42 2	83 2	14 1	73 2	9 2	85 4	37 1	10 3	13 1	31 2	24 3	49 1	61 1	41 4	57 3	72 1	67 1	88 2	55 4	76 3	81 14	63 3	25 1	27 2	79 1	1 6	2 1	21 2	3 6	87 1	26 1	4 1	64 1	50 1	59 2	28 1	58 7	5 1	33 1	11 2	86 2	82 1	54 1	46 5
31 1	35 1	73 2	12 1	68 1	29 4	54 1	75 1	1 1	7 2	41 2	40 2	36 1	74 2	9 4	14 2	10 2	64 1	5 1	51 1	47 1	21 7	15 5	84 2	72 1	66 6	49 1	17 4	23 1	80 1	86 2	65 1	22 4	11 1	16 2	77 1	83 1	3 3	0 2	88 1	20 1	67 1	13 1	27 1	57 1	89 5	18 2	85 2	44 5	6 1	53 2	4 3	69 2	48 2	50 3	56 1	62 1	58 1	63 1	82 1	43 1	25 1	24 1	30 1	71 3	76 2	79 3	46 1	39 4	33 1	28 3	61 3	70 1	8 1	87 2	34 3	26 1	2 1	60 1	37 3	45 3	81 1	19 3	38 1	55 1	78 1	59 1	32 1	42 3	52 1
14 1	0 2	34 2	27 1	41 1	63 2	86 1	2 2	38 3	33 1	16 1	88 3	54 1	47 2	52 1	56 5	20 4	9 2	85 2	13 1	83 3	48 1	75 4	80 2	28 1	15 1	18 1	61 5	72 2	89 1	81 1	66 2	58 4	39 3	53 5	65 1	40 2	3 10	49 1	23 5	17 1	74 1	1 2	64 2	55 1	4 1	79 1	84 2	44 1	46 2	19 1	24 1	35 3	12 2	51 3	10 2	78 1	32 1	82 1	29 1	36 2	26 1	62 2	87 1	43 2	31 1	37 2	45 1	8 1	67 5	30 1	60 1	42 1	59 3	22 1	76 1	73 5	6 1	57 2	68 1	71 7	50 5	5 8	7 1	77 3	25 5	69 1	11 3	70 1	21 1
11 2	8 1	33 2	22 3	29 4	68 4	3 3	49 2	76 1	47 5	27 3	63 2	75 2	25 4	87 2	73 2	59 1	69 1	53 3	58 1	83 3	7 3	85 3	88 5	84 1	45 3	9 4	57 2	65 1	77 1	50 2	19 2	34 2	66 2	56 1	17 1	37 2	20 1	4 4	64 2	13 1	28 1	62 4	0 1	48 10	35 3	26 1	86 2	44 6	2 1	32 4	18 1	80 1	5 1	43 1	89 1	10 1	30 2	24 3	79 1	16 1	36 1	81 3	54 1	21 3	41 5	12 1	82 1	1 2	67 2	46 1	61 2	38 1	14 1	72 2	23 1	71 2	51 5	40 6	70 2	42 3	6 1	74 2	60 1	78 1	55 1	39 1	52 2	15 4	31 1
27 1	5 6	15 1	43 1	22 1	31 1	86 2	23 1	41 2	72 1	61 1	25 1	0 3	13 1	4 2	53 2	17 1	48 3	82 3	67 1	12 1	79 2	10 1	85 1	34 2	74 2	42 1	26 2	71 1	83 2	76 3	39 3	1 2	24 3	75 2	66 1	70 1	89 2	33 6	52 2	77 3	51 1	38 1	84 1	88 1	65 3	9 1	63 3	57 1	28 3	49 1	21 1	19 1	58 2	7 1	60 4	40 2	55 1	45 4	69 2	8 4	78 3	46 1	59 1	73 1	20 1	16 2	56 1	35 1	47 2	14 1	11 1	6 1	81 1	30 3	80 1	32 2	44 4	50 1	68 2	54 2	29 1	62 9	18 1	36 1	87 1	37 1	3 2	2 1	64 1
55 1	9 3	49 1	59 3	14 5	41 3	81 1	87 1	19 1	21 1	50 1	27 3	84 3	0 3	2 1	16 2	35 1	11 2	53 1	51 4	70 1	72 1	28 1	75 1	46 2	63 1	17 1	57 5	71 3	74 5	44 4	79 3	61 1	86 3	5 2	89 2	80 5	4 1	36 1	6 2	26 1	42 2	12 2	22 4	24 5	68 2	76 3	56 3	62 1	85 4	38 2	39 1	66 3	1 1	20 1	43 1	73 1	77 2	15 2	60 1	30 1	34 1	37 2	13 3	58 6	82 2	10 1	40 2	78 1	31 3	67 3	88 1	8 3	29 1	18 3	54 5	23 1	25 1	64 2	33 2	45 5	69 3	3 2	83 2	48 1	52 1	47 2	32 1	65 2	7 1
3 6	74 3	36 1	33 1	39 3	16 1	37 3	77 1	64 3	50 3	34 1	10 1	63 2	30 3	78 1	47 1	72 2	29 3	87 1	68 2	28 5	11 1	86 4	79 2	54 2	40 1	70 1	65 1	76 3	88 1	66 2	75 1	9 2	69 2	12 1	53 1	27 4	73 3	32 1	31 1	51 2	57 1	25 2	0 3	15 5	7 1	35 1	59 1	62 2	45 2	49 1	71 2	19 1	1 2	89 1	5 1	84 1	55 3	67 2	44 2	17 4	38 2	24 2	58 2	52 1	42 2	82 2	43 1	18 4	22 1	23 2	21 2	83 4	60 1	80 1	61 1	46 1	81 6	14 12	2 2	13 1	48 1	4 1	85 3	20 1	8 2	56 3	26 1	6 1	41 1
69 4	63 2	57 1	13 2	48 1	10 3	18 1	60 1	23 1	1 1	87 2	4 2	53 1	15 1	40 1	6 2	2 2	84 1	50 1	43 3	12 2	47 2	74 1	89 4	25 1	22 3	36 1	80 3	55 1	19 1	77 5	17 1	52 1	72 2	27 2	76 1	42 1	32 1	49 9	61 1	64 2	71 1	68 1	41 2	30 2	66 2	34 1	44 1	39 3	35 5	86 1	8 3	21 1	56 1	24 2	79 1	62 5	78 1	3 4	46 1	20 1	16 2	67 2	37 2	85 1	38 1	75 8	54 3	14 4	59 3	9 1	26 1	51 4	73 1	58 1	33 1	82 2	81 1	29 2	65 5	0 3	88 3	45 3	70 2	5 5	31 1	28 1	11 1	83 2	7 1
60 1	2 3	8 2	31 5	22 1	70 2	11 2	67 2	74 2	89 1	18 1	6 1	39 1	19 1	45 1	58 2	13 2	64 2	84 1	65 1	54 1	59 1	76 7	38 2	34 2	30 1	25 2	51 2	62 5	66 7	55 1	52 2	47 1	7 1	82 2	29 4	85 1	78 2	48 4	69 4	15 2	16 1	21 3	5 1	0 1	83 2	27 1	63 1	42 1	1 2	81 1	24 1	77 1	14 1	40 1	50 1	75 2	87 3	41 1	4 1	53 1	32 2	10 4	35 1	68 2	73 1	80 2	44 2	88 2	9 1	61 1	23 1	72 7	79 1	33 2	56 3	43 3	46 1	3 1	28 1	86 3	12 1	36 2	49 5	17 1	71 1	37 6	26 3	57 3	20 1
65 1	79 1	49 1	64 2	7 1	80 4	20 1	31 1	85 1	24 1	53 1	8 4	18 1	73 1	47 3	13 1	34 1	41 3	45 1	22 1	60 3	57 3	37 2	30 1	40 1	84 1	46 5	36 2	56 3	89 3	9 2	44 2	50 3	52 1	12 4	4 2	6 1	32 5	59 1	15 1	27 1	68 1	58 2	14 2	33 1	48 1	35 3	76 1	71 1	16 3	0 5	87 1	17 2	26 1	63 1	51 1	54 1	10 1	25 2	29 5	77 2	55 2	83 4	78 1	23 2	75 1	1 1	42 2	43 1	69 1	3 1	62 2	86 3	88 2	11 7	66 1	19 3	72 5	74 1	2 3	38 1	82 2	67 1	21 4	39 1	5 1	28 3	70 3	81 4	61 1
38 1	30 5	79 1	58 2	59 1	50 1	31 2	0 3	40 1	6 1	27 1	51 1	3 3	28 1	60 1	70 2	55 2	46 2	88 1	84 10	18 2	1 1	44 1	43 2	72 1	80 1	36 1	89 1	82 1	7 1	86 1	25 3	61 1	39 1	65 5	17 1	13 1	11 2	24 2	22 1	32 1	21 6	41 6	75 1	19 2	54 6	77 2	34 1	23 2	67 1	57 3	71 6	68 4	62 2	45 2	10 1	5 1	26 1	37 3	64 4	8 1	85 4	66 1	49 1	69 6	35 1	14 2	48 3	15 1	87 1	16 1	56 1	33 1	81 1	20 1	29 1	83 5	4 1	78 1	52 2	73 1	63 4	47 2	2 1	42 1	74 1	53 1	76 2	9 1	12 2
43 2	18 3	36 4	77 2	0 1	4 5	64 2	31 1	8 4	23 1	50 1	81 3	62 4	60 1	53 3	44 5	88 2	16 1	56 4	59 1	67 2	35 1	2 6	57 4	68 1	28 1	37 2	38 1	14 4	41 2	34 2	6 1	58 1	22 1	5 2	12 3	83 1	46 2	51 2	75 4	42 5	73 3	10 2	54 1	85 1	86 1	27 1	13 1	25 1	74 1	30 2	79 2	78 1	82 1	89 1	45 1	33 1	21 1	61 3	80 2	24 1	72 2	55 2	20 6	66 2	49 3	84 1	3 1	32 2	65 1	48 1	76 1	1 3	47 1	7 6	39 1	15 3	40 1	19 1	9 1	26 1	71 1	52 5	29 1	69 6	17 1	87 2	70 1	63 1	11 2
58 4	50 1	17 1	79 1	86 1	16 1	25 4	20 2	44 2	3 4	39 2	36 1	22 1	62 1	8 1	66 2	12 2	33 6	19 1	27 1	31 1	35 1	68 1	73 1	43 3	80 1	87 1	10 2	88 1	21 1	46 1	6 4	74 1	52 1	48 2	70 1	38 2	11 3	32 1	4 1	56 6	75 1	83 2	42 1	51 2	26 1	14 1	69 1	5 1	82 5	76 1	9 1	13 1	53 1	2 6	81 2	41 3	71 1	57 2	47 1	67 2	37 2	89 1	60 1	23 1	0 1	1 1	85 5	77 1	72 2	59 2	45 1	54 1	63 3	65 1	55 2	61 3	30 1	29 2	15 2	64 1	78 1	40 2	7 2	24 1	34 6	28 2	84 1	49 4	18 1
43 2	24 2	33 1	15 3	1 3	49 1	42 1	71 4	72 1	41 1	14 1	5 1	32 2	13 2	86 1	34 3	62 2	65 7	79 1	29 3	63 2	7 3	89 2	40 3	57 3	9 1	80 1	46 3	76 1	73 2	22 1	60 2	45 2	52 1	64 1	85 2	54 2	82 1	35 1	81 3	44 1	59 3	61 1	75 2	48 1	77 1	8 1	30 1	55 3	88 1	4 1	74 1	28 2	68 1	84 2	27 3	20 1	87 1	23 1	19 3	36 2	31 1	21 1	18 4	3 2	50 3	26 3	67 1	10 2	51 3	38 1	11 1	16 1	17 1	39 1	25 1	12 1	2 1	53 2	6 1	83 1	47 3	37 3	69 3	78 2	56 2	66 1	70 1	58 4	0 1
2 3	16 1	38 1	11 3	50 1	55 2	72 1	89 4	33 3	66 3	47 1	74 2	3 4	21 1	43 3	86 7	64 1	1 2	49 2	53 1	71 6	24 1	6 1	40 1	45 1	63 3	28 4	75 4	14 1	23 2	56 5	81 3	85 1	82 1	34 3	27 2	0 1	10 2	25 2	39 2	84 2	18 1	57 1	68 1	65 1	60 1	22 2	19 1	62 3	76 1	31 6	15 2	77 2	88 3	12 2	46 2	67 1	59 2	5 1	9 1	42 1	7 3	29 1	20 3	69 2	32 3	17 6	54 2	36 1	79 2	83 5	52 1	44 3	48 2	78 1	8 3	13 2	73 5	35 1	30 1	51 3	4 1	41 3	80 2	26 1	37 2	58 4	61 2	70 3	87 1
35 1	57 8	36 2	12 1	28 1	85 5	78 3	44 1	22 2	71 1	41 4	38 1	9 1	61 1	62 2	46 1	60 1	55 5	21 1	34 1	59 1	63 1	13 1	11 2	48 4	69 3	51 1	25 1	8 2	76 1	65 3	68 3	58 1	10 4	43 5	45 1	54 1	30 1	84 1	7 1	56 4	81 1	79 5	37 3	89 1	15 2	1 2	16 1	18 1	88 1	24 2	75 6	27 4	40 1	19 2	29 1	74 1	31 4	87 1	86 2	0 1	47 1	52 5	73 1	17 2	66 1	6 1	50 2	82 1	14 1	77 2	67 4	70 1	80 3	39 3	72 1	64 1	33 2	2 1	49 3	20 1	32 1	4 2	23 1	42 1	83 6	5 2	26 3	53 1	3 1
56 1	7 1	32 3	49 1	64 2	73 3	69 5	28 4	88 6	46 1	25 2	59 2	30 2	68 2	77 4	58 1	78 2	11 1	41 2	35 1	81 1	5 1	62 2	42 3	31 2	82 1	75 3	60 1	50 1	21 1	40 2	3 3	8 2	34 1	0 2	66 3	89 4	44 2	53 2	36 4	43 2	23 1	71 1	14 2	37 1	61 1	12 2	18 1	47 2	67 1	74 1	80 1	76 2	79 4	29 1	10 2	27 2	20 2	33 6	2 3	4 4	19 2	17 4	86 1	24 1	70 2	83 3	26 1	87 1	55 2	13 1	63 1	65 1	6 3	84 5	39 1	22 1	45 1	9 1	72 1	15 1	48 1	57 2	51 3	85 1	52 1	16 1	1 2	38 1	54 1
70 1	2 1	37 3	6 1	76 1	17 4	46 1	11 4	72 1	78 1	27 3	26 1	45 2	44 1	39 1	12 1	64 2	19 2	24 1	32 1	53 2	62 1	47 2	57 3	58 3	28 5	55 1	20 1	25 2	75 4	4 2	30 1	52 2	59 2	54 2	51 2	42 1	29 1	66 3	50 2	33 2	82 6	74 1	48 2	21 2	81 1	73 1	71 2	77 2	61 2	69 1	8 1	23 1	14 8	18 2	68 2	1 1	9 1	80 2	49 2	89 1	56 2	15 1	13 1	3 3	65 1	35 2	63 1	0 3	16 10	83 3	84 1	38 5	60 5	36 2	31 1	41 1	85 2	40 1	86 2	43 2	10 4	88 1	5 1	87 1	79 4	22 2	34 2	67 3	7 1
11 7	12 1	79 2	28 1	64 2	57 6	62 2	36 1	27 1	46 3	25 1	44 2	58 1	19 2	85 1	39 1	53 4	38 2	23 3	41 1	51 1	84 3	4 1	87 1	74 1	42 1	20 1	1 2	80 4	37 2	43 4	30 2	54 7	60 1	18 1	89 1	77 4	73 2	13 2	2 1	55 2	56 1	17 1	7 1	9 1	88 2	78 2	47 1	52 1	86 1	32 1	40 5	69 3	76 1	81 1	83 2	21 2	45 1	3 1	65 6	6 1	82 2	34 4	67 1	48 1	26 2	5 1	75 3	49 1	72 3	16 3	15 1	10 1	22 2	24 2	0 1	66 1	61 1	68 1	33 1	31 2	59 3	70 1	35 1	71 2	63 1	14 1	8 1	50 2	29 2
4 1	25 5	67 1	9 2	6 1	59 1	73 3	29 2	1 4	31 1	11 1	36 1	89 1	24 1	70 1	61 1	57 1	75 7	35 2	5 1	14 1	26 1	13 3	0 4	83 1	65 1	48 1	37 1	42 3	72 2	49 2	85 2	79 1	33 6	45 1	62 1	44 1	77 3	16 1	18 3	43 1	20 3	56 1	38 1	60 2	3 5	54 1	88 1	30 4	52 1	86 1	34 1	87 2	46 2	71 1	80 2	82 1	78 1	84 2	27 1	7 3	58 1	23 2	2 2	47 3	41 3	17 5	19 4	40 1	22 7	74 1	39 1	81 1	53 1	8 2	51 1	69 1	64 1	68 2	50 2	15 3	32 1	66 3	28 1	63 1	21 1	76 2	12 1	10 4	55 2
3 1	12 1	47 1	83 2	59 2	84 1	38 1	48 3	71 1	4 1	1 1	56 1	14 2	75 5	82 2	65 1	89 1	49 1	85 1	69 2	11 1	44 1	60 5	81 1	68 1	61 5	37 1	13 1	55 2	62 4	42 2	29 1	8 2	31 1	66 2	30 3	40 1	67 3	45 2	50 1	51 3	87 2	28 4	18 3	17 1	6 1	54 3	64 1	88 1	52 8	86 1	73 2	20 1	7 3	53 3	23 2	74 2	0 1	78 7	79 3	9 1	43 1	32 2	33 1	57 5	41 1	63 1	24 2	26 1	72 1	15 4	16 2	19 1	22 1	36 1	21 3	25 1	70 2	2 1	46 3	80 1	76 1	10 1	35 1	27 2	58 5	5 1	39 1	77 1	34 2
43 3	9 1	31 2	28 3	70 1	15 1	69 2	27 1	42 2	36 1	22 9	35 2	64 4	86 1	60 6	87 5	32 1	72 1	2 2	39 2	85 1	21 1	12 1	56 1	24 1	46 3	26 1	13 2	16 1	20 1	81 2	62 3	23 1	83 4	38 1	59 1	10 1	49 1	17 1	37 3	48 1	6 3	80 1	45 2	76 2	73 1	75 1	71 4	1 3	47 1	19 1	82 2	52 1	84 2	74 1	50 1	7 5	63 1	40 2	11 1	79 3	33 1	67 2	0 2	78 1	61 2	29 2	34 1	3 2	8 1	65 1	41 2	54 2	44 4	14 1	57 1	68 1	58 1	4 1	55 1	25 1	66 1	18 7	53 1	51 1	88 3	89 2	77 1	5 1	30 1
77 2	48 5	86 1	78 3	73 1	32 4	37 2	82 1	29 1	3 2	60 1	47 2	61 2	44 1	27 1	76 1	33 1	31 1	62 3	35 5	23 2	52 2	9 1	58 1	30 2	38 5	71 1	75 1	5 2	46 4	11 2	22 1	69 5	70 1	87 1	45 10	17 1	80 7	28 1	14 1	57 1	13 1	81 1	34 3	79 1	36 1	0 1	43 2	74 1	84 1	68 1	40 1	67 1	54 3	26 2	16 2	18 1	64 2	4 5	10 1	83 1	8 3	15 1	65 3	63 1	6 2	1 1	41 1	12 1	42 1	55 3	56 1	7 1	2 2	66 1	20 1	50 3	39 2	51 1	88 3	89 2	59 1	19 1	53 1	24 1	25 1	72 1	21 1	85 1	49 2
74 3	85 2	54 3	66 1	47 3	2 3	39 3	51 1	22 1	50 4	70 2	11 5	44 1	71 1	41 1	23 1	5 1	31 1	40 1	14 2	21 1	83 1	53 2	89 1	88 2	24 1	27 2	26 2	20 1	81 1	80 2	8 2	42 2	29 1	9 2	6 1	60 2	52 1	32 1	56 1	68 2	36 1	82 3	33 1	37 1	76 2	46 1	10 7	35 2	16 3	13 5	48 2	0 2	55 1	63 5	69 1	28 2	67 1	77 5	19 2	17 2	86 2	65 1	84 1	7 2	61 4	3 2	64 1	73 1	75 1	30 1	34 1	59 2	43 1	57 1	79 1	12 1	62 1	4 1	87 1	49 4	15 6	78 1	45 1	38 1	1 1	18 2	25 2	58 3	72 1
11 1	73 1	52 1	88 6	57 1	0 1	50 1	79 1	26 1	75 4	30 6	19 4	38 1	29 1	13 2	77 3	56 3	63 1	72 1	8 1	64 1	41 3	43 1	74 2	9 5	60 2	36 1	49 5	66 4	42 2	46 3	86 3	22 1	39 4	20 2	17 1	33 3	14 1	25 1	81 1	78 1	32 4	15 1	5 1	53 1	37 2	47 3	69 1	51 5	44 1	70 1	62 1	55 3	54 3	6 1	48 3	2 3	82 1	31 1	80 3	58 2	84 3	1 2	12 3	83 2	24 1	27 4	85 1	3 1	65 1	10 4	59 2	67 2	89 1	34 2	40 1	68 2	87 1	16 5	61 2	35 3	76 2	18 1	4 2	45 2	28 2	21 3	23 2	7 3	71 2
1 1	12 2	5 1	21 1	50 3	36 6	8 2	14 1	49 1	69 3	33 1	63 4	46 2	56 1	87 3	65 1	72 1	22 1	83 1	60 1	79 2	32 3	54 1	39 1	86 1	30 3	0 1	75 1	76 2	20 1	45 1	10 1	73 7	37 6	42 3	31 2	71 2	66 1	84 2	80 2	81 2	3 4	6 1	70 1	16 3	24 1	40 7	18 1	13 2	47 4	59 2	4 2	61 2	55 2	25 1	67 2	17 2	82 2	19 1	58 1	57 1	2 1	64 1	78 2	43 2	23 3	29 3	38 1	26 1	88 1	48 1	44 1	89 1	77 1	51 1	53 2	27 2	62 1	9 2	35 1	15 1	11 1	34 2	74 3	7 2	52 2	41 2	68 1	85 3	28 5
19 1	87 1	3 2	60 2	43 1	56 1	1 1	75 1	49 3	16 1	32 3	88 3	69 2	84 1	15 5	7 2	64 2	47 5	11 2	46 2	65 1	54 1	74 1	80 1	20 1	29 1	52 2	21 1	12 1	85 6	66 1	67 2	9 1	58 1	48 2	76 2	14 1	61 2	41 3	6 1	18 5	73 1	35 2	26 1	77 1	38 1	28 1	71 1	10 1	33 2	86 5	42 1	34 2	72 1	36 1	63 1	68 2	30 1	79 2	55 1	50 3	31 1	39 4	24 4	44 3	51 1	13 1	70 1	17 3	57 5	82 4	89 1	83 2	2 1	0 1	40 5	62 1	78 1	25 8	53 1	27 2	81 1	22 2	23 1	37 4	45 2	4 2	59 2	8 3	5 5
85 1	19 3	21 2	65 1	22 1	33 1	38 1	31 2	66 1	55 1	58 1	48 1	28 1	8 5	35 7	23 1	68 3	30 6	88 7	67 1	16 1	86 2	70 1	5 1	76 2	3 2	62 1	73 1	82 3	53 4	11 1	4 4	9 1	39 1	84 1	77 2	7 1	74 4	47 4	54 1	34 2	14 3	72 1	44 2	51 3	64 1	78 2	59 1	46 3	83 1	56 3	42 1	32 2	41 3	26 3	0 1	69 1	45 2	27 1	10 2	60 3	57 1	15 1	1 1	89 3	87 2	20 1	43 2	75 1	12 1	63 1	71 1	50 1	80 2	24 1	2 1	13 2	61 1	17 1	29 1	79 2	6 1	18 1	49 1	52 2	37 5	25 1	81 1	36 1	40 2
84 1	42 1	13 1	21 2	35 1	58 1	24 2	16 2	6 2	25 3	17 1	1 2	45 2	33 1	62 3	57 5	55 2	70 3	49 1	86 4	78 1	18 2	34 3	31 1	50 1	4 1	47 5	69 2	54 2	2 1	9 2	46 2	76 1	73 1	14 3	0 3	5 5	20 1	28 1	63 4	88 1	82 2	44 3	29 4	65 1	11 7	22 1	56 3	77 3	72 1	59 4	36 1	80 1	79 1	40 1	87 1	66 1	64 1	10 2	7 3	67 1	53 3	30 1	43 2	37 4	23 3	89 10	71 4	41 1	38 2	74 2	60 3	19 3	26 4	61 1	32 1	15 2	68 1	12 1	81 1	39 1	48 1	8 1	85 1	51 2	75 1	83 1	27 3	52 2	3 2
73 3	2 3	19 1	81 3	86 5	30 1	46 1	6 3	59 2	52 2	0 3	33 1	74 4	80 2	70 1	78 3	77 4	8 1	3 1	72 2	65 2	9 1	68 2	36 1	79 2	60 1	14 1	10 1	82 1	39 2	62 4	63 1	28 10	12 4	61 1	21 2	27 1	24 2	50 1	87 2	34 1	44 4	23 4	41 2	88 1	55 1	69 2	71 1	31 10	85 1	26 2	43 3	22 1	64 1	54 1	4 3	67 2	20 1	89 2	7 1	56 2	57 1	11 4	45 2	35 1	42 1	75 1	1 2	58 3	48 1	32 1	76 1	83 6	84 1	15 2	66 1	51 1	37 2	25 2	49 2	40 1	18 1	29 2	47 1	13 1	16 3	38 1	53 1	17 1	5 1
26 4	64 1	73 5	19 1	23 1	78 1	61 4	5 2	84 3	74 3	89 1	25 2	31 3	2 4	55 2	81 5	57 1	47 3	11 1	6 3	36 4	70 2	48 2	43 1	24 1	27 1	20 2	80 2	16 1	15 1	59 1	32 2	56 2	45 1	4 2	53 1	51 3	33 2	12 1	69 1	86 1	38 1	71 1	77 2	40 3	3 1	35 4	66 1	52 2	85 1	63 1	88 2	37 3	29 2	54 1	60 2	1 2	13 1	22 1	82 1	0 2	39 1	41 1	18 1	8 4	10 1	21 3	34 1	17 1	75 1	58 1	87 1	76 8	44 2	83 2	7 3	72 6	28 1	67 1	14 2	68 2	9 1	65 1	62 1	50 3	46 1	79 2	30 2	42 2	49 5
59 1	79 2	72 1	64 3	69 1	50 1	10 1	7 3	17 1	86 5	55 2	85 1	78 1	89 1	27 1	6 2	35 5	28 3	76 1	34 1	75 1	18 2	81 1	2 1	0 2	3 1	42 5	52 3	26 1	5 2	60 1	66 1	31 1	67 2	19 2	45 3	9 3	14 2	1 4	49 4	38 1	87 1	33 1	61 3	29 2	51 4	74 1	36 2	24 1	56 2	44 2	32 1	65 3	84 2	58 1	4 3	15 4	39 1	46 2	30 1	71 2	62 1	16 1	22 2	88 2	77 1	68 1	63 1	54 3	82 9	57 3	53 1	83 1	80 2	13 1	23 3	48 2	11 2	47 4	43 1	73 2	40 3	70 1	20 1	21 1	41 1	12 1	8 2	25 1	37 1
55 3	83 5	60 1	2 1	76 1	44 1	75 1	16 2	51 1	15 1	6 2	13 1	1 2	41 1	33 1	45 2	84 1	31 2	86 1	59 1	43 1	72 3	53 1	87 2	30 1	26 1	48 2	27 2	23 1	74 2	39 5	56 1	36 2	69 3	65 2	49 6	61 1	8 5	0 1	63 2	71 2	68 4	50 2	10 1	52 8	29 1	34 1	32 4	4 5	24 4	21 4	80 3	7 3	47 1	25 5	64 1	82 2	19 2	73 2	11 2	3 2	22 5	35 1	78 2	89 3	46 2	28 1	20 1	12 1	9 1	57 2	17 1	85 2	14 1	81 1	66 1	79 1	88 6	38 3	18 1	58 3	62 1	37 12	40 1	5 3	77 2	67 1	70 3	54 2	42 1
35 2	2 2	10 2	21 2	3 1	32 1	44 3	4 2	31 1	37 2	45 1	25 6	77 3	67 2	87 1	14 4	82 3	0 1	72 1	80 2	76 2	73 1	60 1	12 1	51 1	20 1	58 1	15 2	68 1	17 3	78 2	74 2	64 1	84 1	89 1	65 3	71 2	27 1	75 1	34 3	85 3	38 1	81 1	61 3	50 2	69 2	1 1	29 2	5 1	24 2	47 2	59 1	57 3	42 1	39 1	30 3	36 1	16 2	13 3	6 1	48 1	55 3	56 1	83 2	66 1	22 1	43 1	11 1	23 5	86 3	53 5	46 1	41 2	40 2	18 3	63 1	19 3	88 1	33 4	49 1	8 2	52 6	28 4	54 2	26 3	79 3	62 1	70 1	7 2	9 1
84 1	0 2	21 2	40 3	74 1	12 2	15 1	22 1	1 3	25 1	79 7	87 2	57 2	48 5	67 3	83 1	53 2	68 1	50 3	77 1	41 2	8 2	35 1	59 1	28 1	70 2	54 1	30 1	16 1	38 2	33 4	13 1	39 5	43 1	46 2	85 1	10 3	81 3	75 4	58 1	23 1	5 5	20 2	66 1	9 1	73 1	71 4	47 2	88 4	19 2	14 2	49 3	3 1	37 2	52 4	27 4	51 1	63 4	78 1	34 1	89 2	18 2	4 1	62 3	72 1	55 1	32 2	45 3	64 1	17 2	82 2	60 1	6 1	69 1	42 2	29 1	80 2	56 1	7 2	24 2	2 1	26 1	61 2	36 2	76 1	86 3	11 6	31 1	65 1	44 1
81 1	79 2	47 2	72 1	87 2	27 2	88 1	67 2	59 1	57 1	77 2	26 2	46 1	19 1	1 2	51 1	12 1	56 1	6 3	60 1	22 2	17 1	21 7	61 2	68 1	11 4	14 1	39 2	73 1	45 1	53 1	18 1	31 1	33 1	7 1	85 1	55 3	28 3	4 1	49 1	84 3	76 1	34 1	37 1	86 1	32 2	10 1	78 1	35 1	2 3	71 2	80 2	20 3	75 1	54 2	15 1	44 1	83 1	89 2	69 1	5 1	41 1	8 4	3 3	13 4	9 1	30 1	63 1	36 2	16 1	40 2	24 1	29 1	0 4	25 3	43 3	23 1	42 1	50 2	38 1	70 1	58 3	82 1	52 1	65 2	64 4	48 2	74 3	66 1	62 3
1 1	76 1	39 5	45 1	68 1	5 1	72 2	87 1	44 1	21 1	17 3	62 2	36 1	28 1	18 3	19 6	63 2	55 3	66 1	12 1	78 2	67 1	11 1	37 1	88 1	43 1	50 1	15 1	33 1	46 2	86 2	22 1	30 5	77 2	82 1	49 1	4 1	60 1	51 6	32 1	25 2	6 3	27 2	3 6	8 2	16 2	52 1	70 4	71 1	81 1	20 2	58 1	79 5	47 1	57 3	31 1	59 2	10 2	26 1	23 1	54 2	9 2	56 1	73 2	41 6	38 1	48 2	34 1	53 7	13 3	85 3	75 2	74 3	29 5	89 1	35 3	69 1	42 1	64 2	14 2	24 1	40 1	83 1	84 2	61 1	0 1	7 4	65 2	80 4	2 2
15 1	79 1	70 1	63 2	28 4	11 3	23 1	12 4	17 1	34 2	38 1	58 1	81 4	32 3	57 2	3 1	5 1	61 2	22 1	47 1	52 2	59 1	33 1	44 1	7 1	69 4	14 6	29 2	6 3	27 1	86 1	16 1	67 4	4 1	50 3	68 1	51 1	13 2	74 1	0 2	72 2	26 3	71 2	40 1	62 1	73 2	45 1	87 2	20 4	76 1	80 1	83 1	75 1	48 3	77 1	30 2	21 1	41 2	10 3	42 2	19 1	55 2	39 1	88 1	2 4	84 1	9 3	65 1	25 1	85 1	8 3	43 1	53 1	78 3	24 1	36 2	66 2	82 1	46 1	35 3	49 1	60 3	89 4	31 1	18 2	64 1	37 1	54 3	56 1	1 2
23 1	43 1	28 4	76 2	88 2	17 1	46 2	67 1	47 2	33 3	59 2	41 4	34 5	60 1	6 1	18 1	48 2	45 1	51 1	14 1	56 5	42 1	73 1	4 1	25 1	69 3	49 3	37 1	36 1	80 1	83 1	71 2	89 1	0 1	5 1	58 3	53 1	82 1	61 2	31 1	35 2	66 3	78 1	52 2	79 1	12 3	68 6	70 1	27 2	38 3	2 4	44 1	26 4	74 1	16 2	10 1	39 2	3 2	64 1	8 1	7 1	30 3	62 2	87 1	77 1	86 3	32 3	15 1	21 2	20 1	54 1	22 5	55 1	11 2	19 2	84 2	63 1	85 3	13 3	57 1	9 1	24 2	65 3	40 1	1 1	75 2	29 1	72 1	81 1	50 3
36 1	3 2	54 1	46 5	81 1	76 1	22 2	10 1	59 1	33 2	61 1	79 1	35 2	55 5	78 3	48 1	9 1	53 1	69 3	77 3	1 5	19 1	5 1	14 4	84 1	11 4	70 1	62 8	13 1	89 2	52 3	49 1	4 2	86 3	60 1	82 3	32 2	73 1	74 1	38 3	83 1	25 1	17 2	8 1	43 1	56 1	2 2	12 1	44 1	45 1	37 3	0 4	58 1	34 1	42 1	6 1	20 2	7 1	65 2	50 1	39 1	21 3	63 1	75 1	24 4	16 1	68 2	66 1	64 1	51 2	18 2	15 1	88 3	57 2	80 3	85 1	30 6	28 2	31 8	71 1	72 3	26 2	41 1	40 1	29 2	67 2	27 1	23 3	87 1	47 1
25 1	44 1	82 1	27 3	85 2	62 1	81 1	49 5	75 1	63 1	37 2	46 3	57 1	84 2	7 1	78 4	60 1	41 1	15 1	43 1	50 1	24 1	47 3	48 3	2 2	54 1	65 1	38 2	11 1	72 1	16 2	12 1	79 4	89 1	45 1	23 3	17 1	52 2	59 2	42 1	67 1	6 1	58 2	74 3	1 6	32 1	61 2	28 1	20 1	13 1	53 2	70 1	8 1	88 1	26 1	35 1	66 1	34 1	36 1	22 1	31 1	18 2	77 1	10 3	33 1	39 4	69 2	21 1	29 2	30 1	68 1	5 3	0 1	9 3	51 1	83 1	87 1	55 1	71 1	64 1	76 1	3 1	80 2	19 3	73 1	4 3	86 1	40 2	56 1	14 3
78 1	84 1	40 1	18 1	10 1	49 1	66 2	87 1	79 1	20 4	33 2	16 1	14 2	24 1	61 4	76 1	5 1	74 1	52 2	15 2	36 2	88 1	83 2	46 1	38 1	68 3	42 2	55 1	62 1	39 1	34 1	35 1	0 1	86 2	23 3	19 1	60 3	47 1	50 2	58 1	75 4	53 1	82 1	17 1	51 1	81 3	80 2	2 2	63 1	65 3	67 1	27 2	32 2	3 1	6 1	77 2	57 1	41 3	70 2	73 2	43 1	21 1	12 1	26 4	71 2	56 1	9 3	44 1	69 1	1 6	72 3	28 1	31 1	11 6	4 7	8 3	48 2	29 9	30 1	59 1	89 2	64 1	45 2	85 3	37 5	54 4	7 1	22 3	25 1	13 3
0 1	72 1	40 4	19 1	80 1	63 1	73 1	58 2	21 1	9 1	22 1	12 1	86 2	85 1	82 1	6 2	52 4	23 3	60 1	35 1	79 1	78 1	13 4	37 2	30 1	33 1	83 2	88 10	68 2	34 3	2 2	64 1	42 2	32 6	28 3	43 2	7 1	53 1	54 1	41 3	59 4	74 2	70 2	36 1	48 2	71 3	14 3	77 5	27 1	76 1	67 1	16 1	65 1	61 3	8 1	89 4	31 1	55 1	47 1	45 1	3 1	18 2	1 1	49 2	50 1	17 1	81 1	57 4	44 1	4 1	46 4	20 4	56 4	26 1	38 1	51 8	87 4	39 1	69 1	75 1	24 1	62 1	10 3	29 3	11 2	66 1	84 8	15 1	25 5	5 1
56 1	3 2	63 2	39 4	42 3	78 2	61 2	36 1	40 2	24 1	74 1	34 1	17 2	21 1	51 3	29 2	59 2	62 3	55 2	49 1	83 3	12 2	20 1	16 4	14 1	50 1	23 1	6 2	54 1	26 2	15 1	38 2	33 2	64 1	31 3	69 1	53 1	68 2	1 1	13 1	44 1	57 3	27 5	22 4	67 2	60 1	73 1	37 1	77 1	70 2	89 5	48 1	8 1	41 1	25 1	45 2	81 6	35 1	0 2	32 1	7 1	84 3	75 1	72 2	71 1	65 1	86 1	66 4	28 1	85 1	47 1	58 2	76 2	52 2	80 7	10 2	5 1	30 3	82 3	87 3	88 2	19 2	46 2	9 1	4 3	43 2	2 2	11 2	79 2	18 2
10 1	31 3	2 1	20 1	78 8	5 3	41 1	34 1	42 1	49 1	86 8	36 1	1 1	55 4	83 1	82 1	39 3	47 1	38 1	53 5	48 2	28 1	25 1	54 1	73 5	87 2	52 1	27 3	81 4	37 2	57 1	68 1	9 1	56 1	63 6	16 1	67 1	88 3	62 2	29 1	65 4	71 2	7 1	8 2	18 1	19 1	22 1	50 1	74 1	6 2	21 1	46 2	0 1	26 1	13 4	32 2	66 2	17 2	40 2	72 2	77 1	85 1	4 1	15 2	61 4	76 1	35 1	58 1	75 2	43 2	45 4	80 1	70 3	3 1	79 2	14 3	51 3	64 3	60 2	84 1	44 2	24 1	23 8	33 2	89 1	59 2	12 2	69 1	11 3	30 2
5 2	68 3	36 4	14 1	66 2	0 5	58 2	34 1	84 1	67 1	75 7	56 1	6 2	55 1	8 2	3 1	65 2	1 3	45 2	43 2	61 3	57 1	23 4	18 1	29 2	7 3	71 1	79 1	86 1	63 3	42 5	38 1	40 1	87 4	52 2	39 1	25 1	35 2	37 1	41 1	12 1	2 3	88 1	76 4	50 2	22 1	48 1	78 8	82 1	69 1	49 1	24 7	15 1	4 1	70 5	20 1	77 2	64 1	19 1	47 2	27 4	74 2	62 2	46 1	10 1	81 1	17 7	53 3	83 3	32 3	28 1	31 1	54 2	13 2	26 5	11 3	60 1	16 1	85 5	59 2	44 1	80 2	72 1	9 4	51 2	73 1	21 2	30 2	33 2	89 1
4 1	29 2	41 1	10 1	77 1	32 3	53 2	89 1	51 1	30 1	44 2	42 1	2 2	33 1	60 2	81 1	55 4	74 1	75 1	37 2	64 1	19 1	47 1	67 2	28 1	17 1	43 1	21 1	38 3	83 5	78 1	16 1	71 2	20 2	62 4	57 1	65 1	40 1	87 1	14 3	31 1	61 2	76 1	36 2	59 1	68 3	52 1	84 5	0 6	23 3	15 1	35 1	39 4	72 1	54 2	3 6	25 1	45 2	22 4	86 2	58 2	5 3	7 2	9 1	69 1	48 3	12 1	85 2	1 1	24 2	26 1	6 1	13 3	70 3	63 1	18 1	8 1	27 1	50 1	46 2	66 1	34 3	11 5	80 1	79 2	73 2	56 2	82 1	88 1	49 2
44 1	37 2	17 2	19 1	69 1	10 3	34 1	5 1	35 3	74 4	38 1	55 2	49 1	41 2	72 4	26 1	4 2	75 7	20 2	60 1	42 1	36 1	59 4	11 5	67 2	29 1	3 2	24 1	32 7	18 1	8 6	1 3	88 4	50 4	23 1	40 4	21 2	86 6	7 1	66 1	28 2	47 8	89 1	78 1	62 3	73 1	68 2	83 1	58 3	76 1	85 1	77 1	71 1	46 1	51 4	84 1	56 1	61 1	43 4	27 1	65 3	39 1	81 1	22 1	30 1	70 2	80 1	57 1	33 4	15 1	14 1	12 1	9 2	52 1	54 1	53 1	64 3	16 3	0 1	25 6	13 1	63 1	82 2	45 2	48 3	6 1	79 1	2 1	87 1	31 1
23 1	13 2	4 2	84 2	83 3	51 2	14 1	89 1	78 2	31 1	42 1	59 1	18 2	39 2	44 2	77 2	50 1	0 2	71 2	26 2	7 1	8 2	5 1	24 3	17 1	70 1	30 2	12 1	56 1	74 1	10 2	55 1	54 2	60 1	73 1	22 2	81 1	47 1	85 2	79 1	15 1	9 1	63 1	11 4	27 1	66 2	68 1	2 3	16 1	86 1	58 2	41 1	65 5	48 4	67 1	36 3	80 1	76 1	88 1	32 2	57 3	72 1	38 2	25 2	52 3	37 3	33 3	20 1	19 1	61 1	40 5	45 1	82 1	34 1	6 1	49 1	53 2	87 3	35 1	75 1	69 1	62 1	29 2	46 1	3 1	43 4	64 4	28 2	21 3	1 1
76 2	9 2	58 2	30 1	48 2	27 2	87 5	68 2	10 1	54 5	24 4	31 1	86 4	67 1	85 1	73 1	4 1	28 2	63 1	15 1	83 1	35 4	52 2	16 3	61 2	45 5	47 2	11 1	6 1	22 2	32 2	79 1	33 1	7 1	59 2	69 2	29 7	71 1	26 2	53 4	44 1	65 1	20 1	55 4	56 1	42 1	50 1	12 3	38 2	82 1	49 2	36 1	2 1	72 3	46 2	40 2	23 1	75 1	81 1	37 1	89 4	5 3	17 5	60 2	43 2	18 1	21 2	14 3	64 3	70 1	0 1	8 4	51 2	84 1	13 3	57 1	78 2	1 2	41 1	39 1	25 2	77 2	74 1	80 1	3 4	19 1	88 2	34 1	66 2	62 1
29 1	86 2	65 1	33 4	22 1	26 2	50 2	17 1	52 1	84 1	20 1	74 1	81 3	87 1	85 1	38 1	53 3	71 1	12 3	34 1	11 2	69 2	36 1	37 1	51 2	75 6	57 1	45 3	63 1	4 4	89 3	31 1	10 2	8 1	27 5	44 1	83 2	46 1	9 1	16 2	39 1	70 4	28 1	24 1	2 2	60 1	79 1	5 2	3 2	25 2	61 1	56 1	49 2	73 2	23 4	32 1	55 1	1 1	21 1	62 3	80 7	78 1	18 7	77 3	7 5	30 1	88 1	64 1	14 4	48 1	82 1	43 1	41 1	72 10	0 2	76 1	13 1	19 1	59 1	47 1	66 1	68 1	54 4	35 1	15 1	67 1	58 3	42 2	6 1	40 2
12 3	71 4	82 1	2 7	6 2	51 1	81 3	76 1	58 1	40 2	29 1	11 1	47 6	45 1	17 1	79 1	43 2	50 4	89 6	68 1	39 1	10 1	22 1	52 3	25 2	53 1	84 3	18 7	80 2	54 2	44 3	8 6	19 1	87 1	86 1	0 6	35 6	14 1	61 1	21 1	64 4	66 3	9 1	63 1	15 1	23 2	28 5	33 1	69 1	42 2	70 1	36 6	60 1	59 2	27 3	56 3	5 3	62 3	4 2	31 1	83 2	73 2	13 2	1 2	7 3	78 1	74 1	49 1	32 2	75 5	46 6	41 1	16 1	88 2	30 2	20 2	57 2	24 5	38 3	65 2	67 1	3 2	26 1	72 1	48 1	55 1	85 3	77 3	37 1	34 2
51 1	68 6	55 1	47 4	52 1	45 2	30 1	20 4	37 1	84 3	87 1	86 2	38 10	24 1	71 1	1 2	33 1	76 1	46 1	17 2	50 2	36 1	31 1	54 1	85 3	56 1	59 1	25 1	66 5	62 1	41 2	21 1	80 2	60 5	72 1	18 4	27 1	78 1	8 1	89 1	83 2	28 2	64 1	5 1	48 1	53 1	82 2	77 2	69 2	14 1	19 2	35 2	75 1	49 6	43 3	22 1	23 1	4 1	34 1	32 2	81 11	73 1	88 1	10 1	79 2	63 2	2 3	70 1	15 2	61 2	0 2	16 1	6 8	7 1	39 2	57 3	40 2	29 2	12 3	13 1	58 3	74 2	44 4	42 1	11 1	3 2	67 1	9 1	26 4	65 3
79 1	24 1	30 2	35 3	28 2	14 1	32 1	59 1	2 1	21 1	23 2	39 4	38 2	85 2	26 1	74 1	15 1	70 1	83 1	86 1	57 1	78 3	9 1	62 4	76 1	18 2	47 2	13 1	3 2	58 1	89 5	71 1	19 2	45 1	68 1	11 1	81 1	77 2	43 2	40 3	80 1	27 1	88 1	41 3	6 6	55 7	34 1	16 1	10 3	8 2	63 1	67 1	82 1	17 1	0 1	5 1	48 1	49 1	46 2	20 3	52 1	69 2	29 1	64 1	53 1	72 1	73 1	36 3	7 1	12 1	33 1	42 2	31 2	44 1	25 1	4 1	22 2	1 2	37 3	54 1	66 4	60 2	75 1	56 2	65 1	84 1	87 1	61 2	50 1	51 1
62 1	33 2	30 1	80 2	72 1	5 1	86 1	83 1	57 2	45 3	47 3	46 2	44 2	19 1	15 1	73 2	38 1	77 1	35 3	55 1	27 2	82 1	78 2	59 1	79 1	26 1	89 3	42 3	10 2	50 2	68 1	11 6	56 2	24 1	36 1	31 2	63 2	54 1	60 4	28 4	3 2	6 1	85 4	43 3	48 1	37 2	70 2	1 1	4 1	16 2	8 1	76 2	65 2	71 1	40 1	41 1	14 4	29 1	88 3	61 2	20 1	18 2	74 2	2 1	22 1	49 1	32 2	13 1	84 1	7 1	39 2	66 6	53 1	58 1	75 2	23 1	81 2	9 1	12 2	25 2	17 1	0 1	21 1	34 2	69 4	52 5	87 1	64 1	51 1	67 1
14 2	7 1	62 3	1 2	46 3	12 1	31 1	44 1	75 2	34 2	80 1	77 1	9 1	29 3	63 1	36 1	59 2	70 2	6 1	22 1	28 2	20 1	5 1	50 3	26 1	89 1	54 1	87 5	4 2	72 11	8 1	42 1	47 2	82 1	51 1	41 8	10 2	71 1	76 3	74 5	61 6	84 3	45 3	79 1	17 3	68 2	30 1	85 1	25 1	56 1	81 1	11 2	3 1	18 1	38 2	13 5	49 1	43 2	64 1	39 1	65 1	33 1	48 2	21 4	53 2	83 1	78 1	2 2	69 1	52 1	35 1	23 1	40 1	57 3	24 2	16 1	55 3	66 1	73 3	60 2	0 1	37 1	27 2	86 1	19 9	58 1	67 6	88 2	15 2	32 1
69 7	34 7	31 2	48 1	47 1	89 3	45 2	13 1	35 3	8 1	49 1	25 3	61 1	44 1	23 2	19 2	65 1	75 1	10 1	37 2	78 1	15 3	14 1	77 2	68 3	81 1	56 1	28 3	20 4	63 1	5 2	29 3	27 2	76 4	26 3	74 1	86 1	21 1	52 4	22 3	1 1	2 2	66 1	72 1	6 1	54 1	73 1	0 1	46 5	64 2	51 5	39 1	83 6	88 2	41 1	71 1	33 1	50 1	43 1	9 3	36 3	38 2	55 1	16 2	4 2	87 1	79 6	11 1	58 1	7 3	59 3	67 3	84 2	57 2	53 2	60 1	18 1	3 1	70 1	85 4	32 1	40 2	42 2	17 3	82 3	24 1	80 3	30 3	12 1	62 1
87 3	64 4	68 2	86 1	6 1	72 1	43 7	50 1	81 1	53 1	60 4	70 2	84 1	77 1	9 1	0 3	8 1	66 1	22 1	31 1	36 2	30 5	58 4	28 1	73 1	61 1	20 4	48 1	2 2	34 2	80 1	83 1	35 1	13 2	49 1	15 1	39 1	59 1	46 1	47 1	23 2	12 3	69 1	10 2	32 1	85 1	21 2	25 6	24 5	40 2	52 1	44 2	55 1	29 1	65 1	71 1	54 1	41 1	63 2	75 3	26 1	16 2	3 4	4 2	14 2	19 1	89 2	42 2	18 1	33 1	37 4	78 1	51 2	76 1	56 3	5 5	67 2	7 1	79 1	1 1	57 1	38 2	82 3	17 1	11 1	62 1	88 2	27 3	74 1	45 3
44 3	27 1	72 2	34 2	11 1	83 3	84 2	13 1	54 2	7 1	56 2	42 2	23 3	2 4	0 6	32 1	87 2	15 2	33 6	78 2	25 2	60 1	41 1	48 1	22 1	75 2	5 1	61 5	64 3	79 3	1 1	19 1	80 2	26 3	65 1	82 2	74 1	47 2	66 1	38 2	62 1	17 1	3 4	37 1	86 1	85 2	14 1	69 2	51 3	12 3	10 2	8 1	18 3	71 3	39 2	68 1	28 1	76 1	40 1	9 2	24 1	55 3	59 4	70 1	58 2	35 2	57 2	36 1	49 3	77 4	31 4	16 1	50 1	43 2	29 1	89 4	46 1	45 3	67 1	63 2	81 1	30 2	52 1	20 2	21 2	53 1	6 2	4 6	88 2	73 3
85 3	20 1	14 3	54 2	45 1	29 1	59 1	39 2	79 1	84 1	75 1	8 1	76 5	52 2	71 1	74 1	13 1	30 2	87 2	35 4	65 4	64 2	82 2	67 1	27 5	68 1	12 2	86 1	43 3	21 3	78 1	6 1	57 3	80 2	15 1	49 1	46 3	63 2	73 1	53 1	4 1	28 2	11 1	5 1	17 2	32 1	25 4	31 1	44 3	77 2	23 1	81 1	36 1	47 1	41 4	62 1	3 4	33 1	83 1	66 2	51 1	0 2	16 6	38 1	88 1	55 1	48 1	22 1	9 1	2 2	61 3	69 1	26 1	50 2	1 2	18 1	72 1	40 1	7 1	24 4	70 2	58 3	19 2	60 1	56 1	34 2	89 1	42 1	10 2	37 1
68 1	51 2	13 2	11 1	88 2	12 6	27 3	30 3	7 1	10 1	25 2	8 1	65 3	3 1	33 5	28 2	48 2	79 1	55 4	29 2	52 14	38 1	71 2	43 1	78 1	19 1	20 1	80 1	45 1	1 1	70 1	72 2	31 1	63 1	85 2	54 9	76 2	84 2	60 1	89 3	18 1	57 2	4 4	0 2	66 3	86 1	42 4	23 2	40 3	62 1	77 2	39 2	56 1	41 1	2 1	58 3	21 2	50 1	59 1	32 1	47 2	64 6	74 1	36 1	24 1	83 2	15 1	6 2	81 1	61 6	16 1	5 4	35 4	14 1	46 1	34 3	37 1	73 1	87 3	53 1	26 2	82 6	49 5	67 2	75 2	9 2	69 2	44 1	22 5	17 3
52 1	10 2	57 2	6 1	8 1	89 3	81 2	18 2	71 1	40 1	3 2	72 3	73 1	50 2	2 3	62 1	80 1	44 1	9 1	61 1	12 2	68 1	49 1	83 1	26 1	59 1	53 2	37 1	47 1	78 1	32 1	88 1	14 2	65 1	66 1	24 2	75 3	48 1	33 1	19 6	69 1	51 2	42 1	36 2	22 1	17 1	60 1	46 1	35 4	56 5	86 1	64 1	16 7	0 1	28 2	70 2	30 1	45 1	38 1	25 1	5 2	58 4	74 2	4 1	15 5	27 4	21 1	39 1	77 4	20 1	87 1	41 5	1 2	82 3	84 2	63 1	79 1	43 1	31 3	13 6	55 1	34 3	85 1	7 2	67 2	29 1	54 1	23 2	11 2	76 1
50 2	59 1	82 3	36 2	4 1	30 2	39 3	66 8	48 16	42 1	29 4	62 1	12 1	88 2	72 5	33 4	58 2	6 1	71 1	69 3	55 5	52 2	14 1	49 1	45 2	78 2	84 4	51 3	57 2	87 3	68 1	65 2	23 1	18 1	83 2	38 2	1 3	44 1	20 2	22 1	79 1	31 1	74 6	2 1	64 2	9 2	43 1	46 4	70 1	5 1	15 1	13 4	89 2	34 1	32 1	26 1	37 1	56 3	54 3	41 2	24 1	19 1	0 1	25 2	76 2	67 1	11 1	35 1	77 2	73 1	80 1	10 1	40 2	27 3	16 1	3 1	63 1	75 1	28 3	81 1	86 2	61 1	85 2	60 1	21 2	7 4	47 1	17 2	8 1	53 1
30 2	18 1	43 5	50 1	63 1	81 2	88 1	85 1	82 3	68 2	29 3	45 1	66 1	35 2	74 4	71 1	73 1	87 1	33 1	6 3	40 1	1 2	8 4	58 1	7 5	75 2	79 1	37 1	72 2	20 3	31 2	0 1	12 2	14 1	19 3	25 5	52 1	21 1	41 1	13 1	27 1	59 3	42 2	69 1	70 1	3 4	34 1	49 3	51 1	39 1	53 1	23 1	28 4	44 2	60 3	16 2	89 2	65 1	64 3	80 1	10 1	55 2	56 1	48 1	15 2	67 2	11 3	47 2	83 2	86 1	26 2	61 2	78 2	32 2	62 2	2 2	57 1	9 1	76 1	4 1	54 2	77 1	17 2	5 1	36 2	46 1	24 1	84 2	38 1	22 4
74 2	84 1	88 1	69 4	70 2	45 2	37 5	14 1	35 2	41 1	52 1	0 1	6 2	56 2	54 3	31 3	80 5	39 1	65 1	26 2	47 3	86 1	44 2	75 1	42 1	20 5	49 2	10 1	2 1	13 5	43 1	29 1	61 1	23 1	3 1	57 1	53 3	16 2	8 1	51 2	59 1	87 1	38 1	62 6	22 1	28 1	66 3	67 1	9 1	85 1	18 1	48 3	30 2	60 1	64 1	4 1	46 1	40 1	33 1	25 2	5 2	12 4	50 7	63 1	83 3	36 1	58 1	27 1	7 1	71 2	21 1	34 3	1 1	24 2	17 1	76 3	73 3	72 5	15 1	19 2	77 2	78 1	81 1	89 1	32 1	68 1	11 2	55 1	79 3	82 3
49 2	45 6	50 1	63 5	76 4	43 2	60 1	57 1	87 1	70 5	46 1	72 1	12 2	31 1	8 2	61 1	85 5	2 2	29 3	17 1	20 2	67 2	16 2	69 1	64 1	73 2	39 4	40 1	28 9	55 2	18 1	35 1	82 2	81 1	15 1	56 1	27 3	59 1	80 4	21 2	26 2	54 1	24 4	68 2	78 3	42 1	3 1	25 1	65 2	71 1	32 1	88 2	11 2	79 1	44 2	89 2	33 5	14 2	0 1	5 2	53 2	66 1	48 1	23 2	7 1	19 1	74 4	41 2	4 1	62 1	6 6	51 4	1 2	37 4	13 2	10 1	9 4	36 3	34 1	84 4	38 2	52 2	22 1	30 1	77 1	86 2	83 4	58 5	47 1	75 6
