70	90
31 2	12 2	3 1	85 3	49 2	19 4	51 1	25 2	64 1	61 1	72 1	10 1	52 1	80 2	87 1	43 2	4 2	11 1	86 3	33 1	76 5	39 2	13 1	56 1	32 2	27 5	17 1	23 1	15 3	35 2	41 5	36 3	16 3	89 3	68 1	58 2	57 1	46 1	65 2	62 1	63 1	88 2	37 3	22 4	53 1	78 1	54 1	50 4	21 4	73 2	60 2	84 2	69 1	20 2	14 1	74 1	71 1	70 1	2 1	6 5	29 1	66 1	75 2	83 1	44 1	45 1	55 4	77 1	48 1	30 4	5 2	26 3	67 1	40 2	81 5	79 4	59 3	38 2	0 1	34 1	7 1	24 1	28 3	18 4	1 1	47 4	82 3	9 2	42 1	8 1
31 1	18 3	36 1	9 1	80 1	1 2	75 3	46 2	64 1	50 1	42 3	12 1	37 3	21 6	45 2	44 1	76 1	27 1	28 2	58 2	30 1	19 2	71 3	48 2	70 2	0 5	14 3	59 2	69 2	66 4	78 2	43 1	34 3	33 3	68 2	54 7	8 2	79 1	4 1	82 1	13 3	52 1	40 2	3 1	23 1	57 1	38 2	73 1	35 1	63 2	53 2	29 1	26 1	61 5	7 1	41 1	86 1	39 2	17 1	16 5	81 3	85 2	74 1	11 1	62 3	65 1	77 2	55 1	6 5	84 1	56 1	89 1	32 1	20 4	51 1	67 1	88 1	25 1	24 3	83 1	5 1	60 1	47 1	72 1	22 4	10 5	87 2	15 6	2 6	49 1
81 2	39 1	9 2	40 1	34 2	49 1	35 3	67 2	83 2	12 3	14 6	72 1	60 1	29 5	77 1	41 2	63 1	24 1	89 4	19 1	78 1	18 1	59 7	75 1	22 4	7 2	58 1	79 2	16 1	82 4	47 1	88 2	2 2	20 2	56 2	65 2	69 1	0 2	57 2	43 6	21 1	17 1	15 3	51 1	3 1	61 2	28 1	33 5	73 3	71 3	48 7	68 4	44 4	74 1	87 5	80 2	11 4	54 1	66 1	1 1	6 2	84 1	53 2	30 1	25 1	42 1	38 1	50 4	31 3	4 2	85 1	64 2	62 1	76 1	37 1	70 3	10 1	27 6	26 1	36 2	52 2	8 1	23 1	13 2	55 2	32 1	46 1	5 3	45 1	86 1
36 1	39 1	3 1	13 1	28 1	35 1	16 4	87 2	45 1	60 2	30 1	25 4	43 1	68 1	48 2	41 2	85 1	27 2	54 1	2 4	89 1	65 1	24 3	55 1	70 1	53 1	73 1	66 1	88 1	64 1	31 1	11 1	78 1	62 2	21 1	34 3	67 1	17 2	61 1	80 1	44 3	83 1	26 1	57 9	33 1	69 1	4 2	38 4	14 1	29 1	23 2	76 1	63 1	84 2	12 3	52 1	37 1	22 2	72 6	77 1	58 3	9 1	74 3	40 1	42 2	5 1	6 1	7 1	51 3	86 1	79 2	0 1	15 2	50 2	19 1	82 1	81 2	49 2	75 2	1 4	56 4	71 2	18 2	46 1	47 4	20 1	59 3	10 5	32 1	8 1
54 1	52 2	1 1	39 2	33 1	85 1	67 1	55 1	64 2	6 4	42 2	11 1	36 1	77 1	31 4	35 1	14 4	45 1	72 3	57 2	23 2	3 2	82 2	4 3	63 1	62 3	76 1	41 1	7 2	24 2	84 1	18 1	71 2	16 1	13 2	0 4	5 2	38 1	56 1	69 1	12 2	83 1	88 1	60 2	89 2	8 3	81 1	28 2	9 1	73 1	50 2	58 1	68 3	66 1	53 1	51 2	37 2	29 1	78 2	27 2	25 2	26 1	40 1	2 5	19 3	10 2	15 5	21 1	46 1	30 2	17 1	47 2	32 4	34 4	65 2	43 2	86 3	80 2	59 2	22 1	70 1	49 1	79 4	61 3	44 4	74 2	87 1	20 1	75 1	48 4
50 2	66 2	42 1	88 1	67 2	6 1	77 1	49 1	14 3	65 1	48 1	59 2	51 1	89 1	32 3	73 2	31 4	19 2	72 4	68 1	53 1	70 1	35 1	62 1	30 1	69 2	11 1	8 1	16 1	56 2	24 3	52 4	55 1	27 3	13 5	41 3	34 1	83 1	46 2	12 1	85 6	74 3	64 3	58 3	84 1	33 1	17 3	86 1	18 1	43 1	36 1	10 2	37 1	60 3	44 1	1 1	63 1	22 4	9 1	5 2	38 1	2 2	54 1	82 2	20 1	75 3	15 2	87 1	28 4	81 2	57 1	3 3	47 2	39 1	29 1	25 1	26 3	45 2	4 1	71 3	40 5	0 13	23 4	76 3	80 2	21 3	61 1	79 2	78 2	7 1
62 2	57 10	70 1	72 1	49 1	35 1	73 1	1 1	64 1	65 2	78 1	5 1	81 1	85 2	82 2	19 1	61 2	4 3	31 1	36 1	48 1	37 1	34 3	54 5	3 1	25 1	59 2	63 1	24 1	56 1	45 2	76 1	71 3	6 4	11 1	20 1	12 1	13 1	79 3	87 1	47 1	53 1	8 1	60 4	41 2	83 2	50 3	21 2	40 2	74 1	55 1	43 1	80 1	46 1	42 1	29 3	28 1	38 4	88 2	9 1	18 3	32 1	89 1	69 2	0 2	30 3	51 1	15 1	75 2	2 9	84 1	66 2	23 3	10 2	17 1	86 1	52 5	16 1	33 1	14 1	27 1	39 1	77 1	58 2	44 2	67 1	68 3	7 1	22 2	26 2
45 2	32 3	67 1	81 1	39 2	55 1	87 1	50 2	15 1	83 4	76 1	5 2	53 2	57 1	75 10	34 3	35 3	78 1	37 1	17 2	19 2	0 1	28 2	54 1	8 1	23 3	40 2	82 1	21 1	86 3	30 2	59 2	25 3	47 2	60 1	43 3	51 1	29 3	41 5	10 1	89 3	63 2	56 7	61 1	38 5	24 1	49 2	52 1	88 2	72 4	68 1	6 2	84 1	33 2	2 1	69 1	22 6	66 2	44 7	1 2	36 3	9 1	62 1	18 1	77 1	58 3	13 1	42 3	12 3	14 2	3 3	4 1	16 2	71 4	64 3	73 1	70 1	79 2	65 2	11 4	74 1	85 3	46 2	7 4	80 2	20 1	26 1	48 1	31 1	27 5
89 1	8 1	29 1	49 4	13 4	40 2	3 2	87 2	10 1	48 1	39 1	5 3	61 5	63 3	44 1	1 1	20 3	73 3	88 7	25 1	86 2	46 1	79 1	56 1	47 1	85 1	35 3	19 2	84 5	53 1	37 3	52 8	45 3	59 1	0 2	75 1	7 4	34 1	51 2	26 2	4 1	72 3	16 5	78 1	54 1	71 1	18 1	22 1	74 1	15 1	67 1	30 1	55 3	80 3	12 1	83 1	6 2	81 2	77 3	82 2	62 1	27 1	11 1	58 2	17 1	66 6	69 1	41 2	60 2	24 3	28 2	9 1	31 1	2 2	21 2	64 3	70 5	50 2	76 1	43 1	23 1	36 1	33 2	38 1	57 1	32 1	14 3	68 1	42 5	65 2
24 3	85 4	32 1	13 1	66 1	52 2	76 2	21 1	84 1	75 2	22 1	61 2	43 1	1 8	67 1	56 1	82 1	58 2	47 4	36 3	78 4	62 1	17 6	23 2	46 3	38 1	11 5	39 1	83 2	77 3	30 1	53 1	26 3	73 1	51 1	7 3	9 1	71 2	81 1	2 2	15 1	18 3	8 1	44 2	25 1	27 2	88 2	41 1	69 2	50 1	28 11	60 1	54 5	70 2	29 1	63 5	74 2	49 2	72 6	0 1	33 2	35 3	16 4	4 1	6 2	37 3	65 1	14 2	80 2	79 5	34 4	3 1	20 6	86 5	12 1	59 1	31 1	68 1	87 1	5 5	10 1	19 4	48 1	64 2	57 1	42 7	40 2	45 1	55 3	89 2
59 2	16 2	44 1	5 1	13 3	35 1	43 4	56 1	57 2	27 3	60 1	37 3	6 4	39 5	49 1	46 2	34 1	17 2	32 1	28 1	45 1	4 2	73 5	54 1	68 2	47 2	0 3	74 1	85 1	61 1	15 1	63 1	75 1	64 1	71 2	88 1	7 2	36 1	48 1	72 1	77 3	84 3	70 1	19 2	9 2	89 2	21 1	69 1	66 1	3 1	26 3	67 3	81 1	41 2	23 1	38 2	52 1	14 1	25 1	24 2	11 1	12 1	62 2	18 4	1 2	87 1	82 1	76 1	51 6	29 5	31 1	58 3	8 2	80 1	22 1	40 6	42 1	53 1	30 2	78 1	65 3	2 2	10 1	50 1	33 1	83 1	86 5	79 1	20 1	55 1
44 7	83 4	14 2	1 2	82 2	85 1	36 2	4 3	80 3	9 1	26 2	64 2	22 2	59 4	19 3	45 5	49 2	3 1	81 1	23 1	5 2	63 2	8 1	50 3	33 3	29 3	88 2	69 1	17 3	25 1	47 1	67 1	74 1	7 2	61 4	87 1	16 1	48 1	75 3	18 1	42 1	55 1	15 1	34 2	35 1	58 2	53 2	21 1	38 2	51 1	41 1	76 1	86 1	27 1	71 1	68 1	13 4	57 1	62 1	79 1	78 2	0 1	70 1	39 1	12 1	54 1	37 4	24 2	60 6	66 1	40 1	20 1	30 2	31 1	84 3	2 5	28 3	72 5	6 3	11 1	65 4	46 3	10 1	73 2	56 1	77 1	89 1	32 1	52 7	43 1
21 1	23 7	62 1	70 3	55 2	7 4	24 1	30 2	74 2	78 2	1 2	50 1	19 1	46 3	13 3	44 2	33 1	52 1	68 1	79 1	59 1	76 3	47 1	80 1	84 1	16 2	53 3	49 2	36 1	56 2	63 1	65 1	72 3	75 4	64 6	28 10	82 1	87 2	48 2	54 1	73 1	51 1	18 1	86 1	45 2	10 3	25 3	61 4	37 3	31 1	39 2	83 1	89 1	88 1	11 1	32 3	8 1	3 3	40 3	34 2	41 1	15 1	58 1	29 2	6 1	4 3	12 1	26 1	38 3	0 2	9 2	85 2	77 3	2 1	35 1	22 1	20 1	27 1	57 1	43 3	17 3	42 1	67 3	69 1	14 3	5 1	66 2	81 1	71 2	60 2
56 1	55 2	88 6	47 2	13 7	67 1	12 1	2 1	9 1	82 5	70 1	35 1	33 1	27 3	74 1	38 2	65 1	79 1	18 2	80 4	63 4	72 3	37 1	69 1	86 2	43 2	10 4	22 3	34 1	85 2	5 1	77 1	54 1	45 2	66 1	44 2	59 3	0 10	61 2	30 1	40 2	58 2	19 1	64 5	75 1	71 2	36 1	1 2	50 1	68 3	15 1	6 1	31 3	7 4	83 1	17 1	26 1	49 1	52 2	25 1	14 2	8 1	4 1	28 1	20 4	73 1	87 1	46 4	84 2	81 2	48 1	89 3	41 1	60 2	11 1	32 1	39 1	42 1	62 1	3 1	57 2	29 4	23 3	53 2	24 2	51 3	76 3	78 2	21 1	16 2
18 2	25 2	22 1	89 1	88 6	44 1	64 1	30 3	39 2	66 4	79 1	32 1	55 2	84 2	43 1	24 3	23 8	82 1	73 1	51 1	49 8	4 3	28 1	7 1	34 1	16 1	83 1	29 1	61 1	85 1	75 2	77 1	1 1	48 2	60 1	12 1	42 3	68 1	33 6	70 1	65 1	62 1	15 2	72 1	35 1	36 1	37 1	11 2	9 1	56 1	40 1	21 3	38 4	45 1	63 2	8 1	50 3	76 3	81 3	47 4	27 3	57 2	14 2	52 2	10 1	2 2	87 6	0 2	86 1	67 1	19 3	31 1	6 5	71 2	17 2	58 2	54 2	69 1	13 3	78 1	53 1	41 5	20 1	46 1	5 6	3 2	26 1	80 2	59 1	74 1
32 5	12 1	5 1	64 1	73 1	42 3	43 1	44 2	30 4	22 4	62 1	40 1	84 1	76 1	41 2	4 1	61 1	13 1	23 1	56 1	46 1	29 3	57 1	74 1	17 1	51 1	20 1	9 1	48 1	37 2	59 2	18 3	49 2	34 1	33 2	10 1	86 1	31 2	83 2	58 1	69 1	72 1	1 6	55 1	53 2	80 3	77 2	70 3	26 3	19 1	82 3	81 9	25 4	68 1	39 3	27 1	2 1	63 3	8 1	65 1	21 2	28 1	38 1	66 1	24 3	89 1	85 1	60 4	75 1	6 10	11 6	7 1	16 1	35 1	36 1	87 2	50 1	67 1	15 3	47 1	54 1	45 5	71 1	88 1	14 1	3 1	79 2	52 1	78 6	0 3
76 3	59 2	40 1	29 2	53 2	1 1	82 3	41 1	81 1	32 2	39 4	87 1	73 3	69 1	20 1	14 2	19 2	17 2	15 3	68 6	75 1	30 2	11 1	34 1	6 3	26 2	37 1	16 4	44 1	4 4	64 1	28 1	49 2	61 1	12 1	21 1	62 2	58 2	45 1	48 2	83 2	33 3	10 1	27 2	35 2	2 1	43 3	31 1	77 1	85 2	78 3	23 1	88 2	7 2	74 6	51 2	0 2	79 2	71 1	60 1	63 3	54 4	84 1	24 2	47 3	13 4	89 2	46 1	52 3	57 1	36 2	5 1	9 2	65 1	42 1	22 4	18 3	80 2	66 1	55 3	50 1	70 1	72 3	3 1	8 6	56 3	67 3	86 2	38 1	25 2
21 1	76 1	33 1	72 2	0 3	25 3	64 1	44 3	30 2	40 1	65 2	85 1	89 1	59 1	12 1	42 1	15 1	46 3	52 2	48 1	67 2	14 3	29 1	1 3	27 2	88 1	11 1	69 1	39 2	79 1	9 3	60 1	22 2	18 1	13 1	73 1	36 1	51 2	66 2	75 2	61 5	70 1	53 1	16 3	58 1	54 2	4 2	41 4	17 1	2 2	35 3	32 1	81 1	71 2	77 1	62 2	43 2	47 2	49 3	82 1	7 1	45 2	84 1	3 3	50 2	87 1	55 1	57 1	20 4	34 1	37 5	26 1	5 1	86 1	28 2	63 1	74 2	78 2	38 1	6 1	68 2	8 3	83 2	23 3	19 2	24 1	56 2	31 4	10 1	80 1
46 2	79 1	74 6	52 2	63 4	64 1	36 1	69 10	25 2	58 3	83 1	19 3	32 1	35 1	44 1	60 1	53 1	66 2	9 1	23 2	15 2	70 1	20 3	77 1	54 1	40 1	62 5	72 3	56 2	21 2	42 2	26 4	88 2	34 1	47 3	8 1	78 3	5 3	27 1	16 1	55 1	85 7	61 1	38 1	89 1	39 1	17 3	30 3	41 1	11 3	14 3	80 4	18 1	13 2	48 1	67 3	84 1	43 2	71 1	76 3	22 1	68 2	86 1	6 3	51 1	82 2	29 1	2 3	31 1	1 1	87 1	3 1	81 2	73 1	65 1	59 1	45 2	7 1	28 1	4 1	33 1	0 7	24 1	57 1	49 2	50 2	75 2	12 2	10 1	37 3
36 3	0 1	79 1	17 5	89 2	70 3	30 1	15 2	74 1	12 4	86 1	67 1	72 1	31 2	65 4	60 1	62 1	35 1	44 1	14 1	20 2	77 1	56 1	25 1	10 3	24 1	13 1	45 5	71 1	84 1	58 2	85 2	33 2	32 2	87 1	80 3	8 1	11 1	47 1	63 9	9 1	81 1	29 1	61 1	55 2	2 1	41 1	42 7	43 13	59 1	73 2	49 1	16 5	88 4	53 1	68 2	28 6	34 3	1 1	66 6	3 1	64 1	57 1	7 2	39 3	18 1	40 1	4 6	27 1	6 3	76 2	26 1	83 1	52 3	38 1	5 7	69 1	21 1	48 2	54 4	46 4	22 1	37 1	23 1	75 1	19 1	78 2	50 1	82 1	51 1
4 2	70 1	19 3	25 1	66 4	51 4	23 2	17 1	78 4	20 2	42 4	83 5	34 1	48 2	75 4	86 1	11 1	52 1	18 1	76 1	36 1	55 1	15 2	62 1	39 3	89 1	43 3	14 4	54 3	31 4	6 1	84 5	2 1	10 1	61 3	50 3	59 4	3 1	47 4	65 1	77 1	68 4	5 1	87 1	67 3	33 1	29 1	41 1	32 1	44 2	49 2	64 2	71 1	72 1	37 1	73 1	22 2	7 1	40 1	1 1	46 1	79 1	35 1	80 1	58 1	60 2	21 3	13 4	53 5	81 3	63 1	74 1	45 1	0 2	16 2	9 10	85 3	88 2	82 1	28 1	12 1	57 1	38 2	24 7	26 6	30 4	27 1	56 1	69 1	8 1
74 1	75 3	46 1	79 2	27 2	7 1	48 1	19 1	43 1	12 2	85 3	73 1	37 1	23 7	20 2	56 1	57 6	6 3	50 2	71 3	10 4	78 6	17 1	44 2	49 1	9 1	59 1	16 3	55 1	3 3	40 1	51 1	35 1	61 3	31 2	28 1	66 4	89 2	22 1	34 1	62 1	39 7	69 2	68 2	14 2	1 3	86 2	80 3	64 1	72 1	58 1	63 3	4 1	30 4	76 3	88 1	15 6	52 1	36 1	29 1	65 1	84 5	81 2	60 1	2 1	77 1	53 3	0 1	24 5	25 4	38 1	42 3	54 1	13 1	67 1	83 1	11 1	70 1	41 4	33 2	21 3	18 1	5 1	8 1	87 3	45 1	32 2	26 1	82 1	47 1
9 3	44 1	50 5	29 4	11 2	79 2	43 2	62 1	42 2	24 2	41 2	4 1	40 1	75 1	39 1	35 1	16 6	76 6	67 6	61 2	20 1	37 3	26 1	57 3	22 3	14 3	46 3	49 1	36 2	3 1	51 2	21 1	27 1	66 1	33 2	80 2	88 1	69 1	89 3	87 1	85 2	58 1	2 3	72 2	47 1	84 1	18 2	17 1	10 1	78 1	71 2	12 3	30 1	15 1	23 3	25 1	6 2	56 1	81 3	31 2	0 2	1 4	70 4	82 1	13 1	34 1	53 2	32 1	74 1	55 2	68 2	45 1	54 3	64 1	60 1	5 3	52 5	63 1	86 1	19 1	59 2	7 1	38 2	8 2	65 1	73 1	48 1	77 1	28 2	83 1
10 1	23 1	75 1	66 2	13 3	37 1	43 2	19 3	3 1	70 2	80 1	55 2	9 1	30 2	89 4	11 3	5 1	61 4	21 4	18 1	76 2	8 5	40 2	78 1	58 1	53 5	83 1	14 1	7 1	50 6	52 2	79 2	20 2	24 2	56 1	22 1	28 1	87 1	63 1	27 1	62 1	17 1	81 2	60 1	44 2	2 1	77 2	47 2	1 2	74 1	71 4	86 1	68 5	51 7	16 5	38 1	41 2	32 3	34 2	49 1	72 1	67 3	12 1	48 1	33 2	73 6	69 2	46 2	42 1	31 2	15 1	59 7	82 3	57 1	25 1	88 3	64 2	45 3	85 2	65 1	39 5	29 2	26 2	4 1	35 1	54 1	0 3	6 1	84 1	36 1
17 4	76 4	0 1	18 4	41 1	83 4	64 1	34 1	11 1	87 6	5 1	15 1	89 3	48 2	49 6	80 6	57 1	26 3	1 4	13 1	43 1	86 5	37 4	9 1	73 1	8 1	53 2	58 3	42 1	61 2	31 2	6 2	63 1	33 3	77 4	78 1	69 1	88 1	29 2	21 2	25 1	50 7	54 1	7 1	79 6	35 2	39 2	23 2	67 2	75 3	4 2	60 1	40 1	51 2	74 5	10 1	27 4	30 1	85 2	65 1	38 1	22 1	14 4	70 2	44 1	19 2	20 1	71 3	84 1	82 4	68 1	12 1	55 1	59 4	72 1	24 1	36 1	3 1	52 1	46 1	2 2	47 2	45 1	56 2	28 1	32 3	62 3	66 3	81 1	16 2
23 1	85 2	67 1	86 1	77 1	28 1	4 2	13 4	65 1	69 1	81 1	45 2	7 2	35 1	1 1	78 2	39 2	30 1	68 1	59 4	73 1	36 2	51 1	37 5	47 1	16 1	54 1	24 1	64 1	12 1	21 1	50 2	48 1	66 1	80 2	87 2	26 3	10 1	88 1	56 2	2 5	58 3	31 3	55 4	22 2	89 3	79 1	40 1	72 1	74 3	0 3	57 1	61 3	34 1	42 2	38 2	15 2	41 2	9 2	33 1	3 4	17 1	62 4	70 6	44 1	52 3	49 4	14 2	43 1	53 3	29 1	18 2	11 1	84 1	19 1	82 4	8 2	46 1	25 3	6 4	76 5	5 1	63 5	32 2	83 2	71 1	60 2	20 3	27 2	75 2
35 1	42 2	3 2	80 1	19 1	87 3	49 1	20 3	88 3	38 1	63 3	22 1	75 3	11 1	27 1	70 1	61 1	37 2	15 1	44 2	6 1	56 2	82 1	83 1	86 1	32 1	10 1	0 3	77 1	74 4	85 2	1 2	16 3	28 1	60 1	78 2	48 1	41 2	26 1	31 1	54 1	23 1	53 1	9 1	18 1	81 1	89 3	73 3	39 1	45 4	58 1	29 1	62 4	34 1	69 2	47 2	55 2	52 1	71 2	25 2	33 1	72 1	67 5	76 1	64 3	24 1	79 1	50 2	46 2	36 2	51 1	5 1	13 4	12 8	40 2	84 2	30 1	59 3	2 2	8 2	14 1	68 2	65 5	57 6	43 2	7 1	66 2	4 4	21 3	17 1
28 4	54 1	68 4	72 4	36 3	85 4	88 1	50 1	24 1	59 3	8 2	74 5	86 1	15 4	83 1	77 3	79 1	64 1	31 1	84 3	65 1	37 1	73 4	62 1	7 1	70 2	12 1	21 3	45 2	89 5	0 3	60 1	47 1	4 1	34 1	23 5	66 2	57 5	82 1	27 2	10 3	53 1	42 1	87 1	22 1	41 1	49 2	14 2	63 2	35 4	48 5	75 1	13 6	5 2	1 1	81 1	33 4	3 5	46 1	38 1	44 2	20 4	80 4	40 2	78 3	69 1	43 2	55 4	56 1	17 1	76 1	16 2	25 2	71 3	67 3	11 2	18 1	29 1	9 1	39 3	52 1	2 1	6 2	32 2	58 7	61 1	26 2	51 1	19 5	30 1
68 5	30 1	54 2	69 3	24 1	32 2	35 1	58 3	31 1	47 1	52 1	33 3	49 1	8 1	66 1	89 3	34 2	4 3	45 1	12 5	22 4	87 2	41 1	36 1	9 10	65 2	39 1	71 3	29 1	59 2	26 2	46 3	48 2	57 1	5 4	62 3	79 2	88 1	42 1	18 1	38 1	3 1	81 2	44 1	56 4	17 2	78 3	28 1	70 1	75 1	2 1	53 1	11 2	21 2	23 1	83 1	43 2	13 3	63 1	0 4	37 1	27 2	40 2	14 1	50 1	72 2	80 4	67 5	86 2	85 2	77 1	73 1	15 2	76 1	25 2	10 2	84 3	7 1	1 2	19 1	61 1	74 1	82 3	20 1	64 2	51 2	16 1	6 4	60 1	55 3
31 3	25 1	17 1	69 2	78 3	47 1	35 1	48 1	49 2	6 1	9 3	85 4	51 1	64 2	43 2	63 1	74 2	58 2	15 1	32 2	40 3	65 2	68 1	7 1	20 1	80 1	24 1	37 2	54 3	84 2	83 1	18 1	86 1	5 2	29 8	10 1	52 1	16 1	72 2	39 2	66 6	1 4	30 1	41 2	13 1	33 1	56 2	11 1	46 1	8 6	81 4	60 1	75 1	28 2	71 2	59 2	21 5	42 1	53 3	45 1	36 1	87 1	19 1	14 2	23 1	79 2	22 1	26 1	77 1	3 4	82 1	61 1	73 3	27 2	57 3	0 1	55 1	44 2	38 1	70 1	2 2	34 3	62 2	50 2	76 1	89 1	12 2	88 2	4 1	67 2
38 1	62 2	58 2	31 1	63 1	65 1	80 1	36 5	70 1	73 1	4 2	3 1	89 2	20 1	54 2	50 1	1 2	6 3	39 1	45 1	77 3	27 2	0 1	16 1	21 1	60 3	69 2	55 1	2 1	10 1	81 4	74 3	22 1	28 1	76 2	17 1	44 1	49 3	78 2	84 1	66 5	57 1	56 2	9 1	48 3	24 1	18 3	37 1	71 1	15 2	87 2	23 1	11 2	83 1	33 1	61 5	46 1	35 3	14 4	42 1	29 2	26 1	64 1	34 1	25 2	52 3	59 1	5 1	30 1	75 1	47 1	51 1	12 2	79 2	67 1	8 1	82 1	19 2	86 1	40 1	41 1	13 4	68 2	53 3	85 4	43 2	7 3	32 3	88 4	72 1
6 1	4 6	81 2	53 1	86 2	35 3	31 4	9 2	87 2	64 2	58 2	21 1	83 1	66 2	40 2	14 4	76 1	37 2	41 2	84 1	12 1	38 1	59 3	56 1	42 1	17 3	52 1	33 6	32 2	26 2	85 1	75 2	47 3	68 1	74 1	1 3	39 1	63 1	72 1	29 5	79 1	23 4	89 1	82 1	51 1	2 1	19 2	45 1	7 2	16 1	80 2	25 3	69 2	11 2	70 2	77 1	10 1	5 1	67 1	13 4	18 1	57 2	49 1	30 6	54 2	48 2	88 1	44 2	22 1	8 2	28 2	15 1	62 1	73 5	50 3	61 4	36 1	60 2	65 3	20 1	55 3	78 3	71 1	34 2	0 2	46 1	3 1	24 3	43 1	27 5
20 2	66 1	59 1	60 3	42 1	32 2	69 3	43 3	1 1	53 1	57 1	10 3	86 2	58 1	16 8	36 3	75 2	3 2	49 2	64 1	37 1	55 1	0 2	83 1	48 2	56 2	23 4	38 1	47 2	72 1	68 2	51 2	34 3	52 1	88 4	6 1	2 1	63 1	89 2	78 1	22 2	12 1	79 1	85 2	25 2	65 2	33 2	9 2	74 2	18 2	11 1	62 1	8 1	5 1	67 1	35 1	45 1	84 2	87 3	81 1	82 1	46 6	17 1	39 1	15 6	40 1	27 1	30 1	28 4	76 1	71 1	61 1	19 2	70 3	44 2	50 6	14 6	31 2	4 2	26 2	77 3	13 1	24 3	73 2	21 6	41 4	80 1	54 2	29 3	7 1
73 4	80 1	65 2	31 1	63 3	81 2	84 1	38 1	25 2	60 9	46 1	34 5	76 2	29 2	42 2	32 1	11 1	23 1	27 3	24 4	85 1	50 2	61 2	47 1	48 1	75 1	15 2	4 1	20 3	13 1	17 4	35 1	39 2	2 3	52 1	30 2	21 3	6 4	12 1	0 5	66 2	41 1	53 1	74 2	18 2	64 7	70 3	22 1	87 4	14 1	54 2	1 4	89 1	68 1	82 1	33 10	69 3	59 1	83 4	77 1	67 2	5 1	55 2	9 1	28 1	37 1	36 1	86 5	43 1	3 1	58 1	45 2	79 1	49 1	44 3	40 4	16 1	71 1	7 4	88 1	26 1	51 2	57 2	10 2	8 6	78 3	19 1	62 3	56 4	72 1
47 2	57 1	50 2	10 1	5 5	33 1	55 2	62 1	3 1	75 1	87 1	40 1	7 1	72 2	19 1	4 1	49 1	29 1	28 3	23 2	84 1	80 1	38 1	34 2	24 5	65 5	78 1	88 2	44 2	31 3	52 5	13 2	35 1	82 1	16 1	12 2	70 1	51 4	11 1	21 3	32 2	59 2	64 3	22 1	89 1	81 2	85 3	0 2	54 4	37 1	86 2	76 1	61 1	8 1	14 1	79 2	77 1	53 4	30 8	48 1	56 2	6 1	60 3	67 5	41 1	2 2	15 1	39 1	1 6	25 2	42 1	74 3	71 2	83 4	9 2	20 3	45 1	36 1	43 2	27 1	46 2	68 1	26 1	18 3	66 1	73 3	69 3	63 2	17 1	58 1
68 1	87 2	88 1	6 1	65 2	25 1	80 2	72 1	15 1	34 1	19 2	64 1	2 2	35 2	41 3	31 2	42 2	48 1	57 3	76 1	17 2	22 1	45 1	77 1	79 2	1 1	38 2	60 6	61 2	81 1	51 1	5 3	40 1	30 3	71 3	28 3	59 3	26 3	23 10	37 1	36 2	84 1	55 1	44 5	8 1	67 3	29 3	63 4	21 6	58 1	0 3	10 2	11 1	12 2	66 1	16 2	13 1	18 2	20 3	43 1	54 2	83 3	52 3	69 1	85 2	46 1	49 1	70 1	24 2	3 1	53 2	9 3	33 1	74 1	14 1	39 2	73 1	89 1	32 2	56 1	4 4	86 2	82 4	78 2	7 1	75 1	27 1	50 2	62 3	47 5
51 3	31 1	49 1	85 3	35 2	22 1	41 1	72 2	5 2	88 2	0 1	78 1	36 2	25 2	18 1	87 1	48 2	54 6	4 1	60 2	27 1	80 1	83 3	75 1	10 2	69 1	9 2	71 4	79 1	63 3	24 2	3 2	38 2	89 1	44 2	61 1	64 2	2 2	76 1	84 6	12 1	81 2	45 2	29 3	26 3	70 2	32 4	17 1	47 4	50 1	16 1	14 1	40 3	20 4	53 1	8 2	15 2	6 1	52 2	28 2	43 1	57 7	7 4	55 1	86 4	74 1	56 1	39 1	37 3	59 2	58 1	33 1	77 1	23 1	62 2	73 3	46 2	34 1	65 1	1 2	82 7	68 3	13 1	42 2	21 2	30 2	67 3	19 1	66 3	11 5
39 3	14 4	26 1	75 2	59 1	60 2	37 1	58 3	23 1	55 1	67 1	1 2	9 1	71 2	56 1	24 1	61 1	68 1	34 4	62 3	4 1	49 2	79 1	22 2	10 1	47 1	20 1	17 3	19 2	82 4	16 1	54 2	63 1	70 1	74 6	36 1	77 1	80 1	18 1	66 2	88 3	6 1	89 1	2 1	41 3	52 1	3 1	87 1	0 5	44 1	83 2	46 9	8 2	53 1	38 3	29 1	15 1	25 1	5 2	12 1	28 2	43 1	48 3	73 1	51 1	50 2	13 1	31 2	40 3	69 3	76 2	65 3	7 3	84 2	35 2	57 2	21 5	78 1	33 1	11 2	45 1	30 3	85 1	42 2	32 6	64 6	27 1	81 1	72 1	86 3
18 1	46 1	55 2	8 1	80 1	39 2	36 1	56 2	0 1	84 1	45 5	38 2	89 1	35 2	6 2	72 1	67 5	44 3	75 2	77 1	64 1	40 2	52 1	13 2	16 6	68 4	34 7	60 4	79 1	83 4	74 3	14 2	76 1	57 1	47 2	15 1	49 1	29 2	9 4	31 3	63 1	26 6	32 1	81 2	58 1	25 1	86 1	24 1	27 1	3 3	87 3	4 1	19 1	61 1	59 2	43 1	11 2	82 1	33 1	20 3	37 1	2 1	53 1	51 2	30 1	22 1	85 2	10 1	71 1	1 1	23 3	41 1	62 2	69 2	5 2	54 4	7 3	66 1	50 1	12 1	42 1	70 1	21 3	48 1	65 2	88 3	73 1	17 3	78 3	28 2
77 2	15 2	8 3	66 2	13 1	35 1	24 1	3 1	82 1	83 2	85 3	78 3	17 3	39 2	7 3	76 1	64 3	79 3	12 8	6 2	30 1	26 2	4 2	52 2	38 7	50 1	73 2	57 2	65 2	18 1	19 1	54 2	58 1	20 3	48 1	25 1	71 1	72 1	62 3	40 3	61 3	86 2	41 1	34 5	27 1	47 1	10 1	45 1	49 1	67 1	36 1	16 4	53 1	60 1	29 6	32 2	84 1	2 2	68 2	46 2	56 2	37 2	42 4	63 1	5 1	70 2	59 2	22 1	21 1	43 2	81 1	87 1	31 3	69 2	23 3	9 2	44 1	33 2	88 2	89 2	74 1	11 4	0 1	28 1	51 3	55 3	80 1	14 1	1 1	75 1
86 2	65 4	45 3	11 5	2 1	84 4	81 2	34 1	3 1	29 2	23 1	72 1	24 4	41 1	58 1	19 2	18 1	89 2	49 1	82 1	13 5	57 1	77 5	0 1	53 1	63 1	48 1	55 2	28 2	62 1	87 1	61 2	43 1	68 3	7 3	5 3	26 1	54 1	66 1	78 6	51 3	20 1	10 4	73 2	25 1	85 2	42 4	6 1	31 5	35 1	69 1	30 2	83 1	8 2	59 2	60 2	16 1	76 1	44 2	22 3	38 1	71 3	32 2	64 4	9 2	67 1	56 2	12 2	47 1	52 5	75 1	37 8	88 1	74 1	79 1	17 4	40 1	1 1	15 1	21 1	33 1	39 3	80 4	46 6	27 2	14 1	36 3	70 1	50 2	4 2
40 2	56 4	12 1	9 3	16 3	54 1	18 1	63 1	49 2	64 2	34 1	58 1	32 1	17 2	30 5	86 1	0 2	59 1	5 6	42 2	39 2	76 2	31 1	74 3	57 1	60 2	45 2	23 1	80 1	71 1	33 1	73 2	52 1	70 2	46 6	62 2	19 2	6 2	61 2	44 1	77 1	25 1	15 1	13 1	11 1	83 4	47 1	88 1	66 2	36 1	8 1	43 1	22 1	69 1	4 1	84 2	3 1	48 2	51 2	27 3	79 3	41 1	55 1	72 1	37 2	81 2	29 1	14 1	7 3	20 3	35 2	50 1	26 1	85 2	89 2	1 2	82 2	65 2	68 5	2 1	87 1	24 1	38 3	53 2	67 1	21 1	75 7	78 2	10 1	28 2
26 2	57 2	37 2	46 2	48 5	17 2	2 1	77 1	54 2	23 1	66 3	82 1	53 4	28 1	44 3	68 1	34 5	71 3	0 1	8 1	81 1	62 5	55 1	52 1	79 1	7 1	84 1	19 3	25 1	47 1	72 1	89 11	80 1	49 3	56 2	13 5	5 3	12 1	31 7	59 2	51 1	36 2	76 8	39 2	14 2	10 1	20 1	74 2	11 2	32 1	87 1	70 2	83 1	21 3	29 1	78 1	3 2	64 2	86 3	85 4	42 1	4 7	24 1	35 2	41 1	27 3	40 3	30 2	45 1	63 2	9 7	69 3	67 1	75 2	33 1	61 1	88 6	22 1	43 3	1 2	65 5	18 1	16 2	58 8	50 2	73 1	38 1	60 1	6 2	15 2
36 1	51 2	64 2	83 1	1 1	42 2	79 3	66 2	29 3	71 1	22 2	5 1	80 2	44 2	59 1	12 1	65 2	85 4	43 1	34 2	63 1	61 1	78 2	48 4	11 4	73 3	28 1	82 1	25 1	3 1	14 3	89 1	6 1	17 1	35 2	37 2	68 2	56 1	87 3	70 1	2 2	47 1	33 2	81 2	50 1	67 2	15 1	23 1	45 1	60 1	30 1	7 1	24 1	10 1	74 1	31 1	39 1	9 2	8 2	57 4	32 1	18 2	46 3	88 1	72 1	86 1	19 1	40 3	62 1	38 2	16 3	84 2	41 1	21 1	75 1	54 4	4 1	13 2	77 2	49 1	52 1	58 2	55 5	27 3	76 1	53 1	69 4	20 1	26 2	0 1
59 3	48 2	16 2	0 1	41 1	51 2	31 1	45 4	17 1	23 1	22 1	33 4	53 1	39 1	60 2	19 1	58 1	36 2	86 2	88 2	64 2	9 1	1 1	65 3	8 6	34 1	84 2	66 1	46 2	20 7	76 2	35 1	56 1	44 2	12 1	55 3	25 4	62 3	70 2	28 2	67 3	3 1	38 2	2 2	29 2	72 4	42 3	13 1	32 1	87 2	82 1	80 2	68 1	30 2	78 1	40 1	77 1	11 1	37 3	24 5	6 1	47 3	7 5	49 2	69 1	73 1	74 1	79 2	14 1	63 2	43 1	26 1	52 6	4 1	5 2	10 4	54 1	15 2	83 3	27 1	21 4	89 6	85 2	81 2	18 2	50 11	57 3	61 3	71 3	75 2
61 1	41 3	3 1	12 1	11 2	6 1	73 1	21 1	82 7	58 1	42 1	0 2	56 2	88 2	45 1	38 1	76 3	2 1	5 2	49 2	75 4	29 3	62 2	84 2	35 6	77 3	52 1	85 1	69 6	83 2	31 1	66 2	68 3	30 1	63 3	81 2	19 1	43 4	71 2	55 5	70 2	7 1	8 3	22 2	65 1	14 2	57 5	33 1	15 2	34 3	28 2	23 2	44 2	17 1	46 3	54 2	89 2	72 1	60 6	37 1	80 1	32 1	36 4	86 3	47 1	13 3	16 2	48 2	39 1	87 1	10 1	24 1	1 4	25 6	74 3	79 2	18 5	64 1	51 1	78 1	53 2	4 1	27 1	20 2	50 3	9 1	26 2	67 1	40 1	59 1
72 2	74 1	40 2	52 4	59 9	49 2	45 2	39 1	6 1	36 1	42 3	58 1	31 3	11 2	54 1	37 3	19 3	16 1	85 4	67 4	73 1	68 1	70 2	9 1	38 3	86 2	5 2	57 1	62 3	18 2	22 1	30 6	17 2	14 1	56 1	66 5	76 1	41 3	12 2	0 1	87 1	7 1	29 4	33 1	69 1	32 1	15 1	61 5	34 1	82 1	46 4	24 2	1 2	4 1	13 1	88 1	53 2	79 1	65 1	26 1	27 1	3 1	10 2	44 2	21 1	51 6	78 1	35 2	28 1	50 1	2 2	89 3	47 3	71 1	83 2	48 1	8 1	23 7	80 1	75 1	55 2	43 3	81 7	60 1	77 1	84 1	64 1	20 2	63 1	25 2
68 1	61 2	43 1	24 3	29 1	70 3	48 4	65 2	89 1	50 2	62 1	88 1	77 1	28 1	33 1	22 4	34 2	14 2	69 3	9 3	26 3	6 2	63 1	25 3	46 2	44 1	39 2	38 6	72 4	81 1	75 2	74 2	47 3	11 1	10 3	18 1	3 1	16 1	32 1	53 3	67 2	52 1	71 1	54 1	64 1	59 1	86 1	13 1	1 2	31 2	56 1	15 1	60 5	41 3	7 1	8 1	76 1	79 1	4 2	35 1	85 3	57 3	2 1	0 7	66 2	51 1	73 2	49 8	58 2	87 1	84 4	20 1	12 1	5 1	19 1	45 1	36 1	40 2	78 1	42 2	37 1	55 2	23 1	82 1	80 1	17 1	83 2	21 1	30 4	27 2
38 3	42 1	77 3	86 2	1 1	75 1	60 2	3 2	17 1	12 2	23 4	62 1	78 2	58 1	83 5	29 1	52 1	0 1	4 1	19 1	11 3	54 2	57 2	55 1	26 1	33 3	10 1	66 1	53 1	20 1	64 1	31 1	49 4	39 1	25 2	80 2	45 1	6 1	65 2	37 1	5 1	82 1	36 2	47 1	24 2	87 5	9 1	34 1	56 3	21 2	67 1	81 4	27 3	43 3	50 1	22 4	70 1	13 1	63 1	15 1	89 3	79 1	46 4	69 1	40 1	14 1	85 2	16 1	72 1	2 1	28 2	76 4	88 3	35 1	41 2	18 2	7 1	51 1	71 4	61 1	59 1	68 3	84 1	48 1	8 3	30 1	73 5	44 1	32 1	74 1
6 6	63 2	46 4	30 4	72 2	82 1	8 2	54 1	41 1	57 2	29 1	88 1	71 2	68 1	70 2	5 1	77 2	11 2	25 2	78 1	51 1	85 3	34 1	31 1	84 2	26 1	22 3	74 1	43 1	10 1	33 2	40 2	35 3	59 1	12 2	14 2	36 5	38 1	65 1	3 1	48 2	32 4	9 1	39 2	2 1	61 2	47 2	87 9	45 1	79 3	7 3	69 3	4 2	67 1	44 2	19 2	60 1	86 1	28 2	16 1	20 1	55 1	81 2	66 1	17 1	0 2	1 6	18 1	21 2	15 1	58 1	50 1	73 1	24 3	76 1	53 1	13 1	52 3	27 1	83 1	56 7	64 1	75 1	80 4	62 1	23 1	37 5	42 1	89 4	49 2
23 2	18 1	87 2	22 2	66 1	49 1	25 3	3 1	37 1	63 1	81 1	10 2	52 1	61 2	28 5	44 2	73 4	16 1	38 6	0 1	8 2	36 5	1 3	19 1	42 2	15 2	62 1	54 1	59 3	41 3	67 1	76 1	6 2	53 1	35 2	20 3	7 4	48 1	83 1	68 2	65 1	39 1	27 2	51 1	47 4	40 3	21 2	55 4	85 1	70 3	30 1	29 3	13 1	14 2	45 2	71 4	32 1	56 4	26 4	75 1	84 1	50 1	31 3	4 1	86 1	46 2	60 2	58 4	79 2	12 1	78 1	89 1	33 2	72 5	34 2	2 1	5 1	43 1	77 2	17 1	64 1	69 3	9 3	11 1	74 1	88 1	80 2	82 2	24 1	57 4
53 3	74 2	41 2	0 1	43 1	80 2	10 2	25 1	37 1	27 1	15 3	24 1	39 4	55 1	4 1	58 2	71 1	19 1	44 2	62 1	45 2	86 2	20 2	81 1	88 4	78 3	5 4	85 2	13 2	3 2	69 1	75 4	70 2	73 3	28 4	17 1	56 2	47 1	35 1	54 1	22 2	66 1	48 3	65 3	72 2	79 2	50 2	52 2	77 2	32 1	46 1	12 3	60 2	33 3	51 1	36 2	21 1	76 2	31 4	2 2	49 1	82 1	42 1	34 1	14 1	16 2	67 6	18 2	64 1	68 1	11 1	84 1	61 4	38 2	6 2	83 1	26 6	87 1	1 1	30 4	59 1	8 6	57 2	63 2	29 1	40 1	9 1	23 3	89 8	7 2
45 1	79 1	69 1	1 2	62 5	15 2	4 1	37 5	24 4	43 1	7 3	36 1	19 2	14 3	17 1	5 2	70 1	81 2	55 1	42 1	75 3	30 1	67 1	86 2	61 2	9 1	26 2	41 4	21 1	23 2	6 2	18 1	73 3	39 2	53 1	48 2	66 1	52 1	74 2	78 1	0 1	47 1	72 1	60 1	87 6	88 2	51 1	77 2	76 3	33 1	16 3	8 1	12 2	28 2	89 2	10 1	11 3	57 5	80 1	35 2	20 1	13 2	83 1	64 2	84 3	71 2	3 1	54 3	25 4	40 3	59 2	2 3	58 3	34 1	46 1	82 3	22 1	32 1	65 1	29 1	38 1	63 1	27 7	44 2	31 1	50 1	56 1	68 7	49 3	85 1
11 1	5 5	73 5	35 1	60 1	51 1	38 2	77 1	30 1	66 5	53 4	79 1	57 3	48 3	36 1	80 1	21 1	17 2	56 1	15 1	8 1	3 2	55 4	64 1	89 1	7 1	52 1	76 1	19 1	49 2	45 2	12 6	39 2	63 1	42 1	27 3	78 1	50 3	29 2	68 5	72 1	26 1	85 2	84 1	37 1	33 1	88 1	24 3	0 1	87 2	32 4	31 1	18 1	54 1	65 5	1 1	61 3	25 2	6 1	71 1	40 1	2 1	69 4	10 1	67 2	62 5	28 1	58 1	23 4	16 1	47 3	34 1	83 2	20 2	44 1	70 4	86 1	59 1	14 1	22 1	46 1	75 1	82 1	41 1	4 2	74 3	9 1	43 1	13 1	81 2
61 1	45 3	56 1	69 3	84 2	27 3	52 1	42 2	5 3	23 1	60 1	11 1	53 1	41 1	30 1	76 1	68 6	87 5	39 1	35 5	66 1	50 1	67 3	32 1	16 1	55 3	78 3	82 2	21 2	7 2	72 2	48 1	85 1	47 2	15 1	25 3	73 1	8 1	54 2	81 2	17 1	57 2	59 1	74 4	28 1	89 2	88 1	65 1	63 1	20 2	46 3	29 1	44 2	70 1	4 2	36 1	19 3	62 2	75 1	3 6	51 2	31 2	14 2	64 2	33 2	58 1	9 1	49 1	1 1	77 2	83 2	79 1	12 1	86 3	71 1	38 1	80 2	13 1	26 2	24 4	2 3	34 2	6 1	0 2	10 3	37 5	22 2	43 1	18 2	40 1
25 2	53 3	78 5	45 1	29 2	21 6	84 3	42 1	47 3	16 1	30 1	54 1	75 1	59 2	9 1	89 2	4 1	68 2	28 3	55 1	17 3	48 2	41 2	7 1	39 1	73 1	23 1	46 5	15 4	66 1	2 1	6 2	8 1	50 1	43 1	13 1	70 1	33 6	12 3	64 2	61 1	1 2	52 1	5 3	35 1	72 2	57 2	65 1	40 1	62 4	63 1	87 6	86 1	31 1	69 1	51 3	44 2	49 1	60 2	77 1	71 3	32 1	34 1	79 2	20 1	26 2	0 1	58 1	67 1	3 3	83 2	24 1	81 1	82 1	38 1	37 1	56 2	18 2	10 1	74 2	36 2	80 1	22 9	14 5	85 1	88 1	27 1	19 1	76 2	11 2
74 1	45 12	8 3	48 3	58 1	31 1	24 2	66 1	23 2	14 1	56 1	55 2	18 2	4 2	53 1	36 1	70 1	83 1	16 1	79 2	34 1	78 2	20 1	57 1	86 1	65 3	63 3	10 1	47 2	73 1	30 3	60 2	88 2	15 2	75 1	11 1	32 1	62 2	41 1	89 1	69 1	43 1	51 2	72 2	6 2	25 2	40 2	59 1	21 3	39 1	12 4	49 3	5 2	50 1	29 1	82 2	87 2	27 2	71 1	64 1	33 1	44 2	54 6	61 1	35 1	17 3	42 1	76 6	68 2	28 1	22 1	2 1	26 1	37 1	46 1	52 3	67 1	7 1	1 2	19 1	3 1	77 1	81 1	13 3	84 1	85 1	38 1	80 2	0 1	9 1
47 1	80 1	81 3	44 1	84 2	74 1	35 1	43 2	14 2	20 3	0 2	75 2	4 1	32 2	56 2	87 3	63 1	21 3	51 1	37 3	82 1	79 5	36 1	50 6	41 4	77 1	39 5	34 1	29 3	1 3	78 2	7 1	61 3	9 1	26 2	89 1	24 1	76 2	17 2	54 5	22 2	69 1	46 1	71 1	12 1	72 1	60 1	55 4	85 1	64 2	86 2	3 1	70 1	16 2	28 2	49 1	6 1	30 4	40 9	25 5	52 2	58 1	10 4	2 8	5 2	31 1	66 1	42 1	8 1	57 2	59 1	83 1	68 1	15 1	67 3	45 1	18 2	65 1	13 2	33 1	38 1	27 1	88 2	11 6	19 1	48 2	53 1	62 2	73 1	23 3
55 1	20 1	85 4	75 1	56 1	33 3	2 4	41 1	30 1	38 1	43 2	26 4	9 1	89 5	52 2	0 8	57 4	27 1	60 4	17 1	42 1	34 6	68 2	5 2	28 4	71 3	61 1	12 3	48 2	25 3	18 1	59 2	69 1	51 1	23 2	87 6	35 2	67 2	74 4	24 1	46 1	1 1	73 1	70 4	7 2	81 1	63 2	11 1	15 3	76 1	54 1	83 2	45 6	29 2	19 1	39 1	8 1	65 3	31 1	62 2	79 2	3 3	21 1	88 1	37 1	10 1	80 1	49 1	47 1	84 1	86 2	58 1	50 1	64 2	32 1	53 3	4 1	78 2	6 1	66 1	16 1	36 1	22 5	13 4	72 2	77 1	44 2	82 1	14 1	40 1
46 1	85 1	88 8	41 1	55 1	57 4	43 3	67 3	24 1	10 1	61 1	21 2	49 1	47 1	53 3	7 2	66 2	16 2	74 4	4 1	17 4	22 1	40 2	69 2	54 4	30 2	9 3	86 4	37 1	42 1	12 2	11 2	60 3	58 1	80 1	39 1	50 1	64 2	44 1	3 1	19 2	51 5	73 4	0 1	72 3	71 2	23 1	70 1	33 1	20 2	32 3	77 4	79 2	13 1	45 3	48 1	83 1	82 4	81 1	8 4	63 1	76 1	35 1	5 2	6 5	15 2	56 1	89 6	36 1	34 1	78 2	65 1	68 3	62 3	52 1	84 2	38 4	28 1	26 2	59 11	25 2	2 2	18 1	27 1	29 2	31 1	1 1	14 1	87 1	75 3
9 2	34 1	86 5	42 2	30 2	62 1	22 1	82 1	25 1	78 2	65 6	71 2	79 1	54 1	20 1	32 4	35 1	55 1	56 1	45 2	74 3	80 3	28 1	64 2	52 2	11 2	39 4	59 1	8 1	73 3	89 3	12 2	68 1	48 3	5 2	60 1	53 1	10 2	6 2	77 2	87 1	15 2	46 1	14 2	16 1	33 1	1 1	75 2	40 1	41 2	3 2	4 4	37 2	49 1	36 1	18 1	66 1	17 1	57 4	31 1	29 4	23 1	81 2	19 1	38 4	7 1	51 1	84 2	26 3	43 2	63 3	27 1	24 1	69 8	85 2	44 2	21 2	58 1	2 2	70 1	88 8	83 5	61 1	0 1	13 2	72 1	67 1	50 2	76 1	47 1
34 4	37 1	44 3	51 1	43 1	48 4	41 4	1 2	10 1	28 1	71 1	74 1	16 3	87 2	25 1	55 1	46 1	61 1	18 1	57 4	50 3	8 2	19 1	54 1	40 1	76 2	14 1	21 1	53 1	73 2	9 2	77 1	84 2	32 1	13 2	47 5	0 1	20 2	68 2	36 1	49 2	63 2	38 3	56 1	80 1	3 1	29 1	72 2	11 3	24 1	6 5	62 2	12 1	83 1	26 1	42 1	86 2	31 2	27 2	82 1	65 1	67 2	7 1	88 2	75 2	70 2	17 3	64 1	22 1	58 2	15 2	23 1	78 2	79 2	35 2	33 3	69 1	81 3	59 1	85 1	66 3	30 2	2 1	39 1	89 2	4 1	60 3	45 2	52 3	5 1
69 1	79 1	65 2	11 1	80 1	5 1	49 4	42 1	77 1	48 1	68 2	40 2	81 2	12 1	33 2	32 4	61 1	1 1	52 1	62 1	50 1	28 1	73 2	64 3	51 4	60 1	88 1	0 2	76 1	86 3	43 2	63 2	71 1	22 1	9 4	20 1	47 2	37 3	57 4	36 2	16 3	59 4	31 1	26 7	74 1	54 2	10 1	82 2	15 1	78 1	75 1	84 1	4 5	85 4	27 1	44 7	46 2	18 1	72 1	83 4	25 1	6 2	23 3	24 1	38 3	13 5	29 1	53 5	7 1	2 2	45 1	21 3	17 1	14 2	58 4	19 1	87 4	39 1	41 2	3 3	89 1	56 1	70 1	34 2	67 1	30 1	8 1	35 2	66 3	55 1
26 1	51 1	83 3	71 1	80 2	74 1	57 1	88 1	84 3	15 7	49 2	32 6	5 1	44 2	16 1	40 1	10 2	67 1	73 1	45 1	14 5	87 3	33 2	68 1	66 1	1 1	76 2	53 2	7 1	79 1	23 1	37 2	17 2	56 2	86 1	22 3	52 8	89 3	59 2	31 1	27 1	47 3	0 1	62 1	28 2	58 2	21 2	9 5	60 6	81 3	38 2	78 1	43 2	2 1	11 2	19 3	41 2	6 1	75 2	64 1	18 1	8 1	35 2	85 1	63 2	82 2	3 4	39 5	12 1	69 1	72 1	61 2	46 3	20 1	34 3	65 1	77 8	36 2	30 1	4 2	29 2	42 2	50 3	54 1	48 4	25 2	70 2	24 2	13 1	55 1
35 1	16 2	47 2	10 2	11 2	30 1	57 1	42 1	76 2	23 2	38 2	59 1	29 1	5 2	2 1	20 1	6 4	89 1	3 2	48 2	46 1	44 2	21 2	82 1	70 1	60 1	12 1	78 3	66 3	54 1	86 2	64 1	22 2	69 2	43 1	73 1	68 1	62 1	17 3	63 4	39 6	28 1	61 1	88 1	81 1	45 2	18 6	83 2	0 3	85 3	32 6	15 3	50 3	65 2	7 1	13 1	49 3	84 1	41 1	75 3	9 1	56 2	40 1	51 1	79 1	26 3	14 4	87 2	31 1	8 4	58 4	80 1	71 2	55 2	1 2	27 1	67 1	74 1	72 2	53 2	37 1	36 2	33 3	24 5	77 3	4 3	34 3	52 2	19 2	25 1
56 5	69 5	3 5	83 2	27 2	32 1	79 2	11 1	21 2	19 1	14 1	70 1	80 1	62 2	89 1	38 2	31 1	67 2	42 1	15 6	66 1	54 3	41 1	75 4	35 2	6 3	63 2	74 2	81 1	24 1	77 1	48 1	10 4	68 2	7 6	76 1	4 3	9 1	25 3	50 2	12 1	33 1	58 3	16 1	22 1	85 2	82 9	17 1	29 1	88 1	78 1	37 1	2 2	61 1	84 1	49 2	55 3	5 3	43 3	39 1	40 1	59 2	13 6	0 4	28 7	45 2	20 4	86 2	51 1	52 2	53 2	30 1	36 4	71 7	57 2	72 3	64 1	34 1	65 1	87 1	73 2	23 1	26 1	60 2	8 3	47 6	44 1	46 1	18 1	1 1
40 2	5 5	66 1	46 2	80 3	18 1	42 4	60 3	7 1	8 1	55 2	77 1	17 1	87 2	31 2	69 2	63 3	26 1	88 4	25 1	1 2	10 1	54 1	82 1	36 1	50 2	85 1	81 2	65 2	64 2	86 1	4 2	27 2	61 2	68 2	72 1	44 1	34 3	84 4	20 3	39 1	11 4	30 3	29 2	45 3	67 1	71 1	83 1	76 3	12 1	52 3	74 2	70 1	79 2	33 2	15 5	56 2	48 1	62 1	59 3	23 2	73 2	32 2	35 1	22 1	3 2	89 2	49 2	47 1	9 4	2 5	37 4	75 2	21 3	41 1	38 2	6 1	58 2	24 1	16 1	51 1	43 4	78 1	28 1	53 1	0 1	14 1	13 1	19 2	57 1
63 1	51 2	37 1	89 3	40 3	44 1	39 2	70 1	3 2	8 5	6 2	71 1	59 3	85 1	72 3	41 2	30 1	66 2	68 2	73 1	16 1	31 4	64 1	27 1	65 2	38 2	29 4	10 3	48 1	21 1	0 1	11 2	67 1	76 4	13 1	54 7	25 1	53 4	88 2	22 1	83 1	5 1	58 2	84 2	46 1	24 2	50 1	35 3	79 1	75 2	7 7	32 1	15 2	26 4	69 3	2 1	49 3	87 1	61 4	86 2	78 2	9 2	23 1	60 2	4 7	62 1	47 1	33 4	80 1	77 1	57 2	81 2	20 2	55 2	36 2	43 3	12 2	82 2	17 1	28 4	56 2	52 2	74 2	1 1	19 4	45 3	34 1	42 1	14 2	18 7
45 3	41 1	81 1	20 1	64 3	71 1	15 3	9 1	0 1	87 2	49 2	74 5	53 1	5 1	63 1	46 3	89 1	16 4	40 4	70 1	54 1	34 1	19 2	38 1	82 1	1 3	66 5	37 1	29 1	39 2	31 2	28 1	85 3	80 1	67 1	30 2	76 1	58 2	88 4	7 1	24 1	62 2	57 1	43 3	26 2	59 2	14 1	21 4	48 3	55 6	18 1	35 1	44 3	13 3	84 2	8 1	83 3	78 1	25 1	50 5	65 1	56 2	51 1	11 1	4 2	32 1	86 1	33 2	77 1	52 2	23 3	75 2	68 2	69 2	12 2	42 6	17 1	2 1	27 1	47 1	60 4	72 1	79 2	61 1	6 3	3 3	36 1	22 1	10 3	73 2
40 1	30 1	63 3	41 2	7 1	77 1	0 2	38 1	3 1	27 1	79 2	56 1	71 4	86 1	47 1	29 1	44 1	50 1	58 4	2 2	75 1	48 2	42 9	57 4	16 2	35 1	80 4	64 4	81 1	14 1	45 1	25 3	18 6	11 3	89 3	68 4	22 1	31 1	82 2	74 2	87 3	67 2	1 4	21 1	83 1	73 2	59 7	51 1	49 1	65 4	26 1	15 2	19 1	24 1	78 2	36 1	62 2	54 3	20 1	85 1	28 3	37 2	84 3	70 3	10 1	52 1	23 1	55 2	8 1	53 1	72 1	17 2	32 1	6 1	5 1	46 1	12 2	88 1	69 2	4 1	76 1	33 3	60 1	34 4	13 1	39 1	43 3	66 2	9 2	61 3
