70	80
45 2	47 3	14 1	59 5	54 2	16 1	55 1	42 1	69 2	25 2	53 2	19 5	5 1	6 3	79 1	44 1	9 3	3 1	72 1	76 1	65 4	71 2	17 1	52 1	37 1	74 3	77 1	8 1	51 1	21 1	57 2	38 2	2 1	31 1	64 3	56 1	18 1	78 1	61 1	60 3	35 2	24 3	22 1	46 5	4 1	66 2	33 3	29 2	27 2	15 3	10 1	41 7	32 1	0 1	67 1	13 1	50 2	48 2	1 1	36 4	43 1	73 3	23 2	34 1	12 3	68 1	75 2	39 2	70 2	28 1	20 5	62 1	58 2	30 2	7 2	26 3	40 1	63 1	11 5	49 1
26 2	61 1	46 4	39 3	25 1	78 3	76 3	73 2	4 1	42 1	45 1	10 1	55 1	50 1	34 2	58 1	23 1	31 2	70 3	44 3	22 1	28 1	32 1	79 2	11 3	29 2	38 3	21 2	35 1	17 1	47 3	43 1	15 2	69 1	48 2	77 4	49 1	68 1	57 2	30 3	27 4	67 1	19 1	52 2	59 1	9 4	13 2	20 1	64 1	37 2	66 1	75 2	63 1	65 1	5 3	24 2	53 6	1 1	41 1	2 5	74 1	7 1	54 2	12 2	16 4	33 1	40 3	62 1	60 1	51 2	0 1	36 1	3 1	56 1	14 2	71 1	6 3	18 2	72 1	8 2
32 1	70 3	47 2	15 2	35 4	24 1	10 1	73 1	44 1	61 2	53 1	75 2	9 1	71 2	58 1	5 1	25 4	52 3	30 4	60 3	19 2	3 1	79 1	65 1	29 6	17 1	13 4	7 7	67 1	78 2	40 3	72 1	31 1	22 1	49 1	56 1	55 5	4 1	16 2	63 1	54 1	45 1	68 1	48 3	28 2	12 4	20 1	11 3	74 1	43 5	2 1	66 1	1 4	64 2	23 1	8 1	51 4	77 1	27 3	46 5	39 2	38 2	14 1	42 2	57 1	59 1	34 1	33 2	26 1	69 3	21 1	50 1	0 1	6 1	18 2	62 1	37 2	36 1	76 1	41 1
6 2	34 1	14 3	48 2	46 1	42 2	31 1	27 1	47 1	73 3	19 3	10 2	61 1	76 1	78 1	25 3	55 1	63 1	74 3	64 2	11 2	53 2	77 2	13 1	23 1	21 1	70 1	35 1	8 5	33 3	30 1	68 2	51 3	65 1	38 1	67 1	12 1	17 1	40 1	71 1	18 1	72 1	26 2	62 1	45 1	36 4	29 2	22 1	60 2	79 2	41 1	32 1	3 1	52 2	2 1	20 1	54 3	1 2	69 1	44 2	37 3	75 1	66 3	57 1	15 1	7 1	24 4	49 1	0 4	50 2	59 2	43 2	39 1	5 1	9 2	28 2	56 4	58 4	16 1	4 2
40 1	71 2	9 1	66 3	3 1	76 2	37 1	38 2	13 4	74 1	46 1	34 1	15 1	64 1	33 2	72 5	45 2	4 5	28 1	77 1	5 1	29 3	2 6	20 2	16 5	1 1	47 1	10 1	79 1	69 2	18 1	32 1	31 1	73 2	30 3	56 5	58 1	59 1	53 2	26 1	57 1	78 2	12 2	41 1	63 1	11 1	21 1	67 1	62 1	54 2	65 2	43 4	0 1	19 1	24 1	7 3	39 2	50 1	14 2	42 2	36 1	51 5	44 1	25 1	27 1	6 1	55 1	61 8	22 2	60 2	49 5	75 1	70 3	23 1	68 2	52 1	8 1	48 2	35 1	17 2
19 3	58 3	31 2	52 1	34 1	18 1	23 1	2 5	69 1	78 1	7 2	45 2	72 1	24 1	73 4	44 2	47 1	42 5	59 3	0 2	62 6	48 2	3 6	55 3	13 1	21 1	64 1	74 1	27 1	25 1	22 7	28 1	60 1	63 2	38 1	70 1	26 1	29 4	36 1	49 3	30 1	8 1	1 1	76 2	17 7	6 2	71 1	67 3	79 2	12 2	35 2	11 2	10 1	56 4	66 1	54 3	39 3	16 2	75 1	40 3	65 3	5 6	46 4	4 2	43 3	14 1	37 3	57 1	32 1	53 4	68 1	50 1	77 1	51 1	41 1	33 1	20 3	9 1	15 1	61 6
52 2	16 1	39 4	25 1	5 1	78 2	72 1	49 2	30 4	65 2	55 2	60 2	46 1	17 1	20 1	7 2	43 1	47 1	10 1	71 1	50 2	37 1	2 2	28 3	13 2	63 1	1 1	3 2	70 1	33 1	6 5	9 1	23 1	34 1	31 3	15 1	75 1	11 1	40 5	35 3	44 6	24 4	66 1	62 2	4 2	45 2	48 1	18 1	42 3	8 1	32 4	53 1	41 3	57 4	0 5	73 1	69 2	19 1	56 2	12 1	51 1	21 5	14 1	77 2	64 1	61 1	67 2	54 1	59 1	68 1	27 1	36 1	22 1	74 1	29 1	79 1	58 1	76 2	26 3	38 1
10 1	52 1	50 1	25 5	45 1	27 1	70 1	5 1	29 2	30 3	38 1	67 1	0 1	31 1	55 1	2 3	49 1	19 1	24 2	54 4	68 1	53 1	35 3	41 2	42 1	18 1	23 1	77 3	62 2	44 2	48 1	73 4	40 3	21 1	37 2	1 4	32 1	26 1	39 1	22 1	3 2	28 1	60 3	9 1	76 1	4 1	6 2	58 1	63 2	75 2	46 4	8 1	17 2	7 2	78 3	71 1	65 2	61 4	33 2	56 1	79 1	36 1	12 8	13 2	11 1	43 1	15 3	72 2	74 1	34 1	16 2	14 1	59 1	57 2	69 1	47 1	64 1	51 2	20 3	66 6
26 1	42 4	35 1	2 2	14 1	70 3	1 1	11 2	20 1	36 1	71 2	75 5	52 2	77 1	62 3	76 1	61 2	68 1	50 1	44 3	4 1	18 3	32 3	6 1	66 1	49 1	12 1	7 4	60 1	78 3	79 2	45 3	10 2	58 3	65 1	17 1	21 3	54 1	15 5	39 1	59 2	67 1	9 1	55 2	22 1	51 4	46 1	3 2	5 1	29 1	47 1	40 1	23 1	25 2	19 2	53 2	41 1	34 1	16 1	33 2	31 2	69 2	57 3	74 1	72 2	28 2	8 3	48 1	38 4	63 2	43 2	0 2	37 1	64 1	56 2	27 2	73 1	24 1	30 3	13 1
66 1	16 1	72 3	6 3	15 1	73 1	51 1	46 2	74 1	70 8	27 2	29 1	23 1	0 1	47 1	38 2	32 1	58 1	57 5	13 2	8 2	78 1	69 1	42 1	54 1	56 4	28 1	44 1	30 1	3 6	79 1	59 5	12 2	67 2	76 1	77 1	14 1	50 1	65 2	11 3	48 1	1 4	63 3	36 2	60 2	75 3	33 2	2 2	22 2	7 1	64 2	9 9	20 1	21 2	37 1	49 4	25 1	26 4	35 2	40 1	53 1	24 3	39 5	10 1	71 3	31 5	62 3	5 3	45 3	68 2	41 1	34 1	19 1	55 3	18 1	4 2	43 3	61 3	17 1	52 3
41 3	10 2	6 1	21 1	70 1	58 1	71 1	39 1	73 3	14 2	78 3	40 1	54 1	31 1	18 2	1 4	16 1	62 2	11 1	79 3	51 3	9 1	26 1	47 1	56 1	48 2	57 2	37 2	36 2	29 2	2 2	13 1	50 5	15 7	43 2	74 6	22 2	53 5	52 1	34 2	59 1	8 1	19 3	33 1	28 1	66 3	49 1	5 1	77 1	3 1	32 1	0 1	72 2	4 1	12 1	45 1	67 1	60 2	46 1	24 2	69 1	61 1	27 1	38 1	76 3	42 4	75 1	17 2	68 2	35 1	25 4	23 1	63 3	30 4	55 2	44 2	7 1	65 5	20 3	64 1
36 3	9 2	31 1	8 4	63 1	22 2	48 1	5 2	21 1	58 3	40 1	62 1	23 1	26 6	70 2	78 2	67 1	0 3	10 1	43 2	73 1	12 1	7 2	77 1	47 2	65 2	46 1	30 1	34 3	33 1	32 3	66 2	55 1	16 1	51 1	13 1	42 2	75 3	53 2	72 1	68 2	11 1	76 1	17 3	25 2	6 1	3 3	35 4	4 1	74 3	1 1	56 3	29 4	49 2	24 5	79 3	28 1	38 2	14 1	15 1	60 2	71 2	41 7	27 2	44 1	37 1	64 3	69 1	18 1	52 1	61 3	45 1	2 1	39 1	54 3	50 1	19 4	57 3	20 2	59 1
64 1	1 1	51 1	59 3	44 1	40 2	15 3	73 3	35 1	30 2	75 2	72 1	54 1	32 4	18 1	69 2	14 4	63 2	5 1	55 4	12 4	34 3	33 1	28 1	37 2	41 3	76 1	31 2	46 1	57 1	48 2	13 2	38 3	24 3	56 1	52 2	43 1	78 1	6 2	16 1	49 2	0 1	70 6	10 2	42 2	23 3	39 2	25 2	62 1	29 2	11 1	3 1	58 2	22 3	7 2	2 1	67 1	60 1	66 1	4 1	74 1	68 3	50 1	8 1	71 1	9 2	21 1	47 1	79 2	17 3	20 1	61 1	27 1	19 1	65 2	26 2	53 1	45 1	36 1	77 1
3 3	51 2	27 2	30 1	1 1	5 1	35 1	12 1	36 1	14 3	65 3	8 4	54 1	21 1	4 3	64 2	33 1	11 2	41 1	72 1	75 1	67 3	66 2	61 3	57 1	6 3	9 4	2 1	50 10	52 2	13 2	78 3	47 4	68 3	74 1	46 2	28 2	62 1	56 1	55 1	44 1	37 1	7 2	39 1	26 1	58 1	69 2	49 2	60 1	40 1	19 1	24 1	45 1	25 1	20 1	70 1	42 1	29 1	38 1	31 2	77 2	16 1	10 4	17 4	73 1	0 2	59 1	22 1	15 2	79 1	43 1	18 2	48 2	71 2	34 3	63 1	32 1	23 2	76 3	53 2
38 3	63 2	59 1	11 1	4 1	9 4	62 1	44 1	19 1	76 3	68 3	6 1	71 2	35 1	74 2	33 3	54 3	13 3	60 1	52 3	21 2	65 1	66 4	32 1	0 1	15 1	14 1	5 1	48 2	47 5	31 1	1 3	49 1	69 2	23 1	61 3	72 7	20 3	77 5	10 1	16 1	64 3	40 1	43 4	29 2	2 2	42 2	26 2	7 3	12 1	78 3	3 1	73 1	51 2	36 1	53 3	34 1	57 1	30 1	41 3	37 3	46 3	18 2	50 7	67 1	56 1	28 1	25 1	58 1	22 2	75 1	55 2	24 1	79 1	17 2	45 3	27 2	8 2	70 1	39 4
63 1	0 3	20 4	6 3	25 1	42 2	19 1	49 2	2 2	22 1	23 1	29 3	34 3	62 2	54 4	53 4	77 1	60 6	75 1	37 6	55 1	44 9	46 2	21 2	3 2	56 3	33 1	43 2	9 3	57 6	18 2	51 2	15 2	50 5	76 1	71 3	27 1	4 7	30 3	61 2	32 1	47 1	14 3	17 3	79 5	26 4	59 1	74 6	58 4	28 3	39 2	70 5	78 1	64 2	7 3	35 1	1 1	24 2	68 2	52 2	40 1	10 2	36 5	13 2	73 2	12 1	72 1	65 5	67 1	69 1	41 3	66 1	5 1	48 4	11 1	38 2	31 1	16 5	45 2	8 1
9 3	70 2	29 2	72 3	30 4	47 1	20 1	22 2	58 2	38 1	34 3	63 4	64 1	45 1	75 1	25 3	56 2	60 1	62 1	21 3	1 1	65 4	13 2	41 1	53 2	7 1	36 3	35 1	4 3	68 1	57 3	16 2	39 6	26 1	46 1	32 8	52 8	18 2	0 2	23 5	8 1	33 1	31 1	54 2	12 1	69 2	43 2	48 3	66 7	15 1	11 2	10 2	77 1	6 3	28 1	50 2	40 1	76 1	37 1	14 3	27 2	3 1	67 1	2 1	5 1	74 4	78 1	55 1	24 2	49 1	59 1	51 3	61 3	79 3	71 2	42 3	44 1	17 2	73 1	19 4
45 1	10 2	72 5	17 1	50 1	34 2	65 2	18 3	11 1	20 4	39 7	9 2	63 2	5 4	59 1	42 3	35 4	70 1	16 3	75 1	33 3	13 4	77 1	28 1	4 1	3 3	47 1	12 1	67 1	24 2	51 3	79 3	57 1	43 2	29 1	1 1	6 1	26 1	68 4	8 4	76 1	71 1	48 2	2 1	56 2	27 2	55 2	64 3	73 3	37 1	44 4	30 1	7 2	46 1	22 1	15 2	62 2	38 2	32 1	19 2	41 1	78 2	74 2	25 7	14 3	60 1	0 3	66 1	49 1	61 2	36 1	52 1	53 2	21 3	40 1	31 1	69 4	23 1	58 3	54 2
62 1	44 2	12 2	27 1	16 1	40 6	73 2	1 1	6 2	53 6	60 2	65 3	17 2	50 2	47 1	15 1	42 1	26 1	13 4	71 2	2 3	35 1	67 4	38 3	34 3	33 5	46 1	51 2	64 1	3 2	32 1	31 5	48 2	25 4	68 4	0 2	5 1	20 1	72 1	10 1	75 1	39 2	9 2	43 1	69 2	36 1	14 2	76 2	63 2	8 1	28 1	4 1	79 1	52 1	61 1	45 1	66 2	74 6	41 1	19 2	30 1	55 1	22 1	24 1	58 2	49 1	56 1	57 1	21 3	7 1	78 1	59 2	29 3	18 1	54 1	70 1	77 1	23 4	11 3	37 2
20 3	72 2	15 2	70 3	22 2	61 2	26 1	35 1	38 2	55 2	43 1	74 1	11 2	71 4	39 2	50 1	56 4	14 2	78 3	7 1	33 2	41 1	4 1	60 1	79 1	66 2	75 1	45 1	46 1	9 1	42 1	76 1	17 2	23 1	1 1	67 1	44 4	27 1	25 1	69 2	49 1	21 2	65 2	0 3	6 1	77 6	57 3	31 2	32 2	18 4	53 7	19 6	3 1	12 6	73 4	48 1	8 1	34 1	30 1	40 2	29 4	36 1	63 2	24 1	68 1	28 1	47 1	10 1	52 2	13 3	62 4	5 1	16 3	58 1	64 1	37 1	51 3	59 1	2 2	54 1
40 1	58 1	18 3	25 1	36 1	55 4	26 1	30 1	44 1	57 1	63 5	73 1	79 2	45 1	56 1	35 1	51 3	16 2	42 1	20 2	24 2	9 1	52 1	50 1	29 1	41 1	32 1	70 1	31 1	38 1	10 4	2 3	62 2	78 3	68 2	28 1	76 1	71 4	53 4	74 1	67 2	17 5	4 1	72 1	13 2	60 2	15 1	14 5	46 2	49 4	23 3	1 1	34 2	66 3	47 3	64 1	65 2	11 3	75 2	37 3	33 2	19 2	5 2	61 2	54 1	39 1	69 3	22 1	43 1	59 2	21 2	3 1	6 2	48 2	27 1	12 2	77 1	8 2	0 2	7 1
11 2	70 1	68 1	25 1	78 3	10 1	59 1	35 3	26 1	46 5	55 1	75 1	18 1	72 1	19 2	39 1	7 2	57 1	61 3	58 4	63 2	51 1	5 2	29 2	4 1	0 1	12 1	17 3	6 5	76 1	2 1	33 1	65 1	40 1	52 5	36 1	60 5	34 1	14 1	15 1	53 1	50 1	73 1	38 1	16 3	28 3	37 2	21 1	1 1	32 2	54 2	43 2	42 4	56 2	13 3	31 2	67 3	74 1	77 1	30 1	9 1	71 2	64 4	24 5	69 2	8 4	20 2	44 1	22 1	66 1	3 2	49 1	79 1	45 1	62 2	41 4	27 2	23 2	47 2	48 1
77 2	74 1	44 1	59 1	37 1	54 2	0 6	31 3	56 3	36 1	24 2	7 4	26 1	72 4	6 2	58 1	51 1	18 6	50 1	1 1	49 1	40 3	62 6	21 1	63 2	79 1	76 2	67 1	65 2	60 4	35 2	19 1	55 1	45 2	23 2	70 6	29 2	34 2	13 1	53 2	14 3	32 2	42 2	71 1	5 2	68 2	46 1	22 1	11 2	69 4	38 4	66 1	28 1	57 2	16 1	33 6	4 3	64 3	48 2	27 3	8 1	2 5	47 2	78 2	30 2	20 1	43 4	52 1	9 2	41 3	61 1	17 9	73 2	75 1	25 2	39 1	15 1	10 1	3 1	12 1
37 1	53 2	29 2	44 2	77 3	26 2	33 4	58 4	43 1	75 3	59 3	47 1	4 1	27 1	23 1	11 1	49 1	57 1	41 1	42 1	48 6	8 4	21 1	40 1	54 4	67 1	72 1	45 4	51 1	60 1	0 5	3 2	20 1	63 1	74 1	70 5	79 1	1 1	69 2	2 4	62 4	7 4	24 1	56 2	25 1	71 1	78 2	39 6	15 2	5 4	65 1	64 1	34 1	16 2	68 1	18 1	14 2	13 1	32 2	35 1	52 1	76 4	61 2	66 2	22 1	50 1	6 1	17 1	38 1	55 1	30 4	9 2	31 1	12 1	19 1	36 1	10 2	46 5	28 1	73 1
20 1	75 2	50 4	34 1	28 1	52 2	13 2	73 1	68 1	40 2	5 1	36 1	15 1	4 1	56 1	12 1	70 1	3 2	2 1	57 1	27 4	19 4	48 1	53 1	59 2	9 3	39 4	66 1	25 1	38 1	46 1	32 3	11 7	55 1	54 1	78 1	37 1	76 3	17 1	58 1	8 1	22 2	45 2	62 3	10 1	33 7	69 1	49 1	44 1	79 3	41 1	16 2	31 1	18 1	64 1	6 3	71 1	67 4	61 3	21 3	24 5	29 3	63 1	72 4	60 1	30 4	51 2	65 3	0 1	35 1	23 3	74 5	47 2	14 1	1 1	77 3	7 1	43 1	42 2	26 2
42 2	52 2	51 4	75 4	76 1	31 2	47 1	62 1	17 1	25 1	15 1	23 1	12 3	8 1	41 4	78 2	18 1	4 2	16 1	45 1	50 2	3 1	0 1	69 4	71 1	30 1	36 2	22 1	63 2	64 1	5 4	26 2	44 2	10 1	48 1	56 1	32 5	1 1	57 1	6 1	37 1	79 3	53 1	7 2	40 2	34 1	73 2	74 5	68 5	46 1	19 2	9 1	66 2	55 3	58 1	33 1	77 3	20 2	14 1	2 2	38 1	24 1	60 2	43 2	65 3	29 2	54 1	27 2	11 1	70 2	13 1	59 2	35 1	21 5	72 1	49 1	67 4	28 2	61 3	39 1
53 2	40 5	60 2	70 1	73 1	2 1	76 1	77 1	52 1	50 1	54 2	18 1	44 6	33 6	62 5	49 1	69 1	46 3	27 3	5 1	48 1	23 2	43 1	29 2	20 1	51 2	66 1	28 1	26 2	13 3	10 2	14 2	59 4	58 1	67 3	78 3	30 7	61 2	42 3	24 3	38 1	21 3	37 1	75 1	63 4	25 2	1 2	71 1	12 6	39 1	11 2	35 3	56 3	68 3	31 1	45 3	36 2	7 2	72 2	55 1	65 1	0 1	4 2	32 1	8 1	57 1	47 1	17 4	9 2	22 2	79 4	34 1	41 1	6 1	15 2	16 2	74 1	64 1	19 1	3 4
29 2	30 1	39 1	55 1	65 3	20 2	23 2	51 1	26 2	59 3	6 5	17 2	8 1	35 2	7 4	44 2	47 6	64 3	60 1	71 1	57 1	79 2	50 1	12 4	76 1	4 1	70 2	54 2	67 1	36 2	5 1	66 1	14 1	58 1	53 3	38 1	32 1	27 2	41 5	46 3	40 1	56 1	0 1	52 4	9 3	48 3	31 3	11 1	33 1	49 1	10 2	43 3	62 1	63 1	25 3	73 4	3 1	2 1	15 1	74 5	42 2	34 1	69 2	13 2	19 2	37 1	78 1	21 2	75 1	28 2	24 6	16 2	45 1	72 2	61 2	77 1	1 3	22 8	18 2	68 2
50 1	16 1	23 2	34 4	77 2	64 1	76 2	24 4	20 1	66 2	13 4	6 4	67 3	37 2	40 2	25 1	55 1	38 1	65 1	7 2	59 2	17 1	31 1	75 1	42 3	58 1	45 5	27 4	26 1	61 1	0 1	19 1	70 2	2 2	47 4	46 4	30 3	71 3	10 7	79 2	73 3	57 2	44 7	18 1	60 3	21 2	56 1	3 1	33 2	36 1	69 1	48 1	43 1	41 2	32 8	68 3	72 1	39 2	74 1	54 1	12 2	15 1	51 1	78 2	63 1	28 1	62 2	52 1	22 1	53 1	9 4	35 4	5 1	11 1	4 1	49 4	8 3	14 1	1 5	29 1
8 2	68 3	35 2	75 3	31 2	23 1	56 1	7 3	66 1	62 2	49 4	54 1	1 1	76 1	12 1	53 1	21 3	58 2	36 1	47 1	19 1	77 1	67 2	32 4	18 1	0 1	63 2	15 1	22 3	5 3	64 3	42 6	79 2	74 1	4 1	51 1	40 1	30 2	65 3	48 4	16 3	44 1	6 2	70 2	13 2	38 3	46 1	45 5	73 1	25 1	9 2	10 1	57 2	2 2	24 1	60 2	37 3	28 4	34 1	61 2	20 1	29 2	14 2	50 1	43 2	78 5	52 1	33 3	3 5	39 6	27 1	41 2	11 2	72 2	26 1	59 5	17 2	55 2	69 1	71 1
38 2	24 1	18 4	40 2	28 2	7 1	62 1	3 1	52 1	35 1	66 1	76 1	41 4	10 1	5 1	65 1	67 2	1 1	49 2	13 2	23 2	59 5	25 2	71 1	36 1	58 2	57 2	68 1	77 5	64 1	39 4	74 2	21 2	51 2	37 1	9 1	11 1	8 1	26 5	20 1	46 1	44 2	45 1	73 1	78 1	70 4	12 1	27 1	75 1	16 3	33 2	43 1	17 1	2 1	61 1	79 2	47 1	32 1	31 1	63 6	55 1	22 1	42 1	14 1	72 4	54 1	4 2	56 1	60 1	69 2	0 6	29 1	15 3	19 1	6 2	53 2	48 4	30 2	50 1	34 2
75 1	49 2	19 3	78 1	15 1	53 1	13 1	10 3	79 2	56 1	17 4	27 1	24 1	70 1	9 1	66 1	51 1	7 2	12 2	26 1	50 5	73 1	0 1	18 2	43 1	11 1	2 5	54 2	45 6	36 1	40 1	44 2	25 1	1 1	16 1	74 1	55 1	42 1	8 1	64 2	35 2	21 1	68 1	30 2	39 1	4 2	61 1	33 2	20 1	77 3	71 1	28 2	62 2	38 3	47 2	63 4	46 3	69 5	57 3	76 1	5 2	59 2	37 1	23 1	41 4	6 1	32 2	65 4	72 1	31 1	60 1	29 1	67 1	3 2	52 1	14 2	22 3	58 5	48 2	34 1
25 4	66 2	63 1	72 4	47 1	29 2	45 1	33 1	58 4	6 2	26 1	11 1	53 2	19 2	18 1	23 2	39 4	3 2	67 1	71 1	68 1	46 2	22 2	10 1	31 1	32 1	42 4	15 1	77 2	64 2	59 2	35 5	54 3	28 1	16 5	14 1	20 1	49 4	0 2	76 1	52 2	50 4	5 1	24 1	1 2	27 3	12 6	4 1	65 1	75 2	56 1	9 1	57 1	7 1	44 3	40 4	79 2	17 3	78 1	61 7	38 2	62 1	21 1	2 4	13 1	70 2	55 1	73 1	51 1	69 6	37 1	48 1	34 3	41 2	43 2	36 5	60 3	30 1	74 4	8 2
25 2	53 2	62 1	18 2	55 3	71 4	50 1	19 5	59 1	8 2	70 2	11 1	36 4	75 1	44 4	2 6	45 1	14 2	76 5	65 2	47 2	73 1	22 2	66 1	10 2	64 1	57 2	17 6	39 1	77 1	69 2	78 3	42 2	15 3	23 1	16 1	35 2	61 2	1 2	12 1	63 3	46 1	4 3	58 2	40 1	33 1	49 1	26 4	5 3	24 2	37 1	21 2	7 1	38 2	13 3	43 1	27 1	34 1	20 1	0 2	51 1	72 2	48 3	68 1	67 1	9 3	74 1	56 4	79 1	30 13	3 1	32 1	60 1	54 1	31 1	29 4	41 3	52 2	28 2	6 1
72 2	25 2	58 6	40 2	55 3	1 1	59 1	30 1	11 3	48 1	69 2	78 1	63 1	32 2	41 1	53 2	64 1	57 1	54 4	73 1	18 1	8 2	27 4	24 1	10 2	68 2	15 2	38 5	56 3	51 3	65 2	5 1	22 1	44 2	35 2	70 1	13 3	43 1	28 1	3 1	77 5	9 3	39 1	31 3	20 1	33 1	36 1	4 4	21 1	47 1	75 1	60 1	42 1	12 2	74 1	62 1	76 1	14 2	71 2	37 3	79 3	29 6	50 2	67 2	7 1	2 5	16 11	19 1	45 2	34 4	23 1	6 2	46 2	26 3	61 1	0 2	66 1	52 1	17 1	49 1
40 10	39 4	15 1	10 1	8 3	64 5	16 1	38 6	28 2	43 4	79 1	14 2	2 5	45 1	11 1	3 1	4 4	32 8	33 2	21 1	66 2	51 2	1 2	9 1	27 2	0 3	78 7	44 1	76 2	34 4	12 1	54 1	23 1	67 5	77 1	56 1	35 2	61 2	7 3	20 1	46 2	26 2	37 1	60 3	42 3	73 5	18 4	53 8	41 1	75 3	62 4	68 1	13 2	25 2	50 2	22 2	57 1	55 4	31 3	70 1	58 4	63 1	36 2	49 2	17 1	29 2	48 1	72 2	74 3	59 4	5 1	6 2	19 2	52 1	30 1	24 1	47 2	71 3	65 3	69 2
63 2	14 1	54 6	64 1	72 2	29 1	24 1	25 2	4 4	75 1	11 8	32 2	65 1	52 1	36 1	40 2	67 3	50 5	3 1	39 2	13 2	20 2	38 3	78 1	45 1	62 1	1 1	56 1	35 1	22 1	7 1	49 2	28 2	43 1	68 2	42 3	69 1	37 1	19 1	66 1	26 1	73 3	8 2	71 1	47 1	46 4	23 1	77 1	6 5	17 4	0 11	61 11	15 1	31 1	12 1	5 1	76 2	44 1	60 1	18 2	48 4	2 3	74 1	10 1	55 2	79 2	33 4	70 2	57 1	9 1	58 1	53 1	34 1	27 2	51 3	41 1	16 2	21 2	59 1	30 1
77 2	19 2	36 1	58 2	26 3	25 1	4 1	49 2	27 2	18 1	35 1	43 2	47 2	29 4	16 1	64 2	1 2	14 1	11 1	5 4	63 1	42 1	40 6	48 2	39 1	52 2	76 1	54 2	3 1	45 2	73 1	70 1	10 1	24 2	28 4	22 2	46 1	74 1	7 4	41 1	2 4	55 1	61 1	72 1	51 2	33 1	56 1	34 1	66 1	57 1	69 2	62 1	75 9	79 1	9 4	12 1	15 1	8 3	65 6	59 3	17 2	78 1	37 4	31 2	60 1	67 1	30 1	50 1	0 1	68 3	53 1	13 2	44 3	21 5	38 2	23 1	6 1	20 1	71 1	32 2
65 2	9 2	37 1	74 1	18 3	46 1	20 4	3 1	4 1	23 1	69 1	62 3	1 1	61 1	19 3	42 2	60 3	26 1	40 2	77 1	28 1	51 1	38 1	34 1	8 1	43 1	76 2	25 2	71 3	12 4	21 1	49 1	68 1	70 3	11 3	59 4	16 3	53 1	10 1	66 1	47 5	56 2	0 1	75 7	67 1	17 7	14 2	13 2	52 1	39 2	48 1	30 3	7 1	5 1	15 1	72 4	55 6	79 2	6 3	31 1	24 1	45 1	73 1	33 1	44 1	29 2	35 1	58 1	54 1	50 1	41 2	32 2	36 3	64 3	22 2	2 1	27 3	78 1	57 3	63 1
16 1	2 1	22 1	40 1	30 2	9 3	53 1	76 1	49 3	3 1	46 2	29 1	78 1	18 1	21 1	24 2	74 1	8 1	27 1	79 1	54 2	68 1	28 1	0 1	13 1	23 6	34 1	20 1	19 3	58 2	59 1	36 1	25 1	4 1	72 6	64 7	15 3	37 1	50 2	75 2	38 2	11 1	69 4	12 1	73 1	32 4	14 2	48 2	77 1	65 1	55 1	45 1	60 5	5 2	39 7	70 1	43 1	51 6	44 3	26 5	41 2	42 4	47 2	57 1	33 2	67 1	71 2	52 2	7 2	63 3	10 2	6 1	1 2	35 1	31 3	61 4	66 2	17 1	62 1	56 1
75 1	5 6	59 3	29 3	65 1	44 2	19 4	6 1	64 1	63 1	31 2	15 4	32 3	40 2	71 2	33 1	9 5	76 2	16 3	24 1	4 2	73 1	70 4	0 9	62 2	13 2	68 2	35 1	1 1	11 8	10 3	58 2	37 1	22 2	50 1	20 2	42 1	51 4	61 2	48 1	55 5	21 1	77 2	30 4	57 7	8 1	54 1	52 3	36 1	14 1	78 3	25 3	3 8	56 1	7 1	45 2	53 4	18 2	72 1	43 3	60 2	47 1	67 4	39 1	23 5	49 1	2 1	69 5	46 1	79 1	28 1	41 3	27 2	26 1	34 1	74 2	66 3	17 1	12 1	38 1
4 2	76 2	23 6	20 3	33 1	0 1	38 1	31 2	49 1	51 1	13 1	50 1	15 3	58 2	57 2	48 1	68 1	17 1	71 1	54 8	25 1	66 5	59 5	10 1	12 1	24 2	52 1	45 1	69 1	19 1	21 3	65 1	43 1	46 1	62 2	3 1	27 1	55 3	35 1	29 1	77 2	30 3	16 2	44 3	75 1	5 2	28 3	70 3	47 2	9 2	40 2	18 1	64 1	1 5	2 1	14 3	36 2	6 1	79 1	78 1	63 3	60 1	42 1	22 1	34 1	8 2	26 1	72 2	61 1	41 1	32 2	56 1	37 1	11 1	67 1	53 1	73 1	39 1	7 2	74 1
43 2	0 1	20 2	37 2	48 1	65 2	75 1	29 4	35 2	39 1	66 1	42 3	60 2	33 1	76 2	25 2	78 1	70 1	41 1	44 1	9 1	50 1	52 2	4 2	46 1	24 1	21 1	23 1	32 1	3 1	8 1	11 3	30 1	51 4	12 5	40 3	72 1	14 5	45 4	15 1	55 1	59 2	22 1	73 1	31 2	5 1	63 1	77 2	27 1	69 2	17 1	36 2	26 1	71 1	49 1	6 1	1 1	56 7	10 1	28 2	34 6	62 2	47 1	18 1	16 9	53 1	74 1	79 1	68 3	57 1	19 1	58 1	7 1	61 2	67 8	2 9	13 1	38 1	54 1	64 3
66 1	54 2	45 2	78 1	47 1	32 1	41 1	29 1	30 4	77 1	36 1	63 1	76 2	71 1	42 1	46 3	15 1	65 1	59 1	18 3	34 3	2 1	0 1	43 1	20 1	51 1	70 2	9 1	3 2	35 2	55 1	50 2	61 3	72 1	21 1	13 3	26 3	48 1	10 1	33 1	68 1	5 3	14 2	27 4	49 3	44 2	56 3	62 4	40 3	24 1	25 2	58 1	57 4	64 1	7 2	60 1	69 4	52 1	1 2	67 2	37 1	6 1	23 2	11 1	74 2	28 2	8 1	17 1	73 1	31 1	79 1	4 1	19 3	39 3	53 4	38 2	12 2	22 1	75 3	16 1
49 4	60 1	22 1	31 2	77 2	76 1	34 1	12 1	0 4	1 3	35 3	62 2	25 5	19 1	44 1	7 3	46 3	30 1	4 2	79 1	78 3	29 1	17 5	11 2	57 1	27 3	32 3	6 6	52 2	16 2	72 6	18 2	9 1	54 2	47 1	50 1	8 4	69 1	73 1	3 1	42 4	51 5	21 1	45 7	67 2	28 1	26 4	5 1	40 1	56 2	13 1	61 8	10 2	23 1	43 1	15 1	63 2	58 2	48 1	75 2	59 1	68 4	55 4	74 3	53 3	64 2	38 1	71 1	36 1	41 5	37 3	65 4	33 1	14 1	70 1	20 1	66 3	39 3	24 3	2 1
63 2	7 3	13 2	37 4	10 1	2 2	68 2	17 1	52 2	56 1	61 2	36 1	66 1	57 1	43 1	20 1	69 3	75 3	4 2	12 2	31 3	25 1	73 1	19 1	9 1	26 1	30 1	70 1	44 1	72 1	27 3	45 1	15 1	6 1	35 2	5 2	67 5	64 1	34 3	41 2	54 3	47 3	55 1	29 1	1 4	53 2	8 1	49 1	3 2	77 1	46 2	23 4	62 2	39 1	40 2	11 5	21 2	18 1	58 2	22 1	65 1	16 1	78 2	51 2	74 1	32 3	0 2	48 2	33 1	60 1	14 1	42 1	50 3	28 2	76 3	79 1	24 1	59 1	71 1	38 2
79 1	3 1	66 6	62 4	26 2	17 2	54 1	72 1	68 2	40 4	46 1	64 1	19 1	69 1	10 2	22 2	73 1	76 1	27 1	23 1	30 1	61 1	13 1	75 1	65 4	44 2	21 1	14 1	1 1	4 1	71 3	70 2	78 1	45 1	28 2	16 1	63 1	74 4	8 3	33 2	15 1	2 5	49 2	11 3	37 1	58 1	39 1	34 1	12 3	55 1	9 5	51 2	67 2	53 4	48 1	56 1	38 1	32 7	35 3	0 3	31 1	25 2	50 1	57 3	77 2	6 1	18 1	29 1	60 3	36 3	5 1	42 4	52 5	43 1	24 2	59 3	7 1	41 2	47 1	20 2
11 3	2 1	53 5	64 2	5 1	58 1	18 3	40 2	14 2	32 2	31 3	21 1	39 4	44 1	29 3	15 1	1 3	62 1	33 1	7 2	38 1	74 2	35 2	6 2	68 1	42 1	13 4	16 3	0 3	12 1	30 3	50 1	57 1	52 1	49 2	36 1	46 2	24 1	79 1	17 5	8 2	63 2	43 1	72 1	26 1	69 1	37 1	51 1	66 3	56 1	34 1	60 1	65 1	19 1	73 2	48 1	20 1	61 1	9 4	27 1	70 3	77 1	45 1	71 4	25 2	10 3	22 2	3 1	41 2	47 1	23 9	75 1	76 1	59 1	55 2	28 1	4 1	67 6	54 2	78 2
44 2	45 1	38 1	36 1	71 1	60 1	32 1	16 1	25 1	46 1	72 3	57 3	11 4	22 1	43 2	18 1	40 2	35 3	73 3	29 1	49 2	37 1	19 1	59 2	7 3	12 4	58 3	66 1	33 1	74 6	62 4	8 6	14 1	21 1	4 1	76 1	31 1	3 1	50 1	48 1	53 1	52 1	9 2	67 1	51 2	15 1	56 2	0 1	65 1	75 1	64 7	13 1	10 1	63 1	20 1	55 1	27 1	47 1	69 1	79 3	6 1	39 2	61 5	34 2	41 1	1 1	23 2	70 1	2 1	5 3	68 1	42 4	30 2	24 1	77 1	17 1	28 1	26 1	78 1	54 4
67 2	41 1	16 1	52 2	15 2	19 2	7 2	54 1	58 3	9 1	56 3	11 2	49 1	55 2	26 2	31 1	76 1	66 2	44 1	47 1	39 1	8 2	37 3	51 1	46 1	42 1	1 3	38 2	13 4	22 1	65 2	77 3	0 1	18 2	25 3	71 2	33 1	64 2	17 4	5 4	72 1	10 1	36 3	40 5	45 4	3 4	50 1	75 2	24 1	34 4	32 2	6 3	12 3	29 1	59 1	2 1	53 3	63 3	60 2	78 1	35 2	30 2	73 4	74 1	70 1	62 1	20 1	69 2	43 1	21 1	48 1	27 1	57 5	14 1	23 2	4 1	28 1	61 2	68 1	79 2
33 2	18 1	21 1	46 1	76 3	57 1	16 1	39 1	22 1	28 2	29 4	7 1	48 2	67 1	61 1	49 1	30 1	14 1	73 1	50 1	36 5	26 6	31 2	0 3	37 3	74 1	12 3	25 1	69 3	2 1	11 1	3 4	41 1	71 1	24 1	6 1	32 1	5 1	66 2	38 1	60 1	45 1	17 1	35 1	15 3	55 3	19 1	27 2	42 1	72 6	54 2	1 4	34 2	53 1	62 3	23 1	8 1	77 2	70 3	9 2	59 2	64 3	75 1	4 1	79 1	20 1	10 1	43 3	52 1	78 3	68 4	13 1	44 2	51 1	65 2	47 4	56 2	40 1	63 1	58 1
68 3	47 1	44 1	76 1	28 2	56 4	71 2	17 1	31 3	36 4	15 1	62 8	16 1	75 1	60 1	21 3	29 1	23 1	48 2	46 1	9 1	22 3	8 3	32 6	40 3	2 3	1 1	25 1	6 1	74 3	38 3	39 3	72 3	77 3	57 4	79 1	5 1	67 1	55 1	59 2	7 3	30 2	52 4	50 1	65 6	61 1	34 2	11 4	12 4	14 3	18 1	53 6	19 1	24 1	63 1	35 1	58 1	10 1	54 1	69 1	42 1	78 1	49 1	4 5	41 2	43 1	45 1	26 2	27 1	33 6	70 4	64 1	73 1	3 2	66 2	13 1	20 2	51 1	37 1	0 3
17 2	60 2	74 4	68 1	54 1	31 2	9 3	64 1	41 4	36 1	42 2	3 1	79 2	2 4	23 4	61 1	70 1	47 1	57 2	78 2	59 1	6 1	28 1	12 5	71 2	39 2	10 1	65 1	76 1	56 1	18 1	0 1	49 2	35 1	13 1	45 2	69 2	15 2	75 2	4 4	55 1	33 1	73 1	8 1	27 5	38 2	40 1	77 5	50 3	11 4	5 3	58 1	34 5	44 1	51 1	16 1	53 1	22 1	72 1	62 2	25 5	21 2	67 1	48 1	52 1	26 1	20 1	30 1	24 1	32 4	46 4	1 4	14 2	63 6	19 1	37 1	29 7	66 2	43 1	7 3
1 3	19 1	2 1	57 1	0 2	13 2	25 2	24 2	72 1	9 1	27 1	64 2	46 4	21 2	37 2	50 1	70 1	6 2	63 1	59 1	40 1	31 1	71 6	39 2	54 1	7 2	34 1	10 2	62 1	75 1	55 4	73 1	48 1	51 1	47 1	36 3	44 4	17 2	58 3	68 2	56 1	8 4	4 1	76 1	49 1	30 3	77 2	52 1	20 1	35 1	69 2	74 2	15 4	61 1	43 1	16 1	38 2	32 1	28 1	26 3	11 1	45 3	22 4	14 1	53 3	23 1	12 2	18 1	41 1	67 6	42 1	66 4	3 1	65 2	79 4	78 1	33 1	60 4	5 1	29 2
13 2	59 1	33 3	11 2	1 2	69 1	2 1	19 3	30 3	63 3	25 2	21 1	38 3	72 2	52 4	42 2	23 3	79 1	31 1	5 2	53 1	39 1	40 1	57 2	70 2	37 1	16 1	45 3	51 1	32 1	49 1	24 2	20 4	8 1	62 1	0 1	77 2	46 1	18 1	65 2	35 2	34 1	67 1	56 1	75 7	58 1	55 3	66 2	60 1	76 1	41 1	78 1	73 1	10 2	36 1	29 2	71 2	48 5	26 2	61 5	22 3	50 1	74 1	64 1	17 1	4 2	12 2	7 4	27 3	3 2	28 1	44 2	68 1	15 2	47 1	9 1	6 1	43 2	54 1	14 1
57 2	78 5	4 3	30 2	0 1	73 1	64 2	62 2	37 1	2 2	25 1	41 1	20 1	40 1	65 1	79 1	56 6	5 5	51 1	46 1	68 1	12 1	74 3	24 1	75 1	48 1	14 2	19 1	32 2	58 1	60 2	13 3	59 1	69 1	27 1	35 2	43 1	38 2	39 1	33 1	11 6	63 1	28 2	23 1	47 4	6 4	34 1	42 1	3 2	67 1	8 2	66 4	53 2	26 2	54 1	1 1	10 1	22 2	15 1	21 2	55 1	70 1	18 2	61 1	44 2	72 2	9 1	36 2	16 1	50 3	52 5	49 1	77 2	7 2	71 1	45 3	31 2	76 2	29 1	17 2
53 1	50 2	47 1	38 3	76 1	65 2	14 3	45 4	54 1	28 2	49 1	6 2	32 3	15 1	72 1	68 3	4 1	56 1	48 3	31 1	44 1	67 1	57 2	69 1	27 1	16 1	74 2	13 1	64 3	75 3	35 3	17 6	77 2	2 3	20 1	60 1	21 1	5 7	26 1	62 1	34 3	58 1	40 2	66 3	78 1	12 1	73 1	51 1	7 6	46 1	3 1	22 5	52 1	36 4	10 1	24 1	8 5	23 2	63 4	19 2	55 1	11 2	33 2	29 2	18 4	43 1	61 2	41 2	25 1	39 1	9 1	30 1	71 1	70 2	59 3	37 3	42 1	79 1	1 2	0 2
43 1	76 2	51 1	45 1	37 7	18 1	23 1	36 1	49 1	30 1	56 1	61 3	52 1	79 1	13 2	60 1	2 2	27 1	32 1	57 1	16 2	1 3	11 1	73 2	42 4	70 5	54 1	26 1	6 2	53 2	17 1	66 3	29 8	64 3	67 3	0 1	48 3	72 1	68 1	14 1	25 1	19 1	38 1	34 1	78 4	65 2	47 1	15 4	40 1	24 1	4 1	75 2	21 1	20 2	77 3	31 1	33 1	74 2	55 3	9 1	44 1	3 3	46 1	22 2	5 1	28 1	39 1	35 3	71 1	10 1	58 1	7 3	63 2	8 4	41 1	12 2	59 1	50 1	62 2	69 3
19 1	24 1	64 1	54 1	60 1	71 4	25 2	74 1	6 2	48 7	37 2	56 1	76 2	4 1	57 1	31 1	17 2	32 4	75 2	34 1	58 1	46 5	10 1	63 4	12 2	39 1	59 1	7 1	3 1	77 2	78 3	69 3	13 2	21 1	26 3	61 1	73 4	18 1	67 2	0 3	33 1	36 2	47 1	20 3	15 2	66 2	27 4	41 2	43 1	51 1	11 1	30 1	22 1	1 3	42 2	2 3	53 3	16 2	45 2	28 4	72 2	49 4	40 1	44 1	55 1	14 5	68 1	70 1	29 3	52 8	9 6	62 7	35 1	50 6	79 2	65 1	23 1	8 1	38 1	5 2
36 1	68 5	45 5	38 2	9 2	19 1	76 4	56 5	52 4	64 3	14 4	75 5	11 2	3 3	32 1	12 3	10 2	58 1	43 1	31 1	70 2	15 2	42 2	51 1	60 3	79 3	22 1	35 1	59 3	66 2	55 1	16 1	30 1	62 5	78 2	7 5	71 1	54 1	53 4	40 2	57 2	72 1	1 1	37 2	41 1	50 2	23 2	48 1	73 1	5 1	24 2	18 2	46 3	33 2	27 3	0 1	77 2	4 3	28 1	25 1	49 2	20 5	61 2	69 1	21 5	44 3	13 2	65 3	34 3	74 2	26 2	2 3	6 1	63 1	39 4	8 2	67 1	29 1	47 1	17 8
46 2	29 3	17 6	60 1	7 1	12 1	53 2	36 3	68 4	66 1	33 1	11 8	49 1	16 4	1 1	56 4	6 5	24 1	47 2	41 2	72 2	3 1	65 1	73 1	32 2	5 1	45 1	51 5	10 4	19 1	39 1	64 1	52 3	35 1	59 1	63 3	38 3	28 1	37 1	4 3	22 1	71 3	62 3	77 1	21 5	78 2	20 2	70 2	14 1	50 1	34 2	9 5	30 1	8 1	26 3	0 3	23 4	18 1	48 5	67 1	43 1	13 1	58 1	2 2	27 1	57 1	44 1	40 2	79 3	74 1	42 1	61 1	55 2	76 3	31 2	15 1	54 4	25 1	69 3	75 1
69 2	45 1	48 2	47 7	27 2	41 1	5 1	67 3	4 2	28 2	10 1	11 1	31 2	36 3	2 1	25 1	30 1	14 3	16 2	46 1	9 3	76 3	55 1	32 2	23 3	15 2	35 1	78 4	21 7	13 1	1 2	44 2	49 1	71 1	7 1	40 2	19 1	56 2	65 9	59 3	68 1	39 2	20 2	60 1	0 1	74 1	22 1	12 5	8 1	51 3	52 1	34 1	54 1	64 1	6 2	77 1	38 2	70 1	62 3	79 1	29 2	66 1	3 1	57 1	33 5	43 1	24 1	61 2	37 2	75 2	42 3	18 1	50 1	58 5	72 3	53 3	63 2	17 1	26 4	73 1
43 1	33 4	39 1	78 2	35 3	21 2	36 1	52 1	14 1	19 1	8 1	40 1	47 1	3 1	13 3	72 1	50 1	42 2	0 1	79 5	67 3	59 4	75 1	69 4	22 2	29 3	56 5	53 1	12 3	5 3	20 2	44 2	70 1	4 2	30 2	63 3	65 1	32 6	76 3	31 3	41 2	57 1	23 1	62 2	25 5	60 1	61 1	66 1	6 1	18 1	16 14	71 1	73 1	28 1	51 4	24 2	68 2	74 1	34 1	15 3	1 2	26 3	9 1	11 4	2 2	27 2	48 1	37 2	10 1	77 4	7 2	17 1	46 3	38 3	55 2	49 3	64 1	58 1	45 1	54 3
59 1	45 2	10 1	31 1	50 2	26 3	71 1	46 1	76 1	22 3	27 4	43 1	74 1	5 1	35 2	33 1	14 2	49 1	21 3	24 1	75 3	56 2	15 2	7 2	13 2	23 3	55 6	36 1	39 5	68 1	60 1	66 1	34 2	20 1	73 2	16 2	57 1	32 1	0 1	64 1	37 1	52 1	67 1	9 4	41 1	1 8	69 1	18 1	8 1	11 2	44 2	17 1	79 2	12 2	29 2	6 1	58 1	63 1	53 2	25 1	62 2	28 3	2 1	47 1	48 2	51 1	4 1	72 5	78 2	38 2	3 2	70 2	19 1	30 1	54 2	42 3	61 2	77 1	65 1	40 2
40 1	15 1	21 3	75 3	8 1	73 2	41 3	32 2	22 6	7 2	47 1	30 1	58 4	53 2	20 1	14 3	34 1	13 1	26 1	49 2	52 3	64 2	12 4	36 1	77 3	39 1	37 2	0 1	43 1	11 1	61 3	4 2	6 1	76 4	57 1	19 1	45 2	50 2	54 2	51 1	62 2	72 1	33 4	63 4	2 3	18 4	78 2	1 1	56 1	69 1	42 1	65 2	66 2	31 1	60 1	10 1	28 1	17 1	35 5	74 3	9 1	71 2	38 1	5 2	3 5	25 3	55 1	16 1	24 1	68 2	23 1	67 1	48 3	27 3	79 2	59 3	29 3	44 2	46 1	70 1
78 1	60 2	29 1	62 3	30 1	74 1	70 1	57 2	22 4	43 5	67 2	51 2	35 2	28 1	6 2	36 1	47 1	56 1	20 2	33 1	19 3	5 1	73 6	0 1	48 4	7 3	38 1	52 2	32 2	12 1	71 1	21 2	61 1	68 3	37 1	13 2	65 1	34 3	54 2	42 1	64 1	10 1	59 1	53 1	77 3	72 1	44 1	4 2	31 4	24 3	49 2	9 4	69 2	45 2	55 1	1 1	63 3	23 3	75 1	14 1	11 2	8 1	17 5	76 2	79 2	3 3	18 2	46 1	16 1	50 3	39 2	66 3	27 1	26 2	2 2	15 2	58 1	40 5	41 1	25 2
72 2	54 1	63 1	74 1	71 2	39 2	64 1	56 3	40 3	22 7	24 2	61 1	26 1	10 5	68 1	32 2	20 2	15 3	12 1	35 2	16 1	11 1	52 1	50 1	44 1	25 7	5 1	38 8	45 3	28 1	34 1	14 1	13 2	47 1	8 5	73 1	9 1	3 2	57 1	77 2	60 2	2 1	41 1	79 1	70 4	65 1	37 1	33 1	43 2	21 1	55 1	18 1	76 1	66 1	51 1	69 5	4 1	46 1	7 2	6 6	1 2	59 2	53 2	42 3	58 3	75 2	67 2	36 4	17 3	49 1	31 3	23 1	62 4	48 1	30 1	0 3	78 4	29 1	27 1	19 3
0 5	14 1	23 4	74 1	69 2	7 4	79 2	40 2	39 4	46 2	64 2	20 2	17 1	13 2	50 1	41 1	49 4	73 1	60 4	12 1	32 1	43 2	75 1	76 2	36 2	26 3	29 1	19 2	61 1	67 1	66 2	15 3	55 1	70 1	31 2	63 1	27 1	47 4	72 1	6 2	3 2	5 2	22 3	45 2	51 1	77 2	9 3	48 1	42 2	37 1	2 1	58 1	34 2	62 1	25 1	35 1	28 1	16 5	1 4	44 1	11 2	33 7	54 1	21 1	10 1	4 2	38 1	59 4	18 1	71 2	65 1	56 1	24 2	78 2	52 1	30 7	57 1	8 3	68 1	53 1
54 1	28 2	61 1	71 1	62 4	18 5	39 1	67 1	35 3	77 8	4 1	12 1	21 1	66 5	20 1	31 1	43 1	14 2	72 1	1 1	78 4	0 3	68 2	10 3	45 2	40 1	15 1	60 1	41 1	7 1	51 1	76 2	11 1	5 4	46 2	38 2	23 1	13 1	69 1	74 4	50 2	56 2	32 1	47 3	9 2	70 2	33 2	3 2	27 2	52 1	24 1	65 3	73 2	36 1	29 1	59 1	37 2	63 1	58 3	48 2	44 1	19 3	16 1	22 2	25 2	53 1	30 2	64 2	57 1	55 2	75 1	42 3	79 2	17 4	8 1	49 5	2 1	34 1	6 1	26 2
64 1	40 2	44 3	52 1	32 2	18 1	24 2	46 3	21 1	16 3	67 1	5 1	36 1	0 4	72 2	62 1	68 4	73 1	58 1	56 1	78 1	27 1	41 1	61 1	30 1	29 1	20 2	25 1	54 3	31 3	9 2	43 3	69 1	63 2	77 1	70 1	42 1	23 2	19 2	17 2	71 3	51 1	47 4	57 1	33 1	50 1	6 1	1 1	75 1	3 4	65 1	22 3	53 1	59 1	4 4	28 1	12 3	15 3	34 2	2 1	79 1	37 1	45 1	7 1	66 1	13 2	26 6	49 1	38 1	48 3	76 1	74 1	14 1	10 1	39 1	11 2	55 2	8 2	35 4	60 2
