90	30
5 1	1 3	17 2	28 2	8 1	13 2	15 1	9 2	11 4	3 1	18 1	2 1	22 1	6 1	29 2	21 3	19 1	0 1	20 1	14 5	16 1	4 5	7 5	25 2	12 1	23 2	26 1	24 2	10 3	27 2
6 2	2 3	12 3	28 1	24 1	22 1	21 1	0 2	7 2	26 3	25 1	20 2	15 1	9 3	11 3	19 1	17 1	18 1	14 1	16 3	4 3	10 3	23 2	5 1	29 4	13 1	27 2	8 1	3 1	1 2
9 1	7 2	23 4	12 1	28 3	2 4	20 1	13 4	5 2	10 3	4 2	24 1	11 1	19 1	17 1	8 1	0 1	6 1	18 4	27 2	29 1	15 2	21 1	14 2	1 1	25 3	22 4	26 2	16 4	3 2
5 2	8 2	10 3	24 5	16 1	11 2	14 1	17 3	28 2	12 1	1 1	20 1	9 5	29 2	0 2	13 2	23 2	21 1	26 2	15 1	27 1	2 1	19 2	18 1	3 3	7 1	25 2	22 2	4 2	6 5
26 1	18 1	10 1	17 3	8 1	15 4	11 2	19 3	9 1	3 1	0 1	24 2	12 5	25 7	21 1	1 2	4 1	28 2	6 2	13 1	23 3	27 1	2 1	22 1	20 3	29 2	14 2	5 1	16 1	7 3
8 2	16 2	18 1	2 1	20 1	10 3	13 3	17 1	6 1	4 1	22 1	14 1	26 1	9 6	15 3	21 4	1 1	19 1	23 1	0 1	28 1	11 1	25 1	5 7	7 1	3 2	24 1	27 3	29 1	12 1
20 4	12 2	4 1	14 1	13 2	5 1	22 1	6 1	26 1	11 1	21 1	29 5	25 5	3 8	7 1	0 2	18 1	10 2	24 3	19 1	17 3	8 3	15 3	28 9	2 1	27 2	23 3	9 3	16 1	1 1
13 2	10 1	5 2	8 1	23 2	29 1	19 1	12 3	2 1	21 3	3 2	27 1	7 2	6 4	1 5	14 1	25 2	26 2	28 2	0 3	18 2	15 1	4 3	24 3	17 1	20 5	16 1	9 2	22 1	11 1
12 3	9 3	20 2	29 1	3 1	23 2	1 1	17 1	6 3	27 1	10 2	11 1	19 3	8 2	0 3	22 1	15 3	5 2	26 1	2 1	4 1	28 1	24 1	18 2	14 3	13 1	16 1	21 1	25 1	7 3
13 1	10 1	29 1	27 1	0 1	8 1	24 2	19 2	17 3	7 3	6 5	9 1	22 1	11 1	5 2	26 1	18 1	4 1	16 1	1 3	15 1	2 1	28 3	3 3	25 1	12 1	21 1	14 1	20 2	23 1
21 2	25 1	9 3	18 1	12 4	0 4	27 1	22 1	17 1	1 2	3 3	8 4	10 1	29 1	23 2	24 7	13 1	4 3	6 1	7 3	14 1	2 2	15 1	20 2	28 1	26 1	16 1	11 2	19 5	5 1
27 2	18 1	15 1	7 1	28 8	5 2	8 3	24 1	26 2	10 5	23 6	21 7	16 1	13 1	17 6	3 1	19 2	25 1	14 1	20 1	4 1	12 3	1 2	11 2	0 2	9 3	6 2	22 4	29 1	2 1
29 2	25 1	2 1	16 2	14 1	5 4	18 3	8 1	23 2	12 3	17 2	9 1	15 1	4 1	20 1	11 1	7 2	21 2	10 4	1 1	28 2	22 1	26 4	6 5	27 2	19 2	24 1	0 1	13 2	3 2
16 2	17 1	26 1	18 1	14 1	1 3	15 1	7 2	19 3	11 2	3 1	28 1	29 1	12 1	10 1	21 1	2 6	5 2	23 1	27 2	9 3	22 3	6 1	20 3	8 1	13 2	0 1	24 3	4 1	25 4
6 2	21 3	0 2	1 1	17 2	29 1	23 2	2 2	12 1	8 4	13 2	10 2	27 7	22 2	16 1	20 2	9 1	28 4	24 1	3 1	19 2	18 1	7 1	11 8	4 1	25 1	15 1	14 4	5 2	26 5
18 3	12 5	9 2	6 2	17 2	1 5	7 1	20 2	26 3	27 2	23 1	5 2	25 3	29 1	0 3	2 1	11 1	14 1	21 2	16 1	4 1	22 4	24 1	15 1	10 2	13 1	28 1	8 1	3 1	19 3
15 1	0 1	20 4	5 3	19 6	22 1	10 6	6 1	26 4	28 1	17 3	18 1	1 1	4 1	9 1	7 1	24 2	21 2	13 2	25 1	14 3	12 1	29 1	23 2	3 1	27 2	2 1	11 1	16 3	8 1
2 1	20 2	16 2	9 3	0 2	26 3	4 1	23 5	19 2	15 3	22 4	6 3	8 1	28 2	18 1	7 3	5 2	10 1	29 2	11 1	12 1	1 1	17 3	3 3	14 1	21 3	25 3	24 1	27 1	13 2
27 2	1 2	22 2	23 2	4 3	7 2	24 3	5 7	12 3	21 1	8 1	2 1	19 6	14 2	20 2	10 2	28 1	11 1	3 1	18 1	9 1	13 6	6 3	25 1	16 4	17 1	15 2	0 1	29 3	26 2
13 1	11 1	4 5	10 1	15 6	21 1	25 1	22 2	24 1	7 1	14 1	28 2	26 2	0 3	8 1	5 1	18 2	19 1	29 3	17 3	2 8	6 1	20 3	9 1	27 3	1 1	3 2	23 2	16 3	12 2
3 2	1 1	19 2	4 1	16 2	25 3	2 2	5 1	26 1	9 1	21 3	14 3	29 3	17 1	20 3	27 4	0 3	8 1	13 4	18 2	11 1	10 2	15 6	7 1	23 3	28 4	12 2	6 3	22 2	24 2
24 1	17 2	14 2	8 2	20 1	28 1	3 1	0 2	9 1	15 1	2 1	26 1	1 4	6 1	23 1	25 1	16 1	10 1	13 2	27 2	29 1	5 1	19 3	12 1	4 1	22 4	18 1	7 5	11 1	21 7
15 3	20 1	26 1	18 1	5 1	7 2	17 1	24 3	22 1	14 7	25 2	11 1	2 1	9 1	1 1	19 2	27 2	10 1	3 2	21 3	29 1	4 1	6 3	16 1	28 3	13 2	12 1	8 2	23 1	0 1
22 1	16 1	2 3	25 1	27 1	1 2	5 3	18 2	9 1	23 7	19 2	4 3	20 1	0 3	13 1	17 2	12 1	15 1	8 3	24 1	21 1	7 1	6 1	11 2	14 4	26 3	28 4	29 1	3 1	10 2
5 1	17 1	11 1	9 5	2 1	20 2	27 1	8 6	4 1	29 1	0 2	12 4	25 1	13 3	28 3	1 2	7 2	6 2	16 3	21 2	3 2	23 2	18 2	14 3	22 4	24 1	19 1	26 6	15 1	10 1
16 1	14 1	29 1	12 1	19 3	4 1	28 1	20 1	18 2	26 2	25 1	24 3	17 1	13 3	15 1	10 1	22 1	1 1	5 1	8 1	21 2	0 2	11 2	3 5	7 1	2 5	6 2	27 2	9 1	23 1
14 1	23 4	21 2	12 1	0 2	17 2	11 2	26 4	19 5	18 3	24 2	25 1	3 2	28 1	7 1	6 3	9 1	27 4	4 2	10 1	13 1	5 1	16 1	29 2	1 1	8 1	2 2	20 4	15 1	22 1
22 2	23 1	12 2	11 3	29 2	7 1	26 1	25 3	20 2	17 2	6 4	13 1	28 1	16 1	27 1	18 3	4 1	24 7	14 1	8 3	9 2	21 1	1 3	19 1	0 4	10 1	5 2	3 1	2 2	15 1
28 4	7 2	10 5	6 1	24 1	12 1	21 1	17 1	11 1	13 2	18 1	20 1	22 2	8 2	3 1	26 1	14 2	19 2	29 1	2 2	27 3	9 2	4 1	1 3	15 3	5 1	25 1	16 2	0 1	23 1
19 3	7 2	20 3	5 1	22 2	21 3	13 2	10 1	12 2	25 7	15 1	16 1	29 1	28 3	14 5	23 1	27 1	18 1	11 3	2 1	0 1	4 2	17 1	9 3	1 2	3 2	26 2	24 1	6 2	8 2
9 5	26 2	27 2	28 3	23 1	25 4	24 1	10 2	19 1	15 1	6 2	11 1	18 1	1 1	20 3	17 2	7 1	4 2	29 2	14 3	8 1	22 1	3 1	5 1	16 1	21 2	13 1	2 1	0 1	12 2
24 3	15 4	27 1	8 2	19 3	28 1	10 4	26 1	29 1	13 1	6 2	18 1	25 1	23 5	14 1	2 3	12 3	22 2	0 5	21 1	16 2	17 2	20 1	11 1	1 1	5 1	9 3	3 1	4 3	7 5
19 1	6 2	11 4	14 1	20 3	24 2	23 2	29 1	12 1	28 2	10 3	15 3	13 3	8 1	3 1	18 2	7 1	26 3	25 1	9 2	4 4	0 1	17 3	16 1	22 2	2 3	27 3	5 2	21 2	1 1
3 1	10 2	26 2	16 1	12 2	5 1	4 1	13 2	18 1	6 1	8 1	14 2	1 2	20 1	17 2	23 1	27 3	25 2	22 1	29 4	24 2	15 5	9 1	19 1	2 1	11 1	7 1	28 1	21 2	0 3
23 4	0 1	28 3	20 1	19 2	11 1	14 4	27 1	24 1	21 3	13 4	6 2	5 2	29 2	25 1	10 1	1 1	15 3	22 4	16 5	4 4	7 1	8 1	12 2	18 3	3 2	9 2	2 6	17 1	26 1
17 4	1 6	16 2	9 2	8 1	3 1	28 1	7 1	23 3	20 4	22 2	18 1	11 1	27 2	5 3	6 1	26 1	15 1	12 1	2 1	19 1	4 2	24 1	14 3	21 2	25 3	13 8	29 1	0 1	10 2
21 1	8 2	26 1	0 6	27 1	9 1	13 2	24 1	14 1	20 2	18 2	6 1	10 4	7 1	12 2	16 4	5 3	4 3	3 2	17 4	22 2	1 2	23 4	2 1	29 1	11 2	15 1	19 7	28 2	25 1
0 1	3 1	13 1	15 1	9 2	14 1	8 1	28 1	22 1	26 1	29 3	5 1	23 3	25 7	1 2	27 1	19 1	10 2	21 4	6 1	16 1	18 1	20 3	12 3	11 4	2 3	4 1	24 2	17 1	7 4
8 1	7 3	20 1	17 1	10 1	12 1	21 2	14 1	25 1	24 1	22 4	29 1	11 4	26 1	0 2	27 1	4 2	13 1	16 2	6 2	3 1	2 6	1 5	19 2	23 5	28 2	9 3	18 2	5 2	15 2
8 1	19 1	28 4	17 1	4 1	26 1	18 1	24 1	23 5	27 1	10 1	6 1	25 1	9 1	1 1	5 2	0 1	2 1	11 1	16 1	22 1	7 5	29 1	3 1	13 1	21 3	12 2	15 2	14 1	20 1
25 1	16 2	3 2	6 1	24 1	4 1	9 2	21 5	8 1	10 2	15 1	17 1	1 2	28 1	26 1	0 2	18 2	27 2	19 1	12 1	14 2	29 1	20 1	7 1	22 2	23 1	5 2	2 3	13 2	11 1
27 1	15 1	2 1	23 1	6 2	18 1	13 2	3 6	12 2	26 1	5 2	19 1	11 1	28 1	10 2	8 3	21 1	17 2	14 2	22 3	0 1	9 2	1 1	25 4	7 1	4 1	24 1	29 2	20 1	16 1
12 1	3 1	19 3	1 1	16 1	29 1	21 1	5 1	4 2	8 2	25 1	13 2	9 2	24 1	2 3	0 2	14 1	18 1	26 1	10 6	27 1	20 3	23 1	17 1	7 2	22 2	11 1	15 1	6 1	28 3
22 4	23 1	17 4	10 1	26 3	25 1	0 3	27 3	4 1	21 2	6 1	12 1	11 1	24 1	13 1	19 1	20 1	2 1	8 2	5 3	9 2	18 4	7 3	3 1	1 1	15 4	28 1	14 2	16 1	29 8
0 1	28 1	27 2	17 2	11 2	3 1	1 2	21 2	4 1	26 1	18 3	25 2	2 1	15 2	10 1	12 2	20 1	16 2	13 1	22 1	29 6	6 4	24 1	5 1	19 1	7 1	23 1	8 1	14 1	9 1
23 1	12 1	5 1	24 1	3 2	8 1	20 1	10 1	26 3	4 2	2 2	1 1	22 1	11 1	6 1	15 2	19 1	14 2	17 1	18 1	29 1	13 1	28 4	0 2	7 1	16 1	25 1	9 1	21 2	27 1
26 1	1 2	2 3	23 2	25 1	22 1	12 1	15 2	0 1	16 4	5 1	11 5	14 2	29 3	20 1	24 2	27 6	8 2	17 2	4 3	9 3	6 1	3 1	28 3	21 1	10 1	7 1	19 1	18 1	13 3
14 5	29 18	23 1	4 4	21 1	8 2	1 2	22 3	2 5	0 1	27 1	28 5	12 5	7 1	18 2	3 3	10 1	25 2	26 1	24 1	19 1	15 4	6 1	17 1	20 2	11 1	13 1	5 1	9 4	16 3
3 3	23 2	21 3	25 2	4 2	13 5	0 2	7 4	19 1	17 3	11 6	28 4	15 3	26 2	5 2	12 7	27 1	2 1	22 2	16 1	6 3	29 1	9 1	14 6	20 2	8 3	18 1	1 1	24 1	10 1
21 1	26 2	8 2	9 1	7 1	14 2	2 1	1 5	27 1	4 1	22 1	17 2	0 1	25 2	15 3	11 1	3 4	20 1	23 1	28 1	5 4	29 1	16 2	10 1	12 6	19 1	24 1	18 3	13 1	6 2
12 2	21 8	22 1	5 4	20 2	14 2	25 1	17 2	16 1	2 1	7 1	6 6	9 2	19 1	3 3	1 1	26 3	13 1	4 1	18 3	11 1	15 1	0 3	23 1	27 1	29 5	24 1	8 1	10 2	28 1
22 1	20 3	21 4	14 1	13 1	4 1	5 3	23 1	6 2	25 1	12 2	8 1	17 3	7 3	27 1	29 1	10 1	18 1	28 3	15 1	16 3	11 1	3 1	2 1	24 1	26 2	9 1	1 2	0 3	19 2
20 2	4 1	24 2	21 1	9 2	18 1	10 1	6 1	23 3	2 1	12 7	27 2	0 2	5 3	13 5	28 2	7 1	8 2	15 4	29 1	22 2	3 1	1 1	25 1	17 2	19 2	26 4	14 1	16 2	11 2
21 1	26 1	27 1	13 1	23 2	29 1	8 2	4 1	11 1	0 1	12 1	6 3	1 2	19 1	5 1	24 2	9 1	16 1	14 4	3 1	15 1	18 3	17 2	25 4	22 1	20 1	28 4	10 1	7 1	2 2
6 1	27 1	3 3	10 1	16 1	0 1	13 3	19 2	7 5	14 3	15 2	26 4	18 2	22 1	9 1	29 1	23 3	2 1	4 1	11 6	20 1	12 1	28 3	1 3	24 1	17 1	21 1	25 1	5 4	8 1
22 2	17 3	5 2	23 4	7 1	1 1	12 2	11 1	19 3	29 4	27 2	26 2	8 1	16 3	2 2	9 1	13 3	3 1	18 2	25 2	6 2	0 2	15 1	14 1	10 2	21 4	20 1	28 2	4 5	24 1
15 2	3 2	1 4	23 1	9 1	20 5	5 7	14 2	22 2	2 2	17 2	4 3	10 1	28 2	19 3	8 5	7 1	12 4	21 2	11 6	16 2	0 1	25 1	13 1	18 1	26 2	24 1	27 3	29 1	6 1
23 7	20 1	9 1	3 2	8 1	28 2	6 1	18 5	16 2	24 7	27 1	15 1	7 1	13 1	0 3	22 1	17 1	10 7	29 4	12 1	26 1	4 1	19 2	25 1	1 2	21 3	2 1	5 9	11 5	14 1
24 1	22 3	1 2	2 1	23 2	7 3	5 4	16 4	12 2	20 4	29 3	10 4	13 3	15 7	9 2	21 5	14 1	0 1	26 4	27 4	3 2	19 7	17 1	8 6	11 2	4 1	28 1	18 1	25 1	6 1
15 3	3 1	21 1	2 1	24 6	7 2	19 1	29 3	14 1	26 1	16 1	27 2	12 3	4 2	22 2	8 1	23 2	25 2	18 1	9 1	13 1	11 2	1 3	5 1	17 1	10 4	0 2	28 4	20 1	6 1
22 2	8 1	10 1	16 2	0 5	14 1	19 2	6 4	12 1	24 1	29 3	28 2	7 3	23 1	25 2	11 1	9 2	4 1	17 2	15 1	5 1	13 3	20 2	2 2	3 2	27 6	21 2	18 1	26 1	1 5
16 4	6 2	7 1	29 2	28 2	12 1	4 1	21 4	9 1	15 2	8 5	18 4	25 1	2 1	1 1	3 2	20 2	0 1	14 1	27 2	24 3	5 2	23 2	19 2	17 2	11 2	13 3	22 1	26 1	10 2
16 1	15 6	1 1	3 1	9 1	25 1	27 1	18 3	21 1	20 1	29 1	23 2	6 3	12 1	8 1	11 1	17 1	5 1	19 1	22 1	13 1	28 1	26 2	14 1	7 2	4 3	10 6	0 2	24 1	2 1
28 1	17 4	27 2	21 2	13 1	8 1	26 2	1 2	16 3	10 1	23 1	6 2	20 2	19 2	14 4	7 2	3 1	24 4	25 1	18 1	9 2	2 1	12 1	22 1	15 3	0 6	11 1	5 3	4 2	29 2
1 1	7 2	11 2	14 2	13 1	8 3	23 1	24 9	12 2	21 1	19 4	2 1	17 1	5 1	28 8	26 1	22 5	18 2	29 1	15 2	4 1	20 1	16 1	25 1	9 1	10 1	3 4	6 1	27 1	0 2
15 2	3 1	2 3	24 4	0 1	21 5	19 1	12 1	14 1	7 3	10 2	26 1	28 1	1 5	11 1	18 8	6 4	25 1	17 1	27 5	16 1	23 1	13 1	8 3	29 1	4 1	5 2	22 2	20 1	9 1
6 2	25 4	27 1	9 2	13 2	21 2	7 2	11 1	17 1	2 1	26 1	3 2	18 2	19 3	22 1	15 1	23 2	20 1	8 3	16 1	12 3	29 2	5 3	10 1	0 6	1 2	24 1	28 3	4 1	14 1
11 1	18 1	12 1	6 1	5 1	16 1	8 5	19 4	24 2	1 1	25 1	28 2	10 3	17 6	14 2	27 1	7 1	22 1	20 1	4 1	3 2	15 1	2 4	21 3	29 3	0 1	9 1	26 3	13 1	23 1
14 2	13 2	6 1	28 1	2 1	24 5	25 2	0 1	8 2	5 2	19 1	10 3	21 1	1 2	15 2	7 3	11 7	17 3	16 2	9 1	23 1	4 2	29 1	12 2	26 2	18 1	20 2	3 2	22 2	27 3
13 1	14 2	15 1	11 4	26 5	23 1	22 3	2 2	28 3	10 3	1 7	27 2	7 1	21 2	25 1	20 2	8 1	24 1	16 3	5 2	12 1	19 3	9 1	29 2	17 2	0 3	4 2	6 1	18 1	3 7
15 5	16 1	8 1	22 6	2 2	29 4	17 3	24 1	26 1	4 3	1 2	19 2	10 1	6 2	21 1	5 1	20 2	27 1	28 1	7 1	11 1	18 1	0 1	3 1	14 5	23 2	12 1	13 1	25 3	9 1
7 1	20 2	9 2	25 5	19 5	2 2	14 3	22 2	17 2	4 3	6 1	8 2	26 1	0 2	23 1	10 1	29 2	16 1	11 3	28 2	15 3	21 1	24 1	3 2	18 2	12 2	13 1	5 4	27 1	1 2
19 2	28 2	0 4	7 2	15 2	12 1	4 1	8 2	16 2	11 1	6 1	20 1	25 4	22 1	29 1	26 3	24 1	10 4	13 1	9 3	27 1	5 1	17 2	21 1	18 1	2 3	14 3	1 1	23 1	3 2
4 2	8 1	25 4	0 3	19 1	6 2	17 3	9 1	23 1	13 1	27 1	11 2	21 2	24 2	10 1	28 5	3 1	26 1	5 1	7 1	12 3	20 1	29 1	1 2	16 5	15 4	18 3	22 1	14 1	2 2
1 1	23 6	21 2	5 1	6 4	27 1	4 1	25 1	11 1	12 2	14 1	8 4	28 2	26 2	3 2	9 1	18 4	7 1	10 4	24 3	2 5	29 2	22 1	19 1	20 1	16 1	0 1	15 6	13 8	17 3
6 1	20 2	28 4	22 1	27 6	7 1	13 3	10 1	9 2	24 4	11 1	14 1	0 1	4 1	12 1	19 1	3 4	25 4	21 4	8 2	26 3	1 2	29 1	16 1	5 3	2 1	23 1	18 2	17 3	15 1
11 4	24 1	27 4	22 1	29 1	2 1	5 3	1 3	19 1	17 2	10 1	6 4	20 1	18 1	23 1	7 1	26 1	15 10	9 1	0 2	12 5	16 6	21 1	28 2	14 2	4 5	25 1	3 4	13 3	8 3
14 3	26 1	13 1	29 1	19 1	18 1	8 4	25 1	27 1	3 1	12 3	15 1	17 1	6 4	7 2	5 2	16 2	9 4	22 1	23 3	4 2	21 3	28 1	24 2	20 1	1 1	0 2	2 1	10 1	11 3
24 1	10 1	23 4	12 3	26 1	8 1	14 1	22 2	2 1	7 1	20 1	11 4	29 2	5 1	27 2	4 5	13 1	17 3	19 2	1 1	18 2	6 2	0 1	9 2	28 1	15 2	21 1	16 3	25 1	3 2
23 1	17 5	27 3	22 1	26 2	28 1	24 2	14 1	3 1	21 2	20 2	18 3	2 1	7 1	9 1	15 3	13 3	5 2	19 1	8 1	0 2	16 1	29 2	12 2	11 1	25 3	6 1	10 4	1 1	4 1
1 1	22 1	17 5	20 2	2 1	6 2	8 1	9 1	28 3	4 1	16 3	24 1	15 1	18 1	23 1	12 1	7 1	26 3	25 1	19 1	14 1	5 2	21 1	29 2	27 1	10 3	11 7	3 1	13 2	0 1
18 2	12 1	24 1	23 1	7 1	21 3	1 1	13 1	2 1	9 1	16 2	11 1	20 2	19 2	8 2	29 1	22 4	26 1	6 1	17 1	0 2	27 8	15 4	10 3	14 1	4 2	28 1	25 2	5 1	3 1
9 1	21 1	8 1	15 3	1 1	26 3	6 2	0 3	18 1	28 4	23 3	16 1	10 1	27 4	17 1	22 1	11 2	13 1	20 1	25 3	14 1	4 3	3 1	24 3	29 2	5 2	2 3	12 2	19 2	7 1
13 4	8 1	15 3	24 2	11 1	17 1	1 1	22 1	6 2	9 4	12 1	21 1	2 2	18 1	29 1	25 5	16 1	3 1	19 2	20 3	4 2	26 3	28 2	23 1	0 1	10 2	7 1	5 4	27 1	14 1
8 2	13 1	10 4	2 1	14 2	22 1	17 6	0 1	15 4	11 3	19 1	18 1	28 1	26 2	29 2	21 2	24 1	16 6	20 1	23 1	25 1	3 1	6 2	9 1	7 2	5 1	12 3	1 4	27 3	4 2
2 2	1 1	27 1	16 1	28 3	21 1	7 3	0 2	9 1	12 1	15 1	5 1	25 1	19 2	24 1	14 5	4 1	18 2	29 1	11 2	6 1	22 3	10 1	8 4	26 2	13 1	17 1	20 6	3 1	23 2
6 1	17 4	24 1	25 1	10 1	11 2	23 1	27 1	21 1	13 1	22 1	5 4	1 3	8 1	19 3	15 1	2 1	4 1	20 4	18 6	14 2	26 4	7 1	29 1	3 1	16 2	28 2	0 1	9 1	12 1
19 4	23 1	8 4	22 1	15 1	21 1	5 1	1 1	3 2	25 1	7 2	0 2	16 1	2 2	28 2	6 1	11 2	10 4	9 2	12 1	26 1	4 1	20 1	17 1	13 2	24 3	29 4	18 2	27 1	14 3
23 1	0 4	3 5	15 1	6 1	7 3	17 4	24 2	9 1	8 1	28 1	19 2	27 3	11 1	12 1	18 5	13 3	4 1	26 1	14 1	16 1	29 5	25 3	5 4	10 5	1 1	2 2	22 2	21 1	20 2
28 1	12 1	19 1	24 7	1 4	2 2	16 1	4 3	14 4	0 2	25 1	10 5	7 5	13 1	26 1	3 3	18 2	11 1	22 8	17 7	27 4	23 2	29 1	9 3	20 2	5 1	8 1	21 1	6 1	15 1
