80	90
56 1	19 1	1 1	87 1	74 1	34 2	79 1	60 2	11 1	5 1	58 1	10 2	4 1	53 1	66 2	51 1	27 2	48 1	6 1	20 2	76 2	45 1	75 3	52 1	3 3	73 1	78 1	84 2	68 1	62 2	32 4	77 1	14 1	9 7	46 1	0 1	35 1	25 2	36 2	43 2	71 1	65 2	59 1	89 2	44 1	55 1	39 2	24 1	80 1	2 2	21 2	64 2	88 1	31 1	63 1	83 1	61 1	15 3	33 1	70 2	57 2	72 2	28 3	8 2	26 1	38 2	30 4	50 1	82 2	12 3	69 5	7 1	18 4	22 1	23 1	16 1	54 2	37 1	29 1	85 2	13 1	67 1	49 1	41 2	17 4	86 1	47 5	40 1	81 1	42 2
63 3	44 1	81 3	36 2	40 3	43 3	37 4	55 1	33 2	6 1	26 3	2 1	34 1	89 1	17 6	15 1	42 1	14 1	53 2	78 1	85 1	11 2	31 2	28 1	65 1	49 7	9 1	71 1	52 2	35 3	21 1	10 1	3 3	87 2	54 2	84 1	82 1	69 1	50 3	86 1	24 1	19 3	58 2	20 1	18 1	1 3	75 1	83 1	47 3	77 1	56 2	4 1	46 1	39 6	73 1	79 1	66 8	5 3	60 1	67 3	80 1	12 1	45 2	59 1	22 1	72 4	16 1	30 1	76 2	48 2	88 4	8 1	7 1	0 3	57 7	68 1	74 3	51 1	29 1	13 3	64 1	25 1	32 2	61 2	62 3	27 2	41 2	23 1	38 1	70 1
41 1	78 1	45 1	55 3	68 1	71 1	43 1	59 2	72 1	1 2	42 2	2 3	21 3	60 4	38 1	36 1	14 2	30 3	70 1	15 1	75 1	81 1	74 1	61 2	8 2	6 2	19 1	39 3	64 1	53 4	9 2	37 1	31 1	0 2	52 2	65 1	50 2	12 1	34 1	79 2	28 1	58 2	7 2	11 1	33 2	83 1	35 1	67 2	89 1	49 2	48 1	54 2	77 1	3 1	80 2	5 1	27 2	13 1	85 3	18 2	69 2	63 3	86 2	40 4	57 2	20 2	26 2	17 1	88 1	16 1	56 1	24 2	76 1	73 5	46 2	25 2	22 3	84 1	29 1	10 2	62 1	4 1	87 2	23 1	66 2	47 1	82 1	32 1	44 1	51 4
84 1	27 1	69 3	29 1	71 3	10 1	40 2	14 2	52 3	43 2	57 4	53 1	17 1	82 2	48 1	9 3	4 2	32 2	79 2	33 2	83 1	37 3	75 2	80 4	15 3	88 1	19 1	28 1	45 1	3 2	72 1	76 4	86 2	41 3	39 1	36 1	81 2	13 4	55 2	18 1	58 2	34 1	54 1	20 2	2 1	74 2	73 4	21 3	44 4	62 1	38 1	65 4	5 1	78 1	56 1	70 2	1 1	51 2	12 5	68 3	46 1	35 1	0 1	63 4	42 3	22 4	67 2	60 2	23 1	59 1	87 3	50 1	24 2	85 2	61 1	89 3	16 1	11 6	30 1	8 1	66 2	77 1	64 2	25 2	26 1	6 1	49 1	7 2	31 3	47 1
5 1	48 4	42 1	1 1	75 3	17 1	10 2	89 1	37 7	40 1	53 3	7 1	66 3	23 1	39 6	78 4	69 2	6 1	57 1	54 4	32 2	68 2	71 4	63 2	27 5	85 2	50 1	3 1	41 2	51 1	0 4	86 1	26 2	55 1	31 1	58 2	72 4	24 1	84 1	19 3	36 2	20 2	9 1	44 1	80 1	18 3	77 1	67 2	11 3	73 2	87 1	21 1	28 2	35 1	88 1	62 1	76 2	79 3	47 2	45 1	43 1	83 1	64 2	14 2	29 1	34 1	65 3	56 1	13 2	4 6	30 1	15 1	12 2	82 1	74 1	22 3	60 1	61 3	33 1	49 1	38 1	59 3	52 3	70 1	46 1	81 2	2 4	16 3	25 2	8 3
17 1	58 1	72 2	74 1	87 1	34 3	26 1	30 3	22 3	18 3	65 1	75 1	69 1	8 3	20 1	21 3	45 1	47 4	60 1	7 3	66 1	85 2	54 1	2 1	12 5	79 3	89 1	36 2	56 1	15 5	42 3	44 1	62 1	71 1	53 1	68 1	1 1	35 2	23 1	16 2	0 1	10 1	59 2	33 1	64 3	19 1	41 1	3 3	37 1	46 3	24 4	88 1	55 1	25 2	81 2	86 1	39 3	13 1	51 3	61 1	52 2	32 8	49 2	73 3	27 1	84 1	4 1	63 1	57 4	70 1	31 1	11 1	14 1	28 2	82 3	40 2	48 1	50 2	29 1	5 1	76 2	9 2	78 3	83 3	38 1	80 1	43 1	77 1	6 3	67 2
86 3	48 7	67 2	77 1	87 1	56 1	2 2	63 1	24 1	14 2	32 1	7 1	13 1	52 1	44 1	85 3	55 5	31 7	79 3	18 2	23 1	84 1	83 1	9 3	72 3	28 3	88 1	12 3	81 2	76 1	49 1	3 1	69 1	25 3	0 1	27 1	41 2	15 1	42 3	43 3	65 1	46 1	59 2	37 1	75 1	73 2	10 1	51 3	82 2	1 1	68 1	53 2	35 4	8 1	47 2	38 2	22 14	58 1	80 4	39 3	6 1	30 1	17 2	4 1	36 1	57 4	29 3	26 1	74 7	40 2	19 1	66 2	34 2	71 1	61 1	89 1	16 1	70 2	5 1	78 1	60 1	21 1	11 2	50 1	20 2	62 2	54 3	45 7	33 1	64 1
23 1	0 1	11 1	66 1	20 2	17 1	15 1	87 3	48 5	25 3	75 2	28 1	42 2	40 1	85 1	43 1	19 1	2 1	64 1	49 2	58 1	62 1	70 1	8 1	10 3	57 2	84 4	74 1	21 1	53 2	14 1	51 1	39 2	46 1	44 2	82 2	5 3	3 2	12 3	16 2	71 3	37 1	32 1	7 1	80 3	4 1	67 1	89 2	77 10	29 2	79 1	73 1	9 1	26 2	68 3	65 6	61 1	55 2	50 1	38 1	52 1	35 1	76 1	59 2	60 3	54 1	81 1	34 4	27 2	41 1	6 2	45 1	63 3	72 2	24 2	83 1	13 3	30 3	69 1	36 1	1 2	31 2	86 5	56 1	33 1	22 2	47 1	18 1	88 4	78 2
46 5	20 2	73 1	33 2	57 2	63 3	23 2	62 3	1 2	2 1	56 3	42 1	24 6	13 2	77 2	40 2	6 3	82 1	3 1	75 2	22 7	31 2	74 2	58 2	41 1	37 3	43 1	11 3	32 1	71 2	8 2	45 1	15 1	0 2	89 1	66 1	44 1	12 2	10 5	47 2	28 2	14 2	84 1	5 1	80 3	68 8	16 2	81 2	4 1	30 1	60 2	49 1	39 2	25 1	67 6	35 7	59 2	61 1	65 1	26 1	69 1	70 4	9 1	64 2	34 3	29 2	53 2	72 1	18 2	50 6	19 1	85 1	88 1	27 3	54 2	86 3	78 1	48 4	76 1	79 1	51 2	38 6	17 2	21 4	83 5	52 1	55 3	87 2	36 5	7 1
36 1	66 1	56 1	6 1	9 2	12 1	79 2	82 2	13 5	22 2	46 1	76 2	10 1	72 1	5 1	17 1	23 4	44 1	45 1	65 3	63 1	27 1	48 3	77 1	21 1	43 1	87 1	83 2	20 3	49 1	34 3	8 2	64 2	3 7	35 1	29 2	25 2	26 2	2 2	37 1	0 5	28 1	67 1	78 2	33 1	84 1	41 5	59 2	53 4	32 3	88 4	18 1	7 4	74 2	57 1	69 3	61 1	70 2	62 8	19 1	86 2	42 3	58 2	1 1	14 3	39 2	55 2	68 2	89 4	31 1	24 2	60 1	15 4	54 2	16 3	47 1	73 1	11 1	40 2	75 1	85 3	81 3	71 1	50 2	30 1	51 4	52 1	38 1	80 5	4 1
12 5	80 3	46 1	70 1	38 1	16 1	72 3	14 1	62 2	35 1	4 2	45 1	52 1	48 2	53 1	40 12	63 3	68 1	79 1	43 2	88 2	55 2	89 4	5 2	76 3	15 2	27 1	67 2	84 1	82 1	69 1	75 1	54 1	78 1	57 1	2 2	7 4	33 1	24 2	41 1	83 1	19 4	28 1	26 1	17 1	60 2	87 3	3 1	22 3	47 3	71 2	31 4	6 3	73 4	42 2	44 2	81 1	13 5	36 1	49 1	25 7	0 2	64 3	61 5	58 1	66 2	20 1	18 2	56 1	32 1	23 1	51 1	9 1	8 2	34 4	59 1	29 1	10 2	11 1	77 1	85 1	21 4	37 1	39 1	50 3	86 1	74 2	65 1	30 3	1 1
88 5	13 4	72 2	12 1	23 1	36 2	81 1	73 1	75 1	45 1	60 2	33 3	58 2	20 1	2 1	22 4	78 1	63 3	38 1	46 1	14 1	44 3	17 1	32 1	59 4	7 2	64 2	28 1	9 1	34 1	52 1	42 1	35 3	54 1	3 1	76 3	84 1	29 1	61 2	39 1	70 2	0 3	50 1	55 2	4 1	68 2	62 1	89 7	74 1	69 1	26 6	6 1	51 1	24 1	31 1	65 1	66 5	37 2	5 5	82 1	67 2	53 1	47 2	18 1	43 1	11 1	25 1	48 1	85 1	71 1	10 1	79 1	49 3	56 2	30 1	16 1	8 3	83 1	86 1	1 2	77 2	80 1	27 1	87 2	15 1	57 1	40 1	19 1	21 2	41 2
54 1	65 4	78 2	3 1	77 1	81 2	20 1	58 1	72 3	21 4	25 1	24 3	46 4	10 2	83 1	37 1	34 3	14 1	66 1	61 1	49 3	85 3	55 2	42 1	84 1	86 1	50 3	76 3	31 4	19 1	26 4	30 3	0 1	9 2	45 1	41 4	82 2	74 3	16 6	7 3	71 1	5 3	38 1	36 2	13 2	64 3	67 4	87 1	27 1	32 2	62 2	18 1	8 3	56 5	39 1	57 3	23 1	33 3	4 1	2 1	35 1	40 1	6 1	80 2	43 1	28 2	60 4	59 1	29 2	47 2	89 1	70 1	79 1	68 2	53 3	22 1	11 2	69 2	44 1	51 1	15 1	52 1	17 1	48 1	73 2	88 1	75 2	12 1	63 2	1 2
83 1	16 1	74 3	10 2	2 1	56 1	6 4	0 2	27 2	48 4	12 2	37 2	82 1	52 1	54 2	61 2	38 5	17 2	11 2	47 1	84 5	14 1	57 4	33 1	50 1	79 1	28 2	18 1	36 5	71 1	29 2	23 1	24 2	53 1	1 3	55 5	80 2	4 2	9 1	51 2	76 3	44 2	46 3	7 1	78 2	87 2	35 1	49 1	32 1	41 6	25 2	65 2	89 1	31 1	15 2	62 5	63 6	19 1	60 2	77 1	43 1	13 1	42 1	72 3	81 1	39 3	68 2	59 3	26 4	86 1	30 1	67 2	40 1	88 3	22 1	5 1	73 1	70 1	8 1	58 1	75 1	66 1	69 1	45 6	34 1	3 2	21 2	64 3	20 1	85 1
56 5	42 3	83 1	39 4	51 2	10 1	11 3	60 1	61 2	69 4	68 1	25 1	45 2	82 1	6 1	2 1	17 3	28 1	35 2	9 1	71 1	73 2	64 2	52 2	5 2	37 1	77 1	87 2	12 1	57 1	76 1	80 2	32 1	66 1	58 1	72 2	30 3	22 4	23 1	63 1	7 1	16 1	24 1	34 3	84 1	43 1	62 4	74 2	53 1	49 1	0 9	27 3	31 1	78 3	81 2	88 1	79 1	70 4	48 1	54 1	4 2	59 2	33 2	40 5	26 3	85 3	3 3	44 1	1 2	55 1	41 2	67 1	75 2	46 2	18 3	21 1	15 4	47 1	14 1	29 2	13 1	50 2	65 1	8 1	20 1	89 1	36 2	86 1	38 1	19 1
22 2	59 2	18 1	79 1	2 1	25 5	75 1	21 2	27 3	16 2	42 1	8 2	17 1	29 2	23 1	55 1	20 2	52 8	50 2	69 6	86 2	0 2	11 1	82 2	68 3	51 2	67 1	40 1	71 3	4 1	80 1	44 2	89 6	14 2	37 4	81 1	31 1	58 1	60 1	36 1	7 1	48 2	54 2	32 2	62 1	33 1	87 1	19 1	73 1	78 3	46 3	38 1	28 1	77 2	72 1	24 1	84 1	43 1	65 2	34 2	70 2	63 1	88 4	13 1	10 1	53 3	30 1	85 5	83 1	56 2	66 5	57 1	76 9	6 2	26 6	47 2	9 1	49 5	15 1	3 5	39 1	35 3	41 1	45 2	12 1	64 2	61 1	1 1	5 1	74 3
17 2	83 1	5 1	79 2	2 1	50 3	70 3	72 2	68 1	12 1	11 1	78 3	44 1	1 1	66 1	63 1	60 1	21 3	43 1	52 1	28 3	75 1	56 2	40 2	69 5	47 1	65 2	20 2	16 2	31 2	33 2	58 1	62 1	84 1	55 1	41 7	24 1	32 3	81 1	22 2	73 1	30 1	0 1	61 4	88 2	29 2	80 1	67 1	25 1	48 2	26 1	19 1	34 1	10 2	42 1	8 1	59 2	23 5	35 1	45 1	71 1	87 1	49 1	9 2	57 3	6 3	54 4	15 21	86 1	53 2	7 1	38 1	18 2	76 1	36 1	64 1	3 1	37 3	14 1	4 3	46 1	27 1	13 2	51 1	74 1	82 2	39 3	89 1	77 1	85 2
19 1	80 1	39 1	86 1	62 1	30 2	68 2	3 3	65 2	32 1	53 1	87 1	42 1	33 2	4 1	72 2	56 1	45 1	63 1	60 4	26 1	7 1	5 1	47 3	66 6	64 1	21 1	49 1	78 2	11 3	74 4	50 3	34 1	58 4	0 2	77 1	13 1	41 1	40 1	1 7	22 1	2 2	75 1	79 1	88 1	37 1	10 4	8 1	29 2	71 1	27 6	23 2	24 1	15 1	46 1	82 1	35 3	43 1	81 1	85 6	67 1	14 1	28 2	20 1	48 2	51 2	73 1	6 1	76 2	18 2	55 1	9 3	31 6	57 1	12 1	59 1	44 1	89 2	84 3	38 5	52 1	54 3	70 2	36 2	17 1	83 2	61 2	25 3	69 3	16 1
15 3	56 2	70 5	45 1	43 1	86 1	62 2	3 2	80 1	46 1	7 1	85 1	63 3	87 5	50 2	69 3	59 2	25 1	68 1	78 1	35 2	60 1	29 2	49 3	11 1	1 3	76 1	14 1	44 2	6 3	79 1	89 3	26 1	42 1	55 2	74 2	24 2	39 3	47 1	54 1	64 1	66 3	4 1	53 1	31 2	10 1	75 2	72 1	37 1	83 2	32 3	18 2	12 3	57 1	13 2	61 1	19 1	67 10	58 2	38 1	40 1	51 3	2 1	88 3	84 3	52 1	73 1	16 3	81 3	71 1	30 1	8 1	48 1	27 1	9 1	28 1	33 2	82 2	23 5	22 1	41 1	21 3	34 1	65 2	17 4	0 1	77 5	36 2	5 1	20 1
86 4	8 5	33 1	48 2	24 6	59 1	44 2	65 3	77 1	22 7	37 6	61 3	71 1	70 1	84 1	38 1	5 1	73 1	55 1	57 1	51 1	13 2	0 1	35 2	89 2	64 1	66 2	80 2	28 4	43 1	29 1	60 2	63 2	7 4	1 1	72 1	68 1	69 1	21 2	3 1	36 1	67 2	79 1	78 2	12 1	49 1	54 1	34 1	19 4	2 2	53 1	6 1	41 7	50 1	45 2	15 3	75 2	39 2	82 2	17 1	30 3	20 1	81 1	10 2	16 9	26 1	62 2	88 1	76 1	4 6	85 1	40 1	11 2	14 3	58 1	83 2	9 1	25 2	23 1	74 1	47 1	46 2	56 4	32 1	27 1	52 1	87 1	42 1	18 2	31 1
63 2	41 1	34 1	73 1	79 5	18 1	35 1	53 1	17 1	87 1	83 3	80 1	59 1	32 2	50 2	65 3	68 2	9 4	13 2	47 1	39 1	24 1	6 2	7 1	20 1	30 1	72 1	28 5	23 2	62 1	44 2	11 13	70 1	81 1	3 1	4 1	55 1	66 3	69 3	33 2	88 1	43 2	15 5	67 2	48 3	19 1	5 3	77 3	54 1	75 2	89 2	25 2	42 2	76 2	31 2	51 2	64 1	16 1	82 1	22 1	45 2	56 1	29 5	10 1	85 1	52 2	86 2	27 5	46 6	60 1	8 1	57 2	37 2	0 3	40 1	1 2	74 1	2 2	14 1	78 2	38 8	58 1	36 2	71 2	26 3	84 1	21 1	61 1	49 1	12 2
39 2	89 1	79 2	7 1	32 2	81 2	34 2	57 4	66 3	0 1	67 1	24 1	19 1	78 2	47 1	50 7	4 2	68 2	63 5	60 3	61 2	86 3	83 4	23 2	74 1	84 1	76 1	12 2	9 1	2 2	49 3	8 1	44 2	29 1	37 1	46 1	55 1	70 1	30 1	71 1	54 2	27 1	25 1	3 2	5 1	1 1	56 1	14 6	48 1	17 1	62 1	59 2	51 1	15 3	13 1	31 4	77 1	58 1	73 1	33 1	88 1	36 1	87 6	72 6	38 1	52 3	18 1	26 1	40 2	69 1	10 2	16 1	41 2	35 1	28 1	11 1	45 2	85 2	43 1	20 1	80 1	75 2	6 2	21 2	64 1	22 1	53 1	82 1	42 1	65 1
58 1	30 1	81 4	62 3	68 1	50 2	52 1	71 2	47 2	84 4	1 2	29 3	39 3	43 1	55 2	61 3	86 1	12 1	44 3	80 4	28 1	41 1	38 1	17 1	89 1	69 1	85 5	78 1	67 1	88 2	9 1	48 1	63 1	10 3	64 3	57 1	82 2	54 2	0 8	8 2	32 1	33 4	66 1	26 3	25 1	53 1	87 1	74 1	46 2	70 3	72 1	51 2	49 1	37 1	5 3	60 2	4 4	59 2	45 1	31 2	79 3	34 1	21 2	76 1	23 5	18 3	73 3	36 1	3 1	11 1	35 1	83 3	15 1	42 4	22 5	75 4	56 1	13 2	77 2	27 2	40 2	7 1	2 2	16 1	19 1	6 1	65 4	24 1	14 1	20 1
81 2	6 1	25 1	14 2	20 3	39 1	37 2	66 2	28 3	76 2	44 2	22 2	80 2	84 1	49 2	17 1	51 1	61 5	19 2	31 1	2 2	59 1	48 4	23 3	75 1	35 6	71 1	8 3	18 1	42 2	82 1	83 3	38 1	47 2	68 1	54 4	57 1	29 1	26 3	10 1	5 1	1 3	87 6	15 1	78 1	65 1	43 2	21 1	36 1	73 1	40 1	67 2	24 2	58 2	63 1	46 2	60 2	34 1	3 4	64 3	50 2	70 1	32 1	72 1	86 2	27 2	4 1	77 6	62 9	9 1	13 1	0 2	55 2	53 3	69 2	33 2	88 2	7 2	89 1	79 4	41 1	85 2	45 2	52 2	74 3	56 1	16 1	30 3	12 1	11 2
54 1	87 1	12 3	18 1	32 2	34 1	74 1	8 3	39 2	33 7	66 2	51 3	3 1	19 1	9 1	46 1	0 2	83 7	64 2	86 3	76 1	79 1	68 1	10 2	62 2	20 2	89 1	49 1	81 1	53 2	21 1	65 1	31 4	38 1	70 1	26 1	56 1	71 1	73 1	80 2	2 1	57 2	1 5	40 1	69 1	63 1	55 2	58 1	41 1	11 4	78 3	14 1	52 3	44 1	59 3	47 1	24 1	30 2	42 1	6 1	13 1	22 1	7 1	50 1	82 1	37 1	43 1	25 2	15 5	72 3	84 4	27 6	36 3	4 1	77 2	5 1	28 1	29 1	48 2	60 1	16 1	61 1	85 3	35 1	17 1	88 2	23 6	67 3	45 5	75 1
19 1	67 1	65 1	11 1	53 2	75 1	10 2	24 3	26 5	52 2	86 2	69 1	27 2	8 1	44 2	21 3	88 3	60 2	62 2	45 3	76 1	34 1	70 2	12 1	57 1	51 1	1 3	5 2	42 4	78 3	73 3	31 1	20 1	77 3	72 2	66 1	50 3	30 1	37 1	48 1	38 1	32 1	79 2	68 1	15 1	47 3	85 2	83 3	16 1	84 4	59 1	33 2	58 4	41 1	63 1	2 4	4 1	28 1	25 1	87 1	54 1	81 1	13 1	71 2	29 1	46 5	35 3	6 1	0 2	74 2	82 8	14 2	64 1	56 1	80 3	61 1	43 1	55 1	3 1	17 1	36 2	9 2	23 5	39 3	18 2	49 1	22 2	40 1	89 1	7 1
13 1	53 1	76 4	7 1	12 2	88 2	31 2	6 1	25 1	36 1	50 5	63 2	59 1	64 1	52 4	82 1	0 1	80 1	65 2	79 3	40 1	5 1	72 1	42 5	83 1	15 1	20 2	85 2	75 2	70 2	56 1	4 1	16 2	41 3	66 1	78 2	46 4	9 1	77 1	38 3	51 1	11 3	37 4	27 3	45 1	39 1	60 2	54 2	34 1	17 1	49 1	3 2	23 1	22 1	67 2	68 2	86 1	18 1	62 2	30 1	8 3	2 1	69 2	10 1	14 2	58 1	1 1	43 2	24 1	74 4	26 1	89 1	61 3	55 2	84 1	28 2	71 1	32 1	81 1	47 3	19 4	29 1	33 4	73 1	21 1	57 1	87 2	48 2	35 4	44 2
82 3	8 1	37 3	73 1	55 2	7 3	6 2	67 3	26 4	72 4	59 1	17 1	18 4	33 1	88 3	43 1	30 1	69 1	52 2	45 5	44 1	9 1	47 1	81 5	24 1	25 6	56 8	4 2	10 1	68 2	1 1	63 1	40 2	71 2	50 1	27 2	60 3	16 1	78 3	85 2	62 3	79 5	54 2	89 5	74 2	41 1	36 2	51 2	58 1	57 3	77 1	86 3	70 1	12 2	38 2	42 1	35 2	48 2	28 1	46 1	21 4	66 2	53 5	11 4	75 3	20 1	2 2	64 2	34 1	22 1	84 1	76 5	3 1	87 2	13 1	83 1	23 5	39 1	15 1	65 1	14 3	19 3	5 2	61 6	31 2	49 6	80 2	29 5	32 6	0 2
30 4	18 1	11 2	46 1	42 1	82 4	49 3	7 1	87 2	72 3	52 2	74 2	89 1	35 1	38 1	77 3	12 2	53 2	48 2	54 1	17 5	81 2	63 1	69 2	62 2	68 1	5 3	37 1	61 1	57 1	34 1	88 2	67 2	21 2	85 1	24 2	22 1	44 2	59 2	43 1	40 3	60 1	3 1	26 1	28 1	10 2	19 2	27 1	15 2	56 1	14 1	6 1	86 1	51 4	2 2	83 1	8 4	25 1	79 1	31 1	9 1	50 2	32 2	39 4	65 2	73 3	23 5	78 2	29 1	16 1	1 3	13 2	80 1	33 3	36 1	0 1	45 2	71 3	84 2	66 1	4 1	20 1	55 6	70 2	47 3	64 1	76 3	41 5	58 1	75 2
17 5	75 2	54 3	9 1	24 6	16 2	68 2	74 2	73 1	69 4	31 1	62 1	55 3	53 1	35 4	1 2	37 2	80 1	40 2	58 1	64 1	47 2	3 7	82 2	19 1	56 4	34 2	66 1	27 1	65 2	6 1	81 1	59 2	51 1	60 4	84 2	86 1	10 3	22 1	29 1	79 5	45 1	57 1	20 2	72 3	32 2	5 1	2 3	4 2	71 1	23 3	88 1	21 2	28 1	12 2	77 2	36 1	83 2	25 2	33 3	70 1	63 2	7 1	61 3	15 1	13 2	30 1	49 3	8 9	67 1	39 1	76 2	18 1	14 1	48 3	42 2	11 3	78 2	85 1	50 3	87 3	46 2	44 1	41 1	0 1	52 5	26 2	43 2	89 3	38 1
10 3	25 1	67 1	69 1	23 1	62 1	85 1	51 1	45 1	38 2	71 4	30 2	75 2	55 1	74 2	1 3	20 1	59 5	39 1	28 2	6 1	3 1	31 4	5 2	0 1	47 1	68 1	86 3	43 2	21 2	60 2	27 1	48 2	32 6	76 4	73 2	13 3	15 1	33 1	84 1	87 1	63 3	72 1	37 1	18 4	80 2	44 1	11 2	58 1	14 2	52 2	41 1	53 1	2 1	9 1	29 1	8 1	81 5	42 3	57 2	49 7	16 1	88 2	22 6	7 1	77 3	78 1	65 2	40 2	12 3	83 1	50 2	61 1	4 2	34 2	35 2	89 5	17 2	26 1	46 1	64 1	82 1	36 1	19 2	56 1	24 1	54 3	66 4	70 3	79 2
87 3	37 3	74 2	1 1	35 2	3 2	16 1	26 1	10 2	64 1	55 3	71 1	68 2	32 2	9 2	36 1	19 1	73 1	67 1	59 2	52 1	27 2	23 1	56 1	86 3	75 2	65 4	24 2	34 1	77 1	30 4	85 1	20 2	12 1	89 2	17 5	49 2	46 1	53 2	40 1	84 1	88 2	4 1	21 1	80 3	14 3	7 1	63 1	47 1	51 7	81 2	29 1	54 1	78 2	61 5	31 1	43 5	11 1	0 1	2 5	5 2	76 1	62 3	82 3	48 3	44 9	57 2	66 1	72 1	42 2	8 1	22 1	6 2	28 2	70 2	58 1	50 1	38 1	15 1	45 3	18 5	79 4	25 1	83 1	69 1	39 2	33 1	60 1	41 1	13 6
29 1	38 1	78 1	55 1	2 1	62 4	49 1	26 1	0 1	85 1	70 5	8 3	11 7	32 3	39 1	66 2	52 3	65 4	37 1	61 4	80 5	69 1	13 1	83 1	40 2	35 5	50 1	28 3	53 1	67 2	87 2	71 4	3 1	33 3	60 1	89 1	79 5	72 3	20 1	63 3	58 1	19 1	17 1	7 2	75 2	82 4	9 2	24 7	25 6	10 2	88 3	76 4	34 5	27 1	16 4	14 2	4 1	12 1	74 3	86 4	42 2	44 3	23 4	43 1	57 2	18 4	51 6	59 1	1 1	6 2	22 1	54 2	56 10	48 5	21 2	81 4	73 1	41 3	46 2	64 1	30 1	45 4	31 1	68 2	47 1	5 1	84 2	77 1	15 3	36 1
62 3	41 2	87 4	74 1	33 1	7 1	42 3	77 2	24 1	82 1	40 2	14 4	20 1	22 2	8 1	88 5	54 2	69 2	6 2	30 1	70 1	75 1	65 1	52 6	55 1	25 2	39 1	80 1	23 1	19 1	60 1	1 3	72 1	46 2	29 2	68 9	86 3	38 2	64 2	81 1	34 1	76 2	85 1	9 3	79 1	2 1	12 2	50 1	59 1	35 1	63 1	89 3	45 3	31 4	3 3	37 2	83 2	56 1	16 1	51 2	49 1	57 1	71 2	17 2	43 1	10 3	53 3	73 4	28 1	18 1	84 2	66 4	11 5	5 1	15 2	26 1	36 1	61 1	0 4	44 3	32 1	48 3	13 1	78 1	47 1	58 2	4 2	27 3	67 2	21 4
41 3	7 1	28 1	63 1	50 2	78 2	38 1	37 1	72 1	21 2	70 3	64 2	11 1	14 4	31 1	52 3	13 3	56 3	86 2	46 2	40 3	3 3	0 1	10 3	89 6	57 3	18 4	87 2	65 1	75 4	35 5	48 2	4 1	81 3	44 1	20 1	84 1	5 1	60 1	51 1	33 2	68 1	85 2	6 3	43 2	39 1	19 1	16 1	69 1	58 1	17 3	66 4	54 1	24 2	42 1	74 3	1 5	83 2	77 1	61 2	34 2	22 1	71 3	53 1	49 2	62 1	79 1	9 2	30 1	2 4	29 1	8 1	15 1	12 3	32 5	73 5	26 2	82 3	27 1	80 2	47 2	76 2	88 1	55 3	59 1	67 4	25 1	45 2	36 1	23 1
41 4	85 1	35 1	62 3	24 1	84 2	40 1	69 2	32 1	54 2	64 2	52 1	80 3	8 1	0 3	58 1	48 3	46 1	59 1	61 1	30 1	33 1	74 1	67 1	83 3	26 2	14 1	17 1	25 1	86 4	3 1	13 2	7 2	50 5	9 4	72 1	60 1	4 1	45 2	37 4	82 3	34 2	70 5	81 1	55 2	68 1	73 4	12 1	75 4	77 2	15 2	6 1	44 3	89 1	66 1	71 1	36 2	19 2	57 2	76 2	27 4	63 1	22 1	28 1	38 1	47 4	53 5	56 4	79 1	16 2	87 3	42 2	39 1	10 5	43 1	18 2	23 4	2 3	21 5	29 1	1 1	51 3	49 3	88 1	65 2	78 1	31 1	11 3	5 1	20 1
25 2	13 2	31 2	0 1	71 3	36 1	86 1	45 1	3 2	15 1	1 1	81 3	47 1	74 1	40 1	23 1	37 1	51 1	4 1	44 1	7 2	85 4	24 1	20 3	46 1	22 5	64 4	84 1	57 1	12 2	39 1	9 2	48 2	6 2	38 4	76 3	10 1	50 3	56 1	79 1	73 1	63 2	68 6	67 7	11 2	34 4	30 1	61 1	14 1	33 2	88 2	77 1	5 3	26 1	53 1	55 4	18 1	17 1	75 4	82 1	8 1	16 2	70 1	83 2	41 3	59 5	42 3	62 1	66 6	49 1	78 1	35 1	65 3	19 2	43 2	2 3	54 1	21 2	69 2	60 5	27 1	32 2	72 4	52 1	29 3	58 1	80 1	28 1	87 3	89 1
19 1	89 1	61 2	47 3	3 1	15 3	44 2	65 2	76 2	33 3	8 2	43 1	57 2	37 1	54 2	56 1	88 2	14 1	2 1	66 2	55 5	69 1	46 1	45 5	23 1	10 1	74 1	30 2	52 1	81 1	11 1	85 4	9 3	7 1	75 4	48 1	4 1	17 1	28 1	73 5	32 2	82 1	80 5	20 1	86 2	64 1	27 1	22 1	0 2	71 1	72 3	41 1	78 3	49 3	67 1	84 1	58 1	24 3	18 4	77 2	34 1	16 3	40 1	50 1	35 1	13 1	5 1	59 2	62 1	87 2	21 1	25 1	42 1	51 2	26 4	36 1	1 2	83 3	60 6	38 1	68 4	12 2	70 1	6 2	39 1	31 2	79 2	29 3	53 1	63 5
35 1	2 1	53 2	62 1	63 1	29 2	28 1	4 2	36 1	47 1	73 2	70 1	46 7	21 1	82 2	68 1	89 4	71 1	75 4	30 1	3 1	8 7	81 4	31 1	56 4	55 1	54 1	33 4	18 3	27 4	78 3	6 1	40 1	42 1	67 1	23 1	69 1	16 1	20 1	39 1	7 1	50 3	44 2	22 2	24 3	77 5	14 1	26 1	32 1	12 2	57 2	58 1	72 1	0 1	74 1	76 3	85 1	37 9	10 1	80 1	79 2	64 1	1 1	43 5	15 2	60 1	66 1	38 3	59 1	86 1	45 1	41 2	61 2	5 2	84 1	34 2	19 1	49 2	87 2	13 2	9 2	51 3	25 1	17 2	83 3	65 3	52 1	48 4	11 1	88 1
23 2	47 1	7 1	32 1	37 1	82 1	74 1	87 3	16 3	13 1	76 1	59 2	36 2	67 3	75 2	71 1	24 1	19 1	20 4	31 5	21 2	18 2	35 3	72 7	27 5	89 3	88 1	61 1	28 1	29 2	69 1	58 4	78 1	46 1	34 1	43 1	8 1	12 2	6 1	45 1	63 1	3 3	49 1	38 1	48 1	39 1	1 1	65 6	15 1	55 3	11 1	52 1	85 1	2 1	44 1	33 1	57 1	56 2	86 1	68 1	26 2	73 1	53 1	17 2	30 2	60 2	25 5	84 4	79 2	77 1	80 1	64 3	81 1	4 1	50 1	66 1	10 5	22 2	54 1	9 3	0 1	40 1	5 1	51 2	42 3	41 2	83 1	70 1	62 5	14 3
51 4	5 6	59 1	36 2	4 1	65 1	54 1	10 4	80 7	32 1	7 1	44 1	45 3	13 2	77 2	67 4	50 5	70 1	1 1	25 1	63 1	9 8	78 1	31 3	15 3	87 5	12 1	41 1	79 1	26 4	18 1	56 2	84 1	37 1	83 1	73 7	85 3	23 4	42 1	71 4	40 1	17 1	33 1	76 5	74 2	66 1	34 4	43 2	60 4	47 4	58 1	22 1	35 3	53 3	72 1	21 3	55 2	69 2	86 2	89 3	27 3	75 1	57 2	6 2	20 3	81 2	28 1	52 2	61 1	46 2	62 4	19 1	3 6	49 1	64 1	0 1	48 3	88 1	82 2	68 2	2 3	30 4	29 1	38 1	16 3	24 1	39 2	14 1	11 1	8 1
65 3	34 2	2 1	61 1	3 3	79 1	47 2	1 1	46 1	37 1	86 1	4 1	71 3	15 2	58 2	54 2	52 8	66 9	33 5	11 2	13 1	57 1	40 1	26 1	76 1	12 2	38 1	39 2	53 3	14 3	19 2	21 5	25 1	0 1	7 1	41 2	48 1	59 3	83 2	56 1	69 3	73 1	22 4	85 2	63 1	23 2	82 1	5 1	30 2	35 4	60 1	55 6	6 3	68 2	50 1	67 1	28 1	62 1	84 3	8 1	31 2	32 3	72 2	89 1	64 3	36 1	77 5	70 2	27 2	45 1	87 1	81 3	80 1	9 1	29 1	42 2	20 1	51 3	44 2	18 4	78 5	75 1	17 2	88 1	43 3	24 2	74 1	16 2	49 1	10 1
60 1	21 4	79 1	0 1	37 1	33 2	38 2	11 1	82 1	31 1	50 2	45 1	57 1	81 1	44 8	43 3	26 1	49 3	89 1	83 2	56 5	85 1	73 1	48 4	67 3	25 1	24 1	62 3	22 2	9 3	86 3	64 3	3 2	18 2	54 1	63 1	61 1	4 1	23 1	78 1	15 2	17 1	77 1	13 1	1 2	80 4	75 1	72 1	74 1	41 2	5 1	2 3	66 1	40 1	10 3	59 9	35 2	42 1	28 1	16 1	69 3	47 1	70 1	30 2	29 1	32 4	34 5	19 2	39 2	46 1	55 1	12 7	68 4	6 1	20 2	88 1	65 1	8 1	71 1	87 3	27 1	76 1	36 2	58 1	53 4	14 1	52 1	51 2	7 1	84 4
78 2	47 1	55 1	35 2	81 1	52 1	10 2	6 3	76 1	11 2	22 1	38 2	28 2	8 1	31 4	9 4	1 2	48 2	49 1	33 1	65 2	34 3	26 1	62 1	68 5	87 1	18 1	42 1	79 3	7 3	56 2	85 1	0 3	80 2	60 2	72 1	83 3	74 2	27 1	69 1	37 1	12 1	82 2	30 3	24 2	57 3	45 2	15 1	3 2	67 1	70 1	19 5	29 1	40 1	89 4	73 2	75 1	71 1	41 2	50 1	84 3	25 3	36 1	53 1	63 2	58 1	43 2	51 4	44 1	2 1	32 2	54 1	13 1	4 2	21 1	20 1	14 1	5 2	46 3	77 2	86 1	64 2	59 2	61 1	66 1	23 1	16 1	88 1	17 1	39 7
69 2	17 1	4 1	56 1	86 2	71 2	33 1	68 1	11 5	42 1	51 2	21 1	22 2	40 2	44 1	23 1	7 4	41 2	39 1	6 1	58 3	27 1	73 1	78 1	63 1	30 2	62 1	37 3	3 2	35 2	2 2	34 5	38 3	25 5	83 1	15 1	75 3	8 1	57 2	64 4	85 4	26 2	77 1	43 1	32 3	19 3	16 1	65 2	82 1	13 1	48 1	53 1	28 2	84 3	0 1	74 1	20 1	29 3	52 1	14 2	81 1	70 2	47 1	60 6	87 1	24 4	49 2	79 2	67 1	72 1	9 3	18 2	61 1	88 1	76 2	89 2	54 2	50 2	5 1	66 1	80 3	55 1	10 1	46 1	45 2	36 1	59 6	1 2	12 1	31 1
52 4	63 2	17 4	19 6	49 2	51 5	77 1	9 2	12 2	7 1	75 1	81 1	10 1	3 4	5 2	76 2	37 1	70 3	61 5	15 2	84 5	56 2	55 1	43 2	44 1	89 1	86 2	30 1	1 3	65 1	35 1	2 4	87 1	54 1	21 1	45 3	71 1	66 5	48 1	33 2	74 2	0 2	53 1	50 1	38 1	42 2	83 1	8 1	23 4	28 1	14 3	67 1	25 1	41 2	22 2	27 1	59 1	64 1	24 1	46 1	60 1	57 2	40 1	39 3	4 1	82 2	47 1	20 2	31 1	26 3	68 2	32 4	16 2	69 4	13 3	34 1	36 3	88 2	73 1	11 3	78 1	80 3	58 1	29 1	6 3	18 2	79 1	85 1	72 1	62 1
57 2	54 2	0 1	58 2	26 1	31 1	59 3	7 1	76 2	89 3	27 3	35 4	72 1	46 2	71 4	39 2	25 1	86 2	11 2	29 5	50 1	28 1	4 4	47 2	3 3	40 1	79 1	10 1	1 4	41 2	30 1	68 1	45 1	43 1	82 3	53 2	8 1	75 3	83 1	61 3	44 3	63 2	88 1	24 5	78 3	87 2	49 4	85 1	2 3	64 1	62 3	6 2	70 3	12 3	13 4	14 3	65 2	21 5	80 1	18 2	56 2	16 2	73 2	66 1	55 1	51 1	15 1	32 1	81 6	37 2	52 1	60 1	17 1	74 1	33 3	48 2	38 1	67 1	77 2	9 2	34 1	23 1	84 1	42 2	69 4	36 1	5 1	19 1	20 1	22 2
78 5	4 2	60 3	82 1	50 3	15 4	73 1	81 1	7 3	25 3	11 1	39 1	58 1	41 1	62 1	40 4	75 2	35 2	2 3	14 3	17 4	85 3	72 1	49 2	86 1	27 1	12 2	52 2	13 4	24 2	71 1	53 4	70 2	10 1	8 2	76 7	32 5	74 2	23 2	87 1	6 1	61 2	57 4	55 1	5 2	68 1	69 1	42 1	59 3	28 1	31 1	26 2	21 1	54 2	83 1	51 1	84 1	3 1	47 3	34 1	0 1	29 4	22 1	36 1	37 1	88 2	16 1	38 1	9 5	89 2	67 1	64 4	63 3	43 7	45 2	44 1	30 3	19 1	79 1	1 3	18 3	46 2	33 3	48 2	20 1	66 1	80 2	56 3	65 1	77 1
48 3	10 1	33 1	83 2	73 1	52 1	77 2	35 1	36 1	9 3	43 1	41 1	47 1	50 3	37 1	76 8	5 1	59 2	4 1	71 5	17 1	2 3	88 2	32 1	38 2	82 1	57 2	80 2	29 2	85 1	69 2	16 1	0 1	18 1	51 3	53 2	11 2	13 1	8 3	67 1	70 3	12 5	45 1	31 2	3 2	25 1	6 1	23 3	68 6	55 2	21 1	79 1	75 2	28 1	65 4	24 2	26 2	74 1	89 1	30 2	64 2	63 2	81 2	72 1	84 6	44 2	61 2	14 1	15 3	54 1	56 1	39 7	42 1	62 1	27 2	1 4	60 1	20 3	78 1	66 1	34 1	86 3	49 3	87 1	46 3	40 4	19 1	7 3	22 1	58 5
44 1	35 2	79 3	8 4	82 2	84 4	5 1	71 1	46 5	69 1	63 2	86 8	53 2	49 3	10 1	18 1	0 1	28 1	21 1	60 5	75 1	81 1	74 1	15 3	22 2	87 4	68 2	51 1	77 1	30 1	88 4	19 1	27 1	29 2	38 1	80 1	39 2	48 2	72 2	3 1	70 1	37 1	54 1	25 1	56 1	45 4	17 4	66 1	2 4	34 1	40 1	23 1	41 2	43 1	11 1	83 1	67 2	50 1	13 3	59 1	31 2	6 1	42 1	1 1	57 6	26 1	4 1	16 2	78 1	47 2	33 1	12 2	20 2	55 1	9 4	24 1	76 4	32 1	58 4	65 1	7 3	64 1	14 3	36 1	73 1	89 5	52 1	62 2	61 2	85 3
1 2	46 1	0 1	3 3	35 3	67 2	60 1	73 1	49 2	62 2	18 3	16 1	32 2	68 1	79 1	58 3	72 1	11 1	5 3	61 1	51 2	86 5	80 1	31 2	56 4	77 1	19 2	37 1	26 1	36 2	24 1	48 2	69 2	41 1	28 1	82 1	43 3	29 2	42 1	23 1	84 2	7 1	4 2	21 2	53 1	39 1	78 2	45 2	34 2	47 1	83 2	65 1	81 1	76 1	89 1	38 2	44 5	70 1	55 1	33 1	6 1	25 4	14 5	20 1	57 5	10 2	63 2	8 4	12 1	15 1	85 2	64 1	13 3	40 1	17 5	22 1	50 1	54 2	75 1	27 1	71 1	87 2	59 1	9 1	52 6	30 3	66 1	88 1	2 3	74 2
68 1	67 3	76 1	36 1	52 7	48 2	37 2	62 1	89 3	85 5	9 2	23 3	73 1	84 1	13 1	29 3	72 1	24 1	38 5	31 2	43 2	39 2	81 2	55 2	56 1	19 1	50 3	3 1	42 5	79 1	66 1	4 1	47 1	71 2	53 4	88 1	21 1	32 1	49 4	27 1	16 2	44 1	46 2	75 1	11 1	26 1	51 3	59 1	14 2	0 1	2 3	64 2	77 1	61 6	28 3	35 4	63 1	87 5	33 1	18 2	34 2	6 1	41 5	60 1	1 1	20 1	82 4	45 2	30 2	83 1	58 2	69 2	10 1	78 2	8 1	54 1	80 1	5 1	17 1	86 1	40 3	74 2	70 1	15 1	12 1	7 1	65 1	57 3	22 1	25 2
54 1	2 4	60 3	5 2	68 2	58 1	63 1	48 1	41 1	87 2	56 1	43 1	65 1	14 1	82 1	74 2	47 5	22 3	86 3	32 1	70 4	75 2	35 2	50 1	80 1	88 2	24 2	84 2	39 4	42 1	12 1	67 2	25 2	11 3	40 1	0 2	62 1	45 3	9 2	18 2	15 1	44 1	3 5	76 1	64 1	37 1	23 2	71 2	78 1	52 1	4 1	83 1	36 2	69 2	59 1	73 3	29 1	33 2	51 1	30 1	49 2	26 2	28 5	34 1	13 2	27 4	20 1	46 1	66 1	89 4	19 2	7 1	61 1	72 1	17 1	38 2	16 1	79 1	6 1	77 1	57 1	53 2	1 2	55 1	21 6	31 1	85 1	81 3	10 5	8 9
81 4	0 1	61 1	2 1	24 1	16 1	71 2	35 1	15 1	13 4	40 1	66 2	23 2	58 1	57 1	54 1	18 4	77 2	85 2	31 2	29 2	67 2	37 1	8 1	46 4	20 1	48 3	6 1	89 3	84 1	9 2	51 3	12 2	30 4	42 1	87 1	62 3	65 2	68 2	3 6	82 1	11 2	39 2	25 1	80 3	34 1	50 4	55 2	7 1	73 1	86 1	17 1	21 4	88 4	53 1	76 4	56 4	5 2	49 1	47 5	27 3	28 1	44 5	45 6	63 4	41 1	60 3	70 5	59 3	14 3	1 2	64 3	4 2	38 1	26 2	83 3	78 1	74 1	33 1	22 3	19 1	10 2	52 1	72 1	69 1	43 2	32 4	36 2	79 1	75 2
0 2	53 1	13 7	85 3	51 1	77 3	79 1	19 2	44 7	31 3	63 1	72 2	81 1	4 3	46 5	59 1	14 3	1 1	20 2	36 4	6 2	32 2	39 1	64 1	37 2	65 1	42 1	52 1	34 1	11 1	87 1	88 2	5 2	80 2	75 1	33 3	84 1	26 2	24 3	21 1	66 1	27 3	70 5	43 1	23 2	18 1	40 2	56 1	45 3	38 3	10 3	41 2	16 1	9 2	35 1	57 1	25 2	22 1	28 2	62 1	76 4	15 1	2 1	69 1	83 4	48 1	17 1	49 3	30 1	67 2	68 4	7 1	74 1	82 1	50 1	55 1	71 4	86 1	61 4	78 1	58 2	8 3	60 4	54 1	73 2	47 3	12 1	3 1	89 3	29 1
40 4	74 1	23 5	42 1	11 2	71 2	35 1	76 3	55 1	50 2	43 1	78 1	75 2	56 2	53 3	32 2	48 4	77 4	44 2	8 1	39 1	60 1	84 1	72 1	61 1	15 2	29 2	83 1	22 1	1 1	26 1	14 2	70 1	9 1	47 3	66 1	64 3	37 1	45 7	54 3	82 1	6 1	21 1	16 4	89 2	62 1	73 2	28 2	20 5	88 1	67 3	13 1	19 2	58 1	36 2	7 3	59 2	27 3	24 2	30 3	86 4	18 2	85 1	80 1	65 1	38 1	87 1	41 1	17 1	81 2	0 2	34 3	49 2	5 1	4 2	46 7	79 2	33 1	3 3	57 2	31 2	52 2	2 3	12 1	69 1	68 1	10 1	25 1	51 3	63 1
29 1	18 1	56 6	48 1	7 1	42 1	55 3	47 2	10 1	4 2	5 3	86 2	44 1	73 5	33 1	37 1	34 3	63 2	79 1	27 1	20 4	8 2	26 4	64 1	62 4	70 1	84 2	13 1	16 8	51 1	45 1	66 2	58 1	6 1	61 1	89 3	17 1	41 2	57 2	28 1	12 1	88 2	77 1	2 2	60 2	24 1	15 5	40 2	35 4	67 1	83 1	69 2	19 1	80 2	0 3	9 1	52 2	76 2	82 1	23 1	38 2	68 1	30 1	74 1	1 1	50 1	59 1	25 1	49 3	31 2	46 3	54 1	71 1	81 2	72 3	85 1	3 1	75 3	78 5	21 2	32 3	43 3	11 2	53 1	36 2	39 1	65 2	87 4	14 3	22 1
77 3	63 1	85 1	52 2	10 1	19 3	27 1	39 1	0 1	24 1	34 1	54 3	49 2	38 3	8 2	79 4	6 6	7 1	65 1	13 1	44 1	40 2	73 5	86 1	48 1	4 2	80 3	33 5	56 2	25 2	62 5	20 1	29 1	57 1	68 2	3 1	37 1	26 2	36 2	64 2	46 1	59 1	41 1	83 1	23 1	53 1	17 1	5 1	69 1	81 1	1 2	16 1	82 2	45 2	51 2	70 1	35 2	43 1	58 1	18 6	42 2	78 3	76 2	89 1	50 1	31 1	30 2	15 5	71 3	72 3	47 4	11 3	87 3	88 1	2 3	28 1	55 1	32 4	14 3	61 2	74 1	22 2	66 6	75 1	12 1	67 1	84 2	21 1	60 1	9 3
16 4	24 1	38 1	73 1	52 5	74 1	18 2	63 7	76 1	83 3	65 1	25 2	87 1	84 3	70 4	39 1	35 1	58 1	56 3	22 2	77 2	86 2	55 4	10 5	23 2	48 4	67 4	6 4	88 4	19 1	79 1	61 1	30 1	62 1	26 2	4 5	68 1	37 4	17 2	50 1	51 2	44 9	2 1	29 3	60 2	69 2	49 2	54 1	1 1	27 2	11 1	46 1	42 2	13 1	66 2	3 1	20 1	15 3	31 1	78 1	36 2	8 2	5 3	28 1	75 1	64 4	9 3	41 4	40 1	34 1	32 1	81 5	43 2	45 3	21 1	47 1	57 1	71 3	82 2	59 3	12 2	89 1	0 1	80 3	85 1	7 1	14 2	72 5	33 2	53 1
9 2	2 2	51 4	16 3	27 1	63 1	3 2	50 1	29 1	66 1	35 3	61 1	36 1	54 6	23 3	41 1	30 1	18 3	6 2	79 1	5 2	80 1	8 2	81 2	21 3	77 1	84 1	87 5	39 1	33 1	1 3	11 2	71 1	74 2	14 3	20 1	58 1	56 1	48 2	38 2	15 3	89 1	4 1	78 2	42 5	60 3	13 1	49 1	76 1	28 4	25 2	88 4	46 2	37 3	22 3	82 2	44 1	62 1	70 1	7 2	59 1	32 1	0 3	47 2	26 1	17 3	65 2	40 1	12 3	86 1	34 1	24 1	83 5	19 1	73 2	64 3	72 3	57 6	67 2	75 3	10 2	85 1	55 2	43 2	52 3	53 1	45 1	68 2	69 1	31 2
68 6	27 1	72 2	87 1	53 3	19 5	76 1	57 3	22 2	4 1	67 3	16 4	55 2	44 6	70 2	29 1	3 4	86 1	42 1	1 1	83 1	41 1	43 2	80 1	37 1	78 2	46 1	89 1	88 1	56 1	0 2	12 3	33 1	34 1	65 2	51 1	11 2	54 7	75 2	26 1	23 1	64 1	82 1	66 1	14 1	39 1	52 4	17 3	59 5	84 1	31 2	38 1	62 2	5 1	35 3	21 3	7 2	2 2	85 1	60 1	9 1	50 1	6 2	58 3	36 2	24 1	73 2	32 1	10 3	47 2	45 2	79 2	28 1	15 3	81 1	71 1	63 2	61 1	69 2	49 2	74 2	8 1	25 3	77 3	40 3	20 2	48 1	18 1	30 2	13 1
18 1	54 3	7 1	62 1	53 1	47 4	48 2	88 1	37 1	50 1	29 2	34 2	20 2	25 2	24 2	17 2	85 1	65 1	19 2	46 1	49 2	28 2	58 2	43 2	16 2	15 1	74 4	42 2	11 1	32 1	86 4	27 3	59 1	76 1	23 5	70 1	81 2	31 6	4 2	36 1	35 2	78 1	63 1	71 1	61 1	44 1	84 1	41 3	87 2	68 1	57 3	64 1	66 2	1 1	56 4	51 3	73 1	69 2	9 7	14 1	52 1	39 1	2 1	82 6	33 1	0 1	22 2	6 2	8 2	55 1	60 1	75 3	26 1	3 1	5 9	77 3	21 2	12 5	89 1	13 1	80 3	79 2	72 2	10 2	83 2	67 5	38 1	45 1	30 1	40 1
40 3	65 2	7 7	54 7	9 1	43 5	13 2	66 2	15 1	31 4	79 1	67 1	25 2	78 2	0 6	68 1	46 1	24 2	32 1	20 4	63 3	23 3	49 5	61 1	85 4	1 1	60 6	2 2	41 5	62 1	28 1	39 3	38 1	37 3	74 2	80 1	69 2	71 4	86 1	84 1	52 3	56 2	34 1	55 2	6 1	53 1	58 1	16 1	18 5	88 3	50 2	33 1	45 1	10 1	8 1	81 2	51 1	35 2	83 2	89 1	19 6	75 2	42 2	4 2	70 1	57 1	3 1	17 1	76 1	36 2	77 2	82 2	29 1	87 2	27 2	59 3	21 5	14 4	72 1	44 7	47 1	30 6	64 1	48 2	73 1	5 1	22 2	12 4	11 1	26 5
85 1	14 1	84 1	29 4	62 2	66 1	80 2	64 1	50 3	68 1	19 1	23 2	2 2	20 3	60 1	46 1	57 1	61 2	87 1	45 10	15 1	63 2	78 4	17 1	53 2	27 1	55 5	33 3	69 1	35 1	52 1	89 1	38 2	30 2	70 2	18 4	25 1	4 5	24 2	44 1	40 1	12 1	75 3	16 1	49 4	26 1	32 1	6 1	0 4	28 1	54 1	79 3	42 3	9 4	67 3	5 3	41 2	47 2	34 3	31 3	76 1	37 3	81 4	3 2	59 2	51 1	22 1	1 4	39 1	48 4	83 2	21 4	43 1	7 1	65 1	11 1	86 1	74 2	58 2	56 3	8 4	10 1	88 2	72 1	13 3	82 1	71 2	36 1	73 2	77 1
67 2	0 1	66 5	27 1	79 1	72 2	28 3	45 2	69 3	3 7	83 3	13 2	77 4	42 2	15 1	39 6	59 2	56 1	9 3	89 3	60 3	34 3	29 2	51 2	10 3	20 1	47 2	26 1	78 2	43 1	6 7	71 1	84 1	76 1	61 1	33 1	25 1	22 4	30 4	41 1	54 3	37 1	87 2	2 1	46 2	11 2	58 1	81 1	12 1	86 2	31 2	49 1	68 1	7 2	24 1	70 1	50 1	48 1	52 4	4 2	74 2	64 1	36 1	65 4	17 1	14 2	53 3	16 1	80 1	57 1	40 1	75 1	44 1	32 1	88 1	18 2	21 4	19 1	8 2	55 3	62 1	35 1	23 1	38 1	82 1	5 1	63 1	85 2	1 5	73 2
48 1	54 4	23 1	87 5	16 1	66 1	13 1	63 2	1 7	4 6	43 3	34 1	14 1	61 6	69 2	31 1	52 1	89 1	82 2	45 1	59 2	22 2	51 1	36 2	33 2	85 3	64 2	55 5	24 2	49 1	12 3	80 2	26 1	19 1	0 1	6 1	76 1	2 4	46 3	62 4	21 5	68 1	84 2	81 5	7 2	5 1	20 3	58 2	32 1	79 1	53 2	28 2	11 3	86 6	38 1	75 1	8 1	25 2	37 1	50 2	72 1	56 1	78 2	57 3	35 4	18 1	40 2	27 1	41 1	88 5	29 1	42 3	10 4	71 5	67 2	77 2	30 1	39 2	3 1	15 1	47 4	17 1	9 1	65 3	70 1	83 2	60 3	73 2	74 1	44 2
48 1	13 1	58 1	53 1	84 2	30 2	81 1	82 1	49 1	66 3	20 1	63 2	61 2	17 1	11 1	70 1	31 4	5 1	3 2	34 1	38 1	7 3	15 1	37 4	71 2	87 2	42 1	18 3	50 1	25 4	73 1	77 5	74 3	45 1	35 1	6 3	83 1	41 1	4 1	44 1	27 1	59 2	23 4	14 2	56 1	89 3	19 1	51 2	22 1	72 1	75 1	67 1	29 1	1 2	24 1	62 1	21 5	16 1	69 1	78 1	39 4	57 1	76 2	47 2	43 1	55 1	26 3	46 3	9 1	0 1	65 3	54 2	60 1	10 1	2 1	33 1	8 2	88 3	80 4	40 2	12 1	68 1	32 5	85 5	86 1	52 1	28 2	36 1	64 1	79 2
19 3	7 1	79 1	8 3	25 1	39 5	31 2	64 3	52 1	70 3	40 1	47 1	11 2	4 1	9 1	14 1	67 1	63 1	58 1	17 2	10 2	65 1	15 2	76 1	89 1	28 4	30 2	34 3	27 1	6 1	16 5	66 3	42 1	5 1	53 2	48 1	21 2	46 1	13 1	49 1	12 1	51 1	77 3	74 1	61 3	82 3	33 1	71 1	78 1	18 3	36 1	0 2	80 2	41 6	37 1	43 2	85 4	22 4	54 2	35 1	56 1	2 1	3 1	50 5	1 6	62 4	69 1	73 1	88 3	60 2	83 2	29 1	55 1	57 1	86 3	38 2	32 1	20 2	84 2	45 1	59 2	23 1	44 1	24 1	75 1	26 1	72 1	87 1	68 3	81 1
79 1	63 2	80 1	86 2	28 1	78 5	54 1	30 3	40 1	44 2	4 3	84 1	72 3	32 1	22 1	2 1	41 1	82 2	10 1	36 3	58 3	53 5	21 4	85 2	16 1	60 1	19 2	76 1	23 1	38 1	3 1	12 2	51 1	37 4	81 9	89 1	17 1	56 1	68 1	42 6	74 3	52 3	8 2	7 2	6 4	61 1	39 2	43 1	73 1	59 3	71 1	57 1	25 2	48 1	87 3	5 1	88 1	35 2	66 2	14 2	47 8	29 2	11 1	18 1	13 3	55 2	62 1	33 1	49 1	77 2	65 1	83 1	64 1	31 1	27 3	15 3	75 2	50 1	1 8	24 2	26 5	69 4	67 6	34 1	70 5	0 1	45 2	46 1	20 4	9 1
4 1	23 2	15 2	79 3	66 1	26 2	18 1	54 1	41 5	78 1	5 1	59 1	29 2	52 1	55 1	49 1	71 1	1 2	9 2	63 1	24 1	32 2	68 1	37 2	43 3	6 2	62 2	12 4	75 1	34 1	48 17	87 1	14 1	58 2	65 2	42 1	10 1	30 1	13 1	44 3	50 4	89 2	76 2	56 3	21 1	77 3	69 5	83 2	84 1	39 1	3 1	46 10	82 1	64 4	61 1	0 1	27 1	70 1	33 3	16 3	35 1	20 3	51 1	47 4	60 1	67 2	31 2	19 3	40 1	17 1	88 3	45 1	57 1	72 3	85 2	11 1	80 1	8 1	74 1	22 1	81 2	38 1	25 2	7 2	73 1	53 2	2 1	86 2	28 1	36 2
51 4	21 3	22 1	53 2	15 1	84 2	5 2	12 2	1 8	14 6	86 4	66 1	49 4	36 1	34 2	73 1	65 1	38 1	72 2	35 4	43 1	48 1	29 2	63 4	30 1	81 1	61 2	77 1	10 2	59 1	39 1	2 4	67 1	11 1	54 3	79 2	75 1	57 3	9 2	55 2	50 3	19 1	64 2	23 3	28 1	6 1	8 2	32 1	17 1	69 1	82 2	40 1	33 3	3 2	20 1	42 6	88 2	78 3	52 3	80 1	87 1	25 1	26 3	83 1	74 1	70 1	62 3	7 3	46 1	16 3	85 1	18 2	60 4	44 1	56 1	24 2	58 5	31 3	45 3	76 3	47 1	37 1	89 1	13 3	27 2	68 1	71 5	4 1	41 5	0 1
77 2	69 3	20 2	72 1	27 2	65 2	7 1	60 4	74 1	47 1	9 1	42 2	81 6	52 1	13 1	32 1	53 3	82 1	35 2	30 3	25 1	45 2	85 1	12 1	54 2	38 1	22 1	75 5	64 6	76 2	51 4	40 1	70 6	17 1	24 1	29 1	21 1	18 2	83 2	78 1	89 1	46 1	44 3	19 2	43 1	28 2	8 3	23 3	36 2	15 2	59 1	11 2	71 1	50 1	39 1	73 2	62 2	14 2	79 1	48 1	10 1	57 1	61 2	68 2	80 2	3 1	16 2	37 2	33 2	67 1	5 1	66 3	2 1	6 1	56 5	41 3	84 1	86 3	31 1	1 1	63 3	58 3	49 1	87 1	0 1	34 2	88 5	4 5	55 4	26 2
18 1	23 1	8 1	67 1	82 1	3 1	52 3	7 2	45 1	71 1	41 2	42 1	47 5	88 1	24 1	85 2	43 6	0 5	58 7	77 4	11 1	75 1	21 1	36 1	78 1	14 4	79 2	33 1	9 3	56 2	38 1	68 1	46 1	15 1	28 4	29 1	83 2	30 1	81 2	20 1	25 4	19 8	37 2	10 3	64 1	53 1	16 2	13 1	74 3	2 4	57 1	17 2	84 1	65 1	89 1	5 2	61 1	76 2	32 4	49 1	50 1	51 3	44 2	66 1	35 1	86 1	27 1	73 2	62 2	48 1	22 2	31 1	4 5	6 1	70 1	1 3	87 1	55 2	59 1	34 1	63 1	26 2	80 1	72 1	69 1	40 1	39 1	54 1	12 2	60 2
64 3	58 2	13 5	85 1	22 1	46 6	39 1	82 3	15 7	73 2	31 3	77 1	40 1	63 1	30 1	76 2	56 1	5 3	41 3	4 2	9 1	54 4	48 2	65 2	8 1	19 1	67 1	35 1	33 2	47 1	23 4	38 3	27 2	16 1	28 1	80 1	68 1	0 1	50 2	62 1	26 1	25 1	17 5	69 2	44 3	81 1	20 1	59 1	78 1	57 4	45 1	55 3	51 2	75 4	60 1	21 2	84 1	37 1	18 1	49 2	29 1	61 1	14 1	6 2	66 2	10 2	86 2	3 2	32 2	70 2	42 2	88 3	71 1	72 1	36 1	24 4	53 1	89 1	83 1	1 1	12 2	74 1	2 1	11 3	79 1	52 1	34 4	43 1	7 1	87 4
70 1	12 2	32 2	59 1	85 4	79 1	22 3	86 1	52 7	17 1	20 1	36 1	65 4	61 3	5 1	72 1	34 2	21 2	40 1	24 1	53 3	15 1	29 1	58 1	39 2	33 1	35 1	55 1	51 1	41 4	46 1	80 1	67 1	71 5	42 1	4 2	6 1	26 3	19 2	54 6	68 1	47 2	82 5	13 4	49 2	88 1	83 5	81 2	57 3	44 1	73 1	75 5	50 2	2 5	18 1	10 1	78 1	28 1	84 5	0 1	87 3	14 3	30 8	37 1	69 1	7 1	16 5	66 2	76 1	60 2	23 2	45 2	89 1	27 1	9 2	38 1	77 1	74 1	63 2	31 2	3 2	62 6	25 1	48 4	8 3	43 1	1 3	11 1	56 2	64 1
21 2	38 4	87 1	77 1	19 3	16 1	14 1	76 4	57 1	28 2	26 1	27 1	34 1	88 4	49 3	55 1	59 1	89 2	11 1	50 2	42 1	71 1	31 1	70 3	58 4	3 1	36 1	68 5	46 1	13 2	30 3	62 1	69 3	78 4	18 6	40 2	84 2	54 3	79 1	74 2	47 3	7 3	73 1	32 1	44 2	41 1	20 4	85 1	2 2	86 6	17 1	45 1	43 1	33 1	80 1	56 2	53 1	61 4	65 1	12 3	4 1	51 1	10 1	39 1	0 1	35 1	81 1	29 2	48 2	6 4	15 4	24 2	23 3	37 3	1 1	8 3	60 3	63 2	5 2	72 1	66 5	22 2	25 3	67 1	52 1	9 7	64 1	83 1	82 1	75 5
8 1	35 4	11 2	89 1	14 1	9 1	61 1	43 2	31 2	19 1	42 2	87 1	30 1	13 1	83 3	33 1	26 1	56 1	39 2	25 3	32 1	28 6	53 1	81 1	36 2	79 1	52 1	71 1	54 8	63 1	75 5	27 3	50 2	18 5	12 3	51 1	68 1	62 2	6 5	15 2	82 1	10 2	20 2	77 2	69 1	2 1	7 1	1 1	76 1	21 3	88 1	40 1	44 1	47 2	74 1	46 3	0 2	59 2	73 1	64 1	70 5	17 3	66 1	84 2	86 2	3 4	48 1	67 1	58 2	16 1	29 4	85 1	45 1	78 1	41 1	34 3	22 1	24 2	49 1	60 5	5 1	4 2	72 1	65 1	37 1	80 3	38 2	57 6	23 1	55 1
68 2	83 1	11 2	1 2	24 3	21 2	87 1	31 1	45 1	81 3	34 2	30 2	13 2	15 2	19 1	17 1	44 1	9 1	70 1	16 1	47 2	61 1	58 1	0 2	36 1	62 1	66 2	43 1	29 3	18 2	25 2	53 1	56 4	48 3	72 1	26 1	69 2	46 2	40 10	49 2	20 3	3 1	84 3	78 1	80 2	50 1	67 3	42 2	63 4	55 1	77 5	23 1	33 1	35 1	60 1	4 2	14 3	71 2	82 1	2 1	38 1	75 4	22 1	79 1	57 1	73 1	59 5	41 1	85 1	8 2	52 2	65 1	89 1	88 5	64 2	86 3	7 1	28 4	51 4	39 1	10 1	37 1	6 2	32 1	5 2	54 4	74 5	76 1	12 3	27 1
74 3	27 1	55 1	39 3	54 1	87 2	34 5	63 2	3 2	79 5	69 2	71 3	67 1	14 2	31 1	61 1	12 1	48 2	53 1	22 3	86 1	35 3	75 5	42 2	4 3	77 6	80 1	51 1	37 2	43 3	47 3	88 2	41 3	30 2	81 1	66 1	50 1	15 1	2 2	10 4	85 2	28 2	20 1	49 2	44 1	32 1	13 1	84 6	16 2	83 1	8 1	52 1	57 3	33 1	58 1	7 4	0 3	5 2	9 1	29 2	21 1	70 2	25 1	36 1	1 1	59 3	68 1	73 1	24 1	62 1	65 1	46 1	89 4	17 1	40 1	19 1	6 1	26 2	60 1	82 1	76 2	11 1	64 4	18 8	56 2	72 1	78 2	23 2	38 2	45 1
86 1	74 1	17 2	18 2	20 1	69 1	39 2	21 2	44 1	78 4	65 3	62 1	5 1	41 1	14 1	85 1	76 2	10 1	28 3	57 1	45 6	7 2	34 1	72 1	77 9	29 2	6 1	89 1	84 2	80 2	67 2	24 1	58 3	8 1	26 3	79 1	50 1	88 2	47 2	4 6	82 4	61 1	30 1	87 2	2 1	66 1	27 1	13 2	9 1	70 2	83 2	15 4	48 1	22 1	56 4	35 1	64 1	73 1	1 1	53 2	49 1	25 1	51 1	12 2	63 1	32 3	46 1	0 3	55 1	52 2	81 4	38 1	43 1	23 1	3 2	31 2	37 1	42 2	16 2	19 1	59 2	54 1	68 1	75 6	36 3	71 2	33 1	40 7	60 3	11 1
