70	90
69 2	66 1	24 2	19 1	21 1	65 1	26 1	40 1	34 1	47 1	82 1	77 1	25 1	55 1	83 5	18 7	63 3	58 1	62 4	11 3	44 2	64 1	15 2	13 1	70 1	46 5	72 2	10 3	60 2	32 1	59 1	6 2	28 1	37 4	52 1	1 6	53 1	8 1	31 3	68 3	89 1	67 5	27 1	41 1	50 1	14 1	81 1	2 2	5 4	33 1	88 2	85 1	61 1	49 2	35 1	54 4	86 5	20 1	16 1	57 1	75 1	79 2	51 2	4 4	84 1	0 1	48 1	39 1	3 1	71 2	12 1	23 4	7 2	56 1	80 1	30 4	87 1	73 4	45 1	38 1	17 1	74 3	76 1	36 2	22 3	9 4	42 2	43 5	29 3	78 1
51 2	61 1	37 2	0 2	16 2	47 1	77 1	45 1	75 1	74 1	65 4	34 1	24 2	50 2	68 5	60 1	72 1	82 1	55 2	71 2	27 2	56 1	18 1	13 1	28 1	31 3	54 1	46 1	78 1	30 2	57 2	20 1	38 2	89 3	10 3	80 2	1 3	49 3	12 2	88 3	3 4	85 2	19 1	7 1	33 1	70 3	64 1	8 1	40 2	69 2	4 4	84 2	73 2	79 1	52 3	15 3	42 2	62 3	58 9	41 4	43 3	67 1	35 6	63 2	29 1	17 2	14 2	26 5	83 1	53 1	86 2	5 2	48 2	32 2	81 3	9 1	44 3	39 1	21 1	11 4	76 1	2 1	6 1	25 4	66 3	87 1	59 1	36 2	23 2	22 2
36 2	10 2	2 2	4 1	59 8	38 1	22 4	64 3	77 1	29 2	3 1	28 7	12 5	30 3	43 4	39 1	76 1	9 3	86 1	55 1	66 2	15 1	51 3	16 2	80 2	13 1	83 1	49 3	88 1	67 2	53 1	79 1	8 2	21 1	11 1	44 4	71 2	47 2	56 1	61 2	75 3	31 1	65 2	84 2	60 1	73 1	57 4	23 6	89 1	74 1	24 1	0 4	19 2	42 1	18 3	46 1	72 1	17 1	48 2	14 2	70 2	62 3	45 1	52 3	81 3	34 3	20 4	63 2	35 1	37 2	40 1	82 2	87 2	85 2	7 1	41 1	69 3	54 1	1 1	68 1	27 1	50 1	33 2	25 4	58 1	32 2	78 1	5 1	6 2	26 3
64 2	86 2	25 1	18 2	41 1	28 2	62 3	0 4	61 1	84 1	23 2	16 1	37 2	65 2	53 2	30 2	56 2	39 2	35 1	74 4	83 1	40 1	9 4	38 1	52 1	81 1	88 4	45 1	82 5	32 2	69 1	19 1	44 2	27 1	22 3	21 3	1 1	89 1	77 1	47 2	51 3	17 2	36 1	8 1	60 2	26 6	71 2	87 1	80 2	15 2	20 1	6 4	73 1	54 1	12 1	57 1	79 1	43 2	34 1	31 1	42 2	7 5	68 1	14 1	2 1	85 2	59 1	66 3	3 4	63 1	50 1	29 4	78 2	5 2	13 1	67 1	11 1	76 1	75 1	49 1	72 2	58 1	55 1	10 2	70 1	33 2	46 1	24 1	48 2	4 2
83 2	5 3	75 2	79 2	46 1	36 1	57 1	43 5	29 2	25 2	23 1	89 1	39 1	68 3	76 1	59 1	69 1	42 3	60 1	22 3	74 7	49 3	63 1	44 1	21 3	52 1	71 4	85 3	87 1	54 1	62 2	32 2	20 1	53 3	16 3	26 1	55 1	27 2	88 2	78 2	86 1	31 3	41 1	24 2	37 1	45 1	66 1	84 3	1 1	48 1	38 3	34 2	18 2	61 2	13 1	50 1	80 2	58 5	28 1	82 1	10 1	19 3	4 1	17 1	47 6	56 1	72 6	67 1	6 1	11 1	8 3	30 2	77 1	65 2	3 4	7 1	14 5	33 2	9 8	40 2	15 1	12 3	0 2	35 1	64 5	2 2	81 1	73 3	70 4	51 4
60 1	78 2	27 1	21 3	3 4	37 2	6 1	28 2	29 3	42 1	30 3	50 2	77 4	75 1	67 3	71 1	64 1	59 2	1 2	79 4	86 1	48 1	31 1	58 1	13 1	76 3	66 1	80 3	72 1	12 1	15 1	46 10	7 2	87 1	89 3	49 1	0 1	57 3	54 5	53 3	74 2	43 3	85 6	47 5	18 1	9 1	61 1	32 4	14 1	20 2	62 3	34 1	63 1	8 1	83 1	84 1	88 3	33 1	10 1	5 4	36 9	17 1	41 3	51 2	40 4	23 1	39 5	16 1	11 1	55 4	19 1	24 1	81 1	52 2	2 1	22 3	45 2	44 3	65 4	35 2	73 4	70 3	69 1	68 2	25 2	4 4	38 3	82 3	26 2	56 1
71 4	58 3	4 3	26 1	27 2	3 1	85 1	47 1	67 1	52 1	89 2	78 1	50 1	29 1	42 2	65 1	57 1	8 1	19 2	1 1	41 3	66 4	13 1	76 1	31 3	73 1	43 4	2 2	83 1	32 1	68 2	64 1	25 1	12 4	39 2	38 2	7 2	14 1	82 6	33 2	72 2	74 2	40 1	46 3	5 1	10 1	9 2	54 2	51 1	56 2	23 1	6 8	35 1	60 2	61 1	16 1	88 1	30 1	55 2	87 1	70 1	22 2	34 4	59 1	17 1	11 2	81 1	0 2	84 1	24 1	86 3	79 4	49 7	28 1	53 1	45 4	36 1	77 3	80 1	62 1	75 1	21 2	15 1	63 1	48 1	44 1	20 2	18 2	37 1	69 1
55 1	15 1	44 2	52 1	41 1	18 2	12 1	84 2	21 1	87 1	10 7	81 4	76 2	67 6	8 3	83 3	36 1	69 3	25 2	3 2	78 1	49 1	23 1	58 2	62 1	54 1	32 2	64 1	38 1	39 2	80 1	70 2	28 2	14 1	82 9	59 2	20 2	5 2	30 3	27 6	86 2	24 3	35 1	0 1	1 1	37 3	61 1	43 2	66 1	19 1	53 1	68 1	17 1	48 2	51 2	29 2	7 2	4 1	13 4	65 3	2 1	33 1	42 5	22 3	31 1	79 1	89 3	16 1	46 5	11 1	75 1	71 2	57 5	6 1	34 1	63 5	9 1	73 6	26 1	47 1	40 3	72 2	60 1	88 1	85 3	77 1	74 4	50 2	56 4	45 1
53 1	40 1	82 2	5 1	23 1	9 4	63 1	44 2	62 2	45 1	58 1	64 1	89 1	25 2	11 3	18 1	59 1	13 2	35 1	78 2	10 1	87 3	2 1	33 1	81 1	6 1	50 4	61 2	30 2	72 1	46 3	56 2	7 1	42 2	69 9	21 1	79 4	55 1	34 1	32 2	71 3	22 2	49 4	75 1	76 1	36 4	8 1	26 1	0 1	67 1	43 1	24 1	83 1	31 3	38 1	29 1	70 1	1 1	27 1	3 1	86 1	47 1	60 2	28 2	12 2	73 1	37 1	52 1	66 1	16 2	77 1	68 1	74 1	51 2	54 1	17 2	65 2	80 1	48 1	15 1	20 2	39 1	4 3	14 1	57 4	19 1	85 1	88 7	41 2	84 1
50 1	18 1	20 1	47 2	73 3	49 4	28 2	64 2	19 4	48 2	34 2	17 1	30 2	45 1	55 1	2 1	3 1	8 4	71 2	41 1	13 1	66 1	29 4	12 3	61 1	84 3	72 2	46 1	24 1	21 1	44 1	37 2	67 1	75 5	78 1	11 2	0 3	10 2	16 1	52 1	23 2	87 7	31 1	89 2	62 1	25 2	88 2	40 4	83 1	59 1	9 1	27 3	35 1	60 1	81 2	51 2	6 1	57 3	86 2	74 1	15 1	80 1	65 3	5 1	22 3	38 2	7 1	56 1	14 1	26 2	58 1	79 1	53 1	39 1	4 2	33 5	54 5	68 4	85 2	76 3	69 2	63 1	32 2	1 3	36 2	82 1	70 1	42 1	77 2	43 2
26 2	56 7	32 1	62 3	20 2	74 7	64 1	4 1	77 1	29 1	23 1	44 1	33 1	67 1	78 7	66 1	75 1	79 1	48 1	39 3	36 1	43 1	42 2	11 2	60 1	88 1	10 4	31 1	37 3	72 2	13 2	87 1	27 1	25 1	69 3	58 1	9 1	17 4	21 7	45 6	86 1	22 2	47 1	71 1	54 1	85 1	80 1	51 2	30 2	5 2	53 3	41 4	8 2	61 1	76 3	15 1	1 1	28 1	24 2	7 1	83 3	18 1	3 2	40 1	84 4	38 1	81 2	59 1	65 2	63 2	16 3	73 1	35 3	50 1	19 1	55 1	14 5	49 10	0 4	57 1	70 2	68 6	82 1	12 1	52 2	6 1	89 1	34 1	2 2	46 2
7 1	81 2	61 1	11 7	75 1	88 6	52 1	14 2	56 1	46 5	4 3	1 4	19 1	63 1	5 1	34 1	77 1	6 2	58 2	20 2	0 1	15 2	44 1	49 1	79 2	67 1	80 3	26 1	36 1	42 1	73 2	76 1	71 1	2 3	53 3	54 4	35 1	28 1	57 4	30 1	37 3	86 1	18 1	27 3	23 3	32 2	66 1	89 1	8 2	55 1	3 2	60 3	59 2	38 1	45 1	25 1	51 1	43 2	74 1	83 3	65 2	24 2	48 1	12 6	50 2	87 2	84 5	69 4	29 1	72 1	16 2	22 1	40 3	68 5	13 1	39 1	82 2	31 4	10 2	85 1	62 2	33 1	70 2	78 2	64 6	9 3	47 2	41 1	17 4	21 2
45 5	35 2	79 2	23 2	28 1	33 1	52 2	36 1	81 1	77 2	55 3	63 1	68 1	71 1	16 1	31 1	67 2	6 3	70 1	1 3	73 4	59 1	0 1	47 1	89 1	74 1	30 1	76 3	25 1	29 2	37 1	44 2	12 2	14 2	11 1	84 2	85 5	72 1	78 1	21 1	57 1	4 1	24 7	26 1	88 1	10 1	13 2	41 1	46 1	20 3	62 2	61 3	60 4	18 2	3 3	66 1	27 1	42 1	80 1	56 1	50 1	49 1	34 1	8 3	83 2	17 4	82 1	86 1	5 2	32 8	39 1	40 4	64 1	54 1	9 1	51 3	65 1	2 1	58 1	69 1	7 2	19 2	38 1	43 1	15 1	75 1	22 4	48 1	87 1	53 1
69 1	45 1	48 1	9 1	62 1	75 2	37 3	89 2	31 1	38 1	74 2	63 5	6 4	8 1	86 1	3 2	68 2	22 1	36 4	23 3	1 1	5 1	12 1	21 1	87 2	4 1	26 4	42 4	25 2	11 4	58 1	71 4	88 1	43 2	53 1	65 3	76 1	10 4	54 1	60 5	35 2	18 3	44 1	70 1	33 5	73 2	57 2	56 3	79 2	27 3	67 3	24 1	59 1	19 1	50 3	34 3	52 2	15 1	39 3	30 5	17 5	55 2	83 2	61 3	66 1	7 1	85 1	78 2	40 5	28 1	2 2	77 1	46 1	82 2	29 1	0 6	84 1	41 2	72 1	47 3	80 1	13 4	16 2	20 1	32 1	51 2	81 3	49 1	64 2	14 5
77 4	56 3	14 2	7 5	28 3	72 2	23 4	66 1	9 3	29 1	57 2	65 4	40 2	85 6	82 1	52 1	64 5	89 1	67 1	17 8	35 1	47 1	46 7	61 3	25 2	19 2	78 1	62 1	0 1	70 2	34 6	4 2	30 2	16 2	60 3	45 3	75 1	68 4	27 1	21 5	5 2	11 1	6 2	88 1	58 1	26 1	39 1	3 3	43 2	74 1	84 1	79 1	50 1	63 3	51 1	69 1	44 1	54 2	83 4	2 5	37 1	18 2	1 3	15 1	86 1	48 1	73 2	80 3	71 1	12 1	55 1	32 1	59 3	41 1	31 2	49 1	22 3	36 1	13 4	53 2	33 4	8 2	38 5	24 3	20 1	81 2	10 1	42 3	87 2	76 1
83 6	57 2	2 1	44 1	60 2	78 2	72 6	43 1	69 7	51 2	76 1	36 5	30 1	26 3	14 1	84 1	61 2	24 3	71 2	68 2	6 1	80 2	70 1	41 2	75 2	62 2	39 2	32 3	20 1	48 1	65 2	63 1	73 2	45 1	55 2	0 1	13 4	33 1	87 1	28 2	52 2	88 1	66 1	15 1	42 1	74 1	29 1	56 1	21 2	17 1	5 2	40 4	38 1	16 1	19 1	53 1	1 1	35 4	10 2	23 1	64 3	59 1	79 1	9 1	81 1	7 1	27 2	8 1	18 2	85 1	82 1	3 2	58 1	4 4	25 2	12 3	46 2	49 1	67 2	34 1	89 2	11 2	47 4	86 1	22 1	54 4	77 4	37 2	50 1	31 2
72 1	46 4	62 1	55 2	80 1	25 1	88 2	41 2	37 1	70 1	47 3	19 2	10 1	67 3	85 1	12 1	21 3	18 3	65 2	4 1	53 2	27 5	24 1	64 1	69 2	60 4	78 3	42 3	8 1	51 1	45 3	75 1	26 2	76 3	32 1	49 4	68 1	17 1	52 1	6 1	16 2	57 1	63 3	81 2	89 1	71 2	74 2	58 5	39 2	59 1	29 6	73 9	28 2	31 3	56 3	13 1	40 1	87 6	44 2	2 3	22 4	86 1	83 1	36 1	14 1	30 2	20 1	48 1	84 6	9 1	43 1	34 2	7 2	38 4	54 4	66 1	1 1	50 3	79 1	15 3	23 2	77 1	11 1	5 3	0 2	35 7	33 1	82 1	3 1	61 1
77 1	65 1	41 1	10 1	14 4	49 1	5 1	85 2	45 2	53 1	27 1	56 5	60 1	59 1	3 3	58 2	51 2	79 2	17 2	22 3	87 4	36 1	62 2	24 1	71 1	38 4	13 1	44 2	6 1	83 2	9 2	84 5	46 7	21 1	66 2	80 4	39 1	18 1	42 1	70 7	12 1	76 1	2 3	78 1	57 2	37 2	29 2	16 1	33 1	30 2	15 4	20 1	47 1	74 1	55 1	89 1	73 1	82 1	69 1	1 2	19 2	40 4	32 2	54 3	86 1	0 4	48 1	75 1	4 1	28 1	88 3	67 2	23 1	31 1	72 1	35 1	50 5	34 1	43 5	68 1	8 1	52 2	26 1	64 1	11 1	61 4	81 3	25 1	7 3	63 1
84 3	40 1	1 3	86 1	28 2	56 1	87 2	25 4	43 1	70 1	32 1	42 2	44 1	48 3	78 4	8 1	55 2	23 3	10 1	38 1	65 1	13 6	81 1	36 1	69 1	20 1	22 2	47 2	41 1	54 1	27 1	11 1	59 2	68 1	74 1	72 4	24 2	21 1	89 4	33 2	35 1	49 4	83 1	4 1	77 2	17 1	79 2	85 1	61 3	19 1	39 1	16 1	88 5	51 1	15 1	37 2	0 4	30 3	73 5	2 1	18 1	52 3	31 1	45 2	60 1	75 3	12 2	57 1	26 2	64 2	14 4	76 5	29 3	67 3	5 3	50 3	6 1	71 3	66 1	62 1	34 1	46 2	7 1	82 5	3 3	80 2	53 3	9 2	58 2	63 2
5 2	26 2	50 3	67 3	19 1	53 1	55 2	47 2	60 4	49 1	10 1	45 1	2 1	14 1	58 2	37 3	15 3	87 1	80 3	25 2	34 2	36 2	21 1	75 1	38 1	71 2	57 3	64 1	1 4	65 1	85 2	81 1	39 4	51 1	89 1	72 2	35 2	61 2	30 1	63 1	16 1	31 1	56 1	83 2	22 1	43 6	79 3	77 5	7 1	62 6	24 6	27 1	82 1	9 1	52 1	42 4	28 2	41 1	88 1	18 1	0 1	4 2	29 5	46 1	13 1	17 2	70 2	6 1	74 1	84 2	40 2	68 2	44 2	11 1	54 2	66 1	32 1	20 3	73 1	33 3	69 4	78 1	59 1	76 4	12 5	8 3	23 4	48 1	86 3	3 1
26 4	59 2	10 1	69 3	44 3	75 3	8 2	76 2	85 1	64 3	88 1	28 1	27 2	81 2	60 1	20 1	15 1	40 1	39 1	37 1	5 2	65 3	53 1	89 2	41 1	84 1	34 2	55 2	43 3	45 1	51 1	33 7	86 1	17 4	23 2	1 3	62 4	77 1	35 4	66 1	87 2	48 1	74 3	4 1	82 4	56 1	14 2	42 1	29 2	52 3	49 2	38 2	21 2	58 3	31 2	7 2	54 1	72 2	32 1	0 4	11 1	78 1	30 1	47 1	83 1	2 1	70 1	3 1	12 2	16 2	73 1	22 3	25 1	61 8	19 5	63 3	79 1	13 2	67 1	68 1	9 1	71 1	50 1	6 1	36 1	18 1	80 2	46 2	57 1	24 1
42 2	0 2	80 6	27 3	1 5	77 1	56 8	71 1	63 3	6 5	49 1	82 1	69 3	58 2	84 3	62 1	70 3	43 1	10 5	15 6	17 3	81 2	67 2	88 1	46 1	72 2	86 2	68 1	76 2	60 2	66 2	3 1	23 2	21 1	61 1	45 4	33 1	44 1	54 4	8 3	38 5	18 1	5 1	89 1	9 1	29 11	19 7	13 2	37 1	22 1	35 2	30 1	53 2	59 1	20 2	57 1	4 1	12 4	50 1	65 2	32 1	16 1	14 4	31 7	2 6	51 2	87 1	26 1	52 1	39 1	74 1	64 4	34 2	48 1	11 2	75 1	36 2	83 1	85 1	28 2	78 1	40 2	47 5	25 2	24 2	7 1	73 1	79 1	55 3	41 2
5 1	47 1	9 2	2 1	67 1	7 2	76 3	20 2	81 4	74 1	44 1	16 1	11 2	69 1	54 1	35 2	14 1	17 3	30 2	57 3	15 3	87 2	23 2	18 1	6 1	34 2	45 1	46 3	42 1	29 1	77 1	24 1	33 3	52 2	50 1	48 2	0 1	80 3	66 2	41 2	38 8	43 1	82 5	60 1	13 2	75 3	26 2	27 4	10 3	4 1	53 1	83 1	3 1	70 1	1 1	36 2	73 4	31 1	61 1	25 2	79 1	62 1	40 3	68 2	65 1	32 3	88 1	39 1	72 1	86 1	51 2	55 4	84 1	64 1	71 4	85 1	89 13	8 1	21 13	22 1	63 1	49 4	19 1	78 2	12 1	59 1	56 3	37 1	28 6	58 3
70 2	48 1	25 3	65 3	9 1	87 1	20 1	78 4	4 1	64 1	14 1	24 7	17 2	67 3	50 1	45 4	2 2	52 1	34 1	33 3	39 2	58 7	88 1	57 1	3 1	37 1	6 2	28 3	76 1	47 6	35 1	38 3	19 4	16 3	51 3	73 3	66 4	8 1	15 2	43 1	5 1	11 2	31 8	77 1	55 1	22 1	59 2	68 1	54 2	62 1	1 2	30 1	89 1	41 5	71 1	80 3	0 1	12 2	44 1	85 1	36 1	84 1	13 2	74 1	82 1	23 1	72 1	42 2	83 4	29 2	40 1	10 1	86 3	18 2	27 2	63 1	7 2	60 1	69 1	46 7	53 1	75 1	79 3	81 4	32 1	49 2	21 2	26 2	56 1	61 3
7 2	0 2	5 4	59 2	12 1	1 1	81 2	64 1	76 1	11 1	24 1	40 2	56 4	49 1	18 1	88 2	44 3	68 1	16 1	70 5	77 1	87 1	63 2	6 2	23 4	86 1	78 1	15 1	10 2	53 2	67 2	45 1	72 1	71 5	25 1	41 1	46 1	73 1	19 3	54 3	32 3	57 1	8 1	35 3	42 4	34 6	33 2	21 2	29 1	37 3	75 3	58 3	3 2	4 2	62 2	82 1	14 4	50 2	85 1	2 5	20 2	30 3	9 1	79 2	51 3	22 4	84 2	61 4	74 1	69 1	60 1	26 1	52 1	17 3	38 1	48 2	89 3	55 1	47 2	13 1	66 1	80 1	31 2	65 1	39 9	36 1	83 2	28 3	43 2	27 6
6 10	44 1	15 2	71 8	5 2	26 1	29 7	39 1	13 2	25 1	22 2	42 1	65 1	76 1	27 2	81 3	79 1	64 2	7 5	61 1	12 3	40 1	75 2	50 4	47 1	88 2	0 1	49 1	43 1	54 1	16 4	57 1	19 3	52 1	45 1	34 1	77 4	70 2	51 1	18 1	30 2	46 2	56 3	41 2	66 1	32 1	9 1	73 3	36 6	84 1	59 2	58 1	55 3	67 2	89 1	72 2	78 1	8 2	23 1	2 2	4 1	85 2	35 1	11 4	10 1	74 4	28 3	48 2	31 1	33 2	1 1	17 1	24 1	21 5	20 1	86 2	37 3	80 1	14 1	82 1	68 1	53 2	3 1	83 1	38 3	62 1	63 3	60 4	87 1	69 2
37 1	79 3	85 3	10 3	48 3	74 3	84 1	77 1	12 1	80 3	18 2	46 3	51 2	76 2	23 1	38 3	6 1	15 3	78 1	19 2	32 3	83 4	81 3	73 3	31 1	58 1	30 1	33 6	5 2	3 1	13 3	87 1	62 4	56 2	29 3	53 2	68 1	67 1	20 3	22 1	75 1	69 4	88 1	39 3	35 1	64 1	41 1	72 3	34 1	40 2	24 2	60 1	63 2	16 1	89 2	4 1	52 2	47 1	43 1	44 1	27 2	14 1	26 1	66 1	49 1	8 4	25 1	71 1	28 4	2 2	50 2	86 1	0 1	9 1	7 1	57 1	54 3	1 2	11 1	70 1	45 1	55 1	59 2	36 1	61 4	82 2	42 3	65 4	21 4	17 3
89 1	68 4	60 1	75 1	87 1	76 2	70 2	84 1	79 1	46 3	54 3	64 1	57 4	9 4	34 1	28 2	40 1	81 2	80 3	10 1	50 1	26 5	49 1	67 2	23 1	22 1	77 3	72 2	12 2	30 2	21 4	6 1	18 1	73 1	62 1	44 2	14 1	4 1	2 1	53 1	66 1	48 2	69 1	29 1	74 5	15 2	85 1	78 1	8 2	51 1	71 1	43 2	41 1	52 4	7 3	36 2	63 2	56 1	59 3	1 3	17 1	45 4	82 1	61 5	11 2	42 1	20 2	16 2	65 1	55 1	0 2	27 2	19 1	13 4	88 1	58 2	39 1	38 2	3 1	83 1	31 1	33 5	35 1	32 4	37 6	24 1	47 1	5 3	25 1	86 2
54 1	8 2	40 2	47 1	50 1	16 3	2 1	79 2	4 1	82 1	85 1	7 1	77 2	58 1	38 1	87 1	51 1	13 1	36 2	76 2	20 1	34 2	32 1	14 7	57 2	56 1	31 1	83 4	17 1	1 1	66 2	3 1	42 3	70 2	65 1	78 3	89 2	12 8	84 2	11 2	18 1	60 1	68 2	10 1	48 1	29 1	61 3	23 9	25 1	26 3	63 1	33 3	19 2	39 4	15 1	24 1	49 2	0 3	71 4	81 1	53 1	74 3	62 2	9 1	6 1	35 1	64 8	22 8	41 2	73 3	80 3	44 1	67 2	72 3	88 1	5 5	21 2	45 2	69 1	30 2	55 4	28 1	52 1	86 1	46 1	75 1	27 3	59 3	37 2	43 1
87 6	48 1	49 1	50 3	15 1	56 1	70 1	38 2	9 7	75 2	86 2	61 2	17 1	13 1	69 3	78 3	42 1	14 7	2 2	59 1	52 3	28 3	1 1	33 1	51 2	12 2	4 1	81 1	19 2	5 1	89 1	79 1	24 1	26 1	44 2	32 4	73 6	43 2	6 1	60 1	29 3	22 3	82 2	34 3	35 1	77 1	18 1	0 2	21 1	65 10	11 1	63 4	41 1	30 4	39 4	45 1	10 1	27 4	68 3	54 4	64 5	46 3	23 2	74 3	53 1	36 1	20 2	40 2	37 1	8 10	83 2	66 2	55 2	84 3	72 1	31 1	85 1	67 3	16 1	71 8	3 5	25 1	58 1	88 1	57 1	62 2	47 2	76 1	7 2	80 1
61 4	48 1	34 2	5 2	89 1	77 2	3 1	23 1	86 1	9 1	16 2	59 3	25 1	15 2	81 1	43 3	42 2	58 1	75 2	73 1	33 1	18 1	62 3	82 3	30 1	44 2	72 3	88 1	71 1	69 1	64 1	78 1	28 1	10 2	20 1	17 2	87 1	79 4	13 3	60 3	36 2	51 2	39 1	65 3	35 1	68 1	31 1	27 13	32 1	22 2	0 2	29 1	21 2	14 1	67 3	52 2	76 1	49 1	4 1	24 3	85 1	56 2	7 1	66 3	40 2	63 1	47 1	8 2	57 1	80 1	6 2	12 4	38 1	83 2	11 2	50 2	37 1	46 2	74 2	19 2	26 7	45 1	54 1	1 2	41 1	55 3	84 2	70 2	2 1	53 2
19 3	16 1	20 2	64 1	15 2	2 1	82 5	43 1	37 1	31 5	72 1	27 1	61 6	7 2	71 1	6 3	42 1	1 2	46 2	11 1	45 2	53 2	10 3	48 3	63 5	21 1	59 1	58 7	36 2	33 1	12 1	56 1	86 1	78 4	76 2	25 2	57 1	17 3	13 3	87 1	3 1	62 2	22 3	24 2	4 1	83 1	80 4	49 1	14 1	81 1	68 1	74 2	67 2	26 1	73 1	84 3	77 1	35 2	47 2	65 1	50 1	34 1	89 3	44 1	32 5	55 3	79 1	88 1	28 1	52 1	66 3	29 2	54 1	85 5	39 1	60 1	5 8	75 2	38 1	30 1	0 1	9 1	51 1	70 1	18 1	23 3	40 2	41 1	69 1	8 3
31 1	57 2	9 4	36 2	77 2	81 2	69 2	80 1	40 1	22 2	61 1	60 2	2 2	34 3	55 1	71 4	72 10	67 1	26 1	10 1	65 5	52 2	76 1	23 1	3 2	14 1	4 8	54 3	84 4	18 3	6 4	46 1	41 1	16 3	78 2	88 1	7 2	5 1	19 2	59 3	25 3	87 1	8 1	24 1	0 1	53 2	44 2	1 9	28 5	17 1	29 1	85 1	89 4	73 1	64 2	32 5	30 6	45 1	58 1	51 2	15 2	37 1	39 1	47 2	35 5	20 1	74 1	63 2	82 2	43 1	12 2	66 1	75 1	70 1	49 1	83 1	86 1	79 1	50 1	13 1	62 5	33 2	38 1	11 3	48 1	21 4	42 1	27 3	68 2	56 2
63 1	0 1	24 3	29 6	7 1	70 1	57 3	3 2	25 3	30 1	26 2	36 2	86 1	12 4	6 6	45 1	65 2	13 2	60 2	4 1	79 4	32 7	49 1	74 1	37 2	72 2	41 2	53 1	64 4	47 1	9 1	38 1	5 1	51 2	19 3	66 3	15 2	35 1	83 3	2 2	54 1	87 1	23 4	80 3	56 1	10 3	71 2	58 2	1 1	17 1	21 2	22 2	18 1	43 2	89 1	69 3	39 3	59 5	88 2	20 1	73 1	67 1	82 4	14 4	75 3	61 1	40 2	81 3	76 11	33 6	55 12	42 5	78 5	16 3	44 2	62 1	8 2	11 2	27 2	84 1	52 3	31 1	46 1	68 3	50 5	48 1	28 3	34 9	77 2	85 1
19 6	26 1	29 1	0 3	6 2	34 4	38 2	89 1	54 1	18 1	27 2	1 1	67 2	74 1	40 4	79 1	49 1	53 1	77 8	22 3	21 2	88 2	60 1	65 5	39 2	44 2	24 1	52 2	85 1	75 1	5 2	4 1	61 3	2 1	87 1	80 2	66 3	83 3	15 4	36 2	12 1	84 1	30 1	47 2	70 2	81 1	10 1	55 1	71 4	64 1	56 3	69 2	51 1	3 2	73 1	41 2	63 1	48 2	78 3	45 2	72 5	57 1	23 1	46 1	7 2	62 2	59 2	42 3	28 2	31 1	17 1	35 2	43 2	11 1	76 1	82 2	14 3	25 2	9 1	20 1	32 1	13 5	58 2	86 2	16 4	33 1	68 3	37 2	8 2	50 2
13 1	37 1	59 2	60 2	46 1	58 1	55 1	14 1	30 1	1 3	31 6	83 2	40 1	51 2	89 1	6 2	7 2	75 1	49 2	36 1	78 1	80 2	39 8	8 3	38 3	42 2	22 2	26 1	34 2	53 3	32 1	10 1	70 4	84 1	45 1	56 1	77 2	9 1	16 1	21 4	69 1	20 1	12 4	47 2	2 1	62 1	79 2	4 9	63 1	76 2	73 5	87 1	18 3	82 4	64 2	29 1	48 1	27 1	71 2	57 3	25 7	11 2	43 2	0 2	72 1	52 1	3 1	61 1	23 2	65 1	67 1	68 3	24 1	88 1	15 1	54 1	74 1	50 6	19 1	35 1	33 4	5 1	81 6	44 1	41 4	66 1	17 1	86 1	28 1	85 1
63 1	40 4	19 1	33 2	79 3	18 1	27 4	81 3	36 1	34 3	66 1	35 1	12 3	1 5	59 1	10 1	39 2	64 1	89 1	5 4	68 1	22 2	65 6	11 4	16 3	83 1	0 2	52 1	26 3	85 2	8 2	82 1	6 1	77 1	13 1	51 1	30 1	55 4	84 1	45 6	58 2	28 1	32 3	50 2	38 2	48 3	56 1	69 1	4 1	41 1	9 1	46 1	42 2	14 2	21 3	71 6	37 1	78 1	60 1	72 3	76 6	75 1	25 2	44 1	43 2	7 4	86 1	67 1	62 1	29 1	87 2	74 2	88 4	73 8	53 1	49 2	17 2	61 2	15 1	2 2	23 1	57 2	31 1	24 1	70 1	3 1	80 1	47 2	54 2	20 1
80 1	29 1	22 1	25 2	72 2	50 3	65 1	32 1	45 1	54 1	26 1	43 2	71 2	59 1	55 1	4 1	14 1	70 8	46 4	63 1	79 2	35 1	76 1	49 2	7 3	66 1	73 10	84 2	37 3	24 2	1 1	68 1	9 1	27 2	89 3	38 1	16 1	69 2	15 2	61 1	58 3	11 2	44 1	13 1	30 3	2 1	6 1	19 1	81 1	64 1	83 1	53 3	41 1	10 3	0 2	33 1	62 1	5 1	39 1	56 6	88 3	52 1	42 1	57 1	12 2	75 1	77 2	67 1	51 1	34 3	21 1	40 3	60 7	47 2	82 3	78 4	17 1	85 1	86 1	18 1	8 1	87 2	48 3	36 1	28 1	31 1	74 5	3 1	23 3	20 1
58 5	55 2	17 3	67 4	60 1	88 1	39 2	68 1	22 2	74 1	79 1	16 3	51 3	49 1	2 1	59 1	9 4	11 1	75 2	10 1	47 2	24 1	64 1	13 1	20 1	6 3	36 2	61 3	5 2	83 1	34 2	76 1	12 2	40 6	46 2	4 3	8 1	71 2	52 1	48 3	37 2	82 3	0 2	62 1	38 2	78 1	41 5	26 2	69 1	30 2	84 1	15 1	87 2	56 2	81 4	45 1	35 1	32 3	28 4	33 1	57 1	7 3	19 2	85 4	29 1	42 1	63 1	31 2	89 2	80 1	53 1	77 1	14 1	44 2	73 2	50 2	23 1	66 3	43 1	21 2	72 2	54 1	18 1	86 2	3 1	25 1	1 3	65 1	27 5	70 2
84 2	72 1	39 3	71 1	37 2	64 3	36 2	88 1	41 1	32 2	5 2	17 1	23 1	25 1	50 5	57 1	4 3	81 1	51 1	6 1	18 3	79 1	1 1	16 1	66 3	77 1	35 2	70 2	49 1	52 1	59 2	55 1	34 1	22 1	67 5	40 1	47 1	3 2	27 1	63 2	73 1	42 4	60 1	65 2	85 4	58 1	74 3	28 4	8 1	30 1	89 1	10 1	76 1	69 2	20 1	82 2	46 2	78 1	2 4	56 1	19 2	87 1	33 1	24 1	54 5	31 3	9 3	62 1	0 5	53 1	21 2	83 1	38 2	13 1	75 1	68 1	61 3	26 3	12 3	11 2	45 5	43 2	86 2	48 1	14 1	44 5	29 2	15 3	80 2	7 4
66 2	37 1	31 1	77 2	51 2	21 1	0 1	11 2	76 2	12 3	48 2	39 1	34 7	6 2	55 1	79 3	86 5	63 1	54 3	84 1	45 2	9 2	69 1	71 1	18 3	32 1	56 1	47 4	59 1	43 1	85 4	88 1	75 2	70 2	3 1	82 1	68 1	46 1	23 2	4 2	81 1	60 2	25 1	33 2	22 1	20 2	1 1	13 5	28 1	42 2	49 3	14 1	80 1	24 3	89 2	35 1	36 3	67 3	61 1	17 1	16 1	87 1	73 2	26 2	64 2	83 1	29 1	53 1	8 3	10 3	65 1	52 3	57 1	44 1	78 1	2 1	40 1	41 3	62 3	5 1	15 1	30 1	27 1	72 2	58 1	50 2	74 1	19 4	38 1	7 1
80 2	69 2	67 1	4 1	10 1	51 3	21 1	6 1	28 2	49 2	58 1	3 3	23 1	86 2	26 1	13 1	34 6	0 2	84 1	45 1	8 1	72 2	60 1	50 1	31 1	40 7	47 6	81 5	36 1	33 1	87 1	22 2	14 2	68 6	35 1	11 3	39 1	77 3	37 3	20 2	41 1	57 3	70 2	88 2	83 1	9 1	17 1	7 1	75 2	42 1	53 4	46 3	15 2	89 2	44 2	61 3	82 1	43 1	32 4	64 3	78 1	2 1	54 2	25 1	66 2	24 3	79 1	56 2	30 1	52 2	63 2	73 1	71 1	62 2	12 3	85 11	65 1	29 1	5 2	27 1	19 1	48 2	18 1	74 1	55 3	76 1	1 3	16 2	59 1	38 4
50 4	8 1	85 2	44 2	54 1	4 3	69 1	48 3	3 1	38 2	61 3	26 1	57 1	15 1	76 4	33 1	18 3	28 1	67 1	45 5	29 1	32 5	5 3	7 1	78 1	86 1	82 1	24 3	34 3	64 1	46 1	10 2	42 1	72 2	27 1	89 4	88 2	47 2	55 2	49 1	62 2	30 1	71 3	70 3	13 3	39 2	19 1	35 3	73 1	68 2	84 1	25 1	17 1	59 2	81 1	51 2	52 8	11 1	79 2	22 1	12 1	37 2	14 1	41 1	43 3	20 1	23 6	74 1	53 4	6 1	75 4	83 1	58 3	0 1	77 2	65 2	16 1	2 4	1 6	60 1	21 1	66 1	56 6	40 1	9 1	36 1	31 1	63 2	87 2	80 2
55 1	35 3	75 1	21 2	26 4	49 1	51 2	14 2	42 1	47 2	38 2	86 1	74 3	2 3	27 1	36 3	87 1	8 2	71 3	39 2	40 3	84 1	54 1	16 1	24 1	78 3	80 1	70 3	69 2	66 1	4 1	23 1	30 2	61 3	29 1	22 1	56 1	46 1	17 3	64 4	59 1	43 1	88 1	48 4	34 3	32 2	20 1	15 1	68 3	13 1	89 1	9 2	50 2	79 1	19 3	25 3	10 4	63 1	82 4	0 2	5 3	31 2	73 3	7 5	76 4	41 1	81 6	52 1	18 1	1 3	58 5	44 1	85 1	11 1	45 1	12 1	83 2	62 2	72 2	65 1	33 2	28 2	77 2	57 1	60 1	6 1	67 1	3 1	37 6	53 3
35 1	78 1	72 1	74 1	15 2	53 3	17 2	55 3	80 1	75 1	5 3	20 3	60 3	31 1	49 1	66 5	24 2	58 3	43 3	13 1	62 5	52 1	71 4	21 2	4 1	34 1	47 1	36 2	76 1	81 1	85 1	56 2	54 3	25 1	37 3	23 2	14 8	30 2	84 2	12 1	86 5	32 1	39 1	26 1	57 1	38 1	7 1	42 2	6 3	63 1	88 1	48 5	16 2	67 1	41 2	3 1	9 2	73 5	79 1	45 1	50 3	22 1	70 2	51 2	64 1	29 1	10 1	8 1	44 1	59 2	46 3	89 3	28 1	33 1	2 1	82 2	0 2	87 1	19 1	18 1	83 1	27 3	65 1	11 3	40 1	68 2	61 2	1 1	77 1	69 2
39 3	24 1	36 3	80 1	88 1	13 4	63 1	8 4	70 2	20 1	28 1	87 1	40 5	53 3	83 1	46 6	44 1	52 1	27 2	76 1	82 1	5 4	65 1	33 1	42 1	37 5	43 3	10 2	14 2	55 3	0 2	81 1	1 2	30 2	64 4	18 1	50 5	45 1	74 1	62 1	89 2	22 1	23 1	79 1	32 1	77 1	35 4	51 2	61 1	49 4	48 1	69 1	12 2	2 1	73 1	41 3	17 2	68 4	86 3	9 4	16 3	58 2	72 1	6 1	11 1	60 1	57 1	21 1	78 1	47 2	7 1	19 4	29 1	66 1	67 1	31 3	75 1	56 2	26 1	71 5	25 3	34 1	3 1	84 1	85 3	54 3	4 2	59 1	38 1	15 3
28 2	17 2	66 2	39 1	6 3	11 2	59 1	75 2	3 3	77 4	87 2	30 1	54 1	42 1	60 3	9 1	71 3	23 4	4 3	24 1	12 1	36 4	13 2	85 1	62 2	40 1	74 3	73 1	61 4	76 1	25 5	7 1	15 1	34 3	82 3	70 2	26 3	58 2	20 2	89 1	44 7	53 3	41 2	51 1	86 3	88 1	78 3	35 2	10 1	55 3	45 1	65 1	0 3	80 3	83 1	81 1	43 1	72 1	8 2	32 2	37 1	16 1	56 1	5 1	27 2	57 3	49 3	1 4	33 3	31 2	18 1	22 1	68 1	19 2	63 2	64 1	46 2	79 1	2 1	47 1	29 3	69 4	52 3	21 10	84 2	50 2	14 5	67 3	48 1	38 4
48 4	43 1	56 1	69 4	11 2	24 2	40 3	2 2	57 2	36 2	5 1	18 1	89 2	12 1	71 4	21 3	27 1	76 1	85 2	39 3	23 1	67 1	30 1	50 1	25 6	7 4	28 5	20 2	79 1	10 1	41 4	3 1	9 1	42 1	55 3	17 2	31 2	34 1	65 1	59 3	51 2	81 4	70 3	37 4	68 2	88 1	86 2	29 1	46 4	47 1	73 3	1 3	19 1	35 1	4 2	38 1	0 1	58 8	83 4	75 2	64 2	22 1	52 2	15 6	82 2	61 1	26 1	80 1	33 1	74 5	44 4	62 1	32 4	16 5	60 2	84 6	6 2	77 2	49 1	13 1	87 7	72 1	8 1	78 2	14 1	53 1	54 6	66 1	63 1	45 2
88 1	77 1	47 1	79 1	13 1	56 2	7 2	6 2	18 1	87 1	67 2	76 3	60 2	73 1	71 1	75 1	62 1	42 1	25 2	63 1	69 1	59 2	43 2	5 3	49 2	27 1	78 1	80 1	82 1	31 10	36 1	35 2	66 2	14 2	10 2	37 1	85 1	72 10	83 3	16 1	45 1	12 1	81 6	68 1	64 4	28 1	61 1	57 4	8 1	40 1	74 4	3 2	46 2	30 1	51 3	23 2	15 2	34 1	38 1	86 1	20 1	55 2	32 2	39 3	54 2	84 1	17 2	9 4	44 1	58 2	52 2	53 1	22 1	2 3	4 2	24 1	0 2	65 1	26 1	11 4	29 1	41 1	70 1	19 1	89 1	1 1	50 1	48 1	21 7	33 1
41 7	75 5	73 2	59 1	89 1	28 3	82 1	17 1	85 1	19 1	38 1	72 1	31 2	61 1	13 3	55 1	16 2	32 3	66 1	69 1	21 1	78 1	77 2	88 7	30 1	34 1	56 1	10 1	53 1	7 1	81 2	2 3	14 1	50 1	6 1	27 2	63 6	29 1	83 1	48 2	12 1	71 3	67 2	43 4	49 3	47 2	54 2	18 2	45 5	22 2	39 4	37 2	33 1	25 1	76 2	84 2	40 4	24 2	58 2	20 1	23 1	65 1	52 1	1 2	0 1	80 3	68 3	57 1	44 8	8 2	11 1	70 2	5 4	35 1	9 3	87 1	3 3	4 3	60 1	26 3	36 2	62 6	79 4	64 3	46 1	51 2	74 2	86 6	42 2	15 1
87 5	29 1	20 4	61 2	4 1	62 1	59 3	41 1	10 3	30 2	37 1	80 1	85 1	22 1	69 1	88 1	17 3	54 2	8 1	12 5	47 3	58 2	3 3	42 1	81 1	64 1	40 2	48 2	33 2	66 1	43 5	82 1	72 2	75 3	25 1	19 1	89 1	51 4	14 1	13 2	56 1	32 1	23 4	74 5	21 3	0 2	39 1	67 3	28 3	11 6	70 5	52 10	6 5	65 2	38 2	55 3	68 1	35 1	36 2	57 2	24 2	9 1	83 3	63 1	76 1	50 1	60 5	86 3	46 1	18 2	44 1	79 2	84 1	16 6	71 1	53 3	27 1	77 1	31 2	73 2	49 4	2 1	15 1	26 2	7 1	78 1	34 2	5 3	45 1	1 2
21 3	25 1	48 2	63 1	66 1	30 1	54 2	73 1	20 2	26 1	78 2	56 1	4 2	10 1	85 1	27 2	76 8	70 1	33 1	62 3	32 3	7 2	44 2	38 2	0 2	13 1	34 1	3 1	35 1	53 3	42 1	41 2	31 1	39 1	45 1	86 1	55 4	58 2	51 4	28 1	47 2	16 2	71 4	77 2	79 1	69 1	5 1	80 3	75 2	29 1	89 3	87 2	23 2	9 2	64 3	88 1	11 1	82 1	43 3	8 1	49 11	84 1	12 5	60 1	68 2	57 1	83 1	2 1	81 1	59 1	19 1	17 1	24 1	1 1	6 1	37 2	50 1	61 1	72 3	15 1	22 1	40 2	74 1	18 2	36 2	67 1	14 1	52 1	65 2	46 3
17 1	88 1	37 4	33 1	36 3	63 1	50 3	70 2	16 1	48 3	20 3	47 2	12 4	51 2	81 1	18 1	53 1	29 1	8 2	28 6	85 3	15 1	1 1	43 4	30 1	19 1	10 1	75 7	62 1	74 1	86 2	54 1	34 2	83 1	32 7	25 2	77 3	4 3	71 4	60 1	24 2	21 3	44 2	46 3	84 2	57 1	82 2	13 1	38 2	39 1	27 4	49 2	79 2	66 3	72 1	22 2	69 1	52 2	61 2	14 3	35 3	6 4	80 1	87 2	45 1	58 1	40 1	55 3	59 3	42 1	2 1	23 3	67 1	11 1	64 2	65 1	0 3	5 3	3 2	89 1	68 1	78 2	7 1	26 3	41 1	31 2	76 1	73 2	56 1	9 3
50 2	31 1	71 1	27 1	44 3	41 2	74 1	10 1	30 3	84 4	46 2	54 5	34 1	11 1	12 2	4 1	36 1	24 1	82 1	45 1	18 1	61 1	26 1	57 6	49 2	13 1	40 3	5 1	81 1	37 1	35 2	38 1	64 7	79 1	48 1	85 2	43 1	88 1	72 1	33 1	28 1	3 2	7 1	69 1	73 2	63 1	77 2	52 1	16 2	78 2	0 2	55 2	68 3	23 2	25 4	86 1	66 2	1 1	39 1	29 1	21 4	56 1	75 3	20 3	80 5	6 4	70 1	67 1	14 2	17 1	32 1	22 1	62 2	60 2	89 2	58 1	42 1	51 3	9 1	87 1	8 1	76 1	19 2	47 2	53 6	83 1	65 2	2 3	15 3	59 2
15 3	69 1	68 2	30 5	66 4	86 2	18 1	84 2	33 4	79 3	80 1	8 2	11 4	42 4	73 1	34 1	62 4	29 2	38 1	75 2	56 2	52 3	12 1	16 1	3 2	9 3	58 1	47 1	0 1	74 1	88 1	54 2	49 1	43 1	13 1	87 2	40 4	23 2	78 1	44 1	76 4	25 1	28 2	83 1	27 3	10 1	21 1	22 2	57 1	6 2	63 1	41 2	71 3	20 2	45 1	19 2	53 3	2 1	17 1	72 5	67 2	60 2	55 2	61 1	24 3	50 2	82 4	46 3	59 1	26 2	64 1	31 1	5 1	4 2	37 4	48 1	51 1	77 1	36 1	89 4	39 1	35 1	81 2	32 1	7 2	65 5	14 3	70 2	1 2	85 1
9 1	29 3	73 2	30 1	17 1	18 1	37 1	41 5	47 2	22 2	28 2	45 1	4 1	27 1	75 1	39 1	81 3	15 1	14 1	40 4	63 1	80 1	13 1	16 1	7 1	36 4	57 1	72 1	43 2	3 2	79 6	54 3	60 3	52 1	85 3	11 2	76 1	61 3	8 2	59 2	88 1	32 2	5 1	23 1	49 5	51 3	38 1	67 1	44 1	6 3	48 1	42 4	86 2	19 2	71 1	62 1	31 1	53 1	83 1	84 2	89 3	26 1	69 5	1 1	2 1	35 2	10 4	65 1	33 1	68 1	34 1	64 3	74 4	25 2	58 3	56 4	82 1	0 2	12 4	70 3	77 1	21 6	50 2	87 2	66 1	46 1	55 5	24 10	78 1	20 1
55 3	47 1	19 1	9 2	44 1	82 1	53 2	88 2	78 1	74 3	11 3	61 2	67 6	8 2	77 1	79 2	72 1	62 2	16 1	0 1	36 3	10 1	3 1	24 3	20 1	17 1	56 1	31 2	43 1	22 1	54 1	58 1	85 6	35 1	29 3	45 2	13 4	49 1	6 3	64 1	42 4	89 1	51 1	65 1	50 1	39 1	15 4	87 1	60 4	34 2	14 3	23 1	18 1	7 1	83 2	48 1	63 1	40 2	52 1	41 1	71 5	86 2	27 4	66 2	33 1	5 1	4 1	37 6	30 2	28 1	84 2	38 1	59 1	2 1	80 4	46 1	75 3	70 1	32 1	69 3	25 4	21 1	57 1	73 1	1 2	76 1	81 2	26 1	12 1	68 1
75 1	16 1	43 3	49 2	53 1	54 3	7 1	70 6	84 1	17 6	80 3	79 2	73 2	51 1	72 1	45 1	24 1	27 1	12 1	66 1	31 5	67 2	78 1	87 1	3 2	39 1	85 2	32 1	33 7	62 4	4 2	28 1	14 1	36 1	59 1	21 2	52 1	64 1	22 1	40 3	86 4	89 1	23 5	48 3	10 3	1 2	19 1	42 1	58 2	83 3	68 2	30 1	0 2	63 1	61 2	29 2	82 2	37 1	2 2	57 1	44 2	56 1	5 3	15 1	65 1	8 1	81 2	69 3	46 3	9 4	13 2	38 2	34 3	88 1	11 2	35 1	60 2	18 1	25 1	6 1	77 3	50 3	71 1	26 1	41 3	76 4	47 1	74 1	55 1	20 1
13 4	69 5	66 4	19 2	16 1	48 2	80 2	54 1	57 2	25 3	24 1	36 1	82 1	76 1	62 1	18 1	64 1	0 2	5 1	2 1	47 2	22 1	42 1	50 1	89 1	32 1	77 4	88 1	40 1	3 1	86 4	11 2	84 1	73 3	28 1	53 2	38 1	17 2	63 1	30 3	87 1	20 1	83 1	79 1	23 1	71 1	35 1	74 1	55 1	7 2	68 1	72 1	37 1	45 1	1 2	31 2	12 1	27 1	51 3	75 2	70 3	39 1	14 2	33 3	8 2	26 1	6 2	46 1	85 1	21 4	9 2	41 1	65 2	43 1	10 4	29 1	59 2	4 1	44 1	34 2	52 1	15 1	49 2	58 4	81 6	56 3	67 7	78 2	60 2	61 2
84 1	85 1	77 1	35 1	14 3	28 1	5 5	10 1	20 1	75 1	47 2	33 4	23 2	66 4	31 2	69 2	64 1	8 1	70 2	12 1	40 2	11 1	76 4	79 2	88 1	63 3	56 2	1 1	43 1	16 6	24 2	0 3	80 1	50 4	6 3	3 1	46 2	25 1	29 4	54 4	13 1	49 1	19 1	15 2	18 2	52 2	27 4	53 1	45 3	83 1	48 1	22 3	73 1	36 1	42 3	65 4	55 1	68 1	82 1	57 1	32 3	41 1	71 1	44 2	2 1	38 2	58 1	62 1	61 2	39 1	37 2	86 2	89 3	34 1	26 3	74 3	81 1	21 2	4 1	9 1	60 1	51 1	67 1	7 1	72 2	87 2	17 4	78 1	30 1	59 1
59 1	8 3	71 2	31 9	16 1	28 1	7 1	35 2	60 1	43 2	34 1	44 1	47 2	13 1	25 2	83 1	70 3	6 4	21 2	37 1	55 4	56 2	87 1	79 1	11 2	84 4	3 2	54 2	74 4	12 1	68 4	69 2	46 2	22 3	0 2	61 7	39 1	32 3	18 1	52 3	77 1	10 1	67 1	58 1	20 1	19 2	29 5	49 1	80 2	27 1	85 1	38 1	73 4	82 2	23 2	5 1	62 3	15 1	66 1	17 1	26 4	40 3	9 1	88 1	36 1	57 3	14 5	72 2	42 1	64 2	89 1	81 1	63 3	75 1	48 1	41 2	1 1	50 3	2 2	53 5	51 1	24 2	45 2	65 1	76 2	86 3	4 1	33 5	30 1	78 2
58 6	39 1	19 1	4 1	8 1	22 2	62 1	86 1	47 1	21 1	68 2	83 1	79 5	61 1	52 2	76 1	2 1	20 1	24 1	78 1	67 1	70 3	23 2	45 1	43 1	53 1	16 5	80 1	30 2	42 4	69 2	32 3	50 1	10 1	6 1	29 3	1 1	5 5	64 1	28 1	60 1	7 1	38 7	48 1	44 1	51 2	66 2	59 1	40 6	65 1	74 1	63 1	31 3	87 4	56 1	25 3	17 1	55 1	0 8	49 5	57 2	27 2	77 3	54 1	84 1	33 1	88 2	13 3	89 2	12 3	81 1	85 1	35 1	34 2	36 2	73 1	37 1	18 3	26 6	14 1	75 1	72 1	46 1	11 1	82 2	9 2	41 1	71 1	3 1	15 1
63 1	71 1	85 1	3 3	0 1	49 2	22 2	27 1	70 1	76 3	56 1	87 3	12 1	77 1	60 1	20 1	14 1	38 1	28 1	18 2	35 1	61 4	5 4	32 1	45 2	65 1	89 2	59 3	84 1	31 2	4 1	68 1	58 1	62 3	66 5	46 1	52 1	64 2	82 2	53 1	8 2	9 1	73 3	40 1	13 2	2 1	43 1	1 3	88 1	16 1	69 1	15 1	50 1	86 5	21 3	30 3	81 2	11 1	57 1	25 1	33 1	24 2	37 7	80 1	39 1	19 1	78 1	17 3	29 4	54 1	36 1	55 5	83 1	44 2	34 1	7 2	6 3	42 5	75 1	79 5	72 1	47 1	10 2	67 2	74 3	41 3	51 1	48 3	23 1	26 1
59 1	10 1	9 1	86 1	79 1	72 6	17 1	18 2	21 2	30 1	53 4	42 1	57 2	63 1	69 1	20 2	87 3	38 2	85 2	78 3	32 1	0 1	84 1	76 3	2 3	73 2	56 4	1 1	37 2	80 4	27 3	31 1	40 2	70 1	45 2	3 2	46 9	44 1	39 1	19 2	71 1	64 2	52 3	50 1	77 1	14 1	68 1	67 1	34 1	66 1	24 1	89 3	61 2	65 1	48 5	43 1	47 3	88 1	29 5	26 2	25 2	55 6	75 1	8 1	12 1	5 3	54 2	62 1	7 4	49 3	35 3	15 2	13 2	41 1	4 3	28 1	58 1	33 2	23 1	11 2	83 3	60 4	22 1	82 4	81 1	6 1	16 3	36 1	74 1	51 4
54 1	4 1	13 2	75 1	72 2	11 2	8 1	82 3	83 1	28 1	25 4	34 1	15 1	56 2	21 3	38 1	63 1	27 2	86 3	60 1	30 1	76 2	33 1	89 2	31 4	85 4	87 1	50 1	53 1	24 1	45 1	46 3	58 1	57 1	59 4	39 1	79 1	17 1	51 6	22 4	7 4	20 4	18 1	0 2	62 4	55 1	65 3	41 1	1 1	66 3	67 1	2 2	43 2	88 1	74 1	73 1	68 3	35 3	44 3	6 1	84 1	61 1	64 1	10 5	47 4	29 1	48 2	9 2	3 1	40 3	12 5	26 1	14 2	80 1	16 3	37 3	19 1	36 2	71 1	69 1	23 1	52 8	5 1	42 2	77 1	70 2	78 1	49 1	81 2	32 1
77 2	64 12	62 1	51 3	74 3	16 2	1 2	60 1	73 1	9 9	20 1	13 1	11 1	44 5	52 1	27 6	41 1	66 1	78 6	35 1	24 1	79 1	45 2	76 4	3 1	32 1	21 2	85 3	26 6	17 2	67 2	57 2	55 1	48 1	39 1	15 5	29 4	86 3	37 2	5 1	63 1	12 1	25 1	43 5	4 1	53 1	40 1	89 2	82 1	69 4	68 1	22 2	49 3	87 1	75 1	31 1	70 1	56 2	81 1	30 1	65 1	6 1	42 1	36 1	61 1	71 1	10 3	14 1	0 1	34 3	23 4	83 3	28 3	7 2	72 1	33 1	19 1	2 1	80 1	50 1	54 2	8 1	47 1	46 1	88 1	58 1	38 3	84 1	59 1	18 1
78 1	87 1	59 2	53 1	86 3	39 2	10 1	40 1	73 1	77 1	1 1	36 1	18 2	64 5	76 1	32 3	42 3	88 3	61 1	43 1	67 1	15 1	81 1	7 1	13 4	82 2	11 6	51 1	63 1	47 1	48 3	72 1	14 3	49 3	84 1	58 1	4 1	8 2	26 3	29 7	2 1	19 1	66 1	89 3	57 2	6 1	50 1	44 1	55 2	16 1	20 1	54 1	37 4	35 1	0 1	70 2	25 1	28 1	5 1	3 1	24 1	38 1	69 1	62 2	79 1	83 3	65 1	21 1	12 1	74 1	41 2	23 4	31 4	60 1	80 1	75 1	17 2	71 1	34 3	27 2	33 3	56 1	9 2	46 1	52 2	68 1	30 1	45 1	85 2	22 1
36 1	24 1	12 3	30 2	10 2	37 1	82 2	89 2	60 2	33 1	43 2	85 1	71 1	26 1	6 2	77 3	62 1	3 1	48 1	57 2	35 1	19 4	58 2	59 2	13 2	65 2	47 3	66 2	29 5	52 2	31 1	15 4	69 1	14 1	16 1	81 4	50 2	78 3	88 1	53 6	9 4	17 1	55 3	4 1	63 1	76 1	39 1	34 2	80 3	38 1	74 2	68 4	40 1	51 4	5 1	18 1	23 1	61 1	1 3	83 1	64 2	56 2	45 3	87 3	8 1	41 1	21 4	73 1	86 3	67 1	28 2	46 4	70 1	42 1	0 1	44 3	32 2	11 1	22 3	25 2	79 1	72 3	49 2	7 1	27 3	2 1	84 5	75 1	54 1	20 1
16 3	33 1	37 4	61 3	15 3	68 1	20 1	25 1	65 6	71 3	29 2	18 1	87 2	77 6	1 2	32 2	80 3	19 1	59 1	41 1	58 2	13 2	0 2	28 2	66 1	76 4	51 6	44 5	45 1	4 1	40 1	86 4	17 1	74 8	54 2	82 1	39 4	89 3	84 5	24 1	85 1	9 1	72 1	50 2	73 2	52 1	57 4	46 1	14 1	81 2	21 2	27 6	83 3	35 3	43 10	47 1	88 1	63 1	22 2	69 1	79 2	55 1	48 3	12 1	70 1	6 5	62 3	31 1	5 1	60 1	53 1	8 1	42 1	56 2	49 1	67 1	3 1	64 2	75 3	30 3	38 1	23 4	34 1	26 4	2 1	36 6	11 1	78 2	7 1	10 2
0 1	33 2	32 1	76 1	12 1	59 3	54 1	9 1	75 2	69 1	20 1	65 3	56 1	17 3	21 1	53 2	61 2	14 1	49 1	67 2	11 4	79 5	3 1	18 1	13 1	38 2	35 3	37 4	47 2	5 3	73 2	27 2	23 1	22 1	44 1	45 1	88 1	74 1	86 1	34 1	64 5	2 1	89 2	77 3	10 1	46 1	8 3	51 1	40 1	36 2	58 2	26 1	60 3	25 1	52 2	24 7	87 2	39 1	48 2	70 1	84 1	55 1	85 3	62 3	63 2	16 4	28 6	81 1	4 1	66 1	71 4	78 1	68 2	15 1	42 1	43 1	19 2	1 1	57 3	7 4	50 3	80 1	72 3	41 1	29 3	6 2	31 2	30 2	82 2	83 7
