100	100
50 3	18 1	24 1	17 1	92 3	44 3	80 1	61 1	16 1	62 1	71 4	88 2	6 1	12 2	65 1	72 1	1 3	74 1	96 1	25 1	57 1	26 3	40 1	20 3	99 3	11 1	91 1	9 5	98 1	10 4	37 1	87 1	79 3	54 6	66 1	27 2	28 7	39 1	31 5	29 1	34 3	15 1	48 2	68 1	13 5	36 2	78 2	60 1	55 2	3 2	63 3	97 1	41 1	89 2	56 1	19 2	7 3	81 1	84 3	35 1	4 1	69 1	14 3	52 2	2 2	43 1	95 2	46 2	49 1	67 1	22 2	42 2	73 5	47 3	58 1	45 1	85 1	64 1	90 1	75 1	33 1	93 1	0 1	32 1	51 5	23 1	21 1	30 4	83 1	77 5	8 3	76 1	70 2	82 5	94 1	53 1	38 2	5 1	86 2	59 1
1 2	75 1	79 3	94 2	65 1	89 1	91 1	17 1	42 1	73 1	81 3	12 1	39 1	6 2	2 2	92 1	64 2	87 3	61 3	83 1	14 4	5 5	54 2	49 1	46 2	82 2	97 2	70 1	28 1	58 1	99 1	86 4	62 1	23 2	53 4	30 3	15 4	37 3	72 2	76 4	35 1	45 1	25 1	32 1	51 2	69 2	21 3	88 2	27 1	56 1	63 5	0 1	90 1	38 5	18 1	20 3	7 2	16 2	47 1	34 1	8 1	80 4	22 2	71 1	55 1	96 3	44 4	48 2	11 1	36 1	93 1	24 1	67 1	40 1	26 5	84 2	74 5	10 1	59 4	57 1	66 1	52 2	98 5	77 2	29 1	68 4	9 4	50 2	85 1	95 1	78 2	4 1	13 1	19 1	33 1	43 1	60 4	3 6	31 1	41 1
60 1	90 1	88 5	2 1	67 1	99 1	35 1	61 1	54 4	27 1	56 1	3 2	57 2	23 1	78 2	85 1	89 1	39 7	45 1	51 2	86 1	64 1	4 1	33 4	58 1	62 3	16 2	18 1	76 3	19 1	50 1	92 2	44 1	21 2	91 2	36 1	93 2	29 2	40 1	73 1	43 4	55 3	34 2	37 1	63 1	25 1	1 1	46 5	81 1	49 1	7 5	59 7	12 1	83 2	30 1	66 1	14 4	96 1	15 2	48 1	68 1	52 5	53 1	41 1	9 3	75 1	47 1	5 1	22 1	38 2	70 1	87 1	97 1	42 6	28 1	79 1	26 1	98 5	95 3	82 2	24 1	13 2	32 2	65 2	6 2	84 1	69 1	8 1	80 1	71 1	11 2	94 1	20 2	72 1	74 1	31 6	10 2	77 1	0 1	17 4
38 2	79 2	77 2	52 4	2 4	3 4	67 2	81 1	70 3	51 1	56 1	94 1	22 1	16 1	74 1	87 1	75 1	31 4	47 2	73 1	26 1	66 1	91 1	71 1	37 9	54 4	63 1	83 7	53 1	72 2	10 1	28 1	58 2	18 1	9 1	68 2	90 1	82 2	99 2	34 1	55 1	65 1	25 3	69 1	44 7	0 3	11 2	96 3	59 2	61 6	17 6	29 1	42 1	78 3	41 1	43 1	33 3	14 1	86 1	6 2	19 3	8 1	45 6	23 2	49 1	4 2	12 2	60 2	92 5	40 1	21 4	32 1	15 1	48 1	24 5	50 3	88 5	1 1	57 2	95 5	46 4	39 1	27 1	13 1	93 3	5 2	64 1	62 2	30 1	85 1	84 2	80 2	36 1	35 1	7 1	20 3	98 3	76 1	97 3	89 3
33 1	83 1	37 1	78 2	47 1	59 1	21 2	17 1	98 4	13 2	29 2	81 1	5 2	40 1	88 6	94 1	84 2	92 1	30 3	26 1	6 3	10 1	45 5	68 3	97 5	11 2	57 2	70 1	28 1	41 1	66 1	15 2	35 1	99 2	8 1	52 1	93 2	32 1	20 4	3 6	91 8	25 5	39 1	72 2	85 1	73 1	67 1	23 1	75 1	69 6	38 1	65 1	43 1	14 1	55 1	50 2	48 2	86 1	95 1	80 3	61 1	19 1	42 2	49 1	62 5	60 1	71 1	56 2	18 1	64 2	44 2	96 9	82 2	2 1	53 1	74 1	46 3	87 2	76 3	0 2	51 1	1 1	77 1	4 2	31 1	54 1	7 1	34 2	9 1	90 2	58 2	12 1	89 1	24 1	79 2	27 1	16 2	36 1	63 1	22 2
88 1	53 3	17 2	52 1	48 1	75 3	34 1	22 3	43 1	54 1	86 1	20 2	19 1	90 2	98 1	87 1	72 1	4 2	36 1	40 1	41 1	49 1	3 1	89 1	10 7	44 1	5 4	66 1	0 4	24 2	35 3	91 2	51 1	64 2	57 1	13 1	83 1	39 3	70 4	7 2	21 1	59 1	42 1	23 3	92 2	94 4	12 1	61 1	69 1	26 2	32 2	65 3	47 2	95 1	68 1	85 3	97 2	8 1	80 2	46 1	67 1	37 1	11 1	9 1	56 1	28 4	76 2	15 1	99 7	38 1	29 1	27 5	77 1	16 1	18 1	55 3	62 1	81 3	71 3	58 5	63 2	93 1	33 5	25 1	6 3	82 2	60 2	73 2	30 1	45 2	84 1	74 2	79 1	96 4	78 1	31 3	50 5	2 1	14 1	1 2
19 1	94 1	11 1	28 3	18 1	3 1	90 4	65 2	16 3	68 2	21 2	81 1	1 1	98 2	6 4	99 1	69 4	88 2	12 2	29 2	70 2	7 1	20 1	80 2	47 2	51 1	33 3	60 1	4 1	97 5	8 1	25 3	63 2	52 1	82 3	41 1	75 1	85 1	83 2	67 3	42 1	61 1	66 2	59 1	34 1	84 3	45 1	95 1	91 9	71 1	72 2	58 1	24 8	49 3	53 2	10 1	87 3	40 8	78 1	30 1	17 3	5 1	93 2	89 1	96 1	32 1	38 1	37 2	39 2	62 1	54 2	46 1	50 5	22 8	13 3	43 5	2 1	27 3	77 2	31 1	48 1	36 6	35 1	73 3	23 1	92 2	74 2	9 1	14 4	26 1	0 8	57 3	44 4	15 5	79 1	64 4	86 2	76 1	56 1	55 2
99 3	67 1	59 4	19 1	72 7	42 2	76 1	31 3	75 6	20 1	14 5	78 2	34 1	85 1	74 1	98 1	47 1	97 4	35 2	43 1	0 1	81 1	62 2	10 2	60 4	83 1	87 1	73 1	13 1	48 1	2 3	55 4	54 1	46 1	25 3	91 1	39 1	92 3	44 2	7 2	50 3	40 4	33 4	68 1	4 3	86 1	58 2	32 1	90 1	3 1	23 1	37 1	16 1	36 3	69 1	63 3	22 4	17 2	18 4	15 1	38 1	51 1	6 1	96 2	66 1	94 1	79 2	27 1	53 1	41 3	89 1	56 1	61 3	64 1	29 3	45 3	9 1	49 1	80 1	52 2	28 2	26 1	21 1	30 4	95 1	93 1	8 1	24 2	77 1	71 1	82 1	5 3	70 3	12 2	11 2	57 1	84 1	65 2	88 4	1 4
50 2	61 2	71 4	48 2	4 2	36 2	22 7	43 2	2 1	70 1	24 1	34 2	73 3	87 1	30 4	62 1	78 1	26 1	20 1	0 2	56 1	8 2	29 2	28 1	10 1	60 4	5 1	75 1	44 3	65 2	88 2	54 1	51 2	46 2	14 3	9 1	69 1	97 1	17 1	21 3	12 4	91 1	15 3	37 1	84 2	39 3	68 2	16 5	72 2	83 1	76 3	53 3	13 3	33 1	57 2	32 2	59 4	38 2	3 3	27 1	64 1	42 1	11 1	66 2	96 2	19 1	47 2	58 3	98 1	55 1	89 3	95 1	74 1	6 2	99 1	79 1	25 1	31 1	45 4	80 1	90 1	93 5	1 1	49 3	86 2	94 2	7 1	82 1	77 5	41 1	52 2	92 2	23 1	40 4	63 2	85 2	67 1	18 1	35 1	81 1
0 2	44 1	20 1	89 2	54 1	52 2	93 1	10 2	62 1	19 1	36 2	56 1	3 2	33 5	61 1	47 1	4 1	64 2	98 3	48 1	97 3	87 1	58 2	85 2	76 3	86 1	16 4	94 1	69 1	30 3	39 1	99 2	7 3	28 2	24 2	14 1	26 1	92 5	40 2	12 2	59 3	67 1	63 1	88 3	23 2	81 2	55 4	51 2	82 1	29 4	31 1	8 1	2 2	90 2	15 2	80 1	68 3	96 3	37 4	84 2	65 1	18 1	57 1	66 4	78 7	22 2	43 3	50 3	13 1	38 2	53 1	83 1	32 2	9 1	95 1	73 1	79 2	42 3	91 1	70 1	34 1	74 1	5 1	77 4	21 2	75 2	35 3	25 1	49 4	11 2	46 1	27 2	72 3	6 3	1 3	60 2	71 1	41 2	17 2	45 1
41 2	83 1	67 1	97 1	30 2	13 1	60 3	22 2	89 1	29 7	18 3	79 1	98 1	57 1	85 3	80 3	12 1	23 1	21 1	90 1	19 2	68 1	16 1	27 1	8 1	71 2	0 5	65 3	78 4	11 1	38 1	7 1	99 2	37 2	2 2	81 2	55 1	74 1	84 2	92 1	24 6	32 2	96 1	53 2	75 1	6 2	50 2	45 4	4 5	70 3	15 5	42 1	17 5	1 1	35 1	72 1	5 5	46 1	88 8	39 2	94 2	62 1	31 1	43 2	26 2	76 4	28 3	48 2	14 1	51 1	66 2	20 1	61 3	63 1	54 3	9 1	3 1	49 2	59 1	34 2	58 1	91 4	33 2	52 1	73 2	44 2	25 3	87 1	95 1	77 2	36 1	69 1	64 2	93 2	40 1	82 2	10 2	47 1	56 1	86 4
43 1	76 2	51 1	68 1	24 1	30 2	79 1	62 1	6 1	50 2	72 4	4 1	56 2	21 4	61 1	8 1	97 2	12 2	23 2	93 2	35 2	77 2	54 1	81 2	14 4	95 1	34 2	32 1	88 2	66 1	91 1	55 2	84 5	53 5	33 4	69 3	20 1	46 1	5 1	98 2	85 1	73 3	9 1	27 2	47 2	87 2	59 1	25 5	63 1	48 1	3 2	94 2	40 1	60 1	39 3	44 1	49 1	92 1	89 1	99 2	41 3	16 1	36 2	2 3	22 1	78 1	38 3	28 2	17 7	42 1	71 2	80 1	96 3	37 1	86 1	7 1	90 2	31 4	0 2	74 1	65 2	45 4	58 1	83 1	82 1	18 3	64 1	52 1	15 1	29 1	10 1	11 1	70 3	57 3	1 2	13 1	75 3	67 1	26 1	19 1
40 1	41 1	20 1	10 5	1 1	11 2	31 2	93 2	60 2	8 1	12 1	3 3	23 1	55 1	52 1	2 1	21 2	73 3	80 2	51 1	54 1	5 2	90 1	9 3	77 6	74 2	67 4	46 1	6 1	42 1	37 4	57 1	72 1	59 3	19 1	99 2	95 2	75 2	63 1	4 2	87 5	47 4	39 1	92 2	18 1	17 2	89 2	84 3	76 2	53 2	30 2	43 5	26 1	71 1	85 1	56 1	82 1	16 1	97 1	24 2	50 2	79 6	61 2	0 1	94 1	36 5	81 1	91 5	13 1	7 1	83 1	69 2	14 6	15 2	86 4	58 2	32 4	78 2	34 1	48 2	70 1	65 1	33 2	35 4	66 1	96 7	22 1	98 1	64 1	88 1	27 1	45 2	25 2	68 2	29 1	38 3	28 2	62 4	49 1	44 2
52 3	19 2	84 2	88 2	5 3	91 3	93 1	7 1	6 1	16 2	79 2	4 4	10 3	97 1	55 2	40 2	26 2	77 4	35 4	29 2	11 3	50 1	22 1	48 2	31 2	73 1	12 1	82 2	0 1	44 1	71 1	69 1	60 5	34 2	74 3	33 1	46 1	92 3	42 4	21 2	94 1	54 3	18 3	86 1	63 4	78 1	57 2	8 1	99 4	87 3	38 1	85 1	72 1	15 1	36 1	80 2	98 4	39 4	59 1	95 3	28 1	20 1	89 1	51 3	27 1	76 1	13 3	17 1	62 4	68 1	30 1	83 1	45 3	14 2	64 1	66 1	53 3	47 1	61 6	75 1	56 4	67 1	9 2	49 4	37 3	70 1	58 2	65 3	43 3	96 3	23 1	41 1	2 3	25 1	1 2	81 1	3 2	90 2	24 1	32 2
73 1	19 1	37 1	91 1	52 5	21 1	25 3	12 1	63 1	16 1	60 1	5 3	80 1	3 2	47 2	66 1	0 1	17 1	45 1	51 2	22 1	26 3	42 2	31 1	24 3	81 3	71 1	34 1	4 2	50 2	43 2	1 2	29 4	92 2	97 1	41 1	86 1	54 1	90 2	39 1	61 1	35 2	49 3	8 1	74 1	9 1	2 1	75 3	33 1	99 2	18 1	55 1	87 1	15 1	70 1	53 1	58 3	7 1	36 1	38 3	46 1	32 2	10 4	76 2	72 1	79 3	20 2	84 3	14 1	83 1	48 2	27 1	28 9	96 1	88 4	67 2	77 1	44 2	85 1	89 1	82 2	78 2	64 4	59 2	23 3	13 4	93 1	30 1	6 2	57 2	68 2	62 1	40 2	11 1	65 1	56 1	69 1	94 4	98 2	95 1
80 1	99 1	37 1	82 1	25 3	73 3	60 4	52 2	72 1	31 2	68 1	45 2	4 3	26 2	20 3	93 1	76 3	18 3	29 4	83 2	15 3	81 1	57 1	24 3	88 1	75 3	39 1	84 2	28 1	92 2	95 2	32 1	79 1	47 1	1 1	90 1	11 2	70 2	21 2	51 1	94 1	49 2	16 2	98 4	62 1	96 1	10 2	67 2	58 2	65 2	2 1	9 1	0 5	48 2	77 5	53 2	59 2	27 1	30 1	89 1	66 2	34 1	12 1	38 1	54 3	14 2	36 2	5 2	7 2	56 1	19 1	74 2	42 2	22 1	61 1	33 2	44 2	50 1	71 3	55 3	63 1	78 1	13 3	41 1	35 1	46 2	69 3	3 2	86 1	85 2	43 3	17 2	40 2	91 2	23 2	97 2	64 2	6 1	8 2	87 1
3 1	78 1	57 2	60 1	58 2	39 1	79 1	26 1	86 1	87 3	99 1	1 1	49 1	54 2	8 2	65 2	66 1	73 2	2 3	83 15	50 2	81 1	20 3	56 1	69 3	12 1	59 1	68 1	45 1	28 1	61 1	35 1	48 1	47 1	37 2	41 2	85 3	21 1	18 3	32 1	23 1	38 2	16 4	11 1	93 2	0 1	43 11	17 1	95 2	14 8	4 3	89 1	71 1	64 2	9 4	27 2	76 3	94 1	30 1	84 2	92 1	24 2	98 1	51 3	13 1	75 1	40 4	67 2	77 2	6 2	82 2	29 1	44 1	52 1	53 4	36 1	19 2	31 1	70 1	90 1	46 1	55 2	34 2	7 1	91 1	72 4	15 3	33 1	22 5	80 1	88 2	62 1	5 7	63 1	74 2	10 1	42 1	96 9	25 1	97 1
42 6	83 1	67 1	19 1	70 3	25 1	0 1	95 2	72 3	98 1	4 1	60 1	35 2	52 1	49 1	9 1	80 2	61 1	62 1	96 1	86 2	89 3	78 2	38 1	27 1	90 1	23 7	74 2	24 5	40 4	69 2	51 1	88 1	10 4	92 1	37 1	45 2	14 4	43 2	2 2	36 1	6 1	58 1	32 7	20 1	15 1	31 1	5 3	18 1	82 1	55 4	47 1	68 2	99 2	65 1	3 2	30 5	93 1	76 1	41 2	84 1	56 1	48 1	21 6	28 3	91 1	13 1	53 9	11 1	12 2	22 2	39 1	73 2	16 3	77 1	75 2	85 2	57 1	66 1	1 1	8 1	81 1	97 3	87 3	7 1	54 1	50 6	79 1	29 1	26 3	44 2	33 2	64 1	94 6	17 2	63 3	59 1	71 4	34 1	46 4
26 1	66 1	44 3	53 6	22 2	15 3	82 2	65 2	7 3	88 3	76 6	17 2	79 2	14 3	96 3	90 1	34 4	68 2	28 1	13 1	93 1	64 1	89 3	86 1	33 1	84 2	19 1	99 4	6 1	45 1	85 1	29 1	41 1	77 1	62 1	24 2	4 1	51 2	49 2	69 1	60 1	97 1	2 2	11 5	37 3	16 1	59 3	67 1	27 1	38 2	50 5	25 1	20 1	5 1	94 5	39 4	63 1	18 2	70 6	83 1	55 1	56 2	35 1	10 5	61 4	36 6	46 1	23 4	30 7	52 3	74 1	43 2	42 1	81 2	12 1	32 2	48 3	71 3	73 2	9 2	78 6	72 2	91 3	8 1	0 1	40 3	54 1	21 2	87 1	98 1	57 1	92 2	80 2	58 1	31 1	75 6	1 1	3 2	47 3	95 1
76 2	61 1	91 1	40 2	6 2	83 2	58 2	14 1	52 2	22 1	81 1	94 1	84 2	24 4	60 1	62 1	64 1	71 6	57 1	3 1	97 1	67 3	43 2	25 6	29 1	69 1	49 3	68 1	17 1	46 2	7 1	88 6	86 2	42 1	53 1	5 2	45 2	77 1	38 1	75 2	36 1	98 1	13 1	8 1	21 1	16 1	37 1	72 1	74 1	50 1	39 1	34 2	80 1	33 2	87 1	79 3	59 2	27 1	70 1	10 2	28 1	32 1	4 1	35 3	15 1	78 2	82 1	0 2	90 1	66 1	96 2	44 4	63 8	55 3	85 3	89 1	30 1	20 3	26 1	23 1	56 1	54 1	18 1	73 3	65 1	51 3	9 1	93 1	12 1	1 3	48 3	41 1	31 1	11 1	99 2	2 1	92 1	47 5	19 2	95 3
59 4	52 1	83 4	81 1	67 1	28 1	50 1	44 1	89 1	57 1	0 1	8 1	53 6	78 4	97 1	34 2	36 3	74 2	90 1	47 1	68 2	33 1	9 1	64 1	21 1	3 1	6 4	73 1	27 2	38 6	29 1	1 1	11 2	12 3	39 1	92 1	13 4	2 6	32 1	24 1	84 1	87 2	25 2	49 3	26 2	77 2	55 3	22 1	15 1	82 2	7 1	65 1	69 1	10 1	98 2	85 1	80 5	76 1	96 1	63 2	46 1	45 1	79 1	95 1	5 1	91 1	37 1	4 1	41 1	20 1	54 3	88 1	23 1	51 1	62 2	86 4	16 2	19 1	40 4	42 2	66 4	43 1	31 4	58 1	17 1	60 1	93 2	99 1	94 3	14 1	61 2	70 1	48 1	18 1	35 1	75 3	30 2	72 2	56 1	71 1
2 2	38 1	90 3	50 2	14 4	7 1	78 1	92 1	25 1	27 1	24 1	69 1	84 3	91 3	63 3	40 2	59 1	83 1	74 3	76 1	33 1	0 2	22 2	80 2	70 1	28 1	65 1	15 1	58 1	5 2	99 1	13 2	11 2	43 9	66 1	16 1	79 2	98 5	97 1	46 3	60 2	30 4	6 1	71 2	93 3	41 4	8 1	29 1	9 1	1 1	56 1	94 2	77 1	51 3	82 1	89 1	72 2	45 1	87 2	73 1	88 1	39 3	55 1	37 1	68 1	96 3	57 1	4 1	54 3	44 1	26 2	95 6	61 3	10 1	62 1	3 1	75 1	21 1	19 2	86 1	34 1	85 1	35 1	12 3	47 1	48 1	42 1	49 1	64 2	17 1	31 1	18 2	67 4	20 1	23 1	32 2	53 1	81 2	36 2	52 4
43 3	25 3	10 1	75 4	30 1	94 1	42 6	55 1	69 2	44 1	38 1	27 2	77 1	41 1	14 1	97 5	89 1	60 1	74 2	11 2	19 2	4 1	9 10	87 1	36 1	93 1	2 5	20 1	90 4	83 3	81 2	70 1	84 4	58 3	99 1	33 4	47 2	78 1	59 3	71 2	39 1	5 1	26 2	51 1	3 1	40 3	46 1	37 2	96 2	85 1	54 3	13 1	65 3	80 1	32 2	86 1	57 2	45 4	66 1	82 2	0 1	72 2	24 2	61 3	53 2	16 3	31 1	7 1	63 1	8 4	52 1	76 1	29 1	68 3	17 1	62 6	49 2	50 1	35 1	95 1	79 2	48 1	22 5	56 2	67 3	21 1	15 1	91 1	18 1	23 6	34 2	12 2	98 1	28 1	64 1	88 1	92 2	73 3	6 1	1 2
43 1	62 1	33 1	95 2	71 4	68 2	93 1	42 2	16 8	94 1	0 1	29 1	55 2	7 2	28 1	87 2	49 2	60 2	15 6	82 5	97 2	91 2	96 4	22 2	20 2	90 1	1 2	57 3	98 3	48 1	81 2	34 2	17 1	75 1	44 1	2 1	73 2	39 1	10 4	26 3	99 1	70 2	47 4	13 2	27 1	86 3	38 3	32 3	59 2	85 2	64 1	54 2	56 2	83 6	89 1	53 1	66 1	46 1	78 4	65 2	35 2	76 1	4 1	74 4	3 1	88 1	11 3	31 3	30 1	67 4	19 1	58 1	18 1	45 2	36 2	25 3	80 1	72 1	23 3	37 1	50 1	6 1	40 1	41 1	14 3	77 1	61 1	9 2	51 10	5 1	8 1	92 3	12 4	79 2	24 2	21 4	52 1	69 1	63 1	84 1
70 1	94 1	66 1	28 1	86 2	34 2	31 2	97 2	93 1	92 1	10 1	35 1	5 3	89 2	32 1	48 1	53 1	99 2	11 3	33 1	36 1	50 4	82 4	49 5	15 1	64 1	91 2	25 2	65 4	76 5	17 1	2 1	16 1	0 4	3 1	88 1	12 4	20 1	83 1	57 1	30 3	29 2	41 3	26 2	8 1	74 1	13 1	96 1	42 1	14 1	79 3	39 2	72 4	78 1	45 2	62 1	98 1	80 1	60 1	55 2	67 3	90 4	61 1	54 2	56 1	69 7	68 2	77 4	18 1	4 3	84 2	71 2	7 1	38 1	24 1	95 2	81 1	19 1	47 2	87 1	9 1	23 1	40 3	75 1	85 3	27 1	52 3	59 2	46 1	58 1	1 6	6 3	22 1	63 1	51 2	44 3	37 3	73 6	43 2	21 3
15 1	83 1	43 1	36 3	0 1	1 2	13 1	42 1	64 1	76 6	80 1	59 1	99 1	98 4	9 1	41 1	35 8	28 1	18 1	94 6	48 2	62 3	33 2	58 2	77 2	52 2	95 2	61 1	20 1	38 1	46 1	67 4	3 1	74 2	89 1	34 1	47 1	68 2	85 1	96 1	86 1	66 2	91 2	32 1	84 1	26 2	92 2	57 1	10 1	40 3	37 4	72 2	19 1	51 2	78 1	49 1	93 1	4 1	50 1	21 3	11 1	71 4	16 1	87 2	22 2	45 1	25 2	60 2	6 1	53 1	39 1	81 1	63 1	31 3	55 1	54 8	23 1	75 2	97 1	24 1	65 1	14 1	29 1	70 1	44 1	82 2	88 1	56 1	7 1	69 2	17 1	27 6	8 5	5 3	30 1	2 1	90 2	12 1	79 2	73 2
24 1	3 1	69 1	1 1	12 2	75 1	92 1	17 1	85 1	43 2	80 2	71 1	78 1	97 2	65 1	82 3	91 4	76 3	25 1	14 1	30 2	93 2	27 1	79 1	29 4	23 3	18 2	77 2	95 3	81 1	61 1	10 2	64 1	67 1	89 2	54 1	96 1	86 2	19 9	32 3	20 1	56 2	45 3	5 2	63 2	40 4	21 3	50 1	70 1	41 1	44 1	47 2	88 4	90 1	99 1	60 2	59 1	7 3	8 1	38 1	31 2	83 1	33 1	0 2	34 1	87 1	16 1	11 2	73 2	28 3	72 1	49 1	4 2	48 2	6 1	36 2	22 1	39 1	15 2	66 4	35 3	9 1	84 1	53 1	46 3	68 3	37 2	58 1	26 2	57 1	52 4	51 1	94 1	98 2	55 1	74 1	62 6	42 3	2 3	13 4
53 1	51 7	37 2	23 1	33 1	65 1	57 2	88 1	80 1	59 1	3 2	5 2	72 2	32 2	44 2	70 1	35 2	71 1	14 2	87 1	82 1	7 1	99 1	27 1	48 7	18 5	74 2	58 2	43 2	16 7	55 4	39 3	9 1	73 2	30 2	78 1	91 3	92 1	47 1	49 2	29 1	20 1	69 1	42 3	89 7	75 2	31 1	60 1	2 1	4 3	40 1	8 3	54 1	26 2	25 2	15 2	1 1	85 1	11 1	34 3	95 5	67 3	86 1	90 1	10 2	96 3	76 2	52 1	46 1	17 1	81 2	68 1	12 3	61 1	38 1	66 1	77 6	83 1	56 2	0 3	13 3	45 4	62 5	19 1	98 1	93 2	36 2	63 2	97 2	94 1	21 2	24 1	79 3	41 1	64 6	84 1	50 3	6 8	28 3	22 1
72 5	87 1	22 1	93 1	81 3	90 1	25 2	42 2	78 4	34 1	80 4	5 1	45 3	71 2	35 4	24 1	36 4	95 4	85 3	57 2	9 1	14 2	61 2	43 1	12 3	2 2	92 1	64 2	59 2	13 2	18 1	38 3	17 5	53 1	76 4	69 1	7 1	94 4	40 2	39 1	97 3	8 3	79 2	54 5	26 2	48 1	82 4	86 1	15 1	83 1	32 1	58 5	56 1	47 1	11 2	51 1	66 1	30 3	77 2	0 2	73 1	27 4	49 3	46 1	67 3	21 1	10 1	55 3	62 3	68 2	84 3	16 2	65 1	89 2	74 3	98 1	50 13	88 2	31 3	96 2	23 2	20 1	91 1	44 5	75 1	70 6	1 2	52 2	4 1	41 1	3 5	19 1	60 1	28 4	37 1	33 3	99 3	63 2	29 1	6 1
95 5	28 1	65 1	1 1	85 1	90 2	32 4	25 1	21 1	83 5	3 1	27 1	37 1	34 3	75 2	51 5	2 4	42 1	0 3	57 2	20 2	17 2	12 1	36 1	59 2	47 1	19 2	54 1	72 1	61 1	22 1	70 1	26 4	60 1	16 1	91 1	74 1	81 2	94 3	71 7	88 1	73 7	18 1	7 1	64 3	11 1	82 1	77 1	67 3	41 2	43 1	8 1	29 1	56 6	9 1	86 2	4 1	24 1	23 2	38 1	58 1	35 3	52 1	5 1	79 1	30 9	39 1	15 6	49 3	13 3	89 4	31 4	68 3	93 2	48 1	62 1	55 3	63 2	66 2	87 1	84 1	96 2	6 1	76 1	69 2	80 1	78 1	98 4	14 2	10 2	53 2	33 2	40 2	50 1	99 2	44 3	92 3	97 4	46 1	45 2
11 1	8 4	36 5	99 6	35 8	97 1	21 3	95 1	70 1	22 2	79 4	33 5	31 1	74 2	75 1	17 1	67 1	53 1	92 1	45 1	58 1	82 1	30 2	42 3	83 1	47 1	5 1	49 1	61 2	87 1	32 1	12 2	28 2	2 5	96 2	3 1	71 2	46 1	26 2	77 3	52 1	85 2	41 1	68 1	9 1	69 1	18 1	13 1	1 1	4 2	50 1	88 11	14 1	84 1	60 2	51 1	7 6	39 1	25 1	73 1	94 12	78 2	63 1	76 2	19 2	89 1	20 1	65 1	34 1	16 7	98 2	44 1	86 1	54 3	40 1	93 1	24 1	27 1	81 2	72 1	43 4	80 3	48 2	64 4	59 2	6 1	90 1	56 1	62 1	57 5	91 1	66 1	0 4	29 3	10 1	55 2	15 5	38 1	23 1	37 1
87 2	70 4	65 3	5 1	32 1	97 4	34 2	4 1	42 3	77 3	89 3	82 1	76 3	2 1	94 1	78 1	1 3	28 2	6 3	66 2	44 2	17 1	52 5	35 5	72 1	57 5	50 1	25 1	20 1	73 1	55 3	18 2	38 1	51 2	40 5	14 1	85 2	8 4	62 1	27 4	22 8	84 2	10 2	15 2	61 1	56 1	43 1	69 2	71 3	53 3	81 2	99 1	30 1	98 4	79 3	26 1	21 4	31 2	74 3	67 3	60 2	19 1	41 2	23 1	45 1	16 1	58 4	49 1	3 2	36 4	13 1	54 3	29 1	59 2	93 1	7 1	39 1	11 2	96 1	9 6	63 11	90 1	24 4	47 2	37 1	75 5	33 1	64 3	95 1	46 1	91 1	80 1	12 1	0 1	88 2	68 4	48 1	83 1	92 1	86 1
38 4	25 1	47 1	96 1	40 1	77 3	78 1	7 1	82 2	66 1	51 2	20 1	73 2	43 3	26 1	30 1	56 2	49 1	16 1	24 3	89 1	67 1	62 1	2 4	90 7	8 1	99 1	61 2	57 3	45 1	84 2	10 2	69 1	64 1	29 2	52 3	65 1	86 1	34 1	75 1	13 1	12 3	58 1	79 1	50 3	27 1	48 1	21 2	39 1	55 3	53 1	31 3	32 2	91 3	6 2	60 1	23 2	72 1	80 2	46 2	37 3	33 2	76 1	18 2	22 1	74 1	4 2	71 1	44 1	35 1	93 2	97 1	11 4	36 2	88 3	81 2	41 4	70 1	5 1	42 1	98 6	17 2	95 1	9 2	3 1	85 1	68 1	28 1	14 1	87 1	92 3	94 1	54 2	0 2	83 3	59 1	15 4	63 2	1 6	19 1
68 1	53 4	23 1	6 2	32 2	77 4	76 3	73 2	4 3	39 1	98 5	63 1	35 1	86 3	2 1	80 1	42 1	40 2	65 2	83 2	96 1	46 2	93 2	66 4	1 1	70 5	89 1	5 2	3 3	19 1	9 2	41 9	57 1	14 1	33 4	91 1	13 1	90 1	17 5	59 1	81 1	27 2	72 2	78 1	49 2	47 3	50 1	11 4	52 2	94 1	60 1	55 2	12 1	75 1	85 1	30 1	0 2	48 1	31 1	79 6	87 2	82 1	64 1	62 1	84 1	26 2	99 1	71 3	54 1	45 9	10 2	15 1	21 2	7 1	37 1	22 3	56 3	16 1	51 2	58 1	34 3	92 1	74 3	36 3	28 2	95 2	29 2	8 4	20 2	44 2	24 2	43 2	67 1	69 2	88 1	38 1	25 2	97 2	61 1	18 2
80 2	90 2	2 4	40 2	3 2	24 1	95 1	78 4	22 1	65 3	47 2	84 1	23 1	54 9	21 2	12 1	64 1	55 3	37 1	82 1	32 1	83 10	19 1	8 2	73 3	81 3	93 5	59 2	75 1	0 1	6 1	72 2	61 10	88 5	20 1	34 1	14 2	89 2	7 3	85 2	42 1	48 1	39 1	15 2	44 1	28 1	16 1	50 2	30 1	29 2	31 4	13 1	58 1	68 2	94 5	60 2	35 1	63 1	11 4	56 3	79 2	52 2	10 1	96 2	87 1	74 1	33 5	92 2	5 1	26 1	36 4	86 1	4 3	43 3	76 2	91 1	38 2	51 4	27 1	99 5	66 1	25 2	71 3	18 1	98 1	17 1	9 3	57 1	53 1	62 2	70 1	49 1	46 1	45 1	67 2	69 3	97 1	41 1	77 1	1 1
89 3	74 1	26 1	46 2	87 1	90 4	23 1	33 1	22 1	42 2	73 1	7 2	21 2	34 3	32 1	67 3	54 2	99 2	11 1	61 2	29 1	8 2	20 1	27 1	82 1	81 2	62 3	50 3	44 1	83 6	68 1	88 1	75 1	30 1	47 1	16 1	45 2	28 1	52 1	4 2	24 1	59 4	36 2	35 2	12 4	37 2	53 2	5 1	31 2	48 3	98 1	72 2	0 3	57 2	56 1	18 2	60 2	1 1	10 1	94 3	85 2	80 1	39 1	41 4	40 1	95 1	64 4	77 1	14 2	58 1	91 2	17 3	2 1	69 3	70 2	65 1	71 2	97 1	51 1	3 1	63 6	78 1	96 1	25 2	86 1	66 3	93 1	55 3	49 2	43 2	79 1	19 2	9 1	6 3	92 1	84 1	38 1	13 1	15 1	76 4
18 5	79 2	98 2	63 1	96 2	29 3	66 2	89 3	59 4	60 1	26 3	15 1	70 2	86 1	40 1	94 1	88 2	12 1	50 1	30 1	51 2	10 2	95 1	92 1	23 1	55 2	44 2	31 1	21 3	83 1	90 3	57 1	34 1	91 2	81 3	46 1	68 1	52 3	4 1	37 1	39 1	28 3	5 2	22 2	9 1	49 1	65 2	82 3	53 3	61 2	24 3	3 1	99 1	36 1	19 1	20 2	17 1	27 2	97 3	76 1	42 1	7 2	80 1	56 4	67 3	16 1	84 1	77 1	74 2	11 1	6 1	14 1	69 2	64 2	35 1	85 5	2 2	48 1	25 1	72 1	93 1	78 3	41 3	71 3	32 1	45 2	73 4	62 4	38 1	8 3	58 2	43 1	47 1	54 1	1 3	75 1	0 2	87 2	13 2	33 4
25 2	12 1	18 1	60 1	44 1	61 2	95 2	99 2	17 1	85 2	20 1	96 1	59 2	88 5	14 2	6 2	39 2	76 2	80 1	30 2	83 1	82 3	21 7	84 1	65 2	74 2	42 2	56 5	22 1	90 1	3 2	97 3	50 2	58 2	57 2	94 2	69 1	49 1	0 1	37 3	8 1	16 1	78 2	35 8	66 1	5 1	10 5	40 1	53 4	64 5	92 1	32 1	46 3	9 1	1 2	27 2	41 2	89 5	79 1	38 1	48 2	72 1	87 2	15 1	33 2	86 2	36 1	26 2	98 1	91 1	70 3	45 4	23 1	29 2	73 3	47 4	52 1	34 4	93 2	55 2	63 3	24 1	81 2	19 1	75 1	51 2	68 3	77 1	54 1	7 2	4 1	31 1	62 1	28 1	71 1	43 1	2 1	11 1	67 2	13 1
22 1	49 2	97 1	92 3	85 2	82 1	9 2	59 2	15 1	19 1	91 2	20 1	98 2	27 2	96 2	75 2	44 1	35 1	88 3	45 1	0 2	10 2	34 3	11 1	50 1	99 1	71 1	13 1	30 2	4 1	32 1	36 1	18 1	33 1	81 2	2 2	57 2	61 1	51 1	40 3	31 1	68 1	12 1	46 1	6 1	48 5	43 3	3 3	24 3	89 2	5 1	55 3	53 1	14 1	56 1	39 1	93 1	70 1	64 2	66 2	86 1	54 4	94 3	41 1	8 1	69 1	62 1	58 2	74 1	63 1	25 1	23 1	77 1	78 4	90 1	1 2	17 1	47 1	21 2	73 1	60 1	38 1	80 1	87 3	42 2	72 1	7 1	28 3	76 2	16 1	84 2	52 1	83 1	65 1	95 1	79 5	37 1	67 1	26 1	29 1
32 2	64 3	97 1	86 1	42 2	44 1	39 5	75 3	59 3	94 1	55 3	35 3	43 2	6 6	24 1	31 1	1 1	21 2	22 1	36 1	99 1	89 1	0 4	5 2	3 3	46 1	80 2	40 4	93 4	63 3	10 2	33 3	29 2	47 3	92 3	65 3	67 2	90 3	84 3	7 1	45 5	4 3	9 3	68 2	95 1	88 2	72 2	48 4	56 2	77 1	81 2	82 1	70 1	20 2	38 1	18 2	73 2	54 2	14 2	30 2	13 2	87 3	98 2	11 2	66 2	19 1	85 2	37 1	71 8	2 5	12 10	74 2	49 1	91 1	79 2	78 1	23 3	53 1	61 1	62 5	69 2	83 1	52 1	60 3	17 1	76 2	50 1	57 1	41 6	16 3	15 1	26 2	96 2	28 1	34 1	27 1	58 2	51 1	8 1	25 1
77 1	22 9	26 1	12 1	10 2	36 2	0 1	31 3	27 5	78 1	63 3	13 1	17 3	93 5	51 4	47 9	83 3	4 1	98 1	79 1	76 2	72 5	61 1	42 1	7 1	43 2	46 1	81 1	75 2	89 3	28 1	71 1	25 1	96 1	48 1	35 1	37 3	92 1	90 2	55 1	14 2	8 3	73 3	86 2	33 3	95 1	69 7	11 1	32 1	70 2	82 4	50 2	40 2	34 6	29 2	94 6	15 1	97 1	54 2	2 1	84 1	56 1	80 1	66 2	41 3	49 2	23 1	68 1	24 1	65 5	39 3	45 3	99 1	67 2	19 1	3 3	9 1	53 3	64 1	58 2	87 2	38 2	20 4	74 3	6 4	88 3	16 4	30 1	44 1	85 4	60 3	18 1	5 1	52 4	59 2	21 4	62 1	57 1	1 2	91 3
38 1	33 2	50 1	80 1	63 1	93 1	36 2	64 1	92 2	26 3	13 1	71 1	20 1	5 4	12 2	56 1	44 2	52 2	16 1	2 2	14 1	95 1	15 1	77 1	7 1	69 3	18 1	79 1	35 2	23 2	39 2	53 3	61 1	49 4	46 9	87 5	37 4	24 2	76 1	45 5	66 5	51 1	58 6	70 2	78 7	28 3	11 2	57 3	41 1	62 1	54 1	22 1	17 3	85 1	42 1	8 2	30 1	68 4	99 4	67 2	29 1	73 1	4 1	34 4	81 2	75 2	86 2	82 1	97 2	88 1	74 1	31 3	55 5	89 2	83 1	32 1	90 1	27 1	65 1	3 6	96 4	0 3	72 2	40 5	21 4	48 1	6 1	47 1	1 1	84 1	19 1	43 2	91 2	10 1	60 3	59 2	94 2	9 1	25 1	98 2
74 1	19 2	8 2	85 2	13 1	73 1	67 3	22 1	77 1	88 3	18 2	81 2	28 1	53 1	63 1	1 6	99 2	78 3	38 1	30 1	3 3	92 2	37 2	58 4	6 1	62 4	0 1	83 2	40 1	48 2	84 1	56 1	76 1	26 2	68 1	47 2	27 2	41 4	49 1	42 1	25 1	7 1	71 1	75 1	29 1	36 1	55 1	98 1	60 2	72 1	64 1	52 1	87 1	94 2	12 1	70 1	43 6	50 2	21 1	9 1	16 1	17 2	97 5	4 4	2 1	57 1	61 3	82 3	35 1	59 1	90 3	80 1	89 1	96 2	44 1	10 1	39 10	34 3	51 1	14 1	24 1	33 3	65 2	31 2	91 1	79 1	46 2	66 1	54 2	11 4	95 1	45 1	93 5	69 3	20 2	86 1	32 1	23 1	15 1	5 1
52 1	54 3	3 1	16 2	87 1	83 2	55 5	23 2	30 4	48 3	6 2	33 1	37 1	14 1	53 1	63 3	84 5	19 1	20 6	62 5	27 2	34 3	50 3	49 3	78 2	72 3	36 1	71 2	70 1	15 2	64 1	93 4	68 1	26 1	75 3	10 1	32 1	82 5	76 2	77 4	89 1	88 2	98 2	39 1	43 2	73 1	0 3	65 1	40 1	38 3	42 2	60 1	96 1	2 3	5 1	22 3	18 5	56 2	81 1	41 2	59 2	29 2	94 1	11 1	46 1	4 1	58 3	95 2	99 1	80 2	45 1	86 1	67 1	90 4	21 2	8 1	1 1	28 2	57 1	13 1	97 1	66 1	61 3	35 8	12 1	31 5	69 2	79 4	51 1	47 3	74 5	92 2	9 1	44 1	17 3	24 2	91 3	85 2	25 1	7 2
48 1	98 1	14 1	17 3	99 8	80 1	15 1	52 1	24 2	74 1	53 3	95 3	38 2	83 2	46 2	29 1	34 4	35 3	58 1	93 3	37 1	7 2	89 3	42 5	2 2	66 1	94 3	59 1	70 6	32 2	63 3	85 3	10 1	54 1	27 1	84 2	75 1	92 1	21 2	3 1	39 2	79 4	33 3	9 3	49 2	41 1	60 5	76 1	1 1	71 2	61 1	64 3	0 1	97 1	19 1	36 6	82 3	23 2	87 1	8 2	68 2	77 3	88 1	50 1	5 3	73 2	67 1	86 2	91 2	57 2	55 1	11 2	47 2	26 1	45 1	44 1	56 2	6 3	4 1	25 1	69 2	28 1	40 4	90 1	20 2	12 1	16 3	22 1	96 2	31 2	18 4	30 3	51 1	13 2	81 3	78 3	72 3	43 5	65 1	62 1
36 3	76 2	17 1	82 2	15 1	25 1	57 2	5 2	8 1	39 2	68 1	4 6	67 1	59 3	20 1	23 1	73 2	61 1	0 4	49 1	33 2	30 6	58 3	53 7	42 1	38 1	26 2	94 2	27 1	18 1	75 2	11 1	80 1	32 2	13 1	40 1	47 2	28 1	69 2	31 2	64 1	35 1	51 1	87 1	92 3	29 1	50 1	54 3	34 5	2 1	93 1	1 1	89 1	45 1	86 1	63 1	77 1	24 1	12 1	83 3	81 1	98 1	55 2	95 1	90 2	96 2	78 2	99 2	16 1	21 1	91 1	56 2	70 2	19 2	37 1	62 9	60 1	10 1	52 1	66 1	88 3	65 1	85 1	22 2	84 6	74 1	97 5	3 1	71 3	9 2	41 5	14 1	72 5	44 8	43 1	6 1	7 1	48 2	79 2	46 2
88 2	70 1	47 1	19 2	81 1	93 5	40 1	74 2	71 1	48 2	33 5	76 1	57 1	42 2	82 3	18 1	56 1	31 1	86 2	85 1	36 1	77 1	49 2	22 1	94 3	96 2	65 2	79 3	61 4	39 3	67 3	10 4	72 4	13 1	34 1	38 1	9 2	51 2	26 1	69 1	20 4	99 2	83 1	11 2	59 1	46 2	73 2	4 1	89 1	80 2	62 1	95 4	30 3	25 1	41 1	16 1	35 2	91 2	44 4	97 2	14 3	53 1	1 1	8 3	66 1	90 1	12 1	37 1	92 2	15 1	52 2	84 1	17 4	24 3	60 1	21 4	54 1	58 1	3 1	7 1	5 2	2 1	28 2	55 2	45 4	78 2	43 1	23 1	63 1	75 1	50 3	87 1	68 3	6 1	29 1	98 1	32 3	64 1	0 2	27 2
25 1	13 1	10 2	54 2	76 2	43 3	2 3	58 1	94 6	8 1	66 2	51 2	42 1	50 1	62 2	41 1	65 1	70 1	95 1	68 1	28 3	17 1	99 1	78 1	71 1	86 2	72 1	0 3	5 4	4 2	36 1	63 1	82 1	75 1	1 1	29 1	37 1	47 1	40 4	33 1	24 1	6 3	15 1	88 2	18 1	91 1	87 3	45 1	57 1	84 1	23 2	52 1	32 6	73 1	98 1	26 2	7 1	69 1	61 1	81 2	27 3	79 3	89 1	22 2	60 2	59 5	80 2	83 1	49 1	85 2	90 1	77 2	12 3	30 2	31 1	20 2	38 1	46 2	56 1	9 2	96 2	92 1	35 3	11 2	74 2	97 2	67 2	44 1	19 2	14 1	55 1	48 3	16 1	53 2	93 1	39 1	64 1	3 2	34 2	21 1
69 2	63 1	99 1	35 2	1 1	72 3	37 3	61 3	22 2	18 3	81 1	52 1	70 1	74 1	50 1	90 3	28 3	46 2	36 3	94 1	93 1	9 3	80 2	82 2	17 1	2 1	73 1	38 3	42 1	14 5	62 5	10 2	45 2	43 2	67 1	12 1	0 3	11 1	32 3	31 1	19 2	95 1	98 1	86 3	78 1	40 2	88 1	92 3	85 3	49 1	79 1	4 1	29 1	15 1	84 1	96 4	64 1	7 2	3 1	57 2	39 1	47 1	27 1	87 3	16 2	65 1	25 1	8 2	55 1	68 3	26 1	41 1	24 2	20 1	30 1	5 1	33 3	89 1	75 2	51 1	6 4	59 1	34 1	48 1	13 2	23 1	60 1	77 1	56 1	76 2	53 1	91 5	71 3	54 1	58 1	66 3	44 1	83 2	21 2	97 1
43 1	40 3	90 2	10 1	51 1	8 2	33 1	37 1	69 3	47 3	16 1	59 3	58 6	75 1	6 1	13 4	89 1	91 3	70 1	55 3	15 4	31 4	79 1	39 1	87 1	61 1	7 2	56 3	67 1	44 1	0 1	28 2	17 7	11 5	74 3	64 2	18 5	80 1	27 3	24 1	22 6	97 1	66 1	68 2	12 1	78 1	3 3	26 3	9 3	23 1	57 1	52 2	95 5	5 3	45 3	50 1	49 3	62 1	38 2	63 3	83 3	21 3	93 3	42 2	30 3	4 3	32 2	84 1	85 1	65 3	96 1	34 1	99 1	1 2	19 1	25 2	86 6	60 1	71 1	54 1	14 1	98 1	36 1	73 2	77 2	82 6	53 2	76 1	41 1	81 4	94 1	92 1	29 4	72 1	46 4	2 1	48 1	35 2	88 2	20 1
56 1	28 2	47 3	64 3	53 2	69 1	18 1	51 1	29 1	67 1	95 3	4 1	60 2	22 2	11 2	46 1	61 2	10 1	78 3	41 1	74 1	70 4	30 1	17 3	94 1	40 3	9 4	99 3	92 3	27 1	36 2	72 2	76 1	42 2	0 1	86 1	23 1	14 2	80 3	52 2	91 1	54 6	82 2	85 1	75 3	32 2	16 2	34 2	93 1	6 4	89 1	33 1	45 1	79 2	88 2	49 2	65 2	2 1	24 1	15 1	87 1	8 1	73 1	81 2	62 5	20 3	83 1	59 3	21 1	84 1	90 1	43 1	55 2	98 3	26 1	7 1	71 2	48 4	63 2	35 1	66 1	3 2	25 1	58 2	68 2	5 1	31 2	57 7	50 1	38 1	1 1	19 2	12 1	96 1	39 1	13 3	77 2	44 4	37 1	97 1
82 1	57 1	89 1	25 1	79 1	44 1	96 1	34 5	77 1	9 1	84 1	45 2	29 1	0 2	71 2	94 5	81 1	8 4	91 1	18 5	27 1	65 1	85 2	92 1	50 1	16 1	15 2	22 1	39 1	64 9	35 1	7 1	76 1	63 1	12 3	49 2	36 2	24 2	72 2	13 1	1 1	5 1	23 1	62 1	54 1	93 4	59 4	56 2	69 1	70 5	51 1	28 1	20 1	10 1	58 3	6 2	88 2	30 1	47 1	4 3	87 2	78 1	95 1	38 2	73 3	2 1	68 1	11 1	21 3	48 1	99 2	41 1	31 1	61 2	53 1	98 1	66 5	33 2	74 1	83 3	60 1	37 1	42 4	75 1	80 1	43 1	90 1	19 1	26 2	32 3	55 1	67 5	3 4	14 3	52 1	17 1	40 2	46 1	97 2	86 3
15 3	82 7	81 1	57 5	99 1	9 4	51 1	38 3	3 13	28 2	19 2	55 1	11 1	30 2	69 1	56 1	67 1	40 1	8 1	41 1	73 1	53 6	46 1	12 1	45 7	65 4	35 3	49 1	17 4	24 1	90 3	95 1	48 1	29 4	10 1	52 2	5 1	83 3	32 3	92 1	21 1	6 1	87 2	70 3	84 4	44 2	79 3	66 1	89 3	98 5	94 2	7 1	75 3	64 1	61 2	31 2	78 5	62 5	27 6	0 2	77 1	43 1	16 3	72 5	91 2	93 1	63 1	96 2	1 2	34 8	58 1	85 1	39 1	36 1	47 1	86 1	50 4	18 2	88 1	13 1	23 3	97 1	2 1	14 1	22 2	71 2	33 2	59 1	4 3	42 2	20 2	76 3	25 2	80 1	68 2	26 3	60 1	54 4	37 1	74 6
55 1	96 2	45 1	31 1	7 2	41 1	36 8	1 2	26 2	91 1	9 2	19 2	95 2	39 1	59 2	23 1	92 1	76 2	37 1	22 2	98 3	4 1	38 1	47 1	44 8	83 3	28 1	40 1	13 5	6 2	12 1	15 1	51 3	24 1	84 3	33 1	85 1	32 2	86 1	53 2	80 1	74 1	73 1	35 1	21 3	89 2	49 2	71 1	52 1	27 1	17 1	93 3	10 1	11 1	5 2	66 3	69 1	2 2	75 1	29 1	48 5	77 1	54 2	79 2	65 1	64 5	8 1	46 2	70 4	61 1	3 1	68 5	90 1	78 2	88 1	58 1	56 3	72 3	0 1	30 1	97 3	60 1	16 2	18 4	25 1	94 3	57 3	99 1	50 6	67 1	43 2	14 1	20 1	34 1	87 1	63 1	81 3	62 2	82 1	42 5
50 1	89 1	95 2	24 2	30 1	9 2	37 2	6 3	28 2	38 1	92 1	40 2	21 2	12 1	44 2	47 1	35 1	58 2	98 3	49 2	42 3	18 1	69 5	68 2	96 5	88 1	19 1	27 2	31 1	79 2	60 2	34 2	13 1	10 1	4 1	46 3	39 4	71 1	74 1	82 1	86 2	17 1	73 1	16 1	54 2	72 1	99 1	48 1	83 1	36 1	29 2	22 4	70 2	23 4	43 1	85 3	1 10	3 2	5 1	62 1	63 1	52 5	0 7	97 3	45 1	76 3	94 2	66 2	15 1	55 1	56 1	75 1	53 4	64 3	32 2	8 2	84 9	90 3	33 2	77 3	20 1	91 3	81 1	67 2	57 2	11 1	14 1	87 2	80 2	78 1	41 2	61 2	7 1	51 1	26 1	59 1	65 1	93 1	25 2	2 4
90 4	37 2	80 2	3 3	70 3	52 1	58 1	96 2	17 1	13 1	32 1	4 1	0 4	88 3	25 5	30 1	14 1	54 2	8 1	2 5	46 1	21 1	59 2	68 2	78 2	24 3	94 2	65 1	97 3	26 1	55 2	34 1	31 2	27 4	19 1	23 2	99 1	74 3	69 1	77 7	9 3	6 2	5 2	63 1	64 3	22 1	91 3	76 3	38 1	75 2	62 2	35 3	50 4	84 2	81 1	11 2	7 3	33 2	95 1	36 3	89 1	98 2	15 1	87 4	44 1	60 1	73 2	83 2	72 1	29 1	1 3	43 2	66 2	57 2	28 1	82 1	92 2	10 2	45 5	20 3	39 5	86 7	67 1	49 1	85 2	41 1	79 1	42 1	47 1	93 2	51 1	12 1	18 2	16 1	61 3	53 1	71 1	56 1	40 2	48 1
71 1	92 1	88 1	3 1	94 1	98 1	56 7	19 1	20 2	34 2	13 2	97 1	93 1	45 1	6 1	1 1	70 5	91 2	17 2	28 1	29 3	26 1	79 2	11 2	38 3	49 2	35 2	76 1	5 3	23 3	40 2	32 1	59 3	64 1	69 1	51 1	72 1	66 2	73 4	12 1	67 1	85 4	75 1	41 1	43 2	89 2	47 3	62 2	24 2	33 2	9 1	2 3	31 2	90 4	7 1	58 1	48 2	25 1	95 1	37 2	10 3	4 3	84 2	18 1	74 1	21 3	52 1	30 2	81 1	53 2	57 1	99 1	44 1	65 2	86 2	14 1	63 1	46 2	50 2	61 1	15 2	83 1	36 3	87 2	80 1	77 1	27 2	68 2	42 4	60 1	78 1	22 3	8 2	96 1	0 1	55 2	39 1	82 1	16 1	54 1
91 1	27 1	83 2	48 1	20 2	69 6	15 1	55 2	16 3	0 6	34 1	73 3	54 1	30 1	14 1	77 2	59 2	11 2	88 1	75 2	3 1	60 1	31 2	93 2	92 1	2 2	87 1	28 2	66 4	18 1	53 2	68 1	4 3	50 2	22 1	98 2	26 3	46 2	79 1	12 3	65 6	40 2	61 2	72 5	7 2	47 11	97 2	85 3	99 7	45 2	63 1	13 1	29 2	39 6	42 1	41 2	90 1	96 1	64 2	43 1	95 1	35 1	36 4	67 3	24 1	21 1	8 3	5 1	74 3	17 1	52 1	86 2	76 1	33 1	56 3	1 1	6 2	82 2	25 5	70 3	44 1	23 1	38 3	71 1	10 5	89 3	78 3	9 1	32 1	19 1	57 2	80 1	62 2	49 1	84 1	81 3	37 4	51 1	58 2	94 3
48 8	27 2	4 4	50 4	24 1	88 4	86 1	19 2	71 1	78 7	89 1	99 3	77 1	81 5	84 2	54 5	0 1	5 2	16 1	25 5	3 1	67 2	17 2	8 2	73 3	29 2	33 1	64 1	72 1	85 1	57 1	59 1	93 2	18 2	55 1	97 1	70 1	34 1	15 1	87 2	90 1	63 3	83 1	6 2	14 1	7 3	76 3	80 2	30 1	38 3	79 1	56 4	65 4	20 1	95 1	12 1	98 1	22 1	92 1	46 2	41 1	96 1	61 1	52 3	23 1	13 2	62 3	40 2	36 2	21 1	9 1	10 2	53 1	11 1	74 1	37 1	45 1	69 1	35 2	66 8	49 3	51 1	2 3	82 4	68 2	28 1	91 1	43 1	39 2	1 1	44 1	31 1	60 5	26 4	58 3	42 2	47 8	75 5	94 2	32 4
92 1	54 2	72 2	76 1	24 4	17 2	16 1	82 2	63 1	75 1	26 3	71 2	51 3	37 2	42 2	79 3	32 3	91 3	64 1	22 3	89 1	62 1	0 4	19 1	50 1	23 1	34 1	93 2	58 1	87 1	61 2	98 2	9 2	73 2	46 2	99 1	30 1	3 1	55 3	74 3	31 1	28 4	45 1	59 4	66 1	80 1	10 6	65 1	84 1	38 2	85 1	86 3	11 1	27 3	48 2	44 2	88 1	94 2	41 2	14 2	12 1	21 1	43 1	97 2	52 9	7 3	13 1	53 2	70 2	81 2	47 3	40 1	78 1	95 1	4 1	1 1	18 3	6 2	56 1	25 1	5 1	39 1	35 2	33 3	90 2	83 1	77 4	49 2	57 2	8 1	60 1	20 1	15 1	69 2	67 1	2 2	36 5	96 4	29 3	68 1
3 2	40 1	69 1	11 1	39 1	33 1	57 1	60 4	64 1	8 1	67 3	25 6	52 1	87 2	24 1	28 4	13 4	66 1	71 5	20 1	38 1	61 3	93 2	42 2	2 2	22 3	82 4	32 2	56 1	88 2	46 1	96 1	26 4	91 1	90 4	21 5	5 1	78 3	83 1	94 1	27 2	23 5	44 2	31 2	47 1	7 2	36 2	35 1	17 1	30 1	4 9	98 3	18 1	77 1	73 1	63 1	58 1	15 4	48 3	6 2	41 2	95 1	84 2	97 1	51 1	12 1	72 1	14 3	74 1	29 1	34 1	55 1	0 1	80 1	10 4	43 1	9 1	86 2	75 3	99 1	81 4	45 1	62 1	50 3	19 2	92 1	89 1	59 1	70 1	53 2	37 1	68 1	49 1	1 1	54 1	76 3	79 2	85 1	16 2	65 1
28 3	85 1	60 1	22 3	29 1	73 1	52 1	86 2	58 1	79 3	44 1	54 3	1 8	62 1	16 1	74 1	27 1	84 2	77 1	78 2	92 2	93 1	3 3	11 2	30 1	47 5	0 1	97 3	45 8	69 3	99 1	70 4	33 1	34 2	25 3	6 2	65 2	17 1	76 1	50 2	46 2	82 1	48 1	53 2	14 2	80 1	26 1	42 2	72 1	2 1	81 1	75 1	36 4	51 2	98 2	83 3	56 1	19 1	32 3	9 1	89 1	49 3	15 2	57 2	96 5	8 1	31 1	63 2	18 1	37 3	13 1	67 1	61 2	90 4	88 1	10 1	95 2	21 3	94 4	39 4	12 2	68 2	87 1	38 1	20 1	24 1	64 4	59 3	91 1	7 3	35 4	23 1	40 1	71 3	4 1	55 2	41 3	66 1	43 2	5 1
63 1	6 2	53 1	58 1	59 1	89 3	31 1	52 2	35 1	40 1	76 3	55 2	37 3	61 2	71 3	7 1	29 1	23 4	27 2	48 1	65 1	4 1	68 1	17 1	32 2	72 1	56 3	97 1	36 1	46 2	25 2	95 1	57 3	33 1	47 1	20 1	98 1	14 1	92 1	81 2	69 2	21 1	18 1	54 2	13 1	44 2	19 7	49 1	88 1	51 1	3 3	28 2	90 2	67 2	43 2	66 1	5 2	11 1	78 2	75 1	74 2	80 9	30 1	83 4	99 2	84 1	22 3	2 2	0 3	62 3	79 1	93 2	64 1	9 1	85 3	50 3	73 4	10 1	12 1	96 4	1 1	91 1	24 1	94 1	38 4	82 2	45 2	15 6	86 2	60 4	26 5	39 2	41 1	70 2	8 3	16 1	77 4	42 1	87 2	34 2
10 2	38 1	85 6	63 1	67 3	20 3	80 6	31 7	16 4	24 1	25 7	32 1	70 2	76 1	66 1	28 1	54 1	73 1	0 1	59 2	11 3	74 4	57 4	97 2	78 2	75 1	40 4	52 1	49 2	34 1	72 1	71 2	55 1	15 1	26 3	91 1	87 5	17 1	7 3	82 1	9 1	53 3	43 1	50 3	93 1	60 2	29 1	4 1	51 1	18 2	47 3	41 2	81 2	13 2	48 1	90 5	14 2	27 1	46 1	79 1	86 4	22 1	37 1	99 3	64 1	21 1	94 1	44 3	95 3	84 1	58 1	61 2	39 3	23 1	33 1	30 1	1 1	88 3	35 6	8 2	12 1	42 1	45 1	77 1	62 4	96 2	83 1	6 3	5 3	19 2	89 1	36 1	92 3	56 4	98 6	3 1	68 1	65 1	2 2	69 2
38 1	41 3	74 4	19 1	42 1	70 2	36 1	32 1	84 3	24 5	63 2	10 1	82 3	89 1	44 2	47 2	67 4	40 1	96 1	21 1	15 1	83 1	33 2	94 1	81 2	62 2	26 3	86 1	11 2	0 3	72 1	23 1	18 1	95 5	17 1	45 1	31 1	4 1	1 2	90 2	16 3	80 1	78 1	9 1	20 1	79 2	46 1	8 1	75 1	92 2	49 3	51 1	99 5	39 2	2 2	3 5	85 1	88 10	69 2	58 1	60 2	52 5	25 1	57 2	12 1	13 1	34 1	93 1	50 3	7 1	87 1	71 1	56 4	55 1	64 1	61 1	29 1	77 2	59 2	27 1	14 1	98 4	97 2	30 1	73 2	68 2	43 1	22 1	53 5	28 2	48 1	76 5	5 1	35 1	66 2	37 3	65 1	91 1	54 5	6 1
24 3	30 2	61 1	86 1	70 1	78 7	26 3	7 1	35 3	11 3	57 2	23 4	0 3	15 2	88 1	56 1	60 2	68 2	4 1	98 9	17 4	42 1	45 2	50 1	99 3	41 4	80 5	39 5	47 2	67 1	74 1	97 4	14 1	82 2	66 3	96 3	83 6	63 2	75 2	93 3	92 3	76 4	3 1	10 2	34 1	32 7	9 3	13 1	62 7	65 3	33 2	79 3	1 1	51 1	81 3	12 1	71 1	48 5	25 2	8 1	77 2	37 1	20 4	2 2	52 1	46 1	38 2	5 1	64 1	44 2	31 1	18 1	94 1	36 3	89 2	43 2	49 1	90 1	73 1	27 1	22 4	28 4	72 1	21 2	59 4	55 2	58 3	95 1	19 2	69 2	84 2	87 2	29 1	91 1	53 1	6 1	16 1	40 1	54 1	85 2
11 1	22 1	66 4	16 1	33 1	46 2	83 2	52 4	99 1	64 1	75 2	3 1	57 1	55 2	74 3	39 2	78 1	17 2	92 1	62 1	0 1	31 1	9 1	68 3	42 1	81 3	71 1	34 2	89 3	79 1	86 2	7 2	38 1	59 3	2 1	37 1	69 1	41 3	1 2	87 2	19 2	51 1	80 1	20 3	60 1	48 4	10 2	95 2	91 4	43 1	93 2	30 1	70 2	90 1	54 2	28 2	25 1	12 1	85 2	21 1	94 3	65 4	50 2	6 3	67 4	32 2	29 1	73 3	84 1	8 3	53 5	40 2	27 1	13 2	26 5	35 2	5 3	82 4	61 3	18 4	24 2	49 3	97 3	36 2	44 1	98 3	4 2	56 1	96 1	58 1	77 2	76 2	47 5	15 3	45 1	88 1	14 1	23 1	63 1	72 3
57 1	54 1	82 2	99 1	66 1	52 1	84 1	58 4	31 3	12 2	81 2	22 1	36 1	43 1	49 1	27 3	24 1	1 3	73 1	17 1	0 1	6 2	48 1	19 2	16 1	60 1	32 2	21 2	78 1	42 1	70 1	65 2	89 1	83 2	3 4	47 1	92 5	85 1	33 2	8 2	56 2	63 3	10 1	28 2	40 2	71 3	76 4	94 1	61 6	88 6	55 2	20 1	91 1	79 1	96 1	45 2	68 1	51 1	13 2	62 4	86 1	97 2	15 4	26 2	69 2	98 2	74 1	67 2	75 2	72 1	53 4	64 1	39 2	34 1	18 1	30 1	90 1	9 3	59 1	44 1	93 2	37 1	4 3	5 2	23 1	29 1	35 1	11 1	2 2	95 1	38 1	80 1	77 2	87 3	7 2	14 1	50 1	46 1	25 1	41 2
55 1	45 1	51 3	72 2	89 2	77 1	62 1	1 1	32 2	26 3	91 3	21 3	22 1	34 2	78 1	13 2	64 1	80 1	43 2	81 1	96 1	20 1	11 1	36 1	90 1	3 3	12 2	57 1	48 1	74 1	29 2	69 4	60 1	65 4	82 3	38 3	0 2	52 4	99 1	8 1	63 1	6 3	85 3	87 1	66 2	46 1	44 4	98 1	56 1	58 1	50 1	7 2	4 1	67 2	31 2	71 2	35 1	18 2	2 2	37 1	15 2	14 6	10 2	97 2	86 2	59 2	23 2	93 1	16 2	9 6	73 1	40 3	5 2	75 1	88 2	47 1	53 1	76 1	49 3	84 1	39 1	27 7	70 1	83 1	92 3	79 2	54 1	33 1	28 1	42 2	19 1	24 4	41 1	25 1	94 1	95 2	17 2	61 1	30 1	68 4
88 2	66 1	39 2	92 1	27 1	77 1	36 2	10 2	67 2	87 3	40 5	2 2	97 1	54 1	84 1	98 3	31 2	80 3	82 2	5 3	43 2	75 4	58 1	57 3	53 3	48 3	93 1	64 5	44 2	38 1	46 1	41 1	49 1	60 1	63 1	68 2	14 1	4 1	15 1	24 1	42 2	25 1	70 1	20 3	91 1	95 1	1 1	47 1	23 1	71 3	69 1	8 2	90 2	85 1	89 1	21 3	76 3	33 3	50 7	72 2	37 1	62 2	19 4	83 2	3 1	61 1	9 1	22 1	86 3	34 1	51 1	96 2	78 2	99 3	26 1	73 1	6 1	35 2	16 1	29 5	74 2	45 2	55 1	7 7	94 1	17 1	28 1	81 2	0 1	65 1	56 2	59 2	52 2	18 2	32 2	11 2	13 2	30 3	79 3	12 1
45 4	42 2	13 1	33 2	54 1	95 2	90 1	87 1	32 2	20 3	97 3	51 4	96 1	39 2	6 2	48 1	50 1	35 2	59 6	60 2	92 2	86 4	57 4	74 3	77 3	25 2	98 1	64 1	16 2	11 1	2 1	73 1	30 3	67 1	49 1	40 3	4 1	12 3	62 1	70 2	88 1	29 1	27 8	72 1	46 1	0 1	61 1	37 2	22 2	79 1	58 2	75 1	63 1	1 1	53 1	9 2	38 1	44 1	94 3	31 1	28 3	21 2	91 1	19 1	76 3	43 3	68 1	41 1	85 3	47 3	17 5	26 1	3 1	82 4	56 2	10 2	69 2	8 3	34 2	66 1	23 4	18 2	84 2	93 1	7 4	24 1	36 2	5 1	99 5	71 1	15 1	52 2	89 1	80 1	78 1	65 1	81 2	14 2	55 2	83 2
60 1	61 2	86 1	57 3	18 2	93 1	33 1	65 3	7 1	9 1	77 4	35 3	51 7	63 1	85 2	99 2	37 1	50 2	24 3	17 2	88 2	6 2	44 2	94 1	45 1	16 1	38 3	78 1	87 1	76 2	34 2	97 2	72 1	41 1	0 1	58 1	98 2	55 2	36 7	15 5	59 1	56 3	8 2	48 2	2 2	31 1	73 1	49 1	82 1	43 1	26 3	83 4	13 3	81 1	1 4	11 4	10 1	96 1	20 1	84 2	75 1	4 4	27 1	25 2	39 1	89 1	90 5	12 1	32 3	68 1	64 3	28 4	14 3	79 1	74 2	80 2	5 1	70 1	66 2	46 2	23 1	91 1	29 3	71 2	62 1	47 3	30 1	67 2	52 2	42 1	95 1	40 1	3 1	53 1	19 5	22 4	54 3	92 6	21 1	69 6
69 3	74 3	35 1	81 3	28 1	51 2	90 1	73 6	87 4	84 1	67 2	86 2	21 4	39 3	92 1	60 1	50 3	55 1	5 2	18 1	56 4	23 2	44 1	19 2	49 1	66 2	72 3	52 4	63 5	93 3	32 4	27 1	0 1	97 5	25 2	71 1	79 2	41 1	45 2	2 4	58 2	98 2	37 2	43 3	82 1	59 5	34 1	33 1	57 2	89 2	12 2	10 2	88 2	80 6	42 6	64 1	20 3	54 6	48 1	13 3	99 1	26 4	30 2	38 1	14 2	8 4	29 1	1 2	76 2	16 1	4 1	61 3	3 1	31 1	91 3	36 5	65 6	11 5	6 1	62 2	83 3	68 2	17 1	70 2	9 1	40 2	77 3	85 1	78 1	75 1	24 1	15 2	94 2	46 3	95 6	47 1	7 2	96 1	22 1	53 1
17 2	81 2	57 1	26 1	43 1	34 3	27 1	62 4	15 2	44 3	95 1	7 2	73 1	96 2	50 5	18 4	41 1	21 6	53 1	78 3	64 1	11 2	97 2	32 5	66 1	3 2	60 1	1 1	39 1	31 2	20 1	55 1	75 1	49 4	6 2	48 2	46 1	69 1	92 1	12 3	71 1	58 4	83 1	68 3	23 2	16 1	63 1	28 1	36 3	25 1	90 1	8 2	79 2	99 1	29 1	51 1	61 1	88 5	89 2	54 2	4 1	67 2	33 2	10 2	77 3	56 3	87 2	91 2	42 1	84 2	30 3	70 2	80 1	24 2	72 1	35 2	82 1	76 1	65 3	52 1	86 3	45 1	2 1	22 6	9 2	14 3	40 1	94 4	85 2	93 1	74 1	19 1	47 6	0 1	5 4	37 1	98 1	59 1	38 1	13 4
83 3	34 4	63 1	37 2	52 3	38 1	71 2	94 1	97 3	7 4	8 1	12 4	11 1	9 1	43 6	31 1	96 1	20 1	16 1	19 3	88 1	74 1	51 1	46 1	48 1	65 1	85 2	40 5	84 2	26 1	33 1	70 2	25 1	45 3	58 3	61 1	81 1	62 4	75 1	78 5	56 4	53 2	72 2	3 1	60 1	2 1	35 1	86 3	5 2	29 1	15 1	1 1	89 1	99 1	10 1	49 2	44 1	73 1	92 3	21 1	32 1	55 1	68 1	18 3	54 1	4 5	42 2	28 1	14 2	77 1	98 3	6 3	79 1	23 6	67 1	41 1	30 1	17 1	66 1	27 1	76 1	82 1	80 2	13 1	69 1	47 3	50 4	24 1	22 1	64 1	57 3	90 6	36 1	39 1	93 2	0 3	59 2	91 1	95 1	87 1
27 4	68 2	82 2	61 1	48 4	28 1	67 6	51 2	58 2	90 1	53 3	49 2	42 1	14 2	15 3	99 2	96 4	8 1	84 3	12 2	43 3	33 2	92 6	46 1	88 1	20 3	50 3	26 1	16 1	44 5	0 2	81 1	32 3	54 1	59 1	98 6	65 4	83 1	34 1	94 2	64 1	66 3	36 1	22 1	85 1	1 1	29 1	47 1	52 3	17 2	10 2	2 2	4 3	56 1	25 6	57 1	40 1	11 1	5 1	75 1	37 2	78 2	21 5	39 1	31 3	30 3	87 6	60 1	74 6	80 4	93 4	69 3	18 1	23 1	45 2	62 2	35 2	38 1	77 1	97 4	86 6	9 1	55 1	7 1	72 1	70 1	89 2	41 3	19 1	73 3	79 3	76 3	6 1	71 4	95 2	91 1	3 2	63 3	24 1	13 2
54 1	10 7	97 1	90 1	55 1	14 1	34 1	67 2	29 1	59 3	88 1	41 1	77 3	82 2	43 1	6 1	19 2	96 1	58 2	15 1	8 1	70 1	61 1	5 2	78 1	89 1	30 1	36 1	93 2	64 3	35 1	25 1	46 1	12 1	39 1	62 1	87 2	28 1	13 2	65 1	68 1	99 2	42 1	75 4	98 3	2 1	7 1	24 1	60 2	81 1	63 1	31 2	95 1	3 1	86 3	72 3	26 2	9 1	71 6	84 1	1 4	85 1	83 3	20 3	76 1	94 1	22 3	38 1	18 1	66 2	49 3	16 2	45 2	53 2	74 1	51 4	57 1	4 2	92 3	50 3	27 2	91 1	79 1	44 1	21 7	33 1	11 3	69 3	37 1	32 4	17 6	52 3	48 3	40 1	23 1	47 1	0 1	80 5	73 1	56 2
37 2	97 1	90 1	80 1	14 1	51 6	78 1	67 1	89 1	64 7	15 3	76 2	31 1	41 9	87 1	7 2	77 1	42 1	65 1	38 2	58 1	66 1	48 4	69 1	18 4	34 1	46 3	13 3	5 5	3 3	55 3	99 2	93 1	73 2	6 2	43 1	26 1	8 2	24 1	4 4	0 1	35 2	28 1	44 4	10 4	84 1	59 4	60 1	81 1	71 2	92 2	36 2	2 5	22 3	82 1	49 2	16 1	12 5	19 2	25 1	63 2	86 2	23 1	40 1	70 1	72 1	75 1	27 1	11 1	95 1	20 2	96 4	83 8	21 2	62 4	39 3	56 2	85 1	57 4	94 1	1 4	68 2	45 2	47 1	33 2	32 1	98 1	79 1	30 1	61 2	9 5	53 1	54 1	52 1	17 6	50 3	88 1	74 6	29 4	91 1
51 5	30 1	68 1	22 1	62 2	42 1	64 1	80 1	25 1	67 1	21 1	35 2	40 1	69 4	4 5	15 1	19 1	73 1	72 2	88 5	74 1	0 1	99 1	47 1	65 3	56 1	66 1	98 1	60 1	17 2	29 1	63 7	77 4	70 4	2 1	24 2	44 1	13 1	23 1	58 1	54 1	6 6	26 1	82 4	41 2	20 2	11 2	3 3	5 2	27 2	32 7	57 1	45 1	36 2	85 1	12 1	95 1	16 2	10 9	89 5	71 2	83 1	96 1	87 1	1 1	61 2	59 1	14 2	8 2	31 4	48 4	97 1	18 2	94 4	53 6	78 1	52 1	90 2	86 5	55 1	37 2	93 1	38 1	49 1	39 2	46 2	50 1	84 1	91 3	79 1	81 1	28 1	92 1	75 1	43 1	34 1	9 4	7 4	76 1	33 1
68 1	89 6	57 4	13 2	54 1	44 1	41 2	51 7	55 1	49 3	85 1	96 11	42 3	11 3	1 1	12 1	8 3	95 2	63 1	4 3	56 1	61 1	84 1	28 1	19 8	7 1	22 2	25 1	2 3	36 1	92 2	99 1	70 2	58 1	53 2	0 1	98 1	75 3	91 5	69 5	17 2	26 1	48 1	39 2	40 4	88 6	29 1	66 2	3 3	81 1	94 1	93 2	86 1	31 1	9 1	83 1	82 3	34 1	59 3	73 1	35 2	50 1	15 1	30 1	38 3	67 1	45 1	79 1	37 3	74 1	43 2	80 4	24 1	6 1	23 1	87 1	77 1	90 1	62 3	52 4	65 1	71 1	18 1	14 1	20 1	78 1	76 1	64 2	32 3	47 6	10 1	27 3	33 1	16 2	21 2	72 2	46 2	5 1	97 1	60 2
49 1	69 1	47 5	83 1	94 1	21 1	32 1	90 1	36 2	31 1	52 5	39 2	14 2	74 1	40 4	20 1	18 3	73 3	23 1	68 6	71 1	64 1	57 3	10 3	34 3	7 1	29 1	53 1	8 1	16 1	77 1	1 4	30 1	41 2	38 2	51 1	50 2	26 2	87 1	88 2	37 1	67 1	28 1	3 1	82 6	98 1	6 3	5 6	55 1	12 6	54 3	25 2	15 1	95 2	13 5	76 1	45 1	17 3	93 1	91 2	22 1	92 2	2 1	24 1	0 2	79 1	97 1	43 1	9 2	62 1	4 1	86 4	66 1	84 1	33 1	44 2	46 1	85 1	11 1	42 1	63 2	99 3	75 1	59 3	27 2	96 1	72 4	81 1	61 2	48 1	80 1	19 3	56 1	78 1	65 1	89 2	35 3	70 1	60 5	58 4
88 1	9 1	72 1	28 2	49 1	54 2	85 1	18 1	71 1	24 1	79 2	6 2	1 1	16 3	33 2	84 3	31 2	3 2	20 1	70 3	66 1	62 2	25 3	4 2	46 1	35 2	29 2	91 1	59 2	56 2	78 2	94 1	68 1	26 1	87 2	67 5	53 2	34 1	37 5	82 1	51 1	92 1	81 4	55 1	76 1	73 3	45 4	96 1	30 3	98 1	83 1	65 1	90 4	11 2	99 2	69 1	93 2	22 4	74 1	44 2	80 2	32 1	2 1	14 2	43 2	95 3	48 1	5 1	63 2	7 2	41 1	21 1	97 1	19 1	8 1	64 2	57 1	47 1	0 1	13 2	52 1	58 1	61 1	10 1	40 1	12 7	86 3	39 4	77 1	36 1	75 1	38 1	15 1	89 2	42 1	50 4	27 1	17 2	23 1	60 2
96 1	44 1	77 1	23 2	8 1	13 1	64 2	18 1	95 5	26 1	40 4	12 1	88 2	34 2	72 1	99 1	52 2	46 4	98 1	36 1	3 2	89 3	81 4	67 1	5 1	25 2	92 1	20 1	41 1	91 1	65 1	32 1	22 3	37 7	28 1	19 3	29 1	57 1	43 2	50 1	75 6	76 2	47 2	11 1	68 2	63 3	10 3	31 2	7 2	35 2	53 1	85 1	59 4	39 1	86 7	94 1	82 1	1 2	21 1	9 1	17 1	93 1	4 1	69 1	58 3	0 1	71 2	83 1	2 1	60 4	6 2	87 1	61 5	79 5	27 1	84 3	30 2	24 1	74 3	80 3	66 2	62 1	42 2	70 2	15 1	16 1	78 1	55 1	45 1	14 2	54 3	38 1	97 3	33 1	49 6	90 2	48 1	51 4	73 1	56 2
46 1	99 2	32 1	0 1	17 1	36 2	95 1	6 2	47 1	35 3	81 1	58 1	74 1	79 1	5 3	55 1	64 2	84 2	56 2	70 1	28 1	73 2	69 5	40 1	24 4	21 1	49 3	16 2	11 1	51 1	62 2	71 4	27 2	80 1	48 3	19 6	8 3	2 1	15 1	66 2	42 2	76 2	7 1	96 1	26 2	83 5	57 1	86 2	12 1	1 2	68 3	85 1	78 1	13 1	89 2	29 2	88 2	72 1	92 1	61 3	60 3	23 2	14 1	50 1	53 1	37 5	31 2	97 3	39 2	33 2	90 1	87 1	65 1	22 1	82 1	75 1	34 1	94 1	20 1	45 1	63 3	3 2	98 1	9 2	10 1	93 2	52 2	18 1	43 1	59 2	77 1	54 1	91 2	30 1	38 3	4 2	67 1	25 2	44 2	41 1
22 7	64 1	41 2	68 1	0 1	66 2	44 1	75 4	13 1	70 2	74 1	90 2	58 1	53 3	15 1	98 4	42 6	89 1	73 1	21 1	51 1	71 3	55 2	33 1	38 1	83 3	57 2	8 1	56 2	3 1	59 4	19 1	82 1	4 1	40 5	77 1	92 1	95 5	5 1	60 3	23 3	96 1	37 1	16 3	25 1	39 2	11 3	17 3	88 3	12 3	54 2	14 2	91 4	79 2	69 2	81 1	20 1	85 2	47 1	9 1	94 5	35 1	10 1	87 5	93 1	43 1	27 4	32 4	67 1	97 2	6 1	45 3	36 3	24 1	46 7	52 6	99 6	86 2	28 2	50 2	80 1	2 4	72 4	48 1	1 2	76 3	49 2	18 1	30 1	84 2	65 2	34 2	29 1	61 1	62 1	63 1	78 1	7 1	26 1	31 3
56 1	20 4	68 1	39 2	31 1	26 1	10 1	91 1	89 1	4 1	41 2	98 1	42 1	25 2	12 1	57 2	80 1	75 3	88 2	97 1	73 3	77 1	90 1	76 2	2 1	18 3	7 2	81 4	32 1	36 2	58 1	23 1	15 1	64 1	48 1	40 1	53 2	83 5	67 1	95 1	19 1	54 2	94 1	63 2	28 5	37 1	66 3	82 5	92 5	27 4	86 2	30 3	35 1	22 1	85 4	1 3	34 1	55 5	79 1	38 3	8 2	29 3	49 1	24 2	59 4	3 1	9 1	72 1	51 1	11 3	96 1	17 1	65 3	74 2	87 3	21 3	84 1	44 1	52 1	43 1	46 1	70 1	6 3	93 1	47 1	78 1	60 2	5 2	62 3	16 5	61 1	33 1	69 1	13 2	99 1	71 1	0 1	50 2	45 6	14 3
21 1	32 1	61 1	33 1	37 5	51 2	17 1	77 1	3 1	26 3	10 2	8 1	22 4	90 3	0 1	76 3	53 2	86 1	15 4	25 1	89 3	98 1	92 1	20 3	27 1	52 1	14 1	30 1	94 3	6 2	91 1	23 2	28 1	50 2	55 1	72 3	81 1	68 2	35 3	70 3	48 2	63 1	74 4	44 1	24 1	66 1	80 4	54 1	43 1	47 2	36 4	87 3	42 2	11 3	65 1	58 3	4 2	56 1	5 2	67 1	38 2	79 2	71 2	13 1	78 5	45 3	29 2	31 2	46 1	18 2	1 1	97 3	34 2	75 1	95 2	41 1	96 1	82 1	9 1	12 1	2 6	69 2	19 1	49 2	62 6	83 5	88 2	59 2	39 1	99 1	93 2	40 1	85 5	73 2	84 2	16 1	7 1	64 1	60 1	57 1
99 2	71 1	11 1	5 3	12 3	64 1	46 5	37 2	33 2	45 3	3 2	8 1	86 1	49 2	96 1	31 2	52 4	39 1	69 1	50 2	4 1	85 4	76 2	36 2	81 2	61 1	10 2	97 1	22 1	58 6	38 1	1 3	78 2	77 1	26 1	34 1	56 1	21 1	73 6	94 4	54 2	9 1	16 2	35 4	42 1	6 2	60 1	55 1	2 2	82 1	62 2	59 2	93 3	20 2	48 4	29 1	84 2	88 1	18 3	68 2	27 1	79 3	7 1	91 1	72 1	32 2	40 1	28 2	41 1	47 2	43 5	14 1	80 1	89 5	67 3	83 5	98 1	0 1	65 1	87 2	70 1	74 2	23 2	25 1	92 1	44 1	19 1	17 1	51 1	66 1	75 1	90 1	30 2	13 1	95 2	24 5	57 2	63 1	15 3	53 1
30 3	82 4	60 2	50 1	31 2	22 2	52 3	62 3	72 1	86 6	7 1	1 1	80 1	65 3	66 8	48 3	73 3	49 1	88 5	16 1	99 3	19 1	40 2	96 1	41 1	42 2	94 1	77 3	34 1	24 3	81 3	43 1	27 3	78 5	70 1	37 1	38 4	20 7	84 5	95 1	68 1	64 4	9 2	23 2	45 4	39 1	71 1	56 2	63 1	74 4	59 3	5 4	15 1	76 5	53 1	3 2	54 2	51 3	58 2	6 1	28 1	98 4	55 4	44 2	2 1	93 2	89 4	18 2	90 1	67 5	46 1	83 2	13 1	61 1	91 1	33 2	8 1	25 1	12 1	35 1	0 5	26 1	4 2	87 4	92 2	14 2	21 1	32 1	75 1	69 1	17 3	85 2	97 1	10 1	57 2	79 1	11 2	29 3	36 1	47 2
3 2	56 5	5 2	44 1	63 1	37 1	88 5	28 4	26 1	84 1	61 2	22 3	45 1	11 1	75 1	16 1	49 1	7 1	19 1	20 1	86 2	8 1	96 1	55 1	47 2	85 3	46 2	25 1	12 1	52 3	31 2	14 5	17 4	30 2	76 1	92 2	68 1	65 2	40 6	24 1	58 2	69 1	80 1	4 1	50 1	0 4	93 1	77 2	91 4	48 1	33 2	62 1	35 1	81 3	41 1	29 3	70 5	72 10	64 2	10 1	95 4	97 1	9 7	32 1	18 1	36 2	1 2	94 1	51 2	2 1	66 3	42 5	13 2	38 1	78 1	59 1	6 2	74 6	34 1	90 1	27 2	79 2	89 1	43 1	23 1	60 1	73 5	54 2	53 4	98 1	83 2	57 2	87 1	71 2	39 1	67 1	21 2	82 4	15 1	99 1
95 1	37 3	11 1	3 1	16 1	59 2	85 1	93 2	57 2	6 3	28 2	25 2	41 1	81 2	94 1	31 2	35 2	88 2	82 2	12 2	40 1	0 3	79 2	4 9	54 1	42 1	53 1	96 1	49 1	21 1	74 2	23 1	97 4	22 3	65 5	34 1	32 2	69 3	99 3	8 3	26 3	67 1	51 2	50 1	58 2	39 2	18 3	47 4	75 1	45 1	44 1	48 1	66 4	71 1	90 2	76 4	92 1	46 1	55 1	43 5	68 7	86 4	62 2	77 2	60 1	89 3	80 1	5 2	1 1	63 1	87 2	98 5	64 4	72 1	33 1	2 1	17 3	27 4	52 1	13 1	19 2	10 2	38 1	29 2	70 1	56 1	20 1	61 2	78 1	36 1	83 1	15 1	84 3	7 1	14 2	9 1	30 6	73 1	91 1	24 1
70 2	60 1	64 2	31 3	24 1	8 1	67 2	0 2	55 1	80 4	41 6	23 3	9 3	17 2	33 2	61 1	15 3	1 1	37 1	73 1	99 1	54 1	93 1	2 1	51 1	88 1	48 5	69 3	72 5	5 1	74 3	29 1	65 1	27 2	19 3	25 4	98 1	22 5	83 3	96 2	52 1	86 1	57 1	46 1	71 2	53 1	91 2	39 1	79 1	82 4	85 1	95 1	26 1	94 2	7 2	36 1	43 1	38 1	40 2	20 2	84 2	21 6	11 1	75 1	63 2	59 1	47 2	28 2	89 1	34 1	78 4	14 2	58 1	66 1	81 2	49 3	45 1	77 2	32 2	6 1	76 1	68 1	92 2	18 1	62 1	3 1	16 1	4 3	87 3	44 1	13 1	97 1	12 3	35 4	90 1	50 1	10 1	42 1	30 2	56 1
6 1	38 2	39 1	71 1	93 3	12 1	11 5	51 5	58 2	19 2	42 2	30 8	28 2	0 1	62 1	31 4	82 1	44 2	78 3	22 1	60 1	65 2	13 2	9 1	25 4	47 1	98 2	45 2	64 5	72 1	41 2	74 4	96 1	89 1	48 2	57 2	54 1	34 1	7 1	83 4	4 1	66 1	2 1	80 1	17 1	50 1	8 2	29 2	94 1	56 2	23 1	61 1	55 3	32 7	49 3	85 1	36 1	91 2	68 1	33 1	52 1	79 3	16 1	20 1	67 1	14 2	43 1	99 4	88 1	27 4	95 2	70 5	97 2	59 1	76 2	75 3	3 4	40 2	81 1	69 1	63 1	10 3	26 1	5 1	84 1	18 2	90 1	86 7	92 5	24 5	1 6	87 2	37 1	35 3	21 2	77 2	46 2	73 1	53 3	15 1
60 1	4 2	28 3	15 2	45 1	54 1	63 1	53 1	3 2	69 1	48 2	1 1	70 1	78 1	22 1	19 1	88 1	72 1	83 3	30 1	31 2	27 1	17 1	2 2	47 1	55 1	59 1	77 3	50 6	92 2	90 1	99 8	66 2	79 2	95 7	20 1	25 2	80 1	97 3	52 2	0 1	76 2	89 2	13 2	40 1	5 1	34 2	32 1	43 2	67 1	51 3	85 3	18 1	87 3	75 1	41 3	74 1	16 2	81 1	64 1	65 1	84 3	57 1	24 1	49 2	39 3	36 2	9 2	96 1	46 2	14 2	21 2	62 1	44 7	37 4	61 1	93 2	42 1	82 1	56 1	58 3	10 4	38 1	73 2	98 3	35 1	7 4	29 2	12 3	94 3	33 2	71 1	23 1	8 1	6 3	26 1	86 1	68 1	91 2	11 1
65 3	70 3	20 1	53 4	12 3	18 2	22 4	0 2	92 2	36 4	7 1	66 3	83 3	8 9	62 3	69 1	46 2	30 4	72 1	3 2	24 6	33 7	43 2	71 4	81 3	45 1	94 2	2 1	25 3	57 3	76 1	15 1	96 1	38 1	60 1	35 2	21 1	88 2	17 1	89 1	79 2	85 1	50 2	54 1	11 1	16 1	77 1	44 3	55 4	23 2	61 2	40 2	75 1	27 1	82 2	14 1	67 3	9 1	26 1	99 7	97 2	39 1	68 1	87 3	74 2	98 1	28 1	41 1	80 1	73 3	49 1	32 1	10 1	6 1	64 1	78 1	1 2	59 1	42 2	5 2	37 1	13 1	56 2	34 3	51 5	19 1	48 2	90 1	52 2	4 3	86 1	63 1	47 2	91 1	93 2	95 2	29 1	31 1	84 6	58 1
40 2	66 1	62 1	31 1	46 4	45 2	73 1	91 2	23 1	57 2	36 2	26 1	74 2	87 1	10 1	81 2	14 4	48 1	98 2	80 1	24 1	32 3	16 2	77 2	54 3	59 2	53 2	39 3	56 2	96 2	27 3	49 2	61 2	94 1	20 4	99 2	9 1	25 2	70 4	28 1	65 4	52 2	17 4	88 5	44 2	85 3	90 2	37 1	79 3	86 3	47 3	11 2	4 3	93 3	67 1	76 1	68 4	30 6	29 6	69 2	97 2	38 1	21 3	71 1	18 4	41 1	60 2	55 1	2 1	12 5	3 1	6 3	51 3	64 4	72 1	33 1	34 2	8 2	82 3	43 1	58 2	13 3	89 1	84 2	78 2	15 2	50 2	7 2	83 1	42 1	1 1	63 1	19 2	92 1	22 2	0 1	95 1	75 3	35 1	5 1
14 1	70 2	28 1	87 1	2 1	33 4	96 2	80 2	69 1	54 6	97 4	30 3	24 1	53 1	18 1	92 1	58 3	77 1	57 1	81 1	5 3	59 2	63 5	61 2	13 2	73 1	60 1	79 2	0 1	17 3	74 4	64 2	66 3	93 1	41 1	72 1	45 2	51 1	31 6	8 2	89 1	19 2	9 3	68 1	29 1	38 2	98 1	7 4	21 2	62 5	56 2	85 1	23 1	48 2	32 1	10 5	90 1	44 2	39 3	82 3	46 2	26 2	94 1	95 2	42 2	47 1	52 1	99 1	34 2	11 2	65 1	84 1	27 3	35 1	6 1	3 1	12 2	75 2	78 4	91 2	67 1	76 10	71 5	1 3	50 2	43 3	86 2	36 1	15 2	83 1	55 1	4 6	88 2	40 2	16 1	20 1	22 4	49 7	25 1	37 1
32 1	6 3	1 3	44 1	72 1	37 1	2 4	23 1	73 2	28 1	11 3	91 1	42 2	86 3	62 1	22 2	47 2	0 1	76 1	96 1	92 3	59 1	8 4	31 1	69 3	45 3	65 1	82 1	17 3	84 2	50 3	49 1	87 4	53 5	51 2	94 3	63 1	27 5	30 1	70 2	29 5	36 1	34 3	93 2	77 2	71 1	79 1	46 1	54 1	64 2	20 4	99 1	14 3	26 2	7 3	57 1	97 2	81 2	60 1	35 2	56 3	41 2	38 1	3 5	33 1	78 3	85 2	89 3	83 1	80 3	16 1	10 2	12 6	61 1	4 3	90 2	88 1	13 1	19 4	18 1	9 3	75 1	74 4	98 8	55 1	25 1	52 2	58 3	40 2	39 2	67 5	15 5	95 1	48 1	21 1	68 4	43 1	24 3	66 1	5 3
74 1	48 4	12 4	61 1	29 3	17 2	96 2	27 2	14 3	24 1	10 2	41 1	60 2	46 2	37 1	40 2	88 2	25 1	33 1	56 2	36 1	15 1	47 3	71 5	69 1	77 1	6 3	97 2	51 4	44 2	81 1	93 1	49 1	39 1	80 1	73 6	91 1	57 1	53 2	38 1	87 2	34 2	68 3	63 3	19 2	72 1	99 9	18 5	66 1	84 1	4 2	86 1	26 2	59 1	82 1	76 5	78 2	21 1	85 1	31 2	16 1	89 1	92 1	64 3	55 2	28 1	13 7	50 1	58 2	8 2	2 2	1 4	83 2	3 4	32 2	98 3	70 4	67 1	52 4	54 4	62 5	75 3	11 1	45 1	65 2	23 1	79 1	94 2	30 7	90 1	43 6	20 2	7 1	42 2	0 3	35 5	95 1	5 4	22 2	9 3
0 2	42 1	38 1	33 1	92 1	72 3	51 1	74 1	68 1	71 1	27 1	61 1	63 4	85 2	79 4	58 1	65 1	5 1	18 3	91 1	3 2	11 1	81 1	24 2	47 2	15 2	52 1	93 1	28 1	89 2	19 3	23 2	32 3	99 1	77 2	41 2	40 1	22 1	70 3	54 5	35 1	14 1	97 2	56 4	30 1	26 1	36 3	29 1	94 1	90 3	82 1	50 1	7 1	78 1	87 2	73 3	75 1	69 1	34 2	9 2	48 4	6 1	95 1	21 1	44 2	76 4	8 1	84 5	60 1	88 1	12 1	31 1	37 6	13 3	62 1	83 2	96 3	17 2	46 1	39 1	80 3	64 1	25 1	4 1	67 1	45 2	66 2	43 2	10 3	55 1	2 1	86 1	16 4	49 5	53 3	59 2	98 1	1 2	57 1	20 1
