100	40
9 4	20 1	15 1	6 1	28 3	30 2	8 5	2 1	39 1	22 2	0 1	1 4	19 2	33 4	36 2	31 1	26 1	24 1	21 1	4 1	37 2	12 1	3 2	29 1	17 2	34 2	18 2	38 2	32 2	10 2	7 1	35 2	5 2	11 1	13 1	23 2	14 1	16 1	27 1	25 2
13 2	37 3	3 1	11 1	12 3	29 2	31 1	7 2	14 1	25 6	36 4	23 1	4 2	22 3	6 2	0 2	34 1	33 1	15 1	30 3	16 2	24 1	17 1	26 3	2 1	9 1	38 5	8 1	5 1	20 1	21 3	35 2	39 2	28 1	1 2	18 1	10 2	32 1	19 5	27 2
15 1	38 2	13 4	20 2	11 1	31 3	17 3	14 3	28 1	33 1	10 1	19 7	3 1	5 2	6 2	29 1	37 3	26 5	12 1	24 1	36 2	0 1	21 2	1 1	35 1	8 1	34 3	2 4	9 2	39 1	4 1	23 1	22 1	27 5	16 1	32 1	25 2	30 1	7 2	18 1
16 2	20 1	18 7	27 3	32 2	38 3	13 1	4 2	17 4	24 6	12 1	3 2	10 1	33 1	15 1	26 1	34 1	9 1	14 1	7 1	11 1	23 4	8 3	28 3	21 1	37 2	1 1	30 1	19 3	22 1	0 2	31 1	5 1	25 2	2 1	35 2	39 2	6 1	36 3	29 1
27 1	32 1	36 1	16 2	12 3	0 1	5 1	11 1	7 1	28 1	3 1	33 3	31 1	15 1	17 2	21 2	14 2	24 2	10 2	29 2	1 1	19 5	20 2	18 2	38 1	13 1	9 5	4 1	23 1	30 2	2 4	34 1	8 1	25 1	39 2	6 2	26 1	35 4	37 3	22 3
2 2	23 5	5 2	11 4	34 2	36 1	33 1	8 1	21 6	28 1	10 1	12 1	27 1	22 2	20 3	6 1	29 1	25 3	14 1	17 1	32 1	31 4	13 2	4 4	38 2	30 2	19 3	37 1	18 2	35 1	7 1	39 4	1 1	16 2	26 1	3 2	24 1	0 1	9 2	15 3
8 2	38 2	3 1	36 2	33 1	27 1	39 2	11 7	21 3	5 5	34 1	12 1	18 1	22 1	24 2	16 1	23 4	0 2	32 4	37 1	20 7	30 4	15 1	26 2	19 1	10 5	13 1	31 1	6 2	1 4	9 4	35 6	29 3	17 4	7 1	2 1	28 1	4 2	14 3	25 6
30 1	28 1	37 2	36 4	26 1	21 1	11 2	14 1	1 1	25 5	15 1	8 2	35 1	24 2	39 1	29 1	38 2	33 2	18 1	13 2	6 1	20 3	17 1	2 1	10 2	31 1	23 2	12 2	19 1	7 1	5 1	4 1	27 1	9 1	16 3	0 1	32 2	22 1	3 1	34 1
33 2	7 2	23 3	24 1	32 3	18 1	14 1	37 5	19 2	0 3	34 3	17 3	1 2	38 3	15 2	26 2	20 4	12 1	16 2	2 1	9 2	5 1	39 1	27 1	22 1	36 3	10 3	35 3	11 1	30 5	13 1	4 1	21 1	3 1	6 2	28 2	31 1	29 1	8 2	25 3
5 3	34 1	33 1	25 2	0 4	21 2	22 3	4 1	8 1	1 1	27 2	35 1	23 2	15 1	14 4	24 3	11 3	2 1	28 2	16 1	3 1	9 3	30 1	10 1	13 1	37 3	6 2	20 1	18 4	31 1	38 1	7 2	36 1	32 1	39 2	19 1	26 1	17 1	12 2	29 3
28 1	20 1	8 4	16 3	17 2	23 1	26 1	29 4	1 1	11 6	18 1	24 5	12 1	6 2	31 4	32 1	35 1	2 1	10 1	25 1	21 1	5 5	36 1	39 5	14 2	33 3	19 1	30 2	15 1	27 2	34 2	7 1	22 2	9 2	3 1	37 4	0 4	13 2	38 4	4 1
19 2	17 2	1 1	25 1	39 2	3 1	35 3	6 1	8 3	16 1	37 2	23 2	13 1	31 1	9 2	22 2	0 2	20 3	7 2	5 1	28 3	11 1	33 1	14 1	29 2	36 1	10 6	34 3	38 3	4 2	24 1	15 2	2 3	18 1	21 2	12 1	30 1	32 2	27 4	26 2
37 3	16 1	4 1	31 1	7 2	22 4	25 2	8 3	33 2	2 1	13 1	0 1	28 2	27 1	38 1	10 1	18 2	20 1	23 2	9 1	26 1	32 1	34 1	1 3	19 1	30 2	5 2	21 1	11 2	39 1	3 3	17 1	14 1	35 4	36 1	6 2	29 2	15 1	24 1	12 1
34 1	11 11	23 1	12 1	8 2	3 4	10 3	35 1	28 3	2 4	39 4	5 2	26 2	27 3	1 3	13 3	21 1	6 4	17 2	38 2	33 1	4 1	7 3	15 3	31 5	0 6	16 3	25 8	19 2	29 2	22 1	37 1	32 1	14 3	30 1	9 1	18 2	36 2	24 1	20 1
38 3	3 1	39 2	7 3	6 3	9 2	2 1	20 1	5 2	19 1	31 1	28 1	29 3	16 3	4 3	11 1	24 2	30 1	26 6	13 3	33 1	10 3	34 2	27 1	37 3	23 1	36 1	18 3	1 6	22 4	15 2	17 1	21 3	32 4	14 2	0 5	8 2	25 3	12 1	35 1
21 1	16 2	1 2	18 2	38 1	10 4	35 6	8 3	30 7	25 1	32 2	31 3	28 1	22 1	15 2	19 1	4 1	7 2	14 3	23 8	12 2	39 1	34 2	24 1	20 1	5 1	13 6	17 3	6 2	29 1	3 1	27 3	0 5	11 1	2 1	37 1	33 1	36 1	9 3	26 4
38 4	29 1	13 3	24 3	16 1	23 1	15 4	22 1	30 2	12 3	35 2	2 2	14 3	34 1	17 2	33 1	25 1	31 2	4 1	9 1	37 2	28 2	5 3	36 1	26 1	0 6	1 1	27 1	10 2	11 2	19 1	39 1	21 1	3 1	32 3	18 1	8 2	20 2	7 1	6 2
11 5	38 2	4 4	6 1	31 1	24 2	36 2	2 1	26 7	23 2	17 1	15 1	9 1	21 1	12 7	19 1	29 2	39 1	25 1	33 1	14 1	35 2	16 1	1 1	37 1	30 1	5 2	10 1	32 3	8 1	34 4	13 3	27 1	28 4	0 1	20 3	3 2	7 6	18 1	22 2
1 1	21 3	27 2	16 1	28 1	7 3	5 3	20 2	19 1	3 4	33 1	8 11	35 1	15 1	31 1	24 1	29 1	32 1	37 1	10 1	26 2	6 2	2 1	30 1	39 2	22 1	38 2	36 1	25 2	34 1	18 1	14 4	23 2	13 1	0 2	12 3	17 1	4 2	9 1	11 1
1 2	27 5	7 1	11 2	36 2	29 1	4 1	16 1	3 2	0 1	9 1	20 1	22 1	10 1	17 8	13 1	15 2	31 3	30 1	2 3	39 1	18 1	32 2	25 2	34 1	6 2	21 2	28 1	38 2	35 2	26 2	33 3	37 6	5 2	19 1	8 2	24 1	23 2	14 2	12 1
2 2	29 2	36 1	4 2	31 1	28 1	0 5	19 4	34 1	27 1	39 2	3 2	24 1	32 3	25 1	38 2	23 4	14 4	20 5	22 1	8 5	30 1	17 1	26 6	5 1	6 4	33 2	13 2	10 1	11 1	16 1	37 1	15 1	12 4	7 4	9 2	18 3	21 4	1 1	35 2
36 3	19 1	1 2	29 1	5 4	38 2	2 2	24 2	25 5	8 1	26 2	28 1	7 1	33 1	6 3	35 2	4 1	18 1	14 5	22 3	16 2	37 2	11 4	23 1	31 1	15 2	3 1	20 2	10 1	12 1	21 1	34 2	27 1	0 2	30 1	17 1	13 1	32 1	39 2	9 2
15 1	31 2	4 4	2 1	24 1	19 1	6 1	28 1	39 2	13 5	8 1	26 2	12 3	14 2	30 10	9 1	27 3	32 2	10 1	25 2	1 1	5 3	18 2	37 3	36 2	7 1	22 1	35 3	21 1	17 4	34 4	23 2	33 3	11 6	0 1	29 3	20 2	3 8	16 2	38 1
0 1	9 1	16 1	25 1	26 1	24 2	35 2	31 3	29 1	21 1	7 1	2 1	34 2	18 1	27 1	19 2	33 1	6 1	10 1	8 2	1 2	23 2	32 2	3 3	39 1	14 1	11 1	30 2	20 1	5 1	28 2	36 2	13 1	12 2	17 3	22 1	4 2	38 2	37 1	15 2
6 1	23 1	4 1	21 1	12 2	27 1	2 1	25 1	28 3	32 1	39 1	10 1	33 2	36 1	13 1	0 5	24 1	8 3	17 2	18 1	20 1	11 2	1 2	5 1	3 1	22 1	9 3	26 8	29 1	7 2	31 2	19 1	34 1	37 1	30 1	38 1	14 2	16 1	35 1	15 1
38 2	30 1	0 1	37 2	26 1	29 1	16 2	1 1	5 1	39 3	32 4	18 1	23 1	2 1	13 3	22 6	17 1	12 5	19 3	10 1	35 1	9 2	6 2	15 3	14 3	7 1	34 2	31 2	20 2	4 3	33 1	24 5	21 1	8 1	27 1	36 1	28 4	25 1	11 1	3 2
7 1	11 2	17 1	34 4	39 3	9 1	31 2	27 1	1 2	0 1	36 2	8 1	15 1	4 2	24 3	3 2	23 1	16 1	37 3	26 3	2 1	38 1	33 1	14 4	6 6	5 1	35 1	22 1	28 3	13 2	12 2	10 1	30 2	29 3	18 2	21 6	20 2	19 3	32 1	25 3
13 1	0 1	9 5	20 1	15 1	24 2	23 1	10 1	21 6	32 3	3 6	34 1	29 1	17 3	39 3	12 1	18 3	7 6	38 3	2 1	35 3	26 2	8 1	11 1	36 1	14 1	28 1	30 2	22 2	37 2	25 3	16 2	31 1	6 6	19 3	4 4	1 4	27 1	5 2	33 1
22 1	3 1	32 1	12 2	25 1	30 2	18 2	9 1	33 4	36 1	31 1	21 2	35 1	4 1	19 4	15 2	29 1	24 3	20 2	38 3	17 2	8 1	37 5	16 1	6 3	23 3	14 1	26 1	27 1	2 1	5 1	11 1	1 1	28 1	13 1	7 2	10 2	34 1	39 1	0 1
39 1	30 3	7 1	4 3	23 1	29 2	9 1	38 1	13 3	6 1	37 2	22 1	20 1	15 3	2 2	27 3	1 2	17 6	21 2	36 2	28 2	0 1	31 1	35 3	34 3	24 1	19 1	18 1	10 1	16 1	32 2	26 5	12 7	5 1	11 1	33 1	25 2	3 6	8 1	14 1
15 4	30 3	9 2	5 2	18 3	31 2	2 3	23 2	24 2	13 3	28 2	21 7	22 4	34 1	25 1	4 1	11 1	35 4	16 1	26 1	10 3	32 1	27 1	8 1	6 1	37 1	0 1	17 2	36 5	14 7	20 1	3 1	12 3	33 2	7 2	39 1	19 1	1 3	38 2	29 2
19 3	13 1	5 1	29 2	17 4	32 4	15 1	33 1	30 1	18 1	8 1	35 3	38 1	20 1	26 2	14 2	28 1	12 2	6 1	4 4	37 1	31 2	10 1	27 1	16 2	22 2	3 3	24 1	21 2	39 5	7 1	1 2	23 1	34 1	11 2	25 2	0 2	36 2	2 1	9 1
18 1	39 1	15 3	17 1	1 2	11 3	36 1	31 5	26 1	32 3	12 1	27 1	25 1	6 4	16 2	19 1	20 2	10 1	21 1	28 2	7 1	3 1	2 1	23 2	24 2	14 7	35 1	22 1	34 1	37 1	33 1	13 1	5 1	4 2	30 1	38 1	8 4	9 1	29 7	0 3
0 6	19 1	34 3	6 1	21 3	3 2	38 3	39 3	31 1	4 2	23 1	14 2	35 4	10 2	13 1	1 1	29 2	16 4	37 1	9 3	11 1	28 3	18 1	30 1	36 2	24 4	26 3	7 1	8 1	27 1	2 1	12 1	32 3	25 3	17 1	33 1	20 1	5 1	22 3	15 1
29 1	22 1	14 6	2 2	32 5	31 1	9 2	17 4	8 1	13 5	7 1	16 1	1 1	37 1	24 1	20 2	27 1	25 3	4 2	5 1	15 1	39 1	21 1	23 3	18 1	33 3	34 2	36 2	26 5	35 1	38 2	30 3	10 3	28 1	19 1	3 2	0 2	11 1	6 2	12 1
28 1	8 6	29 2	11 3	24 7	3 2	14 2	7 1	5 1	9 2	16 1	33 4	10 2	21 3	25 1	27 3	18 1	34 2	23 1	36 2	38 2	0 1	17 1	1 3	19 1	37 4	20 7	26 1	6 1	35 2	31 1	13 1	32 1	39 1	2 1	15 9	4 3	12 1	30 2	22 1
39 1	21 1	15 1	24 2	14 1	3 1	35 1	38 2	19 2	20 2	0 1	26 1	29 1	13 1	23 1	16 1	22 1	7 1	2 1	4 6	11 4	9 2	1 2	33 12	10 1	32 3	28 1	27 2	34 1	37 2	18 2	36 5	8 3	31 3	6 1	17 2	25 1	30 1	12 2	5 6
19 1	31 1	6 1	24 1	0 1	12 1	9 6	21 1	22 4	14 1	8 1	29 4	36 1	26 5	1 1	3 3	28 2	17 1	23 1	7 1	25 1	5 2	20 1	4 9	11 8	30 1	13 3	2 1	34 1	35 2	38 5	39 4	32 5	37 2	18 1	16 2	27 2	10 1	15 2	33 1
34 2	33 1	25 9	3 1	5 1	10 1	26 2	2 1	7 1	29 2	37 1	23 3	32 2	22 2	1 1	18 1	13 2	17 2	12 2	9 4	38 2	16 1	31 1	19 1	39 1	30 2	36 4	11 1	4 2	6 2	24 3	28 1	15 2	35 7	20 1	27 1	8 1	21 1	14 2	0 1
18 1	17 2	27 1	2 6	0 1	34 2	19 1	14 1	15 1	24 2	7 1	35 1	23 1	38 1	25 2	13 1	37 1	11 1	30 2	3 1	29 1	12 3	8 6	26 2	32 2	16 1	5 1	21 1	22 3	10 1	28 1	1 2	6 2	4 2	33 2	31 2	39 1	20 3	9 1	36 1
19 1	10 1	2 2	1 1	3 2	5 4	14 3	17 3	6 2	11 1	35 3	12 3	8 1	0 1	4 1	9 6	30 1	13 4	15 1	29 1	36 4	25 1	28 1	38 1	22 1	7 5	27 2	31 1	18 1	33 1	37 1	16 2	20 2	23 1	24 2	32 3	21 3	34 2	26 4	39 1
29 2	33 3	37 2	2 3	32 1	8 1	24 2	19 1	16 3	3 2	12 2	10 2	26 2	0 1	31 2	23 5	36 1	15 3	38 3	4 4	7 3	11 1	17 4	25 1	13 1	1 1	6 1	22 3	28 1	18 2	34 1	21 1	14 1	5 3	35 1	20 1	39 1	30 2	27 1	9 1
36 3	31 7	19 2	39 1	8 2	33 1	15 1	34 4	18 1	23 2	30 4	25 1	27 2	13 1	28 2	17 2	10 1	16 5	22 2	32 1	4 1	20 6	21 1	6 1	29 2	14 3	11 3	37 3	24 1	1 1	3 1	26 1	12 6	9 1	5 2	7 1	35 1	0 2	38 1	2 2
23 2	22 1	39 1	5 1	36 1	12 1	9 5	19 1	10 3	35 1	26 1	21 1	25 2	13 4	2 2	1 1	31 1	16 7	4 2	33 1	24 1	28 2	18 1	34 2	32 1	38 1	29 2	7 5	11 2	6 1	3 2	17 1	15 1	14 2	20 6	8 2	0 1	27 4	37 1	30 1
1 3	18 8	20 2	37 1	32 1	8 2	25 3	28 3	4 2	15 1	7 1	2 1	33 2	13 2	22 1	39 2	0 1	19 4	12 5	11 2	5 3	30 2	16 1	9 1	36 1	35 4	34 2	17 3	38 2	10 3	3 1	31 1	21 1	6 1	23 1	27 1	14 1	29 5	26 2	24 3
37 1	11 1	3 2	19 1	32 3	29 2	1 1	9 1	8 1	20 3	6 1	14 1	22 2	31 3	15 1	7 1	4 4	26 1	2 1	12 1	23 3	21 2	36 2	33 3	17 2	5 1	38 3	18 1	28 1	35 2	27 2	24 2	10 2	0 5	16 1	34 2	13 1	30 3	39 2	25 4
22 6	8 4	14 1	35 2	0 1	15 1	4 1	37 2	10 1	7 3	32 2	19 1	31 2	18 3	29 1	13 1	38 2	33 1	12 4	3 2	5 1	9 1	25 1	11 3	23 1	34 1	2 2	39 2	30 1	17 1	21 1	20 1	26 1	28 1	1 1	36 1	16 2	27 1	6 5	24 2
28 1	13 1	37 1	38 3	8 1	35 6	4 1	15 2	20 1	34 1	22 3	0 2	30 2	2 2	39 1	14 1	25 1	6 1	36 1	26 1	31 2	33 2	29 2	10 1	18 1	16 2	12 2	11 2	5 2	32 1	7 4	21 1	17 1	27 1	9 2	1 1	24 2	23 1	3 2	19 1
38 4	12 1	27 3	20 2	28 6	29 1	16 1	5 5	6 1	1 1	22 4	36 6	7 1	37 2	4 2	10 3	23 1	9 1	13 1	14 5	34 2	3 3	25 1	0 1	2 1	30 2	32 2	11 2	33 2	18 1	35 2	39 1	17 1	19 1	21 1	8 1	24 2	26 1	31 1	15 1
30 1	23 1	3 1	0 2	31 1	1 1	21 3	7 2	28 6	24 2	38 2	25 2	37 1	12 3	32 1	17 2	4 1	9 3	10 2	19 2	35 2	22 2	27 3	8 1	15 1	2 3	16 1	5 2	33 1	29 1	39 1	11 2	34 1	13 2	14 3	18 2	36 1	20 2	6 2	26 3
20 1	35 1	6 1	38 1	34 3	32 1	27 2	10 5	4 1	9 1	16 3	28 1	1 2	5 1	31 4	18 1	7 1	2 4	36 1	33 3	14 2	39 3	0 1	17 5	11 3	15 1	12 1	19 1	8 1	37 3	23 1	30 1	24 2	26 3	21 1	3 2	13 3	29 2	22 1	25 1
12 1	0 3	38 2	33 2	1 1	14 1	2 2	13 1	9 2	23 4	16 1	26 3	27 1	7 2	25 2	22 4	21 3	11 4	3 2	10 1	20 1	4 1	15 1	29 3	31 3	35 4	32 1	24 3	39 2	5 4	6 1	17 2	34 3	36 3	30 1	19 1	18 2	37 1	28 3	8 2
34 1	35 2	4 2	17 1	22 2	37 2	3 2	39 1	16 1	1 1	32 1	8 1	27 5	31 1	24 4	5 2	11 1	30 1	10 3	6 4	20 2	19 1	33 1	15 1	7 2	38 1	36 1	21 5	23 1	29 1	14 1	12 1	0 1	2 2	18 1	25 1	13 2	9 3	26 2	28 1
13 1	39 4	3 3	31 3	38 1	0 1	5 1	7 1	18 3	23 2	24 1	34 1	4 1	14 1	16 1	1 1	20 1	8 3	15 2	19 3	17 1	28 1	37 2	6 2	11 2	25 1	27 1	26 1	29 1	9 2	32 1	12 8	2 1	33 1	30 2	35 1	10 1	22 1	21 2	36 9
15 1	33 2	10 5	19 1	14 1	5 4	1 1	9 2	25 1	28 2	0 2	34 3	26 4	11 1	13 2	3 1	8 2	2 3	16 1	29 3	7 4	37 1	17 1	6 1	24 1	35 1	21 2	12 1	31 2	30 5	38 2	32 1	20 1	27 1	18 3	22 7	39 1	36 3	23 4	4 1
8 2	32 1	15 2	23 2	38 1	10 4	22 4	20 7	12 1	18 1	30 1	24 1	16 3	29 2	4 1	11 3	39 1	26 1	19 1	2 3	6 1	3 2	5 1	36 2	28 3	31 1	17 1	14 2	9 1	13 2	1 1	34 1	0 1	33 1	25 3	35 1	21 1	27 5	37 3	7 4
38 1	39 2	25 2	23 1	21 2	29 4	28 1	10 1	7 3	0 1	12 2	9 1	16 2	5 1	1 1	14 1	30 1	32 5	17 3	37 2	31 1	6 2	11 1	27 5	15 1	2 1	35 4	3 1	36 1	20 1	4 1	13 1	24 2	33 1	8 3	26 2	18 2	19 1	22 1	34 1
2 1	10 2	37 2	17 1	13 2	26 3	22 2	32 5	27 1	28 1	34 2	35 1	21 2	25 1	18 1	6 1	23 2	1 3	16 1	31 1	3 1	24 1	33 2	15 1	38 3	14 1	4 1	5 2	0 2	8 2	36 2	19 1	7 2	12 3	11 2	29 2	39 1	9 1	30 3	20 1
2 3	13 1	22 2	10 4	30 3	14 4	38 4	3 1	0 1	35 1	17 2	23 1	18 4	31 1	12 1	27 1	11 1	5 1	36 1	15 1	8 1	19 1	29 1	34 2	24 1	1 3	26 1	39 3	7 3	37 1	32 3	6 3	33 1	4 1	25 2	16 1	9 1	21 3	20 1	28 1
6 1	1 2	28 4	15 1	29 1	21 1	19 2	8 1	23 4	25 1	33 1	27 1	24 2	3 2	2 4	17 4	37 1	10 1	30 1	18 4	31 4	35 2	11 1	9 1	39 1	14 2	4 1	26 1	16 1	12 1	22 1	0 2	20 2	32 4	36 2	34 1	13 1	5 2	38 1	7 1
2 2	15 1	9 1	28 1	7 1	36 1	33 1	21 1	11 1	22 3	16 5	4 1	26 2	8 1	3 1	32 3	31 2	14 2	6 1	10 1	34 1	12 1	0 3	25 3	5 2	24 1	19 5	23 2	20 3	17 3	30 2	18 4	29 1	1 1	37 2	39 1	35 3	38 1	13 2	27 3
25 1	23 3	27 3	37 1	38 5	30 1	8 2	1 3	5 3	20 1	13 1	16 1	15 1	34 1	18 2	6 1	32 1	12 7	2 5	4 1	29 1	21 3	39 2	36 2	11 3	24 1	10 1	0 1	26 5	7 2	14 1	19 4	9 3	22 1	17 1	3 1	28 2	33 4	35 1	31 2
31 1	13 2	24 2	32 1	35 1	4 1	39 1	25 1	6 2	8 2	5 2	7 3	14 3	28 1	23 3	30 1	27 2	38 1	29 1	19 1	2 2	11 1	17 3	3 1	34 2	15 1	36 2	26 1	33 2	21 7	37 1	0 4	20 3	1 1	9 2	16 4	22 1	12 3	18 2	10 6
19 1	7 2	16 1	24 2	17 1	37 3	35 1	30 3	11 2	8 4	33 3	12 1	26 7	4 4	25 3	34 1	14 1	29 1	32 1	2 2	39 1	28 1	36 2	9 2	18 1	22 1	38 1	13 1	3 3	15 1	31 1	21 1	5 5	23 4	20 1	27 2	0 1	6 1	10 1	1 2
20 2	32 6	35 1	8 5	34 2	14 1	15 2	3 1	29 1	21 1	0 3	28 2	4 1	23 1	9 2	19 1	11 1	6 4	7 3	38 1	26 2	2 1	30 3	10 1	13 2	17 3	27 1	36 1	5 2	18 1	22 4	25 1	37 1	33 3	31 1	16 1	1 2	39 1	24 1	12 2
36 1	7 1	11 2	26 1	22 2	28 1	21 1	31 6	0 3	29 1	20 1	4 1	24 1	27 5	3 1	12 1	1 2	14 2	13 2	17 1	5 2	35 1	34 1	19 3	8 7	23 2	37 5	33 5	38 2	16 1	10 1	39 1	6 2	9 1	15 1	30 2	25 2	18 3	2 4	32 5
2 1	27 2	5 1	20 1	36 1	11 1	33 1	25 1	34 2	3 2	22 1	14 1	13 2	39 1	8 1	28 2	26 1	29 1	31 2	4 1	17 1	37 5	0 2	1 1	32 1	12 1	6 1	10 1	9 1	15 3	7 1	24 2	30 2	19 1	35 4	21 1	38 1	18 1	23 1	16 1
8 3	19 2	4 5	37 4	36 6	22 2	11 1	10 2	20 2	13 1	2 3	21 2	16 2	18 1	12 1	30 3	15 2	35 3	26 1	29 2	24 1	39 1	33 1	5 1	38 1	14 4	27 1	31 2	1 2	7 2	0 1	3 2	28 1	23 1	6 1	9 2	32 1	25 3	34 3	17 5
14 1	7 3	29 2	22 5	20 2	26 1	0 2	2 2	34 1	4 1	27 2	8 5	16 1	6 2	37 5	13 2	18 1	9 2	33 2	10 2	38 2	30 1	23 1	11 1	24 3	39 3	35 1	21 1	31 1	1 1	32 1	15 1	5 4	25 5	19 3	28 1	17 1	3 2	36 2	12 2
2 1	23 2	35 1	32 3	20 1	22 3	28 1	26 1	1 1	27 2	12 2	10 2	18 1	3 1	21 4	0 1	25 2	36 9	15 2	38 3	31 2	8 2	34 1	4 1	14 2	33 1	19 1	39 2	17 1	30 2	13 1	11 1	24 2	5 2	16 1	6 1	9 1	37 1	29 1	7 2
20 1	13 5	27 6	35 1	9 1	19 4	30 1	38 2	39 1	14 1	15 1	16 1	36 1	28 2	25 1	3 1	26 3	18 1	34 1	29 3	2 1	22 2	17 1	6 1	21 1	7 1	37 3	24 1	11 1	5 1	31 6	4 4	33 3	1 2	10 3	8 1	0 1	12 4	32 2	23 2
37 1	34 2	2 4	26 1	12 1	22 1	3 2	33 4	31 1	18 1	0 1	8 3	9 1	35 4	19 2	13 5	25 1	28 1	7 5	15 1	11 6	29 5	27 2	30 1	6 2	23 1	36 4	4 2	14 2	20 2	10 2	1 4	16 5	38 2	39 1	32 1	21 2	5 2	24 1	17 6
13 2	28 4	20 1	38 1	0 1	2 3	4 4	36 1	19 1	33 1	22 2	25 7	16 1	31 1	27 1	15 1	24 3	3 1	37 4	17 3	7 3	35 1	12 1	11 2	6 1	8 1	5 1	32 1	21 1	29 2	1 4	26 1	18 1	34 2	39 1	14 2	23 4	30 1	10 1	9 1
19 1	26 1	22 2	34 3	32 1	9 3	27 1	3 1	18 2	5 1	4 1	39 1	7 1	12 1	30 5	33 2	29 2	14 2	17 4	20 2	37 1	35 2	2 1	36 1	23 1	1 5	25 6	8 1	0 1	11 1	13 1	24 1	16 1	15 1	21 1	28 3	38 2	6 1	10 1	31 1
2 1	27 2	12 1	18 1	38 2	36 2	19 6	32 1	24 1	14 6	39 2	9 1	29 2	8 2	13 4	34 2	23 8	22 3	26 1	33 1	37 2	30 1	10 1	1 2	28 1	25 1	0 1	5 1	35 1	16 4	31 2	17 2	7 4	15 1	3 1	11 1	21 3	20 2	6 1	4 4
11 5	14 3	29 4	23 1	13 3	5 2	22 1	36 2	7 1	33 1	28 2	38 3	20 2	35 2	3 3	8 3	21 1	27 2	16 3	19 2	10 1	2 2	34 1	9 1	37 2	4 1	15 2	12 1	25 3	31 2	30 1	17 1	32 2	18 2	1 1	39 1	0 1	6 2	26 1	24 2
25 2	26 2	7 1	30 1	9 2	28 1	39 1	4 1	24 2	21 2	31 2	18 1	33 1	23 1	2 2	6 2	35 3	32 1	34 1	22 2	10 1	37 1	16 2	0 1	13 1	29 1	38 1	5 1	27 6	20 3	3 4	12 1	19 1	36 3	17 2	1 1	14 3	15 3	11 1	8 1
6 3	7 1	5 3	31 1	11 5	26 3	17 3	24 3	8 1	27 1	35 1	22 10	21 2	9 1	13 1	30 2	32 1	33 3	10 5	28 2	19 2	18 4	15 2	14 3	34 1	1 1	36 1	23 1	29 1	37 1	39 2	25 3	2 1	12 2	0 2	20 1	3 1	16 2	4 1	38 3
14 5	36 1	15 1	31 1	38 1	26 2	18 1	34 4	8 1	0 2	3 1	17 5	16 1	2 2	28 1	33 1	19 2	20 1	24 2	35 6	29 3	21 1	9 1	7 2	6 1	39 4	22 2	32 1	12 3	37 1	13 1	5 2	10 1	27 1	4 1	23 5	1 3	11 7	25 1	30 1
35 1	34 5	38 2	14 4	36 1	7 2	30 1	23 2	16 1	24 2	13 10	6 3	39 1	37 1	17 2	15 4	33 1	29 2	27 1	1 1	18 1	28 1	9 1	8 1	11 5	0 1	32 3	21 1	2 2	22 3	12 1	4 1	5 1	20 2	31 1	10 1	3 2	26 2	25 3	19 1
32 2	7 1	19 3	0 3	6 1	9 1	4 2	18 2	33 1	34 1	21 2	20 1	30 1	36 2	39 1	27 1	31 2	13 1	24 2	8 2	37 2	5 1	1 3	11 2	16 2	15 1	22 2	17 1	23 1	28 1	26 1	29 4	25 1	2 3	10 1	3 1	12 3	38 1	14 3	35 1
27 1	35 2	14 2	21 2	0 1	10 1	30 2	34 1	37 1	18 1	26 1	24 1	32 4	4 6	11 1	39 1	22 1	29 1	33 1	6 1	31 2	12 3	2 1	13 3	28 1	20 4	16 2	3 3	19 1	5 2	23 1	7 1	15 4	25 2	38 1	17 3	1 3	36 1	8 5	9 2
3 2	6 3	18 1	19 1	14 1	16 1	11 1	27 1	29 3	2 1	36 4	23 3	1 1	0 1	8 4	31 1	5 1	39 1	7 2	26 2	28 2	35 1	34 2	12 1	22 4	30 1	9 1	13 6	25 1	37 4	24 1	10 2	33 1	38 1	15 1	21 1	4 1	17 1	20 1	32 1
39 1	0 1	9 2	29 1	6 1	14 5	22 1	30 1	33 3	7 1	4 1	5 3	1 4	2 1	18 1	19 1	25 3	8 2	34 2	10 6	11 1	31 1	27 1	13 3	36 2	15 3	38 3	21 1	26 1	24 2	16 2	17 3	12 1	3 4	20 1	32 1	23 2	35 2	37 2	28 1
9 1	11 1	21 2	35 2	17 5	13 2	37 2	14 3	3 2	18 1	8 1	15 4	25 2	1 1	38 1	7 3	23 1	32 2	39 1	2 3	27 1	33 1	31 1	6 1	34 1	4 2	20 5	30 3	5 1	26 1	10 1	28 1	22 2	16 1	29 1	36 1	19 2	0 1	12 7	24 1
34 4	9 3	8 5	32 1	39 2	26 2	31 1	37 4	36 1	5 3	21 1	24 3	7 3	19 2	4 5	13 1	35 1	11 3	14 1	25 3	23 1	33 2	15 1	18 2	6 1	20 2	0 2	29 4	3 1	1 1	10 1	28 9	2 1	17 1	16 1	27 1	22 3	38 2	12 1	30 2
36 1	27 5	25 3	4 1	33 1	9 1	37 1	21 1	28 2	15 1	2 1	13 1	18 1	16 1	6 1	23 1	5 2	3 2	31 2	12 2	38 2	1 1	24 1	0 2	39 1	14 2	11 1	17 4	35 1	26 1	19 3	30 2	22 1	29 1	34 1	20 4	32 1	7 1	10 2	8 2
15 1	7 1	20 1	14 1	4 1	31 1	17 2	37 3	11 3	5 2	29 1	21 1	33 3	26 2	28 2	32 1	2 1	27 4	3 1	39 4	0 2	13 1	1 4	34 3	35 2	18 1	25 1	23 2	22 3	38 1	24 1	9 2	12 1	8 6	10 2	30 4	36 2	6 3	19 2	16 1
30 1	27 12	0 2	23 1	13 1	22 3	18 1	16 2	2 10	26 2	7 2	6 2	15 2	19 3	29 3	31 4	8 1	34 1	9 2	32 2	10 2	12 2	4 3	39 5	28 1	37 6	24 3	20 1	3 1	35 1	5 1	36 2	1 2	17 1	33 1	14 7	25 3	11 3	38 3	21 1
32 1	25 1	39 1	10 2	27 1	5 3	11 2	17 1	33 1	14 1	29 2	3 1	37 1	12 1	22 2	9 2	38 1	1 2	35 1	7 1	30 4	24 1	23 1	0 1	31 2	18 2	15 2	4 3	6 2	36 4	8 3	16 2	34 2	28 10	26 2	13 1	20 1	2 1	19 1	21 3
3 1	30 1	32 1	2 1	39 2	15 1	21 4	12 2	4 1	34 1	16 3	17 1	18 1	7 1	22 1	36 6	1 2	20 1	6 1	13 1	0 4	37 1	38 3	19 1	11 2	24 1	26 1	9 4	14 1	35 1	29 7	25 1	28 3	33 2	8 4	10 3	5 1	31 1	23 1	27 2
34 1	31 1	1 3	8 1	23 1	24 1	39 7	4 3	37 1	28 1	12 1	29 2	36 2	32 4	2 1	15 1	30 1	22 2	5 4	6 2	38 2	21 5	17 1	25 2	20 1	18 1	7 1	35 2	19 1	33 3	3 1	13 4	16 1	0 6	9 6	10 2	27 2	14 2	26 1	11 3
17 1	28 3	31 1	2 4	7 1	3 1	20 2	19 1	10 1	0 1	21 3	8 1	34 3	25 6	23 1	33 2	6 3	32 2	38 1	5 2	12 1	14 2	29 1	22 1	26 5	24 2	36 1	39 1	9 3	13 3	37 4	30 3	15 2	1 4	11 1	18 1	16 1	4 1	27 3	35 1
3 5	2 2	19 2	17 2	30 1	34 2	18 1	11 1	4 1	12 3	8 2	33 2	25 2	16 4	36 1	13 5	20 6	35 2	26 4	32 1	23 1	10 1	27 1	7 1	1 1	31 1	24 2	15 3	39 2	9 5	0 2	6 3	5 1	29 1	37 2	21 2	28 3	22 2	14 1	38 1
24 1	13 7	12 1	30 1	19 1	31 1	27 1	38 4	25 1	39 1	1 1	33 2	16 1	37 3	17 6	5 2	15 5	28 2	0 4	20 1	35 3	26 4	3 2	2 4	6 2	10 6	18 2	23 2	29 2	22 1	21 1	9 1	34 2	4 4	8 2	7 1	11 2	14 1	36 1	32 2
38 1	22 2	6 1	39 1	32 7	19 2	5 2	1 1	33 2	27 2	9 1	26 3	20 1	2 3	3 3	30 3	8 1	17 1	10 1	7 4	23 1	14 2	31 2	36 1	29 4	21 1	4 1	15 2	11 2	0 4	34 1	35 3	24 1	37 1	28 1	18 1	12 2	16 1	25 6	13 1
28 1	30 1	4 1	8 2	19 1	7 1	26 1	2 1	0 2	16 2	9 2	3 1	38 3	32 1	21 4	17 2	33 1	1 1	25 4	36 1	20 1	37 4	5 1	6 2	24 1	18 1	14 5	23 2	15 1	11 1	22 2	35 2	27 3	31 7	13 2	29 2	12 2	34 4	39 1	10 2
21 3	14 2	20 4	5 1	9 4	30 1	25 1	0 3	34 1	27 1	8 1	7 1	37 2	17 2	15 1	32 1	2 2	29 7	31 1	23 2	12 1	38 2	18 2	6 3	26 1	36 1	19 1	11 1	16 1	24 4	10 2	28 1	3 2	1 2	39 1	4 1	33 1	13 1	35 2	22 1
20 1	1 2	15 1	25 5	27 1	16 5	37 1	5 1	22 3	12 3	19 1	2 1	21 1	29 2	14 1	4 1	24 1	9 1	3 5	26 1	18 4	34 1	10 6	17 2	6 6	33 2	38 1	35 1	30 1	31 2	7 3	36 1	8 1	13 1	39 3	32 1	28 3	11 6	0 2	23 3
12 2	15 1	13 1	29 3	26 1	4 1	0 1	14 2	39 3	35 1	30 1	3 1	34 2	24 2	5 2	11 1	37 3	1 4	28 1	19 4	10 1	25 1	27 1	18 1	23 1	8 2	20 2	31 1	36 2	33 1	22 2	7 3	9 1	21 2	16 3	17 1	6 1	2 1	38 2	32 1
