80	80
40 4	79 1	18 4	60 1	34 2	9 2	4 1	11 1	0 1	35 2	39 2	63 2	31 1	71 3	7 1	36 1	59 2	29 1	20 1	24 1	28 1	62 1	13 2	75 2	67 3	6 2	56 2	44 5	77 1	48 4	68 2	19 7	46 4	10 1	3 8	45 1	22 2	64 2	47 4	30 2	69 1	65 2	26 1	21 1	25 1	2 2	50 1	23 2	53 3	42 1	8 6	78 5	49 2	43 1	16 1	51 2	76 2	74 2	52 2	55 1	15 3	27 1	38 1	73 4	32 1	57 1	14 1	1 2	5 1	41 1	54 4	33 3	37 2	72 1	70 1	12 4	66 1	61 1	17 1	58 1
45 1	35 2	22 3	50 6	68 1	70 2	23 2	21 1	67 4	73 1	75 3	42 4	56 1	4 1	46 1	6 4	38 1	72 3	28 1	11 1	65 2	31 1	16 3	66 1	60 1	5 1	17 3	58 1	74 1	44 1	40 3	13 4	76 5	52 1	0 1	63 1	36 1	2 4	1 1	24 1	69 1	14 1	53 3	30 2	78 2	57 1	9 1	41 2	47 3	77 1	25 1	7 6	3 1	55 1	62 10	37 1	12 5	15 6	20 3	61 1	26 2	39 1	18 1	71 1	27 1	43 1	48 5	19 1	32 1	29 5	59 4	34 5	33 2	79 2	64 2	51 1	54 2	8 5	10 1	49 2
78 4	76 2	71 2	4 3	1 1	0 1	20 3	79 3	56 1	77 1	68 3	62 2	40 2	2 2	14 3	74 1	50 2	45 1	7 2	31 2	3 3	17 2	58 1	13 1	61 2	23 1	26 1	64 3	46 1	5 1	66 3	11 1	24 3	53 1	19 3	38 1	29 2	37 1	10 3	41 1	12 2	75 1	34 1	6 3	8 5	22 2	43 3	47 1	57 1	73 1	65 2	59 3	67 1	48 4	42 3	16 1	39 1	9 2	54 2	63 3	60 1	32 4	52 2	72 5	21 1	69 1	28 2	70 3	25 1	49 2	51 1	18 1	44 2	15 3	27 3	30 1	33 2	36 2	35 1	55 2
28 2	77 1	34 3	79 5	12 3	66 1	18 2	38 1	30 1	5 2	45 1	76 3	32 7	58 1	54 1	14 1	37 2	13 1	15 1	16 2	55 2	21 1	71 1	43 2	17 2	44 1	57 3	20 1	41 2	33 2	63 3	72 2	27 3	2 1	35 1	8 2	1 1	48 1	65 1	52 1	64 3	69 1	56 1	50 3	70 1	31 1	51 1	22 1	49 1	53 1	46 1	40 1	36 1	9 1	67 1	39 1	26 2	0 9	61 1	60 2	42 1	11 1	74 4	25 1	3 1	78 5	7 4	59 4	47 1	73 1	75 2	24 1	10 1	62 2	6 1	68 3	29 2	19 2	4 4	23 1
16 1	6 2	34 1	75 2	45 1	29 4	44 4	53 2	32 7	23 5	60 1	24 1	66 1	62 2	59 1	17 2	64 1	67 1	28 1	19 4	27 3	21 1	4 1	49 2	50 2	42 5	2 3	25 3	77 3	54 1	63 1	56 1	39 1	14 1	40 3	61 1	12 2	10 1	38 1	9 4	41 1	31 1	7 3	0 1	47 1	15 3	37 3	69 2	26 1	18 2	13 2	73 1	48 2	33 2	65 1	74 2	35 2	71 1	51 1	76 1	11 1	52 3	55 1	20 4	3 2	1 1	57 2	5 2	72 1	68 3	43 2	8 3	78 2	36 1	70 4	79 1	46 3	58 2	30 2	22 1
34 5	45 1	60 5	21 1	39 1	72 1	42 1	17 1	32 1	43 2	74 1	78 4	26 1	18 2	9 2	6 1	73 2	67 1	79 2	20 3	37 1	76 1	53 6	77 1	28 1	30 2	2 1	48 2	41 2	56 1	50 1	35 2	55 3	16 3	0 1	47 2	5 2	70 7	75 2	12 1	36 2	1 6	52 2	44 1	66 1	11 1	33 1	7 1	25 1	46 3	38 2	64 1	40 1	54 1	71 1	10 2	24 5	15 3	19 1	22 1	27 2	63 2	8 5	65 1	69 4	3 4	29 1	4 3	57 2	51 5	13 3	58 3	68 1	23 3	59 5	62 3	49 4	31 1	61 1	14 1
7 1	55 2	64 1	68 3	37 6	12 1	76 1	28 3	56 1	47 2	13 2	33 3	25 1	78 1	17 1	11 1	69 1	72 1	27 1	62 1	9 2	50 2	6 1	38 1	71 1	48 2	61 1	67 1	63 1	1 1	15 1	75 1	46 1	20 3	70 2	3 6	57 1	31 1	29 1	77 1	34 2	53 1	14 1	52 4	66 1	60 2	54 2	74 4	44 1	4 1	40 1	59 1	36 1	49 2	45 1	35 1	0 2	32 3	8 1	18 1	26 1	21 1	43 1	79 3	22 1	19 1	23 2	58 2	30 1	51 1	10 1	24 1	2 1	5 2	73 1	65 2	16 4	39 1	41 1	42 1
63 1	26 2	50 4	6 3	51 1	47 1	0 1	40 1	77 1	8 1	55 1	27 2	2 3	56 1	1 2	20 2	4 2	24 2	73 1	44 1	31 1	65 2	69 2	48 1	74 2	62 3	32 1	33 4	19 1	18 1	60 1	3 1	78 1	57 1	79 2	72 1	67 5	49 3	42 1	39 2	25 3	59 1	12 2	21 2	28 17	9 3	34 1	13 4	36 3	29 3	53 1	76 1	35 2	54 1	23 1	46 2	66 4	71 2	16 1	30 4	22 1	70 1	10 1	15 2	38 3	58 1	43 4	75 6	64 3	37 2	17 3	14 1	68 2	61 1	52 3	5 1	41 1	11 1	45 2	7 1
20 1	41 1	32 1	16 2	36 1	50 1	62 6	75 2	74 1	66 6	15 3	35 2	6 1	18 1	79 1	53 1	68 2	37 1	29 1	38 2	72 5	13 3	42 1	64 4	78 1	57 1	73 2	71 2	0 1	40 2	19 1	70 3	12 3	52 1	45 1	63 2	77 4	23 4	59 2	49 1	76 5	21 3	54 1	47 1	67 1	5 1	9 1	22 2	7 1	14 1	8 5	34 1	69 2	48 2	25 1	3 1	51 1	33 2	31 1	26 1	43 1	11 3	60 2	46 1	65 2	58 8	27 1	24 1	55 1	61 3	10 2	39 1	28 1	4 1	1 1	56 3	2 1	30 1	44 2	17 1
20 3	55 4	30 1	33 1	15 3	6 2	67 3	12 2	66 2	79 4	58 1	31 2	61 3	73 1	3 1	8 5	63 1	43 3	5 1	11 1	48 2	68 1	9 3	53 1	56 1	59 1	13 3	42 1	78 1	70 12	22 2	41 2	62 2	7 1	19 5	64 1	69 1	23 4	34 3	1 2	52 1	29 1	74 2	45 1	21 1	36 4	24 3	4 1	50 1	2 2	40 1	75 2	38 2	65 1	39 4	49 4	27 4	47 1	76 3	77 2	57 1	35 2	60 1	44 2	26 1	10 2	25 1	14 2	17 1	72 1	51 2	71 4	0 2	54 1	46 2	18 2	28 3	16 3	37 3	32 1
43 1	33 1	25 5	75 1	74 2	70 1	15 4	72 2	46 3	16 1	4 2	3 2	5 2	76 1	10 1	73 1	66 2	29 2	39 3	26 1	51 1	9 1	79 1	63 4	71 2	42 1	56 1	22 1	77 1	68 2	58 1	55 3	60 3	1 5	34 1	41 1	30 1	2 1	61 1	23 3	18 1	17 1	64 1	59 6	45 1	13 2	32 2	69 2	52 2	50 1	7 1	27 3	49 3	19 3	21 3	36 1	57 1	20 2	28 1	37 2	65 3	12 1	62 1	0 2	47 1	78 1	8 1	40 8	48 1	35 2	31 3	24 1	6 3	53 3	54 2	67 2	44 4	14 2	38 1	11 3
18 1	48 1	13 1	45 7	43 1	9 1	2 1	15 1	25 5	50 1	20 3	57 2	63 1	35 3	0 3	39 2	72 1	69 2	24 3	30 1	23 4	28 1	5 1	22 1	62 2	3 1	38 1	46 2	42 2	27 1	6 1	59 1	1 1	10 1	36 4	65 2	8 1	79 2	73 3	34 1	33 3	77 5	37 8	14 1	60 6	78 1	68 2	71 2	76 3	47 2	52 1	21 3	49 2	55 5	17 10	31 1	11 1	26 1	58 1	41 3	66 1	70 1	51 2	61 1	44 2	29 5	56 1	40 2	12 4	75 1	19 2	64 5	54 4	7 6	67 1	16 2	32 2	74 1	4 3	53 2
61 2	76 1	27 1	54 1	43 3	5 1	21 2	28 1	11 1	9 4	16 1	4 2	24 1	31 1	14 2	63 2	8 1	30 1	7 1	70 2	58 1	22 1	34 2	41 2	12 1	68 4	62 2	74 1	6 1	19 3	10 4	48 2	39 1	60 1	40 1	64 2	1 3	49 3	65 1	23 2	73 1	38 1	55 1	3 1	66 1	25 3	45 4	20 2	77 1	52 1	29 1	2 1	37 1	59 1	56 1	18 7	13 2	75 4	69 1	26 1	51 4	15 2	46 1	47 1	17 1	42 1	53 4	35 3	79 1	32 1	57 3	36 2	72 2	67 3	33 1	44 1	0 2	78 1	71 1	50 2
24 3	9 2	61 1	31 1	47 4	73 2	41 2	28 2	36 4	44 1	65 2	26 2	54 1	4 2	63 1	10 3	14 1	5 5	70 3	1 1	56 3	7 1	51 2	21 2	22 1	33 3	68 5	35 1	79 1	48 2	13 2	25 3	46 1	71 1	17 3	69 1	74 4	78 2	43 1	50 2	12 1	76 1	39 3	60 4	52 3	45 1	49 1	2 2	72 1	0 1	66 2	57 5	42 4	3 1	8 4	23 3	29 1	27 1	75 1	15 1	11 2	34 2	55 1	58 1	37 1	64 3	38 1	67 2	20 1	53 7	16 6	19 1	18 3	40 3	32 2	77 2	62 1	6 2	30 1	59 2
67 1	17 1	45 5	23 2	76 1	79 3	11 1	66 1	14 2	16 1	75 1	29 3	32 3	40 5	3 2	47 1	63 3	51 1	73 2	12 4	0 2	78 1	48 3	58 1	34 4	46 1	20 1	13 2	39 1	44 1	27 2	38 1	26 1	2 7	50 2	69 2	68 4	8 2	4 1	55 1	59 1	72 1	60 1	42 3	24 2	57 2	19 1	37 5	61 1	74 2	64 1	65 1	77 2	1 6	6 5	30 4	25 2	54 1	56 1	22 6	31 1	35 4	5 2	41 2	71 1	70 1	49 1	15 5	28 3	52 2	18 1	21 1	33 4	7 2	53 4	43 1	36 4	10 6	62 1	9 3
2 2	10 1	45 1	39 1	5 1	28 4	36 4	29 1	68 1	22 3	1 1	43 7	33 2	51 2	52 1	61 1	60 1	48 2	23 1	49 2	78 4	6 1	55 6	35 1	58 2	24 1	73 2	38 1	63 2	31 3	62 5	32 1	57 2	25 2	56 1	0 1	17 1	42 1	21 1	13 2	18 3	70 2	19 1	15 1	20 1	14 4	65 2	72 2	7 1	11 1	26 1	67 3	64 1	44 4	41 3	50 1	46 2	66 1	59 1	40 2	47 1	37 1	69 1	71 1	54 1	9 3	79 5	27 3	34 3	8 8	53 3	74 1	75 2	76 1	16 4	77 9	12 2	4 2	3 1	30 2
11 1	79 5	0 1	47 6	52 3	26 2	6 1	74 4	40 1	24 2	13 1	5 1	44 1	36 4	50 1	66 1	37 1	55 3	33 1	49 1	17 4	12 2	38 1	18 8	76 3	34 1	68 1	14 2	20 3	70 3	64 3	73 2	46 1	72 2	10 1	43 1	42 6	51 1	69 1	56 3	78 1	59 3	41 1	30 5	35 1	62 1	22 5	45 1	29 3	21 5	32 1	28 2	71 2	15 2	19 2	3 1	23 1	77 1	2 4	9 3	54 1	63 1	53 5	67 2	61 1	39 1	1 1	58 2	65 1	25 2	60 1	48 2	16 6	75 2	27 1	31 1	4 3	57 2	8 1	7 1
43 1	65 3	27 1	58 1	39 1	26 3	38 1	13 2	53 2	32 4	16 1	77 1	33 1	78 1	56 3	76 4	1 1	5 1	63 1	35 1	10 1	61 2	79 1	52 2	0 1	67 1	73 3	6 2	17 1	20 2	22 1	44 5	68 3	14 1	69 1	47 1	62 1	75 4	42 2	54 3	59 1	51 2	25 2	71 2	30 2	34 1	48 1	50 4	9 7	18 3	74 1	11 2	2 2	57 1	23 4	7 2	46 2	3 1	72 3	8 5	4 3	36 1	24 4	70 1	60 3	41 2	45 1	66 2	15 3	12 1	21 3	55 1	29 5	37 2	28 1	19 1	31 3	49 2	64 2	40 4
6 5	39 2	41 6	19 2	54 1	21 1	49 2	46 1	1 2	73 1	5 3	77 1	71 7	45 1	64 2	2 3	32 1	20 1	47 1	57 2	42 11	76 1	25 7	56 1	79 1	28 6	68 4	4 1	11 1	52 1	12 1	23 1	72 1	75 1	61 1	26 1	13 1	74 1	70 2	36 1	62 1	9 1	69 1	18 2	31 2	40 1	24 2	65 1	50 3	22 2	60 2	53 1	0 1	34 1	37 1	66 1	33 1	29 1	58 3	59 1	7 1	48 1	43 1	35 2	44 2	3 3	14 1	27 1	78 1	63 4	38 2	10 1	8 10	15 1	17 3	67 1	30 2	51 1	55 3	16 2
36 2	37 1	73 3	50 1	48 4	23 6	51 2	33 2	15 2	17 3	31 1	10 1	42 2	2 2	58 1	20 1	62 1	59 1	49 3	12 3	68 1	54 2	8 2	75 1	26 1	74 3	69 1	11 3	0 2	25 1	43 3	34 1	35 2	6 2	3 3	5 1	16 3	13 2	29 3	24 3	7 4	56 2	40 2	21 1	47 3	44 1	41 1	27 4	1 1	65 1	55 5	46 3	32 1	52 1	39 1	18 2	72 1	76 1	67 2	28 2	70 6	9 1	14 1	63 1	71 1	30 3	64 2	66 1	19 2	4 4	53 3	22 1	38 1	77 2	78 2	60 2	57 2	79 1	61 1	45 1
44 2	35 2	67 1	60 1	33 2	74 2	71 3	29 3	6 2	73 1	46 1	77 1	14 1	3 1	19 3	75 1	39 1	38 1	25 1	24 8	43 1	68 1	48 2	66 3	47 2	1 1	23 4	5 1	34 1	54 10	79 3	40 6	65 1	16 1	69 1	17 1	55 1	28 1	8 1	2 4	0 4	10 1	56 1	42 1	70 4	49 2	51 1	78 2	52 2	9 1	64 1	26 1	61 2	21 4	45 2	50 1	36 5	72 1	30 2	4 1	7 4	32 1	59 5	11 1	41 1	31 2	76 1	53 1	63 3	58 3	15 6	18 5	27 4	20 2	13 2	22 2	57 2	37 1	12 2	62 1
25 1	16 3	43 5	75 5	58 3	69 1	24 3	33 3	61 4	2 4	64 4	41 1	29 1	67 1	27 1	20 4	73 3	74 2	65 3	11 1	77 1	47 1	3 2	36 1	48 1	6 1	52 2	15 2	68 1	46 1	37 1	45 4	14 2	63 5	78 1	30 3	19 1	17 3	26 2	72 1	31 2	4 1	12 3	49 1	21 2	76 1	60 4	23 1	18 3	59 1	42 1	38 6	40 3	1 3	22 4	44 5	9 1	53 2	10 1	79 4	62 3	34 1	57 1	39 1	28 1	51 1	0 1	70 1	8 1	66 1	55 3	56 1	5 4	54 3	13 1	7 1	32 4	35 2	50 2	71 2
16 2	0 1	73 1	64 2	20 3	25 2	56 1	68 4	38 4	9 1	42 2	36 1	59 2	75 2	18 2	54 3	6 1	48 1	13 1	74 1	53 1	37 1	78 1	3 1	58 3	50 2	7 1	52 1	30 3	71 4	61 1	67 6	63 2	14 1	43 3	15 1	47 1	22 7	45 3	19 1	23 4	21 1	2 2	29 1	28 2	4 1	12 1	34 3	66 2	5 3	41 1	17 5	11 1	69 2	49 5	27 1	60 1	55 2	33 10	32 1	1 2	70 5	57 3	76 1	35 1	72 2	65 1	10 5	24 3	8 5	46 1	40 1	77 1	44 1	62 1	79 1	31 1	26 1	51 1	39 1
24 1	52 3	12 3	62 1	8 1	30 1	9 2	41 2	25 1	11 2	43 2	66 3	14 3	38 7	78 1	19 1	7 1	32 4	54 1	15 1	34 2	22 1	56 1	79 1	57 1	51 1	20 1	46 1	13 1	10 6	53 6	26 1	18 1	60 1	59 2	33 1	39 4	35 1	77 5	6 2	4 1	63 7	65 3	23 2	49 1	45 1	42 2	68 1	71 4	44 1	74 1	21 1	70 1	29 3	64 1	37 2	61 1	50 1	73 2	69 1	27 1	0 1	48 2	55 1	28 2	1 1	5 4	58 2	75 2	2 2	47 2	3 1	36 2	40 1	16 1	72 1	76 1	17 2	31 1	67 2
62 4	15 1	54 1	7 2	70 3	6 1	19 2	43 2	11 6	38 5	5 1	57 2	36 1	24 1	58 1	65 1	51 1	31 1	75 1	3 1	20 2	8 1	37 1	52 3	2 1	42 1	25 1	73 1	17 1	22 2	46 1	27 1	10 2	61 1	72 2	59 3	26 4	71 1	34 4	35 2	30 1	68 1	63 3	60 2	39 2	77 1	45 1	23 1	74 1	44 1	32 1	47 1	66 3	69 1	76 5	21 1	1 3	28 1	29 5	78 3	12 3	4 6	33 3	14 1	53 3	55 2	79 3	50 1	64 1	49 4	41 1	9 2	13 1	40 3	56 1	67 2	18 1	16 4	0 1	48 2
6 2	29 1	14 1	62 4	43 1	75 1	20 3	18 2	23 3	1 1	25 3	52 1	32 1	42 3	40 1	54 2	31 4	12 2	51 3	38 1	17 2	74 1	3 5	34 1	16 5	15 3	60 2	37 1	46 1	39 2	35 1	78 2	59 3	21 1	63 4	56 1	64 1	19 2	5 1	30 3	44 2	71 3	55 2	70 1	45 2	10 1	36 3	41 2	13 5	27 1	8 2	72 1	7 1	79 1	66 1	26 4	58 1	68 2	9 1	2 5	76 6	24 1	49 2	65 1	4 3	28 2	47 2	53 1	69 1	61 5	50 1	48 3	0 2	73 1	22 1	67 1	77 3	33 1	57 4	11 2
1 1	9 1	7 1	67 2	6 4	2 4	36 1	41 5	37 1	15 2	28 4	16 3	68 3	66 4	13 2	25 1	30 4	77 2	44 2	59 2	47 2	61 1	51 1	74 1	27 2	48 1	76 1	71 3	57 5	22 2	12 1	4 6	42 5	24 3	72 1	63 2	19 1	5 1	45 2	20 3	70 2	78 4	62 1	55 1	46 4	0 1	34 1	64 5	8 3	32 3	38 1	50 1	39 3	60 1	79 2	58 1	14 1	23 2	56 1	54 1	49 1	53 5	21 3	17 2	29 2	65 1	31 1	3 3	75 6	18 1	69 2	11 1	40 1	43 2	26 4	52 3	33 1	73 4	10 1	35 2
34 1	46 3	77 1	24 1	69 1	65 1	19 8	49 1	13 4	22 1	47 1	67 7	35 1	6 4	20 2	14 2	27 1	79 1	18 2	66 1	52 2	28 3	72 2	16 1	50 6	25 1	23 1	57 2	38 1	54 1	53 2	58 2	73 1	51 1	15 2	0 3	61 3	11 1	7 2	26 3	59 1	33 1	17 2	3 1	55 1	36 1	60 3	74 1	29 2	68 2	44 7	63 1	45 1	9 4	31 7	64 1	43 2	39 2	21 2	4 2	75 1	78 1	70 1	42 2	32 2	40 2	10 3	8 1	5 1	1 1	62 6	48 2	76 2	30 2	71 1	56 1	37 1	12 2	2 1	41 2
5 1	43 1	18 1	50 2	49 1	12 2	14 4	52 1	61 1	71 1	33 2	72 6	29 2	23 4	63 1	28 2	40 2	55 2	79 2	68 1	36 1	32 1	0 1	62 3	25 1	9 1	1 1	76 1	70 1	46 4	10 1	31 1	26 1	56 1	48 1	45 3	60 2	59 2	77 1	57 6	64 4	66 1	78 1	15 1	2 1	30 4	35 1	38 2	34 2	54 2	27 1	4 3	65 1	42 2	39 3	37 2	41 3	6 1	21 2	3 3	8 1	74 1	47 1	16 2	51 3	58 1	73 1	20 4	75 1	7 1	11 1	69 1	13 2	22 1	67 1	44 2	53 1	24 2	19 2	17 4
26 1	13 6	7 2	55 1	73 1	34 1	1 3	69 1	22 2	71 1	72 1	36 3	9 1	16 1	35 1	33 1	4 2	29 1	75 5	63 3	37 2	52 1	78 1	46 2	30 1	64 1	27 1	61 1	43 1	28 1	6 1	32 1	70 1	44 2	21 2	40 5	67 1	49 1	23 1	65 5	56 2	11 1	8 1	45 4	19 3	60 1	68 2	57 2	12 1	66 3	50 7	59 1	20 4	74 2	42 1	10 2	39 2	2 1	0 2	48 2	15 2	17 1	14 2	54 3	62 3	5 3	79 1	58 1	77 3	76 1	47 1	53 1	18 2	51 1	41 2	3 1	31 2	24 1	38 2	25 1
43 9	73 1	10 2	72 1	47 4	79 1	71 1	42 1	55 3	14 1	38 1	22 1	61 2	52 4	46 1	63 2	5 2	59 3	19 2	28 2	32 1	62 1	0 1	50 1	29 2	31 2	3 2	75 1	9 1	40 1	49 2	35 1	11 2	56 5	16 2	70 3	26 2	34 1	6 4	69 1	2 2	64 1	78 3	57 2	51 1	68 1	18 1	23 4	77 6	67 2	65 2	44 1	4 1	53 2	66 8	13 2	7 1	36 1	12 2	76 2	37 3	45 1	58 1	8 1	15 1	24 1	33 1	60 4	41 6	74 2	48 1	39 1	1 1	30 4	25 6	21 4	27 3	54 1	20 1	17 2
49 1	12 4	53 2	69 1	56 2	71 2	57 2	28 1	19 1	7 1	5 2	46 1	65 1	35 6	27 1	48 2	72 2	54 1	51 2	79 3	9 2	3 1	32 2	30 1	63 3	66 1	59 1	8 1	68 2	24 2	22 1	58 2	33 1	73 1	37 2	31 9	70 3	74 2	21 4	23 1	76 2	15 1	43 1	18 1	41 1	2 1	60 5	45 2	44 1	55 3	4 2	6 1	25 2	78 4	64 4	61 3	50 1	11 2	39 1	13 1	42 5	67 2	38 2	14 6	47 1	75 2	40 1	77 3	1 1	20 1	26 1	62 2	34 3	17 2	29 2	52 1	36 1	10 7	0 2	16 1
10 8	31 4	43 3	59 2	2 3	63 1	18 3	33 1	41 1	58 3	21 1	27 7	24 4	6 2	46 2	79 2	20 4	72 1	38 2	34 1	75 2	60 1	36 1	50 1	7 2	70 3	11 1	74 2	29 2	66 1	44 1	54 2	62 3	19 3	14 5	22 1	45 1	37 1	73 1	64 1	26 5	16 5	51 1	67 1	68 7	0 1	30 3	32 2	71 1	76 2	55 1	52 2	1 3	56 2	8 1	17 2	35 2	78 4	69 1	42 1	77 2	65 1	3 1	13 3	12 1	61 2	23 2	40 5	53 1	57 1	5 2	39 1	25 1	4 2	48 2	49 2	47 3	28 1	15 2	9 3
52 3	56 1	4 1	6 3	35 2	66 1	17 3	5 5	54 1	67 2	71 5	3 3	10 1	40 4	60 2	50 1	45 1	14 1	25 5	11 1	22 3	77 1	42 1	0 2	64 1	38 1	23 1	73 3	21 1	58 1	55 1	75 6	33 1	30 2	53 1	34 8	24 3	47 2	78 7	74 1	1 1	2 2	49 1	79 6	8 5	51 2	20 1	19 1	63 2	43 1	48 1	12 3	59 1	27 1	28 2	37 2	46 1	44 3	76 1	32 1	29 5	69 1	13 2	72 1	57 4	68 1	26 1	31 2	15 2	61 1	41 2	65 3	18 2	39 5	7 1	62 3	36 2	9 2	70 1	16 5
45 4	68 1	14 5	66 1	70 1	16 3	1 2	46 3	6 2	22 1	35 3	10 1	2 3	77 2	73 1	31 1	34 1	37 2	38 1	71 2	41 5	63 2	76 1	49 2	48 1	40 1	0 4	50 4	24 1	36 1	5 1	21 1	3 1	47 1	19 1	61 2	12 3	69 3	17 3	39 1	8 1	51 1	65 1	54 2	13 3	74 1	26 1	7 6	33 1	25 2	15 6	67 1	59 2	11 1	32 1	56 1	30 2	42 1	18 1	72 1	75 1	58 3	28 1	79 1	78 2	29 3	52 7	62 1	4 1	55 2	57 5	44 2	20 3	64 4	9 1	53 4	23 5	27 3	60 3	43 1
11 1	55 1	67 3	3 1	4 2	32 1	19 1	58 1	41 2	9 1	52 1	49 1	22 2	74 1	62 2	27 1	54 2	48 1	50 2	79 1	56 2	2 2	12 2	65 1	20 3	66 1	78 1	46 2	71 3	35 1	63 1	64 1	57 1	1 1	59 1	61 1	70 1	28 3	43 1	69 1	24 2	75 3	30 2	38 1	8 2	7 2	40 2	10 2	5 1	33 2	76 5	16 1	42 8	17 1	14 1	47 2	6 2	37 2	21 1	36 3	73 3	34 1	51 7	53 3	39 1	44 4	60 2	68 1	13 1	45 1	15 1	31 1	23 4	25 2	0 3	72 2	29 1	77 4	18 2	26 3
15 1	74 4	48 1	43 3	22 1	3 1	17 1	60 1	67 1	54 2	79 1	76 3	20 5	25 2	52 1	34 2	78 2	2 2	47 1	40 1	68 1	29 1	77 3	18 1	33 1	11 1	1 1	51 1	69 3	4 3	5 1	55 2	71 3	8 1	64 2	56 1	27 3	0 1	66 1	31 1	6 2	75 5	65 2	35 1	42 2	46 6	30 3	61 2	49 2	62 4	16 1	28 6	45 2	70 3	14 1	9 2	21 1	12 1	38 1	59 2	24 1	72 2	7 2	57 2	32 1	36 1	63 1	39 2	58 2	19 1	73 3	44 2	13 2	26 1	41 1	53 3	10 1	37 3	50 4	23 2
26 3	36 2	61 2	59 1	44 1	73 1	54 1	1 1	4 2	51 3	58 1	63 1	60 3	70 2	35 4	27 4	56 1	8 1	6 1	30 1	67 1	66 1	31 1	17 2	64 7	3 2	2 2	13 3	43 1	21 1	62 1	34 1	47 1	37 1	12 4	39 4	55 2	49 2	40 1	32 1	23 1	18 1	19 1	46 1	16 2	76 4	71 6	48 4	9 2	25 5	72 8	15 2	28 1	42 5	29 2	53 1	77 5	50 1	0 3	11 1	74 1	65 1	78 3	33 1	10 2	24 1	45 2	41 4	75 2	20 2	57 1	38 1	69 1	68 1	79 1	14 1	52 1	22 1	5 1	7 4
19 1	46 1	51 1	59 2	8 3	36 2	57 6	75 3	50 1	73 9	18 1	69 1	43 1	55 3	48 2	9 1	40 1	71 4	78 2	41 2	28 1	27 1	49 1	20 1	74 2	45 1	21 3	35 1	33 1	79 1	0 1	42 2	30 1	11 1	44 1	22 1	12 3	7 1	62 4	53 4	31 2	60 2	14 1	32 3	52 10	15 3	76 1	61 1	26 2	54 1	24 1	77 1	17 2	13 3	4 1	1 2	68 1	38 1	72 1	67 1	23 5	63 5	39 1	25 3	10 3	3 2	2 1	58 2	6 4	37 1	34 1	47 2	5 1	56 6	64 3	66 2	70 1	65 3	16 2	29 1
4 1	9 2	12 2	57 2	58 2	54 2	51 2	41 5	3 1	18 1	69 3	45 3	76 3	28 2	75 1	24 2	61 1	48 3	53 1	8 1	64 3	40 1	46 1	44 4	17 3	33 2	21 2	60 2	74 1	68 1	52 1	31 2	71 3	59 1	70 1	79 4	47 1	72 3	73 2	5 4	39 2	27 1	38 2	6 1	20 1	11 3	13 1	34 4	37 1	63 1	14 1	30 3	36 1	66 2	49 1	22 1	26 1	56 3	7 1	35 2	43 4	25 1	15 2	2 3	78 1	42 9	23 10	77 1	10 7	1 3	65 3	19 1	29 1	62 1	16 1	55 2	67 2	0 1	32 1	50 1
71 2	69 1	70 1	38 1	45 8	57 1	50 3	2 1	62 1	22 2	60 1	7 2	3 1	6 1	65 2	27 3	25 1	66 1	9 1	44 2	49 1	30 1	79 2	54 2	51 4	1 1	76 1	68 2	10 1	31 2	55 4	35 2	28 1	73 2	32 1	5 3	34 4	0 1	47 3	15 3	56 1	58 2	19 6	12 1	78 2	52 2	21 2	43 1	29 2	13 1	64 5	37 4	36 1	14 3	26 1	77 3	75 1	33 1	41 1	20 1	72 1	23 5	74 1	11 1	48 1	24 1	40 1	59 4	4 3	42 1	18 1	46 2	61 1	63 1	17 1	53 2	39 1	16 4	8 2	67 1
10 1	22 7	72 1	11 1	60 1	36 3	28 1	45 1	24 1	57 2	8 1	33 1	74 3	4 1	40 1	56 2	44 1	70 1	37 1	75 2	15 1	46 3	30 1	73 1	76 1	69 4	51 2	78 7	31 1	59 1	79 3	65 3	47 1	71 4	3 1	25 3	42 1	62 1	12 1	63 1	66 2	54 1	7 1	19 1	41 1	67 1	20 1	53 4	48 2	9 1	58 2	35 1	64 2	2 1	50 1	38 2	27 1	16 1	6 3	17 1	39 1	55 1	5 2	43 3	52 1	13 3	77 1	29 1	21 1	0 5	34 6	23 2	26 4	14 1	68 1	49 1	32 1	61 1	18 1	1 1
5 7	18 2	15 1	37 2	76 2	53 1	75 1	9 1	33 2	16 2	61 4	25 1	46 1	70 1	60 1	35 3	72 1	50 1	64 3	56 1	13 3	1 3	30 1	59 1	65 1	2 2	52 1	71 4	39 2	17 2	73 3	74 3	62 1	20 4	41 1	63 1	67 1	4 1	14 1	57 1	3 2	78 1	42 2	0 1	69 1	55 4	47 2	68 1	38 2	12 1	24 1	79 1	44 3	29 1	40 1	66 1	21 4	32 9	36 1	27 1	19 2	28 4	77 1	10 2	43 4	6 1	31 11	7 1	58 2	23 1	51 1	49 1	54 5	34 1	26 2	45 4	8 1	48 1	11 3	22 4
35 2	70 1	9 1	19 1	7 1	28 1	3 2	14 4	39 2	51 2	32 1	78 4	68 2	55 2	79 3	33 1	31 1	65 4	41 2	76 3	34 2	16 4	52 1	56 1	49 2	40 1	73 1	59 2	62 2	29 1	63 2	10 4	11 1	6 2	58 1	69 1	57 1	4 4	54 1	12 1	0 1	2 2	17 1	45 1	53 1	77 1	18 1	26 4	60 2	8 2	36 1	67 1	47 3	30 1	72 2	66 5	24 2	27 3	22 1	61 3	43 2	64 1	13 1	15 2	50 1	42 1	21 1	1 2	75 1	20 2	71 2	37 2	48 1	38 2	44 2	5 4	46 1	25 1	74 1	23 1
13 4	72 1	74 1	6 2	62 1	42 1	47 1	22 1	2 3	30 3	23 5	45 2	31 5	58 3	3 2	11 5	67 2	18 1	9 4	78 6	59 6	52 1	71 2	51 1	36 3	65 2	38 5	43 1	17 6	64 8	16 1	39 1	75 1	56 3	40 2	54 1	53 2	76 3	55 1	26 3	14 2	60 1	4 1	33 2	66 1	37 5	68 3	41 1	21 5	73 1	7 1	63 1	10 6	25 5	29 1	1 2	57 1	61 1	34 5	46 1	0 1	19 1	24 2	28 4	50 4	15 5	77 2	12 1	20 1	44 1	8 1	79 1	49 3	27 1	48 1	35 1	69 5	5 3	70 1	32 4
43 1	0 1	49 1	38 1	18 2	50 1	1 3	41 1	56 1	11 3	25 3	69 2	65 2	75 4	4 1	44 2	5 1	60 5	31 1	71 1	30 1	22 1	15 1	37 3	61 1	34 1	77 2	40 1	67 1	57 2	7 1	64 3	8 1	51 2	73 3	79 2	72 2	2 2	52 2	33 3	29 3	12 4	24 1	54 1	21 2	3 1	58 5	14 1	28 3	68 1	59 4	39 6	13 1	63 1	19 2	10 3	46 2	45 1	74 1	48 1	16 5	66 2	6 1	55 1	53 2	76 2	26 3	36 1	23 5	32 1	47 5	9 1	78 2	70 1	42 1	17 6	62 1	35 2	27 1	20 3
34 1	37 2	17 3	47 1	43 4	14 1	40 1	72 1	71 1	8 1	18 3	46 2	48 2	9 2	61 5	75 1	76 3	24 1	32 3	22 3	59 6	2 4	69 1	21 5	27 2	68 1	13 1	41 2	51 1	45 1	63 3	66 1	35 8	55 2	7 1	58 1	31 4	42 1	10 2	64 3	62 4	79 1	0 1	60 4	5 1	30 1	25 1	29 2	11 5	6 5	78 1	77 1	54 1	39 2	56 3	12 1	44 2	53 1	20 6	33 2	67 5	15 1	65 1	23 1	16 2	50 1	52 3	26 2	57 1	70 1	73 1	4 2	38 2	49 1	3 3	36 1	19 1	28 2	1 1	74 3
45 2	7 1	72 5	59 1	70 1	65 3	0 2	8 2	49 1	48 1	38 2	31 1	53 1	27 1	13 7	35 1	74 4	18 3	16 1	6 1	17 1	77 1	69 1	55 1	9 2	52 12	20 1	44 2	14 2	36 4	24 1	34 1	46 1	62 1	2 1	28 3	1 3	11 1	79 1	56 2	26 1	73 1	5 1	54 1	37 3	42 2	47 1	78 1	32 1	76 2	4 2	60 2	51 1	58 3	66 1	67 6	68 2	41 4	61 1	21 4	57 1	23 1	25 1	40 6	43 1	15 1	71 1	33 2	3 3	63 3	50 4	10 1	29 4	19 1	39 2	22 2	30 3	64 1	12 1	75 2
45 1	8 1	51 2	7 1	19 1	52 5	27 2	9 2	22 4	58 2	75 1	42 1	57 7	26 1	20 1	21 3	70 2	47 1	10 1	15 1	0 1	16 1	3 1	38 1	39 1	74 2	55 2	60 1	64 1	53 2	46 1	28 3	71 1	34 1	13 1	68 5	77 3	65 7	29 3	14 1	43 1	31 2	25 2	54 6	37 1	6 1	24 1	72 1	35 1	44 8	30 2	17 1	63 1	40 3	61 1	48 1	69 4	78 2	33 4	79 6	76 2	11 4	50 3	23 1	32 1	59 3	12 2	36 3	1 1	18 1	49 1	41 3	5 2	66 1	56 5	62 1	2 1	67 3	73 4	4 1
28 1	79 1	73 1	14 1	48 1	8 1	68 3	70 1	57 9	51 1	21 2	19 1	47 1	16 2	20 2	60 1	38 1	10 1	27 1	65 5	67 2	66 1	53 1	54 2	45 2	13 8	32 4	0 2	75 2	6 2	34 1	1 3	37 1	30 2	55 3	36 4	43 1	78 1	44 3	58 2	23 1	25 3	29 4	26 1	5 2	64 1	41 3	56 1	3 3	62 1	12 2	2 3	71 1	59 6	46 1	69 1	61 2	63 2	39 2	4 3	24 1	49 2	50 2	15 2	33 3	35 4	40 1	18 3	9 1	72 3	74 2	22 4	52 1	7 1	31 5	42 1	17 1	77 4	76 6	11 2
4 1	30 2	75 2	25 1	19 1	53 2	10 1	21 1	29 1	34 2	3 2	41 3	52 4	37 4	20 1	11 2	51 1	78 3	26 4	35 1	76 1	7 3	13 3	54 2	63 1	58 1	60 2	71 1	74 1	43 2	66 4	49 1	33 1	67 1	77 1	22 1	40 5	0 1	55 1	5 3	27 3	31 2	15 1	17 2	8 1	62 2	2 3	64 1	73 2	56 3	24 3	42 5	47 1	14 1	44 5	72 3	45 1	38 1	61 1	59 3	6 2	36 3	69 1	18 4	23 1	46 2	1 3	9 2	39 1	68 1	50 3	32 2	12 4	48 2	28 3	57 1	65 1	16 1	79 1	70 2
52 3	75 2	35 1	47 1	5 1	54 1	77 1	10 1	46 2	26 4	65 4	6 1	36 1	44 1	72 1	42 2	11 1	48 2	61 2	31 2	7 6	56 2	39 1	69 1	30 3	0 1	3 1	59 1	22 2	74 3	18 1	38 4	79 3	60 2	20 1	49 1	70 5	64 1	8 3	14 6	37 1	12 2	4 3	23 6	55 1	19 1	62 1	58 2	51 2	33 2	67 1	13 2	76 3	34 1	1 1	16 2	50 1	71 3	32 1	24 2	45 2	29 1	17 1	43 1	53 1	40 1	28 2	15 1	68 1	25 1	73 1	57 2	9 1	66 1	2 4	21 1	63 2	78 2	27 1	41 1
79 1	77 1	9 4	32 4	39 1	49 3	22 4	44 2	43 1	37 1	5 1	29 1	1 1	58 6	11 2	27 2	55 2	73 1	51 2	15 3	48 1	2 1	67 2	21 1	76 1	10 1	6 1	60 2	17 3	45 1	7 2	35 1	63 1	68 2	41 1	16 2	8 1	19 1	0 1	34 1	62 1	13 2	46 5	28 5	66 2	78 1	4 1	65 1	24 1	3 2	30 1	56 1	20 2	52 1	70 1	31 2	25 4	69 1	23 1	50 9	64 1	53 2	33 1	57 2	12 3	75 1	38 1	59 1	71 1	72 2	14 1	42 1	36 3	74 1	61 1	54 1	40 4	26 3	47 2	18 1
2 2	15 1	71 4	58 2	49 4	75 1	34 1	6 2	3 1	73 1	45 1	21 2	77 1	52 1	51 1	30 1	61 1	70 1	64 1	48 3	9 1	62 2	29 1	54 1	76 2	13 3	19 2	16 1	26 1	63 1	43 1	57 1	18 1	25 1	4 2	37 6	36 3	69 2	31 1	42 1	60 4	17 1	33 2	8 3	41 1	7 3	39 4	59 3	20 1	22 2	67 1	50 1	74 1	79 2	23 3	0 2	1 1	35 2	47 3	11 1	46 2	24 1	78 1	38 1	66 1	5 4	12 1	10 3	40 1	27 1	68 1	14 1	72 2	55 2	56 1	44 2	32 1	28 4	53 1	65 1
22 1	62 2	18 1	35 1	54 3	27 1	76 1	69 2	59 1	72 2	20 3	48 5	75 3	17 2	25 2	4 1	2 2	30 5	15 4	50 1	67 1	51 1	14 4	1 1	64 1	29 1	46 2	52 1	24 3	56 1	73 1	70 1	5 1	6 1	33 2	21 1	47 2	71 3	10 4	28 1	23 7	31 1	49 1	37 1	0 2	66 1	3 1	34 5	39 1	77 3	57 2	36 2	68 3	63 6	78 1	53 4	9 2	61 1	13 1	44 1	58 2	12 3	43 1	55 3	11 2	19 2	16 1	79 1	38 1	74 5	60 1	41 1	42 1	65 1	45 1	32 1	40 1	7 1	8 1	26 1
47 1	28 4	53 1	13 3	68 1	18 1	43 1	27 1	79 1	54 1	73 1	50 1	20 4	2 4	26 3	71 1	62 3	1 2	41 1	5 1	58 4	30 3	25 2	16 1	37 3	35 2	45 3	60 3	3 2	46 3	6 1	65 1	57 1	29 2	75 1	4 3	44 2	66 1	10 1	40 2	19 1	7 1	32 2	39 7	51 1	17 1	59 1	0 3	14 3	78 1	76 1	22 4	56 1	63 1	38 1	64 1	9 1	77 2	55 1	31 2	67 2	49 1	74 1	36 1	70 1	23 1	48 2	12 2	24 3	21 1	61 1	42 1	15 1	52 5	69 1	11 2	8 1	33 2	72 1	34 2
46 1	55 3	32 3	44 2	73 1	11 2	10 2	70 2	31 1	67 2	49 2	8 3	50 1	5 2	47 5	2 1	7 1	36 5	78 1	12 1	77 3	24 1	79 1	22 2	6 5	58 1	25 2	59 2	30 1	69 1	63 1	23 1	33 2	41 3	1 3	27 3	3 6	38 1	56 1	37 1	66 1	60 1	17 1	19 4	64 3	26 3	28 1	51 2	48 1	76 2	13 1	43 1	72 2	0 1	9 1	68 1	21 3	45 2	62 1	4 1	18 1	42 1	53 1	65 1	71 1	34 1	35 6	14 1	75 9	61 1	74 2	16 1	57 4	39 1	52 3	29 1	15 1	54 1	20 1	40 5
25 4	61 2	55 2	6 2	52 2	53 1	57 1	15 1	22 1	1 1	5 2	28 1	14 1	0 4	21 2	65 1	70 1	9 3	19 2	47 1	24 1	17 1	41 1	7 2	30 1	10 1	59 5	26 1	44 3	4 1	39 1	71 2	60 1	51 1	12 1	77 4	11 4	16 2	63 2	76 2	48 2	2 3	18 2	36 1	79 3	73 3	23 2	72 1	54 1	45 1	69 3	46 1	67 1	62 7	43 1	31 2	64 1	34 1	33 5	27 3	40 1	50 1	32 1	29 2	58 4	37 1	75 2	78 1	42 4	20 5	3 1	68 2	38 1	13 1	8 1	35 2	56 3	66 1	74 1	49 2
2 1	60 1	18 3	24 6	25 1	39 1	41 1	70 3	5 4	4 1	71 2	35 4	76 1	12 1	53 5	28 2	29 1	37 2	57 3	67 1	38 2	74 3	36 1	34 1	20 2	50 2	46 1	26 2	63 3	0 2	9 4	68 3	75 6	15 1	6 1	54 1	61 3	7 2	16 3	47 3	11 3	23 2	8 4	3 5	32 1	51 7	64 1	48 1	72 4	19 5	42 1	78 2	44 2	13 2	62 2	69 1	33 1	77 1	17 1	43 1	55 2	59 1	52 6	14 1	1 2	40 1	27 1	31 2	49 2	21 2	58 1	45 1	30 6	79 1	66 5	65 1	73 1	22 1	10 2	56 3
27 2	48 10	8 1	65 4	42 3	4 1	64 1	45 2	60 1	29 2	25 1	13 1	18 3	11 2	74 1	10 1	30 2	58 3	51 1	59 1	76 1	0 3	56 2	44 1	36 2	67 1	22 6	24 2	71 1	68 1	73 1	37 1	69 1	26 1	79 1	19 5	23 1	63 1	49 1	17 1	33 1	53 1	20 1	31 3	35 3	57 2	5 1	77 4	34 2	52 1	1 1	16 1	32 2	78 1	12 5	6 1	75 1	66 4	28 1	72 1	47 6	70 1	39 1	61 1	2 2	55 3	40 1	54 3	3 2	15 3	9 3	41 5	62 2	14 1	7 1	46 3	21 1	43 2	38 1	50 2
17 2	68 1	0 1	11 2	54 1	25 2	9 4	30 2	40 1	70 1	26 1	61 6	12 4	31 4	72 3	42 2	32 1	50 1	57 1	60 1	4 1	27 2	66 1	78 3	41 1	18 5	47 1	14 1	7 1	10 1	16 5	73 3	43 6	35 4	58 2	77 1	62 1	74 2	53 3	52 3	46 1	44 4	20 3	39 1	48 4	6 1	2 3	5 1	67 2	45 3	59 1	49 3	3 2	64 6	15 1	63 5	19 2	34 7	51 6	75 3	13 1	29 2	55 1	22 1	23 1	69 1	65 4	21 2	37 3	1 1	8 3	38 1	33 1	24 8	28 2	76 1	71 1	36 2	56 2	79 2
70 1	0 1	26 1	33 1	40 2	75 1	28 1	71 2	9 1	60 1	6 1	35 3	57 3	11 2	43 1	41 1	20 1	39 1	31 2	62 1	44 4	32 2	73 1	38 1	27 2	36 2	23 1	21 1	1 1	65 2	12 3	47 2	30 2	63 2	13 1	25 1	8 1	69 1	5 3	55 2	7 1	4 1	78 1	54 1	58 1	14 2	64 2	22 3	15 2	49 1	61 5	3 2	17 1	51 1	59 1	68 1	16 3	10 3	52 1	46 1	72 2	48 2	37 10	77 1	42 1	66 1	45 1	74 1	76 2	50 2	34 1	56 2	18 3	79 1	67 2	19 3	2 1	53 3	29 3	24 1
18 2	45 3	52 1	14 1	5 2	78 2	57 1	16 2	31 3	7 1	22 4	19 2	1 1	6 2	72 4	62 4	23 1	36 1	38 4	79 3	2 1	12 1	42 5	17 1	56 3	65 1	11 1	75 3	32 3	55 1	73 1	51 5	33 1	54 1	25 1	76 3	0 2	15 1	35 3	43 2	37 2	26 1	21 1	68 1	66 1	61 2	46 3	71 1	74 4	59 2	13 2	48 1	44 3	64 3	67 1	20 1	40 3	58 1	70 3	24 2	28 4	9 2	49 3	69 1	29 2	27 2	63 2	41 5	10 1	4 2	50 2	53 1	47 2	30 1	8 1	60 1	34 1	77 1	3 1	39 2
3 2	59 2	17 1	16 5	40 6	50 1	56 3	47 5	79 3	55 2	28 3	15 5	39 5	46 4	63 1	68 1	21 2	27 3	12 1	34 1	7 6	29 1	32 2	69 2	42 1	78 1	18 1	61 7	54 2	67 2	6 1	38 2	58 3	70 2	8 1	51 1	13 1	0 1	14 1	23 3	75 1	74 1	66 1	52 1	41 1	77 2	45 5	9 1	43 1	49 2	37 3	5 1	4 2	36 2	24 1	35 1	71 1	44 2	62 1	72 4	26 4	65 1	1 1	48 3	22 2	19 2	30 4	2 3	25 4	20 1	57 1	76 1	31 2	11 1	33 1	64 5	53 2	73 1	60 1	10 2
68 8	5 1	64 7	29 1	23 1	42 2	45 1	66 1	74 1	34 1	72 3	37 1	10 1	0 2	7 1	11 1	12 2	69 2	49 3	55 2	17 1	58 1	75 7	46 1	38 2	71 4	48 4	76 2	21 1	27 1	31 10	50 2	70 2	20 1	16 2	67 2	28 2	40 2	47 2	32 2	43 2	53 2	18 1	57 1	6 4	35 2	24 1	73 1	33 2	51 3	30 2	19 1	60 3	2 2	79 3	25 1	15 1	44 1	59 2	9 1	62 2	26 1	52 1	4 1	78 1	13 3	22 2	61 1	65 1	56 2	77 2	41 2	54 1	1 1	14 1	3 1	63 1	36 2	39 1	8 1
45 2	41 1	27 2	59 2	61 2	10 1	44 4	1 2	71 1	43 3	48 3	34 4	24 1	66 3	60 2	8 1	37 1	55 3	72 1	6 3	73 1	0 1	62 4	32 1	58 1	57 1	36 1	30 1	18 2	40 1	29 2	47 2	54 3	38 1	21 1	70 1	74 4	20 2	4 1	13 2	2 1	49 2	23 1	51 1	14 1	33 1	56 1	3 1	75 1	9 1	25 2	52 1	69 6	28 2	64 3	68 2	65 2	79 1	19 1	17 3	35 1	39 1	26 2	53 3	46 2	15 3	63 2	67 1	76 1	42 1	11 3	78 2	5 2	31 2	16 3	77 1	22 5	12 1	7 3	50 6
52 1	31 1	22 3	55 1	33 1	16 4	2 2	59 1	42 1	26 8	5 1	73 1	65 2	54 1	58 3	53 1	43 2	20 5	68 1	72 2	47 2	44 1	3 1	13 3	11 1	9 3	7 1	40 2	28 1	67 4	78 1	39 2	63 1	41 2	17 1	37 2	4 1	62 1	57 4	18 3	38 1	61 1	10 1	74 1	70 4	23 3	0 2	24 10	12 6	66 3	25 2	76 1	32 2	21 4	49 1	15 1	35 1	34 1	60 2	29 1	19 2	14 3	36 1	27 3	77 2	8 2	1 2	6 1	71 4	64 2	69 2	45 1	48 1	46 3	30 1	50 2	75 1	51 2	56 2	79 2
49 2	23 2	57 3	34 2	27 5	15 1	29 1	69 2	62 2	47 3	26 3	24 2	31 1	42 1	16 1	2 3	60 2	78 3	7 1	53 3	74 1	3 1	10 4	6 2	21 2	58 1	37 2	36 2	64 1	66 4	20 4	39 3	22 1	56 1	51 1	33 2	0 4	73 1	19 2	8 2	45 1	40 1	14 3	44 2	59 4	18 2	1 3	72 1	79 1	54 1	41 1	50 2	70 2	77 2	11 2	12 1	5 1	30 4	38 3	17 5	67 1	52 2	75 1	28 3	9 1	68 2	43 2	4 6	61 1	65 2	71 2	32 7	13 1	35 2	55 4	63 2	76 1	25 1	46 2	48 5
73 2	3 1	75 5	67 3	59 1	1 4	0 4	66 8	30 1	79 2	6 1	46 2	22 1	16 1	29 1	27 1	9 1	35 2	44 2	25 1	24 2	48 1	65 1	38 3	40 1	45 1	10 4	47 1	52 2	5 1	56 2	13 1	49 2	20 2	31 2	53 1	68 2	77 2	15 1	39 1	69 1	8 1	14 5	64 1	42 1	50 2	36 2	18 2	21 3	4 3	12 3	62 8	37 1	74 2	26 4	43 3	17 1	33 3	58 2	51 1	78 1	19 1	70 1	71 3	76 4	7 6	63 1	23 1	61 1	32 1	11 1	57 5	55 2	28 2	2 1	41 1	60 1	54 1	34 2	72 1
52 2	21 1	72 1	60 2	66 1	8 2	38 1	44 1	18 1	69 1	62 2	50 1	40 1	2 1	33 1	39 1	11 2	23 3	59 2	74 1	61 3	25 2	26 2	46 1	37 2	34 1	1 1	71 4	68 2	7 2	32 1	19 3	56 3	65 1	12 1	78 1	3 5	30 1	67 1	36 1	22 2	13 1	31 1	63 6	43 2	6 1	47 1	79 2	0 1	10 1	45 1	9 1	75 3	73 1	48 1	14 1	17 1	49 1	53 2	54 1	20 1	57 6	64 1	58 1	27 2	76 3	16 1	41 1	15 1	5 2	70 2	28 2	77 3	55 3	29 4	42 1	35 1	51 1	4 3	24 1
37 2	4 1	40 1	17 7	79 2	68 1	16 1	9 1	55 2	64 1	3 3	58 1	1 5	18 1	57 2	8 1	21 2	39 1	69 3	74 1	46 1	75 1	19 2	11 1	56 2	7 7	53 1	27 1	30 1	42 4	62 1	20 1	12 3	73 1	15 1	48 1	13 1	5 3	66 1	31 1	38 3	47 1	22 1	34 1	70 1	51 2	43 2	41 1	61 1	2 2	10 8	50 1	72 1	14 1	6 3	67 1	77 1	49 1	29 2	28 4	25 3	60 6	76 1	33 3	44 1	36 4	63 2	45 3	32 2	0 1	71 1	65 1	23 3	78 8	54 1	26 2	52 1	35 1	59 2	24 1
73 6	6 4	59 2	47 2	53 6	46 1	19 1	68 2	37 3	32 1	10 1	22 2	29 1	71 3	78 2	18 1	70 3	57 1	75 4	43 1	8 2	76 2	20 2	13 2	64 1	15 2	42 1	48 4	14 4	41 2	26 1	65 1	69 3	67 1	9 2	3 1	12 1	28 1	17 1	0 1	66 5	39 3	35 1	36 1	5 2	63 1	24 2	79 1	50 1	27 2	11 2	56 1	49 1	25 1	55 2	74 1	33 1	54 1	62 1	16 2	52 1	4 1	7 2	77 2	72 1	31 3	45 2	23 3	2 2	61 1	44 1	40 3	51 2	1 3	34 2	21 2	30 2	38 3	60 3	58 2
48 1	20 3	70 3	51 2	29 1	41 3	63 5	37 1	8 4	2 6	44 1	54 2	60 3	71 4	78 5	28 3	42 2	5 2	43 5	79 2	3 1	23 1	21 4	66 1	17 1	22 3	39 1	77 1	10 2	40 1	73 2	55 1	7 1	45 1	34 1	9 1	0 2	24 3	52 3	26 3	76 2	6 2	61 1	18 3	4 3	15 2	11 2	67 1	74 1	46 2	36 1	13 1	50 1	59 3	65 1	64 1	75 3	35 2	16 1	62 2	68 2	12 1	25 2	38 1	58 1	30 4	56 2	72 4	53 2	19 1	31 2	47 1	27 1	1 1	49 2	57 3	33 3	14 3	69 2	32 1
3 1	61 2	58 2	70 1	41 1	15 2	60 1	36 2	10 1	11 6	26 4	22 1	68 3	53 5	47 1	18 1	32 2	12 1	0 3	56 2	24 2	63 1	16 2	67 3	57 2	59 2	38 1	49 1	72 1	40 1	21 1	79 3	27 1	42 5	7 5	69 1	44 4	14 1	55 4	62 4	33 3	75 1	34 1	71 1	2 2	50 2	39 2	65 1	4 2	54 6	76 1	19 2	43 3	35 1	78 1	77 1	30 1	6 1	29 2	23 8	74 1	37 2	25 1	9 3	48 1	51 2	17 6	73 7	13 1	52 1	8 1	28 1	31 1	5 1	46 1	1 3	20 1	45 3	64 3	66 1
30 1	14 1	71 1	69 5	63 2	21 1	7 1	76 1	28 1	68 2	61 4	47 1	44 1	16 1	77 1	6 6	3 2	78 2	32 6	62 1	65 1	34 3	55 1	64 2	46 2	27 4	43 1	54 3	56 3	48 1	10 2	40 4	35 2	29 1	36 3	19 1	23 3	33 3	4 1	25 1	24 2	70 1	50 1	51 1	75 4	58 1	31 2	37 1	26 2	9 2	74 1	59 3	42 2	49 1	1 2	38 2	22 1	13 2	72 1	79 1	67 6	45 1	57 2	66 1	2 1	17 2	11 1	0 6	8 1	73 2	15 4	60 2	5 1	18 2	20 2	52 1	12 1	53 1	39 1	41 4
43 2	7 2	31 2	4 2	32 1	27 2	57 1	67 2	61 5	36 2	59 1	6 1	15 2	11 3	63 1	47 4	29 1	24 4	66 1	49 2	54 1	44 1	74 3	3 1	8 1	17 2	2 1	50 2	38 3	48 1	42 2	5 1	71 1	12 1	14 1	69 2	23 3	20 3	25 1	53 1	79 1	39 1	21 5	52 2	34 3	73 1	75 9	72 2	13 5	62 6	56 4	26 1	41 2	18 1	33 1	64 2	46 2	65 1	68 2	45 1	58 4	22 3	0 2	1 4	78 2	9 1	35 1	37 2	16 3	51 5	40 6	60 2	55 2	10 3	28 2	76 3	70 1	19 7	77 2	30 1
17 2	76 6	19 1	79 2	26 1	55 6	27 1	41 2	10 6	60 3	14 4	18 1	34 1	13 2	23 1	61 3	20 3	59 2	12 1	24 3	28 2	30 1	45 2	22 3	37 2	8 2	7 2	66 1	16 1	52 1	47 2	40 2	0 2	72 1	63 2	43 1	68 1	74 1	2 2	51 2	39 4	5 1	57 4	31 6	64 1	3 4	77 3	71 1	35 1	58 1	65 2	62 1	1 1	70 2	48 1	69 2	46 1	50 7	36 1	78 1	4 4	54 1	11 1	42 1	29 1	49 1	75 5	15 3	9 2	56 1	73 1	33 3	53 4	44 1	38 2	32 1	6 1	67 2	21 3	25 3
44 1	36 1	78 1	73 2	35 4	75 2	21 3	69 5	29 4	62 3	65 1	47 3	17 5	64 2	37 1	6 1	39 1	66 2	79 1	63 3	46 2	71 3	2 5	70 1	8 1	11 1	9 1	14 4	67 3	57 1	40 2	74 1	1 2	15 1	25 1	0 4	32 1	18 3	7 2	16 3	13 1	30 1	23 1	20 2	55 2	38 1	12 3	68 1	10 1	51 1	72 1	58 1	33 1	26 1	52 2	56 3	77 3	59 1	53 1	49 2	45 1	24 1	28 1	42 1	31 2	76 2	43 1	48 1	22 3	60 2	34 1	19 4	4 1	61 1	3 1	41 1	27 1	50 1	5 2	54 1
5 2	52 3	32 2	0 1	41 1	1 1	50 1	20 6	58 1	18 1	23 1	10 3	39 2	33 1	57 2	73 4	44 1	28 2	65 2	29 3	68 1	40 1	67 1	30 1	79 4	62 1	36 1	19 2	71 2	26 2	75 2	54 2	43 2	42 2	17 1	64 5	11 2	76 2	38 1	35 2	72 2	13 3	14 1	3 1	59 1	55 8	8 1	2 2	12 2	63 1	9 3	48 2	37 3	74 2	25 2	4 1	6 1	46 1	34 1	60 2	49 1	66 1	22 2	7 1	31 2	69 3	27 1	15 3	56 1	24 3	51 1	77 3	78 1	53 3	70 1	21 1	45 1	47 2	16 3	61 1
4 1	52 1	11 1	25 2	9 1	61 1	77 1	37 1	36 5	26 3	8 2	38 1	53 2	19 2	41 1	42 2	22 1	58 4	27 4	59 2	57 2	64 3	74 1	10 1	24 1	17 4	0 2	15 1	20 2	70 3	39 1	66 2	76 3	63 1	54 1	49 1	1 3	6 2	45 1	72 2	55 1	33 1	73 2	46 1	23 1	30 4	78 2	56 2	69 1	3 1	79 1	29 3	40 3	48 1	34 1	51 7	31 1	68 3	21 1	32 2	12 1	18 5	50 1	43 2	71 1	47 8	75 1	16 2	2 3	28 3	14 2	5 1	7 1	44 2	60 1	67 1	13 1	62 1	65 2	35 2
