90	60
47 1	7 1	15 2	10 2	32 2	12 2	4 2	52 1	21 2	34 3	6 4	42 1	1 2	19 1	2 2	58 2	26 2	30 3	0 1	11 1	48 3	56 2	13 2	50 1	38 1	22 2	27 2	45 2	40 1	17 1	9 2	55 1	23 1	25 3	51 2	8 3	41 2	39 2	37 2	44 5	29 1	43 2	57 2	28 4	24 1	49 1	20 1	5 3	14 2	54 1	3 1	31 1	53 4	35 3	16 2	36 5	33 1	59 1	46 1	18 2
55 3	18 1	46 1	25 3	22 1	4 1	59 2	20 1	41 1	58 2	1 3	11 2	28 1	7 3	2 1	31 1	49 2	0 1	13 6	17 1	39 1	8 2	54 2	37 4	5 1	30 1	35 2	44 2	40 2	14 6	16 1	6 1	15 1	52 1	23 5	33 1	56 5	38 1	9 6	50 2	21 3	29 2	34 1	24 1	26 2	27 2	51 1	45 1	12 4	36 3	3 1	57 2	47 2	53 1	10 1	19 1	48 2	43 1	32 1	42 1
49 6	42 2	14 1	50 1	0 4	37 2	31 5	1 4	30 1	6 1	56 2	41 1	39 1	38 2	29 1	54 2	11 1	48 1	15 1	55 1	33 2	58 4	9 2	17 2	7 1	51 1	10 1	46 2	28 4	20 5	23 1	2 2	25 1	4 2	8 3	35 3	32 1	22 3	36 4	21 1	40 1	3 1	12 1	53 2	27 3	24 2	5 2	19 5	57 1	13 3	59 2	47 1	16 1	18 1	26 1	34 1	52 2	44 4	45 1	43 5
26 1	10 1	2 2	38 3	8 2	0 1	21 2	33 6	59 1	56 1	24 1	43 6	54 2	50 1	52 1	53 1	37 1	34 1	25 2	44 4	48 2	17 2	57 1	13 2	20 3	31 2	32 2	27 6	40 1	18 2	29 3	3 1	15 3	23 2	49 3	7 1	6 4	4 1	5 2	51 2	46 4	28 1	41 2	47 1	9 4	36 3	11 4	14 3	58 1	45 1	19 2	12 3	42 5	39 2	55 1	30 1	22 6	16 1	1 2	35 2
48 7	37 4	29 1	55 1	51 1	4 7	46 1	6 1	57 4	20 2	36 1	33 3	28 1	22 1	52 1	34 1	18 1	32 1	2 1	30 3	45 1	58 1	15 1	47 1	38 5	42 1	39 7	49 2	53 1	13 2	14 2	8 3	21 1	1 1	40 2	35 1	3 1	54 1	5 1	41 2	10 3	9 1	24 1	16 1	11 1	56 1	50 2	12 1	59 1	31 1	17 5	25 3	27 10	19 3	7 1	44 3	43 2	23 1	26 1	0 3
17 3	13 2	25 2	58 2	16 2	26 1	6 1	12 2	51 4	42 2	18 1	44 2	56 4	19 1	27 1	22 1	21 5	33 1	7 1	20 1	31 2	53 2	48 2	36 2	41 2	50 1	39 3	15 1	59 1	4 4	57 1	1 1	43 2	11 1	45 4	14 1	49 1	2 1	32 4	40 1	5 3	3 2	0 1	29 1	46 4	28 1	35 1	8 1	37 1	9 1	24 2	54 1	23 4	30 3	47 3	10 1	34 2	52 2	38 4	55 1
11 1	53 2	12 3	23 4	57 1	45 2	33 1	26 1	17 5	3 1	30 1	41 4	8 1	48 1	18 3	42 5	35 2	31 5	25 1	40 1	9 2	29 2	14 3	39 1	56 1	52 1	38 2	50 1	6 1	2 4	28 1	59 1	0 1	15 1	46 1	49 1	21 3	24 1	47 1	51 4	19 1	36 6	43 1	54 2	44 5	16 1	22 1	4 1	1 1	27 5	32 1	58 1	13 1	37 3	5 1	34 2	10 4	20 1	7 3	55 1
48 1	40 1	20 3	46 2	17 1	50 1	21 2	53 7	15 3	42 5	2 4	16 2	23 2	35 4	25 3	45 3	19 1	14 3	39 2	3 4	29 2	59 1	12 3	32 2	22 1	8 4	38 2	47 1	55 1	43 1	30 4	36 1	57 1	34 2	5 3	51 3	33 1	56 1	58 2	13 1	41 2	27 2	37 2	26 2	9 1	52 1	44 6	0 3	7 1	28 6	4 5	24 1	6 2	10 7	18 1	31 3	11 1	54 2	49 1	1 2
5 1	42 1	36 1	51 4	47 1	10 1	22 1	59 2	45 4	41 1	3 4	1 1	25 1	14 1	4 1	24 1	48 5	30 3	37 2	58 3	2 1	17 2	28 1	32 3	9 1	8 1	29 3	20 5	52 1	43 1	57 1	16 3	34 3	19 2	53 5	26 1	49 2	6 1	12 4	7 6	50 1	40 1	0 1	39 1	21 1	18 1	54 1	33 2	44 1	38 1	11 1	35 6	46 3	23 1	31 2	55 1	13 1	27 1	15 2	56 7
37 1	40 2	32 1	46 2	21 1	53 1	27 2	17 2	34 1	52 1	30 1	57 6	19 1	50 3	26 2	15 1	14 3	41 2	38 1	3 6	58 3	9 3	59 5	31 1	16 2	55 2	12 1	5 4	4 1	35 3	20 1	44 1	47 1	22 2	11 4	24 4	0 2	36 1	18 2	25 2	28 1	43 1	56 2	49 4	45 1	13 2	51 1	8 1	7 2	1 1	10 3	23 5	39 1	29 1	6 3	33 1	48 1	2 1	54 1	42 1
53 1	25 4	5 2	1 1	55 2	7 2	13 2	16 1	58 2	22 1	30 1	19 3	52 3	50 1	34 1	3 3	20 1	39 2	54 1	23 2	24 2	48 1	21 1	56 1	38 2	12 3	28 2	29 7	4 2	45 1	57 2	27 3	2 7	37 1	43 1	44 2	41 3	47 1	14 1	51 1	32 2	0 1	26 5	8 4	40 1	42 1	6 3	36 4	15 6	9 1	46 2	11 1	10 7	35 1	59 2	31 4	33 2	49 2	17 1	18 3
26 1	25 2	14 1	17 2	32 1	1 3	35 1	34 2	19 1	43 3	36 3	47 3	24 2	21 1	50 1	38 1	53 1	4 1	49 4	57 1	48 3	44 2	51 3	42 1	0 1	31 1	10 1	16 4	28 4	2 1	8 1	39 1	30 1	7 1	40 1	15 1	54 6	23 1	5 2	55 1	52 2	12 3	41 1	59 2	6 1	58 3	11 1	45 1	22 5	27 1	18 2	20 3	56 1	29 7	9 1	46 1	3 1	37 1	13 4	33 2
7 1	52 3	43 2	14 2	50 5	26 1	45 1	25 2	40 2	33 1	34 1	51 1	1 1	56 1	57 1	9 1	29 2	16 1	23 1	58 3	55 1	19 1	32 2	6 1	36 1	49 1	17 1	4 1	5 1	47 1	0 1	20 1	10 1	13 1	28 1	11 4	22 4	54 2	27 2	15 2	30 2	3 1	48 1	8 1	31 6	44 5	38 2	37 1	21 1	2 4	35 1	53 1	41 1	42 3	24 1	18 3	12 1	59 4	39 1	46 3
49 3	32 3	19 1	28 4	57 1	39 1	59 1	3 1	44 1	41 3	31 1	56 2	54 1	58 6	10 3	37 2	53 2	55 1	11 2	18 3	9 2	35 8	12 2	34 9	6 3	7 3	47 1	24 3	23 3	16 1	30 1	27 4	46 1	14 1	48 3	36 1	4 2	25 2	33 1	22 3	29 3	2 1	13 1	43 1	15 1	51 1	26 2	1 3	21 1	5 1	8 1	20 1	17 1	52 3	42 1	40 1	50 1	38 1	0 1	45 3
50 3	52 2	5 1	32 1	31 1	41 1	39 3	1 1	4 1	2 3	10 2	58 1	44 3	38 6	12 1	26 1	34 4	8 1	23 1	19 5	29 1	16 1	28 1	24 1	13 4	49 4	47 3	45 2	6 2	53 1	43 2	33 2	56 2	15 1	17 2	22 1	9 2	20 1	36 2	48 1	46 2	3 1	14 1	30 1	21 2	37 1	27 1	51 1	57 1	54 1	35 4	7 1	59 2	25 2	11 1	18 1	55 1	42 2	40 3	0 1
35 1	18 3	58 3	37 1	34 1	56 1	39 1	23 1	28 10	51 7	3 1	53 1	30 1	16 1	9 1	40 1	26 1	55 2	32 1	6 5	24 1	42 1	12 3	21 3	5 1	1 2	43 1	17 2	31 3	7 4	11 4	14 3	45 1	48 1	13 1	54 2	46 1	59 2	50 3	27 1	15 1	38 6	36 1	19 2	47 1	0 2	33 1	10 3	57 2	20 1	29 1	52 1	8 1	41 2	22 5	44 1	2 1	4 2	49 2	25 1
2 3	45 1	5 1	18 2	15 1	32 4	37 1	54 4	7 2	25 2	16 3	9 7	42 3	46 4	10 1	48 1	50 2	0 2	43 3	4 1	21 1	1 1	51 4	20 1	12 1	33 2	41 1	17 3	6 2	58 1	47 1	57 1	56 9	29 1	19 2	8 2	11 2	27 1	40 1	36 1	28 3	13 3	55 4	35 1	49 3	30 2	3 1	14 3	31 2	38 2	22 1	23 2	26 2	44 2	53 2	59 3	24 1	34 1	39 1	52 1
6 4	58 4	27 2	10 4	4 4	3 1	15 2	45 1	14 3	59 8	20 1	18 1	40 2	17 2	32 5	48 1	41 2	13 4	28 1	47 2	8 3	19 1	22 3	11 3	50 3	39 1	21 1	57 1	54 4	44 2	37 1	31 1	12 2	43 1	34 1	46 2	55 1	26 1	2 2	9 1	33 4	16 2	52 1	25 2	23 2	56 4	1 1	7 1	29 4	30 1	0 1	38 1	36 2	51 1	24 3	49 1	5 1	35 1	42 1	53 2
49 1	50 1	25 1	39 1	32 2	22 6	4 5	28 1	11 2	44 1	31 2	46 2	54 3	59 1	42 2	5 1	23 2	20 3	41 1	57 2	55 1	56 1	36 2	13 1	33 1	16 1	14 1	2 2	34 1	45 2	17 1	10 4	37 2	21 1	1 1	43 5	58 1	24 1	0 2	40 2	19 1	7 1	47 4	9 1	52 1	27 2	8 8	6 5	48 4	29 2	38 1	15 3	26 1	3 7	35 1	18 2	51 1	30 2	53 1	12 2
28 1	42 2	17 6	30 1	1 1	40 3	27 1	51 1	25 2	2 2	4 1	32 5	23 3	9 1	8 1	15 5	39 1	22 1	38 2	12 2	48 1	33 1	16 1	59 1	21 1	20 1	45 5	13 1	3 2	36 1	52 3	46 1	41 2	54 1	44 5	58 2	26 1	35 1	14 1	6 2	5 1	34 4	47 1	55 1	0 1	50 7	29 1	53 4	19 1	37 1	11 4	31 1	18 3	10 2	49 1	43 2	57 4	24 4	7 2	56 1
0 1	12 2	51 1	5 1	7 2	57 1	44 2	48 3	29 2	34 2	36 6	43 2	37 4	45 1	14 3	10 1	32 1	39 2	41 3	53 6	52 2	47 1	54 1	21 1	9 1	6 3	30 3	40 3	31 2	56 8	17 1	15 1	46 2	16 5	59 2	55 2	25 2	1 1	33 1	20 2	42 1	4 2	2 1	26 2	49 2	8 3	23 2	35 1	27 3	13 1	3 3	22 1	50 3	28 2	18 2	11 1	24 4	38 1	19 1	58 2
9 2	41 1	17 1	21 16	37 1	47 1	16 1	26 2	22 1	56 4	49 1	36 2	1 3	51 2	39 1	50 4	44 1	11 2	15 1	5 1	59 4	0 2	57 4	10 1	53 2	20 2	12 2	7 1	14 1	31 2	19 4	38 2	43 1	40 2	33 1	52 1	46 1	27 1	2 4	28 1	29 4	3 3	25 1	8 3	6 2	30 2	18 4	42 3	34 1	48 1	32 2	24 4	45 1	35 8	58 9	4 1	55 3	23 1	13 5	54 1
10 1	42 3	26 3	53 1	20 3	31 1	54 5	7 2	17 1	57 4	36 3	55 2	48 2	43 2	1 4	0 1	32 2	51 3	14 3	52 2	49 1	37 1	21 1	5 7	22 1	24 1	30 1	18 3	59 1	58 1	9 2	27 1	41 1	3 1	23 2	33 2	8 6	12 2	44 10	45 1	4 1	40 1	38 1	29 2	6 2	50 1	15 1	2 1	35 2	34 1	19 2	39 1	16 3	28 1	11 1	47 1	25 1	56 1	46 3	13 1
24 1	28 2	47 3	53 2	22 1	17 5	52 1	46 1	11 1	50 2	7 2	48 1	1 1	13 2	21 2	55 4	36 2	18 8	25 2	23 1	39 1	29 1	8 5	41 1	26 2	12 1	20 1	14 4	34 2	6 2	27 1	56 4	35 1	38 1	16 2	2 1	42 3	58 1	49 1	30 3	40 1	37 1	0 1	4 1	57 1	9 1	3 3	51 4	10 6	43 2	59 1	15 2	32 3	45 1	54 3	5 1	19 1	44 1	31 3	33 2
12 2	2 4	35 5	4 2	51 1	50 2	8 1	0 1	26 2	49 1	21 1	17 2	18 1	54 1	38 1	32 3	25 1	27 2	57 7	13 1	23 2	41 1	28 3	56 2	39 1	45 2	55 9	46 5	15 1	37 1	1 2	22 1	53 1	58 1	48 3	43 2	52 5	3 2	47 2	30 1	6 2	16 1	19 1	5 3	34 1	59 2	44 2	9 7	40 1	7 1	31 2	33 3	29 1	11 4	24 1	42 4	36 3	10 1	20 1	14 2
7 3	13 2	25 2	10 4	4 1	51 1	37 1	33 1	36 1	5 3	17 2	28 1	14 4	44 1	16 1	52 1	31 1	38 1	21 1	41 3	50 1	32 4	20 1	15 1	29 3	26 2	39 2	12 1	0 2	42 1	27 5	58 2	53 4	54 2	35 1	30 3	23 1	24 3	46 5	22 1	57 1	11 5	47 3	8 2	45 2	55 1	43 2	19 1	56 3	6 2	34 1	40 2	18 1	1 2	3 1	9 2	49 2	59 8	48 2	2 2
15 2	22 1	18 3	28 1	6 1	24 5	9 1	49 2	7 2	11 1	8 1	16 1	29 1	0 1	32 1	1 1	20 1	46 1	58 1	14 3	39 3	52 4	21 1	26 1	13 1	42 1	57 1	40 1	33 1	37 2	48 1	41 1	55 3	59 2	50 2	54 2	36 2	19 2	23 3	2 1	5 2	35 1	4 1	3 1	53 1	43 2	25 2	38 1	31 1	47 1	10 6	30 3	51 3	34 5	12 1	27 1	45 1	56 1	17 2	44 1
16 3	52 5	26 2	34 3	28 1	47 3	13 1	21 2	30 3	1 1	19 1	2 1	17 3	5 1	27 3	36 2	38 1	45 2	41 1	7 1	35 1	12 3	32 1	24 1	9 1	6 1	3 3	59 6	10 1	31 2	8 2	20 1	15 1	37 1	43 4	22 2	58 1	46 6	53 1	33 1	0 2	18 1	29 1	51 2	23 2	39 1	44 2	55 1	54 1	40 1	49 4	42 4	14 1	25 1	48 1	50 1	57 10	56 2	11 3	4 3
24 2	18 2	6 1	45 4	3 2	0 1	7 1	14 5	35 1	29 5	21 3	8 1	58 1	28 1	19 1	12 1	56 3	30 1	20 2	37 1	57 2	47 3	33 2	43 2	23 1	59 4	17 1	41 1	32 1	10 2	4 1	36 2	31 1	40 3	34 3	11 2	13 2	52 1	9 1	50 2	46 2	48 2	38 1	5 4	22 5	51 1	53 2	16 1	55 1	27 3	42 1	1 2	26 6	15 1	2 1	49 4	25 2	39 4	44 2	54 1
13 2	1 1	24 2	19 3	59 3	33 1	27 1	14 2	8 3	26 1	18 1	12 2	22 7	38 2	17 1	49 6	47 1	0 5	25 2	30 1	9 1	58 3	56 1	44 5	29 2	6 2	40 3	41 1	43 1	37 2	52 2	11 5	21 1	48 4	10 1	31 2	15 1	51 1	36 5	55 5	2 3	3 1	46 2	4 1	23 2	32 2	28 2	16 3	35 5	39 1	34 3	54 3	7 2	42 1	5 1	57 1	50 4	53 2	20 2	45 2
46 1	49 1	31 1	29 3	35 1	21 2	48 2	55 3	10 1	39 3	17 3	2 5	54 4	52 1	3 1	43 2	14 2	59 1	37 2	42 1	34 4	38 4	15 2	24 4	26 2	13 3	5 2	53 2	6 2	0 3	30 1	16 1	12 1	51 1	57 1	22 1	44 4	45 1	56 2	28 1	20 3	25 3	27 1	41 1	18 1	32 1	11 1	40 3	19 1	8 1	23 2	7 1	36 1	1 2	4 1	58 1	33 2	9 1	47 1	50 1
14 4	12 3	31 3	51 2	48 3	24 1	29 2	9 4	35 2	56 1	6 1	28 1	49 1	37 3	4 1	43 1	34 2	21 1	8 1	16 2	18 1	32 1	38 1	15 1	7 3	59 1	20 1	11 1	50 3	27 5	25 3	47 2	53 2	13 1	42 6	33 2	5 2	26 3	44 1	39 1	54 2	2 2	57 1	41 1	1 5	45 1	55 2	40 1	46 1	36 2	17 2	19 3	30 1	10 2	3 4	52 1	0 3	58 5	23 2	22 2
39 1	10 1	25 2	48 2	37 5	38 1	22 5	29 1	13 1	24 4	36 2	40 3	35 1	46 3	54 2	19 5	59 1	56 1	58 2	47 1	1 3	49 3	50 2	26 4	2 1	34 3	53 1	27 2	21 1	17 4	0 1	45 1	9 1	14 5	5 4	4 6	18 2	44 5	32 3	16 1	33 5	6 1	11 1	55 3	7 2	31 1	57 1	52 1	8 3	12 2	30 1	20 1	28 1	15 3	43 1	23 1	42 1	41 1	3 1	51 2
45 1	17 1	33 5	54 1	30 3	29 1	49 1	2 1	0 1	22 1	18 1	57 1	42 3	14 3	40 3	39 1	36 2	43 3	8 1	4 1	44 1	3 2	47 2	59 3	6 1	13 1	20 3	55 2	31 1	53 1	11 1	12 1	15 8	19 1	26 1	32 5	1 1	27 3	9 1	23 1	7 2	48 4	41 3	35 1	16 2	58 1	56 1	46 4	50 2	5 4	38 1	21 2	25 2	24 1	28 1	34 2	51 1	10 1	37 5	52 5
11 3	23 1	7 1	9 1	14 1	31 4	24 1	55 2	16 1	38 2	36 1	27 1	57 3	50 1	40 2	45 1	13 1	43 1	20 1	2 1	19 3	33 4	37 2	0 2	29 1	18 2	48 1	49 4	1 1	30 3	34 1	28 2	56 1	35 2	58 1	51 1	4 2	52 1	54 2	17 1	10 1	59 1	26 1	12 2	8 3	53 2	22 1	41 2	42 4	47 1	32 6	39 1	3 1	21 2	6 1	44 3	5 4	15 1	46 5	25 1
56 7	49 2	23 3	11 1	36 6	16 4	21 3	46 3	24 2	0 1	55 2	52 3	34 1	6 1	9 4	30 1	41 2	37 1	13 1	12 1	20 3	54 5	43 3	4 2	10 3	50 2	1 1	7 3	8 2	32 2	28 2	35 2	17 1	15 3	59 1	27 4	42 1	19 1	53 1	57 5	14 2	58 2	25 1	51 1	33 1	26 4	5 5	44 1	38 5	3 3	40 1	48 1	29 4	31 1	47 1	2 1	39 1	45 3	22 3	18 1
54 1	45 1	18 4	24 4	5 4	57 2	41 4	44 1	4 3	25 1	1 1	16 1	46 1	14 7	9 1	40 3	20 1	33 5	13 1	8 2	21 2	50 2	31 1	42 1	12 2	28 3	30 1	34 1	15 1	10 1	47 1	2 1	26 2	19 2	27 1	56 4	6 6	52 1	53 1	7 3	58 3	39 2	23 1	22 2	38 1	51 1	37 4	55 3	29 2	11 1	49 2	3 2	43 4	32 2	36 2	59 1	0 5	35 2	48 1	17 3
27 1	48 1	12 1	14 7	25 1	54 5	32 3	37 2	50 2	23 1	38 1	3 1	1 2	28 6	35 1	47 2	52 1	20 1	57 3	10 2	29 2	2 1	15 5	6 1	36 1	43 1	44 1	53 2	58 2	46 1	49 2	51 1	26 6	24 2	59 2	33 1	40 1	22 2	11 1	13 1	4 1	34 1	5 4	19 2	45 3	8 1	30 1	21 3	7 2	39 2	16 3	18 1	17 1	0 4	41 1	56 1	9 3	55 1	42 1	31 2
22 1	24 2	57 1	54 5	27 2	46 3	38 1	48 1	53 1	25 1	14 1	45 1	10 1	33 3	19 1	41 1	26 1	40 1	35 5	31 2	36 5	7 3	58 5	21 2	30 3	17 1	47 1	16 2	0 3	29 1	51 1	11 2	1 3	32 1	43 2	49 3	12 4	20 2	52 1	23 1	28 1	3 2	15 1	50 1	59 2	44 4	42 1	34 1	5 2	39 2	8 1	9 2	4 3	13 1	6 1	2 2	56 3	55 1	37 3	18 1
36 2	18 3	39 4	9 3	29 2	20 4	32 2	59 1	35 2	2 5	50 2	15 1	21 1	28 2	24 3	47 1	10 1	43 1	45 2	0 2	7 2	13 4	22 1	26 1	58 3	33 2	5 6	44 2	51 2	8 2	17 1	52 1	57 4	11 1	49 2	55 2	27 1	54 1	56 2	31 2	53 2	3 1	48 1	23 1	16 2	34 1	14 1	42 2	41 1	19 1	1 2	40 1	25 2	37 2	4 2	6 3	30 1	12 1	38 4	46 3
29 1	19 2	7 1	43 5	46 1	5 1	34 2	9 2	22 2	15 2	36 1	13 3	35 1	55 1	11 2	16 1	45 1	47 1	53 2	32 3	1 1	39 1	59 2	12 1	18 2	26 7	31 2	56 2	40 2	10 1	23 1	52 1	2 1	0 1	4 1	21 1	58 1	28 1	20 1	27 1	30 2	44 4	50 2	51 2	24 1	25 3	57 1	33 1	14 2	54 4	8 1	37 2	41 3	6 1	38 1	17 3	49 1	3 2	42 1	48 1
18 1	19 2	55 1	26 1	16 1	8 1	33 2	38 3	37 2	39 3	44 3	20 1	11 5	6 1	41 2	58 2	54 1	35 1	4 2	52 16	53 1	49 1	47 4	29 2	23 2	15 3	9 2	36 1	31 3	34 1	32 3	24 1	7 1	46 1	30 1	57 2	25 1	3 2	28 1	50 1	56 1	48 1	0 1	45 1	2 1	51 2	12 1	42 4	27 1	21 3	5 1	40 2	14 5	22 2	17 2	43 1	59 3	13 1	10 1	1 3
13 1	22 2	55 2	5 1	7 3	48 1	51 2	32 3	39 2	43 1	38 3	28 1	15 1	54 1	44 1	0 2	42 2	18 1	9 1	23 1	4 1	31 2	59 3	26 2	24 1	27 2	20 1	30 3	33 1	2 3	1 5	49 1	34 2	58 3	19 1	21 1	12 2	37 4	25 1	50 2	36 1	57 4	47 2	3 3	6 1	46 1	45 2	52 2	16 1	10 1	11 1	17 2	40 4	41 2	8 1	35 1	14 1	53 1	29 1	56 1
10 2	16 2	11 4	3 3	56 1	33 2	46 5	37 1	47 1	31 1	57 1	1 2	22 1	59 1	0 4	13 1	27 3	42 1	23 1	36 2	32 2	24 1	44 1	12 1	45 2	30 2	38 1	34 1	7 3	51 1	43 1	2 1	39 3	20 1	49 1	14 1	21 2	41 1	35 1	18 2	40 3	29 2	5 3	8 1	19 1	55 1	26 2	15 4	17 2	53 1	48 2	28 1	50 1	54 3	58 5	6 2	9 1	4 2	25 1	52 2
0 2	11 1	10 1	52 1	2 2	32 1	33 1	38 1	18 1	46 3	34 1	4 2	9 4	49 2	39 1	43 1	23 2	59 1	56 3	55 2	24 1	21 3	7 2	25 3	50 2	51 3	19 1	16 3	47 3	36 1	20 1	1 1	22 2	14 1	31 2	15 3	6 2	53 7	5 1	17 2	8 6	44 3	29 5	42 10	37 1	40 1	58 1	27 2	48 3	54 2	13 2	57 1	35 2	3 1	45 1	28 1	30 2	41 1	26 2	12 1
18 1	56 4	51 4	0 2	11 2	29 5	58 1	10 3	54 1	45 2	46 3	5 3	55 1	19 1	4 1	39 1	31 1	22 2	27 1	6 2	53 2	20 6	59 5	23 6	3 1	8 3	44 1	57 3	13 2	33 2	1 1	30 1	49 1	35 1	52 1	14 3	2 2	28 3	21 2	16 1	25 1	48 2	9 1	47 3	17 7	37 11	50 3	38 2	7 3	15 2	36 6	40 1	24 1	43 3	42 1	34 1	12 2	32 5	41 3	26 1
50 1	48 1	41 4	51 3	26 2	2 1	28 2	29 5	55 2	22 1	56 2	18 1	7 4	35 5	36 2	5 2	27 1	47 1	4 1	13 1	46 1	33 2	1 2	25 4	9 2	42 3	24 1	57 1	11 1	20 5	49 2	8 1	37 2	38 1	12 2	0 4	59 1	58 1	15 3	53 1	40 2	3 3	52 3	31 1	39 2	6 2	34 1	30 2	32 3	16 1	45 1	23 3	43 2	21 2	10 3	44 2	17 1	54 3	14 3	19 3
38 1	12 1	14 1	0 1	5 2	31 4	28 2	30 3	44 2	17 1	10 3	51 7	34 1	36 1	16 3	41 1	3 1	15 1	53 1	50 1	32 1	11 2	20 1	52 3	45 1	21 2	23 1	43 2	55 5	57 2	7 1	13 1	48 4	33 2	37 2	1 1	25 1	22 1	18 3	35 1	59 2	26 2	47 1	46 1	42 4	39 2	9 2	24 1	2 1	56 2	58 1	6 2	4 2	40 1	29 1	8 1	54 7	19 3	27 4	49 1
40 2	21 1	10 2	14 1	30 2	31 3	20 2	55 2	38 2	57 1	3 5	11 2	19 2	23 1	26 2	37 2	5 3	49 1	50 1	48 6	54 2	24 1	56 3	6 1	43 2	53 1	0 2	44 1	25 1	22 2	15 3	35 1	33 1	12 2	42 2	4 2	2 1	7 1	41 1	18 2	1 3	59 3	39 4	52 1	16 1	28 1	8 9	34 3	47 1	36 2	9 3	51 1	45 5	27 3	17 4	13 1	58 4	46 1	32 4	29 2
46 3	41 1	52 1	7 2	53 1	19 3	42 1	38 1	6 3	44 5	40 2	58 1	36 1	5 3	34 1	39 4	10 3	8 1	54 1	0 2	24 2	15 3	2 4	59 1	48 1	14 1	33 1	21 2	50 1	51 4	31 1	30 2	47 3	22 1	3 5	25 1	29 3	20 1	4 4	12 4	55 1	32 2	11 2	18 1	17 3	28 3	57 3	27 4	45 2	13 1	56 1	26 1	37 1	43 2	23 1	9 1	16 1	1 1	49 1	35 5
48 1	46 1	7 1	18 2	47 1	9 6	51 2	13 6	53 1	14 2	49 1	20 3	52 1	26 5	33 3	38 3	58 1	29 3	0 2	23 2	42 3	34 1	6 1	55 3	41 3	44 1	35 1	21 1	4 3	1 6	25 1	16 1	40 5	59 1	50 2	24 4	10 2	8 1	36 1	57 1	17 2	2 2	37 1	31 3	32 2	56 1	5 1	27 1	15 1	54 1	30 3	39 2	3 1	12 2	19 1	11 2	22 5	28 1	43 1	45 2
0 2	6 1	44 1	54 2	53 1	51 3	39 1	48 4	50 4	13 1	32 2	22 3	56 1	12 1	38 6	15 2	16 1	58 1	19 1	49 2	33 1	23 1	45 2	14 1	7 1	9 1	10 2	59 1	40 2	27 1	3 2	57 1	4 1	30 1	17 2	26 3	42 3	21 5	47 4	24 1	28 2	46 2	34 3	5 1	37 1	8 1	25 3	36 4	43 1	35 1	2 1	31 2	11 3	41 1	18 2	1 1	52 4	55 1	20 1	29 1
50 1	16 1	45 3	5 5	48 2	44 1	24 1	30 2	21 3	20 1	29 2	19 4	58 1	0 1	57 3	23 1	22 9	6 4	33 1	51 1	59 3	28 1	4 3	56 1	35 3	36 2	38 2	37 1	18 2	1 2	42 1	31 2	41 3	54 2	55 1	52 2	32 1	8 2	46 3	12 4	17 3	27 1	9 1	39 2	14 1	13 1	43 2	3 2	34 1	47 4	49 1	15 4	53 2	25 1	2 2	26 5	11 1	7 2	10 2	40 4
59 4	21 1	42 2	34 1	12 3	53 1	11 2	32 2	25 2	17 1	28 1	41 2	43 1	45 5	15 1	49 1	35 1	38 1	10 1	9 2	50 2	13 5	6 3	57 1	8 4	1 3	52 1	27 1	36 2	33 6	48 1	18 3	2 1	55 2	4 1	31 1	56 5	44 7	46 1	20 1	3 5	51 3	30 1	47 1	26 4	58 3	14 5	24 2	23 1	5 1	40 1	16 1	19 2	39 5	37 2	54 1	0 1	29 3	7 3	22 1
34 1	41 1	42 6	39 2	59 2	30 2	49 2	4 1	27 1	8 1	55 2	46 2	40 1	38 2	2 1	56 1	51 4	52 1	36 1	31 2	16 2	19 2	37 1	3 1	35 3	50 6	14 2	28 3	12 1	6 1	18 1	29 3	23 1	48 2	53 1	13 1	21 2	22 1	0 2	9 3	1 1	54 1	24 1	5 1	26 1	11 2	44 2	25 2	57 1	45 3	10 3	7 2	58 1	33 1	15 1	20 1	43 1	17 5	32 1	47 3
2 1	50 3	28 1	7 1	36 2	30 2	48 3	18 1	24 1	59 2	58 1	32 4	8 1	11 2	47 4	41 1	57 5	15 3	14 4	38 2	22 1	54 1	55 2	26 1	42 1	46 1	17 2	49 3	39 1	5 4	44 1	56 1	1 1	34 3	9 2	53 5	16 1	33 1	6 5	29 2	19 1	20 2	43 2	45 1	23 2	4 3	12 3	21 2	40 5	0 1	51 1	52 1	27 2	13 1	37 1	25 1	10 2	31 4	35 2	3 2
40 2	42 1	33 3	53 1	44 1	32 1	31 2	57 2	27 2	4 1	28 2	17 1	9 1	37 1	30 1	48 2	43 1	22 1	55 1	8 2	34 3	1 4	29 1	16 4	3 1	12 1	58 1	18 4	20 2	39 1	36 3	26 1	2 4	25 2	49 5	21 4	38 1	11 1	10 2	15 3	54 1	13 3	47 1	23 3	5 3	50 4	14 2	6 1	19 2	7 1	35 2	46 2	45 1	51 2	59 2	0 4	24 3	56 1	52 1	41 1
3 2	43 2	48 3	40 4	27 3	15 1	29 1	31 1	5 2	7 5	11 1	9 1	12 1	24 2	42 1	37 2	20 1	47 2	35 1	18 1	38 2	52 1	16 1	21 3	14 1	4 2	19 2	32 4	58 1	23 1	46 1	54 2	57 1	10 2	13 2	22 6	26 1	30 3	49 3	0 4	6 3	17 1	50 1	33 3	45 1	2 1	28 6	51 3	39 1	41 2	44 4	25 2	56 1	1 1	55 1	34 2	8 1	36 1	59 1	53 2
8 3	35 2	37 2	3 1	36 4	53 1	27 4	34 6	59 2	38 2	16 1	40 2	31 1	21 3	25 1	4 3	58 1	30 1	43 1	19 1	22 1	14 3	12 3	47 3	45 1	15 1	51 4	23 3	13 2	20 3	39 1	1 2	2 5	33 4	56 4	11 3	54 3	26 2	55 1	52 1	42 1	28 2	7 2	44 2	32 2	48 4	29 1	10 1	18 1	41 1	5 1	24 1	9 1	0 4	46 1	17 1	49 1	6 1	57 3	50 1
11 2	32 1	56 1	35 1	20 1	6 1	34 2	59 2	37 6	0 2	21 2	46 5	57 1	30 3	53 1	17 1	22 1	24 1	33 1	27 3	19 2	16 3	52 3	58 1	44 2	8 1	43 3	50 2	5 1	18 1	26 1	13 1	40 7	25 1	23 3	38 1	45 1	48 2	28 3	15 1	31 2	1 2	12 1	39 2	9 2	47 1	51 2	54 2	55 1	14 2	29 5	10 1	2 5	41 1	3 4	42 5	49 3	36 1	7 1	4 4
27 3	42 1	13 2	32 1	45 2	15 2	31 1	29 1	53 1	33 1	14 2	28 1	22 1	7 1	48 7	41 1	17 1	19 2	57 2	49 3	46 4	59 2	1 2	58 1	50 2	6 1	3 2	2 2	18 3	38 3	20 4	43 1	47 2	21 2	4 2	5 1	11 1	30 1	25 1	12 3	51 5	0 1	40 3	44 1	36 2	9 1	35 1	55 1	24 1	34 1	10 1	39 5	26 1	52 2	54 2	37 1	56 1	16 1	8 1	23 1
22 1	1 3	9 1	5 3	3 2	46 3	26 3	4 5	24 2	43 2	18 1	52 3	39 4	42 1	2 1	53 3	45 1	57 1	36 1	15 1	17 2	50 3	44 1	49 1	10 1	27 4	0 1	7 1	37 3	25 2	19 3	35 2	54 1	48 1	20 1	11 2	29 1	51 3	6 1	56 3	40 1	28 7	23 1	47 1	55 2	58 1	16 1	34 1	30 1	14 1	59 2	41 2	31 3	12 1	33 5	38 1	13 1	21 2	8 1	32 1
28 1	37 1	56 1	27 1	57 4	23 1	53 1	8 2	39 5	47 1	21 1	29 3	12 3	7 2	35 1	59 3	52 3	48 1	51 1	40 1	44 2	33 3	26 1	25 1	3 1	20 1	13 2	15 4	5 3	45 1	41 1	54 1	19 4	50 6	0 1	1 2	58 1	49 1	36 1	10 2	30 1	31 1	42 1	14 4	2 3	34 2	4 4	18 1	32 2	9 1	16 1	24 2	46 11	22 3	43 1	17 1	38 1	55 3	11 6	6 5
58 2	18 2	47 4	50 1	12 3	22 7	42 3	24 5	54 6	55 2	14 1	3 1	25 1	11 1	31 2	1 1	56 1	15 1	20 1	41 1	7 1	49 1	51 7	29 1	53 1	38 2	57 1	32 1	21 6	6 6	33 2	16 10	9 1	5 1	28 3	39 1	2 3	0 3	44 1	19 2	23 1	36 2	4 3	40 1	26 2	37 3	13 1	35 1	27 1	45 6	17 2	34 3	52 2	48 3	59 1	43 6	8 3	10 1	30 1	46 1
4 1	9 6	16 5	5 4	44 3	7 1	41 1	54 3	25 1	20 2	34 1	46 2	40 2	18 3	26 1	23 1	12 2	2 1	51 3	52 3	58 1	53 2	30 1	21 2	55 1	27 2	50 1	56 4	22 1	59 1	10 1	19 3	32 2	14 3	42 2	47 2	31 5	45 3	35 5	37 1	6 1	38 1	39 1	43 1	48 6	49 3	29 1	36 1	13 4	15 1	28 3	11 2	57 1	8 2	1 1	24 8	0 2	17 1	33 4	3 2
6 1	47 1	15 1	45 8	34 1	26 2	38 3	49 2	23 1	10 1	5 3	53 2	54 2	42 1	46 1	17 1	14 3	30 2	59 1	55 1	2 1	58 1	0 1	24 1	3 3	12 3	50 2	9 2	37 1	28 1	32 1	29 1	22 1	51 2	48 1	35 1	8 4	57 2	16 3	56 2	4 3	40 2	36 1	41 2	44 1	1 1	20 2	25 1	21 3	33 2	11 3	7 3	27 1	43 1	31 2	39 4	52 1	18 1	13 1	19 1
47 2	32 1	31 3	25 1	50 2	40 1	19 1	35 2	17 2	29 1	1 4	6 2	23 1	44 2	0 1	16 1	33 1	34 1	24 2	58 1	13 1	45 1	57 2	10 1	55 2	46 1	30 1	37 2	56 1	52 1	53 1	49 1	27 1	4 1	8 2	54 2	43 2	15 5	3 1	20 5	39 2	11 2	18 2	51 3	12 3	7 1	59 1	26 1	21 1	2 4	41 1	5 1	38 1	42 1	36 2	48 1	14 1	9 4	22 2	28 1
35 1	44 3	51 1	5 1	45 5	24 6	26 2	48 1	28 2	7 2	11 2	49 1	9 1	52 1	0 2	6 1	25 2	32 2	14 1	29 1	27 1	4 3	2 1	46 1	38 2	33 2	34 3	41 1	3 4	23 1	16 1	37 1	18 1	31 3	22 3	1 5	15 2	39 2	47 1	12 2	58 2	13 1	21 2	10 1	17 1	36 1	57 1	50 2	40 1	56 1	19 1	42 6	8 2	59 1	54 2	30 2	55 1	20 1	43 5	53 1
2 3	23 1	5 1	12 1	45 2	15 1	55 5	53 1	25 1	32 3	49 3	35 3	20 4	37 2	8 1	33 1	46 1	18 1	48 7	28 1	57 3	34 1	51 1	22 2	39 2	29 1	21 1	36 1	17 1	43 2	9 2	19 1	16 1	27 3	4 3	3 2	50 1	58 1	6 1	42 6	24 4	59 1	47 7	0 4	56 1	26 1	44 4	10 2	38 5	11 4	14 1	7 1	1 1	40 2	30 1	41 1	52 4	31 1	54 2	13 1
0 3	2 1	47 5	10 3	44 2	55 3	16 2	25 2	19 3	32 4	35 2	23 3	36 1	43 2	31 2	22 3	41 1	42 5	58 1	14 4	57 5	21 1	8 1	20 2	6 1	1 2	27 3	37 5	46 4	28 1	33 1	12 3	5 1	13 1	40 1	3 2	34 1	48 2	51 2	29 1	9 1	17 1	39 6	54 1	15 5	38 3	49 5	52 2	11 1	26 1	18 3	4 3	56 5	45 1	50 1	59 1	7 1	30 2	53 2	24 2
57 3	15 1	24 2	3 2	43 3	25 2	34 1	53 1	14 4	28 1	59 2	4 2	49 2	39 3	50 1	21 1	40 2	5 1	51 1	38 2	18 4	0 1	30 1	52 4	42 2	31 1	55 5	48 2	33 3	44 1	11 3	17 1	12 1	46 1	56 1	10 3	2 1	6 4	16 1	37 1	26 3	58 2	19 1	20 2	22 2	9 1	41 2	13 4	47 1	45 1	29 2	1 1	8 1	32 1	36 1	23 3	7 2	54 1	27 2	35 6
11 2	30 2	55 1	35 1	13 7	50 1	1 4	43 1	33 6	17 1	8 2	23 3	7 3	49 2	54 2	46 5	56 1	4 7	40 1	0 2	51 1	28 1	26 1	27 1	48 2	58 1	29 4	6 1	42 1	10 1	21 1	44 4	16 2	37 1	59 1	38 2	45 1	57 1	31 3	15 2	41 1	2 2	12 1	52 2	19 1	9 2	47 1	36 3	34 4	32 1	3 1	39 1	24 1	5 1	14 3	22 1	18 2	53 1	25 1	20 1
15 4	4 3	8 1	9 3	35 1	52 4	10 1	50 2	18 2	19 1	17 2	12 1	1 1	24 1	29 3	7 1	58 3	28 3	30 5	45 2	48 2	25 3	16 1	44 1	34 1	2 1	22 1	31 2	27 2	11 1	39 2	47 1	3 2	0 1	38 5	6 2	42 1	46 2	41 1	43 4	20 2	40 4	33 1	5 2	55 4	21 3	57 1	53 1	54 1	36 1	14 4	37 1	51 2	49 4	26 1	23 1	32 2	56 2	59 1	13 1
21 2	25 1	32 1	4 1	0 1	3 3	13 5	11 1	52 1	43 3	38 5	9 1	2 3	8 1	49 1	35 1	12 1	15 4	53 2	24 2	44 1	51 2	31 1	50 4	29 1	5 1	34 3	48 2	16 1	37 2	57 1	40 1	22 2	41 3	27 1	46 2	33 2	1 4	10 4	36 1	54 3	19 4	42 1	59 3	45 4	17 2	30 2	20 1	47 7	39 1	23 1	28 1	58 1	14 1	6 1	26 3	7 1	56 2	18 1	55 1
24 2	59 3	12 3	55 1	33 3	21 2	9 3	45 3	51 1	48 4	47 2	38 4	6 1	52 1	42 1	30 1	32 1	10 3	37 1	18 5	27 2	34 2	26 1	41 1	23 9	58 1	19 1	43 1	40 3	29 1	46 1	8 1	50 1	17 1	53 1	16 1	44 1	13 3	3 5	39 2	56 1	11 2	4 2	36 1	57 3	28 1	54 1	5 2	15 3	31 1	20 2	1 1	0 4	22 1	14 1	2 4	7 3	25 1	49 2	35 1
40 4	53 1	19 1	48 2	34 3	9 1	5 1	37 2	3 1	46 1	0 1	2 2	51 1	11 1	21 2	39 1	50 2	30 1	47 3	43 1	16 5	38 5	41 3	52 2	4 2	25 1	33 3	24 1	45 1	10 2	58 1	18 2	54 1	57 1	17 2	8 1	55 1	23 1	7 1	59 1	22 1	15 3	44 2	35 3	13 2	6 2	36 3	1 1	14 6	27 3	26 1	20 2	28 1	31 2	32 3	56 5	12 2	42 2	29 1	49 1
15 1	8 2	44 1	43 3	24 1	35 3	28 1	26 2	4 4	1 1	5 1	40 3	27 3	32 4	39 4	13 2	41 1	0 2	34 2	37 1	18 2	52 1	36 1	42 1	57 2	56 1	59 1	50 1	20 3	54 1	23 2	9 1	12 3	29 1	33 1	21 1	58 1	11 6	49 6	6 1	14 1	38 1	25 4	3 3	16 2	2 1	22 2	17 1	7 1	19 1	48 3	51 1	47 1	10 5	45 1	31 1	55 1	53 1	30 1	46 2
15 1	28 2	3 2	33 3	35 7	57 1	34 4	27 1	4 2	36 1	6 2	46 5	18 1	13 1	7 3	37 1	49 1	5 4	8 2	9 1	56 1	54 2	26 1	2 2	59 1	30 1	40 1	53 1	44 5	31 2	25 1	41 1	17 2	22 1	16 2	39 4	45 1	29 2	48 3	24 1	19 3	58 5	10 2	32 1	20 1	43 2	50 1	21 1	23 4	51 1	1 1	0 1	52 1	55 4	38 1	42 2	12 3	14 3	11 3	47 1
37 1	48 2	8 1	54 1	23 1	0 1	12 2	21 5	38 1	2 1	35 1	42 2	27 1	52 4	49 1	36 2	56 2	44 2	3 3	47 1	45 2	29 2	53 2	57 1	30 2	19 3	1 1	24 1	28 2	46 1	11 1	26 1	15 1	32 1	31 3	55 1	16 4	39 1	10 1	14 3	20 2	9 1	51 1	6 1	7 1	50 1	25 2	5 1	58 2	59 1	41 1	33 2	40 2	4 3	18 4	22 4	17 1	43 2	13 1	34 1
18 3	55 1	19 6	5 1	31 1	16 1	27 1	38 1	49 1	6 3	10 2	54 1	4 2	37 3	35 1	20 2	47 2	13 2	56 1	50 2	3 2	21 1	41 1	57 2	25 4	39 1	40 4	14 1	32 2	29 2	23 3	12 1	9 2	26 4	36 2	28 1	0 1	2 5	22 2	1 7	52 2	7 1	15 1	46 1	24 1	58 3	33 1	59 2	51 3	44 1	34 1	43 3	48 2	53 1	42 1	8 1	45 1	17 1	11 2	30 4
34 3	24 4	49 1	1 1	42 1	16 6	28 1	2 1	5 2	51 3	7 3	14 2	32 1	44 5	20 2	35 2	17 1	10 1	36 2	18 2	3 1	50 2	22 1	30 2	0 2	53 2	39 1	54 2	29 1	26 5	55 1	23 1	58 1	15 1	27 1	11 2	12 2	46 1	8 4	6 1	37 2	19 1	4 2	48 1	40 1	52 4	56 3	38 1	45 2	21 3	43 3	33 3	31 4	59 3	9 1	13 2	25 1	47 1	57 1	41 1
43 1	17 1	51 6	41 6	57 5	32 1	6 2	12 1	40 1	53 1	8 1	48 1	44 2	27 3	52 1	13 1	42 2	47 2	4 1	21 1	16 3	37 1	49 3	19 1	24 1	33 2	45 1	50 1	28 1	36 2	25 2	3 3	31 2	30 1	11 2	9 2	5 1	22 8	18 1	46 4	39 1	26 2	20 2	15 1	14 2	38 1	0 1	54 1	59 2	58 2	56 5	29 2	35 1	7 1	23 1	55 2	10 1	1 1	2 2	34 1
25 1	4 2	47 1	20 4	59 1	10 1	11 3	2 1	50 1	30 4	40 5	21 3	12 2	43 1	15 2	7 2	0 1	57 3	24 4	44 1	13 3	48 4	49 2	9 2	16 1	14 1	1 1	17 3	18 4	27 1	38 2	58 1	42 1	19 1	26 1	39 1	23 6	51 3	28 1	33 1	52 1	46 2	5 2	53 2	34 3	8 1	37 3	6 1	31 4	35 5	45 1	22 1	56 1	36 12	55 6	54 4	41 1	29 4	32 1	3 1
40 1	37 2	30 1	7 2	42 1	23 1	39 3	45 1	19 1	2 2	54 4	3 1	4 2	25 1	14 5	38 1	22 2	52 4	27 2	33 1	11 2	50 1	35 1	26 1	44 5	20 1	56 3	29 1	10 3	1 2	59 1	24 1	48 1	41 1	58 1	5 2	12 2	9 4	21 2	46 2	51 3	6 1	8 1	53 1	32 2	57 4	34 1	0 1	43 1	18 2	17 1	47 1	16 1	49 4	31 2	28 3	55 1	36 2	15 1	13 1
36 2	57 4	42 5	9 1	8 1	49 1	12 2	1 1	16 2	59 1	45 3	10 1	39 2	35 1	11 2	14 1	50 1	29 5	13 2	30 4	23 1	38 2	3 1	31 5	7 1	46 1	4 4	20 1	5 1	56 1	51 3	26 2	32 1	40 1	52 4	17 1	44 2	0 1	58 1	22 1	19 1	18 1	37 2	55 1	27 3	24 1	54 5	48 1	41 3	53 7	28 2	15 2	2 2	21 2	6 4	33 1	43 1	34 1	25 3	47 1
8 5	53 1	52 3	56 1	25 1	11 2	18 1	47 6	30 1	17 2	51 1	36 1	3 1	27 1	15 1	41 5	32 3	24 2	5 4	29 3	22 2	57 2	35 2	43 2	14 2	7 1	6 2	39 1	50 1	19 2	59 2	55 1	33 1	16 1	54 1	37 2	23 2	12 2	4 4	10 2	31 1	9 1	45 4	13 3	26 1	34 1	38 1	58 2	28 2	21 5	44 1	48 3	0 4	49 5	40 2	20 3	46 3	1 4	2 4	42 9
31 3	35 1	2 1	38 1	49 1	21 1	50 3	24 2	32 5	58 1	23 4	26 2	59 2	6 3	43 1	7 1	41 2	44 5	27 1	18 4	51 8	33 5	47 2	17 1	55 2	37 2	28 1	8 4	16 2	13 1	19 2	36 1	34 3	42 1	56 1	10 2	40 2	4 5	30 2	25 3	11 1	12 6	14 1	5 2	3 1	53 1	45 3	54 1	48 1	52 3	15 2	29 1	1 3	0 1	9 8	20 1	22 2	39 2	57 2	46 1
7 1	22 1	40 2	13 1	28 4	49 1	25 3	24 1	30 2	44 3	51 1	46 1	19 2	9 4	58 4	3 2	38 2	12 5	45 9	17 1	43 1	4 1	21 1	42 1	29 2	26 1	8 2	0 1	18 2	10 2	15 1	57 1	20 1	35 1	55 3	54 2	52 3	32 3	53 4	16 1	1 1	14 3	5 1	50 2	37 1	41 2	56 1	6 2	48 1	34 2	27 1	11 1	39 3	33 3	23 2	2 1	36 1	47 3	59 2	31 2
2 1	53 2	52 1	54 1	22 1	1 1	5 4	19 3	20 3	39 1	28 3	56 2	18 1	23 2	33 4	40 2	45 2	46 1	31 2	37 1	59 6	30 1	41 1	7 4	35 3	21 1	15 4	17 2	36 1	13 2	58 1	48 1	6 2	55 3	27 3	11 3	3 5	4 1	16 1	49 4	42 1	14 1	8 3	32 2	51 3	24 2	12 2	29 3	43 1	9 1	47 1	25 5	26 1	34 1	0 1	57 1	10 1	44 3	50 1	38 1
17 1	59 1	4 1	25 1	20 1	23 1	39 2	31 1	16 2	11 3	46 1	2 3	57 1	51 1	40 2	15 2	38 2	5 10	32 1	21 3	9 2	19 4	3 4	50 1	48 3	43 4	52 1	54 3	12 1	10 3	56 5	27 1	47 1	13 2	41 2	42 1	45 1	0 1	24 4	36 2	58 1	29 3	44 1	18 1	33 1	6 1	35 1	30 3	37 1	55 1	8 3	1 2	22 1	7 1	53 2	26 3	28 3	34 3	49 1	14 1
